  0.0639   0.2208  -0.1428  -0.2111  -0.0348   0.1055
  0.0638   0.1854  -0.1341  -0.1624  -0.0418   0.0362
 -0.0132   0.1895  -0.1987  -0.1550  -0.0873   0.1856
 -0.0339   0.1647  -0.2088  -0.1418  -0.1068  -0.0212
 -0.0323   0.2004  -0.2101  -0.1661  -0.0938   0.1736
 -0.0270   0.1621  -0.2044  -0.1583  -0.0976  -0.0315
 -0.0296   0.2069  -0.1997  -0.1300  -0.1024   0.1831
 -0.0277   0.1832  -0.1956  -0.1037  -0.0949   0.0615
 -0.0258   0.1798  -0.1954  -0.1278  -0.0935   0.1025
 -0.0199   0.1771  -0.1889  -0.1182  -0.0860   0.0712
 -0.0190   0.1967  -0.1977  -0.1366  -0.0763   0.1253
 -0.0223   0.1713  -0.1882  -0.1368  -0.0867   0.0542
 -0.0251   0.1665  -0.1856  -0.1183  -0.0878   0.0389
 -0.0463   0.1754  -0.2030  -0.1408  -0.1102   0.1082
 -0.0745   0.1461  -0.1819  -0.0704  -0.1505  -0.0571
 -0.1300   0.0276  -0.1880  -0.2723  -0.1496  -0.2181
 -0.1912   0.0958  -0.2446  -0.1968  -0.1413   0.3545
 -0.1619   0.1701  -0.2545  -0.1127  -0.1528   0.1547
 -0.1672   0.1004  -0.2652  -0.0747  -0.1516   0.0502
 -0.1687   0.0108  -0.2301  -0.1023  -0.1460  -0.1158
 -0.1605   0.1130  -0.2249  -0.1403  -0.1345   0.2130
 -0.1619   0.0613  -0.2261  -0.1025  -0.1304  -0.0441
 -0.2058   0.0454  -0.2673   0.1648  -0.1298  -0.1563
 -0.2630   0.0021  -0.3196   0.2881  -0.1662  -0.1176
 -0.3147  -0.1833  -0.3047   0.5683  -0.1903  -0.2801
 -0.2686  -0.0525  -0.3025   0.3416  -0.1719  -0.0144
 -0.3137  -0.1721  -0.3347   0.4811  -0.2107  -0.3272
 -0.3057  -0.0491  -0.3534   0.2701  -0.1798   0.0352
 -0.3412  -0.2487  -0.4753   0.8834  -0.2197  -0.4632
 -0.4002  -0.0553  -0.3521   0.2146  -0.1935   0.0499
 -0.3714  -0.2140  -0.4580   0.9927  -0.2986  -0.4766
 -0.4920  -0.0218  -0.3986   0.0437  -0.2571   0.0665
 -0.4454  -0.0329  -0.3629   0.1817  -0.2440  -0.1608
 -0.4302  -0.0305  -0.3535   0.3248  -0.2549  -0.1642
 -0.4265  -0.0409  -0.3462   0.2614  -0.2525  -0.1280
 -0.4303  -0.0034  -0.3378   0.2119  -0.2612  -0.0886
 -0.3323  -0.0651  -0.2632   0.2831  -0.1761  -0.1925
 -0.3102  -0.0467  -0.2625   0.1456  -0.1895  -0.0304
 -0.3166  -0.0251  -0.2523   0.1074  -0.1938  -0.0387
 -0.3161  -0.0248  -0.2460   0.1329  -0.1885  -0.0689
 -0.3111  -0.0413  -0.2438   0.1331  -0.1855  -0.0466
 -0.3069  -0.0460  -0.2395   0.1352  -0.1805  -0.0206
 -0.3104  -0.0173  -0.2416   0.1379  -0.1783  -0.0500
 -0.3129  -0.0326  -0.2456   0.1435  -0.1750  -0.0791
 -0.3134  -0.0310  -0.2363   0.1370  -0.1788  -0.0630
 -0.3152  -0.0273  -0.2384   0.1570  -0.1793  -0.0866
 -0.3156  -0.0609  -0.2413   0.1333  -0.1760  -0.0675
 -0.3101  -0.0606  -0.2401   0.1909  -0.1846  -0.0514
 -0.3237  -0.0698  -0.2307   0.1393  -0.1963  -0.0691
 -0.3227  -0.0814  -0.2321   0.1411  -0.1951  -0.0571
 -0.3213  -0.0431  -0.2394   0.1243  -0.1952   0.0172
 -0.3260  -0.0612  -0.2412   0.1265  -0.2030  -0.0869
 -0.3193  -0.0356  -0.2402   0.1291  -0.2060  -0.0164
 -0.3202  -0.0354  -0.2291   0.1290  -0.2011  -0.0737
 -0.3228  -0.0335  -0.2479   0.1359  -0.2004  -0.0466
 -0.3198  -0.0180  -0.2362   0.1330  -0.2034  -0.0267
 -0.3280  -0.0342  -0.2235   0.1480  -0.1967  -0.0996
 -0.3243  -0.0180  -0.2297   0.1537  -0.2009  -0.0505
 -0.3288  -0.0220  -0.2288   0.1432  -0.2021  -0.0864
 -0.3235  -0.0381  -0.2267   0.1711  -0.1967  -0.1113
 -0.3186  -0.0047  -0.2230   0.1363  -0.1961  -0.0223
 -0.3173  -0.0396  -0.2277   0.1558  -0.1853  -0.1124
 -0.2898  -0.0071  -0.2093   0.1170  -0.1687  -0.0141
 -0.2902  -0.0439  -0.1999   0.1460  -0.1663  -0.0972
 -0.2613  -0.0398  -0.1870   0.1145  -0.1422  -0.0006
 -0.2607  -0.0666  -0.1651   0.1317  -0.1332  -0.1240
 -0.2214  -0.0428  -0.1620   0.0758  -0.0963   0.0145
 -0.2354  -0.0664  -0.1517   0.1287  -0.1234  -0.1193
 -0.2094  -0.0542  -0.1349   0.1184  -0.1061  -0.0257
 -0.1847  -0.0587  -0.1292   0.0498  -0.0865   0.0050
 -0.1656  -0.0477  -0.1126   0.1235  -0.0656  -0.0382
 -0.1635  -0.0186  -0.1122   0.0779  -0.0684   0.0132
 -0.1643  -0.0465  -0.1085   0.1359  -0.0566  -0.0881
 -0.1347  -0.0430  -0.0923   0.0749  -0.0125   0.0018
 -0.0845  -0.0209  -0.0955   0.1520   0.0140  -0.1179
 -0.0648   0.0022  -0.0794   0.1323   0.0137  -0.0508
 -0.0664  -0.0364  -0.0748   0.1791   0.0224  -0.1172
 -0.0479   0.0009  -0.0823   0.1107   0.0563  -0.0053
 -0.0557  -0.0251  -0.0714   0.1602   0.0233  -0.1035
 -0.0216   0.0038  -0.0475   0.0545   0.0401   0.0250
 -0.0333  -0.0135  -0.0369   0.1294   0.0092  -0.0922
 -0.0153  -0.0142  -0.0335   0.0564   0.0327   0.0018
 -0.0184  -0.0837  -0.0242   0.0821   0.0134  -0.1257
 -0.0060  -0.0533  -0.0127   0.0409   0.0057   0.0388
 -0.0126  -0.0502  -0.0152   0.0296   0.0063  -0.0270
 -0.0179  -0.0208  -0.0104   0.0512  -0.0064  -0.0571
  0.0008   0.0306  -0.0127   0.0104  -0.0160   0.0470
 -0.0126   0.0705  -0.0466  -0.0031  -0.0221   0.0498
 -0.0126  -0.0430  -0.0022   0.0365  -0.0354  -0.0944
 -0.0003   0.0061   0.0137   0.0424  -0.0330   0.0764
  0.0015   0.0112   0.0123   0.0292  -0.0224   0.0119
 -0.0058   0.0165   0.0074   0.0487  -0.0201  -0.0008
 -0.0056   0.0178   0.0050   0.0273  -0.0269   0.0348
 -0.0086  -0.0009   0.0108   0.0580  -0.0401  -0.0470
 -0.0025  -0.0234   0.0091   0.0214  -0.0339   0.0062
 -0.0004   0.0323   0.0092   0.0266  -0.0423   0.0801
 -0.0072   0.0117   0.0092   0.0309  -0.0447  -0.0265
  0.0001   0.0108   0.0133   0.0085  -0.0446   0.0428
 -0.0086  -0.0074   0.0144   0.0151  -0.0355  -0.0491
 -0.0005   0.0074   0.0179   0.0093  -0.0407   0.0505
  0.0012   0.0022   0.0245   0.0503  -0.0367  -0.0228
  0.0158   0.0157   0.0231  -0.0015  -0.0136   0.0527
  0.0022  -0.0106   0.0340   0.0604  -0.0304  -0.0507
  0.0132  -0.0108   0.0262   0.0188  -0.0164   0.0472
  0.0037  -0.0654   0.0318   0.0616  -0.0271  -0.0946
  0.0129  -0.0336   0.0369   0.0320  -0.0253   0.0650
  0.0086  -0.0461   0.0318  -0.0059  -0.0280   0.0055
  0.0046   0.0198   0.0304  -0.0676  -0.0410   0.0167
 -0.0730   0.0616   0.0010  -0.1138  -0.0749   0.1413
  0.0117  -0.0059   0.0560  -0.0738  -0.0176  -0.0072
  0.0275   0.0633   0.0487  -0.0496  -0.0090   0.0685
  0.0325   0.0685   0.0561  -0.0559  -0.0135   0.0657
  0.0277   0.0440   0.0612  -0.0393  -0.0255  -0.0205
  0.0299   0.0521   0.0589  -0.0333  -0.0119   0.0216
  0.0205   0.0585   0.0634  -0.0552  -0.0257   0.0523
  0.0327   0.0470   0.0718  -0.0394  -0.0224  -0.0153
  0.0335   0.0482   0.0609  -0.0491  -0.0130   0.0545
  0.0352   0.0314   0.0678  -0.0697  -0.0160   0.0179
  0.0358   0.0393   0.0690  -0.0608  -0.0232   0.0221
  0.0346   0.0604   0.0679  -0.0527  -0.0174   0.0652
  0.0254   0.0404   0.0602  -0.0436  -0.0233  -0.0293
  0.0311   0.0336   0.0725  -0.0631  -0.0389  -0.0005
  0.0390   0.0526   0.0735  -0.0759  -0.0267   0.0612
  0.0334   0.0334   0.0769  -0.0760  -0.0294  -0.0062
  0.0429   0.0478   0.0766  -0.0611  -0.0180   0.0322
  0.0431   0.0583   0.0763  -0.0843  -0.0115   0.0443
  0.0425   0.0284   0.0749  -0.0624  -0.0225  -0.0159
  0.0519   0.0541   0.0762  -0.0951  -0.0068   0.0852
  0.0490   0.0333   0.0763  -0.0556  -0.0125  -0.0069
  0.0573   0.0465   0.0937  -0.0740  -0.0086   0.0835
  0.0485   0.0170   0.0946  -0.0309  -0.0219  -0.0397
  0.0601   0.0241   0.0789  -0.0578   0.0030   0.0649
  0.0543  -0.0244   0.0911  -0.0621  -0.0042  -0.0191
  0.0650  -0.0092   0.0839  -0.0160   0.0120   0.0267
  0.0651   0.0137   0.0908  -0.0655   0.0174   0.0900
  0.0424  -0.0139   0.0804  -0.0374   0.0087  -0.0009
  0.0603  -0.0061   0.0947  -0.0500   0.0158   0.0466
  0.0643  -0.0151   0.0993  -0.0887   0.0262   0.0383
  0.0724  -0.0192   0.0918  -0.0331   0.0375   0.0085
  0.0723  -0.0057   0.0997  -0.0546   0.0275   0.0640
  0.0740  -0.0189   0.1019  -0.0400   0.0281  -0.0106
  0.0812  -0.0153   0.1118  -0.0196   0.0289   0.0219
  0.0760  -0.0055   0.1183  -0.0414   0.0011   0.0453
  0.0907  -0.0322   0.1324  -0.0221   0.0131  -0.0169
  0.1006   0.0102   0.1286  -0.0532   0.0326   0.1119
  0.1014  -0.0043   0.1358  -0.0318   0.0329  -0.0135
  0.1090   0.0115   0.1287  -0.0229   0.0519   0.0558
  0.1018   0.0261   0.1347  -0.0664   0.0401   0.0342
  0.1060  -0.0086   0.1244  -0.0256   0.0445  -0.0166
  0.1185   0.0112   0.1314  -0.0907   0.0728   0.0717
  0.1141  -0.0101   0.1194  -0.0412   0.0684  -0.0194
  0.1355   0.0093   0.1268  -0.1002   0.0946   0.0943
  0.1144  -0.0237   0.1219  -0.0072   0.0675  -0.0629
  0.1272  -0.0231   0.1378  -0.0964   0.0930   0.0643
  0.1057  -0.0457   0.1165  -0.0055   0.0768  -0.0176
  0.1298   0.0057   0.1342  -0.0975   0.0917   0.1147
  0.1144  -0.0212   0.1174  -0.0358   0.0811  -0.0301
  0.1337   0.0117   0.1222  -0.0869   0.1012   0.0910
  0.1291  -0.0175   0.1215  -0.0370   0.0908  -0.0314
  0.1394   0.0002   0.1208  -0.0804   0.1020   0.0656
  0.1295  -0.0443   0.1312  -0.0675   0.0819  -0.0595
  0.1401  -0.0140   0.1207  -0.0896   0.1052   0.0916
  0.1278  -0.0088   0.1348  -0.0671   0.0842  -0.0275
  0.1453   0.0083   0.1316  -0.0281   0.1025   0.0742
  0.1482   0.0176   0.1337  -0.0598   0.0986   0.0405
  0.1567   0.0112   0.1264  -0.0254   0.1089   0.0152
  0.1467   0.0158   0.1236  -0.0600   0.1069   0.0094
  0.1499   0.0210   0.1274  -0.0539   0.1093   0.0291
  0.1440  -0.0288   0.1245  -0.0087   0.1061  -0.0685
  0.1497   0.0059   0.1169  -0.0514   0.1106   0.0588
  0.1433  -0.0165   0.1236  -0.0266   0.1032  -0.0383
  0.1628   0.0230   0.1334  -0.0569   0.1174   0.0747
  0.1528  -0.0141   0.1290  -0.0268   0.1074  -0.0388
  0.1595  -0.0002   0.1284  -0.0548   0.1219   0.0586
  0.1463  -0.0301   0.1227  -0.0501   0.1176  -0.0293
  0.1501   0.0052   0.1298  -0.0712   0.1254   0.0586
  0.1516  -0.0313   0.1261  -0.0561   0.1207  -0.0389
  0.1580  -0.0259   0.1280  -0.0542   0.1269   0.0198
  0.1572  -0.0611   0.1321  -0.0897   0.1243  -0.0445
  0.1566  -0.0593   0.1308  -0.0805   0.1302   0.0050
  0.1592  -0.0179   0.1293  -0.1235   0.1396   0.0855
  0.1517  -0.0490   0.1286  -0.0665   0.1296  -0.0451
  0.1617   0.0035   0.1258  -0.0633   0.1353   0.0974
  0.1611   0.0017   0.1412  -0.0245   0.1196  -0.0152
  0.1701   0.0121   0.1341  -0.0494   0.1250   0.0490
  0.1554  -0.0352   0.1225  -0.0680   0.1181  -0.0107
  0.1626  -0.0196   0.1363  -0.0468   0.1193   0.0302
  0.1534  -0.0066   0.1169  -0.0838   0.1318   0.0388
  0.1579  -0.0285   0.1256  -0.0128   0.1262  -0.0305
  0.1155   0.0422   0.1299  -0.0453   0.1042  -0.0017
  0.1280   0.0057   0.1522  -0.0104   0.1117  -0.0597
  0.1589   0.0130   0.1344  -0.0682   0.1315   0.0632
  0.1693  -0.0070   0.1589  -0.0233   0.1281  -0.0309
  0.1809   0.0193   0.1601  -0.0695   0.1383   0.1032
  0.1703  -0.0066   0.1529  -0.0388   0.1328  -0.0224
  0.1756   0.0120   0.1502  -0.0515   0.1356   0.0511
  0.1793  -0.0095   0.1566  -0.0754   0.1407  -0.0037
  0.1758  -0.0025   0.1585  -0.0627   0.1454   0.0380
  0.1770  -0.0403   0.1596  -0.1331   0.1454  -0.0111
  0.1753  -0.0400   0.1563  -0.0960   0.1552   0.0155
  0.1868   0.0205   0.1560  -0.1318   0.1565   0.1077
  0.1783  -0.0106   0.1574  -0.0663   0.1372  -0.0400
  0.1854   0.0075   0.1658  -0.0661   0.1353   0.0409
  0.1784  -0.0057   0.1637  -0.0655   0.1358  -0.0108
  0.1742   0.0080   0.1535  -0.0611   0.1473   0.0303
  0.1766   0.0022   0.1567  -0.0751   0.1463  -0.0008
  0.1785   0.0133   0.1672  -0.0754   0.1460   0.0359
  0.1705  -0.0157   0.1630  -0.0611   0.1473  -0.0209
  0.1787   0.0024   0.1628  -0.0736   0.1535   0.0440
  0.1698  -0.0368   0.1640  -0.0639   0.1509  -0.0318
  0.1803   0.0144   0.1581  -0.0988   0.1566   0.1164
  0.1868  -0.0822   0.1752   0.0144   0.1538  -0.1241
  0.1744  -0.0370   0.1550  -0.1253   0.1573   0.0884
  0.1771  -0.0746   0.1600  -0.1002   0.1517  -0.0401
  0.1860   0.0041   0.1555  -0.1433   0.1601   0.1575
  0.1790  -0.0275   0.1564  -0.0900   0.1496  -0.0374
  0.1770  -0.0023   0.1559  -0.1298   0.1490   0.0786
  0.1803  -0.0310   0.1662  -0.0517   0.1436  -0.0649
  0.1830  -0.0029   0.1646  -0.1350   0.1468   0.0999
  0.1851  -0.0219   0.1737  -0.0716   0.1439  -0.0277
  0.1793  -0.0134   0.1609  -0.1239   0.1469   0.0502
  0.1785  -0.0118   0.1627  -0.0537   0.1530  -0.0078
  0.1785  -0.0176   0.1689  -0.0796   0.1491   0.0271
  0.1852  -0.0140   0.1680  -0.0497   0.1504   0.0205
  0.1803  -0.0368   0.1731  -0.0722   0.1463  -0.0219
  0.1778  -0.0436   0.1704  -0.0546   0.1537  -0.0075
  0.1735  -0.0551   0.1659  -0.1158   0.1504   0.0300
  0.1776  -0.0288   0.1672  -0.1050   0.1535   0.0621
  0.1770  -0.0550   0.1757  -0.0689   0.1509  -0.0390
  0.1764  -0.0513   0.1648  -0.1026   0.1584   0.0618
  0.1787  -0.0424   0.1705  -0.1113   0.1547   0.0113
  0.1848  -0.0226   0.1796  -0.1051   0.1552   0.0674
  0.1775  -0.0487   0.1726  -0.0991   0.1537  -0.0182
  0.1807  -0.0160   0.1739  -0.1155   0.1594   0.0843
  0.1810  -0.0515   0.1736  -0.0929   0.1558  -0.0253
  0.1836  -0.0183   0.1792  -0.1371   0.1652   0.0831
  0.1836  -0.0627   0.1745  -0.0839   0.1624  -0.0395
  0.1844  -0.0380   0.1773  -0.1047   0.1652   0.0585
  0.1849  -0.0666   0.1781  -0.1238   0.1560  -0.0074
  0.1875  -0.0261   0.1696  -0.1433   0.1661   0.1045
