 -0.0085   0.0547   0.4388   0.0063   0.0228  -0.0264
 -0.0138   0.0697   0.4223   0.0275   0.0138  -0.0843
  0.0064   0.0786   0.3886   0.0634   0.0338  -0.0800
  0.0276   0.0243   0.4103   0.1027   0.0569  -0.0688
  0.0344   0.0215   0.3831   0.0618   0.0402  -0.0701
  0.0553   0.0367   0.2881  -0.0043   0.0603  -0.0027
  0.0537   0.0053   0.3129   0.1033   0.0846  -0.0255
 -0.0321  -0.0266   0.3509   0.0049   0.0655   0.0130
 -0.0623  -0.1353   0.2801   0.0113  -0.1181  -0.0549
 -0.0931  -0.0483   0.2488  -0.0368  -0.1253   0.0038
 -0.0194   0.0127   0.2437   0.0029   0.0320  -0.0504
  0.0090  -0.0039   0.2355   0.1388   0.0946   0.0496
  0.0240  -0.0320   0.2465   0.0627   0.0942  -0.0069
 -0.0336  -0.0133   0.2428   0.0222  -0.0541  -0.0071
 -0.0128   0.0036   0.2705   0.0321  -0.0490  -0.0272
 -0.0544  -0.0264   0.2153   0.0123  -0.0038  -0.0165
 -0.0527   0.0518   0.1916   0.0186   0.0064  -0.0099
 -0.0151   0.0325   0.1573   0.0034  -0.0276   0.0010
 -0.1049  -0.2258   0.0745   0.0252  -0.1359   0.0026
 -0.1573  -0.1501   0.0413  -0.0184  -0.1505   0.0072
 -0.0695   0.0518   0.0279  -0.0252  -0.0790  -0.0123
 -0.0604   0.0012  -0.0020  -0.0629  -0.0647   0.0045
 -0.0846   0.0942  -0.0201   0.0175  -0.0903  -0.0047
 -0.0366   0.0404  -0.0322   0.0020  -0.0172   0.0097
 -0.0507   0.0349  -0.0059  -0.0017  -0.0530   0.0258
 -0.0805   0.0651   0.0051  -0.0296  -0.0939  -0.0256
 -0.0403   0.0823   0.0134  -0.0452  -0.0565  -0.0536
 -0.0727   0.1150   0.0358  -0.0128   0.0424  -0.0533
 -0.0192   0.0989   0.0288   0.0020  -0.0032  -0.0394
 -0.0846   0.1259   0.0207   0.0126  -0.0210  -0.0484
 -0.0847   0.0864   0.0134  -0.0731   0.0450  -0.0510
 -0.0424   0.0944   0.0273   0.0429  -0.0468  -0.0361
 -0.0377   0.0891   0.0061   0.0555   0.0361  -0.0284
 -0.0624   0.0954   0.0015   0.0402   0.0208  -0.0148
 -0.0590   0.0496   0.0057   0.0476   0.0288  -0.0005
 -0.0837   0.0593   0.0383   0.0168   0.0074  -0.0011
 -0.0818   0.0596   0.0216   0.0133  -0.0239  -0.0200
 -0.0448   0.0571   0.0314  -0.0003  -0.0415  -0.0054
 -0.0576   0.0789   0.0184   0.0449  -0.0057  -0.0135
 -0.0720   0.1030   0.0111   0.0380  -0.0097   0.0072
 -0.0851   0.0759  -0.0051   0.0490  -0.0090   0.0110
 -0.0967   0.0313   0.0286   0.0472  -0.0119   0.0181
 -0.0454   0.0134  -0.0071   0.0476  -0.0271   0.0261
 -0.0457   0.0242   0.0276   0.0562  -0.0296   0.0408
 -0.0687  -0.0076   0.0145   0.0394  -0.0100  -0.0071
 -0.0530  -0.1021  -0.1246   0.0703  -0.0120   0.0207
  0.0306  -0.2436  -0.0932   0.1528   0.0445   0.0649
 -0.0377  -0.1075  -0.0196   0.1503   0.0081  -0.0028
 -0.0255  -0.0520  -0.0052   0.0598   0.0116   0.0101
 -0.0499  -0.0218   0.0344   0.0311  -0.0221  -0.0018
 -0.0393   0.0375   0.0141   0.0501  -0.0138   0.0097
 -0.0018   0.0092   0.0314   0.0447   0.0316   0.0224
 -0.0478   0.0274   0.0398   0.0642   0.0510   0.0232
 -0.0068  -0.0262   0.0109   0.0868   0.0673  -0.0165
  0.0023  -0.0269   0.0594   0.0920   0.0580  -0.0120
 -0.0176  -0.0348   0.0644   0.0635   0.0290  -0.0191
 -0.0038   0.0254   0.0479   0.0636   0.0351  -0.0066
  0.0187  -0.0504  -0.0670   0.1058   0.0061   0.0470
  0.0620  -0.0715  -0.1005   0.2253   0.0245   0.0803
  0.0451  -0.0647  -0.0235   0.2245   0.0179   0.0240
 -0.0070  -0.0163  -0.0141   0.0542   0.0118   0.0337
  0.0090   0.0026   0.0246   0.0162  -0.0222  -0.0311
 -0.0986   0.0378   0.0368  -0.0308  -0.0484  -0.0585
 -0.0635   0.0284   0.0774  -0.0045   0.0115  -0.0393
  0.0164   0.0266   0.0702   0.1361   0.0239  -0.0284
  0.0068  -0.0025   0.1034   0.1119   0.0047  -0.0230
  0.0077  -0.0391   0.0424   0.0673  -0.0053  -0.0259
  0.0085  -0.0367   0.0592   0.1041   0.0385  -0.0026
 -0.0132  -0.0649   0.0707   0.1003   0.0028  -0.0088
 -0.0349  -0.1233   0.0906   0.1087  -0.0289  -0.0027
 -0.0273  -0.0952   0.0451   0.1319  -0.0366   0.0226
  0.0733  -0.1554   0.1193   0.1859   0.0942   0.0508
 -0.0109  -0.2080   0.0266   0.1448  -0.0114   0.0695
  0.0377  -0.0966   0.1067   0.1203  -0.0387   0.0352
 -0.0170  -0.0864   0.1282   0.0531   0.0415  -0.0804
  0.0393  -0.0940   0.0735   0.0840   0.0051  -0.0635
  0.0597  -0.0183  -0.0075   0.1547   0.0223  -0.0564
 -0.0073  -0.0816  -0.0963   0.2336  -0.0538  -0.0002
 -0.0359  -0.1994  -0.0534   0.0377  -0.0971  -0.0368
  0.0618  -0.1344  -0.0425   0.0160   0.0151  -0.0203
  0.0892  -0.1183  -0.0079   0.1484   0.0912  -0.0045
  0.0648  -0.1065  -0.0257   0.0835   0.0166   0.0052
 -0.0116  -0.0134  -0.0471  -0.0612   0.0381  -0.0238
 -0.0807  -0.0239   0.0358  -0.0779  -0.0008  -0.0369
 -0.0024   0.0465  -0.1800   0.1355  -0.1626   0.0637
 -0.0978   0.0222  -0.1857   0.1387  -0.2131   0.0769
 -0.0919  -0.0463  -0.2077   0.0022  -0.1010   0.0378
  0.0527  -0.0344  -0.1977   0.1008  -0.0639   0.0601
 -0.0182   0.0103  -0.1249  -0.0344  -0.0828   0.0281
 -0.0237  -0.0126  -0.1507  -0.0726  -0.0767   0.0207
 -0.0043  -0.0364  -0.2011   0.0084  -0.0116   0.0784
  0.0351  -0.0112  -0.1706  -0.1568  -0.0022   0.0091
  0.0040  -0.0107  -0.1777  -0.1541  -0.0698   0.0259
  0.0553  -0.0106  -0.1481  -0.1528  -0.0643   0.0469
  0.0390   0.0053  -0.1413  -0.1821  -0.0206   0.0326
  0.0464   0.0385  -0.1600  -0.2964  -0.0300   0.0505
  0.0647   0.0411  -0.1821  -0.2172   0.0018   0.0661
  0.0765   0.0448  -0.1747  -0.1440   0.0070   0.0380
  0.0795   0.0210  -0.1968  -0.2127  -0.0477   0.0666
  0.0838   0.0416  -0.2664  -0.1925  -0.0614   0.0747
  0.1087   0.0376  -0.2534  -0.0754   0.0277   0.0617
  0.1026   0.0415  -0.2081  -0.1511   0.0542   0.0639
  0.0552   0.0477  -0.2327  -0.2518   0.0109   0.0347
  0.0484   0.0033  -0.2211  -0.2660   0.0116   0.0276
  0.2084   0.0047  -0.1775  -0.1087   0.1606   0.0817
  0.1757  -0.0191  -0.1652  -0.1510   0.1223   0.0712
  0.0985   0.0415  -0.2198  -0.2954  -0.0447   0.0096
  0.1267   0.0340  -0.2485  -0.1303   0.0785   0.0165
  0.1164   0.0841  -0.2246  -0.1323   0.1310  -0.0134
  0.0533  -0.0027  -0.2613  -0.1701   0.0742   0.0311
 -0.0177  -0.0589  -0.2489  -0.1763  -0.0805   0.0656
 -0.0334   0.0536  -0.1588  -0.3908  -0.2340   0.0138
  0.0612   0.0965  -0.1358  -0.3475  -0.0809  -0.0608
  0.0611   0.1030  -0.1391  -0.2526   0.0464   0.0193
  0.0962   0.1109  -0.1441  -0.2324   0.0691   0.0300
  0.0851   0.0531  -0.1346  -0.2417   0.0072   0.0528
  0.0869   0.0740  -0.1408  -0.2361   0.0105   0.0512
  0.0900   0.0917  -0.1206  -0.2996  -0.0191  -0.0076
  0.1348   0.0881  -0.1654  -0.3007  -0.0092  -0.0005
  0.0970   0.1612  -0.1959  -0.2472  -0.0271  -0.0030
