 -0.0468  -0.0446  -0.0412  -0.1458  -0.0187   0.0249
 -0.0218  -0.0590  -0.0441  -0.2421   0.0016  -0.0415
 -0.0111  -0.0664  -0.0307  -0.1254  -0.0014   0.0208
 -0.0055  -0.0581  -0.0411  -0.1253   0.0109   0.0483
 -0.0027  -0.0604  -0.0304  -0.0762  -0.0017  -0.0141
 -0.0069  -0.0446  -0.0384  -0.0865   0.0067   0.0503
  0.0023  -0.0699  -0.0250  -0.0830   0.0013  -0.0216
  0.0028  -0.0468  -0.0370  -0.0784  -0.0024   0.0471
  0.0113  -0.0890  -0.0277  -0.1086  -0.0071  -0.0299
  0.0040  -0.0391  -0.0413  -0.0834   0.0002   0.0443
 -0.0111  -0.1112  -0.0334  -0.0948  -0.0197  -0.0599
 -0.0116  -0.0411  -0.0340  -0.0997  -0.0112   0.0404
 -0.0025  -0.0855  -0.0284  -0.1025  -0.0080  -0.0153
  0.0009  -0.0304  -0.0323  -0.0861  -0.0051   0.0090
  0.0043  -0.0801  -0.0323  -0.1245  -0.0060  -0.0182
  0.0028  -0.0336  -0.0278  -0.0795  -0.0081  -0.0075
  0.0056  -0.0554  -0.0341  -0.1133  -0.0036   0.0004
  0.0037  -0.0519  -0.0281  -0.0953  -0.0091   0.0019
  0.0071  -0.0279  -0.0413  -0.1009  -0.0026   0.0393
  0.0061  -0.0499  -0.0281  -0.0968  -0.0059  -0.0160
  0.0090  -0.0493  -0.0273  -0.0697  -0.0051  -0.0154
  0.0007  -0.0516  -0.0342  -0.0987  -0.0042   0.0299
 -0.0013  -0.0479  -0.0285  -0.0767  -0.0070  -0.0259
  0.0020  -0.0230  -0.0373  -0.1021   0.0002   0.0387
  0.0052  -0.0805  -0.0271  -0.0576  -0.0045  -0.0210
  0.0027  -0.0126  -0.0350  -0.0933  -0.0016   0.0360
  0.0079  -0.0714  -0.0231  -0.0737  -0.0045  -0.0199
  0.0055   0.0031  -0.0344  -0.0645  -0.0059   0.0166
  0.0099  -0.0661  -0.0253  -0.0938  -0.0031  -0.0127
  0.0053  -0.0503  -0.0238  -0.0671  -0.0064  -0.0138
  0.0124  -0.0541  -0.0299  -0.0811   0.0006   0.0238
  0.0180  -0.0761  -0.0116  -0.0783  -0.0064  -0.0312
  0.0119  -0.0270  -0.0326  -0.0723  -0.0074   0.0403
  0.0187  -0.0605  -0.0169  -0.0701  -0.0126  -0.0369
  0.0185  -0.0365  -0.0293  -0.0735  -0.0107   0.0297
  0.0202  -0.0217  -0.0286  -0.1122  -0.0053  -0.0098
  0.0124  -0.0432  -0.0284  -0.0974  -0.0081  -0.0181
  0.0121  -0.0113  -0.0317  -0.1121  -0.0043  -0.0048
  0.0193  -0.0706  -0.0146  -0.0846  -0.0015  -0.0351
  0.0153  -0.0101  -0.0207  -0.0883  -0.0005   0.0116
  0.0217  -0.0760  -0.0166  -0.1013  -0.0002  -0.0217
  0.0136  -0.0167  -0.0273  -0.1013  -0.0014  -0.0025
  0.0233  -0.0605  -0.0119  -0.0885  -0.0038  -0.0402
  0.0199  -0.0408  -0.0175  -0.0814  -0.0011   0.0154
  0.0235  -0.0694  -0.0148  -0.1021   0.0113  -0.0361
  0.0210  -0.0523  -0.0195  -0.1092   0.0080   0.0055
  0.0251  -0.0511  -0.0081  -0.0964   0.0059  -0.0327
  0.0185  -0.0163  -0.0198  -0.1188   0.0074  -0.0040
  0.0245  -0.0443  -0.0037  -0.0845   0.0076  -0.0303
  0.0166  -0.0446  -0.0184  -0.1169   0.0080   0.0065
  0.0230  -0.0776  -0.0165  -0.0759   0.0006  -0.0364
  0.0453  -0.0817  -0.0220  -0.0974   0.0044   0.0246
 -0.1426   0.4205  -0.0615  -0.3875  -0.1046   0.1036
 -0.0405   0.0150  -0.0568  -0.1322  -0.0421  -0.1154
 -0.0845   0.1423  -0.0451   0.3704  -0.1129  -0.1462
 -0.0648   0.0052   0.0337   0.9760  -0.1438   0.0624
 -0.0738  -0.0606  -0.0312   0.5014  -0.0619   0.1552
  0.0158  -0.0798  -0.0634   0.3688  -0.0247   0.2266
 -0.0766  -0.2168  -0.0146   0.2308  -0.0447   0.0527
 -0.0779  -0.1452  -0.0041   0.2191  -0.0399   0.0177
 -0.0427  -0.1408  -0.0154   0.1458  -0.0236   0.0855
 -0.0247  -0.1511   0.0036   0.1128  -0.0128   0.0331
 -0.0009  -0.1119  -0.0084   0.1633   0.0110   0.0811
  0.0022  -0.1366  -0.0002   0.1283   0.0113   0.0228
  0.0005  -0.1201   0.0017   0.1586   0.0018   0.0406
  0.0083  -0.1347  -0.0108   0.1617   0.0020   0.0625
  0.0080  -0.1463   0.0070   0.1349  -0.0017   0.0414
  0.0096  -0.1454   0.0020   0.2124   0.0001   0.0367
  0.0044  -0.1487   0.0068   0.1539   0.0085   0.0639
  0.0113  -0.1596   0.0132   0.1575   0.0134   0.0418
 -0.0065  -0.1204  -0.0066   0.1573  -0.0091   0.0813
  0.0003  -0.1799   0.0044   0.1542  -0.0050   0.0409
  0.0052  -0.1304   0.0081   0.1514  -0.0008   0.0518
  0.0182  -0.1694   0.0247   0.0951   0.0090   0.0628
  0.0350  -0.1605   0.0405   0.1508   0.0215   0.0333
  0.0236  -0.1492   0.0339   0.1177   0.0072   0.0687
  0.0244  -0.1340   0.0304   0.1031   0.0031   0.0205
  0.0327  -0.1543   0.0364   0.1290   0.0024   0.0519
  0.0287  -0.1724   0.0364   0.1007  -0.0034   0.0137
  0.0270  -0.1154   0.0315   0.0986  -0.0009   0.0585
  0.0214  -0.1571   0.0342   0.1104  -0.0024   0.0168
  0.0233  -0.1463   0.0346   0.1299   0.0042   0.0493
  0.0225  -0.1731   0.0310   0.0899   0.0070   0.0247
  0.0310  -0.1307   0.0319   0.1094   0.0060   0.0282
  0.0178  -0.1851   0.0278   0.0918   0.0029   0.0125
  0.0228  -0.1092   0.0249   0.0620   0.0066   0.0153
  0.0335  -0.1472   0.0319   0.0467   0.0102   0.0120
  0.0218  -0.1103   0.0240   0.0565   0.0189   0.0061
  0.0195  -0.1495   0.0454   0.1003   0.0053  -0.0221
  0.0264  -0.0960   0.0206   0.0549   0.0035   0.0144
  0.0024  -0.1243   0.0349   0.0662  -0.0249  -0.0263
  0.0062  -0.1075   0.0324   0.0692  -0.0103   0.0226
  0.0004  -0.0989   0.0237   0.1091  -0.0233  -0.0247
  0.0029  -0.0773   0.0313   0.0560  -0.0117   0.0499
 -0.0051  -0.1146   0.0222   0.1488  -0.0030  -0.0253
  0.0011  -0.0298   0.0202   0.0757  -0.0093   0.0367
 -0.0023  -0.0518   0.0324   0.0960  -0.0111  -0.0305
  0.0018  -0.0063   0.0146   0.0894  -0.0050   0.0518
  0.0027  -0.0812   0.0230   0.0601   0.0004   0.0035
  0.0019  -0.0117   0.0109   0.0795  -0.0027   0.0432
  0.0044  -0.0592   0.0161   0.0716  -0.0075   0.0027
 -0.0039   0.0006   0.0027   0.0952  -0.0091   0.0580
 -0.0006  -0.0354   0.0171   0.0813  -0.0109   0.0070
 -0.0005  -0.0130   0.0167   0.1048  -0.0209   0.0319
  0.0051   0.0148   0.0044   0.0007  -0.0204   0.0336
 -0.0054  -0.0031   0.0197   0.0778  -0.0231   0.0070
 -0.0002   0.0154   0.0118   0.0151  -0.0218   0.0120
 -0.0079   0.0119   0.0145   0.0537  -0.0260   0.0028
 -0.0133   0.0048   0.0118  -0.0393  -0.0459   0.0009
 -0.0019  -0.0179   0.0167   0.0250  -0.0252   0.0014
  0.0012  -0.0351   0.0275   0.0782  -0.0187  -0.0380
 -0.0026  -0.0077   0.0097   0.0581  -0.0217   0.0138
 -0.0004  -0.0147   0.0298   0.0882  -0.0186  -0.0235
 -0.0076  -0.0193   0.0262   0.0897  -0.0172   0.0076
  0.0009  -0.0183   0.0169   0.0613  -0.0048   0.0111
  0.0031  -0.0295   0.0128   0.1041  -0.0133   0.0172
  0.0020   0.0127   0.0105   0.0503  -0.0028   0.0314
 -0.0005  -0.0333   0.0208   0.0857  -0.0126  -0.0198
  0.0063   0.0220   0.0101   0.0561  -0.0035   0.0406
 -0.0009  -0.0146   0.0225   0.0672  -0.0112  -0.0071
  0.0067   0.0552   0.0012   0.0055  -0.0161   0.0194
 -0.0129   0.0494   0.0009  -0.0485  -0.0242  -0.0069
 -0.0101   0.0161   0.0184   0.0438  -0.0253  -0.0400
  0.0002   0.0243   0.0213   0.0109  -0.0156   0.0053
  0.0043  -0.0365   0.0170   0.0524  -0.0039  -0.0314
 -0.0032  -0.0165   0.0153   0.0448  -0.0083   0.0201
 -0.0091  -0.0193   0.0224   0.0606  -0.0083  -0.0430
 -0.0124   0.0060   0.0106   0.0527  -0.0084   0.0057
 -0.0015   0.0214   0.0179   0.0207  -0.0008  -0.0023
 -0.0005   0.0220   0.0213   0.0597  -0.0075  -0.0097
 -0.0052   0.0644   0.0114  -0.0134  -0.0035   0.0160
  0.0077   0.0610  -0.0003  -0.0175  -0.0146  -0.0181
 -0.0057   0.0497   0.0076  -0.0577  -0.0209  -0.0066
 -0.0092   0.0548  -0.0014  -0.0531  -0.0438  -0.0475
 -0.0065   0.0453   0.0143  -0.0429  -0.0415  -0.0338
 -0.0123   0.0565   0.0248   0.0015  -0.0248  -0.0316
  0.0072   0.0379   0.0186   0.0385   0.0102  -0.0251
  0.0068   0.0527   0.0040  -0.0251   0.0380  -0.0355
  0.0073   0.0341   0.0247  -0.0343   0.0499  -0.0347
  0.0193   0.0518  -0.0112   0.0083   0.0840  -0.0355
  0.0138   0.0033   0.0057   0.0758   0.0247  -0.0308
 -0.0014   0.0403   0.0147   0.0392   0.0224   0.0137
 -0.0023  -0.0364   0.0186   0.0823   0.0153  -0.0307
  0.0034   0.0229   0.0166   0.0066   0.0274   0.0000
 -0.0057  -0.0286   0.0167   0.0545   0.0182  -0.0362
  0.0077   0.0416  -0.0010   0.0079   0.0502   0.0220
 -0.0003   0.0104   0.0064   0.0181   0.0271  -0.0230
 -0.0026   0.0775  -0.0041   0.0455   0.0297   0.0299
 -0.0052   0.0420  -0.0026   0.0018   0.0274  -0.0053
  0.0125   0.1064  -0.0153  -0.0079   0.0336   0.0236
  0.0079   0.0457   0.0027   0.0426   0.0162   0.0045
  0.0056   0.1098  -0.0101  -0.0360   0.0335   0.0139
 -0.0036   0.0380   0.0140   0.0856   0.0140  -0.0382
  0.0007   0.1162   0.0120  -0.0663   0.0483   0.0044
  0.0013   0.0580   0.0075   0.0540   0.0169  -0.0371
  0.0021   0.1059  -0.0017  -0.0457   0.0454  -0.0119
 -0.0001   0.0512  -0.0049   0.0362   0.0373  -0.0179
 -0.0008   0.0388   0.0058   0.0223   0.0296  -0.0033
  0.0064   0.0317   0.0002   0.0424   0.0329  -0.0051
  0.0046   0.0194   0.0049   0.0064   0.0275  -0.0291
  0.0063   0.0536   0.0114   0.0662   0.0285  -0.0185
  0.0076   0.0757   0.0035  -0.0511   0.0273  -0.0037
 -0.0011   0.0596   0.0083   0.0606   0.0180  -0.0073
  0.0052   0.1019   0.0069   0.0012   0.0199   0.0403
  0.0094   0.0747   0.0128   0.0780   0.0156  -0.0058
 -0.0016   0.1124   0.0046  -0.0171   0.0233   0.0312
  0.0058   0.0960  -0.0035  -0.0198   0.0228  -0.0018
  0.0100   0.0650   0.0104   0.0993   0.0165  -0.0197
  0.0263   0.0807   0.0177  -0.0529   0.0247  -0.0096
  0.0206   0.0340   0.0210  -0.0064   0.0356   0.0002
  0.0262   0.0240   0.0186  -0.0020   0.0412   0.0060
  0.0197   0.0310   0.0144   0.0202   0.0401   0.0269
  0.0113   0.0031   0.0232  -0.0188   0.0322  -0.0134
  0.0083   0.0491   0.0160   0.0143   0.0309  -0.0012
  0.0073   0.0529   0.0119  -0.0519   0.0289   0.0018
  0.0074   0.0734   0.0161   0.0244   0.0270   0.0029
  0.0031   0.1518   0.0015  -0.0939   0.0215   0.0245
  0.0064   0.1077   0.0078  -0.0420   0.0023  -0.0136
 -0.0057   0.1660  -0.0055  -0.1113   0.0063   0.0043
  0.0018   0.0650   0.0078  -0.0174   0.0084  -0.0428
  0.0064   0.1022  -0.0088  -0.0381   0.0054   0.0139
 -0.0026   0.1187   0.0056  -0.1178   0.0032  -0.0272
 -0.0049   0.1420   0.0135  -0.0166  -0.0076  -0.0445
 -0.0093   0.1796   0.0043  -0.1183   0.0135  -0.0203
 -0.0062   0.1284  -0.0017  -0.0079   0.0042  -0.0523
 -0.0015   0.1813  -0.0090  -0.1474   0.0276  -0.0188
 -0.0104   0.1402   0.0042  -0.0542   0.0101  -0.0668
 -0.0003   0.1736  -0.0049  -0.1839   0.0297  -0.0371
 -0.0054   0.1579   0.0149  -0.0380   0.0186  -0.0811
 -0.0196   0.1414  -0.0040  -0.0765   0.0051  -0.0421
 -0.0156   0.1898   0.0023  -0.1527  -0.0016  -0.0526
 -0.0135   0.1380   0.0186  -0.0546  -0.0139  -0.0737
 -0.0180   0.1803  -0.0066  -0.2209   0.0023  -0.0388
 -0.0193   0.1716   0.0078  -0.0886  -0.0098  -0.0810
 -0.0229   0.1003   0.0211  -0.1086  -0.0057  -0.0812
 -0.0172   0.1429   0.0108  -0.0806   0.0049  -0.0258
 -0.0221   0.1001   0.0097  -0.1057   0.0059  -0.0795
 -0.0184   0.1510   0.0046  -0.0800   0.0078  -0.0286
 -0.0193   0.1085  -0.0032  -0.1286   0.0064  -0.0508
 -0.0208   0.1518   0.0029  -0.0613  -0.0005  -0.0357
 -0.0159   0.1745  -0.0183  -0.1238   0.0090  -0.0163
 -0.0180   0.1712  -0.0021  -0.1120   0.0058  -0.0446
 -0.0171   0.2019  -0.0179  -0.1492   0.0023  -0.0137
 -0.0178   0.1699  -0.0005  -0.1108   0.0009  -0.0371
 -0.0123   0.1692  -0.0017  -0.0860   0.0016  -0.0316
 -0.0107   0.1906  -0.0092  -0.1647   0.0122  -0.0153
 -0.0009   0.1811  -0.0194  -0.1319   0.0025  -0.0332
 -0.0134   0.2059  -0.0151  -0.1933   0.0010  -0.0321
 -0.0110   0.1961  -0.0084  -0.1600  -0.0074  -0.0554
 -0.0224   0.2034  -0.0169  -0.1256  -0.0271  -0.0114
