  0.0269   0.1382  -0.5121  -0.7816  -0.1543  -0.0241
  0.0278   0.1486  -0.4640  -0.8103  -0.1333  -0.0849
  0.0441   0.1750  -0.5116  -0.7938  -0.1627  -0.1356
  0.0527   0.1308  -0.5221  -0.7287  -0.1761  -0.0523
  0.0523   0.0975  -0.4719  -0.6006  -0.1545  -0.0233
  0.0505   0.1148  -0.4377  -0.5438  -0.1573   0.1231
  0.0519   0.0973  -0.4066  -0.4736  -0.1613   0.0086
  0.0557   0.1171  -0.3623  -0.4163  -0.1576   0.0671
  0.0584   0.1040  -0.3250  -0.4108  -0.1376   0.0848
  0.0542   0.0938  -0.3069  -0.3970  -0.1314   0.0192
  0.0549   0.1166  -0.2923  -0.4147  -0.1214   0.1231
  0.0504   0.0836  -0.2768  -0.4170  -0.1102   0.0378
  0.0454   0.4783  -0.3947  -0.7551  -0.1081  -0.2707
  0.0199   0.4873  -0.5220  -1.0682  -0.1228  -0.3357
 -0.0003   0.3601  -0.5835  -1.0847  -0.1581  -0.5935
  0.0411   0.1945  -0.5872  -0.8834  -0.1801   0.0699
  0.0706   0.2075  -0.5449  -0.8526  -0.1596   0.0080
  0.0705   0.2004  -0.5054  -0.8240  -0.1475   0.0416
  0.0672   0.1737  -0.4854  -0.7932  -0.1569  -0.0203
  0.0667   0.1496  -0.4490  -0.7197  -0.1562   0.0414
  0.0748   0.1754  -0.4323  -0.7070  -0.1459   0.0260
  0.0894   0.2613  -0.3882  -0.6710  -0.1316   0.0417
  0.0891   0.2685  -0.3736  -0.6544  -0.1255   0.0787
  0.0838   0.2509  -0.3405  -0.6260  -0.1154  -0.0355
  0.0886   0.2703  -0.3077  -0.6153  -0.0994   0.0568
  0.0910   0.2933  -0.2815  -0.6190  -0.0849   0.0259
  0.0882   0.2900  -0.2500  -0.5605  -0.0781  -0.0408
  0.0804   0.2518  -0.2300  -0.5205  -0.0615   0.0568
  0.0688   0.1924  -0.1893  -0.4675  -0.0503  -0.0420
  0.0773   0.2216  -0.1429  -0.4060  -0.0268   0.0600
  0.0512   0.1081  -0.0836  -0.2321  -0.0070  -0.0292
  0.0396   0.1156  -0.0826  -0.1157  -0.0358  -0.0369
  0.0464   0.1549  -0.0867  -0.1368  -0.0312   0.0213
  0.0231   0.1189  -0.1151  -0.1152  -0.0450  -0.0300
  0.0234   0.1414  -0.1231  -0.1061  -0.0466   0.0562
  0.0254   0.1426  -0.1238  -0.1262  -0.0443   0.0059
  0.0170   0.1289  -0.1163  -0.0875  -0.0455  -0.0105
  0.0304   0.1966  -0.1453  -0.1035  -0.0503   0.0454
  0.0297   0.2870  -0.2092  -0.1975  -0.0700  -0.0969
  0.0277   0.2870  -0.2241  -0.1619  -0.0754  -0.0704
  0.0228   0.2710  -0.2074  -0.1535  -0.0773  -0.0212
  0.0164   0.2645  -0.1931  -0.1351  -0.0694  -0.1472
  0.0187   0.2447  -0.1545  -0.0895  -0.0558  -0.0223
  0.0139   0.1994  -0.1558  -0.0825  -0.0561  -0.0912
  0.0144   0.1589  -0.1749  -0.0292  -0.0662  -0.1200
  0.0154   0.1364  -0.1574  -0.0220  -0.0524   0.0131
  0.0109   0.1155  -0.1341  -0.0180  -0.0508  -0.0418
  0.0063   0.1280  -0.1429  -0.0320  -0.0549  -0.0412
  0.0148   0.1416  -0.1541  -0.0211  -0.0645   0.0054
  0.0102   0.1219  -0.1446  -0.0350  -0.0566  -0.0627
  0.0322   0.2092  -0.2036  -0.2691  -0.0637  -0.0070
  0.0335   0.2385  -0.2091  -0.2172  -0.0680   0.0181
  0.0279   0.1862  -0.1747  -0.1553  -0.0614  -0.1054
  0.0273   0.1990  -0.1626  -0.1227  -0.0562   0.0036
  0.0339   0.1931  -0.1349  -0.1017  -0.0453   0.0092
  0.0313   0.1637  -0.1899  -0.2845  -0.0747  -0.0365
  0.0313   0.1077  -0.2723  -0.3622  -0.1225   0.0338
  0.0466   0.1678  -0.2894  -0.4878  -0.1057   0.0165
  0.0492   0.1906  -0.2655  -0.4188  -0.0929   0.0508
  0.0567   0.2364  -0.2350  -0.3289  -0.0701   0.0485
  0.0507   0.2070  -0.2065  -0.2673  -0.0641  -0.0257
  0.0461   0.1865  -0.1939  -0.2368  -0.0719   0.0853
  0.0336   0.1584  -0.1598  -0.1666  -0.0561   0.0143
  0.0243   0.1453  -0.1311  -0.0619  -0.0478   0.0068
  0.0301   0.1653  -0.0898  -0.0257  -0.0328   0.0758
  0.0222   0.1250  -0.0515   0.0249  -0.0200  -0.0437
  0.0243   0.1658  -0.0468   0.0603  -0.0269   0.0236
  0.0055   0.0608   0.0466   0.1524   0.0193   0.0117
 -0.0195  -0.0677   0.1249   0.2855   0.0330  -0.0600
 -0.0384  -0.1793   0.2435   0.3909   0.0728   0.0791
 -0.0565  -0.3170   0.3134   0.4686   0.0974   0.0035
 -0.0698  -0.3574   0.3673   0.5384   0.1095   0.0242
 -0.0673  -0.3571   0.4093   0.5479   0.1245   0.0622
 -0.0814  -0.4356   0.4481   0.6299   0.1298  -0.0042
  0.0158  -0.1286   0.1945   0.0625   0.0781   0.0129
 -0.0299  -0.1028  -0.0057   0.3755  -0.0261  -0.1258
 -0.0190   0.0063  -0.0386   0.2331  -0.0329  -0.0278
  0.0064   0.0892  -0.0554  -0.0159  -0.0030   0.1139
  0.0246   0.1192  -0.0507  -0.1556   0.0243   0.0356
  0.0308   0.1244  -0.0083  -0.0776   0.0458   0.1106
  0.0267   0.0778   0.0100   0.0058   0.0429   0.0329
  0.0160   0.0570   0.0402   0.0909   0.0458   0.0460
  0.0150   0.0503   0.0754   0.1456   0.0531   0.0569
 -0.0083  -0.0562   0.1373   0.2719   0.0588   0.0140
 -0.0170  -0.0459   0.1285   0.2723   0.0597   0.0290
 -0.0011   0.0018   0.1239   0.2215   0.0623   0.0678
 -0.0250  -0.1134   0.1960   0.2980   0.0791  -0.0181
 -0.0289  -0.1097   0.2444   0.3615   0.0925   0.0019
 -0.0267  -0.1104   0.2604   0.3724   0.0937   0.0478
 -0.0399  -0.1481   0.2655   0.3876   0.0915  -0.0392
 -0.0261  -0.0665   0.2529   0.3229   0.1049   0.0522
 -0.0345  -0.1356   0.2766   0.3384   0.1103  -0.0459
 -0.0478  -0.1831   0.3122   0.4181   0.1113  -0.0013
 -0.0575  -0.2591   0.4081   0.5035   0.1335   0.0554
 -0.0726  -0.3169   0.4196   0.5625   0.1338  -0.0497
 -0.0759  -0.3178   0.4488   0.5974   0.1405   0.0486
 -0.0676  -0.3377   0.4625   0.5874   0.1589   0.0110
 -0.0857  -0.3600   0.4737   0.6172   0.1528   0.0025
 -0.0885  -0.3322   0.4799   0.5791   0.1530   0.0259
 -0.1103  -0.3972   0.4851   0.6243   0.1490  -0.0522
 -0.1033  -0.3992   0.4845   0.6090   0.1523  -0.0049
 -0.1043  -0.4178   0.4853   0.5925   0.1610  -0.0042
 -0.1089  -0.4443   0.4918   0.6351   0.1560  -0.0107
 -0.0987  -0.4183   0.5194   0.6836   0.1581   0.0843
 -0.0922  -0.3878   0.5307   0.6930   0.1635   0.0976
 -0.1042  -0.4375   0.5510   0.7551   0.1643   0.0228
 -0.1017  -0.4154   0.5431   0.7405   0.1683   0.0940
 -0.1051  -0.4080   0.5450   0.7068   0.1669   0.0542
 -0.1172  -0.4517   0.5484   0.7370   0.1635   0.0062
 -0.1038  -0.4185   0.5513   0.7090   0.1717   0.0906
 -0.1038  -0.4546   0.5641   0.7183   0.1819   0.0026
 -0.1114  -0.4398   0.5756   0.7526   0.1759   0.0736
 -0.1098  -0.4329   0.5780   0.7204   0.1794   0.0576
 -0.1165  -0.4879   0.5803   0.7567   0.1759   0.0175
 -0.1092  -0.4395   0.5760   0.7028   0.1784   0.1114
 -0.1113  -0.4760   0.5790   0.7010   0.1747  -0.0183
 -0.1013  -0.4577   0.6113   0.7471   0.1650   0.0605
 -0.0978  -0.4343   0.6212   0.7204   0.1897   0.0751
 -0.1144  -0.4859   0.6332   0.7925   0.1915   0.0203
 -0.1085  -0.4481   0.6314   0.7502   0.1971   0.0975
