 -0.1895   0.2475   0.0754  -0.4729  -0.0444  -0.0313
 -0.1667   0.2323   0.0784  -0.4966  -0.0339   0.0053
 -0.1378   0.3026   0.1056  -0.4807  -0.0182  -0.1097
 -0.1202   0.3018   0.1096  -0.4478  -0.0049  -0.0244
 -0.0975   0.2911   0.1418  -0.4756   0.0107  -0.0863
 -0.0702   0.3591   0.1416  -0.4748   0.0180  -0.0932
 -0.0906   0.3237   0.1268  -0.4816   0.0184  -0.0717
 -0.0790   0.3304   0.1361  -0.4483   0.0171  -0.0815
 -0.0930   0.3339   0.1176  -0.4531   0.0108  -0.0215
 -0.0932   0.3429   0.1285  -0.4045   0.0081  -0.1257
 -0.0876   0.3283   0.1062  -0.3962   0.0038  -0.0152
 -0.0861   0.3217   0.0972  -0.3769  -0.0020  -0.0753
 -0.0826   0.3342   0.0989  -0.3325  -0.0055  -0.0677
 -0.0692   0.3628   0.0871  -0.3423   0.0031  -0.0190
 -0.0929   0.2951   0.0968  -0.3185  -0.0094  -0.0900
 -0.0869   0.3150   0.0909  -0.3044  -0.0058  -0.0187
 -0.0862   0.2709   0.0808  -0.3115  -0.0064  -0.0364
 -0.0850   0.2753   0.0897  -0.2910  -0.0039  -0.0726
 -0.0788   0.2756   0.0787  -0.2863  -0.0049   0.0031
 -0.0795   0.2556   0.0780  -0.2731  -0.0057  -0.0617
 -0.0756   0.2626   0.0816  -0.2463  -0.0032  -0.0372
 -0.0760   0.2439   0.0694  -0.2737  -0.0045  -0.0249
 -0.0784   0.2401   0.0766  -0.2557  -0.0031  -0.0616
 -0.0733   0.2371   0.0176  -0.2329  -0.0215   0.0472
 -0.0541   0.2084   0.0409  -0.2296  -0.0015  -0.0583
 -0.0558   0.1844   0.0277  -0.2144  -0.0065   0.0619
 -0.0524   0.1598   0.0340  -0.1856  -0.0042  -0.0157
 -0.0410   0.1689   0.0312  -0.1763  -0.0034   0.0201
 -0.0406   0.1254   0.0234  -0.1978  -0.0063  -0.0039
 -0.0442   0.1299   0.0306  -0.1448  -0.0115  -0.0214
 -0.0496   0.1038   0.0138  -0.1566  -0.0208   0.0491
 -0.0640   0.1243   0.0304  -0.1692  -0.0261  -0.0324
 -0.0824   0.1850   0.0019  -0.1342  -0.0381   0.0310
 -0.0872   0.1581  -0.0193  -0.1294  -0.0503  -0.0328
 -0.0877   0.1239  -0.0280  -0.1647  -0.0533   0.0638
 -0.0743   0.1404   0.0051  -0.1696  -0.0440  -0.0591
 -0.0594   0.0614   0.0023  -0.2038  -0.0270   0.0441
 -0.0554   0.0388   0.0109  -0.1749  -0.0293  -0.0559
 -0.0609   0.0335  -0.0089  -0.1896  -0.0330   0.0342
 -0.0628   0.0180   0.0090  -0.1660  -0.0352  -0.0457
 -0.0583  -0.0108   0.0119  -0.1296  -0.0224   0.0190
 -0.0578  -0.0484   0.0053  -0.1349  -0.0239  -0.0334
 -0.0576  -0.0216   0.0078  -0.1179  -0.0288  -0.0047
 -0.0462  -0.0119  -0.0082  -0.1257  -0.0302   0.0256
 -0.0425  -0.0186  -0.0038  -0.1074  -0.0292  -0.0206
 -0.0403  -0.0129  -0.0056  -0.1063  -0.0294  -0.0139
 -0.0277   0.0051  -0.0159  -0.0945  -0.0282   0.0144
 -0.0323  -0.0030  -0.0155  -0.1066  -0.0309  -0.0433
 -0.0386  -0.0095  -0.0043  -0.0798  -0.0341  -0.0137
 -0.0274   0.0156  -0.0198  -0.0996  -0.0245   0.0451
 -0.0264  -0.0045  -0.0119  -0.1103  -0.0229  -0.0321
 -0.0270   0.0273  -0.0046  -0.0863  -0.0236  -0.0292
 -0.0217  -0.0036  -0.0196  -0.1047  -0.0222   0.0276
 -0.0211  -0.0129  -0.0096  -0.0732  -0.0246  -0.0270
 -0.0210  -0.0067  -0.0212  -0.0831  -0.0233   0.0429
 -0.0251  -0.0007  -0.0174  -0.0429  -0.0296  -0.0193
 -0.0199   0.0071  -0.0271  -0.0271  -0.0297   0.0262
 -0.0172  -0.0055  -0.0341   0.0045  -0.0279   0.0299
 -0.0266  -0.0463  -0.0206   0.0083  -0.0323  -0.0425
 -0.0094  -0.0321  -0.0324   0.0202  -0.0296   0.0627
 -0.0382  -0.0770  -0.0188   0.0406  -0.0359  -0.0299
 -0.0350  -0.0591  -0.0325   0.0462  -0.0353   0.0589
 -0.0156  -0.0420  -0.0354   0.0334  -0.0320   0.0200
 -0.0212  -0.0343  -0.0348   0.0429  -0.0322   0.0029
 -0.0238  -0.0697  -0.0441   0.0334  -0.0326   0.0483
 -0.0031  -0.0486  -0.0418   0.0594  -0.0324  -0.0093
  0.0020  -0.0718  -0.0599   0.0717  -0.0339   0.0553
  0.0044  -0.0389  -0.0501   0.0884  -0.0269   0.0019
  0.0160  -0.0445  -0.0409   0.0124  -0.0143   0.0397
  0.0375  -0.0269  -0.0298   0.0116   0.0068   0.0009
  0.0295  -0.0126  -0.0191  -0.0010   0.0116  -0.0113
  0.0316  -0.0154  -0.0086  -0.0475   0.0203   0.0396
  0.0343  -0.0080  -0.0048   0.0259   0.0137   0.0462
  0.0165  -0.0790   0.0193   0.0783   0.0209  -0.0865
  0.0357  -0.0902  -0.0051   0.0768   0.0219   0.1111
  0.0458  -0.0795  -0.0045   0.1349   0.0228   0.0418
  0.0623  -0.0722  -0.0113   0.1427   0.0263   0.0206
  0.0632  -0.1187  -0.0009   0.1668   0.0318  -0.0530
  0.0621  -0.1068  -0.0073   0.1891   0.0338   0.0728
  0.0490  -0.1424   0.0003   0.1956   0.0296  -0.0069
  0.0640  -0.1187  -0.0353   0.2199   0.0119   0.0740
  0.0844  -0.1212  -0.0461   0.2270   0.0282  -0.0109
  0.0747  -0.1601  -0.0329   0.2141   0.0298   0.0639
  0.0792  -0.1768  -0.0306   0.2387   0.0249   0.0055
  0.0894  -0.1761  -0.0372   0.2440   0.0251   0.0598
  0.0871  -0.1995  -0.0307   0.2657   0.0223  -0.0266
  0.0886  -0.2105  -0.0358   0.2711   0.0227   0.0337
  0.0840  -0.2656  -0.0523   0.3129   0.0207   0.0533
  0.0729  -0.2047  -0.0599   0.2370   0.0160  -0.0032
  0.0443  -0.1110  -0.0525   0.2118   0.0108  -0.0136
  0.0428  -0.1517  -0.0487   0.2418   0.0119  -0.0083
  0.0427  -0.1736  -0.0519   0.2561   0.0120   0.0212
  0.0463  -0.1607  -0.0631   0.2591   0.0119  -0.0109
  0.0530  -0.1560  -0.0599   0.2826   0.0121  -0.0108
  0.0531  -0.1698  -0.0533   0.2512   0.0164  -0.0480
  0.0691  -0.1599  -0.0549   0.2670   0.0248  -0.0052
  0.0654  -0.1512  -0.0533   0.2678   0.0214   0.0257
  0.0746  -0.1463  -0.0555   0.2623   0.0242   0.0277
  0.0794  -0.1901  -0.0388   0.2899   0.0211  -0.0455
  0.0932  -0.1767  -0.0440   0.2962   0.0354   0.0235
  0.0990  -0.1548  -0.0500   0.3144   0.0344   0.0440
  0.1170  -0.1572  -0.0416   0.3150   0.0444  -0.0477
  0.0662  -0.0768  -0.0442   0.2348   0.0096   0.0390
  0.0749  -0.0887  -0.0624   0.2340   0.0127   0.0658
  0.0847  -0.1081  -0.0451   0.2962   0.0213  -0.0146
  0.0759  -0.2335  -0.0264   0.3285   0.0276  -0.0075
  0.0942  -0.1680  -0.0394   0.3187   0.0342   0.1037
  0.0982  -0.1914  -0.0427   0.3523   0.0355   0.0252
  0.0976  -0.1995  -0.0557   0.3457   0.0229   0.0342
  0.1105  -0.2084  -0.0414   0.4098   0.0308   0.0085
  0.1215  -0.2090  -0.0499   0.3556   0.0341   0.0451
  0.1242  -0.2138  -0.0358   0.3624   0.0393  -0.0026
  0.1265  -0.2121  -0.0416   0.3180   0.0438   0.0713
  0.1344  -0.2225  -0.0449   0.3645   0.0466   0.0238
  0.1411  -0.2151  -0.0430   0.3809   0.0423   0.0344
  0.1264  -0.3083  -0.0365   0.3932   0.0388  -0.0029
  0.1219  -0.2963  -0.0432   0.4192   0.0378   0.0320
  0.1235  -0.3139  -0.0452   0.4150   0.0470   0.0694
  0.1215  -0.3249  -0.0414   0.4004   0.0522   0.0149
  0.0924  -0.3850  -0.0572   0.4134   0.0466   0.0553
