  0.0743  -0.4517   0.0787   0.1806   0.0413   0.2412
  0.0722  -0.4647   0.0743   0.1568   0.0417   0.2584
  0.0769  -0.4943   0.0739   0.1918   0.0444   0.2076
  0.0672  -0.4655   0.0889   0.1468   0.0378   0.2460
  0.0806  -0.4974   0.0762   0.2014   0.0477   0.2034
  0.0810  -0.4672   0.0860   0.1744   0.0394   0.2639
  0.0890  -0.4836   0.0869   0.1689   0.0518   0.2186
  0.0862  -0.4722   0.0748   0.1952   0.0492   0.2490
  0.0816  -0.4669   0.0953   0.1300   0.0451   0.2019
  0.0785  -0.4831   0.0843   0.1488   0.0492   0.2604
  0.0839  -0.4877   0.0975   0.1778   0.0516   0.2385
  0.0782  -0.4406   0.0962   0.1510   0.0414   0.2581
  0.0704  -0.4792   0.0928   0.1406   0.0465   0.2074
  0.0467  -0.4278   0.0696   0.2274   0.0486   0.2536
  0.0256  -0.4210   0.0536   0.1827   0.0243   0.2053
  0.0503  -0.4144   0.0668   0.2026   0.0471   0.2059
  0.0766  -0.4117   0.0732   0.2389   0.0524   0.1835
  0.0623  -0.4300   0.0728   0.1888   0.0471   0.1590
  0.0791  -0.4203   0.0631   0.2547   0.0545   0.2086
  0.0719  -0.3957   0.0304   0.3200   0.0287   0.1005
  0.0766  -0.3717   0.0427   0.2679   0.0198   0.0848
  0.0851  -0.3818   0.0458   0.3143   0.0407   0.1153
  0.0929  -0.3989   0.0688   0.3035   0.0480   0.0895
  0.0715  -0.3761   0.0612   0.2609   0.0408   0.0796
  0.0831  -0.3644   0.0513   0.3106   0.0531   0.0828
  0.0891  -0.3614   0.0456   0.2718   0.0450   0.0777
  0.0836  -0.3600   0.0297   0.3209   0.0464   0.1085
  0.0665  -0.3434   0.0339   0.3266   0.0219   0.1044
  0.0696  -0.3600   0.0423   0.2739   0.0252   0.0547
  0.0870  -0.3551   0.0434   0.3447   0.0507   0.0582
  0.0881  -0.3181   0.0616   0.2621   0.0440   0.0710
  0.0954  -0.3543   0.0455   0.3234   0.0531   0.0325
  0.0746  -0.3298   0.0514   0.2750   0.0541   0.0715
  0.0602  -0.3058   0.0272   0.2755   0.0512   0.0812
  0.0890  -0.2068   0.0326   0.2799   0.0728   0.0796
  0.0488  -0.2096   0.0217   0.2623   0.0291   0.0653
  0.0205  -0.1821  -0.0011   0.2649   0.0318   0.0461
  0.0042  -0.2279   0.0032   0.2914   0.0121   0.0576
 -0.0054  -0.2199  -0.0139   0.2741   0.0033   0.0343
 -0.0120  -0.2582  -0.0189   0.3067   0.0042  -0.0329
 -0.0315  -0.1986  -0.0044   0.2511  -0.0342   0.0467
 -0.0218  -0.2259  -0.0103   0.2161  -0.0208  -0.0153
 -0.0020  -0.2179  -0.0152   0.2834   0.0034   0.0008
 -0.0102  -0.1651  -0.0040   0.2317   0.0016   0.0094
  0.0217  -0.1816  -0.0010   0.2492   0.0198  -0.0441
  0.0178  -0.1646  -0.0009   0.2429   0.0088  -0.0532
  0.0173  -0.1387  -0.0030   0.1971   0.0160   0.0118
  0.0232  -0.1023  -0.0082   0.2212   0.0068  -0.0208
 -0.0027  -0.1393   0.0085   0.1674  -0.0256  -0.0327
 -0.0043  -0.1539  -0.0106   0.2189  -0.0112  -0.0541
 -0.0112  -0.1269  -0.0174   0.2039  -0.0305  -0.0343
 -0.0045  -0.1893  -0.0147   0.1749  -0.0140  -0.0481
 -0.0086  -0.1518  -0.0251   0.2270  -0.0141  -0.0192
 -0.0164  -0.1687  -0.0200   0.1546  -0.0281  -0.0580
 -0.0128  -0.1761  -0.0242   0.1638  -0.0158   0.0417
 -0.0044  -0.1760  -0.0105   0.1352  -0.0166   0.0039
 -0.0337  -0.1340  -0.0270   0.0806  -0.0404   0.0664
 -0.0398  -0.1685  -0.0277   0.1397  -0.0309   0.0480
 -0.0234  -0.1199  -0.0276   0.1324  -0.0371   0.0511
 -0.0098  -0.1470  -0.0131   0.0952  -0.0088   0.0088
  0.0264  -0.1438  -0.0127   0.1645   0.0188   0.0649
 -0.0058  -0.1531  -0.0004   0.0681  -0.0013   0.0073
 -0.0087  -0.1454  -0.0347   0.1662  -0.0166   0.0015
 -0.0289  -0.1644  -0.0275   0.1960  -0.0384  -0.0220
 -0.0456  -0.1439  -0.0106   0.1056  -0.0366  -0.0064
 -0.0555  -0.1600  -0.0262   0.1412  -0.0411   0.0008
 -0.0673  -0.1506  -0.0300   0.1617  -0.0593  -0.0501
 -0.0671  -0.1389  -0.0206   0.1177  -0.0634  -0.0328
 -0.0497  -0.1573  -0.0123   0.1140  -0.0392  -0.0502
 -0.0417  -0.0863  -0.0108   0.1119  -0.0385  -0.0081
 -0.0417  -0.1278  -0.0048   0.0789  -0.0303   0.0352
 -0.0379  -0.1260  -0.0225   0.1209  -0.0350  -0.0479
 -0.0258  -0.0802  -0.0017   0.0527  -0.0221   0.0214
 -0.0043  -0.0672  -0.0124   0.0345   0.0046   0.0062
  0.0108  -0.0488  -0.0067   0.0602   0.0059  -0.0200
 -0.0067  -0.0474  -0.0091   0.0338  -0.0110   0.0359
  0.0001  -0.0618   0.0045   0.0227   0.0038  -0.0195
  0.0001  -0.0237   0.0014   0.0301   0.0063   0.0397
 -0.0005  -0.0201   0.0061  -0.0438   0.0039   0.0290
  0.0130  -0.0349  -0.0147  -0.0057   0.0152  -0.0292
 -0.0041   0.0070  -0.0179   0.0009  -0.0093   0.0401
 -0.0179  -0.0306  -0.0081  -0.0852  -0.0115   0.0212
 -0.0208  -0.0065  -0.0242  -0.0005  -0.0151  -0.0189
 -0.0388  -0.0085  -0.0041  -0.0700  -0.0129   0.0177
 -0.0187   0.0090  -0.0354   0.0253  -0.0143  -0.1107
 -0.0245   0.0436  -0.0329  -0.0099  -0.0164  -0.0195
 -0.0179   0.0078  -0.0288  -0.0303  -0.0040  -0.0455
 -0.0043  -0.0056  -0.0125  -0.0008   0.0030  -0.0828
  0.0191   0.0446   0.0001  -0.0357   0.0137  -0.0571
  0.0273   0.0325  -0.0015  -0.0735   0.0315  -0.0053
  0.0498   0.0629   0.0029  -0.0468   0.0527  -0.0582
  0.0327   0.1022   0.0176  -0.0712   0.0380  -0.0370
  0.0338   0.0651   0.0168  -0.1116   0.0469  -0.0305
  0.0315   0.1289   0.0065  -0.1080   0.0309  -0.0430
  0.0297   0.1679   0.0183  -0.1697   0.0320   0.0245
  0.0316   0.1722   0.0114  -0.1175   0.0348  -0.0511
  0.0193   0.2189   0.0217  -0.1472   0.0145   0.0055
  0.0148   0.2106   0.0210  -0.1649   0.0220  -0.0268
  0.0253   0.2417   0.0123  -0.1302   0.0297  -0.0352
  0.0118   0.2714   0.0232  -0.2004   0.0323  -0.0302
  0.0072   0.2748   0.0098  -0.1627   0.0381  -0.0835
  0.0185   0.2710   0.0411  -0.1911   0.0588  -0.0968
  0.0150   0.2743   0.0123  -0.2481   0.0573  -0.0527
 -0.0048   0.2831   0.0045  -0.2446   0.0216  -0.0548
 -0.0193   0.2585  -0.0174  -0.2116  -0.0084  -0.0202
 -0.0357   0.2663  -0.0417  -0.2045  -0.0434  -0.1095
  0.0045   0.3284  -0.0159  -0.2108   0.0066  -0.0393
 -0.0142   0.3080  -0.0365  -0.2118  -0.0110  -0.0641
 -0.0268   0.2971  -0.0172  -0.2292  -0.0253  -0.0818
 -0.0458   0.3369  -0.0405  -0.2332  -0.0244   0.0187
 -0.0452   0.3481  -0.0318  -0.2481  -0.0282  -0.0952
 -0.0401   0.3557  -0.0287  -0.2676  -0.0119  -0.0220
 -0.0386   0.3613  -0.0329  -0.2447  -0.0217  -0.0629
 -0.0558   0.3586  -0.0342  -0.3295  -0.0298   0.0050
 -0.0629   0.3348  -0.0452  -0.2610  -0.0386  -0.0772
 -0.0686   0.3703  -0.0343  -0.2993  -0.0544  -0.0178
 -0.0711   0.3417  -0.0361  -0.2981  -0.0388  -0.0651
 -0.0532   0.3942  -0.0455  -0.2662  -0.0335  -0.0540
 -0.0509   0.3876  -0.0437  -0.2661  -0.0255  -0.0965
 -0.0483   0.3570  -0.0395  -0.1888  -0.0304  -0.1170
 -0.0500   0.3850  -0.0408  -0.2457  -0.0329  -0.1059
 -0.0347   0.3561  -0.0349  -0.2558  -0.0211  -0.0570
 -0.0310   0.3763  -0.0285  -0.2702  -0.0245  -0.0830
 -0.0239   0.3812  -0.0436  -0.2793  -0.0175  -0.1201
 -0.0419   0.3770  -0.0452  -0.2504  -0.0430  -0.0954
 -0.0606   0.3762  -0.0494  -0.2716  -0.0567  -0.0546
 -0.0722   0.3737  -0.0729  -0.2156  -0.0649  -0.1313
 -0.0916   0.3753  -0.0598  -0.2355  -0.0887  -0.1280
 -0.0933   0.3408  -0.0478  -0.2428  -0.0730  -0.1125
 -0.0433   0.3708  -0.0294  -0.2166  -0.0324  -0.1375
 -0.0326   0.4049  -0.0268  -0.2907  -0.0336  -0.0998
 -0.0350   0.3953  -0.0497  -0.2753  -0.0267  -0.1568
 -0.0447   0.3933  -0.0226  -0.2851  -0.0409  -0.1117
 -0.0354   0.4214  -0.0379  -0.3077  -0.0206  -0.1286
 -0.0213   0.4232  -0.0332  -0.2842  -0.0210  -0.1847
 -0.0182   0.4362  -0.0196  -0.3566  -0.0099  -0.1374
 -0.0088   0.4514  -0.0420  -0.2760  -0.0062  -0.1426
 -0.0114   0.5233  -0.0536  -0.3264  -0.0231  -0.0673
 -0.0351   0.4414  -0.0570  -0.2704  -0.0147  -0.1979
 -0.0401   0.4710  -0.0387  -0.2926  -0.0229  -0.1878
 -0.0292   0.5082  -0.0502  -0.2691  -0.0109  -0.1335
 -0.0283   0.4984  -0.0658  -0.2151  -0.0159  -0.1587
 -0.0817   0.8567  -0.0563  -0.6358  -0.0603  -0.0338
 -0.0824   0.3576  -0.0120  -0.3283  -0.0362  -0.3026
 -0.1029   0.4269  -0.0123  -0.3551  -0.0293  -0.1241
 -0.0707   0.3906  -0.0196  -0.3563  -0.0020  -0.1258
 -0.0950   0.4691  -0.0247  -0.3298  -0.0231  -0.1054
 -0.0470   0.3749  -0.0203  -0.3164   0.0247  -0.2082
 -0.1236   0.3785  -0.0671  -0.3402  -0.0886  -0.1175
 -0.1379   0.3896  -0.0866  -0.3122  -0.0905  -0.1280
