 -0.0014   0.2367   0.0864  -0.0659   0.0609   0.0580
 -0.0012   0.2257   0.0840  -0.0574   0.0533   0.0584
  0.0006   0.2312   0.0867  -0.0576   0.0611   0.0594
  0.0026   0.2221   0.0871  -0.0486   0.0618   0.0576
  0.0003   0.2227   0.0864  -0.0487   0.0570   0.0600
 -0.0016   0.2207   0.0786  -0.0660   0.0477   0.0687
  0.0100   0.2258   0.0838  -0.0817   0.0573   0.0505
  0.0132   0.2259   0.0876  -0.0862   0.0600   0.0398
  0.0079   0.2115   0.0788  -0.0654   0.0490   0.0505
  0.0157   0.2252   0.0796  -0.0799   0.0521   0.0424
  0.0224   0.1988   0.0873  -0.0594   0.0640   0.0412
  0.0271   0.1977   0.0864  -0.0655   0.0640   0.0408
  0.0241   0.1944   0.0905  -0.0611   0.0698   0.0578
  0.0248   0.1885   0.0894  -0.0646   0.0726   0.0458
  0.0231   0.1797   0.0870  -0.0474   0.0737   0.0373
  0.0311   0.1721   0.0806  -0.0406   0.0706   0.0320
  0.0308   0.1546   0.0846  -0.0169   0.0787   0.0438
  0.0295   0.1418   0.0814  -0.0123   0.0693   0.0510
  0.0317   0.1526   0.0860  -0.0346   0.0585   0.0433
  0.0290   0.1345   0.0710  -0.0156   0.0573   0.0580
  0.0169   0.1293   0.0625   0.0002   0.0484   0.0570
  0.0117   0.1312   0.0599   0.0126   0.0456   0.0574
  0.0127   0.1335   0.0612   0.0084   0.0419   0.0586
  0.0229   0.1387   0.0622  -0.0233   0.0401   0.0450
  0.0300   0.1217   0.0635  -0.0194   0.0529   0.0290
  0.0221   0.1194   0.0672  -0.0041   0.0404   0.0418
  0.0263   0.1182   0.0564   0.0076   0.0377   0.0458
  0.0308   0.1105   0.0559   0.0030   0.0411   0.0465
  0.0294   0.1104   0.0566  -0.0019   0.0382   0.0345
  0.0254   0.1073   0.0606  -0.0037   0.0374   0.0342
  0.0279   0.1133   0.0614  -0.0033   0.0460   0.0311
  0.0282   0.1151   0.0625  -0.0058   0.0470   0.0336
  0.0363   0.1124   0.0630  -0.0033   0.0550   0.0353
  0.0276   0.1091   0.0609   0.0004   0.0535   0.0412
  0.0208   0.1048   0.0523   0.0139   0.0434   0.0460
  0.0211   0.1073   0.0566   0.0087   0.0457   0.0463
  0.0173   0.1080   0.0574  -0.0103   0.0401   0.0426
  0.0209   0.1086   0.0607  -0.0146   0.0398   0.0329
  0.0317   0.0994   0.0460  -0.0160   0.0382   0.0392
  0.0276   0.0639   0.0487   0.0007   0.0404   0.0343
  0.0205   0.0919   0.0529  -0.0277   0.0452   0.0373
  0.0259   0.0658   0.0605   0.0033   0.0423   0.0388
  0.0236   0.0595   0.0573   0.0097   0.0387   0.0413
  0.0290   0.0781   0.0656  -0.0007   0.0493   0.0304
  0.0301   0.0667   0.0669   0.0179   0.0416   0.0283
  0.0205   0.0628   0.0769  -0.0177   0.0392   0.0182
  0.0352   0.0406   0.0665   0.0076   0.0502   0.0020
  0.0353   0.0487   0.0684   0.0149   0.0525   0.0177
  0.0301   0.0420   0.0612   0.0235   0.0449   0.0262
  0.0301   0.0448   0.0603   0.0214   0.0468   0.0259
  0.0358   0.0441   0.0535   0.0120   0.0541   0.0163
  0.0412   0.0451   0.0449  -0.0187   0.0409  -0.0076
  0.0431   0.0100   0.0511   0.0191   0.0480   0.0362
  0.0378   0.0224   0.0521   0.0225   0.0444   0.0249
  0.0403   0.0153   0.0490   0.0222   0.0393   0.0040
  0.0343   0.0295   0.0489  -0.0302   0.0405  -0.0133
  0.0318   0.0186   0.0529  -0.0059   0.0381  -0.0083
  0.0016   0.0139   0.0651  -0.0037   0.0296   0.0555
  0.0174   0.0057   0.0632  -0.0123   0.0293  -0.0175
  0.0225  -0.0031   0.0574  -0.0091   0.0263  -0.0121
  0.0268  -0.0041   0.0588   0.0074   0.0315  -0.0038
  0.0214  -0.0047   0.0636  -0.0028   0.0328   0.0101
  0.0204  -0.0134   0.0568  -0.0020   0.0218   0.0158
  0.0092  -0.0145   0.0610   0.0085   0.0233   0.0232
  0.0200  -0.0233   0.0589   0.0143   0.0274   0.0232
 -0.0017  -0.0406   0.0410   0.0282   0.0019   0.0503
  0.0005  -0.0457   0.0416   0.0341   0.0146   0.0331
 -0.0107  -0.0486   0.0347   0.0247   0.0082   0.0368
 -0.0011  -0.0560   0.0370   0.0205   0.0074   0.0480
 -0.0068  -0.0535   0.0251   0.0196   0.0016   0.0353
 -0.0052  -0.0577   0.0311   0.0199   0.0023   0.0343
  0.0107  -0.0553   0.0304  -0.0045   0.0135   0.0212
  0.0028  -0.0513   0.0382  -0.0079   0.0150   0.0246
  0.0193  -0.0282   0.0249  -0.0621   0.0397   0.0158
  0.0104  -0.0548   0.0192  -0.0312   0.0289   0.0221
 -0.0015  -0.0611   0.0025  -0.0309  -0.0046   0.0200
 -0.0032  -0.0704  -0.0039  -0.0216  -0.0102   0.0204
  0.0019  -0.0667   0.0019  -0.0272  -0.0000   0.0177
 -0.0016  -0.0637   0.0042  -0.0301   0.0018   0.0120
 -0.0102  -0.0751  -0.0004  -0.0067  -0.0103   0.0217
 -0.0033  -0.0571   0.0016  -0.0112  -0.0013   0.0203
 -0.0030  -0.0793  -0.0012   0.0099   0.0031   0.0200
  0.0027  -0.0871  -0.0103   0.0054   0.0036   0.0261
  0.0032  -0.0908  -0.0053   0.0134   0.0159   0.0127
 -0.0114  -0.0978  -0.0094   0.0234   0.0048   0.0253
 -0.0096  -0.1148  -0.0268   0.0538  -0.0082   0.0204
 -0.0176  -0.1174  -0.0273   0.0465  -0.0127   0.0299
 -0.0157  -0.1191  -0.0305   0.0493  -0.0089   0.0380
 -0.0136  -0.1166  -0.0335   0.0488  -0.0104   0.0360
 -0.0157  -0.1230  -0.0379   0.0435  -0.0165   0.0359
 -0.0146  -0.1268  -0.0440   0.0564  -0.0280   0.0330
 -0.0048  -0.1251  -0.0367   0.0438  -0.0155   0.0055
 -0.0040  -0.1240  -0.0409   0.0391  -0.0166   0.0151
 -0.0054  -0.1237  -0.0372   0.0475  -0.0191   0.0316
 -0.0078  -0.1269  -0.0479   0.0428  -0.0251   0.0346
 -0.0023  -0.1207  -0.0440   0.0291  -0.0203   0.0144
  0.0005  -0.1256  -0.0397   0.0282  -0.0181   0.0052
 -0.0028  -0.1295  -0.0417   0.0336  -0.0198   0.0099
 -0.0027  -0.1278  -0.0458   0.0294  -0.0195   0.0015
 -0.0036  -0.1338  -0.0489   0.0395  -0.0161   0.0148
 -0.0120  -0.1331  -0.0466   0.0463  -0.0241   0.0288
 -0.0057  -0.1404  -0.0473   0.0502  -0.0224   0.0147
  0.0044  -0.1314  -0.0666   0.0197  -0.0290   0.0175
 -0.0070  -0.1297  -0.0531   0.0364  -0.0361   0.0172
 -0.0106  -0.1318  -0.0471   0.0420  -0.0317   0.0216
 -0.0103  -0.1241  -0.0423   0.0450  -0.0371   0.0233
 -0.0072  -0.1196  -0.0473   0.0261  -0.0422   0.0112
 -0.0011  -0.1313  -0.0452   0.0345  -0.0360   0.0092
 -0.0088  -0.1323  -0.0447   0.0369  -0.0464   0.0243
 -0.0077  -0.1244  -0.0434   0.0012  -0.0432   0.0159
 -0.0032  -0.1413  -0.0423   0.0315  -0.0332  -0.0016
 -0.0180  -0.1498  -0.0444   0.0589  -0.0364   0.0234
 -0.0187  -0.1677  -0.0477   0.1091  -0.0409   0.0417
 -0.0212  -0.1634  -0.0518   0.1066  -0.0472   0.0450
 -0.0164  -0.1598  -0.0588   0.0982  -0.0470   0.0364
 -0.0187  -0.1544  -0.0529   0.0835  -0.0453   0.0417
 -0.0197  -0.1595  -0.0539   0.0881  -0.0451   0.0383
 -0.0116  -0.1709  -0.0544   0.0752  -0.0383   0.0197
 -0.0113  -0.1700  -0.0665   0.0695  -0.0368   0.0063
 -0.0084  -0.1636  -0.0632   0.0698  -0.0399   0.0060
 -0.0100  -0.1663  -0.0670   0.0554  -0.0476   0.0138
 -0.0124  -0.1648  -0.0693   0.0708  -0.0417   0.0160
 -0.0054  -0.1627  -0.0595   0.0740  -0.0375   0.0160
 -0.0138  -0.1644  -0.0739   0.0791  -0.0556   0.0106
 -0.0233  -0.1686  -0.0734   0.0983  -0.0624   0.0309
 -0.0169  -0.1713  -0.0843   0.0955  -0.0631   0.0411
 -0.0283  -0.1824  -0.0883   0.1144  -0.0811   0.0562
 -0.0270  -0.1803  -0.1033   0.1161  -0.0855   0.0507
 -0.0296  -0.1821  -0.1060   0.1168  -0.0827   0.0580
 -0.0287  -0.1722  -0.1178   0.1045  -0.1005   0.0561
 -0.0313  -0.1764  -0.1128   0.1092  -0.0961   0.0536
 -0.0331  -0.1752  -0.1116   0.1153  -0.0895   0.0673
 -0.0360  -0.1685  -0.1136   0.0913  -0.0966   0.0613
 -0.0173  -0.1619  -0.1125   0.0660  -0.0764   0.0305
 -0.0173  -0.1434  -0.1028   0.0540  -0.0761   0.0085
 -0.0744   0.1252  -0.1670  -0.1296  -0.1411  -0.2038
 -0.0546   0.1453  -0.2034  -0.1357  -0.1263  -0.2344
 -0.0549   0.1101  -0.1047  -0.0753  -0.0873  -0.2210
 -0.0709   0.0876  -0.1139  -0.0823  -0.0935  -0.2119
 -0.0511   0.0819  -0.1034  -0.1177  -0.0637  -0.2390
 -0.0506   0.0823  -0.1068  -0.1454  -0.0708  -0.2423
 -0.0074   0.0604  -0.0550  -0.1005  -0.0279  -0.2658
 -0.0141   0.0765  -0.0773  -0.1046  -0.0366  -0.2558
 -0.0321   0.1295  -0.0838  -0.1506  -0.0523  -0.2626
 -0.0461   0.1321  -0.0837  -0.1348  -0.0527  -0.2790
 -0.0580   0.1080  -0.0771  -0.1164  -0.0618  -0.2416
 -0.0558   0.0894  -0.0665  -0.1165  -0.0564  -0.2463
 -0.0539   0.1133  -0.0732  -0.1323  -0.0574  -0.2779
 -0.0620   0.1002  -0.0820  -0.1176  -0.0662  -0.2532
 -0.0549   0.0928  -0.0837  -0.1236  -0.0627  -0.2497
 -0.0588   0.0834  -0.0928  -0.1215  -0.0602  -0.2424
 -0.0397   0.0846  -0.0923  -0.1706  -0.0604  -0.2229
