  0.0497  -0.0556  -0.0932  -0.8499   0.0628   0.2611
  0.0714   0.0190  -0.1145  -0.4947   0.0214   0.1971
  0.0891  -0.0288  -0.0893  -0.3033  -0.0342   0.1646
  0.0869  -0.0068  -0.0778  -0.2559  -0.0057   0.1391
  0.1007  -0.0204  -0.0770  -0.1940  -0.0115   0.1172
  0.1041  -0.0215  -0.0764  -0.1822  -0.0000   0.1100
  0.0558  -0.0320  -0.0628  -0.2168  -0.0082   0.1306
  0.0845  -0.0277  -0.0763  -0.2054  -0.0151   0.1220
  0.0797  -0.0311  -0.0770  -0.1987   0.0001   0.1252
  0.0741  -0.0354  -0.0731  -0.2483  -0.0044   0.1298
  0.0670  -0.0086  -0.0759  -0.2813   0.0069   0.1360
  0.0717   0.0144  -0.0851  -0.2894   0.0137   0.1301
  0.0756  -0.0003  -0.0820  -0.2688   0.0139   0.1298
  0.0785   0.0019  -0.0825  -0.2799   0.0186   0.1226
  0.0755   0.0028  -0.0903  -0.2850   0.0327   0.1262
  0.0707  -0.0003  -0.0883  -0.2789   0.0136   0.1169
  0.0723  -0.0019  -0.0924  -0.2412  -0.0009   0.1110
  0.0638   0.0248  -0.0876  -0.2689   0.0095   0.1154
  0.0640   0.0060  -0.0920  -0.2491   0.0094   0.1036
  0.0421  -0.0026  -0.0873  -0.2724   0.0163   0.1158
  0.0513   0.0002  -0.0818  -0.2717   0.0142   0.1116
  0.0559   0.0135  -0.0865  -0.2492   0.0156   0.1045
  0.0547   0.0464  -0.0896  -0.2672   0.0171   0.1083
  0.0161   0.0474  -0.0924  -0.3084   0.0056   0.1247
  0.0183   0.0244  -0.0976  -0.2943  -0.0142   0.1245
  0.0167   0.0315  -0.0932  -0.2752  -0.0120   0.1174
  0.0203   0.0414  -0.0829  -0.2872  -0.0146   0.1177
  0.0239   0.0423  -0.0868  -0.2550  -0.0117   0.1020
  0.0195   0.0487  -0.0857  -0.2558  -0.0056   0.1048
  0.0182   0.0767  -0.0788  -0.2728  -0.0157   0.1026
  0.0223   0.0700  -0.0665  -0.2562  -0.0186   0.0926
  0.0198   0.0488  -0.0601  -0.2602  -0.0101   0.0964
  0.0455   0.0531  -0.0816  -0.2993   0.0055   0.0898
  0.0304   0.0490  -0.0803  -0.2886  -0.0027   0.1048
  0.0233   0.0630  -0.0775  -0.2636  -0.0061   0.0946
  0.0224   0.0646  -0.0735  -0.2908  -0.0219   0.1007
  0.0218   0.0670  -0.0818  -0.2676  -0.0143   0.0939
  0.0080   0.0800  -0.0635  -0.2748  -0.0111   0.1038
  0.0327   0.0807  -0.0625  -0.2382  -0.0352   0.0831
  0.0252   0.0897  -0.0668  -0.2516  -0.0220   0.0850
  0.0234   0.0928  -0.0495  -0.2383  -0.0301   0.0768
  0.0216   0.0914  -0.0511  -0.2106  -0.0254   0.0755
  0.0182   0.0919  -0.0471  -0.2001  -0.0194   0.0658
  0.0170   0.0910  -0.0441  -0.2285  -0.0246   0.0781
  0.0200   0.0770  -0.0515  -0.1947  -0.0269   0.0726
 -0.0017   0.0614  -0.0500  -0.2141  -0.0362   0.0815
  0.0130   0.0547  -0.0424  -0.2167  -0.0336   0.0675
  0.0187   0.0620  -0.0543  -0.2090  -0.0311   0.0690
  0.0037   0.0671  -0.0494  -0.2269  -0.0221   0.0756
  0.0140   0.0666  -0.0456  -0.1931  -0.0240   0.0621
  0.0160   0.0565  -0.0481  -0.1954  -0.0215   0.0641
  0.0081   0.0604  -0.0439  -0.2159  -0.0122   0.0808
  0.0054   0.0629  -0.0448  -0.2107  -0.0261   0.0691
 -0.0073   0.0550  -0.0492  -0.1981  -0.0267   0.0741
  0.0044   0.0431  -0.0366  -0.1987  -0.0375   0.0684
  0.0067   0.0281  -0.0284  -0.2019  -0.0392   0.0684
  0.0015   0.0527  -0.0245  -0.2472  -0.0255   0.0786
  0.0094   0.0283  -0.0274  -0.1906  -0.0284   0.0618
  0.0068   0.0289  -0.0207  -0.1992  -0.0353   0.0602
  0.0052   0.0423  -0.0315  -0.1934  -0.0166   0.0657
  0.0189   0.0381  -0.0297  -0.1933  -0.0261   0.0519
  0.0123   0.0435  -0.0312  -0.1910  -0.0194   0.0583
 -0.0023   0.0525  -0.0171  -0.2125  -0.0143   0.0626
  0.0038   0.0439  -0.0246  -0.2146  -0.0146   0.0617
  0.0053   0.0137  -0.0205  -0.2004  -0.0039   0.0639
 -0.0095   0.0287  -0.0444  -0.1991  -0.0140   0.0641
 -0.0087   0.0358  -0.0278  -0.2040  -0.0132   0.0694
 -0.0063   0.0376  -0.0419  -0.2015  -0.0063   0.0625
 -0.0145   0.0483  -0.0372  -0.2110  -0.0065   0.0659
 -0.0238   0.0519  -0.0321  -0.2201   0.0050   0.0692
 -0.0439   0.0420  -0.0350  -0.2159  -0.0193   0.0656
 -0.0319   0.0317  -0.0173  -0.1950  -0.0115   0.0639
 -0.0205   0.0315  -0.0229  -0.2055   0.0093   0.0509
 -0.0231   0.0409  -0.0219  -0.1938  -0.0011   0.0616
 -0.0288   0.0073  -0.0186  -0.1859  -0.0069   0.0535
 -0.0258   0.0152  -0.0317  -0.1618  -0.0028   0.0453
 -0.0259   0.0267  -0.0058  -0.1878   0.0110   0.0560
 -0.0202   0.0146  -0.0166  -0.1643   0.0060   0.0398
 -0.0125   0.0156  -0.0148  -0.1344   0.0089   0.0335
 -0.0234   0.0481   0.0020  -0.1643  -0.0017   0.0292
 -0.0304   0.0781   0.0096  -0.1918  -0.0106   0.0400
 -0.0425   0.0653   0.0132  -0.1458  -0.0271   0.0326
 -0.0455   0.0707   0.0101  -0.1510  -0.0275   0.0298
 -0.0498   0.0879   0.0172  -0.1727  -0.0214   0.0417
 -0.0308   0.0578   0.0187  -0.1359  -0.0265   0.0266
 -0.0368   0.0401   0.0147  -0.1348  -0.0216   0.0286
 -0.0392   0.0671   0.0191  -0.1447  -0.0177   0.0242
 -0.0264   0.0409   0.0165  -0.1166  -0.0260   0.0253
 -0.0290   0.0432   0.0116  -0.1051  -0.0270   0.0145
 -0.0209   0.0487   0.0150  -0.1294  -0.0109   0.0265
 -0.0192   0.0341   0.0197  -0.1326  -0.0151   0.0203
 -0.0190   0.0343   0.0114  -0.1129  -0.0096   0.0143
 -0.0305   0.0365   0.0157  -0.1227  -0.0077   0.0178
 -0.0295   0.0277   0.0230  -0.1344   0.0010   0.0207
 -0.0225   0.0316   0.0098  -0.1066  -0.0068   0.0199
 -0.0328   0.0485   0.0097  -0.1123  -0.0067   0.0202
 -0.0292   0.0598   0.0220  -0.1252  -0.0114   0.0166
 -0.0314   0.0339   0.0282  -0.0697  -0.0107   0.0055
 -0.0281   0.0429   0.0242  -0.0540  -0.0046  -0.0020
 -0.0248   0.0567   0.0292  -0.0508   0.0095   0.0049
 -0.0361   0.0454   0.0169  -0.0594  -0.0060  -0.0076
 -0.0468   0.0524   0.0308  -0.0818  -0.0069  -0.0042
 -0.0292   0.0269   0.0276  -0.0500  -0.0079  -0.0003
 -0.0205   0.0132   0.0213  -0.0180  -0.0125  -0.0108
 -0.0308   0.0262   0.0147  -0.0290   0.0047  -0.0018
 -0.0253   0.0286   0.0105  -0.0239  -0.0136  -0.0138
 -0.0357   0.0174   0.0289   0.0112  -0.0179  -0.0143
 -0.0334   0.0083   0.0297  -0.0058  -0.0142  -0.0042
 -0.0408   0.0010   0.0298  -0.0064  -0.0190  -0.0042
 -0.0372  -0.0054   0.0242   0.0051  -0.0077  -0.0106
 -0.0384   0.0054   0.0170  -0.0128   0.0059  -0.0115
 -0.0315  -0.0077   0.0256  -0.0227   0.0259  -0.0013
 -0.0254  -0.0170   0.0340   0.0239   0.0216  -0.0105
 -0.0342  -0.0253   0.0284   0.0120   0.0282  -0.0140
 -0.0289  -0.0036   0.0393  -0.0091   0.0275  -0.0038
 -0.0283  -0.0352   0.0392   0.0259   0.0231  -0.0109
 -0.0171  -0.0395   0.0475   0.0261   0.0391  -0.0115
 -0.0255  -0.0186   0.0552   0.0077   0.0274  -0.0046
 -0.0141  -0.0394   0.0463   0.0246   0.0075  -0.0250
 -0.0281  -0.0088   0.0508  -0.0045   0.0193  -0.0087
 -0.0140  -0.0187   0.0471   0.0289   0.0223  -0.0323
 -0.0146  -0.0555   0.0395   0.0413   0.0224  -0.0244
 -0.0185  -0.0521   0.0484   0.0463   0.0333  -0.0232
 -0.0008  -0.0668   0.0525   0.0546   0.0409  -0.0246
 -0.0084  -0.0449   0.0421   0.0710   0.0463  -0.0224
  0.0008  -0.0135   0.0438   0.0653   0.0493  -0.0359
 -0.0087  -0.0099   0.0536   0.0731   0.0430  -0.0319
 -0.0368  -0.0038   0.0506   0.0683   0.0350  -0.0383
 -0.0241  -0.0057   0.0532   0.0781   0.0401  -0.0378
 -0.0214  -0.0045   0.0490   0.0810   0.0430  -0.0362
 -0.0266  -0.0133   0.0517   0.0927   0.0388  -0.0437
 -0.0381   0.0081   0.0537   0.0612   0.0331  -0.0291
 -0.0289   0.0119   0.0549   0.0637   0.0295  -0.0451
 -0.0415   0.0129   0.0580   0.0928   0.0220  -0.0413
 -0.0289   0.0183   0.0672   0.0658   0.0142  -0.0450
 -0.0203   0.0107   0.0651   0.0732   0.0316  -0.0462
 -0.0100   0.0265   0.0754   0.1159   0.0329  -0.0585
 -0.0032   0.0161   0.0673   0.1507   0.0437  -0.0714
 -0.0033   0.0322   0.0706   0.1731   0.0505  -0.0728
 -0.0026   0.0350   0.0675   0.1930   0.0405  -0.0809
 -0.0121  -0.0176   0.0516   0.2714   0.0385  -0.0949
 -0.0257  -0.0280   0.0704   0.2799   0.0325  -0.1013
 -0.0147  -0.0316   0.0583   0.2668   0.0235  -0.1119
 -0.0078  -0.0220   0.0640   0.3299   0.0228  -0.1228
 -0.0070  -0.0327   0.0705   0.2999   0.0363  -0.1242
 -0.0064  -0.0385   0.0553   0.3105  -0.0139  -0.1217
 -0.0430  -0.0555   0.0576   0.4268  -0.1988  -0.1267
 -0.0683  -0.1036   0.1093   0.4991  -0.1577  -0.1376
 -0.0635  -0.0893   0.1112   0.4556  -0.0814  -0.1385
 -0.0557  -0.1023   0.0989   0.5515  -0.0501  -0.1582
 -0.0527  -0.0695   0.1174   0.5159  -0.0480  -0.1552
 -0.0379  -0.0674   0.1041   0.5102  -0.0224  -0.1699
 -0.0337  -0.0652   0.1127   0.5426  -0.0087  -0.1802
 -0.0202  -0.0949   0.1057   0.5417   0.0090  -0.1718
 -0.0148  -0.1189   0.0971   0.5588   0.0100  -0.1718
 -0.0201  -0.1109   0.0949   0.5409   0.0191  -0.1655
 -0.0247  -0.0626   0.0803   0.5065   0.0223  -0.1831
 -0.0199  -0.0706   0.0772   0.5269   0.0180  -0.1803
 -0.0160  -0.0829   0.0777   0.5268   0.0348  -0.1833
 -0.0028  -0.1014   0.0722   0.5438   0.0032  -0.1898
 -0.0041  -0.0975   0.0753   0.5359   0.0313  -0.1831
 -0.0151  -0.0915   0.0724   0.5487   0.0190  -0.1862
 -0.0297  -0.1082   0.0813   0.5883   0.0104  -0.1850
 -0.0278  -0.0787   0.0787   0.5581   0.0177  -0.1917
 -0.0221  -0.0535   0.0924   0.5241   0.0082  -0.1833
 -0.0231  -0.0599   0.0811   0.5742  -0.0108  -0.2102
 -0.0195  -0.0664   0.0994   0.5553   0.0185  -0.1921
 -0.0119  -0.0959   0.0806   0.5742   0.0211  -0.2025
 -0.0243  -0.1466   0.0782   0.6111   0.0299  -0.1951
  0.0056  -0.1733   0.0642   0.6834   0.0297  -0.1988
  0.0116  -0.1586   0.0685   0.6965   0.0378  -0.2049
  0.0362  -0.1502   0.0639   0.7266   0.0386  -0.2097
  0.0350  -0.1594   0.0426   0.7678   0.0272  -0.2335
  0.0305  -0.1585   0.0292   0.7023   0.0428  -0.2229
  0.0275  -0.1233   0.0232   0.6963   0.0423  -0.2159
  0.0222  -0.1433   0.0247   0.6983   0.0263  -0.2247
  0.0177  -0.1359   0.0339   0.6870   0.0328  -0.2175
  0.0219  -0.1263   0.0218   0.6458   0.0074  -0.2119
  0.0024  -0.1464   0.0427   0.6676   0.0131  -0.2157
  0.0197  -0.1475   0.0435   0.6528  -0.0007  -0.2151
