  0.0751   0.3117   0.0357  -0.5117   0.0251  -0.0611
  0.0887   0.1865  -0.0287  -0.5241   0.0248  -0.0244
  0.0949   0.2037  -0.0063  -0.4867   0.0243  -0.0221
  0.1074   0.1247  -0.0215  -0.3925   0.0166   0.0151
  0.1065   0.1729  -0.0137  -0.3679   0.0200  -0.0186
  0.1167   0.1154  -0.0038  -0.3566   0.0244   0.0031
  0.1173   0.1254  -0.0064  -0.3573   0.0271  -0.0015
  0.1226   0.1184  -0.0064  -0.3497   0.0380  -0.0057
  0.1377   0.1445  -0.0143  -0.2420   0.0403   0.0220
  0.1215   0.1958  -0.0071  -0.1725   0.0295  -0.0498
  0.1201   0.1457   0.0169  -0.2368   0.0286  -0.0332
  0.1314   0.1576   0.0195  -0.2328   0.0356  -0.0119
  0.1092   0.2458   0.0415  -0.2147   0.0450  -0.0336
  0.0816   0.2626   0.0613  -0.1898   0.0210  -0.0520
  0.1160   0.2088   0.0251  -0.1561   0.0234  -0.0383
  0.1001   0.3245  -0.0415  -0.1226  -0.0346  -0.1356
  0.0438   0.9323  -0.0520   0.7792  -0.0395  -0.3840
  0.0957   0.9879  -0.0697   1.4674   0.0780  -0.3328
  0.0309   0.5768   0.0295   0.5974   0.0664  -0.2336
  0.0315   0.4304  -0.0102   0.2810   0.0389  -0.1720
  0.0449   0.3880   0.0416   0.1650   0.0387  -0.1778
  0.0383   0.4746   0.0380   0.3139   0.0425  -0.2180
  0.0956   0.4759   0.1371   0.4906   0.0986  -0.2092
  0.0775   0.4631   0.1299   0.5190   0.1028  -0.1964
  0.0466   0.3710   0.0955   0.4452   0.0659  -0.1746
  0.0331   0.4231   0.0889   0.4274   0.0704  -0.1688
  0.0479   0.5369   0.0606   0.4738   0.0775  -0.2231
  0.0360   0.5879   0.0612   0.4971   0.0693  -0.2513
  0.0207   0.6681   0.0566   0.4491   0.0577  -0.2751
  0.0087   0.7031   0.0476   0.4105   0.0529  -0.2882
 -0.0151   0.7427   0.0664   0.3076   0.0530  -0.3156
  0.0279   0.4859   0.0450   0.3834   0.0281  -0.2757
  0.0203   0.3354   0.0959  -0.1196   0.0234  -0.0965
 -0.0000   0.3179  -0.1248  -1.4358  -0.0351  -0.0937
  0.0261  -0.0719  -0.0670  -0.6506  -0.0151   0.0502
  0.0533  -0.1236  -0.0392  -0.7490   0.0110   0.1088
  0.0907   0.0591  -0.0547  -0.4620   0.0186   0.0087
  0.0894   0.1697  -0.0634  -0.2979   0.0039  -0.0448
  0.0715   0.1361  -0.0208  -0.3455   0.0126  -0.0418
  0.0806   0.0921   0.0151  -0.3257   0.0183  -0.0270
  0.0890   0.1048   0.0345  -0.2406   0.0131  -0.0319
  0.0726   0.1049   0.0090  -0.3405   0.0011   0.0087
  0.0196   0.2336  -0.0071  -0.3075  -0.0028   0.0043
  0.0410   0.3965  -0.0252  -0.2430   0.0008  -0.0452
  0.0341   0.4260  -0.0161  -0.1904   0.0166  -0.0675
  0.0453   0.4072   0.0169  -0.2059   0.0013  -0.0760
  0.0431   0.3837   0.0147  -0.1657   0.0020  -0.0729
  0.0426   0.4076   0.0063  -0.1350   0.0059  -0.0891
  0.0473   0.3559   0.0407  -0.0559   0.0525  -0.0560
  0.0358   0.2617   0.0466  -0.0959   0.0609  -0.0339
  0.0420   0.3059   0.0627  -0.2010   0.0524  -0.0637
  0.0451   0.3229   0.0559  -0.2122   0.0518  -0.0801
  0.0456   0.3459   0.0308  -0.2096   0.0439  -0.0859
  0.0687   0.4063   0.0139  -0.1586   0.0532  -0.0992
  0.0937   1.0788  -0.2817   0.6277  -0.1163  -0.5350
  0.1476   1.1002  -0.5283   0.8240  -0.1921  -0.4957
  0.1242   1.0317  -0.4277   0.6373  -0.1524  -0.4607
  0.1005   1.2001  -0.4220   0.6473  -0.1334  -0.5025
  0.1419   1.0671  -0.4163   0.7546  -0.1194  -0.5035
  0.1079   0.5670  -0.3331   0.5990  -0.1138  -0.3441
  0.0953   0.5663  -0.3463   0.6276  -0.1233  -0.3476
  0.1024   0.5355  -0.3533   0.7571  -0.1235  -0.3110
  0.1536   0.6106  -0.3729   0.8948  -0.0941  -0.2946
  0.1478   0.6645  -0.3576   0.8621  -0.0945  -0.3109
  0.1196   0.7470  -0.3695   0.8824  -0.0843  -0.3251
  0.0869   0.0581  -0.2496   0.8584  -0.0481  -0.1055
  0.0771   0.0018  -0.2374   0.7812  -0.0288  -0.1298
  0.0664   0.4689  -0.1367   1.0177   0.0354  -0.2830
 -0.0212   0.5438  -0.1792   1.0880  -0.0151  -0.2915
 -0.0206   0.4844  -0.2292   0.9898  -0.0414  -0.2602
 -0.0269   0.5024  -0.2460   0.9594  -0.0487  -0.2809
 -0.0197   0.5167  -0.2656   0.9694  -0.0503  -0.2932
  0.0100   0.4924  -0.2868   0.9340  -0.0522  -0.2911
 -0.0053   0.3611  -0.1496  -0.1756  -0.1186  -0.1566
 -0.0400  -0.3596  -0.0976  -0.6333  -0.1127   0.1874
 -0.0565  -0.2409  -0.1324  -0.6654  -0.1278   0.0821
 -0.0000  -0.1077  -0.0217  -0.2943  -0.0072   0.0129
  0.0065   0.0451   0.0043  -0.1980   0.0015  -0.0358
  0.0118   0.1544  -0.0965  -0.1607  -0.0629  -0.0814
  0.0103   0.0606  -0.0978  -0.0779  -0.0657  -0.0370
  0.0097   0.0598  -0.0683  -0.0719  -0.0547  -0.0554
  0.0213  -0.0201  -0.0501  -0.0146  -0.0495  -0.0189
  0.0220  -0.0271  -0.0370  -0.0031  -0.0470  -0.0129
  0.0306  -0.0621  -0.0280   0.0249  -0.0492   0.0094
  0.0324  -0.0738  -0.0275   0.0801  -0.0501   0.0226
  0.0335  -0.0674  -0.0282   0.0794  -0.0437   0.0165
  0.0352  -0.1240  -0.0338   0.1080  -0.0389   0.0476
  0.0405  -0.1010  -0.0277   0.1171  -0.0311   0.0410
  0.0387  -0.1193  -0.0243   0.1506  -0.0282   0.0421
  0.0432  -0.1063  -0.0226   0.1872  -0.0289   0.0407
  0.0434  -0.1069  -0.0079   0.1715  -0.0290   0.0330
  0.0447  -0.1362  -0.0058   0.1585  -0.0328   0.0507
  0.0434  -0.1271  -0.0213   0.1550  -0.0383   0.0579
  0.0298  -0.0908  -0.0435   0.0155  -0.0489   0.0643
  0.0253  -0.5276  -0.0694  -0.3760  -0.0396   0.2224
  0.0320  -0.5161  -0.0345  -0.1610  -0.0130   0.2014
  0.0457  -0.0904  -0.0258  -0.4419  -0.0245  -0.1067
  0.0650   0.3773  -0.1458  -1.1943  -0.1210   0.0045
  0.0574   0.0562  -0.2031  -0.7785  -0.1071   0.0671
  0.0347  -0.0959  -0.1236  -0.7827  -0.0748   0.1134
  0.0372  -0.0224  -0.1053  -0.6685  -0.0641   0.0914
  0.0537  -0.0244  -0.1276  -0.5292  -0.0694   0.0702
  0.0677  -0.1778  -0.1121  -0.4964  -0.0818   0.0730
  0.0780  -0.1927  -0.0792  -0.5056  -0.0654   0.0877
  0.0850  -0.2112  -0.0774  -0.5055  -0.0639   0.1030
  0.0931  -0.2057  -0.0612  -0.5238  -0.0581   0.1001
  0.0837  -0.1620  -0.0414  -0.7061  -0.0577   0.0973
  0.0777  -0.0947  -0.0202  -0.3829  -0.0458   0.1024
  0.0847   0.0067   0.0125  -0.2626  -0.0775   0.0617
  0.0341  -0.0023   0.0677   0.0077  -0.0297   0.0551
  0.0280  -0.1320   0.0449  -0.2063  -0.0453   0.0295
  0.0251  -0.2944   0.0117  -0.3696  -0.0785   0.0979
 -0.0110  -0.2131   0.0377  -0.1751  -0.0420   0.1021
 -0.0346  -0.0344   0.0432   0.0197  -0.0455   0.0409
 -0.0771   0.0643  -0.0022   0.0044  -0.0727  -0.0030
 -0.0811   0.0210   0.0707   0.0371  -0.0215   0.0182
 -0.0507   0.0685   0.0602   0.0528  -0.0237  -0.0321
  0.0406  -0.0602  -0.1052   0.3025  -0.1415  -0.0214
  0.0095   0.3103  -0.2105   0.9496  -0.2638  -0.1095
 -0.0583   0.1982   0.1004   1.5737   0.0084  -0.0020
  0.0235  -0.4189   0.3138   0.8445   0.2171   0.0762
 -0.0971  -0.2983   0.1439  -0.6631   0.0141   0.1276
 -0.0906  -0.4899   0.1079  -0.8368   0.0529   0.1814
 -0.0707  -0.5905   0.1272  -0.8173   0.0774   0.2319
 -0.0753  -0.5546   0.1274  -0.7250   0.0861   0.2715
 -0.0319  -0.4430   0.1047  -0.6424   0.0960   0.2677
 -0.0437  -0.5388   0.1155  -0.6464   0.0958   0.2896
 -0.0687  -0.6434   0.1250  -0.6924   0.0980   0.3077
 -0.0637  -0.5633   0.1203  -0.7093   0.0984   0.3183
 -0.0713  -0.4842   0.1027  -0.6985   0.1018   0.3079
 -0.0779  -0.4492   0.1048  -0.6971   0.0847   0.2895
 -0.0886  -0.4826   0.1194  -0.7532   0.0908   0.2883
 -0.0925  -0.4875   0.1206  -0.7635   0.0868   0.2839
 -0.0971  -0.3637   0.0999  -0.6547   0.0675   0.2232
 -0.0563  -0.4624   0.0401   0.4901   0.0300   0.1509
 -0.0670  -0.6820   0.1401   1.2306   0.1150   0.2194
 -0.0716  -0.6173   0.1465   0.8747   0.1002   0.1713
 -0.0772  -0.6429   0.1241   0.6338   0.0764   0.1972
 -0.1321  -0.6972   0.1232   0.4624   0.0712   0.2145
 -0.2262  -0.1829   0.0580   0.4875   0.0300   0.0302
 -0.1812  -0.3075   0.0713   0.5708   0.0381   0.0848
 -0.1505  -0.4018   0.0901   0.5178   0.0518   0.1090
 -0.1321  -0.4473   0.0919   0.5156   0.0558   0.1204
 -0.1160  -0.4426   0.0781   0.5230   0.0474   0.1266
 -0.0902  -0.5033   0.0881   0.4879   0.0308   0.1561
 -0.1022  -0.4838   0.1177   0.4050   0.0399   0.1477
 -0.1048  -0.4481   0.0687   0.3249   0.0166   0.1344
 -0.1137  -0.3835   0.0616   0.2527   0.0197   0.0904
 -0.1124  -0.3567   0.0635   0.2044   0.0150   0.0938
 -0.1057  -0.3383   0.0238   0.2560   0.0081   0.0875
 -0.1214  -0.3675   0.0517   0.1805   0.0055   0.0564
 -0.1222  -0.3447   0.0573   0.1435   0.0097   0.0529
 -0.1197  -0.4272   0.1038   0.0812   0.0367   0.1026
 -0.1437  -0.4813   0.1274  -0.0652   0.0388   0.1361
 -0.1501  -0.4395   0.0677  -0.0737   0.0002   0.1167
 -0.1742  -0.3868   0.0726  -0.2642   0.0049   0.1255
 -0.1594  -0.4248   0.0050  -0.2151  -0.0179   0.1418
 -0.1055  -0.2950   0.0114   0.1425  -0.0109   0.1132
 -0.1362  -0.0839   0.0088  -0.1785  -0.0293  -0.0238
 -0.1825  -0.5122   0.0217  -0.9659  -0.0114   0.2177
 -0.1360  -0.5587   0.0694  -0.7430  -0.0171   0.1949
 -0.1103  -0.5353   0.0555  -0.5926  -0.0093   0.1883
 -0.0611  -0.4430   0.0484  -0.4452  -0.0020   0.1654
 -0.0750  -0.1510   0.0619  -0.2457  -0.0038   0.0821
 -0.1298  -0.0668   0.0552  -0.0973   0.0070   0.0506
 -0.1287  -0.0254   0.0452  -0.0283   0.0051   0.0095
 -0.1328   0.0899   0.0345  -0.0258   0.0025  -0.0525
 -0.1354   0.1327   0.0713  -0.0263   0.0228  -0.0728
 -0.1052  -0.0036   0.0692   0.2367   0.0167  -0.0698
 -0.0327  -0.2327   0.1877   0.7425   0.1015   0.0141
 -0.1315   0.0033   0.1689   0.8107   0.0704  -0.1189
 -0.2220   0.3816  -0.1121   0.5729  -0.3001  -0.1968
  0.0830  -0.0422  -0.0469   1.1446   0.1008   0.0174
 -0.1266  -0.7817   0.3238  -0.5251   0.0903   0.2614
 -0.1322  -0.5047   0.3297   0.2848   0.1013   0.1047
 -0.0974  -1.0836   0.2712  -0.8454   0.1094   0.5270
 -0.1111  -0.8026   0.1926  -0.9880   0.0063   0.3995
 -0.0353  -1.1075   0.2128  -0.2202   0.1259   0.3432
  0.0124  -0.9071   0.0804  -0.5592   0.0457   0.3957
 -0.0737  -1.6112   0.1940  -0.7491   0.0994   0.6548
