  0.1828   0.2172  -0.0580   0.0756   0.0430  -0.0135
  0.1245   0.1491  -0.0913   0.0778   0.0650  -0.0339
  0.1145   0.1794  -0.0398  -0.0064   0.0489  -0.0217
  0.1157   0.1970  -0.0309  -0.0255   0.0392  -0.0486
  0.1070   0.2293  -0.0391  -0.0651   0.0481  -0.0450
  0.1264   0.2425  -0.0229  -0.0249   0.0536  -0.0289
  0.0721   0.2569  -0.0140  -0.0375   0.0778  -0.0832
  0.0974   0.3352  -0.0308   0.0023   0.0675  -0.0426
  0.0388   0.2350  -0.0397   0.0385   0.0453  -0.0479
  0.0315   0.2997  -0.0937   0.0200   0.0386  -0.0176
  0.0118   0.0653   0.0525   0.1243   0.0757   0.0370
  0.0337  -0.0344   0.0778   0.2028   0.0928   0.0284
  0.0383   0.0145   0.0587   0.1863   0.0896  -0.0016
  0.0761   0.0430   0.0215   0.2093   0.0817   0.0292
  0.0836   0.0574   0.0104   0.1818   0.0710   0.0132
  0.1180   0.0921  -0.0022   0.2011   0.0732   0.0281
  0.1402   0.0797   0.0133   0.1997   0.0866   0.0277
  0.0491   0.0882   0.0594   0.0934   0.0874  -0.0055
  0.0465   0.1579   0.0227  -0.0252   0.0618  -0.0110
  0.0486   0.1372  -0.0616   0.0511   0.0444   0.0009
  0.0643   0.0987  -0.0619   0.0526   0.0514  -0.0013
  0.0871   0.0970  -0.0156   0.0076   0.0472   0.0037
  0.0867   0.0962  -0.0204   0.0648   0.0530   0.0135
  0.0885   0.0798  -0.0084   0.0735   0.0677   0.0031
  0.0740   0.0768  -0.0110   0.0635   0.0524   0.0081
  0.0765   0.0692  -0.0262   0.0539  -0.0043   0.0256
  0.0682   0.0407  -0.0223   0.0762   0.0332   0.0100
  0.0600   0.0308  -0.0023   0.0457   0.0357   0.0048
  0.0422   0.0301  -0.0050   0.0961   0.0507   0.0154
  0.0546   0.0238  -0.0170   0.1329   0.0580   0.0054
  0.0268   0.0845  -0.0422   0.1018   0.0575   0.0090
  0.0284   0.0576  -0.0421   0.1044   0.0497   0.0127
  0.0197   0.0141  -0.0418   0.1038   0.0447  -0.0020
  0.0173   0.0058  -0.0477   0.1802   0.0501   0.0340
  0.0157  -0.0106  -0.0498   0.1819   0.0493   0.0175
 -0.0068  -0.0099  -0.0622   0.1251   0.0308   0.0170
 -0.0042  -0.0050  -0.0614   0.1364   0.0303   0.0266
  0.0002  -0.0220  -0.0560   0.1351   0.0309   0.0078
  0.0143  -0.0133  -0.0751   0.1419   0.0235   0.0244
  0.0456  -0.0294  -0.0237   0.1423   0.0378   0.0013
  0.0440   0.0013  -0.0420   0.1784   0.0227   0.0303
  0.0099   0.0196  -0.0491   0.1489   0.0223   0.0106
  0.0274   0.0383  -0.0587   0.1180   0.0009   0.0164
  0.0355   0.0062  -0.0452   0.0881   0.0030   0.0005
  0.0645   0.0349  -0.0633   0.1295  -0.0120   0.0143
  0.0449   0.0220  -0.0875   0.1554  -0.0142   0.0093
  0.0288   0.0505  -0.0993   0.1140  -0.0176  -0.0082
  0.0114   0.0655  -0.0922   0.0856  -0.0296   0.0300
 -0.0052   0.0426  -0.0882   0.0533  -0.0326  -0.0239
  0.0952   0.0899  -0.0732   0.0216  -0.0143  -0.0355
  0.0173  -0.0448  -0.0194   0.0569   0.0033   0.0121
 -0.0203  -0.0214  -0.0145   0.0612  -0.0081   0.0240
 -0.0040  -0.0117  -0.0300   0.0862  -0.0298   0.0170
  0.0103  -0.0303  -0.0710   0.1315  -0.0401   0.0326
  0.0192  -0.0402  -0.0534   0.1034  -0.0378   0.0374
 -0.0132  -0.0501  -0.0260   0.0451  -0.0505   0.0162
 -0.0562  -0.0731  -0.0127   0.0835  -0.0344   0.0399
 -0.0435  -0.1319   0.0116   0.0795  -0.0105   0.0216
 -0.0226  -0.0957  -0.0041   0.1055  -0.0223   0.0439
 -0.0302  -0.0969  -0.0234   0.1019  -0.0257   0.0260
 -0.0327  -0.1088  -0.0512   0.1205  -0.0338   0.0380
 -0.0306  -0.0968  -0.0727   0.1738  -0.0426   0.0570
 -0.0289  -0.1306  -0.0701   0.1358  -0.0479   0.0373
 -0.0254  -0.0940  -0.0881   0.1404  -0.0556   0.0537
 -0.0180  -0.1424  -0.0102   0.0146  -0.0002   0.0198
 -0.0433  -0.1405  -0.0451   0.0669  -0.0229   0.0379
 -0.0817  -0.1406  -0.0167   0.1327   0.0063   0.0400
 -0.1440  -0.1524  -0.0043   0.1380   0.0014   0.0295
 -0.1108  -0.1596   0.0054   0.1551   0.0053   0.0585
 -0.0884  -0.1625  -0.0359   0.1750  -0.0178   0.0420
 -0.0465  -0.0469  -0.1082   0.1612  -0.0235   0.0232
 -0.0757  -0.0439  -0.0616   0.1058  -0.0189   0.0504
 -0.0963  -0.0567  -0.0617   0.0672  -0.0164   0.0033
 -0.0795  -0.0701  -0.0424   0.0666  -0.0208   0.0454
 -0.0988  -0.1042  -0.0388   0.0729  -0.0149   0.0124
 -0.1162  -0.0822  -0.0520   0.0684  -0.0341   0.0208
 -0.0905  -0.0776  -0.0351   0.0141  -0.0342   0.0248
 -0.0889  -0.1289  -0.0505   0.0587  -0.0338   0.0087
 -0.0921  -0.1232  -0.0629   0.1421  -0.0302   0.0286
 -0.1092  -0.0792   0.0072   0.0999   0.0080   0.0031
 -0.0933  -0.1268   0.0070   0.1248  -0.0030   0.0351
 -0.1023  -0.1567   0.0265   0.0978   0.0154   0.0158
 -0.1282  -0.1734   0.0511   0.1133   0.0233   0.0224
 -0.1218  -0.1790   0.0286   0.0478   0.0195   0.0455
 -0.1672  -0.1684   0.0294  -0.0282   0.0121   0.0198
 -0.1568   0.0318   0.0641  -0.0949  -0.0069  -0.0251
 -0.1478   0.0262   0.0296  -0.0237  -0.0216   0.0001
 -0.1222  -0.0325   0.0043   0.0097  -0.0260  -0.0123
 -0.1035  -0.0211  -0.0294   0.0351  -0.0454  -0.0123
 -0.0902  -0.0241  -0.0338   0.0271  -0.0547  -0.0172
 -0.0819  -0.0520  -0.0099   0.0087  -0.0369  -0.0300
 -0.0551  -0.0628  -0.0083   0.0026  -0.0454   0.0052
 -0.0711  -0.0693  -0.0170  -0.0409  -0.0497  -0.0310
 -0.0641  -0.0475  -0.0161  -0.0127  -0.0569  -0.0158
 -0.0461  -0.0115  -0.0206   0.0040  -0.0601  -0.0170
  0.0361  -0.0405   0.0684   0.0074   0.0029  -0.0143
 -0.0204  -0.0739   0.0875  -0.1456   0.0802  -0.0098
 -0.0085  -0.0347   0.0665  -0.1942   0.0546  -0.0207
 -0.0138  -0.0592   0.0449  -0.1519   0.0534   0.0059
 -0.0168  -0.1033   0.0450  -0.1283   0.0369  -0.0143
 -0.0130  -0.0980   0.0466  -0.0911   0.0429   0.0207
 -0.0282  -0.1132   0.0337  -0.0720   0.0304  -0.0129
 -0.0271  -0.1082   0.0054  -0.0469   0.0156   0.0103
 -0.0721  -0.1127  -0.0178  -0.0735   0.0328  -0.0133
 -0.0575  -0.0976  -0.0058  -0.0984   0.0264   0.0122
 -0.0715  -0.0362   0.0453  -0.1468   0.0472  -0.0252
 -0.0653  -0.0613  -0.0018  -0.0876   0.0259   0.0010
 -0.0553  -0.1033  -0.0134  -0.0475   0.0130  -0.0014
 -0.0548  -0.0905  -0.0409  -0.0394  -0.0184   0.0098
 -0.0434  -0.0950  -0.0692  -0.0255  -0.0232   0.0250
 -0.0459  -0.1167  -0.0706  -0.0667  -0.0410   0.0131
 -0.0431  -0.1084  -0.0498  -0.0622  -0.0353   0.0345
 -0.0346  -0.1227  -0.0384  -0.0901  -0.0312  -0.0047
 -0.0419  -0.0924  -0.0584  -0.0901  -0.0422   0.0231
 -0.0298  -0.0867  -0.0427  -0.0725  -0.0169  -0.0125
 -0.0403  -0.0597  -0.0601  -0.0371  -0.0442   0.0205
 -0.0354  -0.0763   0.0003  -0.0843  -0.0024   0.0269
 -0.0345  -0.1393  -0.0238  -0.0478   0.0066   0.0252
 -0.0497  -0.1469  -0.0165  -0.0314   0.0056  -0.0056
 -0.0571  -0.1526  -0.0161  -0.0130  -0.0023  -0.0015
 -0.0391  -0.1282  -0.0328   0.0066  -0.0078   0.0313
 -0.0142  -0.1352  -0.0235  -0.0131  -0.0320   0.0330
  0.0072  -0.1138  -0.0219  -0.0817  -0.0391  -0.0043
 -0.0123  -0.1003  -0.0207  -0.0593  -0.0386  -0.0086
  0.0070  -0.0801  -0.0141  -0.0948  -0.0414   0.0177
  0.0537  -0.0100  -0.0223  -0.1707  -0.0678   0.0142
  0.0170   0.0214  -0.0197  -0.2339  -0.0468  -0.0204
  0.0994   0.2904   0.1071  -0.2151  -0.0335  -0.0258
  0.0183   0.0930   0.1263  -0.2467  -0.0063  -0.0427
 -0.0342   0.0099   0.1077  -0.1835   0.0161  -0.0389
 -0.0327   0.0001   0.0710  -0.1137   0.0366  -0.0424
  0.0376   0.0035   0.0381  -0.1041  -0.0143  -0.0341
  0.0678  -0.0744   0.0748  -0.0767   0.0096  -0.0232
  0.0356  -0.0358   0.1277  -0.1428   0.0264   0.0001
  0.0187   0.0013   0.1058  -0.1708  -0.0111  -0.0144
  0.1329   0.2168   0.0702  -0.2448   0.0227  -0.0574
  0.1108   0.1938   0.0695  -0.3154  -0.0011  -0.0235
  0.0871   0.0851   0.0454  -0.2065  -0.0087  -0.0144
  0.0732   0.0312   0.0753  -0.1638   0.0114  -0.0003
  0.0219   0.0183   0.0710  -0.1989  -0.0112  -0.0420
  0.0291   0.0273   0.0565  -0.1512  -0.0049  -0.0149
  0.0002   0.0023   0.0948  -0.1004   0.0338  -0.0151
  0.0038  -0.0321   0.0848  -0.0902   0.0348  -0.0180
 -0.0094  -0.0403   0.1129  -0.0556   0.0444   0.0066
 -0.0237  -0.0433   0.0689  -0.0896   0.0247  -0.0376
  0.0191  -0.0382   0.0512  -0.0722   0.0309   0.0046
  0.0124  -0.0779   0.0637  -0.0536   0.0442  -0.0157
  0.0235  -0.0506   0.1032  -0.0116   0.0616   0.0074
  0.0087  -0.0671   0.0888  -0.0022   0.0460  -0.0086
  0.0323  -0.0734   0.0900   0.0475   0.0145   0.0130
  0.0178   0.0245   0.0857   0.0016   0.0286  -0.0235
  0.0517   0.0536   0.0902  -0.0274   0.0126  -0.0095
  0.0694   0.0551   0.0628  -0.0249   0.0135  -0.0417
  0.0624   0.0846   0.0653  -0.0726   0.0068  -0.0442
  0.0588   0.0747   0.0416  -0.0884  -0.0023  -0.0493
  0.0832   0.0602   0.0452  -0.1063  -0.0071  -0.0475
  0.0587   0.0569   0.0586  -0.1194  -0.0179  -0.0430
  0.0632   0.0972   0.0410  -0.0928  -0.0355  -0.0103
  0.0524   0.0770   0.0398  -0.0912  -0.0398  -0.0266
  0.0381   0.0656   0.0404  -0.0698  -0.0428   0.0036
 -0.0458   0.2896   0.0675  -0.2279  -0.0335  -0.0683
 -0.0679   0.3064   0.0788  -0.2770  -0.0342  -0.0504
 -0.0320   0.2727   0.0481  -0.2320  -0.0440  -0.0462
 -0.0344   0.1851   0.0403  -0.1208  -0.0436  -0.0197
 -0.0097   0.1167   0.0205  -0.0810  -0.0309  -0.0369
  0.0105   0.0843   0.0245  -0.0835  -0.0477  -0.0058
 -0.0105   0.0554   0.0222  -0.0743  -0.0368  -0.0194
  0.0062   0.0636  -0.0096  -0.0698  -0.0570  -0.0155
  0.0026   0.0606   0.0057  -0.0862  -0.0800  -0.0039
 -0.0140  -0.0008  -0.0088  -0.1500  -0.0575  -0.0348
 -0.0058  -0.0011  -0.0202  -0.0571  -0.0814   0.0066
  0.0095  -0.0040  -0.0110  -0.0582  -0.0980  -0.0158
  0.0256   0.0069   0.0014  -0.0048  -0.0911   0.0035
  0.0224   0.0009   0.0111  -0.0210  -0.0901  -0.0246
  0.0158  -0.0179   0.0361  -0.0177  -0.0771  -0.0008
  0.0265  -0.0192   0.0147  -0.0266  -0.0893  -0.0213
  0.0308   0.0444   0.0322  -0.0815  -0.0660  -0.0205
  0.0213   0.0371   0.0194  -0.0454  -0.0696  -0.0117
 -0.0125   0.0127   0.0279  -0.0443  -0.0715  -0.0239
  0.0257   0.0019   0.0156   0.0027  -0.0782   0.0108
