  0.1799   0.3362  -0.0212  -0.1456   0.0061  -0.0596
  0.2352   0.4902   0.0211  -0.1282  -0.0413  -0.0679
  0.2240   0.3552   0.0450  -0.0490  -0.0572  -0.0542
  0.1364   0.4533   0.0659  -0.0766  -0.0537  -0.0926
  0.1968   0.4765   0.0194  -0.0862  -0.0403  -0.0868
  0.1923   0.4001   0.0485   0.0004  -0.0240  -0.0766
  0.1822   0.3807   0.0684   0.0046  -0.0353  -0.0802
  0.1602   0.3394   0.0574   0.0334  -0.0362  -0.0808
  0.1761   0.3106   0.0438   0.0407  -0.0206  -0.0639
  0.1665   0.3194   0.0383   0.0051  -0.0254  -0.0556
  0.1706   0.2991   0.0489   0.0258  -0.0295  -0.0474
  0.1595   0.3187   0.0380   0.0373  -0.0186  -0.0569
  0.1797   0.2826   0.0439   0.0453  -0.0085  -0.0473
  0.1699   0.2079   0.0542   0.0752  -0.0211  -0.0272
  0.1675   0.1907   0.0555   0.0872  -0.0335  -0.0211
  0.1698   0.2049   0.0443   0.0933  -0.0237  -0.0241
  0.1751   0.2134   0.0325   0.0890  -0.0099  -0.0284
  0.1572   0.1828   0.0275   0.0930  -0.0197  -0.0234
  0.1469   0.0941   0.0237   0.1081  -0.0475   0.0029
  0.1480   0.1105   0.0420   0.1194  -0.0342  -0.0005
  0.1513   0.1598   0.0339   0.0965  -0.0178  -0.0241
  0.1390   0.2248   0.0324   0.0828  -0.0141  -0.0572
  0.1526   0.2036   0.0330   0.0881  -0.0262  -0.0404
  0.1370   0.3205   0.0195   0.0930  -0.0289  -0.1022
  0.1661   0.2613   0.0241   0.0769  -0.0029  -0.0662
  0.1717   0.2202   0.0237   0.0948  -0.0032  -0.0484
  0.1871   0.3178   0.0184  -0.0077   0.0013  -0.0705
  0.1590   0.2636   0.0172  -0.0116  -0.0288  -0.0615
  0.1559   0.1382  -0.0042   0.0177  -0.0487  -0.0217
  0.1508   0.1276  -0.0009   0.0241  -0.0290  -0.0201
  0.1494   0.1355   0.0002   0.0222  -0.0256  -0.0124
  0.1496   0.1492  -0.0006   0.0268  -0.0129  -0.0179
  0.1532   0.1518   0.0009   0.0326  -0.0117  -0.0215
  0.1354   0.1403   0.0079   0.0425  -0.0247  -0.0181
  0.1332   0.1433   0.0084   0.0404  -0.0253  -0.0196
  0.1265   0.1440   0.0121   0.0397  -0.0258  -0.0219
  0.1101   0.1408   0.0122   0.0339  -0.0318  -0.0220
  0.0979   0.1387   0.0408   0.0496  -0.0410  -0.0166
  0.0699   0.1122   0.0351   0.0559  -0.0599  -0.0121
  0.0544   0.0948   0.0281   0.0661  -0.0683  -0.0097
  0.0631   0.1000   0.0380   0.0619  -0.0600  -0.0087
  0.0601   0.1073   0.0481   0.0545  -0.0389  -0.0144
  0.0746   0.1125   0.0354   0.0678  -0.0426  -0.0138
  0.0866   0.0789  -0.0352   0.1066  -0.0500  -0.0053
  0.0814   0.0623  -0.0406   0.1117  -0.0556  -0.0003
  0.0771   0.0389  -0.0451   0.1107  -0.0485   0.0002
 -0.0100   0.0633  -0.0099   0.0528  -0.0767  -0.0041
 -0.0538   0.0748  -0.0144   0.0934  -0.0804  -0.0347
 -0.0268   0.0571  -0.0301   0.1054  -0.0608  -0.0141
 -0.0130   0.0389   0.0000   0.1101  -0.0535  -0.0106
  0.0270   0.1071   0.0333   0.0741  -0.0376  -0.0130
  0.0156   0.0885   0.0152   0.0892  -0.0503  -0.0142
  0.0182   0.0210   0.0129   0.0669  -0.1037   0.0141
 -0.3017   0.0315   0.1452  -0.0149  -0.1135  -0.0007
 -0.0683  -0.0470   0.0980  -0.0138   0.0045   0.0203
 -0.0422   0.0368   0.1090  -0.0357  -0.0082   0.0177
 -0.0366   0.0203   0.1048  -0.0208  -0.0095   0.0179
 -0.0255   0.0076   0.0900   0.0340  -0.0228   0.0219
 -0.0275   0.0245   0.0818   0.0403  -0.0051   0.0158
 -0.0094   0.0337   0.0719   0.0133   0.0234   0.0116
 -0.0149   0.0694   0.0702   0.0295   0.0071  -0.0055
 -0.0145   0.0573   0.0697   0.0324   0.0118   0.0012
 -0.0188   0.0514   0.0833   0.0316   0.0164  -0.0023
 -0.0128   0.0519   0.0759   0.0293   0.0184   0.0011
 -0.0124   0.0397   0.0634   0.0136   0.0277   0.0014
 -0.0243   0.0205   0.0583  -0.0013   0.0014   0.0063
 -0.0154   0.0223   0.0544  -0.0004   0.0073   0.0033
 -0.0192   0.0284   0.0663  -0.0090   0.0136  -0.0027
 -0.0306   0.0249   0.0719  -0.0082   0.0077  -0.0006
 -0.0326   0.0262   0.0742  -0.0192   0.0133   0.0048
 -0.0307   0.0101   0.0530   0.0157   0.0259   0.0035
 -0.0277   0.0101   0.0481   0.0150   0.0228   0.0040
 -0.0307   0.0056   0.0397  -0.0021   0.0317   0.0043
 -0.0223   0.0133   0.0382  -0.0302   0.0346  -0.0009
  0.0036   0.0342   0.0624  -0.1415   0.0255   0.0100
 -0.0190  -0.0018   0.0681  -0.1344   0.0012   0.0147
 -0.0186  -0.0216   0.0492  -0.0537  -0.0095   0.0195
 -0.0246  -0.0473   0.0758  -0.0168  -0.0542   0.0245
 -0.0290  -0.0389   0.0918  -0.0542   0.0173   0.0282
 -0.0373  -0.0398   0.0913  -0.0643   0.0027   0.0277
 -0.0267  -0.0786   0.0649  -0.0125  -0.0006   0.0319
 -0.0400  -0.0414   0.0794  -0.0442   0.0125   0.0330
 -0.0480  -0.0376   0.0771  -0.0482   0.0043   0.0289
 -0.0429  -0.0672   0.0739  -0.0058  -0.0136   0.0306
 -0.0414  -0.0562   0.0654  -0.0045  -0.0004   0.0257
 -0.0369  -0.0666   0.0626  -0.0703   0.0225   0.0293
 -0.0418  -0.0860  -0.0532  -0.0555   0.0108   0.0292
 -0.0420  -0.0373  -0.0442  -0.0362  -0.0087   0.0142
 -0.0401  -0.0799  -0.0454  -0.0242  -0.0026   0.0275
 -0.0286  -0.0984  -0.0474  -0.0413   0.0054   0.0366
 -0.0297  -0.1255  -0.0570  -0.0300   0.0078   0.0400
 -0.0278  -0.1300  -0.0492  -0.0154  -0.0010   0.0393
 -0.0264  -0.1172  -0.0396  -0.0308   0.0022   0.0375
 -0.0290  -0.1237  -0.0598  -0.0230   0.0120   0.0375
 -0.0322  -0.1199  -0.0779  -0.0015   0.0140   0.0347
 -0.0241  -0.1149  -0.0663  -0.0169   0.0057   0.0322
 -0.0275  -0.1173  -0.0736  -0.0117   0.0132   0.0266
 -0.0381  -0.1327  -0.0813  -0.0168  -0.0117   0.0328
 -0.0437  -0.1175  -0.0703  -0.0204  -0.0018   0.0339
 -0.0402  -0.1202  -0.0730  -0.0279   0.0063   0.0389
 -0.0313  -0.1032  -0.0745  -0.0403   0.0067   0.0309
 -0.0391  -0.1239  -0.0694  -0.0275  -0.0207   0.0373
 -0.0408  -0.1103  -0.0780  -0.0216  -0.0036   0.0287
 -0.0472  -0.1343  -0.0662  -0.0047  -0.0117   0.0350
 -0.0489  -0.1328  -0.0734  -0.0005  -0.0052   0.0298
 -0.0439  -0.1265  -0.0895   0.0207  -0.0629   0.0349
  0.0029   0.1442  -0.0415   0.0205  -0.1950  -0.0297
 -0.0297   0.0749   0.0093  -0.1399  -0.0350  -0.0150
 -0.0361  -0.0120   0.0150  -0.1057  -0.0101   0.0024
 -0.0383  -0.0422   0.0030  -0.0966   0.0082   0.0118
 -0.0312   0.0498   0.0089  -0.1018   0.0273  -0.0130
 -0.0553   0.1109   0.0475  -0.0800   0.0172  -0.0262
 -0.0502   0.0487   0.0407  -0.0593   0.0087  -0.0110
 -0.0423   0.0267   0.0423  -0.0759   0.0087  -0.0072
 -0.0300   0.0173   0.0357  -0.1155   0.0167   0.0004
 -0.0404  -0.0134  -0.0004  -0.0432   0.0257   0.0070
 -0.0375  -0.0146  -0.0018  -0.0732   0.0425   0.0020
 -0.0544  -0.0140  -0.0018  -0.0988   0.0425   0.0059
 -0.0439  -0.0084   0.0062  -0.1093   0.0459   0.0007
 -0.0490  -0.0316   0.0032  -0.0712   0.0336  -0.0037
 -0.0428  -0.0351   0.0061  -0.0743   0.0303  -0.0066
 -0.0357  -0.0562   0.0005  -0.0517   0.0123   0.0041
 -0.0313  -0.0396  -0.0023  -0.0677   0.0396   0.0018
 -0.0300  -0.0340  -0.0179  -0.0676   0.0568   0.0088
 -0.0359  -0.0614  -0.0348  -0.0356   0.0527   0.0070
 -0.0381  -0.0565  -0.0372  -0.0428   0.0548   0.0002
 -0.0140  -0.0374  -0.0517  -0.0338   0.0689   0.0015
  0.0117  -0.0501  -0.0463  -0.0374   0.0560   0.0081
 -0.0014  -0.0616  -0.0507  -0.0333   0.0541   0.0066
  0.0049  -0.0537  -0.0541  -0.0415   0.0572   0.0039
 -0.0092  -0.0722  -0.0533  -0.0269   0.0610   0.0027
 -0.0164  -0.0726  -0.0554  -0.0185   0.0645   0.0015
 -0.0096  -0.0830  -0.0474  -0.0117   0.0650   0.0041
 -0.0124  -0.0950  -0.0514  -0.0005   0.0472   0.0116
 -0.0140  -0.1123  -0.0610   0.0126   0.0540   0.0116
 -0.0132  -0.1003  -0.0663   0.0006   0.0630   0.0087
 -0.0101  -0.0971  -0.0718   0.0104   0.0671   0.0087
 -0.0136  -0.1054  -0.0687   0.0243   0.0644   0.0081
 -0.0208  -0.1032  -0.0703   0.0251   0.0543   0.0065
 -0.0269  -0.1130  -0.0850   0.0323   0.0581   0.0062
 -0.0291  -0.1063  -0.0987   0.0166   0.0704  -0.0013
 -0.0264  -0.1105  -0.0807   0.0039   0.0572  -0.0008
 -0.0285  -0.1262  -0.0770   0.0177   0.0412  -0.0006
 -0.0361  -0.1120  -0.0712  -0.0089   0.0368  -0.0061
 -0.0318  -0.1110  -0.0742  -0.0091   0.0523  -0.0030
 -0.0313  -0.1233  -0.0876  -0.0051   0.0377  -0.0037
 -0.0457  -0.1270  -0.0833  -0.0138   0.0294  -0.0020
 -0.0375  -0.1220  -0.1047  -0.0167   0.0472   0.0021
 -0.0410  -0.1471  -0.0937  -0.0202   0.0239   0.0125
 -0.0539  -0.1571  -0.0998  -0.0008   0.0232   0.0116
 -0.0676  -0.1612  -0.0646  -0.0302   0.0151   0.0170
 -0.0598  -0.1491  -0.0640  -0.0293   0.0160   0.0225
 -0.0827  -0.1754  -0.0606   0.0191  -0.0119   0.0154
 -0.1240  -0.1656   0.0531  -0.0710  -0.0293   0.0123
 -0.1270  -0.1912   0.0492   0.0318  -0.0319   0.0225
 -0.1588  -0.1766   0.0738   0.0013  -0.0371   0.0170
 -0.1335  -0.1822   0.0475  -0.0121  -0.0020   0.0262
 -0.1343  -0.2051   0.0433  -0.0025   0.0012   0.0304
 -0.1082  -0.1940  -0.0304  -0.0355   0.0237   0.0274
 -0.1126  -0.1883  -0.0216  -0.0459   0.0243   0.0322
 -0.1087  -0.2053  -0.0113  -0.0274   0.0121   0.0399
 -0.1193  -0.1995  -0.0358  -0.0058   0.0223   0.0315
 -0.1426  -0.2174   0.0161  -0.0071   0.0004   0.0316
 -0.1262  -0.2157  -0.0068  -0.0081   0.0123   0.0300
 -0.1519  -0.2233   0.0407   0.0139  -0.0230   0.0260
 -0.1697  -0.2223   0.0682   0.0358   0.0022   0.0233
 -0.1607  -0.2111   0.0580   0.0211  -0.0010   0.0195
 -0.1486  -0.2155  -0.0265   0.0269   0.0280   0.0204
 -0.1306  -0.2007  -0.0307  -0.0338   0.0369   0.0186
 -0.1049  -0.1894  -0.1044   0.0393   0.0506   0.0175
 -0.1233  -0.2033  -0.0909   0.0532   0.0205   0.0184
 -0.1299  -0.1996  -0.0364   0.0133   0.0106   0.0228
 -0.0692  -0.1599  -0.1307  -0.0276   0.0571   0.0182
 -0.1051  -0.1797  -0.0686   0.0475   0.0159   0.0141
 -0.1139  -0.1903  -0.0370   0.0870  -0.0131   0.0088
 -0.1432  -0.2053  -0.0268   0.0245   0.0009   0.0060
 -0.1217  -0.1960  -0.0597   0.0044   0.0289   0.0098
 -0.1401  -0.2179  -0.0326   0.0723  -0.0034   0.0091
 -0.1048  -0.1667  -0.0543   0.0440   0.0117   0.0082
 -0.1086  -0.2207  -0.0397   0.0743  -0.0221   0.0141
