 -0.0966   0.3578  -0.2265   0.1433  -0.0735   0.0380
 -0.0855   0.3373  -0.2411   0.1360  -0.0736   0.0102
 -0.0136   0.3864  -0.2507   0.0916  -0.0348  -0.0095
 -0.0760   0.6390  -0.2137   0.0528  -0.0249   0.0031
 -0.0714   0.3555  -0.2214   0.0383  -0.0395  -0.0509
 -0.0684   0.3896  -0.2345   0.0702  -0.0533  -0.0130
 -0.0708   0.4246  -0.2220   0.0950  -0.0663   0.0155
 -0.0757   0.4637  -0.2125   0.1010  -0.0679   0.0120
 -0.0766   0.4820  -0.2060   0.0862  -0.0613  -0.0047
 -0.0902   0.5228  -0.1871  -0.0459  -0.0634  -0.0436
 -0.0827   0.4358  -0.1893  -0.0679  -0.0557  -0.0765
 -0.0511   0.3460  -0.2038  -0.0092  -0.0474  -0.0724
 -0.0007   0.0374  -0.2245  -0.0311  -0.0064  -0.0512
 -0.0414   0.6569  -0.3982  -0.4131  -0.0696  -0.2617
 -0.0597   0.2890  -0.2206  -0.1402  -0.0609  -0.1345
 -0.0694   0.3541  -0.2026  -0.1127  -0.0527  -0.1447
 -0.0659   0.3421  -0.1808  -0.0497  -0.0622  -0.0505
 -0.0812   0.3488  -0.1748  -0.1139  -0.0636  -0.0795
 -0.0817   0.3626  -0.1608  -0.1166  -0.0614  -0.0691
 -0.0961   1.5756  -0.0767  -0.0951  -0.0318   0.0558
 -0.1223   0.9415  -0.1027  -0.2286  -0.0029  -0.1386
 -0.1149   0.6834  -0.1074  -0.2681  -0.0201  -0.1831
 -0.1004   0.6936  -0.1087  -0.2418  -0.0194  -0.1556
 -0.1175   0.6142  -0.0879  -0.1662  -0.0213  -0.1186
 -0.0657   0.2615  -0.0923  -0.1696   0.0085  -0.1546
 -0.0693   0.3444  -0.0897  -0.1818  -0.0110  -0.1415
 -0.0635   0.3825  -0.1002  -0.1320  -0.0213  -0.1119
 -0.0129   0.1603  -0.0797  -0.1524  -0.0072  -0.1319
 -0.1009   0.2738  -0.0333  -0.2584  -0.0105  -0.2076
 -0.0620   0.3098  -0.1377  -0.2196   0.0023  -0.1502
 -0.0637   0.3427  -0.1382  -0.1210  -0.0045  -0.1149
 -0.0639   0.3774  -0.1451  -0.0632  -0.0094  -0.1022
 -0.0607   0.4108  -0.1584   0.0510  -0.0071  -0.0375
 -0.0770   0.4216  -0.1495   0.0221  -0.0118  -0.0382
 -0.0748   0.3969  -0.1477   0.0039  -0.0112  -0.0472
 -0.0652   0.3635  -0.1561  -0.0436  -0.0048  -0.0561
 -0.0522   0.3564  -0.1519  -0.0168  -0.0030  -0.0511
 -0.0531   0.3821  -0.1421  -0.0531  -0.0167  -0.0405
 -0.0717   0.2906  -0.1074  -0.1927  -0.0525  -0.1189
 -0.0231   0.3902  -0.0981  -0.2114  -0.0172  -0.1012
 -0.0077   0.2153  -0.1153  -0.1184  -0.0149  -0.0844
 -0.0206   0.0813   0.0397  -0.1026  -0.0321  -0.0727
 -0.0378   0.0995  -0.0358  -0.1487  -0.0274  -0.1390
 -0.0105   0.1632  -0.0551  -0.1355  -0.0117  -0.0959
 -0.0268   0.1451  -0.0129  -0.1729  -0.0272  -0.1011
 -0.0371   0.1853  -0.0135  -0.1541  -0.0350  -0.0914
 -0.0344   0.2318   0.0054  -0.1452  -0.0418  -0.0906
 -0.0411   0.2778  -0.0165   0.0603  -0.0285   0.0135
 -0.0394   0.2422  -0.0229  -0.0859  -0.0234  -0.0684
 -0.0002   0.1649  -0.0739  -0.0129  -0.0126  -0.0362
 -0.0232   0.2327  -0.0647  -0.0471  -0.0235  -0.0745
 -0.0197   0.0956  -0.1153   0.3325  -0.0216   0.0596
 -0.0271   0.1479  -0.0645   0.3235  -0.0273   0.1207
 -0.0675   0.2849   0.0226   0.3118  -0.0117   0.1032
 -0.0084   0.1359  -0.0038   0.3478  -0.0202   0.1285
  0.0374  -0.1145  -0.0681   0.4089  -0.0215   0.1542
 -0.1090  -0.0426   0.0793   0.3768  -0.0769   0.1438
 -0.1041   0.0547   0.0567   0.3545  -0.0679   0.1167
 -0.0829   0.0224   0.0712   0.3297  -0.0588   0.0495
 -0.1109  -0.0470   0.1251   0.3873  -0.0615   0.0979
 -0.0172   0.1090   0.1047   0.2497  -0.0388   0.0758
 -0.0304  -0.5387   0.1932   0.3493  -0.0194   0.1290
  0.0039  -0.3655   0.1355   0.2567  -0.0130   0.0566
 -0.0025  -0.0903   0.0940   0.5105  -0.0120   0.1966
 -0.0013  -0.0923   0.1305   0.3125  -0.0238   0.1236
 -0.0215  -0.1642   0.1633   0.2296  -0.0296   0.0590
  0.0393  -0.1666   0.0757   0.1729   0.0055   0.0373
  0.0027  -0.1741   0.1309   0.1559  -0.0054   0.0352
  0.0076  -0.2157   0.0680   0.2175  -0.0240   0.0747
 -0.0065  -0.1479   0.0831   0.1966   0.0047   0.0755
 -0.0013  -0.1245   0.0836   0.1558   0.0190   0.0722
  0.0050  -0.1086   0.1128   0.1080   0.0359   0.0413
 -0.0151  -0.1490   0.1178   0.1347   0.0301   0.0273
  0.0415  -0.1904   0.1054   0.1223   0.0688   0.0667
  0.0166  -0.1451   0.0501   0.0339   0.0577  -0.0141
  0.0296  -0.1947   0.0664   0.1213   0.0251   0.0110
  0.0147  -0.1810   0.0925   0.0796   0.0186   0.0123
  0.0201  -0.1280   0.1150   0.0896   0.0180   0.0428
  0.0210  -0.1343   0.1150   0.0103   0.0539  -0.0304
  0.0269  -0.1610   0.0944   0.0952   0.0463   0.0110
  0.0309  -0.1940   0.1005   0.0444   0.0345   0.0044
  0.0473  -0.5167   0.1219   0.4868   0.0290   0.2066
  0.0231  -0.2430   0.1368   0.1022   0.0382   0.0429
  0.0292  -0.2903   0.1203   0.1409   0.0324   0.0400
  0.1167  -0.3164   0.0242   0.0906   0.0445  -0.0071
  0.0785  -0.4033   0.0918   0.0167   0.0717   0.0020
  0.0656  -0.3763   0.1179  -0.0136   0.0608  -0.0107
  0.0514  -0.4195   0.1200   0.0342   0.0527   0.0030
  0.0940  -0.4104   0.0868   0.0191   0.0729   0.0168
  0.1075  -0.4214   0.0841  -0.0317   0.0761   0.0149
  0.0570  -0.3813   0.1234  -0.0529   0.0589  -0.0010
  0.0501  -0.3864   0.1338  -0.0504   0.0595  -0.0264
  0.0476  -0.4086   0.1411  -0.0250   0.0555  -0.0113
  0.0617  -0.4369   0.1115  -0.0252   0.0523  -0.0071
  0.0790  -0.4133   0.1309  -0.0365   0.0600   0.0403
  0.1648  -0.3533  -0.2579  -0.1214  -0.0063  -0.0180
  0.0949  -0.4770   0.0226  -0.1564   0.0394   0.0059
  0.1365  -0.5985  -0.0082  -0.1198   0.0665   0.0085
  0.0831  -0.4306   0.0503  -0.1482   0.0552   0.0048
  0.0686  -0.3624   0.0470  -0.1982   0.0497  -0.0088
  0.0528  -0.2243   0.0271  -0.1192   0.0556   0.0317
  0.0593  -0.2241   0.0155  -0.1296   0.0634   0.0133
  0.0618  -0.2450   0.0202  -0.1258   0.0619  -0.0005
  0.0725  -0.2720   0.0332  -0.1074   0.0634  -0.0094
  0.0698  -0.2626   0.0329  -0.0895   0.0703   0.0145
  0.0701  -0.2853   0.0424  -0.0492   0.0733   0.0413
  0.0816  -0.2471   0.0410  -0.0761   0.0668   0.0385
  0.1186  -0.2806   0.0405  -0.1031   0.0738   0.0724
  0.1065  -0.2732   0.0553  -0.0627   0.0540   0.0619
  0.0860  -0.2258   0.0486  -0.0460   0.0335   0.0682
  0.0419  -0.2188   0.0736   0.0106  -0.0237   0.1002
  0.0506  -0.2455   0.1183   0.0406  -0.0173   0.1210
  0.0440  -0.2080   0.1047   0.0466  -0.0157   0.1488
  0.0412  -0.1497   0.1111   0.0618  -0.0261   0.1602
  0.0449  -0.1654   0.1071   0.0963  -0.0266   0.1619
  0.0433  -0.2114   0.1145   0.0654  -0.0252   0.1605
  0.0721  -0.3242   0.1242   0.0722  -0.0051   0.1546
  0.0645  -0.2476   0.1038   0.0619  -0.0036   0.1296
  0.0956  -0.3569   0.0649   0.0482   0.0418   0.1408
  0.1044  -0.7891   0.1538  -0.3063   0.0468  -0.0530
  0.0385  -0.4074   0.1569   0.0147   0.0161   0.1211
  0.0580  -0.3523   0.1599  -0.1419   0.0426   0.0176
  0.0662  -0.4093   0.1861  -0.1055   0.0250   0.0481
  0.0646  -0.3741   0.1751  -0.0696   0.0161   0.0932
  0.0553  -0.1651   0.2778  -0.4033   0.0093  -0.0244
  0.0381  -0.3620   0.2727  -0.5460   0.0121  -0.1092
  0.0429  -0.3483   0.2758  -0.5579   0.0074  -0.0965
  0.0571  -0.4813   0.2313  -0.2286   0.0138   0.0510
