  0.1441  -0.1334  -0.1686  -0.1979   0.1025   0.1343
  0.1362  -0.0880  -0.1607  -0.1811   0.0997   0.1328
  0.1428  -0.0714  -0.1590  -0.1628   0.0926   0.1142
  0.1462  -0.1313  -0.1522  -0.1737   0.1008   0.1071
  0.1369  -0.0858  -0.1614  -0.1219   0.1055   0.1078
  0.1480  -0.1229  -0.1526  -0.1597   0.1095   0.1060
  0.1431  -0.1011  -0.1496  -0.1645   0.1125   0.1594
  0.1486  -0.0770  -0.1482  -0.1693   0.1101   0.1138
  0.1429  -0.1163  -0.1513  -0.1752   0.0872   0.1683
  0.1409  -0.0770  -0.1427  -0.1684   0.1029   0.1527
  0.1466  -0.1071  -0.1331  -0.1771   0.1053   0.1611
  0.1403  -0.0913  -0.1503  -0.1544   0.1087   0.1769
  0.1106  -0.0573  -0.1692  -0.1077   0.0810   0.0932
  0.0985  -0.1221  -0.1653  -0.1784   0.0689   0.1280
  0.1038  -0.1208  -0.1698  -0.1534   0.0791   0.1073
  0.1162  -0.1080  -0.1558  -0.1971   0.0803   0.1354
  0.1205  -0.1111  -0.1638  -0.1799   0.0840   0.1500
  0.1105  -0.0900  -0.1998  -0.1539   0.0429   0.0873
  0.0745  -0.1320  -0.1594  -0.1536   0.0262   0.1064
  0.0808  -0.1164  -0.1715  -0.1148   0.0458   0.0956
  0.0890  -0.0610  -0.1787  -0.1962   0.0438   0.1598
  0.0831  -0.1231  -0.2145  -0.1188   0.0473   0.1784
  0.0712  -0.1148  -0.2140  -0.2438   0.0442   0.1312
  0.0683  -0.1184  -0.1961  -0.1859   0.0518   0.2304
  0.0622  -0.1178  -0.1942  -0.1898   0.0406   0.1362
  0.0603  -0.1245  -0.1845  -0.1466   0.0499   0.1706
  0.0655  -0.0778  -0.1865  -0.1154   0.0500   0.1036
  0.0711  -0.1436  -0.1696  -0.1013   0.0487   0.1121
  0.0620  -0.0951  -0.1730  -0.1058   0.0494   0.1036
  0.0793  -0.1354  -0.1665  -0.1348   0.0612   0.1193
  0.0751  -0.0827  -0.1688  -0.1166   0.0717   0.1280
  0.0843  -0.1051  -0.1641  -0.1587   0.0642   0.1148
  0.0878  -0.1146  -0.1610  -0.1298   0.0768   0.1393
  0.1025  -0.0873  -0.1603  -0.1084   0.1004   0.0701
  0.1122  -0.0973  -0.1574  -0.1396   0.1044   0.0742
  0.1125  -0.0911  -0.1540  -0.1206   0.1099   0.1900
  0.1199  -0.0720  -0.1523  -0.1321   0.1138   0.0848
  0.1267  -0.1012  -0.1436  -0.1340   0.1137   0.0832
  0.1321  -0.0876  -0.1470  -0.1048   0.1317   0.0781
  0.1156  -0.0555  -0.1592  -0.1129   0.1150   0.0754
  0.1353  -0.1175  -0.1554  -0.1264   0.1109   0.0947
  0.1398  -0.0675  -0.1468  -0.1127   0.1360   0.1061
  0.1447  -0.0576  -0.1465  -0.1344   0.1321   0.1226
  0.1177  -0.1098  -0.1524  -0.1481   0.0989   0.1276
  0.1185  -0.0953  -0.1439   0.0245   0.1070   0.0562
  0.1016  -0.1463  -0.1466  -0.0392   0.0872   0.0516
  0.1117  -0.1003  -0.1434  -0.0253   0.1060   0.0634
  0.1136  -0.0911  -0.1479  -0.0317   0.0984   0.0724
  0.1086  -0.1244  -0.1520  -0.0132   0.0978   0.0372
  0.1040  -0.1272  -0.1565   0.0731   0.0914   0.0883
  0.0931  -0.1395  -0.1330  -0.0742   0.0573   0.0543
  0.0888  -0.1040  -0.1376  -0.0748   0.0700   0.1823
  0.1038  -0.0043  -0.1783  -0.1312   0.0834   0.0759
  0.1058  -0.1219  -0.1547  -0.0653   0.0929   0.0987
  0.0668  -0.1690  -0.1605   0.0633   0.0522   0.0007
  0.0340  -0.1471  -0.1067   0.0261   0.0223   0.0730
  0.0801  -0.1244  -0.1481   0.1987  -0.0086   0.2517
  0.1100  -0.1714  -0.1986   0.2521   0.0087   0.1322
  0.0243  -0.2802  -0.0813   0.1148  -0.0129  -0.5157
  0.0298  -0.2085  -0.0837   0.0658   0.0163   0.0972
  0.0037  -0.1824  -0.0677   0.2346  -0.0181   0.0809
 -0.0127  -0.1680  -0.0658   0.0413  -0.0041   0.0279
  0.0010  -0.1338  -0.0581   0.0430   0.0056   0.1074
  0.0081  -0.1757  -0.0613   0.0393   0.0105   0.0228
 -0.0063  -0.1134  -0.0694   0.0803   0.0098   0.0364
  0.0101  -0.1398  -0.0608   0.0705   0.0115   0.0140
 -0.0050  -0.0970  -0.0647   0.0722   0.0016   0.0235
  0.0101  -0.0757  -0.0562   0.0387   0.0012   0.0036
  0.0003  -0.1242  -0.0546   0.0685  -0.0005   0.0281
 -0.0007  -0.0727  -0.0582   0.0944  -0.0024   0.0182
  0.0042  -0.1120  -0.0533   0.0988   0.0021   0.0384
 -0.0242  -0.1010   0.0033   0.0838  -0.0018   0.0398
 -0.0311   0.0150   0.0131  -0.0808  -0.0233   0.0194
 -0.0336  -0.0009  -0.0022  -0.0185  -0.0249   0.0594
 -0.0246   0.0028  -0.0002  -0.0653  -0.0114   0.0363
  0.0163   0.0331   0.0633  -0.1904   0.0294  -0.0105
  0.0243   0.0199   0.0486  -0.1018   0.0403   0.0208
  0.0144   0.0125   0.0523  -0.0772   0.0411   0.0043
  0.0061   0.0276   0.0438  -0.0614   0.0333  -0.0173
  0.0086   0.0389   0.0499  -0.0695   0.0343   0.0022
  0.0079   0.0172   0.0547  -0.0324   0.0295  -0.0030
 -0.0170  -0.0632   0.0251   0.2975  -0.0297  -0.0485
 -0.0843  -0.1631   0.1015   0.3388  -0.1023  -0.0588
 -0.0357   0.0301   0.0836  -0.0482  -0.0329   0.1324
 -0.0432   0.0441   0.0636  -0.0849  -0.0194   0.0521
 -0.0514   0.0268   0.0698  -0.0617  -0.0102   0.0086
 -0.0426   0.0787   0.0655  -0.0748  -0.0063  -0.0217
 -0.0339   0.0640   0.0746  -0.0803   0.0046  -0.0055
 -0.0408   0.1085   0.0628  -0.0586  -0.0042  -0.0132
 -0.0430   0.0676   0.0647  -0.0653  -0.0224  -0.0174
 -0.0605   0.0935   0.0567  -0.0422  -0.0345  -0.0125
 -0.0447   0.0822   0.0604  -0.0765  -0.0318  -0.0214
 -0.0532   0.1526   0.0842  -0.1468  -0.0840   0.0233
 -0.0540   0.0524   0.0649   0.0087  -0.0708  -0.0399
 -0.0828   0.0520   0.0654   0.0363  -0.0818   0.0055
 -0.0924   0.0633   0.0653  -0.0104  -0.1033  -0.0374
 -0.0945   0.0577   0.0760  -0.0205  -0.0961   0.0059
 -0.1043   0.0949   0.0763  -0.0095  -0.0998  -0.0538
 -0.0880   0.0799   0.0781  -0.0356  -0.0953  -0.0430
 -0.0932   0.1056   0.0764   0.0021  -0.0866  -0.0077
 -0.0828   0.1138   0.0780  -0.0070  -0.0835  -0.0342
 -0.0845   0.0691   0.0790  -0.0151  -0.0839  -0.0482
 -0.0953   0.1068   0.0752  -0.0099  -0.0913  -0.0574
 -0.0927   0.1055   0.0761  -0.0383  -0.1036  -0.0467
 -0.0962   0.1084   0.0787  -0.0031  -0.0987   0.0185
 -0.0960   0.1177   0.0760  -0.0185  -0.0932  -0.0595
 -0.0796   0.0883   0.0864  -0.0413  -0.0873  -0.0178
 -0.0900   0.1432   0.0746  -0.0083  -0.0894  -0.0082
 -0.0745   0.0980   0.0832  -0.0489  -0.0783  -0.0520
 -0.0843   0.1145   0.0835  -0.0156  -0.0835  -0.0510
 -0.1010   0.2053   0.0596  -0.1255  -0.1475  -0.0054
 -0.0962   0.0796   0.1045  -0.0414  -0.1412  -0.0295
 -0.1032   0.1229   0.0903  -0.0117  -0.1163  -0.0277
 -0.1036   0.1241   0.0866  -0.0454  -0.1089  -0.0584
 -0.0854   0.1130   0.1102  -0.0392  -0.0984  -0.0843
 -0.1097   0.1356   0.0862  -0.0049  -0.1034  -0.0487
 -0.0854   0.1293   0.0862  -0.0599  -0.0964  -0.0346
 -0.0964   0.1220   0.1030  -0.0227  -0.1044  -0.0203
 -0.0947   0.1113   0.0894   0.1835  -0.1319  -0.1265
 -0.1716   0.3819   0.1487  -0.5831  -0.1450   0.1873
 -0.0870   0.2568   0.1734  -0.3388  -0.0471   0.1911
 -0.0975   0.3380   0.1731  -0.1537  -0.0527  -0.0203
 -0.1319   0.0661   0.2556   0.5507  -0.0332  -0.3815
 -0.1302   0.1277   0.2132   0.3263  -0.0606  -0.1943
 -0.1148   0.1378   0.2238   0.2908  -0.0498  -0.2344
 -0.1141   0.1294   0.2273   0.3194  -0.0468  -0.2205
 -0.1123   0.1832   0.2303   0.3071  -0.0517  -0.2476
 -0.1019   0.1279   0.2291   0.3112  -0.0479  -0.2208
 -0.1136   0.1781   0.2204   0.2804  -0.0493  -0.2430
 -0.1034   0.1292   0.2357   0.2660  -0.0570  -0.2928
 -0.0907   0.1262   0.2387   0.2689  -0.0396  -0.2239
 -0.1047   0.1793   0.2346   0.2685  -0.0449  -0.2338
 -0.0867   0.1373   0.2369   0.2530  -0.0465  -0.2103
 -0.1086   0.1260   0.2346   0.2815  -0.0607  -0.1717
 -0.1018   0.1557   0.2401   0.2673  -0.0562  -0.2722
 -0.0990   0.1286   0.2363   0.2829  -0.0573  -0.1970
 -0.1031   0.1346   0.2380   0.2959  -0.0548  -0.2230
 -0.0940   0.1404   0.2397   0.2813  -0.0424  -0.2742
 -0.0854   0.1056   0.2381   0.2634  -0.0399  -0.2642
 -0.0955   0.1514   0.2246   0.2001  -0.0346  -0.1982
 -0.0995   0.1665   0.2283   0.1742  -0.0294  -0.2027
 -0.1103   0.1223   0.2301   0.2489  -0.0641  -0.2060
 -0.1305   0.1875   0.2282   0.2107  -0.1066  -0.1854
 -0.1238   0.1452   0.2371   0.2292  -0.0972  -0.2327
 -0.1089   0.1310   0.2474   0.2697  -0.0812  -0.2134
 -0.1207   0.1563   0.2481   0.2935  -0.0793  -0.1984
 -0.1155   0.1212   0.2440   0.2648  -0.0829  -0.2117
 -0.1027   0.1249   0.2429   0.2019  -0.0783  -0.2102
 -0.0985   0.1259   0.2438   0.1791  -0.0634  -0.1555
 -0.0975   0.1532   0.2427   0.1724  -0.0616  -0.1730
