  0.1048   0.8046   0.1169  -0.6976   0.1264  -0.5841
  0.1056   0.8212   0.0619  -0.5821   0.1230  -0.5597
  0.0891   0.8174   0.0037  -0.5179   0.0970  -0.5215
  0.0625   0.7944   0.0047  -0.5274   0.0808  -0.5434
  0.0649   0.8662   0.0047  -0.5165   0.0968  -0.5626
  0.1873   0.0760  -0.1814   0.0824   0.1026  -0.4320
  0.1471   0.0741  -0.1524   0.1038   0.1031  -0.4472
  0.1426   0.0466  -0.1258   0.1004   0.1441  -0.4674
  0.0823   0.0638   0.0059  -0.3045   0.1097  -0.5125
  0.0924   0.1305   0.0258  -0.2520   0.1073  -0.5144
  0.0915   0.1324   0.0194  -0.1330   0.0945  -0.4826
  0.0692   0.1781   0.0484  -0.1281   0.0914  -0.5065
  0.0659   0.2274   0.0206  -0.0824   0.0981  -0.4910
  0.0762   0.2916   0.0085  -0.1194   0.1018  -0.4974
  0.0716   0.2329   0.0448  -0.1224   0.1041  -0.4851
  0.0491   0.2751   0.0341  -0.1868   0.1019  -0.5002
  0.1592   1.6425  -0.0234  -1.0489   0.1058  -0.5126
  0.1019   1.2500   0.0588  -1.0014   0.1036  -0.5381
  0.0900   1.1408   0.0821  -0.9366   0.0760  -0.5160
  0.0948   1.0959   0.1085  -0.7993   0.0734  -0.5369
  0.0965   1.1004   0.1054  -0.7620   0.0870  -0.5094
  0.0876   0.9292   0.0717  -0.6801   0.0749  -0.5043
  0.1139   0.3522  -0.0348  -0.4434   0.0782  -0.3836
  0.0872  -0.7366  -0.0673  -0.4755   0.1222  -0.4070
  0.0609  -0.3883   0.0377  -0.3135   0.1049  -0.4039
  0.0444  -0.3006   0.0563  -0.1613   0.0892  -0.4177
  0.0482  -0.3197   0.0336  -0.0514   0.0919  -0.4026
  0.0678  -0.4312  -0.0141  -0.0201   0.0955  -0.3737
  0.0632  -0.3086  -0.0158  -0.1681   0.0884  -0.3963
  0.0279  -0.1464   0.0370  -0.3370   0.0948  -0.4171
  0.0908   0.0470  -0.0093  -0.3156   0.1084  -0.3885
  0.0682  -0.0440   0.0352  -0.1837   0.1027  -0.3543
  0.0521  -0.0847   0.0468  -0.1477   0.0772  -0.3843
  0.0525  -0.0699   0.0424  -0.1019   0.0758  -0.3862
  0.0421  -0.1056   0.0435  -0.0262   0.0670  -0.3680
  0.0412  -0.1415   0.0471  -0.1119   0.0666  -0.3678
  0.0467  -0.0444   0.0459  -0.0703   0.0438  -0.3696
  0.0622  -0.0340   0.0529  -0.1433   0.0568  -0.3482
  0.0573  -0.2111   0.0661  -0.1057   0.0652  -0.3157
  0.0539  -0.1903   0.0993  -0.1784   0.0562  -0.3272
  0.0549  -0.1818   0.0356  -0.2190   0.0302  -0.3081
  0.0711  -0.2603  -0.0176  -0.2051   0.0163  -0.2890
  0.0638  -0.3576   0.0353  -0.3387   0.0508  -0.2853
  0.0581  -0.3678   0.0673  -0.2990   0.0331  -0.3006
  0.0635  -0.2584   0.0524  -0.3114   0.0597  -0.3084
  0.0621  -0.0956   0.0741  -0.3204   0.0579  -0.3176
  0.0530  -0.0789   0.0863  -0.0461   0.0606  -0.2829
  0.0410  -0.0825   0.0612  -0.0519   0.0705  -0.2858
  0.0837  -0.0265   0.0221  -0.3416   0.1233  -0.2993
  0.0366  -0.1956   0.0196  -0.2211   0.0216  -0.2682
  0.0504  -0.1210   0.0476  -0.1052   0.0524  -0.2835
  0.0528  -0.0579   0.0425  -0.1756   0.0446  -0.2732
  0.0383  -0.1201  -0.0540  -0.0984   0.0414  -0.2776
  0.0368  -0.0665  -0.0019   0.0190   0.0390  -0.2566
  0.0497  -0.1299   0.0121   0.0274   0.0424  -0.2465
  0.0474  -0.0673  -0.0055  -0.0400   0.0439  -0.2462
  0.0355  -0.0574   0.0177   0.0509   0.0258  -0.2305
  0.0351  -0.0658   0.0394   0.0916   0.0198  -0.2158
  0.0436  -0.0829   0.0413  -0.0473   0.0277  -0.2125
  0.0348  -0.0339   0.0363  -0.0909   0.0271  -0.2243
  0.0203  -0.0379   0.0119  -0.1181   0.0018  -0.1859
  0.0505  -0.1660   0.0519   0.0916   0.0208  -0.1673
  0.0063   0.0153  -0.0231  -0.0005  -0.0016  -0.2065
  0.0079   0.0746  -0.0250  -0.0538  -0.0240  -0.1750
  0.0059   0.0767  -0.0403  -0.0932  -0.0332  -0.1750
  0.0187   0.0629  -0.0307  -0.0285  -0.0281  -0.1425
  0.0087  -0.0034  -0.0348   0.0833  -0.0272  -0.1463
  0.0203   0.0444  -0.0370   0.0750  -0.0273  -0.1559
 -0.0029   0.0483   0.0137   0.0713  -0.0127  -0.1273
  0.0099   0.0484  -0.0142   0.0283  -0.0045  -0.1269
  0.0113   0.0925  -0.0361  -0.1447   0.0041  -0.1222
  0.0300   0.1320   0.0171  -0.1995   0.0459  -0.1324
  0.0038   0.0623   0.0056  -0.0432   0.0236  -0.1023
  0.0240  -0.1506  -0.1020  -0.4041   0.0295  -0.1103
  0.0065  -0.1280  -0.1035  -0.2961   0.0058  -0.1183
  0.0296  -0.1415  -0.0719  -0.1035   0.0019  -0.0827
  0.0274  -0.1192  -0.0964   0.0202   0.0006  -0.0907
  0.0203   0.0547  -0.1110  -0.1339   0.0103  -0.0924
  0.0374   0.0595  -0.1164  -0.1936   0.0103  -0.0617
  0.0030  -0.0345  -0.0923  -0.0727   0.0056  -0.0306
 -0.0022  -0.0246  -0.0803   0.0350   0.0097  -0.0465
  0.0034  -0.0146  -0.0575  -0.0512  -0.0055  -0.0420
 -0.0099  -0.0437  -0.0768  -0.0372  -0.0427  -0.0164
 -0.0152  -0.0232  -0.0292   0.0053  -0.0606  -0.0152
 -0.0007  -0.0748   0.0159   0.0032  -0.0327   0.0025
 -0.0863  -0.0675   0.0032  -0.0763  -0.0863  -0.0004
 -0.0173   0.0355   0.0269  -0.1076  -0.0321  -0.0259
 -0.0102   0.0196   0.0056  -0.0412  -0.0244   0.0086
 -0.0142   0.0205   0.0192  -0.0658  -0.0101   0.0278
 -0.0276   0.0371  -0.0026   0.0206  -0.0059   0.0252
 -0.0119   0.0724   0.0119  -0.0290   0.0029   0.0233
 -0.0173   0.0976   0.0098  -0.1108  -0.0273   0.0298
 -0.0313   0.0764   0.0133  -0.1119  -0.0258   0.0440
 -0.0255  -0.0039  -0.0482  -0.0434  -0.0521   0.0795
 -0.0386  -0.0626  -0.0882  -0.0245  -0.0680   0.0987
 -0.0547   0.0576  -0.0526  -0.1324  -0.0667   0.0838
 -0.0455   0.1166  -0.0106  -0.0500  -0.0669   0.1184
 -0.0357  -0.0388  -0.0353   0.0301  -0.0550   0.1334
 -0.0373   0.0113  -0.0053   0.0783  -0.0342   0.1254
 -0.0371   0.0143  -0.0070   0.0369  -0.0446   0.1321
 -0.0330  -0.0750  -0.0240   0.1233  -0.0498   0.1579
 -0.0437  -0.0975  -0.0000   0.1227  -0.0612   0.1547
 -0.0408  -0.0554   0.0037   0.0946  -0.0693   0.1529
 -0.0427   0.0262  -0.0064   0.0346  -0.0694   0.1587
 -0.0447  -0.0810  -0.0078   0.1618  -0.0642   0.1895
 -0.0230  -0.0665  -0.0058   0.1360  -0.0466   0.1862
 -0.0359   0.0088  -0.0069   0.1217  -0.0490   0.1846
 -0.0473   0.0777   0.0044   0.0645  -0.0505   0.2053
 -0.0269   0.0315   0.0602   0.1853  -0.0373   0.2363
 -0.1065   0.1013   0.0074   0.1466  -0.0909   0.2401
 -0.0664   0.1631  -0.0771   0.0922  -0.0752   0.2446
 -0.0645   0.1625  -0.0757   0.1097  -0.0828   0.2665
 -0.0512   0.0944  -0.0772   0.1832  -0.0626   0.2938
 -0.0650   0.0634  -0.0287   0.1834  -0.0440   0.3008
 -0.0767   0.0769  -0.0438   0.1341  -0.0550   0.2865
 -0.0644   0.0827  -0.0400   0.1987  -0.0600   0.2924
 -0.0714   0.1080  -0.0364   0.1162  -0.0622   0.3104
 -0.0738   0.0909  -0.0074   0.1675  -0.0510   0.3260
 -0.0753   0.0730  -0.0339   0.1792  -0.0467   0.3405
 -0.0671   0.0277  -0.0495   0.1698  -0.0559   0.3612
  0.0025  -0.5921   0.0620   0.3222  -0.0545   0.3781
 -0.0105  -0.5741   0.0677   0.3045  -0.0234   0.3665
 -0.0317  -0.4864  -0.0641   0.3997  -0.0547   0.3930
 -0.0428  -0.3037  -0.0372   0.4136  -0.0565   0.3662
 -0.0371  -0.3012  -0.0305   0.4229  -0.0695   0.4121
 -0.0284  -0.4167  -0.0704   0.4067  -0.0635   0.4357
 -0.0324  -0.3431  -0.0486   0.4321  -0.0455   0.4296
 -0.0469  -0.2502  -0.0279   0.2893  -0.0624   0.4149
 -0.0430  -0.2914  -0.0308   0.3288  -0.0700   0.4324
 -0.0661  -0.1590  -0.0433   0.2844  -0.0629   0.4733
 -0.0771  -0.1387   0.0260   0.3882  -0.0636   0.4680
 -0.0774  -0.0883   0.0377   0.3906  -0.0720   0.4818
 -0.0607  -0.0915   0.0380   0.3567  -0.0655   0.5029
 -0.0801  -0.1270   0.0393   0.4562  -0.0634   0.5262
 -0.0821  -0.1281   0.0304   0.5125  -0.0825   0.5365
 -0.0927  -0.1172   0.0330   0.4834  -0.0713   0.5352
 -0.0916  -0.1078   0.0271   0.4818  -0.0840   0.5408
 -0.0977  -0.1225  -0.0018   0.4586  -0.1007   0.5481
 -0.0856  -0.2053   0.0180   0.4806  -0.0962   0.5692
 -0.0731  -0.1754   0.0169   0.4384  -0.0957   0.5620
 -0.0918  -0.1333   0.0048   0.3471  -0.0937   0.5688
 -0.0815  -0.1033   0.0147   0.3087  -0.0823   0.5821
 -0.0976  -0.0388   0.0346   0.2468  -0.1128   0.5782
 -0.1010  -0.0382  -0.0107   0.2121  -0.0925   0.5864
 -0.1237  -0.0208   0.0061   0.2948  -0.0931   0.5994
 -0.1273  -0.0403   0.0464   0.3390  -0.0802   0.6180
 -0.1117  -0.0213   0.0586   0.3492  -0.0687   0.6327
 -0.1044  -0.0024   0.0460   0.2147  -0.0719   0.6152
 -0.1107  -0.0242   0.0340   0.3401  -0.0655   0.6774
 -0.1039  -0.0691   0.0372   0.3766  -0.0474   0.6774
 -0.0888  -0.0194   0.0497   0.2905  -0.0500   0.6620
 -0.0843  -0.0568   0.0336   0.3913  -0.0617   0.6867
 -0.1092  -0.1061   0.0278   0.4186  -0.0526   0.7157
 -0.1109  -0.1137   0.0248   0.4386  -0.0407   0.7292
 -0.0928  -0.0068   0.0234   0.2814  -0.0609   0.6928
 -0.0823  -0.0562  -0.0269   0.3180  -0.0550   0.7341
