 -0.3745   3.4525  -0.1582  -3.2426  -0.4792   0.1122
 -0.2892   3.4142  -0.1194  -3.1124  -0.3994  -0.0547
 -0.1985   3.2712  -0.2073  -2.9841  -0.2823  -0.0848
 -0.2413   3.1503  -0.2177  -2.8501  -0.3120  -0.0800
 -0.2231   3.1960  -0.2186  -2.9088  -0.3024  -0.0996
 -0.2373   3.1363  -0.2103  -2.9112  -0.3216  -0.1136
 -0.1964   3.1137  -0.2378  -2.8898  -0.2825  -0.1202
 -0.1613   2.9415  -0.2267  -2.7436  -0.2525  -0.1078
 -0.2030   2.8024  -0.2453  -2.6804  -0.2887  -0.1421
 -0.1719   2.6928  -0.2480  -2.6398  -0.2783  -0.1020
 -0.1565   2.7819  -0.3044  -2.6377  -0.2702  -0.0558
 -0.1247   2.7387  -0.3028  -2.5628  -0.2551  -0.0146
 -0.1389   2.6921  -0.2835  -2.5441  -0.2780  -0.0150
 -0.1273   2.6382  -0.3114  -2.5246  -0.2730  -0.0048
 -0.1230   2.5239  -0.2982  -2.4776  -0.2770  -0.0063
 -0.1037   2.3480  -0.3309  -2.3286  -0.2582   0.0363
 -0.1965   2.2573  -0.2597  -2.2628  -0.3388   0.1031
 -0.1632   2.1883  -0.2957  -2.1713  -0.3031   0.1150
 -0.1473   2.1547  -0.2030  -2.1884  -0.2765   0.0847
 -0.1210   1.9935  -0.2125  -2.0958  -0.2500   0.0614
 -0.1402   1.9149  -0.2133  -2.0331  -0.2853   0.0441
 -0.1577   1.7990  -0.2003  -1.8989  -0.2953   0.0280
 -0.1885   1.7509  -0.1982  -1.8878  -0.3378  -0.0078
 -0.1331   1.6797  -0.2010  -1.8463  -0.2703   0.1179
 -0.1174   1.5946  -0.2206  -1.8101  -0.2660   0.0681
 -0.1260   1.5318  -0.2110  -1.7680  -0.2805   0.0436
 -0.1052   1.4464  -0.1416  -1.7483  -0.2450   0.0178
 -0.0891   1.2852  -0.1250  -1.6112  -0.2184   0.0096
 -0.0669   1.4172  -0.1050  -1.7154  -0.1868   0.0508
 -0.0640   1.3226  -0.0856  -1.6469  -0.1966   0.0278
 -0.0320   1.3431  -0.0920  -1.6792  -0.1826   0.0419
 -0.0179   1.2969  -0.1125  -1.6973  -0.1763   0.0051
 -0.0149   1.2533  -0.0651  -1.6552  -0.1571  -0.0036
  0.0031   1.2059  -0.0494  -1.6493  -0.1471  -0.0042
 -0.0413   1.1565  -0.0915  -1.5670  -0.1784   0.0869
 -0.1131   1.1621  -0.1521  -1.4727  -0.2656   0.1581
 -0.1121   1.1212  -0.1677  -1.4170  -0.2565   0.1707
 -0.1307   1.5465  -0.1241  -1.7255  -0.2607   0.0747
 -0.0762   2.1341   0.0739  -2.0418  -0.1698   0.0194
 -0.1182   1.5318  -0.0220  -0.8176  -0.1712   0.0635
 -0.0243   1.4940  -0.0798  -0.1089  -0.0628   0.0316
  0.0203   1.1886  -0.3059   0.3941  -0.2259   0.0803
  0.3872   0.5591  -0.4294  -0.4723  -0.0524   0.2367
  0.0039   0.2932  -0.1466  -1.3252  -0.2095  -1.2846
 -0.0463   0.5615  -0.0403  -0.3167  -0.1787   0.3410
  0.0216   0.0646   0.1327  -0.4464   0.0175   0.1602
  0.0135  -0.0499   0.0928  -0.2984  -0.0035   0.1034
 -0.0100  -0.1635   0.1080  -0.1962  -0.0257   0.0805
  0.0604  -0.2173   0.1519  -0.2169   0.0319   0.0734
  0.0809  -0.2558   0.1707  -0.2052   0.0480   0.0508
  0.0655  -0.0979   0.1987  -0.3582   0.0368   0.0482
  0.0811  -0.1426   0.1860  -0.3179   0.0519   0.0575
  0.0388   0.0094   0.1680  -0.4284   0.0174   0.0029
  0.0534  -0.1009   0.0804  -0.3640   0.0094  -0.0134
  0.0408   0.0065   0.1796  -0.4490   0.0013  -0.0202
  0.0199   0.0408   0.1656  -0.4938  -0.0025  -0.0232
  0.0096  -0.3148   0.1285   0.1286   0.0710   0.1358
 -0.1385   0.1254  -0.0634  -0.1180  -0.0773  -0.0501
 -0.2369   0.7069  -0.2635  -0.7590  -0.2968  -0.0932
 -0.1280   0.4057  -0.2030  -0.6526  -0.1687  -0.1865
  0.0386  -0.1140  -0.1935   0.0128  -0.0163  -0.1873
  0.0043  -0.2368  -0.0253  -0.0688  -0.0237  -0.0828
  0.0758  -0.5337   0.0639   0.1051   0.0597   0.0138
  0.0620  -0.5835   0.0099   0.1798   0.0342   0.0142
  0.0190  -0.6007   0.0443   0.1710   0.0090   0.0111
  0.0021  -0.5448   0.0309   0.1469  -0.0072  -0.0141
 -0.0257  -0.5996  -0.0562   0.4904  -0.0070   0.0585
 -0.0607  -0.4865  -0.1482   0.4294  -0.1051   0.0438
 -0.1074  -0.4660  -0.2631   0.5245   0.2832  -1.0715
  0.0350  -1.2557  -0.0523   1.7217   0.1961  -0.1961
  0.0554  -0.8895   0.0926   1.2282   0.1714   0.0220
  0.1421  -0.9344   0.1510   0.8150   0.2311  -0.0253
  0.1418  -0.9503   0.2161   0.7840   0.2159   0.0210
  0.1894  -0.9398   0.1999   0.7267   0.2540  -0.0234
  0.1975  -0.9935   0.1900   0.7978   0.2758   0.0388
  0.1483  -1.0144   0.1750   0.8365   0.2335   0.0183
  0.1256  -0.9608   0.1248   0.8181   0.1993  -0.0139
  0.1154  -0.9499   0.0703   0.6799   0.1491  -0.0590
  0.1381  -0.8031   0.1212   0.5245   0.2071  -0.1149
  0.0695  -0.8521   0.0456   0.6695   0.1554   0.0035
  0.0204  -0.9408   0.0472   0.7397   0.1334   0.0372
  0.0240  -1.0121   0.0246   0.7756   0.1081   0.0016
  0.0181  -0.9366   0.0332   0.6764   0.1000  -0.0168
  0.0272  -0.9407   0.0313   0.7117   0.1043   0.0081
  0.0095  -0.9601   0.0629   0.7061   0.0917   0.0482
  0.0359  -0.9602   0.0713   0.7174   0.1176   0.0246
  0.0713  -0.9032   0.1055   0.7453   0.1519   0.1042
  0.0542  -0.9266   0.1192   0.7143   0.1482   0.0551
  0.0087  -0.9552   0.0438   0.7981   0.1065   0.0496
 -0.0281  -0.4625   0.0539   0.4279   0.0694   0.0232
  0.0096  -0.6306  -0.0871   0.6836   0.0728   0.0781
  0.0103  -0.5077  -0.1301   0.5287   0.0497   0.0597
  0.0251  -0.5676  -0.1311   0.5747   0.0632   0.0356
  0.0484  -0.6218  -0.1254   0.6396   0.0894   0.0401
  0.0770  -0.7099  -0.1145   0.6967   0.1163   0.0207
  0.0819  -0.7842  -0.1003   0.7497   0.1206   0.0148
  0.0356  -0.4874  -0.0603   0.5130   0.1006   0.0217
  0.0300  -0.5702  -0.0679   0.5202   0.0759  -0.0080
  0.0364  -0.5539  -0.0584   0.4931   0.0785   0.0010
  0.0851  -0.7177  -0.0968   0.6547   0.1125   0.0194
  0.0608  -0.7346  -0.0923   0.6727   0.0989  -0.0264
  0.0559  -0.7582  -0.0277   0.6702   0.0864  -0.0369
  0.0318  -0.7343  -0.0956   0.7477   0.0852   0.0286
  0.0394  -0.7692  -0.0843   0.7138   0.0812   0.0151
  0.0231  -0.8017  -0.0974   0.7768   0.0582  -0.0065
  0.0266  -0.8007  -0.1267   0.7334   0.0574  -0.0246
  0.0002  -0.7881  -0.1605   0.7777   0.0342   0.0394
  0.0088  -0.8184  -0.1666   0.8017   0.0214   0.0479
  0.0082  -0.7696  -0.1546   0.7263   0.0346   0.0394
  0.0176  -0.8095  -0.1605   0.7573   0.0392   0.0263
 -0.0211  -0.9192  -0.1803   0.8310  -0.0143  -0.0256
  0.0258  -1.0820  -0.1231   0.9756   0.0391   0.0292
  0.0249  -1.0046  -0.1038   0.9208   0.0412   0.0372
  0.0091  -0.9077  -0.1191   0.8596   0.0301  -0.0044
  0.0235  -0.8510  -0.1398   0.8158   0.0369  -0.0374
  0.0081  -0.8323  -0.1480   0.7889   0.0124  -0.0467
 -0.0008  -0.8401  -0.1575   0.8171   0.0086  -0.0426
  0.0065  -0.7201  -0.1760   0.7161   0.0128  -0.0202
 -0.0091  -0.6354  -0.1396   0.6622  -0.0067  -0.0253
  0.0268  -0.6788  -0.1546   0.7211   0.0334   0.0161
  0.0186  -0.6896  -0.1444   0.7392   0.0300  -0.0539
 -0.0058  -0.5347  -0.1342   0.7671   0.0499  -0.0366
 -0.0362  -0.6180  -0.1561   0.9730   0.0673  -0.0813
 -0.0552  -0.7949  -0.2675   1.4233   0.0328  -0.0824
 -0.0083  -0.5379  -0.3478   1.8539   0.1165  -0.0309
  0.0436  -1.0374  -0.3482   2.5861   0.1238   0.0044
  0.0236  -0.8401  -0.1804   2.7304   0.1650   0.0356
  0.1268  -1.2615  -0.1583   3.6141   0.2670   0.4449
 -0.1323  -0.1208   0.1876   2.0424   0.0424   0.2660
  0.1499  -0.5116   0.2714   0.8418   0.2654   0.1061
  0.1248  -0.5166   0.2767   0.8084   0.2363   0.0143
  0.1239  -0.6724   0.2281   0.9205   0.2255   0.0105
  0.1512  -0.7731   0.1770   1.0569   0.2580   0.0773
  0.1387  -0.8997   0.2140   1.1100   0.2207   0.0776
  0.1830  -0.8930   0.1870   1.0471   0.2609   0.0753
  0.2009  -0.8782   0.1411   1.0600   0.2716   0.1084
  0.2124  -0.8825   0.0825   1.0755   0.2796   0.1339
 -0.0251  -0.2731   0.2088   0.6702   0.0604   0.0672
  0.0291  -0.0814   0.1701   0.4897   0.1209   0.0594
  0.0904  -0.3385   0.2644   0.5856   0.1917  -0.0012
  0.1482   0.1967   0.5873   0.3443   0.3257   0.0880
  0.1630  -0.0126   0.8202   0.4363   0.3890   0.0888
  0.1953  -0.4266   0.9088   1.2497   0.4016  -0.0143
  0.0874  -0.2941   0.4977   0.6109   0.2465  -0.0527
  0.0818  -0.3418   0.2295   0.5750   0.1992   0.0006
  0.0679  -0.7126   0.2980   0.8828   0.1551   0.0472
  0.0588  -1.0390   0.5278   1.1584   0.1274   0.0413
 -0.0800  -0.7803   0.2146   1.0474   0.0753  -0.0155
 -0.0755  -0.1935  -0.0560   0.5841  -0.0207  -0.0387
 -0.2623  -0.5862   0.1456   0.8699  -0.2249  -0.0810
 -0.0558  -0.7965   0.1250   1.2734   0.0255  -0.0678
  0.0515   0.1517   0.0637   0.4783  -0.0494  -0.1249
  0.0567  -0.7198   0.0375   1.6130   0.0650   0.1775
  0.0242  -0.3337   0.0537   0.1594   0.0478  -0.1522
  0.0995  -0.6326   0.2697   0.5937   0.1901   0.0147
  0.1350  -0.7611   0.2512   0.7582   0.2166   0.0199
  0.1261  -0.7924   0.2033   0.8353   0.2176   0.0542
  0.1282  -0.8745   0.2989   0.8855   0.2153   0.0313
  0.1234  -0.8298   0.2495   0.8564   0.2225   0.0404
  0.1423  -0.9026   0.2218   0.9410   0.2509   0.0677
