 -0.0740  -0.1243  -0.1987   0.2074  -0.0850  -0.0377
 -0.0795  -0.1212  -0.1977   0.2172  -0.0926  -0.0248
 -0.0620  -0.1281  -0.2014   0.2170  -0.0751  -0.0397
 -0.0633  -0.1243  -0.1978   0.1891  -0.0776   0.0186
 -0.0409  -0.1015  -0.2035   0.2100  -0.0674  -0.0813
 -0.0472  -0.1521  -0.1834   0.2084  -0.0675   0.0058
 -0.0298  -0.0955  -0.1814   0.2298  -0.0569  -0.0267
 -0.0330  -0.1661  -0.1604   0.2059  -0.0459   0.0345
 -0.0211  -0.0866  -0.1660   0.2069  -0.0498  -0.0128
 -0.0255  -0.1385  -0.1629   0.1716  -0.0376   0.0538
 -0.0148  -0.0873  -0.1512   0.1804  -0.0359   0.0641
 -0.0089  -0.0850  -0.1391   0.0451  -0.0278   0.0753
 -0.0111  -0.0710  -0.1437   0.0625  -0.0328   0.0940
 -0.0091  -0.0484  -0.1577   0.0574  -0.0341   0.0722
 -0.0252  -0.0883  -0.1446   0.0239  -0.0396   0.0809
 -0.0050  -0.0149  -0.1448   0.0364  -0.0330   0.0676
 -0.0195  -0.0674  -0.1402   0.0085  -0.0356   0.1064
 -0.0057  -0.0006  -0.1316   0.0134  -0.0354   0.1101
 -0.0127  -0.0408  -0.1373  -0.0087  -0.0377   0.1131
 -0.0129   0.0051  -0.1276  -0.0255  -0.0486   0.1731
 -0.0071  -0.0018  -0.1295  -0.0325  -0.0511   0.1054
 -0.0162  -0.0068  -0.1221  -0.0383  -0.0550   0.1103
 -0.0119  -0.0117  -0.1156  -0.0084  -0.0619   0.1231
 -0.0206  -0.0058  -0.1254  -0.0323  -0.0683   0.1479
 -0.0132   0.0417  -0.1334  -0.0450  -0.0716   0.1096
 -0.0252  -0.0341  -0.1283  -0.0539  -0.0773   0.1406
 -0.0163   0.0446  -0.1287  -0.0358  -0.0798   0.1083
 -0.0250  -0.0128  -0.1157  -0.0584  -0.0864   0.1799
 -0.0132   0.0414  -0.1145  -0.0660  -0.0824   0.1733
 -0.0139   0.0047  -0.1151  -0.0856  -0.0838   0.1564
 -0.0146   0.0217  -0.1016  -0.1147  -0.0886   0.1987
 -0.0044   0.0651  -0.1111  -0.1112  -0.0905   0.1418
 -0.0004   0.0123  -0.0952  -0.1349  -0.0846   0.1771
  0.0056   0.0723  -0.0859  -0.1237  -0.0804   0.1812
 -0.0005   0.0177  -0.0826  -0.1035  -0.0758   0.1625
  0.0052   0.0649  -0.0812  -0.1058  -0.0756   0.1650
  0.0062   0.0519  -0.0832  -0.1151  -0.0810   0.1589
  0.0187   0.0610  -0.0772  -0.1192  -0.0732   0.2105
  0.0208   0.0575  -0.0821  -0.1144  -0.0684   0.1257
  0.0032   0.0470  -0.0828  -0.1333  -0.0844   0.1656
  0.0063   0.0818  -0.0943  -0.1276  -0.0819   0.1551
 -0.0095   0.0313  -0.0856  -0.1542  -0.0906   0.2107
  0.0059   0.0831  -0.0866  -0.1324  -0.0864   0.1477
  0.0068   0.0231  -0.0776  -0.1445  -0.0831   0.1502
  0.0263   0.0748  -0.0703  -0.1456  -0.0714   0.1398
  0.0062   0.0383  -0.0764  -0.1661  -0.0973   0.1689
  0.0067   0.0683  -0.0798  -0.1862  -0.0879   0.1858
  0.0118   0.0838  -0.0862  -0.1839  -0.0950   0.1775
  0.0032   0.0424  -0.0767  -0.1934  -0.0905   0.1768
  0.0195   0.1015  -0.0772  -0.1828  -0.0864   0.1365
  0.0075   0.0288  -0.0686  -0.2102  -0.0834   0.1976
  0.0062   0.0696  -0.0691  -0.2021  -0.0950   0.1699
  0.0238   0.1074  -0.0718  -0.2023  -0.0862   0.1703
  0.0136   0.0592  -0.0468  -0.2183  -0.0829   0.1862
  0.0298   0.1210  -0.0612  -0.2058  -0.0767   0.1477
 -0.0053   0.0513  -0.0659  -0.2210  -0.0928   0.1747
  0.0049   0.1112  -0.0786  -0.1956  -0.0885   0.1489
 -0.0020   0.0388  -0.0657  -0.1576  -0.0865   0.1720
  0.0166   0.0805  -0.0566  -0.1718  -0.0728   0.1856
  0.0239   0.0377  -0.0556  -0.1773  -0.0664   0.1757
  0.0310   0.0637  -0.0412  -0.1970  -0.0571   0.1503
  0.0385   0.0827  -0.0619  -0.1890  -0.0557   0.1778
  0.0366   0.0270  -0.0349  -0.1816  -0.0548   0.1937
  0.0464   0.0718  -0.0507  -0.1431  -0.0394   0.1423
  0.0209   0.0450  -0.0439  -0.2472  -0.0608   0.2013
  0.0378   0.1041  -0.0299  -0.2188  -0.0570   0.1280
  0.0546   0.0738  -0.0171  -0.2252  -0.0326   0.1303
  0.0570   0.0860  -0.0254  -0.2450  -0.0287   0.1933
  0.0586   0.1128  -0.0342  -0.2458  -0.0350   0.1698
  0.0428   0.0537  -0.0324  -0.2576  -0.0417   0.1906
  0.0490   0.1100  -0.0347  -0.2758  -0.0429   0.2201
  0.0353   0.0565  -0.0245  -0.2793  -0.0435   0.1904
  0.0500   0.1185  -0.0165  -0.2864  -0.0523   0.1985
  0.0254   0.0556  -0.0254  -0.2583  -0.0599   0.1844
  0.0344   0.1176  -0.0317  -0.2728  -0.0609   0.1813
  0.0280   0.0444  -0.0220  -0.2467  -0.0499   0.1650
  0.0355   0.1167  -0.0389  -0.2697  -0.0569   0.2249
  0.0291   0.0561  -0.0312  -0.2667  -0.0562   0.1984
  0.0345   0.1128  -0.0303  -0.2826  -0.0594   0.1655
  0.0263   0.0553  -0.0233  -0.2826  -0.0581   0.2125
  0.0224   0.1097  -0.0283  -0.2721  -0.0653   0.1846
  0.0181   0.0865  -0.0395  -0.2689  -0.0620   0.1903
  0.0129   0.0828  -0.0340  -0.2781  -0.0643   0.1892
  0.0092   0.1252  -0.0422  -0.2614  -0.0717   0.1307
 -0.0008   0.0787  -0.0398  -0.2830  -0.0685   0.1932
 -0.0075   0.1534  -0.0436  -0.3098  -0.0859   0.1644
 -0.0143   0.0997  -0.0316  -0.3280  -0.0792   0.1830
 -0.0035   0.1367  -0.0233  -0.3124  -0.0847   0.1759
  0.0041   0.1271  -0.0263  -0.3055  -0.0714   0.1508
  0.0001   0.1130  -0.0086  -0.2936  -0.0670   0.2127
  0.0038   0.1532  -0.0173  -0.2965  -0.0758   0.1215
 -0.0028   0.0900  -0.0133  -0.2840  -0.0655   0.1657
  0.0024   0.1611  -0.0158  -0.3300  -0.0693   0.1251
 -0.0096   0.0892   0.0019  -0.3482  -0.0643   0.1689
 -0.0070   0.1457  -0.0055  -0.3612  -0.0726   0.1677
  0.0091   0.1285   0.0033  -0.3282  -0.0547   0.1415
  0.0232   0.1292   0.0437  -0.3191  -0.0381   0.1807
  0.0494   0.1740   0.0586  -0.3138  -0.0172   0.1368
  0.0265   0.0997   0.0675  -0.3012  -0.0215   0.1576
  0.0106   0.1567   0.0637  -0.3385  -0.0411   0.1032
  0.0043   0.1171   0.0586  -0.2845  -0.0319   0.1041
  0.0223   0.1137   0.0786  -0.2775  -0.0247   0.1087
  0.0261   0.1230   0.0727  -0.2645  -0.0179   0.0549
  0.0154   0.0641   0.0801  -0.2380  -0.0062   0.1382
  0.0272   0.1119   0.0805  -0.2626  -0.0098   0.1049
  0.0125   0.0447   0.0929  -0.2517   0.0029   0.1189
  0.0401   0.1009   0.0901  -0.2565   0.0145   0.1104
  0.0481   0.0481   0.0904  -0.2469   0.0391   0.1140
  0.0484   0.0984   0.1039  -0.2783   0.0270   0.1171
  0.0591   0.0664   0.0934  -0.2472   0.0546   0.0845
  0.0626   0.0381   0.1055  -0.2817   0.0595   0.0905
  0.0697   0.0863   0.1044  -0.2730   0.0550   0.0989
  0.0566   0.0262   0.0919  -0.1994   0.0658   0.1039
  0.0662   0.0661   0.0893  -0.1951   0.0638   0.0721
  0.0677   0.0001   0.0908  -0.1544   0.0633   0.0713
  0.0470  -0.1224   0.0934  -0.1178   0.0593   0.1190
  0.0692  -0.0515   0.0930  -0.0348   0.0786   0.0526
  0.0725  -0.0442   0.0570  -0.0148   0.0700   0.0112
  0.0838  -0.0145   0.0502  -0.0301   0.0714  -0.0526
  0.1066  -0.0019   0.0507  -0.0141   0.0878  -0.0216
  0.0980  -0.0247   0.0341  -0.0250   0.0942   0.0176
  0.1043   0.0433   0.0179  -0.0150   0.0926   0.0093
  0.0823  -0.0137   0.0053   0.0030   0.0890   0.0193
  0.0809   0.0340   0.0000  -0.0317   0.0731  -0.0173
  0.0773  -0.0036   0.0019  -0.0023   0.0805  -0.0230
  0.0740   0.0344   0.0052  -0.0305   0.0685   0.0041
  0.0798   0.0262   0.0024  -0.0014   0.0753  -0.0401
  0.0670   0.0275   0.0016  -0.0050   0.0664  -0.0093
  0.0744   0.0499   0.0118   0.0079   0.0813  -0.0189
  0.0730   0.0078   0.0255   0.0177   0.0920  -0.0540
  0.0874   0.0490   0.0269  -0.0205   0.1031   0.0326
  0.0759   0.0003   0.0271   0.0040   0.0989   0.0032
  0.0802   0.0623   0.0258  -0.0108   0.0871   0.0009
  0.0496   0.0103   0.0080   0.0162   0.0795  -0.0272
  0.0608   0.0554   0.0186  -0.0170   0.0810  -0.0563
  0.0479   0.0072   0.0171   0.0200   0.0923  -0.0716
  0.0569   0.0444   0.0214  -0.0379   0.0840  -0.0442
  0.0432  -0.0033   0.0181   0.0151   0.0860  -0.0627
  0.0274   0.0139   0.0095  -0.0083   0.0552  -0.0493
  0.0110   0.0345   0.0144   0.0005   0.0432  -0.0781
 -0.0058  -0.0258   0.0191   0.0296   0.0338  -0.0864
  0.0089   0.0029   0.0308   0.0058   0.0374  -0.1004
 -0.0190  -0.0530   0.0421   0.0407   0.0380  -0.0566
 -0.0137  -0.0082   0.0448   0.0288   0.0304  -0.1457
 -0.0267  -0.0647   0.0460   0.0614   0.0261  -0.1200
 -0.0084  -0.0198   0.0522   0.0384   0.0248  -0.1253
 -0.0205  -0.0682   0.0342   0.0647   0.0293  -0.1193
 -0.0211  -0.0260   0.0464   0.0552   0.0176  -0.1183
 -0.0070  -0.0337   0.0382   0.0868   0.0339  -0.1134
 -0.0057  -0.0354   0.0533   0.0619   0.0271  -0.0584
  0.0008  -0.0142   0.0426   0.0700   0.0363  -0.0988
 -0.0068  -0.0547   0.0618   0.0786   0.0502  -0.0888
  0.0028  -0.0386   0.0496   0.0935   0.0524  -0.1189
 -0.0099  -0.0663   0.0406   0.0989   0.0507  -0.1114
 -0.0050  -0.0153   0.0424   0.0762   0.0407  -0.1078
 -0.0037  -0.0481   0.0405   0.0911   0.0482  -0.1114
 -0.0132  -0.0579   0.0431   0.0670   0.0427  -0.0744
 -0.0035  -0.0127   0.0540   0.0815   0.0452  -0.0860
 -0.0008  -0.0610   0.0445   0.1224   0.0621  -0.1069
  0.0051  -0.0140   0.0538   0.0685   0.0512  -0.1373
  0.0128  -0.0254   0.0553   0.0749   0.0659  -0.1219
  0.0207  -0.0740   0.0817   0.1278   0.0919  -0.1366
  0.0194  -0.0495   0.0784   0.1288   0.0825  -0.1567
  0.0245  -0.0845   0.0821   0.1283   0.0999  -0.1309
  0.0152  -0.0302   0.0855   0.1249   0.0840  -0.1799
  0.0285  -0.0845   0.1061   0.1524   0.1072  -0.1291
  0.0279  -0.0472   0.1039   0.1461   0.1013  -0.1415
  0.0354  -0.0797   0.0900   0.1675   0.1227  -0.1540
  0.0147  -0.1689   0.0522   0.2001   0.0919  -0.0995
  0.0107  -0.2247   0.0744   0.1735   0.0595  -0.1300
  0.0160  -0.0627   0.0527   0.1039   0.0692  -0.0507
  0.0103  -0.0571   0.0551   0.1142   0.0542  -0.0995
  0.0263  -0.0246   0.0642   0.1400   0.0641  -0.1530
  0.0222  -0.0678   0.0485   0.1460   0.0531  -0.1222
  0.0265  -0.0047   0.0389   0.1497   0.0520  -0.1327
  0.0231  -0.0659   0.0462   0.1438   0.0590  -0.0856
  0.0240   0.0056   0.0343   0.1365   0.0494  -0.1010
  0.0191  -0.0044   0.0368   0.1403   0.0520  -0.1083
  0.0127   0.0078   0.0377   0.1100   0.0483  -0.1368
  0.0143   0.0077   0.0318   0.1171   0.0520  -0.1711
 -0.0077  -0.0193   0.0283   0.1199   0.0417  -0.1099
  0.0084   0.0251   0.0273   0.1374   0.0313  -0.1062
 -0.0012  -0.0027   0.0271   0.1313   0.0370  -0.1025
  0.0061   0.0492   0.0210   0.1361   0.0333  -0.1229
 -0.0180  -0.0030   0.0189   0.1461   0.0297  -0.0734
 -0.0149   0.0659   0.0171   0.1347   0.0169  -0.1400
 -0.0273   0.0329   0.0190   0.1388   0.0132  -0.0876
 -0.0434   0.0786   0.0203   0.1096  -0.0017  -0.1260
 -0.0483   0.0447   0.0245   0.1427  -0.0030  -0.1167
 -0.0542   0.0811   0.0234   0.0987  -0.0120  -0.0959
 -0.0508   0.0664   0.0214   0.1051  -0.0152  -0.0869
 -0.0520   0.1085   0.0193   0.0541  -0.0112  -0.0645
 -0.0487   0.0940   0.0244   0.0851  -0.0004  -0.0855
 -0.0505   0.0986   0.0342   0.0628   0.0026  -0.0624
 -0.0290   0.0923   0.0302   0.0442   0.0251  -0.0677
 -0.0376   0.0582   0.0251   0.0984   0.0235  -0.0788
 -0.0262  -0.0129   0.0246   0.0924   0.0467  -0.1611
 -0.0409  -0.0381   0.0200   0.1337   0.0269  -0.1532
 -0.0621  -0.0085   0.0382   0.1411   0.0111  -0.1845
 -0.0190  -0.0017   0.0465   0.1432   0.0160  -0.2002
 -0.0308  -0.0225   0.0475   0.1229   0.0254  -0.1315
 -0.0210   0.0387   0.0542   0.1243   0.0284  -0.1669
 -0.0358  -0.0040   0.0494   0.1600   0.0302  -0.1644
 -0.0178   0.0344   0.0853   0.1343   0.0544  -0.1385
  0.0158  -0.0152   0.0992   0.1639   0.0801  -0.1524
 -0.0127  -0.0357   0.0789   0.1720   0.0649  -0.1670
 -0.0173  -0.0100   0.0864   0.1752   0.0562  -0.1919
 -0.0080  -0.0586   0.0823   0.2016   0.0717  -0.1580
 -0.0244  -0.0557   0.0882   0.1783   0.0547  -0.1623
 -0.0063  -0.1141   0.0926   0.1751   0.0651  -0.1762
 -0.0231  -0.1363   0.0945   0.1892   0.0551  -0.1902
 -0.0246  -0.0850   0.1079   0.1642   0.0518  -0.1833
  0.0137  -0.0711   0.0897   0.1735   0.0929  -0.1978
 -0.0093  -0.1118   0.0811   0.1887   0.0669  -0.1849
 -0.0327  -0.0778   0.0789   0.1617   0.0451  -0.1940
 -0.0101  -0.0687   0.0747   0.1476   0.0612  -0.1662
 -0.0048  -0.1187   0.0761   0.1968   0.0656  -0.1599
 -0.0170  -0.0798   0.0773   0.1662   0.0490  -0.1776
 -0.0187  -0.0825   0.0761   0.1995   0.0519  -0.1674
 -0.0205  -0.0972   0.0829   0.1792   0.0437  -0.1511
 -0.0241  -0.0732   0.0724   0.1489   0.0457  -0.1991
  0.0024  -0.1286   0.0775   0.2233   0.0832  -0.2022
 -0.0141  -0.1389   0.0801   0.2314   0.0667  -0.2035
 -0.0108  -0.1060   0.0758   0.2359   0.0597  -0.2437
 -0.0310  -0.1478   0.0603   0.2248   0.0493  -0.1614
 -0.0364  -0.1013   0.0767   0.2170   0.0380  -0.2234
 -0.0286  -0.1177   0.0653   0.2366   0.0492  -0.2094
 -0.0344  -0.1138   0.0706   0.2213   0.0458  -0.1923
 -0.0257  -0.0839   0.0644   0.2401   0.0432  -0.2278
 -0.0275  -0.1097   0.0700   0.2393   0.0442  -0.1787
 -0.0168  -0.1177   0.0572   0.2555   0.0309  -0.1415
 -0.0694  -0.1800   0.0851   0.2523  -0.0117  -0.1477
 -0.0393  -0.1122   0.0506   0.2390   0.0124  -0.0458
 -0.0720  -0.0792   0.0398   0.2470  -0.0091  -0.0523
 -0.0702  -0.0227   0.0407   0.2346  -0.0206  -0.0981
 -0.0693  -0.0407   0.0427   0.2677  -0.0114  -0.0614
 -0.0823  -0.0355   0.0541   0.2525  -0.0111  -0.0350
 -0.0833  -0.0126   0.0550   0.2476  -0.0062  -0.1085
 -0.1014  -0.0520   0.0426   0.2989  -0.0130  -0.0982
 -0.0939  -0.0276   0.0518   0.2650  -0.0178  -0.1295
 -0.1159  -0.0565   0.0339   0.2848  -0.0163  -0.1479
 -0.1275  -0.0225   0.0428   0.2694  -0.0364  -0.1183
 -0.0988  -0.0378   0.0521   0.2878  -0.0055  -0.1544
 -0.1088  -0.0630   0.0481   0.2944  -0.0092  -0.1524
 -0.0787  -0.2581   0.0377   0.3967   0.0161  -0.1922
 -0.1023  -0.2542   0.0132   0.4416   0.0054  -0.1926
 -0.1338  -0.1908  -0.0035   0.4039  -0.0302  -0.2599
 -0.1319  -0.1727  -0.0121   0.4086  -0.0283  -0.2553
 -0.1268  -0.2140  -0.0111   0.3917  -0.0247  -0.2236
 -0.1076  -0.2415   0.0011   0.3685  -0.0106  -0.2402
