 -0.0518   0.3075   0.1395  -0.4980   0.0673   0.0781
 -0.0486   0.3285   0.1287  -0.4672   0.0711   0.0899
 -0.0602   0.2742   0.0971  -0.3599   0.0393   0.0879
 -0.0596   0.2783   0.0950  -0.3811   0.0391   0.0336
 -0.0579   0.2639   0.0944  -0.3249   0.0338   0.0733
 -0.0665   0.1971   0.0993  -0.2979   0.0058  -0.0218
 -0.0541   0.2286   0.0934  -0.3281   0.0243   0.0336
 -0.0566   0.2024   0.0776  -0.2456  -0.0037  -0.0066
 -0.0489   0.2168   0.0833  -0.3174  -0.0266  -0.0572
 -0.0626   0.1768   0.0761  -0.2032  -0.0538  -0.0496
 -0.0794   0.1980   0.0752  -0.2583  -0.0725  -0.0906
 -0.0940   0.1727   0.0763  -0.1825  -0.0749  -0.0779
 -0.0873   0.1912   0.0666  -0.2508  -0.0730  -0.1097
 -0.0958   0.1660   0.0680  -0.1599  -0.0786  -0.1018
 -0.0950   0.1837   0.0744  -0.2208  -0.0726  -0.1430
 -0.0967   0.1671   0.0709  -0.1577  -0.0631  -0.0704
 -0.1018   0.1526   0.0608  -0.1714  -0.0913  -0.1308
 -0.0908   0.1724   0.0547  -0.1961  -0.0658  -0.0569
 -0.0939   0.1379   0.0600  -0.1765  -0.0717  -0.1429
 -0.0881   0.1396   0.0596  -0.1843  -0.0714  -0.1021
 -0.0772   0.1207   0.0658  -0.2139  -0.0696  -0.1378
 -0.0694   0.1344   0.0787  -0.1768  -0.0443  -0.0659
 -0.0931   0.1034   0.0863  -0.1811  -0.0767  -0.1410
 -0.0947   0.1228   0.0734  -0.1638  -0.0551  -0.0501
 -0.0881   0.1001   0.0667  -0.0992  -0.0811  -0.1263
 -0.0785   0.1245   0.0593  -0.1529  -0.0415  -0.0438
 -0.0841   0.0569   0.0643  -0.0230  -0.0667  -0.0999
 -0.0774   0.0971   0.0561  -0.1815  -0.0627  -0.1092
 -0.0942   0.0630   0.0639  -0.1263  -0.0900  -0.1068
 -0.0846   0.0966   0.0696  -0.2059  -0.0849  -0.1279
 -0.0916   0.0422   0.0650  -0.0837  -0.0872  -0.1367
 -0.0845   0.1022   0.0516  -0.1561  -0.0660  -0.1080
 -0.0933   0.0234   0.0554   0.0041  -0.0809  -0.0976
 -0.1016   0.0744   0.0381  -0.1180  -0.0953  -0.0757
 -0.1118   0.0671   0.0444  -0.0494  -0.0903  -0.0434
 -0.1155   0.0184   0.0481  -0.0168  -0.1130  -0.1229
 -0.0918   0.0522   0.0573  -0.0954  -0.0736  -0.0478
 -0.1032   0.0337   0.0631  -0.0699  -0.0770  -0.0976
 -0.0901   0.0578   0.0622  -0.0848  -0.0655  -0.0726
 -0.0960   0.0511   0.0639  -0.0865  -0.0835  -0.1156
 -0.1046   0.0750   0.0690  -0.0664  -0.0803  -0.0456
 -0.1090   0.0644   0.0626  -0.0525  -0.0903  -0.0695
 -0.1132   0.0583   0.0732  -0.0128  -0.0668  -0.0181
 -0.1266   0.0632   0.0634  -0.0424  -0.0791  -0.0344
 -0.1179   0.0596   0.0442  -0.0325  -0.0811   0.0208
 -0.1091   0.0055   0.0555   0.0266  -0.0941  -0.0776
 -0.1053   0.0787   0.0420  -0.1010  -0.0660   0.0176
 -0.1117   0.0117   0.0366   0.0808  -0.0894  -0.0298
 -0.0958   0.0592   0.0479  -0.0600  -0.0596  -0.0239
 -0.1057   0.0548   0.0337  -0.0071  -0.0411   0.0240
 -0.1006  -0.0023   0.0468   0.0466  -0.0594  -0.0728
 -0.1033   0.0432   0.0472  -0.0725  -0.0482   0.0170
 -0.1084  -0.0020   0.0495   0.0441  -0.0636  -0.0373
 -0.1060   0.0591   0.0411  -0.0853  -0.0502   0.0085
 -0.1091   0.0436   0.0302   0.0273  -0.0517   0.0327
 -0.1224   0.0238   0.0272   0.0321  -0.0859  -0.0090
 -0.1032   0.0396   0.0132  -0.0328  -0.0629   0.0288
 -0.1041  -0.0120   0.0265   0.0794  -0.0923  -0.0001
 -0.0990   0.0432   0.0167  -0.0649  -0.0702  -0.0142
 -0.0998   0.0050   0.0189   0.0562  -0.0692  -0.0154
 -0.0959   0.0354   0.0182  -0.0438  -0.0613   0.0027
 -0.0939   0.0290   0.0359   0.0207  -0.0343   0.0764
 -0.1017   0.0022   0.0260   0.0393  -0.0602   0.0213
 -0.1085   0.0231   0.0150   0.0165  -0.0461   0.0482
 -0.1047  -0.0171   0.0230   0.0315  -0.0615   0.0270
 -0.0995   0.0081   0.0275  -0.0177  -0.0465   0.0909
 -0.1017   0.0035   0.0374  -0.0022  -0.0625   0.0167
 -0.0923   0.0336   0.0309  -0.0161  -0.0424   0.0859
 -0.1107   0.0008   0.0152   0.0932  -0.0725   0.0382
 -0.1094   0.0540  -0.0196  -0.0178  -0.0835   0.0710
 -0.1333  -0.0014  -0.0040   0.1328  -0.1003   0.1147
 -0.1236   0.0911   0.0077  -0.0176  -0.0334   0.1972
 -0.1135   0.0197  -0.0009   0.0641  -0.0529   0.1849
 -0.1119  -0.0517   0.0240   0.0499  -0.0922   0.1247
 -0.0981  -0.0595   0.0216   0.0634  -0.0557   0.1619
 -0.0802  -0.1116   0.0168   0.1310  -0.0368   0.0948
 -0.0706  -0.0805   0.0393   0.0900  -0.0119   0.1751
 -0.0604  -0.0233   0.0361   0.0526   0.0111   0.2496
 -0.0631  -0.0436   0.0374   0.0455  -0.0146   0.1650
 -0.0673  -0.0228   0.0205   0.0521  -0.0064   0.1876
 -0.0499  -0.0393   0.0100   0.0153  -0.0330   0.0975
 -0.1835   0.3642  -0.1376   0.2526  -0.5548  -1.7608
  0.1387   0.6024  -0.1897   0.4453  -1.2102  -3.5307
  0.1365   0.2264  -0.2165   0.1335  -0.8419  -1.2697
  0.0931   0.2485  -0.1826  -0.4280  -0.6238  -0.7874
 -0.0154   0.2625  -0.2079  -0.3649  -0.4173  -0.3968
 -0.0551   0.1875  -0.2070  -0.1542  -0.3269  -0.2559
 -0.0709   0.1907  -0.2249  -0.0911  -0.2980  -0.0907
 -0.0807   0.1356  -0.2014  -0.1458  -0.3273  -0.1630
 -0.0638   0.1748  -0.2114  -0.1539  -0.2531  -0.0681
 -0.0721   0.1349  -0.2167  -0.0812  -0.2557  -0.0954
 -0.0692   0.1404  -0.2018  -0.2065  -0.2239  -0.1462
 -0.0727   0.0684  -0.2010  -0.2776  -0.2136  -0.1554
 -0.0891   0.1038  -0.1524  -0.1957  -0.1821  -0.1065
 -0.0947   0.0439  -0.1252  -0.1266  -0.2090  -0.1352
 -0.0876   0.0702  -0.1274  -0.1316  -0.1719  -0.1113
 -0.0868   0.0061  -0.1012  -0.1260  -0.1458  -0.1514
 -0.0513  -0.0442  -0.0589  -0.0541  -0.0915  -0.1083
 -0.0193  -0.0537  -0.0410  -0.0610  -0.0614  -0.1362
 -0.0156  -0.0658  -0.0590  -0.0118  -0.0950  -0.1077
 -0.0103   0.0046  -0.0748  -0.0763  -0.0647  -0.0754
 -0.0177  -0.0531  -0.0679   0.0070  -0.0809  -0.0915
 -0.0057  -0.0157  -0.0723  -0.0523  -0.0606  -0.0808
 -0.0148  -0.0581  -0.0673   0.0540  -0.0475  -0.0064
 -0.0261  -0.0628  -0.0720  -0.0011  -0.0513  -0.0594
 -0.0193  -0.0516  -0.0665   0.0693  -0.0344   0.0199
 -0.0405  -0.0684  -0.0757   0.0555  -0.0627  -0.0120
 -0.0069  -0.0486  -0.0741   0.0696  -0.0219   0.0467
 -0.0007  -0.0638  -0.0720   0.0452  -0.0141   0.0008
 -0.0034  -0.0644  -0.0462   0.0485  -0.0093   0.0325
  0.0028  -0.0557  -0.0437  -0.0034  -0.0109   0.0126
 -0.0080  -0.0992  -0.0421   0.0512  -0.0307   0.0251
 -0.0037  -0.0800  -0.0451   0.0238  -0.0152   0.0711
 -0.0019  -0.0879  -0.0475  -0.0096  -0.0219   0.0240
  0.0055  -0.0729  -0.0503   0.0329  -0.0111   0.0645
 -0.0003  -0.0903  -0.0491   0.0142  -0.0107   0.0065
 -0.0029  -0.0988  -0.0503   0.0851  -0.0203   0.0606
  0.0023  -0.0600  -0.0500   0.0239  -0.0065   0.0636
 -0.0009  -0.0753  -0.0529   0.0745  -0.0086   0.0560
 -0.0066  -0.0823  -0.0472   0.0404  -0.0077   0.0092
  0.0112  -0.0643  -0.0578   0.0323   0.0094   0.0915
  0.0000  -0.1168  -0.0512   0.0458   0.0095  -0.0209
  0.0206  -0.0837  -0.0429   0.0299   0.0284   0.0587
  0.0174  -0.1080  -0.0366   0.0303   0.0144  -0.0027
  0.0224  -0.0723  -0.0441   0.0241   0.0230   0.0362
  0.0087  -0.0884  -0.0482   0.0324   0.0037  -0.0088
  0.0070  -0.0757  -0.0526   0.0535   0.0052   0.0515
  0.0038  -0.0848  -0.0493   0.0272  -0.0051  -0.0139
  0.0124  -0.0662  -0.0539   0.0425   0.0110   0.0445
  0.0030  -0.0932  -0.0585   0.0574   0.0053   0.0044
  0.0130  -0.0528  -0.0569   0.0482   0.0209   0.0671
 -0.0127  -0.1109  -0.0542   0.1278  -0.0096  -0.0103
  0.0045  -0.0565  -0.0606   0.0116   0.0122   0.0829
 -0.0244  -0.1204  -0.0673   0.0779  -0.0327   0.0233
  0.0031  -0.0310  -0.0694  -0.0393   0.0086   0.0603
 -0.0001  -0.0557  -0.0654   0.0940   0.0162   0.0708
 -0.0004  -0.0048  -0.0681   0.0216   0.0112   0.1012
  0.0052  -0.0232  -0.0803   0.0292   0.0111   0.0653
 -0.0019  -0.1522  -0.0606   0.1686  -0.0294   0.0050
 -0.0086  -0.0886  -0.0684  -0.0183   0.0016   0.0420
 -0.0008  -0.0645  -0.0786  -0.1429   0.0693   0.0494
  0.0084  -0.1507  -0.0773   0.2787   0.0439   0.1058
  0.0168  -0.1766  -0.0651   0.3332   0.0696   0.2348
  0.0091  -0.2243  -0.0437   0.2905   0.0552   0.1682
  0.0224  -0.2065  -0.0428   0.3369   0.0639   0.2104
  0.0092  -0.2218  -0.0402   0.3063   0.0435   0.1461
  0.0196  -0.2270  -0.0358   0.3502   0.0623   0.2016
 -0.0279  -0.2829  -0.0131   0.4260   0.0045   0.2460
 -0.0189  -0.2698  -0.0234   0.4316   0.0186   0.2877
 -0.0123  -0.2675  -0.0091   0.3612   0.0303   0.2319
  0.0011  -0.2732  -0.0089   0.4057   0.0455   0.2650
 -0.0086  -0.2370  -0.0200   0.3467   0.0416   0.2842
 -0.0205  -0.2591  -0.0220   0.3528   0.0266   0.2606
 -0.0062  -0.2021  -0.0318   0.3229   0.0629   0.2836
 -0.0258  -0.2501  -0.0304   0.3587   0.0344   0.2792
 -0.0056  -0.2198  -0.0370   0.2667   0.0445   0.2455
  0.0017  -0.2403  -0.0349   0.3477   0.0382   0.2707
  0.0322  -0.2388  -0.0406   0.2636   0.0190   0.0555
 -0.0527  -0.1317  -0.0488   0.2085  -0.0384   0.1325
  0.0165  -0.1283  -0.0159   0.2637   0.1159   0.3070
  0.0087   0.0242   0.1409  -0.0314   0.1417   0.4559
  0.1445   0.2145  -0.0072  -0.3216   0.2292   0.2735
  0.2226   0.2562   0.0659  -0.3728   0.1132   0.2037
  0.2167   0.1279   0.0001  -0.2304   0.1541   0.0618
  0.2113   0.1141   0.0159  -0.1350   0.1917   0.1145
  0.1848   0.1124   0.0504  -0.1663   0.1941   0.0330
  0.1769   0.0312   0.0476  -0.0899   0.1598   0.0323
  0.1944   0.0931   0.0592  -0.1188   0.2048   0.0573
  0.1868   0.0668   0.0734  -0.1362   0.2106  -0.0025
  0.2526   0.0415   0.0584  -0.1122   0.2726   0.0449
  0.2297  -0.0394   0.0718  -0.0508   0.2622   0.0409
  0.2565  -0.0308   0.0754  -0.0594   0.2847   0.0508
  0.2413  -0.0579   0.0579   0.0293   0.2649   0.0583
  0.2302  -0.0883   0.0580   0.0544   0.2706   0.0508
  0.2310  -0.1323   0.0648   0.1647   0.2707   0.0623
  0.2095  -0.1565   0.0871   0.1433   0.2526   0.0874
  0.2260  -0.1932   0.0844   0.2699   0.2451   0.1187
  0.2489  -0.1319   0.0562   0.1971   0.2877   0.1205
  0.2490  -0.1522   0.0527   0.2554   0.2867   0.1323
  0.2326  -0.2193   0.0626   0.2498   0.2725   0.0662
  0.2464  -0.1780   0.0600   0.2354   0.2944   0.1553
  0.2375  -0.2333   0.0400   0.2771   0.2779   0.1026
  0.2488  -0.1585   0.0357   0.2139   0.2891   0.1547
  0.2420  -0.2057   0.0390   0.2738   0.2610   0.0919
  0.2400  -0.1788   0.0355   0.1870   0.2613   0.1034
  0.2349  -0.1513   0.0232   0.2265   0.2614   0.1782
  0.2113  -0.1257  -0.0003   0.1865   0.2031   0.0974
  0.2401  -0.0913   0.0030   0.1457   0.2558   0.1590
  0.2579  -0.1520   0.0327   0.0974   0.2961   0.0640
  0.2643  -0.1384   0.0295   0.1178   0.2961   0.1116
  0.2407  -0.1949   0.0453   0.1364   0.2719   0.0440
  0.2582  -0.1958   0.0444   0.1968   0.2816   0.1166
  0.2558  -0.2236   0.0484   0.1973   0.2746   0.0302
  0.2553  -0.2234   0.0559   0.2445   0.2814   0.0814
  0.2639  -0.2150   0.0670   0.2120   0.2952   0.0868
  0.2788  -0.2472  -0.0030   0.2204   0.2172   0.1507
  0.2733   0.0956  -0.0940  -0.1762   0.1575   0.0736
  0.2021   0.8353   0.0010  -0.6769   0.3162  -0.3248
  0.1522   0.7927   0.0328  -0.5250   0.3811  -0.8301
  0.1336   0.2141  -0.0373  -0.1795   0.2840   0.0614
