  0.0653  -0.5624   0.0252   0.1587  -0.0011   0.2481
  0.0595  -0.5497   0.0140   0.1166  -0.0011   0.2405
  0.0571  -0.5065   0.0093   0.1181   0.0112   0.2447
  0.0534  -0.5208  -0.0057   0.1068   0.0235   0.2353
  0.0490  -0.5438   0.0067   0.0713   0.0077   0.2300
  0.0526  -0.4658  -0.0090  -0.0008   0.0038   0.1888
  0.0587  -0.4380  -0.0171  -0.0321   0.0039   0.1883
  0.0566  -0.4308  -0.0309  -0.0347   0.0092   0.1661
  0.0484  -0.4231  -0.0444  -0.0391   0.0100   0.1709
  0.0719  -0.6279  -0.0608  -0.7123   0.0544   0.1941
  0.0416  -0.9197   0.1087  -1.3118   0.0051  -0.0199
  0.0549  -0.7744   0.0134  -0.4868   0.0180   0.0854
  0.0534  -0.5494  -0.0239  -0.3301   0.0034   0.1057
  0.0431  -0.5575  -0.0175  -0.3197   0.0134   0.1272
  0.0338  -0.5030  -0.0408  -0.3066   0.0074   0.1392
  0.0429  -0.5208  -0.0497  -0.2915   0.0181   0.1510
  0.0774  -0.5503  -0.0116  -0.0554   0.0023   0.1727
  0.0621  -0.5123  -0.0327  -0.1472  -0.0070   0.1772
  0.0692  -0.5244  -0.0338  -0.1616   0.0001   0.1616
  0.0554  -0.5032  -0.0152  -0.1789   0.0070   0.1616
  0.0578  -0.5077  -0.0121  -0.2221   0.0001   0.1511
  0.0638  -0.4786  -0.0329  -0.2972   0.0026   0.1262
  0.0723  -0.4885  -0.0171  -0.3258   0.0418   0.1168
  0.0616  -0.4430  -0.0594  -0.3348   0.0168   0.0931
  0.0511  -0.4006  -0.0678  -0.3781   0.0239   0.0852
  0.0525  -0.3738  -0.0771  -0.3686   0.0260   0.0748
  0.0509  -0.3531  -0.0456  -0.3461   0.0287   0.0726
  0.0612  -0.3932  -0.0821  -0.4411   0.0539   0.0544
  0.0645  -0.2701  -0.1377  -0.6118   0.0568   0.0070
  0.0723  -0.2439  -0.0922  -0.4749   0.0252  -0.0199
  0.0968  -0.0296  -0.1766  -0.7392   0.0134  -0.0578
  0.0533   0.1157  -0.0724  -0.7871  -0.0117  -0.1017
  0.0702   0.1676  -0.0799  -0.8392   0.0107  -0.1077
  0.0499   0.1457  -0.0582  -1.0425   0.0110  -0.1378
  0.0787   0.1013  -0.0323  -0.7581   0.0104  -0.0847
  0.0676   0.0706  -0.0136  -0.7092   0.0105  -0.0880
  0.0360  -0.0011  -0.0615  -0.5673   0.0229  -0.0168
  0.0363  -0.0669  -0.0669  -0.5152   0.0206   0.0094
  0.0381  -0.1150  -0.0587  -0.4602   0.0138   0.0258
  0.0610  -0.0964  -0.0468  -0.3795   0.0052   0.0588
  0.0651  -0.1540  -0.0508  -0.1685   0.0135   0.0856
  0.0650  -0.0657  -0.0953  -0.1074   0.0113   0.1280
  0.0703   0.0416  -0.0904  -0.6382   0.0328   0.0094
  0.0775   0.0943  -0.1709  -1.0616   0.0389  -0.1167
  0.1444  -0.3382  -0.0813  -0.3468   0.0351   0.1056
  0.1458  -0.4849  -0.0239   0.2085  -0.0054   0.2025
  0.1426  -0.4526  -0.0479   0.4175  -0.0251   0.2413
  0.1225  -0.4303  -0.0132   0.3951  -0.0260   0.2501
  0.1310  -0.5714  -0.0773   0.5462  -0.0242   0.3026
  0.1312  -0.4810  -0.0673   0.4685  -0.0199   0.2690
  0.0731  -0.4284  -0.0087  -0.1002   0.0252   0.1934
  0.0872  -0.2890   0.0420  -0.2532   0.0027   0.0780
  0.0452  -0.2630   0.0666  -0.4406   0.0150   0.0977
  0.1416  -0.1355   0.0464  -0.9362  -0.0622  -0.4130
  0.0916   0.0834  -0.0889  -0.8586  -0.1927  -0.3125
  0.1220  -0.0389   0.0647  -0.8189  -0.0524  -0.2268
  0.1485  -0.1789   0.0457  -0.1842  -0.0982  -0.0304
  0.0802  -0.0247  -0.0824   0.1875   0.0421   0.0787
  0.0705   0.0787  -0.1104   0.1050   0.0246   0.0797
  0.0855   0.0760  -0.0684   0.0434   0.0390   0.0632
  0.0914   0.0942  -0.0646   0.0239   0.0370   0.0660
  0.1311   0.1083  -0.0287   0.2046   0.0156   0.0827
  0.0927   0.1030   0.0117   0.1230   0.0241   0.0753
  0.1011   0.0180   0.0018   0.0137   0.0384   0.0574
  0.1986  -0.1290  -0.3827  -0.0691   0.2363   0.0738
  0.1208  -0.1918  -0.1208   0.0279   0.0239   0.0772
  0.1286   0.0351  -0.1204   0.1510   0.1367   0.0574
  0.1546   0.2273   0.0299  -0.0292   0.2004   0.0521
  0.1022   0.1847  -0.0036  -0.1646   0.0995  -0.0015
  0.0751   0.3904  -0.0341  -0.2702   0.0843  -0.0258
  0.0789   0.3667  -0.0177  -0.1439   0.0845   0.0045
  0.0521   0.1448   0.0091  -0.0437   0.0845   0.0364
  0.0537   0.0906   0.0648   0.1010   0.0689   0.0854
  0.0713   0.1063   0.0405   0.0746   0.0710   0.0627
  0.0800   0.0877   0.0517   0.1183   0.0549   0.0633
  0.0649   0.1293   0.0715   0.0982   0.0740   0.0664
  0.0463   0.1313   0.0416   0.0329   0.1072   0.0535
  0.0527   0.1483   0.0490   0.0809   0.0911   0.0661
  0.0551   0.1316   0.0450   0.1100   0.0910   0.0821
  0.0569   0.0944   0.0578   0.2055   0.0623   0.1137
  0.0635   0.0919   0.0539   0.2913   0.0360   0.1369
  0.0802   0.0672   0.0891   0.3977   0.0113   0.1539
  0.1151   0.0029   0.0274   0.3752   0.0286   0.1619
  0.1067  -0.0494  -0.0135   0.3618   0.0289   0.1689
  0.0921  -0.0331  -0.0093   0.2909   0.0260   0.1497
  0.1302  -0.0646  -0.0406   0.3215  -0.0010   0.1338
  0.1104  -0.0335   0.0005   0.2483   0.0171   0.1040
  0.0908   0.0480   0.0667   0.2158   0.0274   0.0813
  0.0815   0.0927   0.0733   0.1828   0.0168   0.0887
  0.0787   0.0591   0.0681   0.1976   0.0310   0.0985
  0.0806   0.0345   0.0523   0.2471   0.0265   0.0940
  0.0712   0.0548   0.0674   0.2111   0.0169   0.0910
  0.0702   0.0559   0.0508   0.2134   0.0037   0.0961
  0.1048   0.0950   0.0300   0.2214   0.0111   0.1002
  0.0830   0.0576   0.0243   0.2528   0.0231   0.0912
  0.0814   0.0702   0.0320   0.2093   0.0282   0.0824
  0.0778   0.0866   0.0476   0.1974   0.0179   0.0841
  0.0894   0.0795   0.0441   0.1852   0.0112   0.0782
  0.1468   0.2329  -0.1078   0.0633  -0.0115   0.0280
  0.0903   0.2443  -0.0401  -0.1538   0.0451  -0.0091
  0.0466   0.3255   0.0451  -0.4358   0.0722  -0.0556
  0.0377  -0.4090   0.4872  -0.3360   0.0306  -0.0569
  0.0680  -0.1537   0.1836  -0.5375   0.0864  -0.1329
  0.0911   0.4708   0.1453  -0.7084  -0.0235  -0.1762
  0.0408   0.5835   0.1151  -0.8529  -0.0685  -0.1842
  0.0677   0.0558   0.0492   0.0660  -0.0303   0.0275
  0.0826  -0.1292   0.0066   0.2741  -0.0403   0.0916
  0.0653   0.1818  -0.1314  -0.0337   0.0222   0.0214
  0.0686   0.2992  -0.0924  -0.4213  -0.0103  -0.1058
  0.0660   0.3533  -0.0512  -0.4297  -0.0191  -0.1137
  0.0891   0.3876  -0.0980  -0.3051  -0.0038  -0.0834
  0.0862   0.4510  -0.0781  -0.3002  -0.0491  -0.0775
  0.0669   0.4819  -0.0181  -0.2675  -0.0920  -0.0806
  0.0916   0.2549   0.0115   0.0420  -0.0615   0.0105
  0.1114   0.1974   0.0151   0.3173  -0.0537   0.0796
  0.0927   0.1528  -0.0218   0.5510  -0.1559   0.0587
  0.1939   0.4592  -0.3446   1.1817  -0.1400   0.1975
  0.1872   0.6795  -0.3474   0.8160  -0.1189   0.1372
  0.1571   0.6679  -0.3352   0.5967  -0.1132   0.0872
  0.1345   0.6228  -0.2912   0.5218  -0.0970   0.0761
  0.1327   0.5773  -0.2185   0.3820  -0.0999   0.0694
  0.0573   0.8483  -0.2254  -0.5580   0.0387  -0.1852
  0.0899   0.8579  -0.2297  -0.5722   0.0310  -0.2322
  0.1107   0.7936  -0.2559  -0.4990   0.0068  -0.2026
  0.1135   0.6631  -0.3321  -0.4215  -0.0212  -0.1564
  0.1069   0.5792  -0.2941  -0.3990  -0.0235  -0.1497
  0.1176   0.6697  -0.3291  -0.4703  -0.0202  -0.1809
  0.1097   0.6624  -0.2979  -0.4506  -0.0237  -0.1637
  0.1005   0.5318  -0.2358  -0.3855  -0.0270  -0.1229
  0.0959   0.4015  -0.2616  -0.5193   0.0053  -0.1527
  0.1204   0.4856  -0.2450  -0.4777  -0.0568  -0.1755
  0.1128   0.4245  -0.1751  -0.3314  -0.1018  -0.1361
  0.0554   0.1744  -0.0744   0.0914  -0.0047   0.0015
  0.0755   0.1138  -0.1196   0.0239   0.0001   0.0475
  0.0652   0.0786  -0.0012  -0.1103  -0.0572  -0.1040
  0.0634   0.2230  -0.0034   0.1206  -0.0423  -0.0229
  0.0595   0.2654  -0.0054   0.1929  -0.0723  -0.0025
  0.0596   0.2702  -0.0293   0.2287  -0.0750   0.0229
  0.0577   0.2769  -0.0221   0.2311  -0.0777   0.0027
  0.0713   0.2215  -0.0229   0.2143  -0.0768   0.0048
  0.0804   0.2432  -0.0030   0.1702  -0.0412  -0.0277
  0.0847   0.2885  -0.0100   0.2576  -0.0531  -0.0039
  0.0677   0.2473  -0.0045   0.2197  -0.0598  -0.0037
  0.0568   0.2355  -0.0123   0.1670  -0.0718  -0.0238
  0.0861   0.2713  -0.0180   0.2251  -0.0574  -0.0251
  0.0971   0.3683  -0.0523   0.0148  -0.0580  -0.0716
  0.0703   0.2838   0.0011   0.0596  -0.0576  -0.0828
  0.0527   0.4650  -0.0081  -0.2778  -0.0516  -0.1716
  0.0298   0.4725   0.0127  -0.2471  -0.0449  -0.2436
  0.0365   0.3551   0.0423  -0.0253  -0.0579  -0.1323
  0.0451   0.3118   0.0372   0.0362  -0.0613  -0.0793
  0.0264   0.3492   0.0333   0.0774  -0.0536  -0.0534
  0.0304   0.3212   0.0323  -0.0420   0.0097  -0.0672
  0.0469   0.3419   0.0563   0.2155  -0.0685  -0.0236
  0.0430   0.4246   0.0745   0.0718  -0.0877  -0.0521
  0.0527   0.3363   0.1076   0.1593  -0.0943  -0.0219
  0.0547  -0.1781   0.0946   0.6193  -0.0914   0.1543
 -0.0010  -0.6513  -0.1926   1.2359  -0.0250   0.3326
  0.0086  -0.2694  -0.1765   0.5934  -0.0118   0.1433
 -0.0589  -0.2440  -0.1407   0.2623   0.0387   0.0727
 -0.0748  -0.2189  -0.0384   0.2547   0.0139   0.0395
 -0.0836  -0.1450  -0.0444   0.2277   0.0126   0.0499
 -0.0769  -0.0773  -0.0479   0.1067   0.0201   0.0338
 -0.0665  -0.0092  -0.0592  -0.0716   0.0206  -0.0152
 -0.0664   0.1492  -0.0209   0.0690   0.0226  -0.0358
 -0.0639   0.0838  -0.0103   0.2221   0.0190   0.0355
 -0.0540  -0.0109   0.0208   0.5215   0.0053   0.1039
 -0.0652  -0.4186   0.0037   0.0265   0.0569   0.1937
  0.0074  -0.4873  -0.0196  -0.0982   0.0389  -0.0400
 -0.0646  -0.0175  -0.0380   0.0622   0.1001  -0.0317
 -0.1209   0.1517   0.2444   0.3416   0.1722   0.0398
 -0.1450   0.2743   0.1849   0.2110   0.0797  -0.0082
 -0.1121   0.0840   0.2109   0.6891   0.0909   0.1427
 -0.0044   0.0162  -0.0600   0.8682  -0.0007   0.1308
 -0.0442   0.0801   0.1407   0.5914   0.0136   0.1368
 -0.0327  -0.3233   0.2133   1.0190  -0.0159   0.2292
 -0.0428  -0.1569   0.1752   0.7555  -0.0080   0.1855
 -0.0037   0.2245   0.1193   0.0946  -0.0239   0.0264
  0.1164   1.3223   0.1589  -0.8473   0.2466  -0.4029
  0.0215   1.1182   0.0050  -0.5776   0.0220  -0.1940
  0.0876   0.2064   0.1231   0.4776  -0.0632   0.1103
  0.0894   0.1763   0.0960  -0.0632  -0.0719  -0.1050
 -0.0542   0.0412  -0.0236   0.4679  -0.0713   0.0718
 -0.0624   0.1240  -0.0468   0.4975  -0.0634   0.0741
 -0.0776   0.0593  -0.0166   0.5088  -0.0713   0.0925
 -0.1266   0.7322  -0.0606  -0.2218  -0.0603  -0.5985
 -0.0113   0.5623   0.1818  -0.0554  -0.1184  -0.3406
  0.0464   0.5133   0.1900   0.8934  -0.0819   0.0262
  0.0220   0.5025   0.2968   0.6175  -0.0671   0.0330
 -0.0547   0.3856   0.1799   0.4122  -0.1078  -0.0380
 -0.0913   0.3975   0.2292   0.4767  -0.0921   0.0132
 -0.0790   0.2695   0.2647   0.4472  -0.0693   0.0027
 -0.0768   0.2653   0.2156   0.2489  -0.0713  -0.0333
 -0.0846   0.2739   0.2175   0.1954  -0.0926  -0.0637
 -0.0960   0.1914   0.2088   0.2096  -0.0980  -0.0452
 -0.1400   0.1904   0.1820   0.1301  -0.1217  -0.0789
 -0.0596   0.1921   0.1018   0.1092  -0.0487  -0.0959
 -0.0706  -0.0404   0.0951   0.0453  -0.0946  -0.0206
 -0.1079   0.2216   0.1462  -0.0684  -0.1077  -0.1363
 -0.1077   0.1031   0.2713  -0.0129  -0.0232  -0.0904
 -0.0507  -0.0994   0.0066   0.1243  -0.0435  -0.0492
 -0.0319  -0.2320   0.1503   0.7352  -0.0675   0.0923
 -0.0220   0.1185   0.0534   0.3530  -0.0935   0.0137
 -0.1279  -0.2097  -0.0453  -0.2237  -0.1117   0.0425
 -0.1470  -0.0729   0.1940   0.2491  -0.0719  -0.0154
 -0.1302   0.0743   0.0505  -0.2694   0.0685  -0.0824
 -0.1331   0.0561   0.0109  -0.3519  -0.0389  -0.0848
 -0.1277   0.0118  -0.0085   0.0940   0.0026   0.0172
 -0.1449   0.3092   0.0283   0.2246   0.1170   0.0215
 -0.1689   0.3522   0.0344   0.3039   0.1071   0.0571
 -0.1316   0.3511   0.0150  -0.0064   0.0689  -0.0379
 -0.1196   0.7889   0.0335  -0.1550   0.0349  -0.1284
 -0.0736   0.0774  -0.0256   0.6770  -0.0118   0.1316
 -0.0587   0.0386  -0.0552   0.4823  -0.0343   0.0676
 -0.0706   0.1586  -0.0584   0.3258   0.0254  -0.0041
 -0.0497   0.1293  -0.0414   0.4958   0.1498   0.0099
  0.0209   0.0977  -0.1992   0.7681   0.7526   0.1613
 -0.1686   0.0878  -0.0752   0.5848   0.6155   0.0937
 -0.0996  -0.0164   0.2387   0.7842   0.2983   0.0676
 -0.0618   0.0219   0.0763   1.1095   0.2594   0.1526
 -0.0609   0.1407   0.1521   0.4316   0.1427   0.0331
  0.0094   0.4089  -0.1748  -0.0529   0.1209  -0.1178
  0.0240   0.8378  -0.2610  -0.3315  -0.0663  -0.2442
  0.0875   0.2651  -0.2484   0.3299  -0.0474   0.0044
  0.1311  -0.0000  -0.3077   0.3581  -0.1180   0.0026
  0.2035  -0.3310  -0.7148   0.4287  -0.1682   0.0417
  0.0657  -0.4974  -0.2572   0.6656  -0.2363   0.1305
  0.1041   0.1503  -0.3660   1.3609  -0.0075   0.0850
 -0.0424  -0.0835   0.0731   0.2950  -0.0150   0.1530
  0.0447  -0.0517   0.0117   1.1187  -0.0237   0.0784
  0.0117   0.0408  -0.2813   1.0386   0.0764   0.0745
 -0.0870  -0.0847   0.1600   0.5652   0.0469   0.0841
 -0.0356   0.2694   0.8214   0.3662  -0.1346   0.0052
  0.0777  -0.0728   0.8625  -0.4170  -0.0299  -0.0850
  0.0872  -0.3848   0.5010  -0.6936  -0.0983  -0.1496
  0.1008  -0.3893   0.1654  -1.0432   0.1759  -0.3383
 -0.1172  -0.1337   0.1412  -0.2200   0.1595  -0.0884
 -0.0023  -0.2252   0.4143   0.7991   0.0961  -0.0496
 -0.0337  -0.5672   0.1829   1.4116   0.0095   0.2918
 -0.2763  -0.5917   0.6329  -0.5890   0.0217  -0.1561
 -0.2259  -1.1870   0.7260  -0.9487  -0.0695   0.0324
 -0.1252  -2.1604   0.0898  -1.1349  -0.0725  -0.0658
 -0.1833  -1.4163   0.1060  -1.5412  -0.0315  -0.1949
 -0.0842  -0.8835  -0.1417  -1.5172  -0.0235  -0.3106
  0.0577  -0.4138  -0.7539  -1.6657   0.0004  -0.4185
  0.0164  -0.0928  -0.5943  -1.9429   0.0042  -0.4760
 -0.0099  -0.3192  -0.0404  -1.6466   0.3707  -0.3633
 -0.5730  -0.8586   1.5980  -1.0047  -0.3569  -0.0701
 -0.2941  -0.8260   0.6480  -0.9601   0.1237  -0.1708
 -1.0219  -0.4669   2.7479  -0.1847  -0.4195   0.1152
  0.2409  -0.2070  -0.8653  -0.1168  -0.4263  -0.2057
  0.0156  -0.1490  -0.5428   0.1966   0.1256  -0.0063
 -0.0214   0.0856  -0.4895   0.3282  -0.1815   0.0574
  0.1599  -0.0347  -0.5949   0.4165  -0.0437   0.0634
  0.0329  -0.1451  -0.1366   0.2046  -0.0681   0.0234
 -0.0377  -0.3309  -0.0117   0.1485   0.0042   0.0634
 -0.0830  -0.3173  -0.0722  -0.2487   0.0293  -0.1298
 -0.1207  -0.2124  -0.0661  -0.1353   0.0087  -0.0817
 -0.1353  -0.2021   0.0084  -0.0137  -0.0137  -0.0689
 -0.1394  -0.1541   0.0369   0.0456  -0.0842  -0.0352
 -0.1431  -0.1786   0.0513   0.0558  -0.1123  -0.0332
 -0.1468  -0.1519   0.0627  -0.0453  -0.1239  -0.0567
 -0.1514  -0.1420   0.0718  -0.0522  -0.1387  -0.0679
 -0.1449  -0.1562   0.0605  -0.0200  -0.1369  -0.0491
 -0.1589  -0.2388   0.0659  -0.0238  -0.1094  -0.0398
 -0.1912  -0.2509   0.1063  -0.0951  -0.1128  -0.0534
 -0.1928  -0.1340   0.1068   0.0204  -0.0366  -0.0704
 -0.1636  -0.1369   0.1028   0.0833  -0.0512  -0.0474
 -0.1667  -0.1470   0.1117   0.1627  -0.0613  -0.0392
 -0.1294  -0.2459   0.0770  -0.0842  -0.0589  -0.0868
 -0.1432  -0.2192   0.1005  -0.0411  -0.0507  -0.0943
 -0.1431  -0.2318   0.0902   0.0736  -0.0481  -0.0798
 -0.1723  -0.2189   0.0790   0.0478  -0.0057  -0.0817
 -0.1618  -0.3120   0.0906   0.3180  -0.0161   0.0037
 -0.1547  -0.2777   0.0382   0.1675  -0.0175  -0.0318
 -0.1624  -0.2679   0.0412   0.1002  -0.0133  -0.0455
 -0.1617  -0.2746   0.0295   0.0941  -0.0333  -0.0461
 -0.1545  -0.2721   0.0050   0.0584  -0.0408  -0.0632
 -0.1201  -0.1204   0.0137  -0.5549  -0.0091  -0.1399
 -0.1732   0.0481   0.3285  -1.1494   0.0635  -0.3475
 -0.1242  -0.3452   0.1034  -0.2976   0.0209  -0.1281
 -0.1351  -0.3218   0.0567  -0.0891  -0.0062  -0.1172
 -0.1579  -0.1883   0.0472  -0.0998  -0.0160  -0.1072
 -0.1604  -0.1859   0.0592  -0.0201  -0.0231  -0.0975
 -0.1623  -0.1572   0.0461  -0.0617  -0.0202  -0.1087
 -0.1494  -0.1053   0.0248  -0.1137  -0.0140  -0.1255
 -0.1455  -0.0925   0.0278  -0.1298  -0.0280  -0.1228
 -0.1469  -0.0723   0.0018  -0.0598  -0.0298  -0.1548
 -0.1422  -0.0123  -0.0151  -0.0985  -0.0147  -0.1652
 -0.1317  -0.0601  -0.0503  -0.4326   0.0497  -0.1526
 -0.2040  -0.0465  -0.1127  -0.1943   0.0928  -0.1671
 -0.2020  -0.0922   0.0386   0.0592   0.1481  -0.1179
 -0.1709  -0.0484   0.0149   0.2834   0.1021  -0.0367
 -0.1872  -0.0473   0.0239   0.2490   0.0992  -0.0514
 -0.1857   0.0059  -0.0847  -0.0488   0.1039  -0.0959
 -0.1994  -0.0034  -0.0599   0.0157   0.0599  -0.1069
 -0.1905  -0.0121  -0.0399  -0.0552   0.0850  -0.1053
 -0.1908  -0.0405  -0.0250  -0.0647   0.1333  -0.1362
 -0.1961   0.0306  -0.0543  -0.1016   0.1084  -0.1220
 -0.1976  -0.0341   0.0008   0.0045   0.0666  -0.0940
