  0.0855   0.0438   0.0236   0.1260   0.0438  -0.0152
  0.0479  -0.0165   0.0396   0.1939   0.0444  -0.0398
  0.0643  -0.0168   0.0161   0.2191   0.0446  -0.0195
  0.0763   0.0291   0.0076   0.1520   0.0469  -0.0391
  0.0806  -0.0574   0.0453   0.2284   0.0388  -0.0302
  0.0676   0.0171   0.0288   0.1612   0.0357  -0.0606
  0.0546   0.0201   0.0171   0.1648   0.0380  -0.0479
  0.0533  -0.0218   0.0228   0.2005   0.0430   0.0215
  0.0692   0.0516   0.0178   0.1198   0.0348  -0.0189
  0.0553  -0.0155   0.0169   0.1885   0.0471  -0.0485
  0.0618   0.0243   0.0299   0.1613   0.0443   0.0072
  0.0421  -0.0072   0.0101   0.1912   0.0361  -0.0286
  0.0442  -0.0281   0.0143   0.2327   0.0336   0.0275
  0.0450  -0.0112   0.0230   0.1849   0.0249  -0.0268
  0.0397   0.0102   0.0049   0.1353   0.0278  -0.0159
  0.0327  -0.0155   0.0071   0.1859   0.0308   0.0219
  0.0395   0.0333  -0.0014   0.1259   0.0267  -0.0065
  0.0329  -0.0340   0.0095   0.2204   0.0280  -0.0214
  0.0423   0.0211   0.0193   0.1547   0.0175  -0.0372
  0.0149  -0.0065   0.0081   0.1854   0.0219  -0.0418
  0.0244   0.0063   0.0104   0.1552   0.0326  -0.0135
  0.0098   0.0112  -0.0006   0.1618   0.0235  -0.0289
  0.0125  -0.0141   0.0006   0.2068   0.0293  -0.0082
 -0.0056   0.0391   0.0292   0.0421   0.0475  -0.0146
  0.0038  -0.0483  -0.0262   0.1370   0.0192  -0.0435
  0.0083  -0.0448  -0.0129   0.1512   0.0224  -0.0328
  0.0115  -0.0018   0.0006   0.1138   0.0235  -0.0143
  0.0239   0.0166  -0.0034   0.0897   0.0166  -0.0242
  0.0144  -0.0509  -0.0078   0.1573   0.0222  -0.0233
  0.0247   0.0279   0.0031   0.0667   0.0242   0.0333
  0.0156  -0.0204  -0.0004   0.1104   0.0214   0.0376
  0.0220  -0.0449   0.0047   0.1152   0.0203   0.0606
  0.0256   0.0128   0.0014   0.0611   0.0207  -0.0048
  0.0394   0.0180   0.0082   0.0646   0.0320   0.0144
  0.0130  -0.0018   0.0105   0.0952   0.0183   0.0273
  0.0310   0.0194   0.0059   0.0563   0.0311  -0.0340
  0.0052  -0.0052   0.0286   0.1035   0.0476  -0.0172
  0.0092   0.0532   0.0121   0.0532   0.0335  -0.0599
  0.0114  -0.0085  -0.0006   0.0803   0.0353  -0.0751
  0.0253   0.0554  -0.0063  -0.0014   0.0298  -0.0371
  0.0144  -0.0176   0.0052   0.0688   0.0292  -0.0537
  0.0206   0.0449   0.0004   0.0339   0.0201  -0.0402
  0.0123  -0.0030   0.0007   0.0600   0.0195  -0.0323
  0.0147   0.0415   0.0193  -0.0069   0.0228  -0.0479
  0.0175  -0.0055   0.0424   0.0672   0.0361  -0.0195
  0.0219   0.0248   0.0280   0.0319   0.0291   0.0114
  0.0238   0.0462   0.0241   0.0270   0.0300  -0.0147
  0.0117  -0.0137   0.0227   0.0814   0.0286   0.0275
  0.0244   0.0715   0.0143   0.0121   0.0270   0.0070
  0.0061   0.0122   0.0116   0.0635   0.0226  -0.0329
  0.0239   0.0548   0.0170   0.0186   0.0301   0.0252
  0.0099   0.0075   0.0181   0.0552   0.0193  -0.0249
  0.0099   0.0167   0.0179   0.0569   0.0257   0.0053
  0.0094   0.0249   0.0193   0.0278   0.0110  -0.0558
  0.0148   0.0093   0.0152   0.0511   0.0180   0.0121
  0.0158   0.0429   0.0186   0.0044   0.0050  -0.0507
  0.0080  -0.0029   0.0095   0.0455   0.0104  -0.0195
  0.0143   0.0183   0.0156  -0.0074   0.0100  -0.0111
  0.0172   0.0409   0.0138  -0.0356   0.0030  -0.0563
  0.0115  -0.0026   0.0110   0.0235   0.0163  -0.0300
  0.0127   0.0245   0.0194   0.0296   0.0076  -0.0037
  0.0064   0.0477   0.0163  -0.0402  -0.0031   0.0056
  0.0120  -0.0152   0.0071   0.0421   0.0074  -0.0195
  0.0078   0.0289   0.0227   0.0397   0.0016   0.0408
 -0.0116   0.0294   0.0197  -0.0009  -0.0150  -0.0078
 -0.0157  -0.0364   0.0003   0.0637  -0.0126   0.0094
 -0.0159   0.0046   0.0174   0.0513  -0.0152  -0.0054
 -0.0233   0.0460   0.0119   0.0033  -0.0280  -0.0162
 -0.0430  -0.0224  -0.0068   0.0704  -0.0207   0.0123
 -0.0306   0.0270  -0.0224  -0.0130  -0.0349  -0.0166
 -0.0382  -0.0017  -0.0107   0.0396  -0.0419  -0.0307
 -0.0376   0.0359   0.0046   0.0217  -0.0181  -0.0164
 -0.0529   0.0151  -0.0212  -0.0055  -0.0386  -0.0159
 -0.0417  -0.0177   0.0040   0.0472  -0.0301   0.0163
 -0.0513   0.0518  -0.0140  -0.0307  -0.0399  -0.0140
 -0.0532  -0.0125  -0.0099   0.0277  -0.0269  -0.0373
 -0.0576   0.0412  -0.0081  -0.0076  -0.0372   0.0043
 -0.0597  -0.0119  -0.0264  -0.0007  -0.0417  -0.0541
 -0.0631   0.0405   0.0058   0.0182  -0.0311   0.0547
 -0.0669   0.0422  -0.0098  -0.0342  -0.0516  -0.0598
 -0.0694  -0.0099  -0.0180   0.0248  -0.0383   0.0059
 -0.0675   0.0552  -0.0135  -0.0366  -0.0521  -0.0112
 -0.0828  -0.0253  -0.0248   0.0405  -0.0459  -0.0166
 -0.0691   0.0010  -0.0183   0.0013  -0.0467  -0.0261
 -0.0434   0.0217  -0.0187  -0.0461  -0.0490  -0.0616
 -0.0360   0.0137  -0.0051  -0.0305  -0.0388   0.0074
 -0.0527   0.0139  -0.0053  -0.0215  -0.0317   0.0236
 -0.0491   0.0675  -0.0140  -0.0671  -0.0373   0.0157
 -0.0486   0.0336  -0.0155  -0.0554  -0.0386  -0.0119
 -0.0440  -0.0159  -0.0052  -0.0009  -0.0295  -0.0133
 -0.0407   0.0433   0.0013  -0.0780  -0.0303   0.0109
 -0.0363   0.0060   0.0030  -0.0444  -0.0303   0.0331
 -0.0442  -0.0235   0.0101  -0.0519  -0.0286   0.0414
 -0.0205   0.0241   0.0082  -0.1129  -0.0220   0.0272
 -0.0434  -0.0213  -0.0077  -0.0402  -0.0249   0.0432
 -0.0556  -0.0146  -0.0091  -0.0303  -0.0302   0.0714
 -0.0195   0.0355   0.0020  -0.0841  -0.0319   0.0081
 -0.0467  -0.0318  -0.0106  -0.0274  -0.0213  -0.0126
 -0.0161   0.0023   0.0061  -0.0556  -0.0192  -0.0029
  0.0120   0.0389   0.0488   0.0110  -0.0322  -0.0949
  0.0212   0.0165   0.0328  -0.0557  -0.0330  -0.0106
  0.0211   0.0328   0.0607  -0.0881  -0.0249   0.0246
  0.0365   0.0335   0.0776  -0.0615  -0.0068   0.0268
  0.0089   0.0346   0.0746  -0.0991  -0.0136  -0.0241
  0.0417   0.0324   0.0899  -0.0639  -0.0013   0.0583
  0.0297   0.0251   0.0943  -0.0333   0.0067  -0.0255
  0.0396   0.0459   0.0743   0.0442   0.0250  -0.1269
  0.0222   0.0554   0.0596  -0.0638   0.0112  -0.0418
  0.0074   0.0660   0.0564  -0.0316   0.0032  -0.0179
  0.0274   0.0620   0.0051  -0.0402   0.0031  -0.0230
  0.0195   0.0577   0.0059  -0.1468  -0.0056   0.0285
  0.0360   0.0053   0.0187  -0.1212  -0.0131   0.0501
  0.0223   0.0522   0.0108  -0.1464  -0.0089   0.0278
  0.0244  -0.0095   0.0377  -0.0856   0.0057  -0.0021
  0.0235   0.0140   0.0078  -0.1016  -0.0004   0.0307
  0.0201   0.0136  -0.0055  -0.1231  -0.0027   0.0250
  0.0193  -0.0067  -0.0053  -0.0775  -0.0031   0.0855
 -0.0055   0.0259  -0.0180  -0.1318  -0.0223   0.0304
 -0.0328  -0.0390  -0.0385  -0.0542  -0.0270   0.0055
 -0.0560   0.0148  -0.0424  -0.1225  -0.0401  -0.0045
 -0.0439  -0.0216  -0.0477  -0.0991  -0.0377  -0.0028
 -0.0384  -0.0794  -0.0339  -0.0575  -0.0374  -0.0153
 -0.0343   0.0018  -0.0400  -0.1397  -0.0343   0.0199
 -0.0389  -0.0359  -0.0405  -0.1134  -0.0402  -0.0213
 -0.0385  -0.0038  -0.0163  -0.1522  -0.0248   0.0266
 -0.0015   0.0952   0.0266  -0.2664   0.0141   0.0888
  0.0139  -0.0894  -0.0461  -0.0780   0.0089  -0.0164
  0.0075  -0.0137  -0.0339  -0.1802   0.0034   0.0941
  0.0054  -0.0210  -0.0280  -0.1594  -0.0068   0.0708
 -0.0013  -0.0139  -0.0265  -0.1442  -0.0044   0.0798
 -0.0067  -0.0336  -0.0312  -0.1495  -0.0105   0.0431
  0.0008  -0.0580  -0.0274  -0.0988  -0.0035   0.0272
 -0.0070  -0.0236  -0.0370  -0.1696  -0.0148   0.0358
 -0.0088  -0.0498  -0.0358  -0.1323  -0.0051   0.0536
 -0.0102  -0.0211  -0.0320  -0.1597  -0.0161   0.0716
 -0.0120  -0.0754  -0.0365  -0.1181  -0.0114   0.0870
 -0.0125  -0.0345  -0.0411  -0.1782  -0.0164   0.0702
 -0.0186  -0.0633  -0.0383  -0.1608  -0.0088   0.0477
 -0.0200  -0.0472  -0.0350  -0.1562  -0.0038   0.1137
 -0.0105  -0.0549  -0.0534  -0.1728  -0.0018   0.0018
 -0.0139  -0.1247  -0.0595  -0.1177   0.0023   0.0229
 -0.0123  -0.0468  -0.0519  -0.1813  -0.0163   0.0359
 -0.0166  -0.1038  -0.0507  -0.0882   0.0031   0.0201
 -0.0114  -0.0577  -0.0533  -0.1481  -0.0099  -0.0087
 -0.0124  -0.0831  -0.0520  -0.1372   0.0007  -0.0311
 -0.0156  -0.0628  -0.0643  -0.1808  -0.0211   0.0577
 -0.0189  -0.0930  -0.0671  -0.1211  -0.0335   0.0009
 -0.0299  -0.0756  -0.0619  -0.1382  -0.0289   0.0414
 -0.0455  -0.1298  -0.0778  -0.0916  -0.0176  -0.0008
 -0.0421  -0.0968  -0.0664  -0.1383  -0.0167   0.0161
