 -0.0733   0.5273  -0.1712  -0.1162  -0.1025  -0.0302
  0.1407   0.4513  -0.1841  -0.0770   0.0316  -0.1101
  0.0407   0.5492  -0.1790  -0.1856   0.0349  -0.0763
 -0.0398   0.6853  -0.2218  -0.2298  -0.0505  -0.0627
 -0.0311   0.5178  -0.1525  -0.1216  -0.0445   0.0127
  0.0464  -0.2820   0.0735   0.1901   0.0139  -0.0492
  0.0230  -0.0838  -0.0049   0.0991   0.0181   0.0016
 -0.0120   0.0455  -0.0568   0.0189   0.0086  -0.0050
 -0.0354   0.1169  -0.0833  -0.0190   0.0101  -0.0175
 -0.0380   0.1477  -0.0801  -0.0365   0.0142  -0.0041
 -0.0462   0.1804  -0.0967  -0.0709   0.0173   0.0166
 -0.0578   0.2199  -0.0937  -0.0925   0.0397   0.0329
 -0.0614   0.2234  -0.0992  -0.1035   0.0319   0.0198
 -0.0626   0.2218  -0.1051  -0.0909   0.0057   0.0028
 -0.0626   0.2281  -0.1064  -0.0873   0.0038  -0.0138
 -0.0750   0.2287  -0.1024  -0.1067   0.0192   0.0117
 -0.0868   0.2452  -0.1067  -0.1138   0.0148   0.0305
 -0.0880   0.2489  -0.1057  -0.1089   0.0259   0.0218
 -0.0848   0.2075  -0.0894  -0.0674  -0.0166  -0.0202
 -0.0848   0.2180  -0.0932  -0.0773  -0.0221  -0.0168
 -0.0812   0.2240  -0.0783  -0.0659  -0.0263   0.0027
 -0.0710   0.2297  -0.0956  -0.0814  -0.0143  -0.0027
 -0.0758   0.2320  -0.0964  -0.0760  -0.0280   0.0061
 -0.0745   0.2286  -0.0975  -0.0849  -0.0420  -0.0082
 -0.0830   0.2293  -0.0917  -0.0776  -0.0330  -0.0045
 -0.0805   0.2262  -0.1018  -0.0773  -0.0425   0.0172
 -0.0823   0.2355  -0.0898  -0.0748  -0.0453   0.0120
 -0.0783   0.2258  -0.0951  -0.0649  -0.0414  -0.0137
 -0.0200   0.1932  -0.0583  -0.0656  -0.0056  -0.0189
  0.1116  -0.0900   0.0727   0.1408   0.0841  -0.0961
  0.0845  -0.0991   0.0706   0.1440   0.0524  -0.1144
  0.0625  -0.0199   0.0431   0.0853   0.0222  -0.0244
  0.0408  -0.0023   0.0270   0.0761   0.0063  -0.0463
  0.0339   0.0158   0.0229   0.0774   0.0118  -0.0449
  0.0241   0.0264   0.0122   0.0537   0.0178  -0.0224
  0.0269   0.0212   0.0052   0.0465   0.0117  -0.0323
  0.0273   0.0240   0.0141   0.0206   0.0110  -0.0165
  0.0264   0.0278   0.0204   0.0329   0.0127  -0.0108
  0.0248   0.0289   0.0129   0.0270   0.0185  -0.0262
  0.0272   0.0093   0.0157   0.0264   0.0215  -0.0322
  0.0140   0.0125   0.0162   0.0176   0.0146  -0.0153
  0.0156   0.0132   0.0155   0.0202   0.0276  -0.0004
  0.0123   0.0351   0.0077   0.0065   0.0429   0.0105
  0.0129  -0.0088   0.0178   0.0637   0.0188  -0.1134
  0.0384  -0.0207   0.0478   0.0753   0.0283  -0.0138
  0.0411  -0.0040   0.0277   0.0662   0.0232  -0.0359
  0.0311   0.0072   0.0126   0.0300   0.0238  -0.0314
  0.0376   0.0040   0.0162   0.0346   0.0143  -0.0131
  0.0370   0.0089   0.0168   0.0251   0.0253  -0.0082
  0.0417  -0.0069   0.0218   0.0166   0.0285  -0.0258
  0.0409  -0.0082   0.0311  -0.0027   0.0498  -0.0074
  0.0402  -0.0204   0.0133   0.0178   0.0182  -0.0307
  0.0372  -0.0092   0.0180  -0.0138   0.0373   0.0132
  0.0366   0.0115   0.0133  -0.0324   0.0410   0.0122
  0.0349   0.0174   0.0185  -0.0244   0.0270  -0.0133
  0.0307   0.0227   0.0136  -0.0095   0.0356  -0.0268
  0.0252   0.0147   0.0012   0.0105   0.0133  -0.0240
  0.0283   0.0049   0.0123  -0.0007   0.0291  -0.0099
  0.0185   0.0079   0.0052  -0.0011   0.0108   0.0066
  0.0242   0.0194   0.0047  -0.0170   0.0090   0.0059
  0.0277   0.0109   0.0072  -0.0055   0.0135  -0.0081
  0.0251   0.0035  -0.0040   0.0083  -0.0142  -0.0253
  0.0158  -0.0072   0.0025   0.0065  -0.0158  -0.0117
  0.0129   0.0041   0.0061   0.0061  -0.0040   0.0033
  0.0106  -0.0079  -0.0072   0.0116  -0.0124  -0.0246
  0.0154  -0.0205  -0.0043   0.0224  -0.0233  -0.0230
  0.0136  -0.0156   0.0000   0.0143  -0.0394  -0.0216
  0.0050  -0.0045  -0.0092   0.0047  -0.0402  -0.0024
 -0.0018   0.0174  -0.0099  -0.0077  -0.0254  -0.0010
 -0.0029   0.0112  -0.0071  -0.0081  -0.0172  -0.0127
  0.0033   0.0082  -0.0165  -0.0056  -0.0224  -0.0224
  0.0052  -0.0080  -0.0045  -0.0015  -0.0309  -0.0120
 -0.0025   0.0011  -0.0149  -0.0065  -0.0444  -0.0080
 -0.0026  -0.0017  -0.0185   0.0212  -0.0692  -0.0127
 -0.0248  -0.0477   0.0089   0.0435  -0.0758  -0.0137
 -0.0277   0.0115  -0.0176  -0.0006  -0.0698  -0.0245
 -0.0271   0.0296  -0.0284  -0.0282  -0.0657  -0.0118
 -0.0187   0.0333  -0.0217  -0.0624  -0.0407  -0.0071
 -0.0285   0.0308  -0.0255  -0.0600  -0.0580   0.0053
 -0.0361   0.0378  -0.0232  -0.0707  -0.0608   0.0068
 -0.0465   0.0459  -0.0316  -0.0738  -0.0525  -0.0073
 -0.0545   0.0423  -0.0393  -0.0377  -0.0996  -0.0336
 -0.0674   0.0260  -0.0375  -0.0357  -0.0882  -0.0181
 -0.0688   0.0389  -0.0490  -0.0413  -0.0848   0.0067
 -0.0656   0.0180  -0.0450  -0.0339  -0.0947  -0.0349
 -0.0691   0.0019  -0.0412  -0.0443  -0.1125   0.0015
 -0.0224  -0.4942   0.1977   0.1606  -0.0394  -0.0011
  0.0426  -0.2303   0.1387   0.0665   0.0250   0.0387
  0.0431  -0.2364   0.1312   0.0698   0.0108   0.0101
  0.0273  -0.2220   0.1102   0.0314   0.0192   0.0595
  0.0292  -0.2283   0.1048   0.0432   0.0094   0.0417
  0.0198  -0.2341   0.1061   0.0417   0.0138   0.0422
  0.0085  -0.2251   0.0871   0.0298   0.0112   0.0540
  0.0086  -0.2160   0.0829   0.0476  -0.0114   0.0563
 -0.0018  -0.2052   0.0846   0.0420   0.0022   0.0570
 -0.0022  -0.2028   0.0766   0.0142   0.0104   0.0483
  0.0045  -0.2118   0.0748   0.0229   0.0063   0.0495
  0.0038  -0.2054   0.0724   0.0255  -0.0064   0.0565
 -0.0022  -0.1951   0.0768   0.0039  -0.0088   0.0608
 -0.0057  -0.2007   0.0737  -0.0094  -0.0029   0.0768
 -0.0059  -0.1968   0.0713   0.0014   0.0041   0.0951
 -0.0084  -0.1805   0.0629  -0.0157   0.0120   0.0731
  0.0126  -0.1929   0.0713  -0.0166   0.0091   0.0652
  0.1052  -0.1805   0.0933  -0.0021   0.0344   0.0179
  0.0600  -0.1798   0.0928   0.0129   0.0242   0.0267
  0.0476  -0.1904   0.0798   0.0057   0.0191   0.0431
  0.0369  -0.1918   0.0752   0.0193   0.0080   0.0334
  0.0278  -0.2019   0.0638  -0.0005   0.0046   0.0516
  0.0216  -0.1702   0.0679   0.0013   0.0091   0.0762
  0.0201  -0.2048   0.0666   0.0863   0.0390   0.0025
  0.0236  -0.2114   0.0584   0.0865   0.0398   0.0132
  0.0199  -0.2225   0.0684   0.0857   0.0625   0.0168
  0.0230  -0.2216   0.0577   0.0839   0.0461   0.0293
  0.0092  -0.2193   0.0573   0.0945   0.0350   0.0266
  0.0107  -0.2131   0.0566   0.0878   0.0351   0.0312
  0.0060  -0.2201   0.0596   0.0826   0.0333   0.0243
  0.0160  -0.1942   0.0489   0.0614   0.0543   0.0206
  0.0052  -0.1571   0.0353   0.0378   0.0398   0.0379
  0.0380  -0.1536   0.0323   0.0361   0.0481   0.0367
  0.0200  -0.1282   0.0141   0.0087   0.0611   0.0245
