 -0.1733   0.1103  -0.0913  -0.1650  -0.2243   0.0417
 -0.1730   0.1605  -0.1214  -0.1871  -0.2248   0.0381
 -0.1874   0.1401  -0.1546  -0.2060  -0.2411   0.0385
 -0.2631   0.2049  -0.1434  -0.1976  -0.2813   0.0352
 -0.2467   0.1810  -0.1456  -0.2154  -0.2572   0.0379
 -0.1782   0.1200  -0.1549  -0.1543  -0.2332  -0.0338
 -0.2118   0.2394  -0.1594  -0.1827  -0.2388   0.0137
 -0.5763   0.0833   0.0873  -0.1936  -0.4197   0.1351
 -0.4545   0.0811   0.2499  -0.1667  -0.2964   0.1099
 -0.2636   0.0178   0.0141   0.0126  -0.2542   0.0253
 -0.2300   0.0612  -0.1013  -0.1907  -0.2134   0.0050
 -0.2178  -0.0172  -0.1300  -0.1860  -0.2118   0.1079
 -0.2267   0.0212  -0.0944  -0.1476  -0.1886   0.1757
 -0.3107   0.0945  -0.0783  -0.1827  -0.2529   0.0710
 -0.3964   0.2170   0.1225  -0.2543  -0.2553   0.0363
 -0.1250   0.0743  -0.0532  -0.1931  -0.1029   0.0347
 -0.1353   0.0483  -0.0352  -0.1162  -0.1060   0.0418
 -0.1429  -0.0286   0.0150   0.2488  -0.1196  -0.0422
 -0.1948   0.0380   0.0441   0.0730  -0.1831   0.0480
 -0.2330   0.0519   0.0229  -0.0006  -0.1906   0.0376
 -0.1242   0.0348  -0.0086   0.0324  -0.1544  -0.0243
 -0.1721   0.1271  -0.0683   0.0214  -0.1860  -0.1954
 -0.5199   0.0364   0.1626   0.1017  -0.2608   0.0163
 -0.5346  -0.1359   0.4637   0.0570  -0.2332   0.1809
 -0.2677  -0.1780   0.1839  -0.0030  -0.0922   0.0960
 -0.1501  -0.0643   0.0369  -0.0376  -0.0374   0.0019
 -0.1591   0.0039   0.0543  -0.0635  -0.0560   0.0031
 -0.1277   0.1055   0.0516  -0.0748  -0.0546   0.0098
 -0.1204   0.0689   0.0257  -0.0153  -0.0691  -0.0398
 -0.1509   0.1313   0.0062  -0.1455  -0.0609   0.0210
 -0.1342   0.1692   0.0009  -0.1753  -0.0576  -0.0571
 -0.1131   0.0670   0.0209  -0.0248  -0.0531  -0.0528
 -0.1353   0.1522   0.0062  -0.0773  -0.0582  -0.0266
 -0.1212   0.2038  -0.0104  -0.0783  -0.0467  -0.0456
 -0.0934   0.1199   0.0181   0.2130  -0.0749  -0.1472
 -0.1441   0.2060  -0.0182  -0.1980  -0.0629  -0.0433
 -0.1153   0.1806  -0.0322   0.0347  -0.0854  -0.1376
 -0.1416   0.2796  -0.0553  -0.2252  -0.0679  -0.0841
 -0.1682   0.2509  -0.0246  -0.1703  -0.0810  -0.0824
 -0.1585   0.3530  -0.2329  -0.1441  -0.0972  -0.1104
 -0.1632   0.3133  -0.1112  -0.2772  -0.0878  -0.1736
 -0.1000   0.4144  -0.2081   0.2216  -0.0957  -0.1019
  0.0144   1.1246  -0.2060   1.5592  -0.3454  -0.8202
 -0.1638   0.7251  -0.3174   2.7581  -0.5967  -0.4982
 -0.3655  -0.2298  -0.3652   3.2953  -0.7723  -0.1158
 -0.1906  -0.2145   0.1576   1.5883  -0.3887   0.0786
  0.0602  -0.3841   0.0330   0.4279  -0.0517   0.1468
  0.0326  -0.5597   0.1498   0.4954   0.0284   0.0108
  0.0425  -0.7108   0.2152   0.0969   0.0775   0.2792
  0.0584  -0.5822   0.0821   0.0949   0.0597   0.3412
  0.0817  -0.5395   0.0606   0.0436   0.0725   0.1937
  0.0788  -0.5020   0.0511   0.0658   0.0755   0.2085
  0.1044  -0.4813   0.0589   0.0468   0.0821   0.2463
  0.0863  -0.4811   0.0662   0.0466   0.0730   0.2418
  0.0703  -0.4706   0.0604   0.0281   0.0711   0.1786
 -0.2106  -0.4507   0.1668  -0.0363  -0.1007   0.2190
 -0.3605  -0.4493   0.3765  -0.0611  -0.1557   0.2946
 -0.2776  -0.3369   0.3776  -0.1055  -0.0763   0.2295
 -0.2980  -0.4322   0.4091  -0.0933  -0.0901   0.3056
 -0.1898  -0.5029   0.3678  -0.0193  -0.0230   0.1508
 -0.1776  -0.4496   0.3484  -0.0987  -0.0049   0.3266
 -0.1757  -0.6131   0.4675   0.0909  -0.0203   0.2295
 -0.1852  -0.3935   0.3931  -0.1374  -0.0030   0.3701
 -0.2226  -0.3717   0.4130  -0.1728  -0.0303   0.2818
 -0.1969  -0.2415   0.4297  -0.2110  -0.0064   0.2279
 -0.1332  -0.4048   0.4380  -0.2658   0.0689   0.2704
  0.0467  -0.4862   0.2342  -0.1585   0.1443   0.2461
  0.1017  -0.2148   0.2444  -0.2157   0.1800   0.1890
  0.1156  -0.0736   0.2999  -0.2848   0.1824   0.3138
  0.1770  -0.0760   0.2643  -0.2695   0.2091   0.2083
  0.1367  -0.1149   0.2552  -0.2603   0.1711   0.1565
  0.0537  -0.3181   0.3852  -0.1809   0.0595   0.1220
  0.0519  -0.1837   0.4101  -0.2454   0.1360   0.1832
  0.0214  -0.0519   0.4431  -0.2058   0.1426   0.0914
  0.1331  -0.0086   0.4070  -0.2357   0.1795   0.1247
  0.1557   0.1375   0.3211  -0.2380   0.1806   0.1292
  0.2236   0.0958   0.1640  -0.3608   0.2088   0.0862
  0.2507   0.0258   0.0814  -0.3002   0.1800   0.1495
  0.2754   0.1948  -0.0150  -0.4058   0.1880  -0.0541
  0.2388   0.0819   0.0383  -0.3553   0.1847   0.0408
  0.2551   0.1428   0.0090  -0.3815   0.1861   0.0566
  0.2500   0.1155   0.0188  -0.3278   0.1781   0.0761
  0.2593   0.1885  -0.0031  -0.3567   0.1768  -0.0038
  0.2533   0.1740   0.0261  -0.3352   0.1822   0.0160
  0.2526   0.1593   0.0329  -0.3315   0.1855   0.0226
  0.2599   0.2055   0.0186  -0.3563   0.1855   0.0026
  0.2656   0.2098   0.0119  -0.3381   0.1839  -0.0081
  0.2101   0.0276   0.0575  -0.2583   0.1744   0.0205
  0.2664   0.0995   0.0568  -0.4236   0.2109   0.1388
  0.2774   0.1110   0.0219  -0.4064   0.2030   0.0388
  0.2671   0.1090   0.0166  -0.3999   0.1949   0.0415
  0.2739   0.1201   0.0123  -0.3963   0.1988   0.0314
  0.2780   0.1164   0.0071  -0.3750   0.2068  -0.0016
  0.2829   0.1229   0.0064  -0.3861   0.2041   0.0131
  0.2870   0.1345  -0.0029  -0.3831   0.2055  -0.0201
  0.2706   0.2465  -0.0823  -0.3696   0.1588  -0.0831
 -0.1430   0.5230   0.0624  -0.0753  -0.0787  -0.1562
  0.1708   0.1662   0.1512  -0.1445   0.1125  -0.0112
  0.2379   0.1713   0.1004  -0.2548   0.1707   0.0062
  0.2487   0.3016   0.0377  -0.3226   0.1699  -0.0567
  0.2504   0.3262   0.0027  -0.3279   0.1629  -0.0561
  0.2143   0.3613   0.0018  -0.3005   0.1368  -0.0579
  0.2030   0.3467   0.0026  -0.2770   0.1355  -0.1003
  0.2229   0.3220  -0.0031  -0.2806   0.1516  -0.0954
  0.1650   0.3076   0.0666  -0.2831   0.1067  -0.1080
  0.2167   0.3605   0.0083  -0.3247   0.1395  -0.1136
  0.2229   0.3663  -0.0136  -0.3529   0.1502  -0.1900
  0.2221   0.3305  -0.0252  -0.2664   0.1545  -0.0489
  0.1918   0.3163  -0.0108  -0.2842   0.1612  -0.1327
  0.2220   0.3302   0.0002  -0.3509   0.1603  -0.0162
  0.2048   0.4073  -0.0303  -0.3407   0.1397  -0.1279
  0.0429   0.4523  -0.2352  -0.2932  -0.0341  -0.1975
  0.0545   0.4703  -0.1784  -0.2355   0.0209  -0.1091
  0.0929   0.5450  -0.1865  -0.2959   0.0317  -0.1723
  0.0787   0.5450  -0.1763  -0.3131   0.0440  -0.1495
  0.1163   0.4458  -0.1461  -0.2074   0.0532  -0.1180
  0.1263   0.3569  -0.1524  -0.0882   0.0466  -0.1267
  0.0134   0.3379  -0.2567  -0.0190  -0.0300  -0.2239
 -0.0001   0.3461  -0.2687  -0.0459  -0.0338  -0.1663
  0.0039   0.3706  -0.2673  -0.1755  -0.0418  -0.1446
  0.0182   0.2887  -0.2549  -0.0183  -0.0653  -0.2115
  0.0107   0.1870  -0.2556  -0.0452  -0.0447  -0.1855
 -0.0148   0.1823  -0.2255   0.0306  -0.0468  -0.1927
 -0.0623   0.1767  -0.1963  -0.0024  -0.0585  -0.1463
 -0.0123   0.0859  -0.2485   0.0893  -0.0422  -0.1846
 -0.0229   0.0839  -0.1890   0.1196  -0.0497  -0.2341
  0.0021   0.1537  -0.2446   0.0919  -0.0411  -0.1213
 -0.0136   0.1126  -0.2305   0.1884  -0.0568  -0.2257
 -0.1284   0.0791  -0.3867   0.7200  -0.2326  -0.2204
 -0.3018   0.0126  -0.0990   0.3761  -0.1014  -0.1678
 -0.2479  -0.1283  -0.1155   0.4850  -0.1028  -0.1664
 -0.2031  -0.0774  -0.1538   0.3991  -0.0951  -0.0762
 -0.1583  -0.0830  -0.1602   0.3954  -0.0796  -0.1008
 -0.1399  -0.0662  -0.1659   0.3310  -0.0839  -0.0979
 -0.1111  -0.0604  -0.1332   0.2889  -0.0581  -0.0896
 -0.1479   0.0310  -0.1733   0.3473  -0.0973  -0.0271
 -0.1466   0.4029  -0.3055   0.1784  -0.1024  -0.2951
 -0.1213   0.3357  -0.2534   0.0685  -0.0997   0.0331
 -0.1202   0.3301  -0.2305   0.0786  -0.0861  -0.1438
 -0.0251   0.2891  -0.1575   0.1085   0.0014  -0.1677
 -0.0565   0.2925  -0.2220   0.0952  -0.0464  -0.2188
 -0.0802   0.3683  -0.2202   0.0636  -0.0586  -0.1447
 -0.0713   0.3679  -0.2134   0.0564  -0.0479  -0.1543
 -0.0735   0.3167  -0.2112   0.1157  -0.0549  -0.2307
 -0.0694   0.2782  -0.1858   0.0914  -0.0444  -0.2109
 -0.0805   0.3426  -0.2133  -0.0030  -0.0482  -0.1704
 -0.0815   0.3582  -0.2121  -0.0181  -0.0478  -0.1946
 -0.0809   0.3779  -0.2180  -0.0276  -0.0452  -0.1825
 -0.0984   0.3612  -0.1864  -0.0029  -0.0496  -0.1757
 -0.0625   0.3931  -0.1994   0.0436  -0.0405  -0.3039
  0.1467   1.3242  -0.4076   0.8065  -0.0362  -0.9032
  0.0262   0.9749  -0.1544   1.0733  -0.1535  -0.6453
  0.0805   0.0168  -0.2237   0.4744  -0.0653  -0.2703
 -0.0451  -0.2834  -0.1004  -0.3074   0.0226   0.0112
  0.0083  -0.5700  -0.0695  -0.3798   0.0637   0.2880
  0.0174  -0.5911  -0.0546  -0.2315   0.0386   0.2996
 -0.0308  -0.4531  -0.1014  -0.2085   0.0268   0.2155
 -0.0090  -0.4286  -0.1435  -0.2063   0.0353   0.2090
 -0.0212  -0.4411  -0.1073  -0.1777   0.0361   0.1823
  0.0051  -0.4385  -0.1591  -0.0820   0.0395   0.1141
 -0.0304  -0.3252  -0.1529  -0.2094   0.0252   0.2032
 -0.0147  -0.4140  -0.1396  -0.0684   0.0268   0.1174
 -0.0145  -0.3373  -0.1619  -0.2138   0.0391   0.1761
 -0.0321  -0.2965  -0.1711  -0.2577   0.0307   0.1445
 -0.0658  -0.3701  -0.1377  -0.2259   0.0277   0.1826
 -0.0154  -0.2809  -0.0133  -0.3437   0.0965   0.2223
  0.0604  -0.0416  -0.0135  -0.3164   0.1056   0.0870
  0.1181  -0.0492  -0.0287  -0.2688   0.1379   0.0951
  0.1091  -0.0593  -0.0099  -0.3245   0.1340   0.0817
  0.1046  -0.1151   0.0600  -0.2900   0.1496   0.1036
  0.0926  -0.1299   0.0162  -0.2711   0.1321   0.0250
  0.0985  -0.0983  -0.0136  -0.2764   0.1116   0.0586
  0.0891  -0.0462  -0.0347  -0.2975   0.1045   0.1577
  0.0805  -0.0057  -0.0740  -0.1910   0.0887  -0.0213
 -0.0311   0.0068  -0.1346   0.4080  -0.0550  -0.2073
 -0.1895  -0.0341  -0.0523   0.5271  -0.2753  -0.0324
 -0.0033  -0.2984   0.0104   0.6477  -0.0090  -0.0321
 -0.0052  -0.4040   0.1330   0.5940   0.0011  -0.0092
  0.0926  -0.5789   0.0786   0.3286   0.0789   0.0225
  0.1441  -0.2126   0.0140   0.2593   0.0804  -0.0454
  0.1387  -0.1642   0.0678   0.3451   0.1035  -0.0523
  0.1413  -0.3273   0.1030   0.2969   0.1014   0.1160
  0.1523  -0.3066   0.0667   0.3345   0.1024   0.0419
  0.1405  -0.3817   0.0947   0.3757   0.0971  -0.0090
  0.1310  -0.3515   0.0651   0.2970   0.0925   0.0142
  0.1460  -0.3264   0.0568   0.3246   0.0937  -0.0931
  0.1418  -0.3530   0.0451   0.2805   0.1028   0.1144
  0.1332  -0.3725   0.0530   0.3284   0.0959   0.0021
  0.1336  -0.3316   0.0417   0.3130   0.0945   0.0160
  0.1259  -0.3336   0.0396   0.3168   0.0925  -0.0092
  0.1192  -0.2829   0.0519   0.2933   0.0909  -0.0092
  0.1379  -0.1589   0.0576   0.2455   0.0810   0.0215
  0.1649  -0.0912   0.0107   0.2108   0.1061  -0.0370
  0.1360  -0.3010   0.0964   0.4102   0.0820  -0.0549
  0.1582  -0.0881  -0.0067   0.1924   0.0914   0.0040
  0.0845  -0.2062   0.0771   0.2495   0.0697  -0.0274
  0.0698  -0.0009  -0.1126   1.0667  -0.1200  -0.3209
  0.1388   0.2709  -0.2896   2.2571  -0.2245  -0.5280
 -0.0244   1.8339  -0.0985   1.2484  -0.2717  -0.8665
 -0.0937  -0.2295   0.3600   0.6651  -0.1457   0.2276
  0.1855  -0.0710   0.0833  -0.1499   0.0237   0.1832
  0.1368  -0.0477   0.1004  -0.1663   0.0140   0.0479
 -0.3249   0.0857   0.2945  -0.1954  -0.2075  -0.0028
  0.1512  -0.2399   0.0863  -0.1152   0.0987   0.0509
  0.0847  -0.4801   0.1641  -0.0562   0.1134   0.0403
  0.1071  -0.3592   0.1718  -0.1286   0.1142   0.2122
  0.1372  -0.2874   0.1396  -0.1577   0.1364   0.1644
  0.1169  -0.3379   0.1489  -0.1360   0.1235   0.1862
  0.1235  -0.3265   0.1442  -0.1123   0.1302   0.1479
  0.1322  -0.3424   0.1002  -0.1042   0.1068   0.1405
