  0.0596   0.0484   0.1579   0.2722  -0.0235   0.0214
  0.0767  -0.0072   0.1688   0.4026  -0.0235  -0.0044
  0.0763   0.0374   0.1310   0.2596  -0.0212   0.0226
  0.0799   0.0292   0.1633   0.3768  -0.0288   0.0032
  0.0657   0.0456   0.1431   0.2809  -0.0277   0.0506
  0.0616   0.0364   0.1474   0.2536  -0.0228   0.0028
  0.0597   0.0279   0.1449   0.3532  -0.0192   0.0178
  0.0611   0.0373   0.1305   0.2453  -0.0147   0.0369
  0.0354   0.0238   0.1002   0.2049  -0.0065   0.0166
  0.0234   0.0127   0.0978   0.2283  -0.0245   0.0415
  0.0068  -0.0254   0.0875   0.1747  -0.0270   0.0525
  0.0338   0.0242   0.0983   0.2210  -0.0186  -0.0084
  0.0397  -0.0276   0.1260   0.2120  -0.0269   0.0541
  0.0233   0.0209   0.1285   0.0966  -0.0181   0.0540
  0.0349  -0.0075   0.1187   0.2463  -0.0176   0.0215
  0.0263  -0.0045   0.0993   0.1998  -0.0206   0.0513
  0.0422   0.0405   0.1065   0.1895  -0.0229   0.0124
  0.0368   0.0030   0.1173   0.2289  -0.0251   0.0172
  0.0161   0.0233   0.1218   0.1739  -0.0290   0.0592
  0.0196   0.0104   0.1433   0.1435  -0.0226   0.0246
  0.0387  -0.0426   0.1228   0.1543  -0.0202   0.0698
  0.0330   0.0128   0.1180   0.1976  -0.0167  -0.0095
  0.0077   0.0401   0.0478   0.1559   0.0061   0.0927
  0.0182   0.0626   0.0714   0.1620  -0.0048   0.0070
  0.0359   0.0279   0.0856   0.2818  -0.0084  -0.0017
  0.0131   0.0674   0.0836   0.1550  -0.0137   0.0452
  0.0412   0.0280   0.0916   0.3158  -0.0113  -0.0135
  0.0257   0.0794   0.0768   0.1961  -0.0081   0.0529
  0.0335   0.0448   0.0893   0.3133  -0.0121  -0.0321
  0.0241   0.0710   0.0627   0.2569  -0.0133   0.0539
  0.0353   0.0650   0.0682   0.2786  -0.0136  -0.0432
  0.0369   0.0627   0.0664   0.2925  -0.0215  -0.0046
  0.0266   0.0846   0.0706   0.2174  -0.0221   0.0234
  0.0118   0.0251   0.0365   0.2236  -0.0157  -0.0034
  0.0204   0.0171   0.0549   0.2651  -0.0241   0.0099
 -0.0022   0.0221   0.0509   0.1736  -0.0161   0.0605
 -0.0043   0.0273   0.0420   0.1117  -0.0047   0.0442
  0.0044   0.0103   0.0671   0.1054  -0.0138   0.0256
  0.0211  -0.0028   0.0705   0.2556  -0.0201  -0.0045
  0.0067   0.0370   0.0622   0.1298  -0.0179   0.0572
  0.0087   0.0295   0.0542   0.2069  -0.0150  -0.0224
  0.0063   0.0181   0.0107   0.1426   0.0113   0.0462
 -0.0025   0.0159   0.0298   0.0973   0.0044   0.0265
 -0.0134   0.0097   0.0381   0.0689   0.0033   0.0335
 -0.0020   0.0025   0.0270   0.1391   0.0023   0.0265
 -0.0219  -0.0415   0.0265  -0.0419   0.0007   0.0737
 -0.0260  -0.0339   0.0348  -0.0293  -0.0058   0.0535
  0.0086  -0.0247   0.0481   0.1564  -0.0196  -0.0401
 -0.0251  -0.0206   0.0328  -0.0163  -0.0099   0.0799
 -0.0197   0.0183   0.0472  -0.0187  -0.0226   0.0317
 -0.0179  -0.0023   0.0455   0.0181  -0.0114   0.0141
 -0.0073  -0.0283   0.0415   0.1022  -0.0165   0.0084
 -0.0128  -0.0057   0.0287   0.0091  -0.0161   0.0415
 -0.0127   0.0099   0.0242   0.0137  -0.0220   0.0212
 -0.0151  -0.0166   0.0180   0.0900  -0.0142   0.0135
 -0.0420  -0.0431  -0.0278  -0.0431   0.0049   0.0728
 -0.0334  -0.0394  -0.0381  -0.0493   0.0132   0.0549
  0.0054  -0.0150  -0.0021   0.1636  -0.0041  -0.0691
 -0.0176   0.0071  -0.0194   0.0123  -0.0010   0.0870
 -0.0118   0.0026  -0.0051  -0.0153  -0.0034   0.0343
 -0.0136  -0.0283  -0.0046  -0.0216  -0.0046   0.0215
 -0.0230  -0.0499  -0.0031   0.0124  -0.0045   0.0225
 -0.0267  -0.0451  -0.0384  -0.0987   0.0133   0.0540
  0.0025  -0.0292  -0.0108   0.1018  -0.0016  -0.0693
 -0.0379  -0.0557  -0.0363  -0.1256   0.0074   0.1019
 -0.0156  -0.0108  -0.0023   0.0107  -0.0262  -0.0302
  0.0086  -0.0275   0.0208   0.0810  -0.0227  -0.0017
 -0.0326  -0.0821  -0.0360  -0.1371  -0.0046   0.0720
 -0.0352  -0.0244   0.0080  -0.1000   0.0027  -0.0038
 -0.0073  -0.0962   0.0229   0.0538  -0.0114   0.0201
 -0.0275  -0.0018   0.0012  -0.0871  -0.0104   0.0550
 -0.0004  -0.0430  -0.0031   0.1011  -0.0127  -0.0532
 -0.0350  -0.0038  -0.0289  -0.0697  -0.0032   0.0569
  0.0278  -0.0005   0.0720   0.0344  -0.0573  -0.0370
 -0.0356   0.0238  -0.0261   0.1337  -0.0088  -0.0151
 -0.0345   0.0441  -0.0610  -0.0096  -0.0109   0.0195
 -0.0166   0.0277  -0.0221   0.0352  -0.0163   0.0064
 -0.0329   0.0260  -0.0239  -0.0233  -0.0113   0.0057
  0.0105   0.0122   0.0308   0.0373  -0.0254  -0.0079
  0.0157  -0.0175   0.0462   0.0942  -0.0424  -0.0255
 -0.0432   0.0047  -0.0124  -0.1335  -0.0109   0.0516
 -0.0105   0.0210  -0.0218   0.0143  -0.0175  -0.0706
 -0.0126  -0.0254  -0.0196   0.0028  -0.0079   0.0170
 -0.0254   0.0093  -0.0083  -0.0824  -0.0136   0.0044
 -0.0047  -0.0219  -0.0262   0.0907  -0.0046  -0.0636
 -0.0074   0.0369  -0.0067  -0.0080  -0.0253   0.0281
 -0.0224   0.0181  -0.0093  -0.0995  -0.0046   0.0071
 -0.0390  -0.0320  -0.0235  -0.2006  -0.0048   0.0257
 -0.0205  -0.0393  -0.0132  -0.0366  -0.0148  -0.0114
 -0.0265  -0.0255   0.0025  -0.1151  -0.0163   0.0378
  0.0119   0.0023  -0.0070   0.0479  -0.0297  -0.0871
 -0.0043  -0.0030  -0.0019  -0.0203  -0.0251   0.0089
  0.0033   0.0199   0.0069  -0.0264  -0.0240  -0.0222
 -0.0110   0.0108  -0.0106  -0.0899  -0.0001  -0.0018
  0.0105   0.0109  -0.0115  -0.0540   0.0143  -0.0134
  0.0043  -0.0493  -0.0429  -0.0752   0.0178  -0.0083
 -0.0185  -0.0184  -0.0431  -0.2431   0.0244   0.0260
  0.0001  -0.0428  -0.0213  -0.0422   0.0023  -0.0524
 -0.0192  -0.0229  -0.0410  -0.1946   0.0135   0.0198
 -0.0193  -0.0304  -0.0331  -0.1954   0.0113   0.0022
 -0.0260  -0.0317  -0.0469  -0.1658   0.0066  -0.0204
 -0.0300  -0.0857  -0.0966  -0.2343   0.0231   0.0286
 -0.0352   0.0088  -0.0815  -0.1623   0.0112  -0.0023
 -0.0427   0.0031  -0.1024  -0.1972   0.0175  -0.0037
 -0.0198   0.0020  -0.0838  -0.0484   0.0060  -0.0382
 -0.0360  -0.0128  -0.0921  -0.1079   0.0136  -0.0016
 -0.0506  -0.0250  -0.1080  -0.2866   0.0269   0.0347
 -0.0163  -0.0096  -0.0826  -0.0959   0.0130  -0.0551
 -0.0165  -0.0491  -0.0805  -0.0412   0.0168   0.0026
  0.0015  -0.0285  -0.0799   0.0400   0.0085  -0.1013
 -0.0349   0.0260  -0.0970  -0.2821   0.0089   0.0507
 -0.0009  -0.0821  -0.0744  -0.0600   0.0118  -0.0958
  0.0293   0.0396  -0.0026  -0.2357   0.0115  -0.0020
  0.0431  -0.0086  -0.0100   0.0078   0.0231  -0.1041
 -0.0454   0.0161  -0.0821  -0.4293   0.0533   0.0674
 -0.0066  -0.0148  -0.0477  -0.1450   0.0181  -0.0461
 -0.0134   0.0017  -0.0431  -0.1225   0.0066  -0.0055
 -0.0330  -0.0276  -0.0718  -0.2262   0.0247   0.0090
  0.0077  -0.0195  -0.0649  -0.0321   0.0066  -0.1188
 -0.0187   0.0237  -0.0667  -0.1421   0.0127   0.0107
 -0.0255   0.0076  -0.0650  -0.1896   0.0174  -0.0301
 -0.0158  -0.0079  -0.0515  -0.1747   0.0260  -0.0184
 -0.0053  -0.0255  -0.0468  -0.1449   0.0178  -0.0411
 -0.0099   0.0166  -0.0587  -0.1847   0.0271  -0.0197
 -0.0220   0.0052  -0.0723  -0.2136   0.0268  -0.0107
 -0.0117   0.0075  -0.0726  -0.0782   0.0213  -0.0607
  0.0511  -0.0248  -0.0469  -0.0504   0.0430  -0.0534
 -0.0102   0.0067  -0.0983  -0.2713   0.0401  -0.0276
 -0.0097  -0.0439  -0.0977  -0.1802   0.0340  -0.0184
 -0.0246   0.0091  -0.1139  -0.2984   0.0434  -0.0032
 -0.0297  -0.0122  -0.0794  -0.2485   0.0236  -0.0199
 -0.0288  -0.0244  -0.0340  -0.2193   0.0159  -0.0179
 -0.0090  -0.0494  -0.0271  -0.1212   0.0053  -0.0398
 -0.0117   0.0023  -0.0549  -0.2697   0.0199  -0.0015
  0.0135  -0.0252  -0.0616  -0.0747   0.0185  -0.0866
 -0.0280  -0.0104  -0.0857  -0.2706   0.0404   0.0109
 -0.0346   0.0495  -0.1358  -0.1357   0.0428  -0.0661
  0.0097   0.0158  -0.1057  -0.0316   0.0217  -0.0827
 -0.0055   0.0133  -0.0753  -0.2309   0.0226  -0.0096
 -0.0088   0.0053  -0.0751  -0.1716   0.0244  -0.0632
 -0.0164  -0.0467  -0.0667  -0.2157   0.0254   0.0134
  0.0189   0.0309  -0.0838  -0.1483   0.0254  -0.0819
  0.0197  -0.0102  -0.0853  -0.0740   0.0391  -0.0472
 -0.0097   0.0263  -0.0883  -0.2567   0.0337  -0.0253
  0.0202   0.0033  -0.0719  -0.0900   0.0163  -0.0818
  0.0235   0.0216  -0.0533  -0.1449   0.0083  -0.0534
  0.0082  -0.0182  -0.0687  -0.2572   0.0480  -0.0421
  0.0144  -0.0040  -0.0890  -0.0864   0.0230  -0.0931
  0.0001   0.0262  -0.1082  -0.1786   0.0364  -0.0123
 -0.0072   0.0082  -0.1097  -0.3023   0.0512  -0.0487
  0.0181  -0.0233  -0.0879  -0.0550   0.0432  -0.0920
  0.0012   0.0377  -0.1034  -0.3112   0.0435  -0.0195
