 -0.1095   1.7124   0.0179  -0.0170  -0.0231  -0.5638
 -0.1096   1.7090  -0.0423  -0.0692  -0.0301  -0.5582
 -0.0963   1.6135  -0.0249  -0.0184  -0.0288  -0.5344
 -0.0945   1.5601  -0.0273  -0.0070  -0.0200  -0.5320
 -0.1017   1.5280  -0.0376  -0.1639  -0.0229  -0.5201
 -0.0967   1.5801  -0.0539  -0.1188  -0.0179  -0.5276
 -0.0538   1.6530  -0.0360  -0.1286  -0.0077  -0.5169
 -0.0841   1.6077  -0.0792  -0.1646   0.0183  -0.5389
 -0.0755   1.5349  -0.1034  -0.1614   0.0130  -0.5186
 -0.1317   2.0243  -0.0581  -0.2926   0.0112  -0.6212
 -0.0974   1.7248  -0.1007  -0.2024   0.0332  -0.5504
 -0.1059   1.7210  -0.0677  -0.1196   0.0034  -0.5438
 -0.1129   2.0101  -0.1447  -0.3360  -0.1509  -0.7037
 -0.0518   1.9406   0.0255  -0.3958  -0.0051  -0.6062
 -0.0635   1.7054   0.0791  -0.2640  -0.0274  -0.5441
 -0.0578   1.4691   0.1073  -0.1482  -0.0207  -0.5008
 -0.0856   1.5317   0.0048   0.0374  -0.0260  -0.4692
 -0.2210   1.4743   0.0944   0.0540  -0.0378  -0.4399
 -0.1167   1.3555   0.0131  -0.0320  -0.0244  -0.4583
 -0.1133   1.2977   0.0505  -0.0500  -0.0005  -0.4364
 -0.1234   1.1252   0.0593  -0.0127   0.0242  -0.4308
 -0.1149   0.9779   0.0059   0.0361  -0.0064  -0.3726
 -0.1149   0.8921   0.0112   0.0464  -0.0187  -0.3334
 -0.1005   0.7838   0.0020   0.0896   0.0028  -0.3464
 -0.1052   0.7599  -0.0022   0.0391   0.0123  -0.3480
 -0.1068   0.7553   0.0270   0.0374   0.0279  -0.3469
 -0.0951   0.7168   0.0119   0.0312  -0.0131  -0.3126
  0.0424   0.8107  -0.0754   0.0749   0.0047  -0.2960
 -0.0408   0.6847  -0.0398   0.1486   0.0353  -0.2989
 -0.0329   0.6321  -0.1048   0.1352   0.0400  -0.3050
 -0.0210   0.5214  -0.0914   0.1263   0.0366  -0.2842
 -0.0335   0.4246  -0.0846   0.1548   0.0197  -0.2327
 -0.0721   0.4265  -0.1190   0.1022   0.0006  -0.2324
 -0.0507   0.5347   0.0409   0.1126   0.0621  -0.2499
 -0.0774   0.4618   0.0274   0.1160   0.0409  -0.2587
 -0.0942   0.3626   0.0099   0.1016   0.0521  -0.2386
 -0.0839   0.3175   0.0172   0.1080   0.0568  -0.2173
 -0.1025   0.2517  -0.0010   0.0965   0.0272  -0.1867
 -0.0875   0.1303  -0.0199   0.0588   0.0175  -0.1476
 -0.0839   0.1595  -0.0012   0.1210   0.0442  -0.1898
 -0.0935   0.2575   0.0202   0.2144   0.0302  -0.1969
 -0.0238   0.2185   0.0254   0.1170  -0.0072  -0.1827
 -0.0596   0.2318   0.0634   0.1334  -0.0178  -0.1479
 -0.0484   0.1926   0.0325   0.1164   0.0166  -0.1630
 -0.0615   0.1913   0.0526   0.1039   0.0179  -0.1753
 -0.0843   0.1099   0.0457   0.0926   0.0130  -0.1441
 -0.0658   0.1122   0.0333   0.0851  -0.0035  -0.1189
 -0.0864   0.2301  -0.0403  -0.0294   0.0036  -0.1684
 -0.0726   0.1768  -0.0343  -0.0456   0.0217  -0.1736
 -0.0777   0.1864  -0.0105   0.0018   0.0047  -0.1514
 -0.0502   0.6184  -0.0706   0.0044   0.0181  -0.2018
  0.0298   0.4959  -0.0149  -0.0589   0.0496  -0.1921
  0.0005   0.5187   0.0491  -0.1194   0.0454  -0.1783
 -0.0140   0.4126   0.0684  -0.0481   0.0438  -0.1725
 -0.0368   0.3155   0.0988   0.0098   0.0511  -0.1470
 -0.0485   0.2310   0.0744   0.0455   0.0346  -0.0961
 -0.0395   0.2120   0.0714   0.0821   0.0298  -0.1097
 -0.0433   0.0817   0.0727   0.0978   0.0324  -0.0826
 -0.0394   0.0785   0.0535   0.0675   0.0015  -0.0823
 -0.0442   0.0237   0.0436   0.0110  -0.0048  -0.0672
 -0.0279   0.0746   0.0605   0.0582   0.0039  -0.0686
 -0.0663   0.1175   0.0476   0.0739   0.0170  -0.0775
 -0.0547  -0.0559   0.0005   0.0860  -0.0059  -0.0230
 -0.0257  -0.1742  -0.0241   0.0687  -0.0011  -0.0129
 -0.0487  -0.1352   0.0002   0.0309  -0.0026  -0.0097
 -0.0533  -0.2093   0.0317   0.0413   0.0395  -0.0110
 -0.0505  -0.2941   0.0117   0.0068   0.0325   0.0090
 -0.0271  -0.1641   0.0339  -0.0240   0.0193  -0.0151
 -0.0168  -0.2486   0.0737   0.0804   0.0123   0.0243
 -0.0454  -0.2375   0.0498   0.0586   0.0185  -0.0013
 -0.0622  -0.2452   0.0570   0.0881   0.0371   0.0059
 -0.0251  -0.3522   0.1068   0.0800   0.0989  -0.0007
  0.0131  -0.3371   0.0942   0.0843   0.0566   0.0344
 -0.0100  -0.3842   0.0949   0.0216   0.0728   0.0380
 -0.0096  -0.4098   0.0844   0.0272   0.0860   0.0408
 -0.0175  -0.4554   0.0582   0.0776   0.0654   0.0532
 -0.0212  -0.5438   0.0997   0.0983   0.0802   0.0808
 -0.0331  -0.6271   0.1221   0.1044   0.0813   0.1082
 -0.0184  -0.1964   0.0415  -0.0974   0.0310   0.0447
  0.0297  -0.6309  -0.1661   0.0546  -0.0630   0.1352
  0.0008  -0.6735  -0.0978   0.1485  -0.0323   0.1029
  0.0829  -0.4713  -0.0441   0.1984  -0.0165   0.1103
 -0.0626  -0.0761  -0.1399   0.1300  -0.0733   0.0530
  0.1693  -0.5161   0.0621  -0.1307  -0.0898   0.0649
  0.1565  -0.7072   0.0431   0.0993  -0.0524   0.1030
  0.1556  -0.8032   0.0010   0.1588  -0.0313   0.1297
  0.1457  -0.9708   0.0278   0.1771  -0.0201   0.1729
  0.0546  -0.5158  -0.0725   0.0658  -0.0705   0.0816
  0.0423  -0.4310  -0.0688   0.1722  -0.0399   0.1393
  0.0437  -0.6126  -0.0294   0.1960  -0.0512   0.1914
  0.0436  -0.7295   0.0176   0.2640  -0.0184   0.1930
  0.0381  -0.6668   0.0328   0.2046  -0.0218   0.1746
  0.0654  -0.7838   0.0273   0.2000  -0.0120   0.2215
  0.0523  -0.8630   0.0283   0.2047  -0.0139   0.1963
  0.0860  -0.6944   0.0050   0.1950  -0.0035   0.1898
  0.1009  -0.7260  -0.0416   0.2366   0.0136   0.1570
  0.0872  -0.9328  -0.0691   0.3040   0.0038   0.2582
  0.0870  -1.0188  -0.0516   0.2939  -0.0076   0.2681
  0.1192  -0.9913  -0.0920   0.2651  -0.0049   0.2814
  0.0732  -1.1133  -0.0614   0.2785   0.0206   0.2819
  0.0486  -0.9544  -0.0005   0.2662   0.0195   0.2814
  0.1472  -0.5983  -0.0707   0.0955   0.0427   0.1956
  0.0199  -0.8554   0.0635   0.2850   0.0228   0.2618
  0.0516  -0.9330   0.0433   0.2597  -0.0159   0.2825
  0.0419  -1.0887   0.0765   0.3337  -0.0029   0.3031
  0.1064  -0.9376   0.1630   0.3230   0.0095   0.2938
  0.0820  -0.8911   0.1436   0.2431   0.0076   0.2658
  0.0489  -0.8945   0.1583   0.2484   0.0174   0.2967
  0.0430  -0.8734   0.1573   0.1679   0.0420   0.2936
  0.0832  -0.7777   0.0851   0.1714   0.0345   0.2801
  0.0603  -0.7110   0.0964   0.1733   0.0370   0.2534
  0.0516  -0.7149   0.1049   0.1177   0.0484   0.2416
  0.0508  -0.7197   0.0397   0.0618   0.0014   0.2756
  0.0243  -0.3208  -0.0837  -0.1573  -0.0436   0.1961
  0.0587  -0.2811  -0.0830  -0.0858  -0.0801   0.2084
  0.0608  -0.3737  -0.1159  -0.0937  -0.0886   0.2139
  0.1109  -0.2141  -0.2383  -0.1314  -0.0641   0.1663
  0.0591   0.1066  -0.1509  -0.1359  -0.0240   0.1325
  0.0087   0.1187  -0.1338  -0.2316  -0.0079   0.1033
  0.0149   0.0132  -0.4400  -0.3546  -0.1199   0.1280
  0.0963   0.5617  -0.2810  -0.4405  -0.0676   0.0572
  0.0133   0.1176  -0.2322  -0.3224  -0.0793   0.1376
  0.0393  -0.1541  -0.0851  -0.1888  -0.0554   0.1662
 -0.0062  -0.0183  -0.0767  -0.3096  -0.0499   0.1631
  0.0209  -0.0748  -0.0559  -0.3157  -0.0247   0.1532
  0.0078  -0.1607  -0.0251  -0.3046  -0.0132   0.1721
  0.0365  -0.0904  -0.0322  -0.3142   0.0055   0.1674
  0.0314  -0.2159  -0.0387  -0.2905   0.0123   0.1656
  0.0303  -0.2594  -0.0494  -0.2768   0.0113   0.1805
  0.0476  -0.3855   0.0075  -0.1059  -0.0167   0.2431
  0.0713  -0.6004  -0.0444  -0.1307  -0.0269   0.2621
  0.0801  -0.2450   0.1042  -0.2436   0.0422   0.2328
  0.0581  -0.2229   0.0904  -0.2547   0.0423   0.2052
  0.0737  -0.2709   0.0864  -0.2557   0.0135   0.2290
  0.0380  -0.3160   0.0857  -0.2543   0.0123   0.2315
  0.0295  -0.4107   0.0889  -0.2046   0.0239   0.2533
  0.0192  -0.4244   0.0801  -0.2036   0.0273   0.2428
  0.0189  -0.4292   0.0732  -0.2157   0.0291   0.2411
 -0.0077  -0.2401   0.0500  -0.2733  -0.0015   0.2618
  0.0224  -0.4230   0.0520  -0.2373   0.0269   0.2813
  0.0172  -0.2558  -0.0476  -0.1416  -0.0334   0.2572
  0.1312  -0.2347  -0.0005  -0.0734  -0.0614   0.2908
  0.0695  -0.1183  -0.0454  -0.0980  -0.0338   0.2410
  0.0774  -0.1781   0.0130  -0.0607  -0.0490   0.2560
  0.0516  -0.2044   0.1059  -0.0720   0.0057   0.2601
  0.0682  -0.2624   0.0704  -0.0554  -0.0072   0.2814
  0.0386  -0.3302  -0.0190  -0.0187  -0.0569   0.3357
  0.0316  -0.3163   0.0459  -0.0454  -0.0524   0.3127
  0.0708  -0.3332   0.0411  -0.0236  -0.0549   0.3175
  0.0579  -0.3442   0.0932   0.0380  -0.0185   0.3052
  0.0680  -0.3546   0.0751   0.0261  -0.0143   0.3025
  0.0546  -0.3384   0.0514  -0.0491  -0.0197   0.3059
  0.1075  -0.0934  -0.1388  -0.1921   0.0087   0.2885
  0.1388  -0.1795  -0.0591  -0.1424   0.0317   0.2575
  0.1333  -0.2285   0.0346  -0.0953   0.0023   0.3078
  0.1023  -0.3216  -0.0236  -0.0555  -0.0270   0.3305
