  0.0425  -0.3853  -0.1162  -0.0616   0.0256   0.2562
  0.0394  -0.2932  -0.1214  -0.0438   0.0141   0.2197
  0.0518  -0.2688  -0.0729  -0.0006   0.0134   0.1054
  0.0564  -0.1299  -0.0635  -0.0318   0.0322   0.1330
  0.0555  -0.1440  -0.0564  -0.0015   0.0431   0.0795
  0.0647  -0.0658  -0.0650  -0.0203   0.0249   0.1335
  0.0623  -0.1219  -0.0517  -0.0243   0.0391   0.0543
  0.0526  -0.0687  -0.0497   0.0239   0.0317   0.0860
  0.0518  -0.0823  -0.0702  -0.0151   0.0341   0.0518
  0.0565  -0.0197  -0.0571  -0.0193   0.0300   0.0562
  0.0384  -0.0543  -0.0685  -0.0283   0.0176   0.0079
  0.0642  -0.0339  -0.0496   0.0255   0.0315   0.0791
  0.0736  -0.0371  -0.0477  -0.0196   0.0477   0.0239
  0.0657  -0.0495  -0.0341   0.0176   0.0449   0.0117
  0.0850  -0.0034  -0.0393  -0.0228   0.0592   0.0812
  0.0930  -0.0716  -0.0386   0.0253   0.0601   0.0012
  0.0904   0.0277  -0.0517   0.0192   0.0433   0.0660
  0.0841  -0.0402  -0.0422   0.0004   0.0414  -0.0133
  0.0999   0.0175  -0.0259   0.0369   0.0497   0.0931
  0.1216  -0.0004  -0.0117   0.0193   0.0659  -0.0196
  0.1179   0.0307  -0.0103   0.0427   0.0687   0.0488
  0.1095   0.0613   0.0058   0.0256   0.0808  -0.0010
  0.1081   0.0083  -0.0045   0.0781   0.0722  -0.0155
  0.1413   0.0442   0.0297   0.0521   0.1083   0.0143
  0.1344  -0.0392   0.0227   0.0985   0.1015  -0.0216
  0.1487   0.0071   0.0108   0.0591   0.0920   0.0399
  0.1249  -0.0608   0.0176   0.1216   0.0944  -0.0944
  0.1597   0.0089   0.0276   0.0894   0.1079   0.0492
  0.1579  -0.0490   0.0306   0.1037   0.1031   0.0308
  0.1744   0.0133   0.0241   0.0950   0.1077   0.0419
  0.1599  -0.0126   0.0228   0.0821   0.1212  -0.0150
  0.1459  -0.0247   0.0112   0.1458   0.0924   0.0433
  0.1357  -0.0788   0.0236   0.1539   0.0864   0.0037
  0.1305  -0.0428   0.0136   0.1935   0.0698   0.0351
  0.1224  -0.0528   0.0101   0.1548   0.0909   0.0238
  0.1038  -0.0997  -0.0009   0.2227   0.0714  -0.0354
  0.1195  -0.0586   0.0161   0.1578   0.0921  -0.0424
  0.1106  -0.1514   0.0281   0.1705   0.0821  -0.0140
  0.1027  -0.1392   0.0142   0.1802   0.0698   0.0286
  0.0644  -0.0947   0.0080   0.0826   0.0670   0.0147
  0.0752  -0.0144   0.0318   0.0737   0.0810   0.1464
  0.0857  -0.0525   0.0331   0.1272   0.0911  -0.0125
  0.0949   0.0048   0.0268   0.1173   0.0718   0.0254
  0.0863  -0.0246   0.0145   0.1181   0.0709  -0.0024
  0.0561  -0.0298   0.0030   0.1694   0.0371  -0.0365
  0.0723   0.0119  -0.0002   0.0705   0.0521   0.0306
  0.0723  -0.0756  -0.0003   0.0892   0.0506  -0.0359
  0.0088  -0.0791   0.0253   0.0942  -0.0142   0.0120
 -0.0132  -0.0810   0.0600   0.0772  -0.0014  -0.0131
  0.0575   0.0101   0.0242   0.0831   0.0274   0.0558
  0.0622  -0.0483   0.0154  -0.0095   0.0184   0.0027
  0.0543  -0.0569   0.0146   0.0875   0.0141   0.0075
  0.0646  -0.1072   0.0806   0.0818   0.0346   0.0101
  0.0938   0.0122   0.0286   0.0840   0.0190   0.0677
  0.0995  -0.0176   0.0032   0.0714   0.0579  -0.0034
  0.1238  -0.0037   0.0441   0.0665   0.0692   0.0230
  0.0973  -0.0441   0.0506   0.0164   0.0801  -0.0206
  0.0913  -0.0441   0.0499   0.0493   0.0721  -0.0125
  0.1268  -0.0371   0.0553   0.0191   0.1203  -0.0089
  0.1207  -0.0868   0.0502   0.1212   0.1133   0.0001
  0.1125  -0.0528   0.0291   0.0558   0.1064  -0.0417
  0.1655  -0.0660  -0.0532   0.0124   0.0948   0.0931
  0.1151  -0.0806  -0.0569   0.1057   0.0429  -0.0266
  0.1064  -0.0900   0.0022   0.0659   0.0773  -0.0412
  0.0881  -0.0753   0.0352   0.1481   0.0596  -0.0112
  0.0831  -0.0230   0.0175   0.0799   0.0654   0.0433
  0.0463  -0.1018  -0.0069   0.1101   0.0220  -0.0197
  0.0469  -0.0235   0.0207   0.0974   0.0146   0.0540
  0.0594  -0.0605   0.0261   0.1179   0.0222  -0.0523
  0.0793   0.0128   0.0445   0.0898   0.0399   0.0719
  0.0933  -0.0451   0.0797   0.1658   0.0640  -0.0355
  0.2118  -0.0098   0.1735   0.1218   0.1407   0.0336
  0.1729  -0.0574   0.1481   0.1580   0.1300  -0.0540
  0.1665   0.0062   0.1224   0.1372   0.1102   0.0067
  0.1602  -0.0426   0.1149   0.0668   0.1146   0.0143
  0.1552  -0.0731   0.1231   0.1261   0.1176  -0.0354
  0.1583  -0.0251   0.1198   0.0813   0.1194   0.0360
  0.1518  -0.0799   0.1185   0.1096   0.1172  -0.0690
  0.1495  -0.0682   0.0959   0.1772   0.0896   0.0093
  0.1428  -0.0911   0.0972   0.1285   0.1073  -0.0543
  0.1313  -0.1213   0.1077   0.1791   0.1042   0.0401
  0.1349  -0.0954   0.1075   0.1042   0.1014   0.0502
  0.1491  -0.1189   0.1142   0.1510   0.1103  -0.0421
  0.1666  -0.0312   0.1251   0.1184   0.1197   0.0233
  0.1728  -0.1296   0.1230   0.1105   0.1363  -0.0415
  0.1889  -0.0885   0.1182   0.1275   0.1384   0.0326
  0.1832  -0.1267   0.1175   0.1547   0.1421  -0.0358
  0.1866  -0.0365   0.1303   0.1074   0.1464  -0.0418
  0.1754  -0.0873   0.1349   0.0877   0.1559  -0.0013
  0.1832  -0.0485   0.1236   0.1294   0.1519   0.0288
  0.1726  -0.0670   0.1084   0.0902   0.1472  -0.0660
  0.1795  -0.0884   0.1018   0.1502   0.1310   0.0078
  0.1844  -0.0522   0.0993   0.0873   0.1437  -0.0272
  0.1716  -0.1070   0.0995   0.1295   0.1293  -0.0162
  0.1877  -0.0443   0.1052   0.0743   0.1266   0.0101
  0.1640  -0.1128   0.1108   0.0936   0.1388  -0.0694
  0.1843  -0.0479   0.1018   0.0433   0.1347   0.0283
  0.1551  -0.1250   0.1023   0.0274   0.1120  -0.0405
  0.2135  -0.0136   0.0700  -0.0114   0.1391   0.1914
  0.1965   0.1347   0.0906  -0.0316   0.1498  -0.0537
  0.1351   0.0961   0.1061   0.0878   0.1288  -0.2280
  0.1494   0.0986   0.0819  -0.0331   0.1085  -0.0029
  0.1408  -0.0077   0.0177   0.1384   0.0802  -0.1137
  0.1192  -0.0093   0.0350   0.0027   0.0708  -0.0186
  0.1395   0.0364   0.0738   0.0122   0.0853  -0.0197
  0.1435   0.0790   0.0872  -0.0727   0.0928   0.0172
  0.1009   0.0318   0.1029  -0.0260   0.0557  -0.0499
  0.0669   0.0325   0.1337  -0.0191   0.0424   0.0264
  0.0262  -0.0274   0.0724   0.0069   0.0135  -0.0745
 -0.0158  -0.0486   0.0057   0.0349  -0.0362   0.0999
 -0.0068  -0.1215   0.0112   0.0129  -0.0187   0.0180
 -0.0278  -0.1960   0.0031   0.0595  -0.0336   0.0186
 -0.0283  -0.0986  -0.0130   0.0141  -0.0359   0.0304
 -0.0522  -0.1420  -0.0135   0.0127  -0.0358  -0.0356
 -0.0255  -0.0645  -0.0085   0.0415  -0.0299   0.0674
  0.0280  -0.0341   0.0418  -0.0099   0.0009  -0.0034
 -0.0210  -0.1868   0.0285   0.0162   0.0036   0.0910
  0.0130  -0.1248   0.0384   0.0118   0.0190   0.0693
  0.0092  -0.1185   0.0385  -0.0516   0.0198   0.0305
  0.0225  -0.1059   0.0407   0.0022   0.0153  -0.0450
  0.0671  -0.0322   0.0469  -0.0473   0.0519   0.0120
  0.0498  -0.0321   0.0429  -0.0020   0.0317  -0.0264
  0.0231   0.0152   0.0571  -0.0786   0.0053  -0.0056
 -0.0786  -0.0543   0.0563  -0.0473  -0.0700  -0.0440
 -0.0620   0.0486   0.1333  -0.0841  -0.0543   0.0178
  0.0247  -0.0140  -0.0041  -0.1526   0.0185  -0.0009
 -0.0152  -0.0650   0.0263  -0.0288   0.0008   0.0190
 -0.0433  -0.0837   0.0107  -0.1476  -0.0219   0.1244
 -0.0126  -0.1025   0.0209  -0.0944  -0.0065   0.0405
 -0.0093  -0.1109   0.0325  -0.0873   0.0175   0.0001
 -0.0100  -0.0584   0.0317  -0.0648   0.0088   0.0941
  0.0009  -0.0576   0.0467  -0.0508   0.0206  -0.0019
  0.0158  -0.0406   0.0603   0.0213   0.0305  -0.0323
  0.0399   0.0019   0.0720  -0.0350   0.0438  -0.0489
  0.0342  -0.0190   0.0767   0.0089   0.0469  -0.0326
  0.0366   0.0082   0.0794  -0.0383   0.0508  -0.0156
  0.0182  -0.0654   0.0705   0.0053   0.0451  -0.0496
  0.0321   0.0058   0.0703  -0.0549   0.0482   0.0085
  0.0297  -0.1101   0.0661   0.0135   0.0361  -0.0436
  0.0344  -0.0411   0.0708  -0.0053   0.0304   0.0208
  0.0195  -0.0878   0.0754  -0.0043   0.0306  -0.0244
  0.0345   0.0069   0.0644  -0.0070   0.0337   0.0193
 -0.0232  -0.0321   0.0447  -0.0506  -0.0138  -0.0284
 -0.0053   0.0521   0.0665  -0.0827   0.0074   0.0145
 -0.0133  -0.0190   0.0554  -0.1462  -0.0032   0.0326
 -0.0313  -0.0476   0.0505  -0.0649  -0.0109   0.0628
 -0.0476  -0.0307   0.0417  -0.0903  -0.0259   0.0112
 -0.0459  -0.1202   0.0359  -0.0713  -0.0210   0.0062
 -0.0555  -0.0610   0.0294  -0.0618  -0.0376   0.0807
 -0.0882  -0.1054   0.0157  -0.1154  -0.0592   0.0794
 -0.0830  -0.0657   0.0371   0.0022  -0.0734  -0.0234
 -0.0725  -0.0637   0.0390  -0.0094  -0.0736   0.0092
 -0.0819  -0.1359   0.0428   0.0619  -0.0696  -0.0197
 -0.0945  -0.1052  -0.0312   0.0547  -0.1273   0.0740
 -0.1070  -0.1463  -0.0546   0.0667  -0.1176   0.0100
 -0.1326  -0.0914  -0.0250   0.0476  -0.1390   0.0877
 -0.1361  -0.1073  -0.0580  -0.0008  -0.1310   0.0175
 -0.1612  -0.1373  -0.0967   0.1017  -0.1732   0.0508
 -0.1696  -0.1203  -0.1066   0.0546  -0.1681   0.0196
 -0.2027  -0.0945  -0.1212   0.1119  -0.1991  -0.0261
 -0.1807  -0.0199  -0.1174   0.0192  -0.1945  -0.0058
 -0.1695   0.0721  -0.1347   0.0129  -0.1769   0.0244
 -0.1914   0.0122  -0.1247   0.0110  -0.1824  -0.0454
 -0.2045   0.0435  -0.1237   0.0595  -0.1926   0.0302
 -0.2157  -0.0284  -0.1127   0.0171  -0.1784  -0.0373
 -0.2294   0.0225  -0.1454   0.0173  -0.2013   0.0195
 -0.2319  -0.0325  -0.1396  -0.0368  -0.1918   0.0045
 -0.2209  -0.0549  -0.1173   0.0496  -0.1891   0.0116
 -0.2121  -0.0413  -0.1237   0.0048  -0.1726   0.0037
 -0.2070  -0.0689  -0.1177   0.0552  -0.1678  -0.0417
 -0.1942  -0.1471  -0.1378  -0.0708  -0.1399   0.0808
 -0.1671  -0.1272  -0.1311  -0.0544  -0.1373   0.0979
 -0.1827  -0.1439  -0.1325  -0.0024  -0.1531   0.0041
 -0.1807  -0.0070  -0.1198  -0.0353  -0.1560   0.0763
 -0.1916  -0.0430  -0.1298  -0.0042  -0.1572  -0.0097
 -0.1802   0.1544  -0.1362   0.0002  -0.1616   0.0019
 -0.2058   0.1561  -0.1349  -0.0797  -0.1641  -0.1391
 -0.2236   0.2353  -0.1363  -0.0991  -0.1742  -0.0489
 -0.2310   0.1717  -0.1285  -0.2437  -0.1716  -0.0700
 -0.2402   0.1420  -0.1310  -0.0960  -0.1854  -0.1027
 -0.2356   0.1878  -0.1405  -0.1373  -0.1737  -0.0442
 -0.2445   0.0891  -0.1346  -0.0841  -0.1779  -0.0093
 -0.2394   0.1702  -0.1471  -0.1394  -0.1864   0.0011
 -0.2708   0.1133  -0.1414  -0.1138  -0.1964  -0.0088
 -0.2752   0.2077  -0.1665  -0.0893  -0.2045  -0.0567
 -0.2967   0.1757  -0.1610  -0.1151  -0.2047  -0.0626
 -0.2881   0.2723  -0.1702  -0.1048  -0.2115   0.0174
 -0.2922   0.2537  -0.1599  -0.1452  -0.2109  -0.0374
 -0.2607   0.3095  -0.1558  -0.1403  -0.1914  -0.0100
 -0.3209   0.2599  -0.0291  -0.2043  -0.2013  -0.0709
 -0.2778   0.2651  -0.0722  -0.1645  -0.1620  -0.0723
 -0.2922   0.2989  -0.0731  -0.2299  -0.1574  -0.1050
 -0.3128   0.2826  -0.0962  -0.1716  -0.1775  -0.1154
 -0.2853   0.2713  -0.1016  -0.2529  -0.1618  -0.0445
 -0.1936   0.2934  -0.0568  -0.2747  -0.1107   0.0378
 -0.1061   0.3574  -0.0212  -0.3032  -0.0513  -0.0776
 -0.1154   0.2436  -0.0483  -0.4561  -0.0204  -0.0747
 -0.2041   0.5544  -0.0635  -0.5834  -0.0523   0.0667
 -0.2428   0.2761  -0.1042  -0.1959  -0.1167  -0.1265
 -0.2292   0.3415  -0.0904  -0.2748  -0.1013  -0.0710
 -0.2360   0.3980  -0.0593  -0.2614  -0.0955  -0.1360
 -0.2223   0.4872  -0.0585  -0.2757  -0.0949  -0.0319
 -0.2341   0.4692  -0.0488  -0.2981  -0.0882  -0.1401
 -0.2322   0.5212  -0.0449  -0.2803  -0.0955  -0.1330
 -0.2541   0.4378  -0.0761  -0.1343  -0.1348  -0.2369
 -0.2314   0.3336  -0.0954  -0.1729  -0.1248  -0.1302
 -0.2241   0.3150  -0.0923  -0.2776  -0.1045  -0.0648
 -0.2138   0.2865  -0.0801  -0.2035  -0.0894  -0.1305
 -0.2206   0.3669  -0.0946  -0.2959  -0.1084  -0.0761
 -0.2100   0.3466  -0.0806  -0.3248  -0.1063  -0.1100
