 -0.1869   0.2078  -0.0043  -0.3013  -0.1598  -0.0417
 -0.1903   0.1530  -0.0062  -0.1843  -0.1564  -0.0737
 -0.1831   0.1772  -0.0121  -0.2619  -0.1545  -0.0259
 -0.1826   0.1502  -0.0122  -0.1839  -0.1561  -0.0386
 -0.1761   0.2356  -0.0503  -0.3473  -0.1604   0.0360
 -0.1891   0.2222  -0.0182  -0.3008  -0.1610   0.0137
 -0.1782   0.1642  -0.0127  -0.1659  -0.1450  -0.0248
 -0.1751   0.1482  -0.0206  -0.2231  -0.1373  -0.0062
 -0.1584   0.1300  -0.0145  -0.1497  -0.1487   0.0141
 -0.1486   0.1036  -0.0342  -0.0814  -0.1091  -0.0460
 -0.1434   0.1170  -0.0312  -0.1430  -0.1277   0.0262
 -0.1455   0.0980  -0.0226  -0.0507  -0.1217  -0.0379
 -0.1387   0.1008  -0.0391  -0.1708  -0.1113  -0.0035
 -0.1345   0.0839  -0.0277  -0.0758  -0.1367  -0.0074
 -0.1353   0.0731  -0.0332  -0.1193  -0.1122  -0.0343
 -0.1239   0.0638  -0.0108  -0.0794  -0.1496   0.0243
 -0.1232   0.0272  -0.0384  -0.0437  -0.1283  -0.0262
 -0.1270   0.0676  -0.0221  -0.1091  -0.1646   0.0266
 -0.1300   0.0258  -0.0336  -0.0114  -0.1319  -0.0284
 -0.1241   0.0632  -0.0227  -0.1167  -0.1686   0.0115
 -0.1258   0.0424  -0.0254   0.0140  -0.1438  -0.0416
 -0.1116   0.0959  -0.0452  -0.1113  -0.0945   0.0150
 -0.1065   0.1001  -0.0361  -0.0764  -0.0940  -0.0211
 -0.1007   0.0897  -0.0509  -0.1059  -0.0688  -0.0284
 -0.0856   0.1020  -0.0398  -0.1168  -0.0745   0.0026
 -0.0872   0.0583  -0.0328  -0.0537  -0.0539  -0.0282
 -0.0650   0.0867  -0.0359  -0.0988  -0.0395   0.0058
 -0.0602   0.0483  -0.0369  -0.0190  -0.0197  -0.0422
 -0.0446   0.0813  -0.0386  -0.1039  -0.0089   0.0197
 -0.0395   0.0681  -0.0287  -0.0342  -0.0192  -0.0218
 -0.0404   0.0670  -0.0446  -0.0936  -0.0052  -0.0062
 -0.0536   0.0728  -0.0241  -0.0627  -0.0467  -0.0002
 -0.0500   0.0463  -0.0268  -0.0278  -0.0387  -0.0215
 -0.0463   0.0694  -0.0204  -0.1150  -0.0724   0.0223
 -0.0690   0.0458  -0.0292  -0.0273  -0.0738  -0.0443
 -0.0766   0.0698  -0.0170  -0.1540  -0.1198   0.0183
 -0.0705   0.0511  -0.0165  -0.0635  -0.1051  -0.0188
 -0.0483   0.0217  -0.0309  -0.0811  -0.0607  -0.0364
 -0.0591   0.0536  -0.0084  -0.1015  -0.1138   0.0290
 -0.0448   0.0098  -0.0252   0.0005  -0.0827  -0.0167
 -0.0661   0.0347   0.0129  -0.0223  -0.1548   0.0310
 -0.0781   0.0104   0.0102   0.0874  -0.1443  -0.0001
 -0.0791  -0.0006  -0.0250   0.0039  -0.1170   0.0110
 -0.0808   0.0081  -0.0235   0.0315  -0.1251   0.0441
 -0.0833  -0.0243  -0.0108   0.0555  -0.1063  -0.0211
 -0.0716   0.0066  -0.0172  -0.0491  -0.0966   0.0138
 -0.0797   0.0253   0.0020  -0.0051  -0.1256   0.0306
 -0.0666   0.0025  -0.0126   0.0212  -0.0905  -0.0056
 -0.0691   0.0320   0.0067  -0.0450  -0.1324   0.0426
 -0.0885   0.0158   0.0078   0.0516  -0.1331   0.0000
 -0.0823   0.0011  -0.0111   0.0270  -0.1275   0.0059
 -0.1014   0.0064  -0.0019   0.0002  -0.1749   0.0339
 -0.1053  -0.0168  -0.0100   0.1297  -0.1430  -0.0063
 -0.0871  -0.0069  -0.0241   0.0422  -0.1111   0.0284
 -0.0892  -0.0079  -0.0084   0.0691  -0.1186   0.0108
 -0.0929  -0.0122  -0.0264   0.0187  -0.1188  -0.0101
 -0.1042   0.0173  -0.0150   0.0235  -0.1637   0.0112
 -0.1187  -0.0128  -0.0303   0.1184  -0.1534  -0.0167
 -0.0938   0.0090  -0.0278  -0.0015  -0.1236   0.0388
 -0.0959  -0.0218  -0.0188   0.1035  -0.1252  -0.0102
 -0.0875  -0.0021  -0.0295  -0.0120  -0.1304   0.0133
 -0.0967   0.0002  -0.0125   0.0775  -0.1470   0.0068
 -0.1010  -0.0287  -0.0526   0.0068  -0.1562   0.0179
 -0.1428  -0.0910  -0.0710   0.0372  -0.2596   0.0504
 -0.1316  -0.0637  -0.0482   0.1453  -0.2105   0.0112
 -0.1177  -0.0436  -0.0395   0.0310  -0.1861   0.0266
 -0.1203  -0.0293  -0.0179   0.0341  -0.1974   0.0245
 -0.1167  -0.0558  -0.0242   0.1521  -0.1642   0.0016
 -0.1051  -0.0437  -0.0262   0.0157  -0.1587   0.0315
 -0.1016  -0.0456  -0.0186   0.0900  -0.1542   0.0039
 -0.1058  -0.0424  -0.0178   0.0193  -0.1735  -0.0012
 -0.1100  -0.0195  -0.0077   0.0052  -0.1841   0.0161
 -0.1106  -0.0516  -0.0200   0.1238  -0.1602  -0.0348
 -0.1056  -0.0223  -0.0226  -0.0098  -0.1775   0.0214
 -0.1113  -0.0215  -0.0147   0.0865  -0.1857  -0.0148
 -0.1146  -0.0423  -0.0166   0.0967  -0.1786  -0.0107
 -0.1185  -0.0212  -0.0070   0.0478  -0.1941   0.0281
 -0.1207   0.0264  -0.0077   0.0496  -0.1812   0.0368
 -0.0992  -0.0105  -0.0166   0.0197  -0.1435   0.0027
 -0.1051  -0.0461  -0.0198   0.0268  -0.1365  -0.0177
 -0.0977  -0.0039  -0.0156  -0.0644  -0.1364   0.0424
 -0.0995  -0.0080  -0.0099  -0.0009  -0.1523   0.0033
 -0.0998  -0.0092  -0.0186  -0.0064  -0.1331  -0.0385
 -0.0944   0.0130  -0.0136  -0.0109  -0.1516   0.0231
 -0.1012  -0.0093  -0.0127   0.0581  -0.1405  -0.0329
 -0.0854   0.0217  -0.0218  -0.0200  -0.1151   0.0012
 -0.0798   0.0170  -0.0101   0.0278  -0.1276   0.0125
 -0.0832  -0.0136  -0.0229   0.0310  -0.1078  -0.0429
 -0.0768   0.0169  -0.0159  -0.0117  -0.1141   0.0363
 -0.0820  -0.0091  -0.0187   0.0447  -0.1003  -0.0181
 -0.0698   0.0042  -0.0261  -0.0315  -0.0873   0.0038
 -0.0714   0.0165  -0.0115   0.0029  -0.1105   0.0133
 -0.0770  -0.0138  -0.0156  -0.0090  -0.0908  -0.0441
 -0.0665   0.0098  -0.0098  -0.0245  -0.1014   0.0255
 -0.0710  -0.0066  -0.0054   0.0459  -0.0914  -0.0373
 -0.0623   0.0142  -0.0048  -0.0070  -0.0909   0.0307
 -0.0722   0.0044  -0.0021   0.0416  -0.1041  -0.0017
 -0.0657  -0.0154  -0.0119   0.0258  -0.0769  -0.0312
 -0.0624   0.0172   0.0046   0.0057  -0.0967   0.0345
 -0.0473  -0.0117   0.0044   0.0054  -0.0664  -0.0285
 -0.0327   0.0170   0.0178  -0.0023  -0.0685   0.0322
 -0.0247  -0.0160   0.0146   0.0331  -0.0408  -0.0345
 -0.0126   0.0169   0.0193   0.0009  -0.0384   0.0256
 -0.0203  -0.0177   0.0176   0.1195  -0.0230  -0.0376
 -0.0109  -0.0580  -0.0160   0.1673   0.0125  -0.0826
  0.0076  -0.0338   0.0031   0.0337   0.0362   0.0123
  0.0269  -0.0157  -0.0018   0.0881   0.0649   0.0320
  0.0368  -0.0256  -0.0049   0.1016   0.0774   0.0111
  0.0449  -0.0493  -0.0150   0.0987   0.0954  -0.0345
  0.0479  -0.0232  -0.0066   0.0755   0.0923   0.0105
  0.0459  -0.0413  -0.0063   0.1865   0.1019  -0.0274
  0.0527  -0.0181   0.0033   0.1149   0.1150   0.0012
  0.0575  -0.0187   0.0103   0.1178   0.1131   0.0031
  0.0588  -0.0552   0.0020   0.1096   0.1121  -0.0532
  0.0548  -0.0101   0.0037   0.0699   0.1030   0.0041
  0.0584  -0.0212   0.0020   0.1406   0.0987  -0.0133
  0.0556  -0.0269  -0.0035   0.1216   0.1034  -0.0193
  0.0551  -0.0188   0.0090   0.1012   0.1018   0.0216
  0.0610  -0.0438   0.0010   0.1365   0.1172  -0.0331
  0.0645  -0.0074   0.0121   0.0650   0.1088   0.0253
  0.0643  -0.0453   0.0093   0.1106   0.1090  -0.0292
  0.0625  -0.0166   0.0124   0.0329   0.1099   0.0103
  0.0670  -0.0383   0.0163   0.0904   0.0972  -0.0068
  0.0649  -0.0375   0.0138   0.0269   0.1036  -0.0247
  0.0667  -0.0269   0.0112   0.0697   0.0958   0.0109
  0.0669  -0.0344   0.0161   0.0388   0.0983  -0.0334
  0.0743  -0.0111   0.0200   0.0354   0.0979   0.0304
  0.0740  -0.0477   0.0169   0.0432   0.1013  -0.0568
  0.0777  -0.0064   0.0246  -0.0081   0.1028   0.0330
  0.0752  -0.0116   0.0309   0.0526   0.0808   0.0010
  0.0813  -0.0168   0.0311  -0.0188   0.0842  -0.0054
  0.0777   0.0061   0.0394   0.0145   0.0718   0.0210
  0.0837  -0.0346   0.0312   0.0265   0.0853  -0.0352
  0.0825   0.0007   0.0289  -0.0070   0.0786   0.0418
  0.0862  -0.0264   0.0339   0.0660   0.0833  -0.0235
  0.0906  -0.0095   0.0315  -0.0141   0.0812   0.0132
  0.0848  -0.0028   0.0355   0.0173   0.0745   0.0108
  0.0807  -0.0379   0.0258   0.0169   0.0837  -0.0193
  0.0809   0.0003   0.0331  -0.0129   0.0859   0.0321
  0.0898  -0.0148   0.0243   0.0183   0.0965   0.0116
  0.0887  -0.0092   0.0284  -0.0220   0.1164  -0.0178
  0.0926   0.0081   0.0304  -0.0068   0.1130   0.0274
  0.0969  -0.0251   0.0329   0.0874   0.1150  -0.0158
  0.1009   0.0039   0.0291   0.0046   0.1374   0.0228
  0.0983  -0.0161   0.0290   0.0757   0.1377   0.0173
  0.1002  -0.0065   0.0224   0.0015   0.1400   0.0164
  0.1078  -0.0088   0.0273   0.0334   0.1347   0.0270
  0.1231  -0.0212   0.0248   0.0267   0.1554   0.0086
  0.1207   0.0018   0.0354   0.0316   0.1536   0.0309
  0.1224  -0.0271   0.0320   0.0694   0.1494  -0.0095
  0.1221   0.0066   0.0310   0.0264   0.1357   0.0308
  0.1295  -0.0312   0.0345   0.0762   0.1477  -0.0145
  0.1315  -0.0070   0.0328   0.0026   0.1542   0.0424
  0.1402  -0.0443   0.0282   0.0831   0.1648  -0.0087
  0.1395  -0.0140   0.0240  -0.0015   0.1703   0.0471
  0.1406  -0.0400   0.0274   0.0782   0.1611  -0.0071
  0.1363  -0.0149   0.0279  -0.0340   0.1534   0.0337
  0.1372  -0.0233   0.0423   0.0185   0.1325   0.0249
  0.1461  -0.0353   0.0241   0.0126   0.1615   0.0103
  0.1562  -0.0415   0.0234   0.0394   0.1621   0.0321
  0.1619  -0.0580   0.0201   0.0222   0.1774   0.0023
  0.1561  -0.0328   0.0226   0.0108   0.1650   0.0557
  0.1579  -0.0690   0.0222   0.0570   0.1776  -0.0273
  0.1609  -0.0371   0.0194  -0.0244   0.1573   0.0372
  0.1625  -0.0716   0.0280   0.0600   0.1597  -0.0009
  0.1636  -0.0411   0.0210  -0.0287   0.1498   0.0276
  0.1599  -0.0490   0.0464   0.0425   0.1339   0.0242
  0.1705  -0.0605   0.0154   0.0109   0.1729   0.0188
  0.1597  -0.0378   0.0347   0.0199   0.1266   0.0369
  0.1547  -0.0637   0.0133   0.0409   0.1547  -0.0025
  0.1044  -0.0408   0.0423  -0.0533   0.0536   0.0252
  0.1062  -0.0676   0.0125   0.0731   0.1249  -0.0124
  0.0929  -0.0598  -0.0024  -0.0119   0.1005   0.0251
  0.0943  -0.0737   0.0093   0.0582   0.1171   0.0058
  0.1114  -0.0753  -0.0039  -0.0100   0.1369   0.0039
  0.0634  -0.0399   0.0295  -0.0388   0.0348   0.0315
  0.0634  -0.0629  -0.0033   0.0071   0.0690   0.0182
  0.0661  -0.0497   0.0121  -0.0511   0.0358   0.0264
  0.0712  -0.0714   0.0083   0.0506   0.0926  -0.0034
  0.0883  -0.0571  -0.0079  -0.0008   0.1304   0.0125
  0.0969  -0.0579   0.0040   0.0172   0.1083   0.0281
  0.0887  -0.0686  -0.0169   0.0017   0.1151   0.0093
  0.0690  -0.0535  -0.0012   0.0118   0.0581   0.0155
  0.0882  -0.0786  -0.0095   0.0482   0.1467  -0.0050
  0.1110  -0.0618  -0.0047   0.0177   0.1605   0.0367
  0.1217  -0.0673   0.0057   0.0377   0.1817  -0.0015
  0.1279  -0.0638   0.0196  -0.0420   0.1990  -0.0323
  0.1427  -0.0260   0.0192  -0.0463   0.2215   0.0292
  0.1440  -0.0387   0.0296  -0.0035   0.2160  -0.0008
  0.1489  -0.0656   0.0255  -0.0324   0.2241  -0.0672
  0.1555  -0.0171   0.0325  -0.0759   0.2179   0.0020
  0.1582  -0.0193   0.0561  -0.0177   0.1937  -0.0090
  0.1541  -0.0552   0.0453  -0.0573   0.2168  -0.0808
  0.1674   0.0006   0.0487  -0.1014   0.2355  -0.0110
  0.1733  -0.0166   0.0574  -0.0363   0.2252  -0.0194
  0.1727  -0.0213   0.0538  -0.0734   0.2426  -0.0637
  0.1820   0.0026   0.0585  -0.0805   0.2215  -0.0190
  0.1781  -0.0309   0.0581  -0.0167   0.2271  -0.0536
  0.1815  -0.0139   0.0523  -0.1069   0.2403  -0.0557
  0.1896   0.0027   0.0633  -0.0765   0.2180  -0.0067
