  0.0170   0.1692  -0.1601   0.0073  -0.0764   0.0619
  0.0776   0.2014  -0.1433   0.0169  -0.0658   0.0272
  0.0677   0.1297  -0.1283   0.0798  -0.0851  -0.0177
  0.0783   0.1423  -0.1149   0.0795  -0.0923  -0.0199
  0.0867   0.1439  -0.1295   0.0721  -0.0792  -0.0107
  0.0736   0.1232  -0.1153   0.0664  -0.0932  -0.0082
  0.0808   0.1230  -0.1167   0.0721  -0.0829  -0.0091
  0.0789   0.0642  -0.1109   0.1135  -0.0802  -0.0166
  0.0735  -0.0559  -0.1082   0.1555  -0.0887  -0.0100
  0.0704  -0.0193  -0.0853   0.1715  -0.0911  -0.0242
  0.0650  -0.0082  -0.0913   0.1676  -0.0844  -0.0314
  0.0580  -0.0321  -0.0730   0.1700  -0.0922  -0.0286
  0.0738  -0.0200  -0.0721   0.1540  -0.0932  -0.0313
  0.0828  -0.0075  -0.0809   0.1446  -0.0779  -0.0319
  0.0664  -0.0165  -0.0764   0.1541  -0.0793  -0.0360
  0.0635  -0.0096  -0.0922   0.1512  -0.0794  -0.0350
  0.0600  -0.0045  -0.0860   0.1579  -0.0859  -0.0380
  0.0608   0.0069  -0.0842   0.1647  -0.0792  -0.0374
  0.0540   0.0212  -0.0882   0.1427  -0.0793  -0.0313
  0.0682   0.0265  -0.0952   0.1356  -0.0555  -0.0265
  0.0747   0.0331  -0.0832   0.1351  -0.0634  -0.0304
  0.0750   0.0294  -0.0881   0.1204  -0.0621  -0.0233
  0.0703   0.0268  -0.0701   0.1316  -0.0533  -0.0370
  0.0460   0.0252  -0.0575   0.1377  -0.0650  -0.0387
  0.0425   0.0306  -0.0617   0.1216  -0.0664  -0.0353
  0.0450   0.0396  -0.0466   0.1141  -0.0742  -0.0301
  0.0524   0.0355  -0.0467   0.1091  -0.0727  -0.0320
  0.0452   0.0321  -0.0574   0.1086  -0.0714  -0.0207
  0.0455   0.0406  -0.0451   0.1053  -0.0700  -0.0272
  0.0451   0.0434  -0.0520   0.1090  -0.0618  -0.0398
  0.0298   0.0317  -0.0532   0.1242  -0.0612  -0.0336
  0.0508   0.0444  -0.0392   0.1112  -0.0725  -0.0225
  0.0406   0.0282  -0.0345   0.1070  -0.0701  -0.0374
  0.0392   0.0308  -0.0392   0.1039  -0.0630  -0.0353
  0.0336   0.0373  -0.0397   0.1066  -0.0659  -0.0343
  0.0239   0.0409  -0.0389   0.1284  -0.0621  -0.0438
  0.0290   0.0417  -0.0424   0.1179  -0.0561  -0.0419
  0.0322   0.0467  -0.0301   0.1108  -0.0778  -0.0399
  0.0196   0.0531  -0.0403   0.1219  -0.0600  -0.0529
  0.0219   0.0393  -0.0332   0.1203  -0.0656  -0.0527
  0.0196   0.0463  -0.0384   0.1255  -0.0719  -0.0526
  0.0192   0.0437  -0.0371   0.1285  -0.0663  -0.0568
  0.0250   0.0476  -0.0443   0.1212  -0.0645  -0.0608
  0.0165   0.0439  -0.0326   0.1199  -0.0571  -0.0626
  0.0197   0.0321  -0.0240   0.1194  -0.0501  -0.0619
  0.0167   0.0389  -0.0216   0.1154  -0.0553  -0.0635
  0.0121   0.0366  -0.0256   0.1127  -0.0573  -0.0515
  0.0121   0.0544  -0.0225   0.0919  -0.0431  -0.0429
  0.0077   0.0591  -0.0313   0.0899  -0.0361  -0.0446
  0.0192   0.0596  -0.0140   0.0846  -0.0421  -0.0388
  0.0237   0.0613  -0.0192   0.0862  -0.0510  -0.0300
  0.0199   0.0492  -0.0219   0.0897  -0.0370  -0.0389
  0.0151   0.0553  -0.0258   0.0884  -0.0357  -0.0396
  0.0140   0.0610  -0.0196   0.1063  -0.0477  -0.0265
  0.0151   0.0597  -0.0055   0.1009  -0.0569  -0.0420
  0.0080   0.0651  -0.0247   0.0922  -0.0507  -0.0354
  0.0002   0.0692  -0.0213   0.0861  -0.0483  -0.0369
  0.0030   0.0634  -0.0144   0.0991  -0.0529  -0.0437
  0.0024   0.0598  -0.0092   0.0903  -0.0495  -0.0335
 -0.0039   0.0590  -0.0061   0.0795  -0.0486  -0.0351
 -0.0046   0.0664  -0.0211   0.0889  -0.0388  -0.0385
 -0.0089   0.0707  -0.0141   0.0801  -0.0315  -0.0387
 -0.0067   0.0655  -0.0060   0.0826  -0.0439  -0.0363
 -0.0170   0.0667   0.0025   0.0872  -0.0400  -0.0497
 -0.0247   0.0653  -0.0086   0.0965  -0.0337  -0.0453
 -0.0215   0.0682  -0.0029   0.0927  -0.0315  -0.0430
 -0.0262   0.0854  -0.0105   0.0797  -0.0231  -0.0406
 -0.0199   0.0698   0.0081   0.0932  -0.0417  -0.0430
 -0.0176   0.0687  -0.0015   0.0946  -0.0392  -0.0492
 -0.0178   0.0349  -0.0095   0.1356  -0.0433  -0.0512
 -0.0187   0.0563  -0.0116   0.1024  -0.0184  -0.0454
 -0.0104   0.0514   0.0060   0.1058  -0.0337  -0.0467
 -0.0205   0.0501  -0.0024   0.1059  -0.0308  -0.0423
 -0.0187   0.0417   0.0047   0.0880  -0.0377  -0.0351
 -0.0155   0.0448   0.0133   0.0878  -0.0356  -0.0310
  0.0153   0.0080   0.0122   0.0795  -0.0424  -0.0183
 -0.0165  -0.0119   0.0340   0.1055  -0.0508  -0.0263
 -0.0003   0.0060   0.0311   0.1054  -0.0468  -0.0262
 -0.0054   0.0206   0.0245   0.1293  -0.0375  -0.0308
 -0.0021   0.0203   0.0325   0.1318  -0.0528  -0.0380
 -0.0019   0.0154   0.0254   0.1341  -0.0403  -0.0358
 -0.0250   0.0320   0.0287   0.1203  -0.0266  -0.0464
 -0.0127   0.0335   0.0353   0.1086  -0.0349  -0.0364
 -0.0148   0.0309   0.0416   0.1027  -0.0331  -0.0458
 -0.0161   0.0244   0.0319   0.1031  -0.0409  -0.0419
 -0.0175   0.0286   0.0440   0.0982  -0.0415  -0.0435
 -0.0236   0.0303   0.0428   0.0978  -0.0319  -0.0460
 -0.0251   0.0310   0.0381   0.0981  -0.0341  -0.0429
 -0.0321   0.0278   0.0377   0.0955  -0.0287  -0.0446
 -0.0257   0.0385   0.0221   0.0800  -0.0121  -0.0382
 -0.0252   0.0455   0.0119   0.0744  -0.0079  -0.0323
 -0.0290   0.0519   0.0288   0.0887  -0.0163  -0.0353
 -0.0173   0.0423   0.0186   0.0755  -0.0183  -0.0350
 -0.0246   0.0439   0.0153   0.0707  -0.0225  -0.0195
 -0.0629   0.0293  -0.0045   0.1357  -0.0270  -0.0669
 -0.0293   0.0532   0.0244   0.0638  -0.0129  -0.0377
 -0.0291   0.0608   0.0282   0.0658  -0.0112  -0.0314
 -0.0283   0.0554   0.0418   0.0866  -0.0186  -0.0321
 -0.0575   0.0733   0.0256   0.0777  -0.0408  -0.0358
 -0.0361   0.0422   0.0258   0.0906  -0.0232  -0.0052
 -0.0326   0.0646   0.0202   0.0838  -0.0021  -0.0327
 -0.0236   0.0553   0.0212   0.0981  -0.0127  -0.0324
 -0.0290   0.0532   0.0305   0.0932   0.0015  -0.0415
 -0.0391   0.0455   0.0157   0.0648   0.0043  -0.0250
 -0.0365   0.0465   0.0238   0.0643   0.0174  -0.0143
 -0.0246   0.0693   0.0135   0.0559   0.0053  -0.0133
 -0.0419   0.0605   0.0217   0.0749  -0.0077  -0.0261
 -0.0417   0.0585   0.0185   0.0788  -0.0014  -0.0298
 -0.0352   0.0619   0.0181   0.0663   0.0064  -0.0370
 -0.0223   0.0600   0.0416   0.0613   0.0028  -0.0337
 -0.0344   0.0695   0.0366   0.0563  -0.0076  -0.0312
 -0.0385   0.0551   0.0330   0.0556  -0.0010  -0.0298
 -0.0454   0.0815   0.0287   0.0381   0.0069  -0.0483
 -0.0396   0.0811   0.0169   0.0379   0.0142  -0.0336
 -0.0316   0.0818   0.0275   0.0402  -0.0039  -0.0262
 -0.0348  -0.3403   0.0834   0.2092   0.0051  -0.0349
 -0.1053  -0.8200   0.0811   0.3363  -0.0264  -0.0279
 -0.0469  -0.5798   0.1165   0.2574   0.0165   0.0021
 -0.0626  -0.4539   0.0943   0.1022   0.0211   0.0251
 -0.0616  -0.3094   0.0525   0.0825   0.0352   0.0078
 -0.0786  -0.2786   0.0470   0.0754   0.0074   0.0215
 -0.0822  -0.2378   0.0496   0.0768   0.0005   0.0314
 -0.0989  -0.1923   0.0549   0.0688  -0.0028   0.0061
 -0.0817  -0.2041   0.0375   0.0682   0.0021   0.0143
 -0.0898  -0.2715   0.0363   0.1064   0.0174   0.0191
 -0.0466  -0.4532   0.1139   0.1492   0.0326   0.0295
 -0.0313  -3.6992   0.6087   0.9784   0.2382   0.2600
  0.0244  -1.8618   0.2566   0.1265   0.2216   0.2962
 -0.0910   1.3221   0.0651  -1.0033   0.1009   0.1107
 -0.0401   0.1933   0.0465  -0.3974   0.1028   0.1683
 -0.0044   0.1297   0.0430  -0.3601   0.1198   0.1342
  0.0113   0.0637   0.0567  -0.3344   0.1271   0.1198
 -0.0276   0.1241   0.0039  -0.3279   0.0882   0.0937
 -0.0788   0.4086  -0.0644  -0.2671   0.0244  -0.0372
 -0.0476   0.1317  -0.0619  -0.2427   0.0644   0.0435
 -0.0164   0.1314  -0.0506  -0.2329   0.0775   0.0467
 -0.0204   0.1103  -0.0246  -0.2270   0.0820   0.0443
 -0.0095   0.1078  -0.0273  -0.2258   0.0924   0.0457
 -0.0007   0.0961  -0.0323  -0.2276   0.0763   0.0479
 -0.0034   0.0921  -0.0390  -0.2283   0.0814   0.0510
 -0.0160   0.0947  -0.0282  -0.2674   0.0841   0.0906
 -0.0259   0.0695  -0.0017  -0.2734   0.0707   0.0817
 -0.0174   0.0693  -0.0075  -0.2561   0.0903   0.0782
 -0.0171   0.0823  -0.0059  -0.2593   0.0982   0.0773
 -0.0145   0.0728   0.0116  -0.2565   0.0922   0.0803
 -0.0076   0.0786   0.0000  -0.2670   0.0843   0.0750
 -0.0103   0.0813   0.0002  -0.2547   0.1017   0.0699
 -0.0053   0.0887   0.0036  -0.2715   0.0953   0.0758
  0.0024   0.0926   0.0073  -0.2773   0.0867   0.0822
 -0.0135   0.0824   0.0081  -0.2944   0.0852   0.0787
 -0.0099   0.0798   0.0059  -0.2887   0.0890   0.0759
 -0.0191   0.0879   0.0136  -0.2930   0.0918   0.0741
 -0.0199   0.0755   0.0121  -0.2943   0.0844   0.0800
 -0.0168   0.0759   0.0175  -0.2947   0.0859   0.0815
 -0.0207   0.0920   0.0031  -0.2817   0.0899   0.0808
 -0.0075   0.0931   0.0105  -0.2867   0.0881   0.0784
  0.0078   0.0877   0.0033  -0.2863   0.0847   0.0778
 -0.0003   0.0758  -0.0014  -0.2796   0.0872   0.0853
  0.0165  -0.1829   0.0912  -0.1686   0.1047   0.0572
  0.0222  -0.1470   0.0886  -0.2027   0.1154   0.0686
  0.0252  -0.1361   0.0856  -0.2035   0.1048   0.0770
  0.0289  -0.1300   0.0746  -0.2058   0.1118   0.0687
  0.0162  -0.1473   0.0863  -0.2106   0.1039   0.0698
  0.0119  -0.1533   0.0833  -0.2074   0.1078   0.0686
  0.0039  -0.1369   0.0859  -0.2151   0.1080   0.0682
  0.0120  -0.1257   0.0799  -0.2189   0.1007   0.0648
  0.0057  -0.1418   0.0824  -0.2168   0.0945   0.0685
  0.0116  -0.1449   0.0783  -0.2174   0.1006   0.0639
  0.0020  -0.1468   0.0817  -0.2174   0.1021   0.0591
 -0.0061  -0.1370   0.0775  -0.2273   0.1103   0.0638
  0.0064  -0.1280   0.0766  -0.2311   0.1026   0.0704
  0.0043  -0.1296   0.0646  -0.2345   0.0919   0.0837
  0.0004  -0.1348   0.0780  -0.2401   0.0893   0.0845
 -0.0038  -0.1619   0.0623  -0.2382   0.0902   0.0976
 -0.0075  -0.1494   0.0668  -0.2470   0.0968   0.0997
 -0.0085  -0.1440   0.0744  -0.2482   0.1012   0.0934
 -0.0044  -0.1719   0.0696  -0.2567   0.0755   0.0562
 -0.0190  -0.2202   0.0363  -0.2243   0.0854   0.0913
 -0.0105  -0.2033   0.0375  -0.2472   0.0759   0.0905
 -0.0105  -0.1844   0.0401  -0.2446   0.0854   0.0805
