  0.0575  -0.5527   0.0305   0.2526  -0.0203  -0.2341
  0.0420  -0.6297   0.0116   0.4025  -0.0266  -0.2242
  0.0593  -0.5743   0.0269   0.3409  -0.0230  -0.2327
  0.0533  -0.6340   0.0199   0.4253  -0.0079  -0.2627
  0.0560  -0.6047   0.0213   0.3690  -0.0089  -0.1788
  0.0374  -0.6241   0.0091   0.4265  -0.0407  -0.1809
  0.0589  -0.6193   0.0123   0.3777  -0.0334  -0.2961
  0.0777  -0.5907   0.0190   0.3757  -0.0318  -0.1829
  0.0673  -0.6459   0.0211   0.4733  -0.0349  -0.2466
  0.0806  -0.6101   0.0332   0.3850  -0.0304  -0.2157
  0.0660  -0.6017   0.0143   0.4364  -0.0318  -0.1844
  0.0764  -0.5923   0.0442   0.3819  -0.0088  -0.2476
  0.0979  -0.5982   0.0421   0.4462   0.0164  -0.1617
  0.0978  -0.5884   0.0244   0.4203   0.0263  -0.2514
  0.1004  -0.5899   0.0349   0.4252   0.0158  -0.1482
  0.1033  -0.6141   0.0333   0.4524   0.0260  -0.2614
  0.1237  -0.5875   0.0376   0.4363   0.0561  -0.2186
  0.1217  -0.6362   0.0304   0.5218   0.0617  -0.2385
  0.1364  -0.6259   0.0376   0.4782   0.0924  -0.2643
  0.1180  -0.6108   0.0247   0.5151   0.0719  -0.1509
  0.1165  -0.6319   0.0190   0.5009   0.0707  -0.2235
  0.1285  -0.6316   0.0264   0.5284   0.0739  -0.1267
  0.1308  -0.6238  -0.0034   0.5573   0.0782  -0.1551
  0.1198  -0.6569   0.0116   0.5726   0.0796  -0.2063
  0.1420  -0.6272   0.0357   0.4915   0.1323  -0.1914
  0.1440  -0.6241   0.0270   0.5573   0.1435  -0.1462
  0.1593  -0.6568   0.0345   0.5315   0.1566  -0.2545
  0.1701  -0.6353   0.0550   0.5062   0.1923  -0.1369
  0.1691  -0.6198   0.0509   0.5790   0.1938  -0.0981
  0.1593  -0.6600   0.0314   0.6359   0.1828  -0.1643
  0.1756  -0.6818   0.0303   0.5874   0.1980  -0.2186
  0.1803  -0.6416   0.0397   0.5815   0.1980  -0.0737
  0.1618  -0.6712   0.0263   0.6568   0.1799  -0.1048
  0.1665  -0.6402   0.0279   0.5492   0.1642  -0.1656
  0.1608  -0.6364   0.0232   0.6061   0.1429  -0.0842
  0.1614  -0.6761   0.0134   0.6235   0.1397  -0.1469
  0.1506  -0.6281   0.0270   0.5914   0.1354  -0.1536
  0.1286  -0.6734   0.0089   0.6537   0.1142  -0.0980
  0.1398  -0.6463   0.0252   0.6031   0.1304  -0.1077
  0.1091  -0.6506   0.0086   0.6465   0.0939  -0.1008
  0.1547  -0.6319   0.0265   0.5986   0.1392  -0.1443
  0.1270  -0.6579   0.0074   0.6665   0.0964  -0.0773
  0.1334  -0.6467   0.0185   0.6304   0.1109  -0.0798
  0.1158  -0.6760   0.0251   0.7030   0.1123  -0.0836
  0.1198  -0.6365   0.0164   0.6482   0.1182  -0.0457
  0.0943  -0.6721   0.0173   0.6789   0.0843  -0.0582
  0.1070  -0.6266   0.0259   0.5527   0.1009  -0.0768
  0.1180  -0.6305   0.0185   0.5901   0.1021  -0.0517
  0.1122  -0.6833   0.0048   0.6497   0.0985  -0.1331
  0.1192  -0.6198   0.0202   0.5725   0.1131  -0.0637
  0.1055  -0.6729  -0.0079   0.6790   0.0956  -0.0450
  0.1067  -0.6279   0.0042   0.5260   0.0942  -0.0821
  0.0749  -0.5414  -0.0044   0.4834   0.0679   0.0158
  0.0621  -0.5631   0.0117   0.5241   0.0572   0.0018
  0.0619  -0.5852   0.0008   0.5847   0.0466   0.0184
  0.0619  -0.5678   0.0115   0.5550   0.0612   0.0234
  0.0549  -0.5810   0.0139   0.5794   0.0422   0.0106
  0.0427  -0.5304  -0.0086   0.5289   0.0209   0.0228
  0.0173  -0.4436  -0.0154   0.4285   0.0085   0.0160
 -0.0021  -0.3774  -0.0245   0.4139  -0.0053   0.0250
  0.0007  -0.2589  -0.0442   0.2763  -0.0064   0.0397
  0.0177  -0.3348  -0.0305   0.4122  -0.0012   0.0039
  0.0284  -0.3238  -0.0288   0.3935   0.0310   0.0108
  0.0273  -0.3925  -0.0375   0.4854   0.0279  -0.0186
  0.0494  -0.3813  -0.0187   0.4012   0.0704  -0.0516
  0.0533  -0.3591  -0.0234   0.4337   0.0586   0.0370
  0.0611  -0.3563  -0.0107   0.4324   0.0622  -0.0050
  0.0597  -0.3798  -0.0174   0.4964   0.0634   0.0276
  0.0710  -0.3730  -0.0026   0.4589   0.0919  -0.0038
  0.0709  -0.3672  -0.0024   0.5369   0.0976   0.0528
  0.0764  -0.3735  -0.0045   0.5204   0.1175   0.0185
  0.0734  -0.3851  -0.0030   0.5520   0.0996   0.0604
  0.0822  -0.3746  -0.0063   0.4691   0.1102   0.0156
  0.0508  -0.3097  -0.0156   0.4232   0.0314   0.0797
  0.0033  -0.2088  -0.0178   0.2623  -0.0229   0.0796
  0.0090  -0.1815  -0.0072   0.3115  -0.0319   0.0953
  0.0438  -0.1610   0.0037   0.2934   0.0177   0.0854
  0.0235  -0.1718  -0.0128   0.2955   0.0060   0.0589
  0.0315  -0.1706  -0.0077   0.3070   0.0148   0.0489
  0.0454  -0.2089  -0.0011   0.3457   0.0552   0.0216
  0.0451  -0.2296  -0.0067   0.3958   0.0551   0.0374
  0.0470  -0.2041  -0.0048   0.2768   0.0717  -0.0010
  0.0611  -0.2149   0.0060   0.3279   0.0875   0.0335
  0.0651  -0.2676  -0.0017   0.3843   0.1074  -0.0117
  0.0790  -0.2162   0.0122   0.2961   0.1369   0.0278
  0.0720  -0.2545   0.0090   0.3948   0.1276   0.0548
  0.0791  -0.2523   0.0025   0.3353   0.1392  -0.0278
  0.0971  -0.2381   0.0108   0.3680   0.1534   0.0462
  0.0919  -0.2612   0.0072   0.3431   0.1405  -0.0198
  0.0800  -0.2040   0.0055   0.3023   0.1298   0.0293
  0.0883  -0.2016   0.0283   0.2492   0.1450  -0.0294
  0.0793  -0.2057   0.0146   0.2860   0.1295   0.0684
  0.0779  -0.2047   0.0111   0.2447   0.1458   0.0049
  0.0605  -0.1870  -0.0079   0.2869   0.1172   0.0378
  0.0677  -0.1910   0.0056   0.2137   0.1243   0.0013
  0.0568  -0.1760  -0.0032   0.2560   0.1109   0.0414
  0.0783  -0.2000   0.0166   0.1914   0.1378  -0.0191
  0.0692  -0.1736   0.0070   0.2144   0.1040   0.0312
  0.0684  -0.1523  -0.0038   0.1388   0.1200   0.0028
  0.0229  -0.0548  -0.0234   0.0857   0.0585   0.0411
  0.0182  -0.0262  -0.0099  -0.0284   0.0463  -0.0415
  0.0306  -0.0797   0.0044   0.0729   0.0708  -0.0208
  0.0474  -0.1381   0.0028   0.1214   0.0952  -0.0905
  0.0580  -0.0881   0.0107  -0.0015   0.0964  -0.0675
  0.0440  -0.1436  -0.0226   0.1526   0.0727  -0.0410
  0.0562  -0.1281  -0.0026   0.0527   0.1013  -0.0887
  0.0628  -0.1107  -0.0058   0.0844   0.0783  -0.0343
  0.0480  -0.0878  -0.0199   0.0168   0.0784  -0.0764
  0.0348   0.0566  -0.0143  -0.2039   0.0174  -0.0618
  0.0611  -0.0864  -0.0276   0.0619   0.0686  -0.1211
  0.0863  -0.1105  -0.0080  -0.0301   0.1209  -0.1016
  0.0362   0.0590  -0.0171  -0.2414   0.0118  -0.0799
  0.0107   0.0476  -0.0545  -0.1235   0.0196  -0.0780
  0.0248   0.1018  -0.0301  -0.3488   0.0141  -0.0568
  0.0062   0.1808   0.0068  -0.4716  -0.0556  -0.0547
  0.0220   0.0384  -0.0324  -0.1871   0.0064  -0.1061
  0.0393   0.1006  -0.0007  -0.3616   0.0386  -0.0857
  0.0305   0.0596  -0.0028  -0.2220   0.0402  -0.0399
  0.0391   0.1387   0.0015  -0.3164   0.0377  -0.0271
  0.0144   0.1823  -0.0325  -0.3820  -0.0247  -0.0045
 -0.0037   0.2536   0.0068  -0.3621  -0.0383   0.0273
  0.0381   0.1454   0.0056  -0.2627   0.0174  -0.0026
  0.0416   0.1246  -0.0024  -0.1857   0.0448  -0.0219
  0.0487   0.1556   0.0006  -0.2826   0.0684  -0.0046
  0.0566   0.1098   0.0013  -0.2303   0.0680   0.0033
  0.0136   0.1947   0.0028  -0.3005   0.0142   0.0078
 -0.0178   0.3066  -0.0324  -0.4666  -0.0461   0.0047
 -0.0131   0.2277  -0.0415  -0.3408  -0.0243   0.0024
 -0.0036   0.2398  -0.0235  -0.3508  -0.0112   0.0030
 -0.0298   0.2824  -0.0192  -0.5234  -0.0670  -0.0087
 -0.0696   0.4283  -0.0075  -0.5217  -0.1165   0.0243
 -0.0459   0.3435  -0.0294  -0.5094  -0.0515   0.0145
 -0.1076   0.4679  -0.0213  -0.4456  -0.1315   0.0939
 -0.1536   0.6335   0.0228  -0.6876  -0.2032   0.1172
 -0.0898   0.3667  -0.0085  -0.3182  -0.0796   0.0808
 -0.0647   0.3323  -0.0071  -0.3230  -0.0281   0.1155
 -0.0720   0.2611  -0.0148  -0.1434  -0.0359   0.1492
 -0.0538   0.2434  -0.0026  -0.2166  -0.0015   0.1071
 -0.0490   0.3097  -0.0044  -0.2814   0.0020   0.1621
 -0.0825   0.3363  -0.0292  -0.2976  -0.0462   0.1324
 -0.1150   0.5374   0.0103  -0.5817  -0.0942   0.1254
 -0.0919   0.3278  -0.0294  -0.2469  -0.0677   0.1277
 -0.0500   0.2917  -0.0169  -0.2445   0.0215   0.0940
 -0.0360   0.3157  -0.0335  -0.2517   0.0468   0.1766
 -0.0541   0.3086  -0.0382  -0.1942   0.0154   0.1184
 -0.0620   0.4097  -0.0399  -0.4112   0.0003   0.1177
 -0.1000   0.4419  -0.0634  -0.3563  -0.0516   0.1200
 -0.1550   0.6861  -0.0314  -0.7181  -0.1785   0.1453
 -0.1409   0.4969  -0.0543  -0.4042  -0.1413   0.1238
 -0.1817   0.6692  -0.0321  -0.6490  -0.2231   0.1466
 -0.1561   0.5405  -0.0578  -0.3298  -0.1635   0.1639
 -0.1346   0.5440  -0.0591  -0.4708  -0.1236   0.1193
 -0.1482   0.5566  -0.0646  -0.3248  -0.1511   0.1695
 -0.2003   0.7656   0.0081  -0.6100  -0.2231   0.2165
 -0.1968   0.6378  -0.0492  -0.4045  -0.2116   0.2358
 -0.2522   0.9767   0.0967  -0.8889  -0.3351   0.2198
 -0.1542   0.6067   0.0344  -0.4320  -0.1508   0.1164
 -0.1323   0.5867   0.0573  -0.4889  -0.0353   0.1603
 -0.1175   0.5076   0.0226  -0.3233  -0.0455   0.1660
 -0.1776   0.7264   0.0073  -0.6845  -0.1494   0.1026
 -0.1970   0.8383   0.0297  -0.7482  -0.1877   0.1183
 -0.1349   0.5838  -0.0155  -0.4677  -0.0669   0.0702
 -0.1272   0.5482  -0.0209  -0.4708  -0.0167   0.0553
 -0.1370   0.4792  -0.0349  -0.3852  -0.0349   0.0064
 -0.1446   0.5471  -0.0594  -0.5167  -0.0674  -0.0008
 -0.1746   0.6005  -0.0757  -0.5850  -0.1251   0.0191
 -0.2206   0.8482  -0.0269  -0.8257  -0.2218   0.0492
 -0.2089   0.7804  -0.0468  -0.7607  -0.1921   0.0219
 -0.2489   0.9791   0.0255  -0.9557  -0.2771   0.0743
 -0.2170   0.8680  -0.0166  -0.8198  -0.2047   0.0526
 -0.1958   0.8158  -0.0064  -0.7386  -0.1653   0.0591
 -0.2221   0.8881  -0.0115  -0.8450  -0.2280   0.0549
 -0.2628   1.0241   0.0078  -0.7006  -0.3002   0.2381
 -0.2403   1.0311   0.0140  -0.8412  -0.2472   0.1734
 -0.2040   0.8606   0.0019  -0.7592  -0.1833   0.0900
 -0.1880   0.7773   0.0107  -0.6637  -0.1409   0.0933
 -0.1737   0.7319  -0.0039  -0.6588  -0.1028   0.0274
 -0.1658   0.7365  -0.0051  -0.6134  -0.0772   0.0802
 -0.1879   0.7793  -0.0197  -0.6973  -0.1295   0.0604
 -0.2633   1.1819   0.0543  -1.0742  -0.2988   0.1670
 -0.2514   1.0692   0.0340  -0.7986  -0.2603   0.2334
 -0.2300   0.9384   0.0015  -0.6516  -0.2057   0.1989
 -0.2362   1.1117   0.0420  -1.0166  -0.2627   0.1629
 -0.2242   0.9930   0.0023  -0.7048  -0.2258   0.1932
 -0.2206   1.2183   0.0565  -1.0667  -0.2867   0.1800
 -0.1879   0.9927   0.0066  -0.7256  -0.1932   0.1711
 -0.2210   1.1572   0.0342  -1.0445  -0.2489   0.1921
 -0.2418   1.1510   0.0570  -0.8831  -0.2903   0.2751
 -0.2020   1.0345   0.0614  -0.8584  -0.2168   0.1809
 -0.1478   0.8384   0.0229  -0.6476  -0.1068   0.1446
 -0.1203   0.8535   0.0207  -0.6814  -0.0564   0.1649
 -0.1038   0.7129   0.0027  -0.4916  -0.0336   0.1354
 -0.1019   0.7575  -0.0087  -0.6117  -0.0214   0.1321
 -0.1084   0.6661  -0.0056  -0.4634  -0.0344   0.1462
 -0.0969   0.6846  -0.0076  -0.5548  -0.0403   0.0899
 -0.1088   0.7118  -0.0038  -0.5401  -0.0617   0.1594
 -0.1329   0.8434  -0.0154  -0.7076  -0.1107   0.1400
 -0.2041   1.1837   0.0578  -1.1227  -0.2364   0.1647
 -0.1460   0.8715   0.0291  -0.6907  -0.1212   0.1111
 -0.1238   0.8618   0.0177  -0.7585  -0.0759   0.1479
