  0.0460  -0.1297   0.0469  -0.1247   0.0648   0.2822
  0.0851  -0.1741   0.0246  -0.0982   0.0386   0.1803
  0.0611  -0.1729   0.0389  -0.1593   0.0498   0.1834
  0.0163  -0.0906   0.0130  -0.1622   0.0209   0.1551
  0.0013  -0.0567   0.0500  -0.0975  -0.0071   0.1239
 -0.0358  -0.0531   0.0429  -0.1621  -0.0044   0.1640
 -0.0485  -0.0120   0.0547  -0.1782  -0.0188   0.1760
 -0.0219  -0.1456   0.1249  -0.1630   0.0155   0.1682
  0.0089  -0.0563   0.1059  -0.1301   0.0065   0.1298
  0.0388  -0.0752   0.0822  -0.1223   0.0230   0.1465
  0.0505  -0.1237   0.0574  -0.1129   0.0166   0.1556
  0.0317  -0.1256   0.0241  -0.0724  -0.0082   0.1251
  0.0177  -0.1725   0.0580  -0.2698   0.0724   0.2082
  0.0076  -0.0810   0.0895  -0.2356   0.0411   0.1994
  0.0554  -0.0745   0.0532  -0.1948   0.0069   0.1664
  0.0739  -0.0791   0.0693  -0.1841   0.0280   0.1628
  0.0365  -0.0720   0.0713  -0.2132   0.0219   0.1770
  0.0711  -0.0755   0.0778  -0.2129  -0.0121   0.1897
  0.0790  -0.0561   0.0692  -0.1998   0.0135   0.1711
  0.0511  -0.0497   0.0527  -0.1651   0.0192   0.1567
  0.0490  -0.0736   0.0431  -0.1864   0.0228   0.1553
 -0.0163  -0.0171  -0.0243  -0.2044   0.0511   0.1562
 -0.0222  -0.0712  -0.0183  -0.1982   0.0117   0.1725
 -0.0099  -0.0217   0.0496  -0.1691   0.0278   0.1319
 -0.0268  -0.0463   0.0537  -0.1906  -0.0052   0.1359
 -0.0391  -0.0058   0.0867  -0.1576  -0.0398   0.1088
 -0.0456  -0.0666   0.0927  -0.1633  -0.0058   0.1245
 -0.0278  -0.0705   0.0823  -0.1558   0.0134   0.1294
  0.0160  -0.0672   0.0238  -0.2036   0.0231   0.1447
  0.0272  -0.0848   0.0292  -0.1620   0.0196   0.1421
  0.0641  -0.1876   0.0291  -0.0607   0.0024   0.1103
  0.1002  -0.2262   0.0683  -0.0843   0.0301   0.1163
  0.1810  -0.1540  -0.0172  -0.1074   0.0873   0.1319
  0.1489  -0.1479  -0.0850  -0.1503   0.0949   0.1371
  0.1191  -0.1242  -0.0595  -0.1423   0.0852   0.1392
  0.0813  -0.1090  -0.1091  -0.1206   0.0717   0.1276
  0.0995  -0.1280  -0.1272  -0.1078   0.0737   0.1311
  0.0996  -0.1395  -0.0582  -0.0802   0.0586   0.1315
  0.0469  -0.2367  -0.0578  -0.0274   0.0206   0.0970
  0.0720  -0.2513  -0.0228  -0.0490   0.0238   0.0977
  0.0621  -0.2004  -0.0163  -0.0554   0.0360   0.1080
  0.0640  -0.1866  -0.0082  -0.0504   0.0146   0.0915
  0.0560  -0.1702  -0.0322  -0.0311   0.0236   0.0928
  0.0485  -0.1749  -0.0314  -0.0459   0.0331   0.1204
  0.0472  -0.1666  -0.0258  -0.0201   0.0170   0.0986
  0.0523  -0.1797  -0.0337  -0.0172   0.0077   0.1023
  0.0555  -0.1956  -0.0111  -0.0243   0.0161   0.0898
  0.0522  -0.2015   0.0024  -0.0354   0.0269   0.0938
  0.0435  -0.1933   0.0042  -0.0234   0.0290   0.1031
  0.0192  -0.2018  -0.0209   0.0006   0.0028   0.0777
  0.0420  -0.1685  -0.0141  -0.0174   0.0338   0.0811
  0.0471  -0.1638  -0.0155   0.0452   0.0268   0.0703
  0.0351  -0.1775  -0.0166   0.0129   0.0337   0.0675
  0.0404  -0.1666  -0.0159   0.0067   0.0382   0.0788
  0.0375  -0.2012  -0.0101   0.0102   0.0310   0.0769
  0.0393  -0.1803  -0.0051   0.0057   0.0284   0.0827
  0.0502  -0.1646   0.0025  -0.0275   0.0296   0.0658
  0.0462  -0.1283  -0.0031  -0.0218   0.0427   0.0720
  0.0253  -0.1064  -0.0001  -0.0468   0.0455   0.0549
  0.0484  -0.1190   0.0293  -0.0053   0.0206   0.0632
  0.0414  -0.0383   0.0377   0.0147   0.0244   0.0401
  0.0782   0.0232   0.0278   0.0304   0.0225   0.0431
  0.0856  -0.0049   0.0072  -0.0349  -0.0054   0.0533
  0.0331   0.0036   0.1133  -0.0229  -0.0024   0.0521
  0.0735  -0.0763   0.0641  -0.0127   0.0190   0.0539
  0.0888  -0.0809  -0.0069  -0.0221   0.0278   0.0649
  0.0771  -0.0811   0.0269   0.0202   0.0067   0.0471
  0.0652  -0.0795   0.0271   0.0157   0.0108   0.0398
  0.0677  -0.1301   0.0474  -0.0382   0.0295   0.0540
  0.0738  -0.1242   0.0501  -0.0107   0.0354   0.0467
  0.0574  -0.1361   0.0334  -0.0082   0.0334   0.0286
  0.0626  -0.0772   0.0019   0.0480   0.0430   0.0248
  0.0793  -0.1009   0.0209   0.0351   0.0307   0.0140
  0.0646  -0.1015   0.0219   0.0227   0.0677   0.0423
  0.0608  -0.1335   0.0189   0.0166   0.0475   0.0388
  0.0646  -0.1398   0.0286   0.0061   0.0410   0.0364
  0.0288  -0.1293   0.0000  -0.0057   0.0483   0.0532
  0.0330  -0.1114  -0.0415  -0.0107   0.0159   0.0415
  0.0330  -0.0751  -0.0221  -0.0235   0.0164   0.0400
  0.0165  -0.1157  -0.0160  -0.0303   0.0330   0.0455
  0.0169  -0.1247  -0.0112  -0.0100   0.0175   0.0332
  0.0102  -0.0941  -0.0226  -0.0342   0.0118   0.0381
  0.0116  -0.0790  -0.0227   0.0166   0.0090   0.0216
  0.0273  -0.0777  -0.0204  -0.0102   0.0236   0.0382
  0.0274  -0.1067  -0.0240  -0.0525   0.0352   0.0420
  0.0144  -0.0713  -0.0249   0.0117   0.0469   0.0248
  0.0148  -0.0445  -0.0246   0.0093   0.0473   0.0315
  0.0135  -0.0773  -0.0399   0.0158   0.0178   0.0176
  0.0237   0.0805  -0.0680  -0.0157  -0.0040  -0.0210
  0.0279   0.2235  -0.0842  -0.0428  -0.0081  -0.0447
  0.0278   0.1316  -0.0548  -0.0162  -0.0089  -0.0322
  0.0466   0.0827  -0.0879  -0.0343  -0.0098   0.0014
  0.0442   0.0391  -0.1110  -0.0128   0.0072  -0.0090
  0.0256   0.0351  -0.1008  -0.0327  -0.0060   0.0090
  0.0250   0.0409  -0.1016  -0.0388   0.0007   0.0019
  0.0462   0.0117  -0.0746  -0.0261   0.0004   0.0066
  0.0558   0.0084  -0.0790   0.0018   0.0258   0.0025
  0.0518   0.0276  -0.0790   0.0398   0.0148  -0.0165
  0.0487   0.0642  -0.0839   0.0258  -0.0017  -0.0258
  0.0412   0.0898  -0.0664   0.0067  -0.0137  -0.0341
  0.0662   0.0652  -0.0669   0.0514  -0.0341  -0.0463
  0.0728   0.0294  -0.0549   0.0098   0.0003  -0.0177
  0.0628   0.0354  -0.0694  -0.0043   0.0064  -0.0236
  0.0773   0.0482  -0.0534   0.0163  -0.0205  -0.0063
  0.0740   0.0206  -0.0632  -0.0178  -0.0102  -0.0070
  0.0242   0.0622  -0.0548  -0.0237   0.0135  -0.0071
  0.0440   0.0462  -0.0641  -0.0093  -0.0014  -0.0102
  0.0080   0.0012  -0.0868   0.0219  -0.0121  -0.0190
 -0.0034  -0.0223  -0.0523   0.0043   0.0138   0.0036
  0.0098  -0.0231  -0.0760   0.0113   0.0268  -0.0154
 -0.0281   0.0420  -0.1289   0.0001  -0.0264  -0.0115
  0.0085   0.0271  -0.0838   0.0892  -0.0217  -0.0425
  0.0552   0.0109  -0.0690   0.1016  -0.0097  -0.0662
  0.0245  -0.0160  -0.0535   0.0878  -0.0142  -0.0411
  0.0404   0.0272  -0.0788   0.0871  -0.0012  -0.0445
 -0.0005  -0.0088  -0.0650   0.1376  -0.0103  -0.0751
 -0.0147   0.0050  -0.0436   0.0890   0.0095  -0.0501
 -0.0393   0.0664  -0.0640   0.1127   0.0146  -0.0611
 -0.0152   0.0376  -0.0565   0.0818   0.0023  -0.0516
  0.0035   0.0270  -0.0701   0.0777  -0.0023  -0.0555
  0.0147  -0.0016   0.0129   0.0973   0.0639  -0.0353
  0.0298   0.2972  -0.0543   0.0165   0.0198  -0.1223
  0.0221   0.1931  -0.0857   0.0792   0.0455  -0.0855
  0.0413   0.1717  -0.0618   0.0929   0.0419  -0.0858
  0.0149   0.1508  -0.0587   0.0934   0.0318  -0.1019
  0.0088   0.1373  -0.0442   0.0956  -0.0096  -0.0922
  0.0041   0.0898  -0.0397   0.0380   0.0076  -0.0741
 -0.0035   0.1023  -0.0372   0.0737   0.0183  -0.0860
 -0.0130   0.1373  -0.0333   0.0857   0.0173  -0.0978
  0.0153   0.1230  -0.0399   0.0814   0.0207  -0.0908
  0.0433   0.2633  -0.0697   0.1910  -0.0126  -0.1489
  0.0624   0.2559  -0.0503   0.1417   0.0135  -0.1345
  0.0526   0.2142  -0.0337   0.1345  -0.0020  -0.1024
  0.0480   0.1875  -0.0479   0.1329   0.0167  -0.1200
  0.0473   0.1708  -0.0372   0.1175   0.0479  -0.1045
  0.0302   0.1655   0.0004   0.0696   0.0338  -0.1077
  0.0058   0.1400  -0.0195   0.0703   0.0255  -0.0919
 -0.0012   0.1346  -0.0352   0.0862   0.0412  -0.0829
 -0.0017   0.1310  -0.0521   0.1119   0.0007  -0.0891
 -0.0011   0.1319  -0.0311   0.0735   0.0066  -0.0698
 -0.0246   0.0922  -0.0312   0.0741   0.0239  -0.0792
  0.0361   0.0830  -0.0092   0.1407   0.0183  -0.0901
 -0.0008   0.0799  -0.0031   0.1113   0.0383  -0.0815
  0.0162   0.0852  -0.0030   0.1166   0.0081  -0.0962
  0.0181   0.0216   0.0168   0.0769   0.0305  -0.0593
 -0.0134   0.0415   0.0107   0.0455   0.0465  -0.0561
  0.0080   0.0859  -0.0050  -0.0037   0.0289  -0.0486
 -0.0071   0.0852  -0.0154   0.0729   0.0202  -0.0821
  0.1474   1.5290  -0.0345   0.0483  -0.0761  -0.5742
  0.0407   0.1947   0.0469   0.0373   0.0418  -0.0986
  0.0316   0.2759   0.0708   0.0216   0.0262  -0.1525
  0.0428   0.3148   0.0698   0.0069   0.0343  -0.1628
  0.0062   0.3549   0.0648   0.0896   0.0427  -0.1958
 -0.1318   0.1220   0.0061  -0.1337   0.0274   0.0252
 -0.1665  -0.2224  -0.1005   0.0027  -0.0945  -0.0592
 -0.1194  -0.1590  -0.0405   0.0441  -0.0396  -0.0497
 -0.0938  -0.1054  -0.0192   0.0830  -0.0416  -0.0850
 -0.1325  -0.0759  -0.0145   0.0613  -0.0484  -0.0950
 -0.2165   0.0135  -0.0887   0.0553  -0.1445  -0.1195
 -0.1924   0.0823  -0.0943   0.1400  -0.1655  -0.1640
 -0.1518   0.0827  -0.0126   0.1808  -0.1339  -0.1897
 -0.1633   0.1134   0.0039   0.2364  -0.1331  -0.2065
 -0.1852   0.0714   0.0178   0.1420  -0.1377  -0.1722
 -0.2717   0.0912   0.0430   0.1259  -0.1707  -0.1416
 -0.2449   0.0231   0.1238   0.1412  -0.1397  -0.1652
 -0.2389   0.0066   0.1127   0.1325  -0.1132  -0.1632
 -0.2176   0.0398   0.1084   0.1357  -0.1032  -0.1851
 -0.1835   0.2300   0.0894   0.1573  -0.1254  -0.2216
 -0.2117   0.1567   0.0909   0.1199  -0.0975  -0.1933
 -0.1860   0.2247   0.1240   0.1459  -0.1028  -0.2337
 -0.2464   0.1985   0.1129   0.0994  -0.1283  -0.2155
 -0.2737   0.1957   0.1183   0.0857  -0.1266  -0.2044
 -0.2264   0.2585   0.1787   0.1288  -0.1446  -0.2433
 -0.2158   0.2707   0.1670   0.0956  -0.1282  -0.2501
 -0.1786   0.2808   0.1553   0.1291  -0.1422  -0.2612
 -0.2395   0.2578   0.1218   0.0741  -0.0988  -0.2464
 -0.2364   0.2347   0.1361   0.1170  -0.1266  -0.2306
 -0.2626   0.1945   0.1343   0.1386  -0.1201  -0.2328
 -0.2550   0.2196   0.1656   0.2326  -0.1004  -0.2685
 -0.2114   0.2311   0.1628   0.1562  -0.1177  -0.2519
