  0.0005   0.0163  -0.0154   0.0087  -0.0119   0.0006
 -0.0035   0.0241  -0.0008   0.2058  -0.0223   0.0544
 -0.0134  -0.1384  -0.0008   0.3296  -0.0199   0.0709
 -0.0115   0.0034   0.0046   0.0390  -0.0155   0.1075
 -0.0484  -0.0338   0.0202  -0.3046   0.0226  -0.1051
 -0.0571  -0.2367   0.0300  -0.0319   0.0707  -0.0645
 -0.0507  -0.0981   0.0612   0.7534  -0.0818   0.2889
  0.0024   0.1637   0.0835   0.2049  -0.0961   0.0958
  0.0149   0.1406   0.0395  -0.0532   0.0612  -0.0373
  0.0247   0.0016   0.0661  -0.3682   0.0580  -0.1272
  0.0218  -0.0076   0.0210  -0.1932   0.0439  -0.1555
  0.0528   0.0691   0.0299   0.5600  -0.0380   0.2421
  0.0385   0.0292   0.0618  -0.0946   0.0041  -0.0090
 -0.0884   0.0252   0.0525  -0.1678   0.0162  -0.1532
  0.0258   0.0626   0.1303   0.2964   0.0170   0.0607
  0.0693  -0.0654   0.0644   0.4331  -0.0235   0.2172
  0.0907   0.0946  -0.0029  -0.1269  -0.0027   0.1622
 -0.0023  -0.0458   0.0875  -0.1468  -0.0272  -0.0283
 -0.0105  -0.1977   0.0254   0.1851   0.0133  -0.0080
  0.0553  -0.0379   0.0258  -0.0952   0.0375  -0.1122
  0.0506   0.0114   0.0600  -0.1077   0.0165   0.0002
 -0.0221  -0.1660  -0.0421   0.0437  -0.0448   0.1016
 -0.0409  -0.1650  -0.0008  -0.4271   0.0452  -0.1231
 -0.0239  -0.0367  -0.0396  -0.0455  -0.0033  -0.0809
  0.0068  -0.0358   0.0041  -0.1272   0.0278  -0.1077
 -0.0578  -0.1351  -0.0387  -0.8681   0.0298  -0.2002
 -0.0090  -0.2245  -0.0218  -0.4476   0.0398  -0.1272
  0.0141  -0.2706  -0.0399   0.5341   0.0208   0.1378
  0.0452   0.3850   0.0406   0.8672  -0.0606   0.2608
  0.0402   0.5566  -0.0215   0.1280   0.0243   0.1117
 -0.0463   0.0752  -0.0458  -0.1352   0.0451  -0.0398
 -0.0533   0.0657  -0.0402  -0.4422   0.0912  -0.2153
 -0.0050  -0.0702  -0.0240  -0.3731   0.0150  -0.2133
 -0.0002  -0.1428  -0.0723  -0.2227  -0.0527  -0.0372
 -0.0051  -0.1765  -0.0260   0.2696  -0.0817   0.0837
  0.0375   0.0696   0.0301   1.2563  -0.0880   0.3531
  0.0802   0.4710   0.0693   0.0407   0.0634   0.0788
  0.0421   0.5342   0.0827  -0.5651   0.0842  -0.0971
  0.0582   0.3469   0.0348   0.2387  -0.0115   0.1162
  0.0149  -0.0365   0.0043  -0.5806  -0.0002  -0.1468
 -0.0426  -0.4403  -0.0131  -0.9919   0.0238  -0.2277
 -0.0161  -0.3716  -0.0121  -0.0138   0.0170  -0.0053
  0.0336  -0.1108   0.0058   0.7903  -0.0081   0.2764
 -0.0287   0.0412  -0.0028   0.3286  -0.0042   0.0918
 -0.0059   0.1344  -0.0228  -0.4258   0.0172  -0.2336
 -0.0014   0.0413   0.0096  -0.0833   0.0089  -0.0690
 -0.0037  -0.1297  -0.0117   0.1265   0.0029   0.0264
 -0.0377  -0.1935  -0.0133   0.1114  -0.0416   0.0777
 -0.0302  -0.0304  -0.0248  -0.0412   0.0025  -0.0100
  0.0431  -0.0733  -0.0084   0.5878  -0.0498   0.1338
  0.0362  -0.0002  -0.0053   0.0420  -0.0383   0.1467
 -0.0129  -0.2020   0.0967  -0.1698  -0.0030   0.1191
  0.0149  -0.2816   0.0698  -0.0099   0.0334  -0.0392
 -0.0323   0.1017   0.0486  -0.5183   0.0855  -0.2139
  0.0335  -0.1488   0.0517   0.3218  -0.0408   0.0513
 -0.0105  -0.1473   0.0654   0.3571  -0.0166   0.0256
 -0.0002  -0.0478   0.0753  -0.0317  -0.0542  -0.0947
 -0.0259  -0.0738   0.0160   0.1611  -0.0656   0.0766
 -0.0045  -0.0719   0.0448  -0.0916   0.0001  -0.0090
 -0.0187   0.0280   0.0202   0.1907  -0.0371   0.0258
  0.0025   0.0792   0.0153  -0.0375   0.0159  -0.0802
 -0.0452   0.0243  -0.0222  -0.9034   0.0587  -0.2475
  0.0082  -0.0343  -0.0046  -0.4615   0.0661  -0.1145
  0.0162  -0.1024  -0.0036   0.1166  -0.0150  -0.0134
  0.0241   0.0684  -0.0122   0.1144  -0.0170  -0.0152
  0.0412  -0.0084  -0.0345   0.6734  -0.0832   0.1792
  0.0730   0.0037  -0.0350   1.0358  -0.1320   0.3234
 -0.0036   0.1800   0.0152  -0.2241   0.0277  -0.0192
  0.0123   0.2561   0.0119  -0.3841   0.0890  -0.0287
  0.0136   0.0570  -0.0092   0.2310   0.0228   0.1050
  0.0136  -0.0840  -0.0320  -0.0069  -0.0082  -0.0845
 -0.0246   0.0210  -0.0327  -0.8483   0.0784  -0.2895
 -0.0149  -0.1084  -0.0329  -0.8380   0.0273  -0.2163
 -0.0202  -0.1064  -0.0101  -0.0357  -0.0150  -0.0317
 -0.0069  -0.0048   0.0058   0.1087  -0.0319  -0.0236
  0.0084  -0.0242  -0.0336   0.7321  -0.0968   0.1815
  0.0320   0.0316  -0.0637   1.1994  -0.1135   0.3715
  0.0497   0.1207   0.0503   0.3972   0.0479   0.1595
  0.0414   0.2087   0.0001  -0.4503   0.0486  -0.1618
 -0.0176   0.3902  -0.0023  -0.4305   0.0042  -0.1492
 -0.0161   0.0902   0.0020   0.0299   0.0273   0.0008
 -0.0514  -0.1375  -0.0266  -0.6551   0.0902  -0.1483
 -0.0649  -0.1225  -0.0285  -0.6061   0.0793  -0.1348
 -0.0208  -0.0526  -0.0180   0.1902  -0.0646   0.0031
 -0.0084  -0.0290  -0.0331   0.0179  -0.0640  -0.0243
  0.0076  -0.2379  -0.0406   0.5292  -0.0542   0.2282
 -0.0249  -0.0561  -0.0000   0.1711   0.0127   0.0214
 -0.0110   0.2352  -0.0360  -0.2697   0.0363  -0.1511
  0.0143   0.1165  -0.0415   0.4940  -0.0499   0.1565
 -0.0345  -0.3064  -0.0509  -0.1272  -0.0049   0.0235
 -0.0133   0.0302  -0.0295  -0.5126   0.0025  -0.1299
  0.0107   0.0368  -0.0650   0.6604  -0.0543   0.1653
  0.0206  -0.4971  -0.0746   0.8247  -0.0696   0.3501
  0.0155   0.1305  -0.0377   0.2300  -0.0370   0.2096
  0.0207   0.1388   0.0356   0.1437  -0.0089   0.0677
  0.0202  -0.1200   0.0221  -0.1315  -0.0230  -0.0089
  0.0128   0.0240  -0.0041  -0.5004   0.0405  -0.2092
  0.0018   0.1428   0.0105  -0.4066   0.0420  -0.2047
  0.0078   0.0530   0.0195   0.1708  -0.0248   0.0218
 -0.0278   0.0391  -0.0329  -0.3227   0.0125  -0.1517
 -0.0280  -0.0234  -0.0478  -0.9346   0.0316  -0.2185
 -0.0311  -0.1866  -0.0429  -0.0499   0.0256   0.0397
 -0.0479  -0.0417  -0.0249   0.0201   0.0576  -0.0270
 -0.0309  -0.0696  -0.0744   0.3662   0.0071   0.0702
  0.0271   0.1406  -0.0228   0.1424  -0.0222  -0.0115
 -0.0199   0.3385  -0.0363  -0.4141   0.0384  -0.1881
  0.0846   0.1995  -0.0282   0.5449  -0.0669   0.0875
  0.0038  -0.2040  -0.0729   0.3803  -0.0685   0.2082
 -0.0072  -0.0925  -0.0417  -0.6117   0.0460  -0.1007
 -0.0070   0.3487  -0.0257  -0.2670   0.0159  -0.2146
  0.0304  -0.1383  -0.1214   1.2699  -0.1294   0.3816
  0.0154  -0.1877  -0.0365   0.7064  -0.0314   0.4175
 -0.0170   0.1147  -0.0268  -0.7794   0.0763  -0.1878
 -0.0555   0.1401   0.0388  -0.4957   0.0063  -0.1523
 -0.0008   0.0143   0.0071   0.3718   0.0187   0.0740
  0.0601   0.0867   0.0425  -0.0199   0.0332  -0.1483
 -0.0384   0.1708  -0.0179  -0.5981   0.0479  -0.2191
 -0.0430   0.0118  -0.0918  -0.5803   0.0324  -0.0748
  0.0026  -0.0029  -0.0109  -0.2889  -0.0330  -0.0199
  0.0128   0.0779  -0.0332   0.3695  -0.0190   0.0359
