  0.0107   0.4757  -0.0805  -0.2806  -0.0077  -0.0196
  0.0302   0.4983  -0.0833  -0.2221  -0.0014  -0.0088
  0.0434   0.4941  -0.0906  -0.2284   0.0156  -0.0197
  0.0488   0.5513  -0.0861  -0.2922   0.0124  -0.0265
  0.0482   0.6121  -0.0736  -0.3333   0.0097  -0.0634
  0.0612   0.5197  -0.0934  -0.2802   0.0306  -0.0646
  0.0528   0.4159  -0.0807  -0.2165   0.0199  -0.0575
  0.0543   0.4682  -0.0714  -0.3176   0.0217  -0.0352
  0.0423   0.4558  -0.0789  -0.2891   0.0081  -0.0639
  0.0451   0.5083  -0.0871  -0.3301   0.0044  -0.0327
  0.0506   0.4982  -0.0876  -0.3281   0.0072  -0.0412
  0.0399   0.5990  -0.0696  -0.4127   0.0021  -0.0488
  0.0345   0.5784  -0.0605  -0.3321  -0.0002  -0.0639
  0.0452   0.5685  -0.0748  -0.3402   0.0065  -0.0778
  0.0464   0.5747  -0.0641  -0.3703  -0.0001  -0.0538
  0.0341   0.5250  -0.0457  -0.2838   0.0110  -0.0433
  0.0375   0.5369  -0.0421  -0.3375   0.0111  -0.0970
  0.0376   0.5309  -0.0253  -0.2158   0.0459  -0.0787
  0.0391   0.5268  -0.0326  -0.2953   0.0249  -0.0295
  0.0340   0.5004  -0.0248  -0.1788   0.0405  -0.0556
  0.0359   0.4987  -0.0353  -0.3361   0.0373  -0.0073
  0.0348   0.4937  -0.0462  -0.3040   0.0364  -0.0702
  0.0560   0.5321  -0.0421  -0.3658   0.0382  -0.0515
  0.0300   0.5167  -0.0481  -0.3366   0.0156  -0.0681
  0.0452   0.5191  -0.0358  -0.3692   0.0065  -0.0630
  0.0428   0.5322  -0.0335  -0.3649   0.0129  -0.1029
  0.0320   0.5611  -0.0223  -0.4076   0.0103  -0.0675
  0.0338   0.5745  -0.0308  -0.3279   0.0161  -0.1026
  0.0308   0.6252  -0.0293  -0.4255   0.0108  -0.0445
  0.0558   0.6033  -0.0083  -0.3502   0.0432  -0.0867
  0.0520   0.5980  -0.0224  -0.3322   0.0339  -0.0968
  0.0396   0.5931  -0.0168  -0.3447   0.0375  -0.0669
  0.0461   0.6000  -0.0127  -0.3062   0.0464  -0.0998
  0.0418   0.6131  -0.0151  -0.3919   0.0325  -0.0972
  0.0319   0.6172  -0.0152  -0.4463   0.0180  -0.0796
  0.0434   0.6132  -0.0136  -0.3595   0.0358  -0.1195
  0.0386   0.6249  -0.0197  -0.3930   0.0277  -0.0998
  0.0409   0.6054  -0.0117  -0.3835   0.0301  -0.1233
  0.0425   0.6394  -0.0037  -0.4131   0.0302  -0.1228
  0.0481   0.6150  -0.0169  -0.4341   0.0269  -0.1369
  0.0530   0.6356  -0.0159  -0.3954   0.0358  -0.1423
  0.0471   0.6777  -0.0043  -0.4412   0.0355  -0.1203
  0.0468   0.6214  -0.0035  -0.3430   0.0435  -0.0677
  0.0435   0.6376   0.0196  -0.4037   0.0454  -0.1149
  0.0429   0.6285   0.0204  -0.3509   0.0458  -0.1340
  0.0455   0.6323   0.0035  -0.3569   0.0480  -0.0969
  0.0387   0.6247   0.0102  -0.3864   0.0422  -0.0861
  0.0561   0.5775   0.0163  -0.4149   0.0427  -0.1305
  0.0480   0.5776   0.0198  -0.3071   0.0504  -0.1074
  0.0530   0.5823   0.0265  -0.3078   0.0546  -0.1183
 -0.0316   0.3335  -0.0325  -0.0074   0.0156   0.0984
 -0.0228   0.3928  -0.0354  -0.1004   0.0221   0.0479
 -0.0048   0.4097  -0.0224  -0.2098   0.0301  -0.0119
 -0.0002   0.4096  -0.0343  -0.2291   0.0206  -0.0540
 -0.0014   0.4092  -0.0316  -0.1935   0.0260  -0.0540
 -0.0077   0.3972  -0.0314  -0.1589   0.0245  -0.0237
 -0.0034   0.3749  -0.0320  -0.1528   0.0279  -0.0578
 -0.0036   0.3776  -0.0318  -0.1574   0.0242  -0.0439
 -0.0032   0.4065  -0.0424  -0.2291   0.0141  -0.0429
 -0.0074   0.4046  -0.0437  -0.2520   0.0080  -0.0414
 -0.0103   0.3930  -0.0279  -0.2330   0.0036  -0.0589
 -0.0043   0.4025  -0.0385  -0.2267   0.0058  -0.0623
 -0.0108   0.3830  -0.0295  -0.2144   0.0055  -0.0426
 -0.0117   0.4015  -0.0394  -0.2320   0.0048  -0.0424
 -0.0018   0.3958  -0.0479  -0.2938   0.0105  -0.0801
 -0.0106   0.3951  -0.0403  -0.2144   0.0170  -0.0803
 -0.0036   0.3834  -0.0365  -0.2984   0.0162  -0.0488
 -0.0117   0.3976  -0.0381  -0.2718   0.0102  -0.0349
 -0.0008   0.4122  -0.0377  -0.2063   0.0132  -0.0431
 -0.0003   0.4169  -0.0328  -0.2038   0.0211  -0.0369
 -0.0001   0.4146  -0.0385  -0.1841   0.0203  -0.0458
 -0.0015   0.4217  -0.0291  -0.1688   0.0227  -0.0417
 -0.0067   0.3954  -0.0216  -0.1599   0.0281  -0.0475
 -0.0015   0.4033  -0.0127  -0.2243   0.0346  -0.0560
  0.0152   0.3870  -0.0129  -0.1865   0.0332  -0.0296
  0.0165   0.4038  -0.0230  -0.1976   0.0328  -0.0373
  0.0106   0.3919  -0.0257  -0.1649   0.0310  -0.0263
  0.0069   0.3871  -0.0162  -0.1412   0.0357  -0.0208
  0.0096   0.3906  -0.0216  -0.1810   0.0254   0.0027
  0.0155   0.3806  -0.0212  -0.1900   0.0246   0.0001
  0.0162   0.3852  -0.0185  -0.1932   0.0264  -0.0146
 -0.0061   0.4007  -0.0146  -0.2109   0.0092   0.0194
  0.0105   0.3977  -0.0035  -0.2049   0.0153  -0.0302
  0.0097   0.3830  -0.0139  -0.2550   0.0079  -0.0253
  0.0090   0.3889  -0.0096  -0.1740   0.0206   0.0141
  0.0188   0.3762  -0.0182  -0.1606   0.0229  -0.0175
  0.0043   0.3738  -0.0122  -0.1245   0.0086   0.0083
  0.0128   0.4089  -0.0232  -0.1482   0.0192  -0.0086
  0.0186   0.4046  -0.0066  -0.0989   0.0178  -0.0156
  0.0115   0.4007  -0.0053  -0.1647   0.0160   0.0109
  0.0154   0.4194  -0.0139  -0.0808   0.0275  -0.0276
  0.0069   0.4115  -0.0007  -0.1167   0.0217   0.0164
  0.0135   0.4083   0.0005  -0.0716   0.0273   0.0156
  0.0146   0.4246  -0.0079  -0.0966   0.0227  -0.0172
  0.0073   0.4242  -0.0187  -0.0747   0.0325   0.0494
  0.0135   0.4064  -0.0183  -0.0744   0.0244  -0.0049
  0.0034   0.4134  -0.0180  -0.0663   0.0366   0.0311
  0.0010   0.4280  -0.0221  -0.1590   0.0242   0.0164
  0.0047   0.4126  -0.0221  -0.1224   0.0261   0.0333
  0.0071   0.4310  -0.0273  -0.1398   0.0262  -0.0016
  0.0058   0.4142  -0.0220  -0.1345   0.0212  -0.0040
  0.0030   0.4154  -0.0171  -0.1538   0.0169   0.0488
 -0.0059   0.4421  -0.0104  -0.1582   0.0191   0.0059
  0.0019   0.4443  -0.0231  -0.1360   0.0264   0.0035
  0.0066   0.4640  -0.0208  -0.1603   0.0332   0.0226
 -0.0034   0.4621  -0.0119  -0.1376   0.0211   0.0143
  0.0082   0.4396  -0.0104  -0.0465   0.0457   0.0136
  0.0109   0.4646  -0.0188  -0.0828   0.0432   0.0265
  0.0106   0.4607  -0.0158  -0.0441   0.0417   0.0180
  0.0108   0.4481  -0.0237  -0.0726   0.0366   0.0341
  0.0080   0.4645  -0.0165  -0.1488   0.0378   0.0146
  0.0089   0.4798  -0.0156  -0.1669   0.0318   0.0269
  0.0014   0.4910  -0.0158  -0.1284   0.0323   0.0169
  0.0050   0.4983  -0.0178  -0.1666   0.0247   0.0220
  0.0012   0.4927  -0.0215  -0.1435   0.0296   0.0240
  0.0015   0.4854  -0.0249  -0.1387   0.0295   0.0184
  0.0103   0.4816  -0.0228  -0.1541   0.0454   0.0423
  0.0034   0.3359  -0.0105  -0.1373   0.0323   0.0584
  0.0076   0.4815  -0.0294  -0.3381   0.0219   0.0060
 -0.0013   0.5507  -0.0271  -0.4268  -0.0015   0.0417
  0.0015   0.5159  -0.0257  -0.3214   0.0103   0.0111
 -0.0250   0.4815  -0.0217  -0.3147  -0.0010   0.0628
 -0.0124   0.4875  -0.0261  -0.2385   0.0271   0.0600
 -0.0182   0.4551  -0.0324  -0.2698   0.0114   0.0762
 -0.0229   0.3840  -0.0130  -0.2184   0.0144   0.0437
 -0.0420   0.4353  -0.0321  -0.2560  -0.0005   0.0862
 -0.0334   0.3878  -0.0268  -0.1921   0.0035   0.0739
 -0.0333   0.3914  -0.0317  -0.2781  -0.0056   0.0995
 -0.0472   0.3885  -0.0203  -0.2504  -0.0183   0.0799
 -0.0380   0.4387  -0.0385  -0.3646  -0.0176   0.1106
 -0.0410   0.5038  -0.0408  -0.4022  -0.0308   0.0724
 -0.0160   0.5161  -0.0237  -0.5047  -0.0013   0.0444
 -0.0445   0.4790  -0.0135  -0.3572  -0.0229   0.0343
 -0.0501   0.4710  -0.0089  -0.4488  -0.0325   0.1068
 -0.0487   0.4460  -0.0177  -0.3095  -0.0135   0.0627
 -0.0637   0.4000  -0.0222  -0.3189  -0.0310   0.0854
 -0.0655   0.4030  -0.0245  -0.3527  -0.0336   0.0896
 -0.0690   0.3973  -0.0257  -0.3093  -0.0311   0.0848
 -0.0754   0.4120  -0.0286  -0.3216  -0.0351   0.0900
 -0.0736   0.3947  -0.0384  -0.2872  -0.0340   0.0835
 -0.0855   0.3863  -0.0243  -0.3426  -0.0445   0.1171
 -0.0740   0.3463  -0.0082  -0.2829  -0.0376   0.0872
 -0.0760   0.3470  -0.0045  -0.2887  -0.0416   0.0753
 -0.0885   0.3427  -0.0141  -0.3480  -0.0471   0.1013
 -0.0853   0.3286  -0.0158  -0.3066  -0.0532   0.0881
 -0.0933   0.3245  -0.0227  -0.2616  -0.0518   0.0836
 -0.0925   0.3147  -0.0160  -0.3534  -0.0624   0.0985
 -0.1015   0.2950  -0.0375  -0.2997  -0.0788   0.0716
 -0.0995   0.2924  -0.0339  -0.2942  -0.0672   0.0951
 -0.1100   0.2653  -0.0441  -0.2437  -0.0771   0.0991
 -0.1112   0.2700  -0.0419  -0.2750  -0.0669   0.1057
 -0.0608   0.2315  -0.0100  -0.2172  -0.0488   0.0519
 -0.0761   0.1884  -0.0155  -0.2502  -0.0685   0.0779
 -0.0969   0.1609  -0.0480  -0.2041  -0.0848   0.0769
 -0.1354   0.1457  -0.0611  -0.2407  -0.1041   0.1285
 -0.1333   0.0863  -0.0610  -0.1418  -0.1040   0.1081
 -0.1185   0.0824  -0.0533  -0.1609  -0.0906   0.1219
 -0.1384   0.0667  -0.0599  -0.0333  -0.1017   0.1196
 -0.1509   0.0028  -0.0053   0.0556  -0.0987   0.1729
 -0.1848   0.0080  -0.0274   0.0024  -0.1204   0.2083
 -0.2357  -0.0559  -0.0569   0.0944  -0.1547   0.2279
 -0.2352  -0.0609  -0.0813  -0.0205  -0.1548   0.2721
 -0.1357   0.0608  -0.0253  -0.0005  -0.0927   0.1044
 -0.1818  -0.0975  -0.0336   0.0030  -0.1159   0.1225
 -0.1672  -0.2254  -0.0189   0.1398  -0.0952   0.1753
 -0.1742  -0.2938  -0.0124   0.0535  -0.1077   0.2046
 -0.1104  -0.2868   0.0095   0.1782  -0.0865   0.0915
 -0.0995  -1.0262   0.0446   1.3562  -0.1040   0.2704
 -0.0635  -1.0248   0.0974   1.1316  -0.0634   0.2100
 -0.0780  -1.1349   0.0859   1.0934  -0.0690   0.1775
 -0.0775  -1.0937   0.0726   0.7651  -0.0839   0.1130
 -0.0900  -1.1553   0.0680   0.8455  -0.0940   0.0818
 -0.0546  -1.1016   0.0680   0.6344  -0.0747   0.0420
 -0.0735  -1.0618   0.0749   0.5100  -0.0987   0.0073
 -0.0739  -1.1650   0.0890   0.5664  -0.1103   0.0169
 -0.0750  -1.1726   0.0926   0.6600  -0.0688   0.0366
 -0.0573  -0.6375   0.0358   0.3745  -0.0797   0.0219
 -0.0502  -0.7965   0.1099   0.4943  -0.1260   0.1590
 -0.0393  -0.9803   0.0969   0.5394  -0.0962   0.0376
 -0.0453  -1.0528   0.0871   0.5718  -0.0733   0.0869
 -0.0195  -0.9890   0.0931   0.4332  -0.0522   0.0379
 -0.0160  -1.0549   0.0714   0.5062  -0.0559   0.0149
 -0.0210  -1.0820   0.0822   0.6097  -0.0589   0.0670
 -0.0223  -1.0389   0.0680   0.4605  -0.0663   0.0166
 -0.0112  -1.0695   0.0635   0.6725  -0.0375   0.0466
 -0.0223  -1.0872   0.0616   0.6460  -0.0309   0.0487
  0.0108  -1.0127   0.0470   0.5710  -0.0214   0.0399
  0.0292  -1.0405   0.0678   0.5226   0.0075   0.0403
  0.0161  -1.0883   0.0476   0.5097  -0.0093   0.0041
  0.0188  -1.2036   0.0414   0.8801   0.0087   0.0466
  0.0349  -1.0978   0.0322   0.6498   0.0245   0.0212
 -0.0020  -1.0261   0.0221   0.4385  -0.0096   0.1057
  0.0192  -1.1295   0.0499   0.3874  -0.0181   0.0404
  0.0461  -1.0540   0.0656   0.2627   0.0088  -0.0144
  0.0653  -1.0844   0.0575   0.3181   0.0130  -0.0144
  0.0538  -1.0950   0.0502   0.3890   0.0066   0.0119
  0.0685  -1.1221   0.0546   0.4481   0.0351  -0.0285
  0.0713  -1.1297   0.0462   0.4774   0.0382  -0.0014
  0.0893  -0.9519   0.0327   0.3138   0.0642  -0.0490
  0.0733  -1.1915   0.0441   0.6525   0.0443  -0.0025
  0.0688  -1.1483   0.0520   0.5979   0.0391   0.0174
  0.0683  -1.1875   0.0387   0.6236   0.0324  -0.0053
  0.0769  -1.1856   0.0464   0.6413   0.0468   0.0281
  0.0756  -1.1775   0.0569   0.5465   0.0440  -0.0065
  0.0921  -1.2358   0.0531   0.7331   0.0575  -0.0052
  0.0591  -1.2235   0.0490   0.6909   0.0510   0.0158
  0.0704  -1.2574   0.0513   0.6769   0.0469  -0.0093
  0.0535  -1.2356   0.0689   0.6908   0.0376   0.0194
  0.0616  -1.2226   0.0630   0.6779   0.0461   0.0276
  0.0590  -1.1963   0.0691   0.6591   0.0396   0.0185
  0.0562  -1.2156   0.0723   0.6697   0.0329   0.0261
  0.0397  -1.2154   0.0730   0.6589   0.0183  -0.0109
  0.0418  -1.1832   0.0835   0.6435   0.0129   0.0283
  0.0442  -1.2119   0.0841   0.6976   0.0220   0.0185
  0.0441  -1.2195   0.0706   0.6446   0.0170  -0.0070
  0.0519  -1.1773   0.0618   0.6039   0.0208   0.0093
  0.0446  -1.2187   0.0634   0.6291   0.0210   0.0047
  0.0430  -1.2048   0.0729   0.6217   0.0207   0.0350
  0.0381  -1.2213   0.0648   0.6258   0.0250  -0.0020
  0.0480  -1.1657   0.0748   0.5942   0.0230   0.0246
  0.0404  -1.1651   0.0875   0.5044   0.0076  -0.0118
  0.0604  -1.2022   0.0775   0.5134   0.0138  -0.0193
  0.0567  -1.1782   0.0897   0.5403   0.0130   0.0145
  0.0434  -1.1824   0.0822   0.5185   0.0140   0.0046
  0.0677  -1.2324   0.0803   0.6058   0.0283   0.0022
  0.0662  -1.1870   0.0691   0.5444   0.0220  -0.0131
  0.0700  -1.1628   0.0571   0.5732   0.0313  -0.0517
  0.0546  -1.1685   0.0808   0.5321   0.0182   0.0137
  0.0429  -1.1743   0.0953   0.6278   0.0083  -0.0016
  0.0542  -1.1637   0.0853   0.5308   0.0044   0.0121
  0.0578  -1.2282   0.0805   0.6177  -0.0029   0.0009
  0.0561  -1.1841   0.0748   0.6147   0.0244   0.0018
  0.0626  -1.1620   0.0506   0.5911   0.0229  -0.0223
  0.0543  -1.1873   0.0605   0.5732   0.0091   0.0352
  0.0538  -1.2022   0.0760   0.5874   0.0159   0.0249
  0.0500  -1.1726   0.0873   0.4261   0.0130   0.0085
  0.0523  -1.2040   0.0821   0.4768   0.0163  -0.0057
  0.0606  -1.1811   0.0935   0.4927   0.0298   0.0148
  0.0518  -1.1811   0.1121   0.4206   0.0019   0.0268
  0.0339  -1.1384   0.1061   0.4761  -0.0128   0.1757
