 -0.0210  -0.1162  -0.2473   0.2854  -0.1471   0.0887
  0.0160  -0.1603  -0.2358   0.5334  -0.1148  -0.0462
  0.0137  -0.2034  -0.2329   0.9983  -0.1086  -0.0997
 -0.0023  -0.2382  -0.2438   1.1990  -0.1452   0.0924
  0.0191  -0.2118  -0.2046   0.8587  -0.0858   0.4186
  0.0604  -0.1598  -0.1863   0.7484   0.0477   0.1438
  0.0872  -0.1112  -0.2109   0.7961   0.0062   0.0880
  0.0811  -0.1503  -0.2204   0.9005  -0.0478   0.1105
  0.0266  -0.1940  -0.2058   0.9084  -0.0745   0.0456
  0.0707  -0.1516  -0.2235   0.7629  -0.0048   0.0986
  0.0916  -0.1270  -0.2136   0.7763   0.0126   0.0293
  0.0903  -0.1224  -0.1568   0.7882   0.0056   0.0139
  0.1083  -0.1053  -0.1484   0.7108   0.0182   0.0862
  0.0760  -0.1246  -0.1518   0.6805   0.0011   0.0179
  0.0840  -0.0931  -0.1498   0.6221   0.0279   0.0424
  0.1028  -0.0704  -0.1492   0.6085   0.0466   0.0313
  0.0994  -0.0420  -0.1592   0.5413   0.0808   0.0457
  0.0639  -0.0464  -0.1748   0.5247   0.0615  -0.0028
  0.0997  -0.0416  -0.1758   0.5092   0.0560   0.0126
  0.0808  -0.0281  -0.1534   0.4878   0.0404   0.0135
  0.0569  -0.0443  -0.1412   0.5515   0.0014  -0.0233
  0.0266   0.1737  -0.0810  -0.2963   0.0234   0.0977
  0.0009   0.2814  -0.0470  -0.8020   0.0551   0.0114
  0.0085   0.2544  -0.0743  -0.6694   0.0688  -0.0288
  0.0211   0.2111  -0.0628  -0.4542   0.0570  -0.0457
  0.0415   0.1845  -0.0641  -0.3928   0.0659  -0.0447
  0.0565   0.2296  -0.0762  -0.3945   0.0692  -0.0226
  0.0374   0.0785  -0.0771  -0.2431   0.0259  -0.0002
  0.0158   0.0694  -0.0747  -0.2433   0.0087   0.0027
 -0.0040   0.0489  -0.0708  -0.1996  -0.0040  -0.0318
 -0.0003   0.0907  -0.0529  -0.3844   0.0292   0.0084
  0.0015   0.0616  -0.0536  -0.2757   0.0254  -0.0169
  0.0072   0.0462  -0.0579  -0.2365   0.0166  -0.0420
  0.0204   0.0305  -0.0607  -0.1634   0.0235  -0.0343
  0.0151   0.0339  -0.0663  -0.1992   0.0174  -0.0045
  0.0571  -0.0278  -0.0304  -0.1791   0.0519  -0.0292
  0.0694  -0.0981  -0.0052  -0.1118   0.0681  -0.0469
  0.0507  -0.1089  -0.0006  -0.1048   0.0618  -0.0298
  0.0671  -0.1364  -0.0088  -0.0815   0.1026  -0.0206
  0.0603  -0.1413  -0.0335  -0.0958   0.1241  -0.0122
  0.0508  -0.1682  -0.0362  -0.0470   0.1109  -0.0178
  0.0299  -0.1544  -0.0504  -0.0616   0.1115   0.0213
 -0.0011  -0.1480  -0.0687  -0.0679   0.0661   0.0234
 -0.0283  -0.3258  -0.0394   0.2783   0.0554  -0.0302
 -0.0581  -0.1859  -0.0253   0.2566   0.0035   0.0020
 -0.0688  -0.1962  -0.0027   0.2725  -0.0233  -0.0068
 -0.0633  -0.1471  -0.0055   0.2184  -0.0022   0.0551
 -0.0664  -0.1583   0.0142   0.2174  -0.0037  -0.0212
 -0.0665  -0.1113   0.0327   0.1065   0.0321   0.0316
 -0.0336  -0.0583   0.0431   0.0348   0.0833   0.0419
 -0.0170  -0.0564   0.0456   0.0094   0.1316   0.0123
 -0.0123  -0.0144   0.0757  -0.0758   0.1225   0.0413
  0.0085   0.0099   0.0914  -0.1563   0.1345   0.0490
  0.0015   0.0174   0.0853  -0.1392   0.1095   0.0099
 -0.0102  -0.0077   0.0877  -0.0470   0.0693  -0.0033
  0.0003   0.0244   0.0914  -0.1597   0.1133   0.0530
 -0.0322   0.0405   0.0893  -0.1710   0.0532   0.0372
 -0.0279   0.0570   0.1143  -0.2158   0.0467   0.0297
 -0.0362   0.0638   0.0917  -0.2170   0.0296   0.0165
 -0.0183   0.0645   0.0612  -0.2957   0.0845   0.0937
  0.0523   0.1216   0.0536  -0.3525   0.1528   0.1451
  0.0912   0.1047   0.0527  -0.3133   0.1484  -0.0095
  0.0166   0.0994   0.0161  -0.3153   0.0814   0.0172
 -0.0035   0.0924   0.0249  -0.2117   0.0333  -0.0157
  0.0048   0.0668   0.0389  -0.1715   0.0284  -0.0529
  0.0143   0.0555   0.0433  -0.1614   0.0176  -0.0057
  0.0120   0.0766   0.0415  -0.1916   0.0059   0.0028
 -0.0035   0.0768   0.0618  -0.1532  -0.0141  -0.0603
  0.0094   0.0871   0.0628  -0.1646   0.0067  -0.0164
  0.0013   0.1198   0.0581  -0.2080  -0.0226   0.0018
 -0.0289   0.0920   0.0458  -0.1639  -0.0657  -0.0401
 -0.0441   0.1068   0.0478  -0.1911  -0.0631   0.0029
 -0.0576   0.1176   0.0456  -0.2172  -0.0733   0.0019
 -0.0671   0.0784   0.0313  -0.1768  -0.0774  -0.0522
 -0.0762   0.1244   0.0284  -0.2884  -0.0762   0.0357
 -0.0710   0.1226   0.0400  -0.3110  -0.0826  -0.0062
 -0.0698   0.1234   0.0449  -0.3075  -0.0887  -0.0286
 -0.0942   0.1430   0.0228  -0.3742  -0.1046   0.0070
 -0.0940   0.0686   0.0262  -0.3047  -0.1021   0.0089
 -0.0844   0.0343   0.0455  -0.3002  -0.1037  -0.0140
 -0.0834   0.0151   0.0408  -0.2541  -0.1041  -0.0090
 -0.0487   0.0285   0.0441  -0.3075  -0.0493  -0.0127
 -0.0801   0.0430   0.0220  -0.3463  -0.0958   0.1271
 -0.0816  -0.0425  -0.0033  -0.2625  -0.0621   0.0514
 -0.0620   0.0282   0.0017  -0.2730  -0.0746   0.0243
 -0.0625   0.0842   0.0032  -0.2708  -0.0884  -0.0482
 -0.0711   0.0919   0.0200  -0.2623  -0.1072   0.0076
 -0.0453   0.0798   0.0336  -0.2791  -0.0765   0.0006
 -0.0603   0.0790   0.0479  -0.2212  -0.0805  -0.0700
 -0.0608   0.1013   0.0432  -0.2678  -0.0890   0.0155
 -0.0614   0.1123   0.0523  -0.2610  -0.1111  -0.0196
 -0.0713   0.0794   0.0584  -0.2031  -0.1136  -0.0583
 -0.0663   0.1146   0.0571  -0.2106  -0.1135  -0.0122
 -0.0495   0.1230   0.0635  -0.2521  -0.0887  -0.0168
  0.0181   0.1348   0.0745  -0.2842  -0.0205  -0.0260
  0.0248   0.1086   0.0919  -0.2548  -0.0028   0.0200
  0.0325   0.0032   0.0923  -0.1853   0.0158  -0.0320
  0.0335  -0.0181   0.0898  -0.2106   0.0246   0.0042
  0.0107   0.0190   0.0876  -0.2469  -0.0031  -0.0042
  0.0152  -0.0517   0.0782  -0.1929   0.0066  -0.0030
  0.0241   0.0213   0.0519  -0.3658   0.0390   0.1089
 -0.0034   0.0105   0.1120  -0.2501   0.0140   0.0089
  0.1130  -0.2241   0.0849  -0.0767   0.0972  -0.0339
  0.0356  -0.0498   0.0923  -0.2423   0.0444   0.0649
  0.0127   0.0170   0.1233  -0.2473  -0.0237   0.0245
  0.0231  -0.0159   0.1449  -0.2439   0.0033   0.0538
  0.1410  -0.1390   0.1059  -0.2220   0.1330   0.0664
  0.0618  -0.2016   0.1409   0.0936   0.0346  -0.0961
  0.0203  -0.1310   0.1867   0.9772  -0.0224  -0.3275
 -0.0107  -0.1117   0.1581   0.7530  -0.0582   0.1308
 -0.0834   0.0349   0.1013   0.6947  -0.1122  -0.0721
 -0.0312  -0.0283   0.1529   0.7650  -0.0970  -0.0698
 -0.0121  -0.0156   0.1309   0.7180  -0.0933  -0.0911
  0.0099   0.0471   0.1492   0.5327  -0.0375  -0.0786
 -0.0057   0.0305   0.1204   0.4741  -0.0502  -0.1197
 -0.0345   0.0444   0.0693   0.0798  -0.0561  -0.0579
 -0.0153   0.1343   0.0517  -0.5554   0.0340  -0.1128
 -0.0556   0.0538   0.0559  -0.4112  -0.0060  -0.1708
 -0.1202   0.0766   0.0109  -0.4052  -0.0580  -0.1422
 -0.1297   0.0680   0.0201  -0.3458  -0.0835  -0.2098
