 -0.2129   0.3826  -0.0534  -0.7976   0.0530   0.1325
 -0.1899   0.4850  -0.0389  -0.9157   0.0630   0.1045
 -0.1600   0.5692   0.0180  -1.3763   0.0773   0.0665
 -0.1695   0.5249   0.0403  -1.3303   0.0424   0.0668
 -0.1793   0.5293   0.0313  -1.3114   0.0213   0.0731
 -0.1833   0.5026   0.0607  -1.3391   0.0310   0.0785
 -0.1596   0.5105   0.0698  -1.2971   0.0411   0.0700
 -0.1661   0.5276   0.0423  -1.3243   0.0277   0.0674
 -0.1587   0.4910   0.0644  -1.3306   0.0338   0.0730
 -0.1539   0.5023   0.0858  -1.3246   0.0460   0.0686
 -0.2091   0.9209   0.1033  -1.6492  -0.0134  -0.0056
 -0.2390   0.9488  -0.0286  -1.8143  -0.0930  -0.0448
 -0.1551   1.0208  -0.0481  -1.8407  -0.0211  -0.0837
 -0.1304   0.7993  -0.0664  -1.7196  -0.0042  -0.0092
 -0.1082   0.7159  -0.0442  -1.5895   0.0007  -0.0010
 -0.1031   0.7128  -0.0336  -1.5479   0.0098  -0.0138
 -0.1151   0.5877  -0.0023  -1.5525   0.0390   0.0383
 -0.1242   0.5502  -0.0232  -1.6122   0.0321   0.0118
 -0.1143   0.5432  -0.0044  -1.6256   0.0355   0.0220
 -0.1251   0.4648   0.0156  -1.6140   0.0059   0.0177
 -0.1418   0.5967   0.0802  -1.9350  -0.0650   0.0190
 -0.1325   0.4520   0.0305  -1.5588  -0.0160   0.0329
 -0.1284   0.4555   0.0205  -1.5213   0.0135   0.0400
 -0.1175   0.4532   0.0084  -1.5235   0.0330   0.0407
 -0.1077   0.5135  -0.0058  -1.5191   0.0177   0.0062
 -0.1048   0.5425  -0.0034  -1.5152   0.0131   0.0169
 -0.1685   1.0624   0.0365  -1.7280  -0.0164  -0.1230
 -0.1288   0.5832   0.0362  -1.6557   0.0006  -0.0018
 -0.1318   0.5395   0.0324  -1.6054   0.0029   0.0062
 -0.1323   0.5199   0.0238  -1.5523   0.0146   0.0217
 -0.1262   0.5320   0.0090  -1.5348   0.0122   0.0081
 -0.1298   0.5458   0.0085  -1.5778   0.0104   0.0045
 -0.1371   0.5438   0.0274  -1.5244   0.0224   0.0261
 -0.1306   0.5254   0.0368  -1.4979   0.0300   0.0135
 -0.1257   0.5325   0.0275  -1.5249   0.0174   0.0134
 -0.1391   0.5149   0.0479  -1.5031   0.0033   0.0209
 -0.1276   0.4966   0.0489  -1.6337   0.0179   0.0244
 -0.1502   0.4933   0.0661  -1.6706   0.0263   0.0219
 -0.1301   0.7229   0.2735  -1.4221   0.1340  -0.0931
 -0.1913   0.5767   0.2079  -0.6128   0.0207   0.0555
 -0.1842   0.6851   0.0878  -0.6972  -0.0543  -0.0051
 -0.1347   0.5536   0.1276  -0.5288   0.0195   0.0152
 -0.1421   0.4981   0.1459  -0.5200   0.0117   0.0451
 -0.1316   0.4582   0.1221  -0.5015   0.0122   0.0585
 -0.1325   0.4775   0.1162  -0.5338   0.0257   0.0487
 -0.1334   0.3983   0.1400  -0.4177   0.0299   0.0730
 -0.1218   0.3701   0.1472  -0.4261   0.0188   0.0752
 -0.1314   0.3651   0.1609  -0.4104   0.0066   0.0637
 -0.1269   0.3152   0.1348  -0.3602   0.0321   0.0878
 -0.1057   0.3048   0.1378  -0.3047   0.0397   0.0866
 -0.1137   0.2800   0.1453  -0.2944   0.0407   0.0912
 -0.1124   0.2907   0.1448  -0.3223   0.0274   0.0924
 -0.1051   0.3158   0.1578  -0.3412   0.0345   0.0765
 -0.1052   0.2587   0.1468  -0.3066   0.0372   0.0918
 -0.1135   0.2724   0.1472  -0.2759   0.0460   0.0836
 -0.1114   0.2727   0.1434  -0.2550   0.0552   0.0852
 -0.1041   0.2919   0.1534  -0.2999   0.0372   0.0883
 -0.0919   0.2847   0.1246  -0.3308   0.0396   0.0742
 -0.0889   0.2884   0.1369  -0.3346   0.0427   0.0604
  0.0160   0.2809   0.1160  -0.3813   0.1153   0.0047
 -0.1401   0.5122   0.1039  -0.4514  -0.0250  -0.0107
 -0.1208   0.4341   0.1849  -0.4082  -0.0163  -0.0140
 -0.1073   0.4866   0.1694  -0.4115   0.0337   0.0215
 -0.0591   0.7804   0.2021  -0.2828   0.1155  -0.1686
 -0.2025   0.9881   0.1095  -0.7123  -0.0143  -0.0997
 -0.1814   0.7186   0.0646  -0.3519  -0.0122  -0.0065
 -0.1078   0.6319   0.1042  -0.3892   0.0278  -0.0169
 -0.0457   0.4857   0.0887  -0.2902   0.0279   0.0250
 -0.0413   0.4200   0.1175  -0.2699   0.0242   0.0433
 -0.0423   0.3927   0.1299  -0.2493   0.0285   0.0553
 -0.0782   0.4418   0.1480  -0.6528   0.0495   0.0630
 -0.1471   0.8864   0.2231  -1.5529   0.0730  -0.1993
 -0.2188   0.8744   0.3107  -0.9851  -0.0430  -0.0636
 -0.2190   0.6725   0.3295  -0.7238  -0.0696  -0.0735
 -0.1232   0.4572   0.2620  -0.0974   0.0119   0.0279
 -0.1258   0.4906   0.1947  -0.2481  -0.0097   0.0308
 -0.1021   0.3064   0.1843  -0.0132   0.0023   0.0381
 -0.0970   0.1666   0.1712   0.1201  -0.0023   0.0866
 -0.0826   0.1026   0.1663   0.1525   0.0202   0.0918
 -0.0997   0.0903   0.1424   0.1535   0.0072   0.0936
 -0.0970   0.0698   0.1379   0.2057   0.0146   0.0879
 -0.1199   0.1162   0.1736   0.2444   0.0117   0.1182
 -0.0951   0.0675   0.1648   0.2431   0.0188   0.1158
 -0.0768   0.0154   0.1644   0.1760   0.0220   0.1359
 -0.0228  -0.0995   0.1899   0.1512   0.0403   0.1036
 -0.0005  -0.0352   0.2057   0.0437   0.0082   0.1036
  0.0087  -0.0423   0.1755  -0.0741  -0.0007   0.1127
  0.0079  -0.0475   0.1749  -0.2316  -0.0201   0.0757
 -0.0664   0.0026   0.1573  -0.1576  -0.0647   0.0571
 -0.0792   0.1604   0.1832   0.0663   0.0100   0.0430
 -0.0615   0.2748   0.1469   0.1518   0.0166   0.0455
 -0.0847   0.2017   0.1346   0.1584  -0.0087   0.0667
 -0.0854   0.1634   0.1437   0.1733  -0.0087   0.0748
 -0.0680   0.1721   0.1557   0.1778   0.0251   0.0542
 -0.0580   0.2910   0.1426   0.0812   0.0187   0.0036
 -0.0473   0.5134   0.0925  -0.0239   0.0074  -0.0304
 -0.0753   1.0282   0.0721  -0.1451   0.0260  -0.1952
  0.0261   1.0286   0.1091  -0.1359   0.0827  -0.2156
  0.0411   0.3610   0.1412   0.0175   0.0630  -0.0409
  0.0201   0.3620   0.0784   0.0184   0.0434  -0.0407
  0.0340   0.2858   0.1029   0.1154   0.0602  -0.0016
  0.0105   0.1693   0.1448   0.2085   0.0449   0.0297
  0.0075   0.1663   0.1569   0.2070   0.0387   0.0407
  0.0091   0.1539   0.1462   0.1769   0.0329   0.0331
  0.0046   0.1148   0.1165   0.2110   0.0216   0.0419
  0.0153   0.0206   0.1405   0.2621   0.0259   0.0577
  0.0130   0.0607   0.1489   0.2315   0.0462   0.0608
  0.0262   0.0603   0.1412   0.2319   0.0408   0.0515
  0.0204   0.0618   0.1465   0.1938   0.0428   0.0428
  0.0185   0.1003   0.1283   0.1938   0.0474   0.0203
  0.0030  -0.0084   0.1729   0.4975   0.0613   0.0724
  0.0086  -0.0136   0.1787   0.4995   0.0491   0.0760
  0.0154  -0.0133   0.1783   0.5212   0.0562   0.0737
  0.0184  -0.0357   0.1621   0.5558   0.0714   0.0755
 -0.0112  -0.0014   0.2035   0.5490   0.0680   0.0855
 -0.0163  -0.0434   0.1967   0.6047   0.0682   0.0961
 -0.0063  -0.0245   0.2199   0.5840   0.0424   0.1021
 -0.0115  -0.0315   0.1932   0.5739   0.0404   0.0844
 -0.0099   0.0258   0.1932   0.4957   0.0471   0.0633
 -0.0200   0.1284   0.1261   0.0198  -0.0058   0.0028
 -0.0159   0.0473   0.1160   0.1188   0.0469   0.0228
 -0.0169   0.0552   0.1179   0.1374   0.0533   0.0108
 -0.0228   0.0414   0.1092   0.1543   0.0568   0.0185
 -0.0145   0.0541   0.0920   0.2206   0.0462   0.0098
  0.0009   0.0952   0.0647   0.2166   0.0923   0.0391
 -0.0394   0.1128   0.1434   0.1241   0.0522   0.0190
 -0.0089   0.0528   0.1318   0.1637   0.0677   0.0284
 -0.0647   0.1887   0.1181  -0.1110   0.0248  -0.0120
 -0.0002   0.0313   0.1237   0.0981   0.0835   0.0006
  0.0053   0.0616   0.1663   0.0693   0.0745  -0.0038
  0.0042   0.0688   0.1583   0.1033   0.0688   0.0067
  0.0356   0.0475   0.1801   0.1039   0.0914   0.0041
  0.0138   0.1636   0.2059   0.0031   0.1156   0.0012
  0.0824  -0.1645   0.1854  -0.1357   0.0937   0.0319
  0.0098  -0.0861   0.1514  -0.1707   0.0750  -0.0108
 -0.1405  -0.0353   0.0639  -0.5339  -0.0015   0.0118
 -0.0732  -0.0797   0.1494   0.1901   0.0691   0.0058
 -0.0563   0.1993   0.0748  -0.0203   0.0699  -0.0113
  0.0079   0.0286   0.1464   0.1882   0.0519   0.0021
  0.0064  -0.1141   0.1258   0.1963   0.0397   0.0161
 -0.0090  -0.0991   0.0942   0.3028   0.0658   0.0058
 -0.0244  -0.1117   0.1297   0.2829   0.0868   0.0281
 -0.0002  -0.3537   0.1504   0.4088   0.1290   0.1079
  0.0476  -0.1231   0.1815   0.3345   0.1892  -0.0005
  0.0131  -0.0133   0.1666   0.0403   0.1522  -0.0678
  0.0173   0.3372   0.1074  -0.0327   0.1453  -0.0947
 -0.0154   0.5061   0.2188   0.0668   0.2515  -0.1842
 -0.1492   1.1520   0.1019  -0.3423   0.1419  -0.2116
 -0.0476   0.8428   0.0650  -0.0933   0.1044  -0.1846
  0.0444   0.7197   0.0359  -0.0975   0.1151  -0.1294
 -0.0200   0.4055   0.0111   0.0743   0.0781  -0.0728
  0.0470   0.3488  -0.0269  -0.1499   0.0896  -0.1018
 -0.0105   0.1869  -0.0908  -0.0344   0.0882  -0.0273
  0.0174   0.0318  -0.0773   0.1514   0.1017  -0.0488
 -0.0030  -0.0573  -0.0761   0.3790   0.0643  -0.0136
 -0.0323  -0.0519  -0.0556   0.3869   0.0889   0.0220
 -0.0154  -0.0579  -0.0385   0.4049   0.0985   0.0244
 -0.0055  -0.0838  -0.0150   0.4574   0.1258   0.0160
 -0.0127  -0.1018   0.0089   0.4644   0.1456   0.0326
 -0.0094  -0.0924  -0.0219   0.4190   0.1341   0.0260
 -0.0202  -0.0687   0.0070   0.3681   0.1196   0.0030
 -0.0300  -0.0756  -0.0011   0.4611   0.1031   0.0189
 -0.0140  -0.0431   0.0011   0.2136   0.1169   0.0101
  0.0186  -0.0594  -0.0229   0.2601   0.1253  -0.0084
  0.0323  -0.0924  -0.0171   0.3520   0.1288   0.0140
 -0.0300  -0.0745   0.0155   0.3816   0.1225   0.0163
 -0.0510  -0.0341   0.0093   0.3804   0.1057   0.0474
 -0.0323  -0.0521   0.0284   0.3466   0.0887   0.0333
 -0.0179  -0.0917   0.0130   0.3753   0.0995   0.0148
 -0.0302  -0.0877  -0.0062   0.3505   0.0958   0.0194
 -0.0295  -0.1297   0.0056   0.5195   0.1114   0.0472
  0.0026  -0.1196  -0.0082   0.5619   0.1158   0.0353
  0.0112  -0.1211  -0.0368   0.5738   0.1202   0.0372
  0.0171  -0.0668  -0.0012   0.5533   0.1322  -0.0064
  0.0196   0.0351   0.0199   0.4978   0.1221   0.0044
 -0.0322  -0.1433  -0.0062   0.5749   0.0919   0.0605
 -0.0083  -0.1667   0.0351   0.4815   0.1059   0.0599
  0.0568  -0.3579  -0.0255   0.4986   0.0552   0.1405
  0.1905  -0.3308  -1.1612   0.1162  -0.1817   0.0479
 -0.1109  -0.2840  -0.1613   0.3589  -0.2465   0.0840
 -0.0645  -0.3423  -0.3100   0.4490  -0.1174   0.1038
 -0.0191  -0.4686  -0.5333   0.5442  -0.2653   0.1215
 -0.6172  -0.5656   0.5857   1.1427  -1.3501   0.5018
 -0.1731  -0.4145  -0.0145   0.6218  -0.4057   0.1995
 -0.1294  -0.4869  -0.0706   0.6653  -0.3300   0.1852
 -0.1024  -0.5136  -0.0636   0.6807  -0.3175   0.1802
 -0.1019  -0.4874  -0.0785   0.7021  -0.3208   0.1876
 -0.1062  -0.5032  -0.0604   0.7012  -0.3206   0.1853
 -0.0978  -0.5004  -0.0673   0.6916  -0.3161   0.1753
 -0.0968  -0.4805  -0.0804   0.6616  -0.3135   0.1670
 -0.0959   0.5011  -0.0592   0.0327  -0.2824  -0.2740
 -0.1922   1.3779  -0.0610  -0.7771  -0.2931  -0.2724
 -0.1163   0.7872  -0.0210  -0.1298  -0.2157  -0.2028
 -0.0998   0.5794  -0.0231   0.1506  -0.2017  -0.1280
 -0.1013   0.4318  -0.0440   0.2531  -0.2107  -0.0891
 -0.0976   0.3334  -0.0879   0.2527  -0.2231  -0.0749
 -0.0749   0.2903  -0.1120   0.2264  -0.2211  -0.0700
 -0.0649   0.2862  -0.1086  -0.0745  -0.2122  -0.0570
 -0.0776   0.2605  -0.1138  -0.0345  -0.2040  -0.0859
 -0.0577   0.1812  -0.1146   0.3028  -0.2171  -0.0345
 -0.0429   0.1934  -0.1147   0.2913  -0.2157  -0.0471
 -0.0506   0.1767  -0.1290   0.2587  -0.2074  -0.0414
 -0.0596   0.1536  -0.1410   0.2653  -0.2075  -0.0345
 -0.0597   0.1439  -0.1323   0.2672  -0.2128  -0.0445
 -0.0492   0.1291  -0.1281   0.2593  -0.2086  -0.0347
 -0.0251   0.1829  -0.1229   0.1304  -0.2030  -0.1132
 -0.0220   0.1864  -0.2054   0.5448  -0.2004  -0.0612
 -0.0493   0.2880  -0.2214   0.5613  -0.2465  -0.0741
  0.0110   0.0736  -0.2180   0.7216  -0.1977  -0.0285
  0.0095   0.1125  -0.1964   0.6039  -0.2057  -0.0725
  0.0111   0.0888  -0.1923   0.6943  -0.2026  -0.0329
  0.0176   0.0354  -0.1933   0.7728  -0.2009  -0.0064
  0.0210  -0.0400  -0.2052   0.7196  -0.1730   0.0035
  0.0098  -0.0049  -0.0926   0.5192  -0.2281  -0.0397
  0.0027  -0.1240  -0.2185   0.7610  -0.2193  -0.0152
 -0.0695  -0.1650  -0.2504   0.8227  -0.2301   0.0425
 -0.0273  -0.0820  -0.1523   0.8319  -0.1704  -0.0092
 -0.1275  -0.1252  -0.1573   0.6914  -0.2294   0.0452
 -0.1130   0.2897  -0.2188  -0.5514  -0.2377  -0.1559
 -0.1171  -0.1012  -0.1093   0.5142  -0.1834  -0.0051
 -0.0969  -0.1944  -0.1329   0.8637  -0.1832   0.0485
 -0.1467   0.1308  -0.1557  -0.5811  -0.1752  -0.0737
 -0.0682   0.3372  -0.4114  -2.2734  -0.3192  -0.1965
 -0.0845  -0.1984  -0.2910  -0.3387  -0.2186  -0.1337
 -0.0005  -0.4127  -0.2110   0.9083  -0.1115   0.0553
  0.0133  -0.5098  -0.1764   1.1020  -0.1103   0.0912
  0.0141  -0.2349  -0.1553  -0.2109  -0.1782   0.0665
 -0.0024  -0.4915  -0.1718   0.6685  -0.1413  -0.0012
 -0.0362  -0.5067  -0.2272   0.6794  -0.1971   0.1179
 -0.0573  -0.4720  -0.2234   0.1569  -0.1800   0.0404
  0.0242  -0.4377  -0.1336   0.2662  -0.1295   0.0229
  0.0795  -0.5343  -0.1374   0.3100  -0.0606   0.0218
  0.0804  -0.5100  -0.1549   0.3041  -0.0773   0.0157
  0.0548  -0.4653  -0.1535   0.3048  -0.0617   0.0063
  0.0398  -0.4710  -0.2164   0.3297  -0.1402   0.0142
  0.0393  -0.4533  -0.2080   0.3090  -0.1475   0.0192
  0.0308  -0.4851  -0.2215   0.3215  -0.1419   0.0147
  0.0063  -0.4566  -0.2485   0.3414  -0.1751   0.0104
 -0.0092  -0.3941  -0.2474   0.3182  -0.1701  -0.0204
 -0.0231  -0.3095  -0.2009   0.3071  -0.1788  -0.0176
  0.0051  -0.3651  -0.1840   0.3602  -0.1642  -0.0097
  0.0195  -0.3628  -0.1840   0.3676  -0.1462  -0.0303
  0.0350  -0.3543  -0.2230   0.3369  -0.1479  -0.0300
  0.0154  -0.3878  -0.2280   0.3628  -0.1466  -0.0174
  0.0423  -0.3990  -0.2114   0.3200  -0.1340  -0.0134
  0.0523  -0.4053  -0.2025   0.2968  -0.1359  -0.0218
  0.0603  -0.4224  -0.2125   0.3136  -0.1250  -0.0126
  0.0489  -0.4466  -0.2296   0.3230  -0.1189   0.0076
  0.0600  -0.4403  -0.2164   0.3196  -0.1274   0.0108
  0.0626  -0.4447  -0.2215   0.3091  -0.1292  -0.0025
  0.0591  -0.4582  -0.2225   0.3389  -0.1227  -0.0056
  0.0543  -0.4547  -0.2214   0.3673  -0.1230  -0.0008
 -0.0083  -0.2691  -0.1879   0.2816  -0.1332  -0.2044
  0.0253  -0.3560  -0.1836   0.2707  -0.0612  -0.0282
  0.0251  -0.4895   0.0820   0.4158   0.0483   0.1010
  0.0660  -0.4481   0.1626   0.1989  -0.0756  -0.0121
  0.0440  -0.5318   0.1634   0.2312  -0.1523   0.0104
  0.1099  -0.2110   0.0635  -0.1298   0.0841  -0.0775
  0.1515   0.0779  -0.0806  -0.4772   0.0943  -0.1564
  0.1907  -0.1557   0.0277  -0.3324   0.0654  -0.1357
  0.1876  -0.1827   0.0092  -0.3401   0.0582  -0.1324
  0.2009  -0.2051  -0.0029  -0.3143   0.0592  -0.1141
  0.1844  -0.1781   0.0567  -0.2913   0.0734  -0.1326
  0.1908  -0.2193   0.0354  -0.2765   0.0822  -0.1171
  0.1970  -0.2476   0.0116  -0.2405   0.0832  -0.1145
  0.1841  -0.2780   0.0144  -0.2363   0.0909  -0.1204
  0.1690  -0.1879   0.0091  -0.2597   0.0791  -0.1530
  0.7892  -2.1117   1.0890  -0.9300   0.3444   0.1814
  2.6090  -3.9879  -5.1395  -1.9631   0.2511   0.1260
  0.7805  -1.6317  -0.5728   0.4711   0.2614   0.1156
  0.7938  -1.6860  -0.6696   0.5330   0.2668   0.1867
  0.7623  -1.7418  -0.5740   1.0918   0.1764   0.1446
  0.7682  -1.6561  -0.5478   1.6561   0.2268   0.2536
  0.7904  -1.7676  -0.5058   1.7558   0.2396   0.2668
  0.7780  -1.7715  -0.5163   1.7761   0.2316   0.2795
  0.7746  -1.7610  -0.5017   1.8318   0.2357   0.2739
  0.7919  -1.7745  -0.4535   1.7979   0.2491   0.2610
  0.7898  -1.8429  -0.4453   1.8395   0.2482   0.2898
  0.7558  -1.8452  -0.4335   1.8750   0.2678   0.2897
  0.7719  -1.8432  -0.4523   1.8886   0.2889   0.2850
  0.7482  -1.8505  -0.4518   1.8927   0.2603   0.2863
  0.7204  -1.8872  -0.4385   1.9143   0.2504   0.3047
  0.7005  -1.9106  -0.4737   2.0014   0.2463   0.3034
  0.7079  -1.9249  -0.4477   2.0445   0.2429   0.3207
  0.7328  -1.6932  -0.5281   1.1437   0.1900   0.2365
  0.7175  -1.7670  -0.5391   1.6950   0.1858   0.2471
  0.6832  -1.4668  -0.5517   1.2480   0.2615   0.1771
  0.7306  -1.3892  -0.5531   0.1345   0.2813   0.0706
  0.7102  -1.4320  -0.5275  -0.4074   0.2693   0.0331
  0.7278  -1.4965  -0.4882  -0.4251   0.2496   0.0560
  0.6892  -1.7543  -0.4409  -0.4207   0.1842   0.1978
  0.2791   2.6187   2.2197   0.0313   1.0377  -4.2546
  0.5865  -4.1771  -0.1302  -0.2819   0.5340   0.7122
  0.6003  -4.4639  -0.2229  -0.0834   0.4983   0.6924
  0.6351  -4.3357  -0.2400   0.1248   0.4711   0.7257
  0.6498  -4.5367  -0.2762   0.1755   0.4690   0.7404
  0.6435  -4.5487  -0.2903   0.1807   0.4680   0.7361
  0.6280  -4.6002  -0.2888   0.1198   0.4848   0.7332
  0.6307  -4.5934  -0.2725   0.1030   0.4655   0.7462
  0.6608  -4.5569  -0.2658   0.3972   0.4538   0.7562
