 -0.2103   0.7634  -0.2187  -0.2482  -0.1119   0.0343
 -0.1712   0.6794  -0.2390  -0.2386  -0.0686   0.0097
 -0.1287   0.8036  -0.3501  -0.2419  -0.1409  -0.0233
 -0.2111   0.7576  -0.3757  -0.2611  -0.1665   0.0272
 -0.2123   0.5241  -0.3208  -0.2305  -0.1520   0.0214
 -0.2432   0.4837  -0.3708  -0.3100  -0.1553   0.0960
 -0.1591   0.4145  -0.2239  -0.2177  -0.0510   0.0785
 -0.1648   0.3825  -0.2497  -0.2659  -0.0722   0.1481
 -0.2214   0.2270  -0.2946  -0.2046  -0.1606   0.2589
 -0.2580  -0.7655  -0.0691   0.0785   0.0210   0.5034
 -0.2270   0.0967   0.0959   0.0350  -0.0590   0.2992
 -0.0997  -0.0672   0.3790  -0.1268   0.1255   0.2554
 -0.0360   0.1136   0.0095  -0.1084  -0.0098   0.1412
  0.0968  -0.1511   0.1311   0.0128  -0.0368   0.1726
  0.0421  -0.2865   0.1137  -0.0021   0.0116   0.2497
 -0.0025  -0.2159   0.0552  -0.0503  -0.0432   0.2930
 -0.1267  -0.2921  -0.0690  -0.0414  -0.1326   0.3023
 -0.1299  -0.2766  -0.0557  -0.0360  -0.1278   0.2905
 -0.1170  -0.2962  -0.0794  -0.0396  -0.1239   0.2628
 -0.1282  -0.0741  -0.1175  -0.0969  -0.1750   0.2829
 -0.1090   0.0805  -0.1749  -0.0377  -0.1218   0.1661
 -0.2190   0.0286  -0.1299  -0.0823  -0.2423   0.2046
 -0.1724   0.0387  -0.1493  -0.0911  -0.2368   0.2109
 -0.4362  -0.4276  -0.4794  -0.1690  -0.5381   0.5281
 -0.3327  -0.2933  -0.3504  -0.1729  -0.3677   0.3023
 -0.3012   0.5666  -0.0215  -0.1922  -0.1845  -0.0556
 -0.2851   1.3362   0.3769  -0.3128  -0.0762  -0.1870
 -0.4569   1.2476   0.3666  -0.2393  -0.1115  -0.1550
 -0.6140   2.2548   0.6028  -0.3984  -0.1307  -0.4768
 -0.3910   1.9282   0.4527  -0.3232  -0.0718  -0.4081
 -0.5599   2.7040   0.4372  -0.3603  -0.1319  -0.6907
 -0.2307   1.5538  -0.1045  -0.1028   0.0338  -0.3668
 -0.2450   1.3487   0.1113  -0.0627  -0.0191  -0.3303
 -0.1973   0.8743   0.0197   0.0683  -0.0430  -0.1528
  0.1260   0.6382   0.0258   0.1701   0.1395  -0.2045
  0.1919   0.6599   0.0683   0.2412   0.1841  -0.2528
  0.0846   0.7321   0.0392   0.2649   0.1317  -0.2582
  0.1086   0.6591   0.0615   0.2744   0.1522  -0.2140
  0.2085   0.5150   0.1040   0.3076   0.2421  -0.1589
  0.2247   0.2222   0.0647   0.3493   0.2035  -0.1139
  0.2506   0.2444   0.0986   0.3892   0.2384  -0.1559
  0.2580   0.1398   0.0914   0.4300   0.2391  -0.0808
  0.2166   0.0701   0.0719   0.4157   0.1829  -0.1010
  0.1500   0.3518   0.0888   0.2545   0.1792  -0.1003
  0.1858   0.1415   0.1776   0.4369   0.2704  -0.1108
  0.1958   0.0253   0.2360   0.4037   0.3111  -0.0803
  0.1831   0.4003   0.3466   0.2760   0.3073  -0.1158
  0.1140   0.3004   0.2694   0.3456   0.2141  -0.1112
  0.0874   0.9791   0.4500   0.2650   0.2105  -0.3283
  0.1091   0.9115   0.4670   0.4642   0.2858  -0.3254
 -0.0057   0.7253   0.2871   0.4961   0.1458  -0.3386
  0.1952   0.7452   0.3577   0.3925   0.2594  -0.3877
  0.2261   0.2674   0.2162   0.2097   0.2370   0.0441
  0.0402  -0.1789  -0.2073   0.0609  -0.0894   0.2178
 -0.0366  -0.5732  -0.2016   0.1478  -0.1754   0.2874
 -0.2585  -2.0439  -0.5343   0.5974  -0.0266   0.9196
  0.2210   1.0739   0.6943  -0.0466   0.2938  -0.5982
  0.1066   0.3489  -0.0631  -0.2131  -0.0384   0.1480
  0.0158   0.2637  -0.0373  -0.2295  -0.0742   0.0977
 -0.0817   0.1590  -0.0503  -0.0986  -0.1304   0.0929
 -0.0541   0.2056  -0.0334  -0.1543  -0.1687   0.1342
  0.0332   0.2205   0.0751   0.0454   0.0197   0.0461
 -0.1259   0.0283  -0.5072  -0.3052  -0.4288   0.3019
 -0.3915  -0.1548  -0.6816  -0.1202  -0.5408   0.3107
 -0.2732   0.3630  -0.4320  -0.0376  -0.3485   0.0055
 -0.1487   0.2668  -0.3499  -0.0932  -0.3209   0.1155
 -0.2292   0.2730  -0.5886   0.0337  -0.4493   0.1003
 -0.3908   0.5778  -0.7076   0.0692  -0.5173  -0.0399
 -0.3306   0.6941  -0.5510   0.0508  -0.4536  -0.1383
 -0.3313   0.5831  -0.5509   0.1550  -0.4450  -0.1781
 -0.2516   0.5829  -0.5175   0.0879  -0.4123  -0.0932
 -0.2270   0.3414  -0.4230  -0.2687  -0.3643   0.1159
 -0.2473  -0.5156  -0.6345  -0.0317  -0.4720   0.4248
 -0.1962   0.4884   0.0306   0.1130  -0.1672  -0.3124
 -0.1262   1.0787   0.1585   0.0754  -0.1287  -0.2946
 -0.1104   0.9885   0.0923   0.1151  -0.1322  -0.2592
 -0.1473   0.9273   0.0024   0.0206  -0.1459  -0.1812
 -0.1423   0.7049  -0.0875   0.3077  -0.1557  -0.2894
 -0.2526   0.8558  -0.2119   0.4990  -0.2597  -0.4609
 -0.3428   1.1151  -0.3681   0.9523  -0.3968  -0.7386
 -0.2355   0.6769  -0.1994   0.6726  -0.2899  -0.4709
 -0.1207   0.6236  -0.2787   0.6515  -0.3052  -0.5933
 -0.3157   1.3727  -0.2114   0.5622  -0.3634  -0.7432
 -0.4654   1.8930  -0.3508   0.2180  -0.5065  -1.0188
  0.0252   1.2336   0.2341   0.9578  -0.0461  -3.5554
  0.2416  -2.9289   0.2107   0.3722   0.1817   0.7328
 -0.2336  -5.8985   0.2687   1.4104   0.5017   1.9165
  0.6147   0.8825   2.2284  -0.4682   1.1732  -0.6815
  0.1653   0.4653   0.5762  -1.1373   0.3325   0.6663
 -0.4586  -1.2120  -0.4217  -1.3068  -0.2422   1.2962
 -0.3073   0.3053  -0.2994  -1.1711  -0.1982   0.4015
 -0.2481   0.6592   0.0600  -0.8835  -0.0620   0.0819
 -0.0386   0.0850  -0.0322  -0.7832  -0.1206   0.1393
  0.1297  -0.5097  -0.1231  -0.7182  -0.3578  -1.1766
  1.2719  -2.3320   1.3010  -0.1525   0.9918   0.3765
  0.6769  -1.8610   0.9967  -0.5193   0.7181   0.5413
  0.4774  -2.4874   0.6820  -0.3584   0.2076   0.8029
  0.8418  -2.0203   0.9216  -0.4436   0.5053   0.6027
  0.7136  -1.0162   1.1913  -0.3961   0.7002   0.2738
  0.6915  -1.5426   0.7844  -0.3885   0.5673   0.4735
  0.4541  -1.8801   0.2085  -0.2895   0.2046   0.4138
  0.3939  -2.2798   0.0809  -0.2292   0.0641   0.6466
  0.5409  -3.0553   0.7750   0.1520   0.5098   0.6864
  0.5934  -2.3673   0.6644   0.0300   0.4976   0.5296
  0.0970  -1.2928   0.1598  -0.2099   0.1301   0.2237
  0.0515  -2.3069   0.0202  -0.0741   0.0372   0.5387
  0.4708  -3.0144   1.0370   0.6270   0.7091   0.6853
  0.9953  -4.3437   1.7809   1.5037   1.4512   0.9205
  1.1181  -3.1832   1.4435   0.5026   1.0192   0.8110
  0.9371  -2.7214   1.0952   0.1894   0.8828   0.3599
  0.9097  -2.7280   0.5400   0.0805   0.6458   0.6481
  1.2177  -1.4463   0.5607   1.3530   0.5998  -0.9151
  0.8670  -3.2512   0.0488   0.1552   0.3459   0.9253
  0.7351  -3.4998  -0.3129  -0.0290   0.1303   0.9645
  0.4620  -3.4046  -0.7175   0.0489  -0.2322   0.7453
 -0.1513  -1.8996  -0.9315  -0.4652  -0.3836   0.7171
  0.1939  -1.9799  -0.8941   0.1819  -0.1746   0.1577
  0.7260  -1.9085  -0.5611   0.5755   0.1943  -0.0596
  0.1568  -0.9364  -0.4808   0.5379  -0.0069  -0.3176
  0.2197  -1.2878  -0.5709   0.4387   0.0305  -0.0750
