  0.0551   0.2120   0.1680   0.0342  -0.1199   0.0772
  0.0531   0.1859   0.1716   0.0209  -0.0843   0.0790
  0.0525   0.1968   0.1737   0.0194  -0.1140   0.0774
  0.0610   0.1886   0.1821   0.0438  -0.1020   0.0748
  0.0496   0.1978   0.1648   0.0053  -0.1262   0.0725
  0.0517   0.2122   0.1803   0.0139  -0.0905   0.0727
  0.0771   0.2566   0.1645  -0.1424  -0.1349   0.0637
  0.0462   0.2121   0.1660  -0.0598  -0.0967   0.0873
  0.0204   0.1994   0.1353  -0.0575  -0.0942   0.0697
  0.0100   0.1963   0.1598  -0.0650  -0.0701   0.0783
  0.0034   0.1946   0.1574  -0.0642  -0.0842   0.0775
  0.0189   0.2080   0.1514  -0.0319  -0.0862   0.0753
  0.0114   0.1916   0.1410  -0.0505  -0.0947   0.0672
  0.0070   0.1805   0.1621  -0.0533  -0.0831   0.0742
  0.0085   0.2000   0.1491  -0.0233  -0.0885   0.0658
 -0.0066   0.1807   0.1588  -0.0391  -0.0595   0.0678
 -0.0042   0.2012   0.1546  -0.0451  -0.0713   0.0578
  0.0029   0.1871   0.1706  -0.0391  -0.0649   0.0689
  0.0067   0.1801   0.1547  -0.0267  -0.0789   0.0639
  0.0020   0.1849   0.1692  -0.0569  -0.0588   0.0618
 -0.0039   0.1966   0.1717  -0.0439  -0.0539   0.0513
 -0.0018   0.2178   0.1853  -0.0473  -0.0696   0.0527
  0.0077   0.2170   0.1653   0.0040  -0.0581   0.0409
 -0.0039   0.2181   0.1523  -0.0213  -0.0653   0.0375
 -0.0057   0.1942   0.1476  -0.0186  -0.0543   0.0447
 -0.0053   0.1876   0.1261  -0.0293  -0.0756   0.0521
  0.0053   0.1763   0.1403  -0.0331  -0.0634   0.0560
 -0.0042   0.1938   0.1288  -0.0428  -0.0811   0.0536
  0.0022   0.1799   0.1420  -0.0138  -0.0551   0.0524
 -0.0075   0.1846   0.1352  -0.0256  -0.0718   0.0466
  0.0163   0.1927   0.1558  -0.0186  -0.0429   0.0502
 -0.0154   0.2450   0.1519  -0.0610  -0.0621   0.0497
  0.0079   0.1671   0.1523   0.0122  -0.0125   0.0608
 -0.0069   0.2052   0.1520  -0.0330  -0.0483   0.0517
 -0.0075   0.1811   0.1562  -0.0184  -0.0178   0.0613
 -0.0219   0.1983   0.1270  -0.0034  -0.0267   0.0473
 -0.0220   0.1769   0.1385  -0.0062  -0.0169   0.0496
 -0.0340   0.1735   0.0995   0.0144  -0.0085   0.0390
 -0.0395   0.1636   0.1081  -0.0002  -0.0232   0.0446
 -0.0115   0.1528   0.1211   0.0177  -0.0182   0.0452
 -0.0381   0.1611   0.1059  -0.0066  -0.0188   0.0492
 -0.0378   0.1386   0.1455   0.0335   0.0111   0.0480
 -0.0236   0.1571   0.1180   0.0152  -0.0090   0.0426
 -0.0325   0.1435   0.1234  -0.0316  -0.0165   0.0425
 -0.0098   0.1332   0.1197   0.0151   0.0019   0.0349
 -0.0199   0.1518   0.1209  -0.0010  -0.0106   0.0393
 -0.0116   0.1448   0.1321   0.0136   0.0187   0.0443
 -0.0154   0.1415   0.1272  -0.0015  -0.0186   0.0514
 -0.0054   0.1356   0.1342   0.0090   0.0173   0.0481
 -0.0100   0.1477   0.1187   0.0030  -0.0059   0.0348
  0.0027   0.1383   0.1346   0.0294   0.0188   0.0526
 -0.0150   0.1253   0.1372   0.0156  -0.0050   0.0581
 -0.0163   0.1147   0.1538   0.0143   0.0181   0.0461
 -0.0174   0.1312   0.1354   0.0136  -0.0007   0.0408
 -0.0142   0.1262   0.1388   0.0022   0.0075   0.0436
 -0.0130   0.1381   0.1013   0.0200   0.0169   0.0349
 -0.0193   0.1227   0.1429   0.0027   0.0326   0.0347
 -0.0224   0.1280   0.1149   0.0144   0.0379   0.0264
 -0.0125   0.1222   0.1317  -0.0061   0.0144   0.0270
 -0.0130   0.1134   0.1119   0.0016   0.0055   0.0321
 -0.0237   0.1151   0.1171  -0.0142   0.0103   0.0389
 -0.0190   0.1302   0.1027  -0.0212   0.0276   0.0296
 -0.0197   0.1277   0.1285  -0.0132   0.0258   0.0269
 -0.0213   0.1467   0.1272  -0.0343   0.0502   0.0298
 -0.0306   0.1427   0.1187  -0.0192   0.0356   0.0271
 -0.0172   0.1350   0.1176  -0.0157   0.0505   0.0320
 -0.0263   0.1378   0.1248  -0.0006   0.0462   0.0257
 -0.0183   0.1397   0.1208   0.0059   0.0502   0.0259
 -0.0292   0.1428   0.1085  -0.0216   0.0373   0.0237
 -0.0084   0.1230   0.1291   0.0058   0.0543   0.0227
 -0.0205   0.1435   0.1101   0.0097   0.0410   0.0153
 -0.0216   0.1312   0.1211   0.0163   0.0679   0.0272
 -0.0237   0.1433   0.1237   0.0061   0.0458   0.0200
 -0.0282   0.1281   0.1252   0.0064   0.0460   0.0161
 -0.0245   0.1219   0.1161   0.0315   0.0534   0.0079
 -0.0274   0.1218   0.1235   0.0154   0.0604   0.0115
 -0.0215   0.1120   0.0950   0.0146   0.0189   0.0107
 -0.0174   0.1098   0.1291   0.0035   0.0490   0.0288
 -0.0172   0.1087   0.0997  -0.0175   0.0212   0.0261
 -0.0195   0.1037   0.1104  -0.0039   0.0312   0.0245
 -0.0161   0.1109   0.0972   0.0199   0.0332   0.0155
 -0.0242   0.1078   0.1091  -0.0126   0.0192   0.0214
 -0.0111   0.1002   0.1085   0.0174   0.0560   0.0161
 -0.0241   0.1274   0.1230   0.0061   0.0439   0.0078
 -0.0217   0.1001   0.1228   0.0194   0.0546   0.0152
 -0.0218   0.0982   0.1216   0.0188   0.0235   0.0094
 -0.0206   0.0958   0.1236  -0.0051   0.0297   0.0188
 -0.0148   0.1022   0.0962   0.0265   0.0484   0.0089
 -0.0245   0.0998   0.0932   0.0029   0.0273   0.0167
 -0.0241   0.0871   0.1104   0.0123   0.0553   0.0135
 -0.0299   0.0975   0.1196   0.0062   0.0441   0.0137
 -0.0223   0.0947   0.1370   0.0163   0.0765   0.0202
 -0.0224   0.0847   0.0474   0.0251  -0.0277   0.0223
  0.0550   0.0218  -0.1672  -0.1248  -0.4061   0.0447
  0.0315   0.1314  -0.0342  -0.1679  -0.2411   0.0436
  0.0144   0.0549  -0.0588  -0.1831  -0.2189   0.0426
  0.0221   0.0480  -0.0533  -0.0988  -0.1816   0.0282
  0.0611   0.1460  -0.0408  -0.2027  -0.1104   0.0241
  0.0604  -0.0184  -0.0402  -0.0786  -0.1107   0.0342
  0.0115   0.0919  -0.0075  -0.1432  -0.1711   0.0112
  0.0030   0.0545  -0.0123  -0.1382  -0.1865   0.0260
  0.0631   0.0800  -0.0309  -0.1405  -0.0716   0.0160
 -0.0022   0.0054   0.0018  -0.1241  -0.2087   0.0551
 -0.0258  -0.0022  -0.0326  -0.1374  -0.2178   0.0477
 -0.0087   0.0709  -0.0190  -0.1521  -0.1676   0.0347
 -0.0150   0.0654  -0.0755  -0.1234  -0.2011   0.0461
 -0.0043   0.0932  -0.0608  -0.1375  -0.1572   0.0432
 -0.0486   0.0455  -0.0494  -0.0623  -0.1629   0.0366
 -0.0488   0.0153  -0.0425  -0.0686  -0.1586   0.0342
 -0.0477   0.0357  -0.0367  -0.0575  -0.1039   0.0299
 -0.0749   0.0269  -0.0278  -0.0200  -0.0992   0.0248
 -0.0412  -0.0213  -0.0102   0.0662  -0.0794   0.0367
 -0.0263   0.0003  -0.0241   0.0114  -0.0886   0.0304
 -0.0377  -0.0219  -0.0215  -0.0330  -0.1032   0.0467
 -0.0232  -0.0180  -0.0372  -0.0279  -0.0900   0.0440
 -0.0485  -0.0060  -0.0334  -0.0358  -0.1036   0.0454
 -0.0406  -0.0256  -0.0145  -0.0547  -0.0769   0.0423
 -0.0471  -0.0107  -0.0247  -0.0455  -0.0677   0.0243
 -0.0452  -0.0203  -0.0178  -0.0291  -0.0702   0.0320
 -0.0366  -0.0083  -0.0255  -0.0289  -0.0628   0.0310
 -0.0518  -0.0138  -0.0072  -0.0519  -0.0462   0.0372
 -0.0368  -0.0206  -0.0090  -0.0114  -0.0307   0.0259
 -0.0428  -0.0293  -0.0010   0.0008  -0.0346   0.0317
 -0.0248  -0.0377   0.0087   0.0034  -0.0060   0.0265
 -0.0421  -0.0225  -0.0010  -0.0135  -0.0161   0.0191
 -0.0301  -0.0268   0.0082  -0.0098  -0.0048   0.0183
 -0.0346  -0.0176   0.0004   0.0001  -0.0267   0.0088
 -0.0271  -0.0333   0.0189  -0.0357  -0.0212   0.0240
 -0.0184  -0.0302   0.0041   0.0040  -0.0189   0.0183
 -0.0258  -0.0388   0.0135  -0.0198  -0.0143   0.0268
 -0.0101  -0.0443   0.0223  -0.0087  -0.0052   0.0300
 -0.0296  -0.0352   0.0147  -0.0022  -0.0225   0.0181
 -0.0261  -0.0300   0.0168   0.0015  -0.0033   0.0224
 -0.0311  -0.0238   0.0024   0.0024  -0.0229   0.0155
 -0.0335  -0.0315  -0.0015  -0.0124  -0.0340   0.0164
 -0.0203  -0.0428  -0.0130   0.0135  -0.0245   0.0198
 -0.0370  -0.0337  -0.0116  -0.0169  -0.0315   0.0283
 -0.0245  -0.0458  -0.0067   0.0033  -0.0184   0.0190
 -0.0278  -0.0351  -0.0207   0.0020  -0.0364   0.0098
 -0.0293  -0.0492  -0.0152  -0.0151  -0.0524   0.0214
 -0.0276  -0.0483  -0.0289   0.0080  -0.0253   0.0224
 -0.0278  -0.0503  -0.0285  -0.0347  -0.0552   0.0304
 -0.0144  -0.0650  -0.0216  -0.0317  -0.0372   0.0214
 -0.0170  -0.0625  -0.0392   0.0075  -0.0522   0.0138
  0.0072  -0.0746  -0.0262  -0.0527  -0.0441   0.0174
 -0.0018  -0.0505  -0.0178  -0.0337  -0.0298   0.0185
 -0.0186  -0.0586  -0.0211  -0.0244  -0.0414   0.0133
 -0.0196  -0.0598  -0.0201  -0.0209  -0.0185   0.0107
 -0.0193  -0.0530  -0.0109  -0.0266  -0.0374   0.0187
 -0.0115  -0.0719  -0.0090  -0.0050  -0.0213   0.0239
 -0.0093  -0.0649  -0.0192  -0.0027  -0.0341   0.0131
 -0.0151  -0.0556  -0.0054  -0.0194  -0.0310   0.0140
 -0.0140  -0.0626  -0.0111  -0.0049  -0.0054   0.0036
 -0.0240  -0.0590  -0.0089  -0.0192  -0.0269   0.0216
 -0.0190  -0.0573  -0.0078   0.0227  -0.0065   0.0060
  0.0016   0.1907   0.0123  -0.1918  -0.0314  -0.0015
 -0.0477   0.0267  -0.0603  -0.0882  -0.0981   0.0038
 -0.0335  -0.0264  -0.0471  -0.0695  -0.0440   0.0108
 -0.0531  -0.0190  -0.0502  -0.0253  -0.0612  -0.0086
 -0.0599  -0.0176  -0.0410  -0.0161  -0.0405  -0.0167
 -0.0618  -0.0269  -0.0476  -0.0002  -0.0316  -0.0217
 -0.0689  -0.0504  -0.0383  -0.0070  -0.0496   0.0037
 -0.0586  -0.0710  -0.0414  -0.0110  -0.0343  -0.0020
 -0.0771  -0.0484  -0.0746   0.0461  -0.0746  -0.0269
 -0.0711  -0.0648  -0.0324  -0.0417  -0.0280   0.0230
 -0.0599  -0.0867  -0.0279  -0.0123  -0.0207   0.0126
 -0.0380  -0.0873  -0.0328   0.0357  -0.0247   0.0150
 -0.0593  -0.0751  -0.0447  -0.0069  -0.0259   0.0120
 -0.0417  -0.0871  -0.0387  -0.0461   0.0034   0.0167
 -0.0564  -0.0857  -0.0522  -0.0190  -0.0103   0.0184
 -0.0390  -0.0940  -0.0334  -0.0207   0.0055   0.0214
 -0.0354  -0.0861  -0.0368  -0.0288  -0.0026   0.0065
 -0.0425  -0.0921  -0.0306  -0.0390   0.0080   0.0108
 -0.0494  -0.1016  -0.0395   0.0077   0.0052   0.0090
 -0.0520  -0.0955  -0.0276   0.0086  -0.0056   0.0086
 -0.0411  -0.1025  -0.0249   0.0319   0.0209   0.0140
 -0.0558  -0.0916  -0.0434   0.0167   0.0031   0.0050
 -0.0421  -0.1129  -0.0315   0.0029  -0.0052   0.0073
 -0.0406  -0.1085  -0.0488   0.0190  -0.0135   0.0093
 -0.0553  -0.1043  -0.0528  -0.0284  -0.0448   0.0168
 -0.0462  -0.1214  -0.0789   0.0095  -0.0024   0.0111
 -0.0413  -0.1141  -0.0679   0.0182  -0.0238   0.0023
 -0.0379  -0.1072  -0.0689   0.0311  -0.0138   0.0109
 -0.0408  -0.1040  -0.0675   0.0411  -0.0238   0.0038
 -0.0420  -0.1109  -0.0608   0.0250  -0.0170  -0.0018
 -0.0363  -0.1052  -0.0726   0.0358  -0.0187  -0.0124
 -0.0419  -0.0974  -0.0655   0.0233  -0.0189  -0.0154
 -0.0341  -0.1107  -0.0597   0.0441  -0.0075  -0.0116
 -0.0367  -0.0924  -0.0660   0.0104  -0.0278  -0.0064
 -0.0345  -0.1151  -0.0580   0.0049   0.0016  -0.0061
 -0.0231  -0.1091  -0.0711   0.0322  -0.0322  -0.0200
 -0.0112  -0.1230  -0.0529   0.0254  -0.0100  -0.0096
 -0.0231  -0.1183  -0.0662   0.0151   0.0065  -0.0124
 -0.0290  -0.1119  -0.0489   0.0020   0.0091  -0.0121
 -0.0122  -0.1198  -0.0571   0.0103   0.0268  -0.0119
 -0.0144  -0.1029  -0.0643  -0.0033   0.0031  -0.0183
 -0.0100  -0.1227  -0.0565   0.0350   0.0029  -0.0138
 -0.0089  -0.1099  -0.0658   0.0359   0.0029  -0.0240
 -0.0134  -0.1052  -0.0650   0.0095   0.0034  -0.0223
 -0.0028  -0.1181  -0.0701   0.0431   0.0095  -0.0179
 -0.0055  -0.1111  -0.0848   0.1013  -0.0185  -0.0278
 -0.0033  -0.1118  -0.0654   0.0427   0.0015  -0.0140
 -0.0127  -0.1000  -0.0649   0.0296  -0.0125  -0.0228
  0.0151   0.1161  -0.1098  -0.1869  -0.0607  -0.0401
  0.0292  -0.0253  -0.1295  -0.0443  -0.0509  -0.0146
  0.0175  -0.0531  -0.1197  -0.0217  -0.0754  -0.0252
 -0.0031  -0.0454  -0.1027  -0.0351  -0.0170  -0.0271
  0.0076  -0.0627  -0.1257  -0.0049  -0.0370  -0.0319
  0.0120  -0.0721  -0.1178  -0.0164  -0.0352  -0.0205
  0.0134  -0.0604  -0.1109  -0.0042  -0.0086  -0.0279
  0.0055  -0.0595  -0.1091  -0.0308  -0.0094  -0.0282
  0.0144  -0.0641  -0.1033   0.0003  -0.0062  -0.0322
  0.0140  -0.0629  -0.1107  -0.0067  -0.0057  -0.0305
  0.0111  -0.0732  -0.0947  -0.0178   0.0023  -0.0235
  0.0117  -0.0783  -0.1013  -0.0049   0.0051  -0.0203
  0.0090  -0.0749  -0.1108  -0.0251  -0.0028  -0.0151
  0.0151  -0.0880  -0.1290  -0.0017   0.0097  -0.0241
  0.0059  -0.0760  -0.1181  -0.0263  -0.0089  -0.0260
  0.0099  -0.0883  -0.1113  -0.0347   0.0122  -0.0281
  0.0248  -0.0764  -0.1208   0.0417   0.0009  -0.0273
  0.0309  -0.1164  -0.1236   0.0529  -0.0193  -0.0236
  0.0310  -0.0850  -0.1318   0.0026   0.0255  -0.0298
  0.0239  -0.1027  -0.1286   0.0130   0.0124  -0.0261
  0.0214  -0.1090  -0.1296   0.0184   0.0259  -0.0211
  0.0173  -0.0970  -0.1438   0.0223   0.0172  -0.0337
  0.0107  -0.1115  -0.1181   0.0106   0.0330  -0.0247
  0.0069  -0.0958  -0.1335   0.0148   0.0283  -0.0451
  0.0020  -0.0857  -0.1332  -0.0143   0.0211  -0.0429
  0.0025  -0.0926  -0.1299   0.0524   0.0355  -0.0430
  0.0026  -0.0847  -0.1128   0.0112   0.0286  -0.0394
  0.0094  -0.1105  -0.1141   0.0186   0.0466  -0.0349
  0.0120  -0.1083  -0.1199   0.0090   0.0437  -0.0412
  0.0168  -0.1135  -0.1226   0.0042   0.0409  -0.0309
  0.0204  -0.1167  -0.1304   0.0105   0.0495  -0.0356
  0.0118  -0.1124  -0.1298   0.0108   0.0350  -0.0360
  0.0203  -0.1229  -0.1237   0.0370   0.0603  -0.0358
  0.0100  -0.1030  -0.1293   0.0245   0.0429  -0.0427
  0.0127  -0.1102  -0.1210   0.0357   0.0387  -0.0415
  0.0122  -0.1062  -0.1267   0.0530   0.0395  -0.0403
  0.0128  -0.0875  -0.1339   0.0050   0.0397  -0.0393
  0.0046  -0.1060  -0.1403   0.0141   0.0660  -0.0421
  0.0116  -0.1004  -0.1386   0.0054   0.0473  -0.0456
  0.0421  -0.1215  -0.1187   0.0437   0.0758  -0.0422
  0.0477  -0.1139  -0.1209   0.0365   0.0901  -0.0451
  0.0491  -0.1107  -0.1135   0.0206   0.0597  -0.0427
  0.0548  -0.1217  -0.1206   0.0504   0.0724  -0.0470
  0.0463  -0.1089  -0.1259   0.0306   0.0561  -0.0486
  0.0437  -0.1191  -0.1321   0.0365   0.0706  -0.0557
  0.0497  -0.1128  -0.1130   0.0575   0.0674  -0.0660
  0.0410  -0.0999  -0.0906   0.0521   0.0736  -0.0685
  0.0439  -0.0884  -0.0946   0.0458   0.0881  -0.0599
  0.0456  -0.0902  -0.1042   0.0495   0.0748  -0.0589
  0.0426  -0.0822  -0.0818   0.0468   0.1093  -0.0551
  0.0445  -0.0927  -0.0899   0.0545   0.0862  -0.0585
  0.0509  -0.1133  -0.0874   0.0518   0.1169  -0.0573
  0.0453  -0.1020  -0.0866   0.0670   0.1079  -0.0663
  0.0468  -0.1149  -0.0660   0.0564   0.1160  -0.0562
  0.0459  -0.1172  -0.0852   0.0512   0.1121  -0.0569
  0.0410  -0.1093  -0.0704   0.0550   0.1160  -0.0614
  0.0468  -0.1107  -0.0790   0.0501   0.1129  -0.0645
  0.0375  -0.1011  -0.0852   0.0378   0.1025  -0.0558
  0.0526  -0.1110  -0.0876   0.0464   0.1003  -0.0559
  0.0419  -0.1300  -0.0899   0.0691   0.1038  -0.0526
  0.0599  -0.1203  -0.0695   0.0245   0.1195  -0.0586
  0.0524  -0.1100  -0.0762   0.0019   0.1061  -0.0671
  0.0565  -0.1060  -0.0746   0.0455   0.1115  -0.0647
  0.0589  -0.0910  -0.0738   0.0567   0.0980  -0.0760
  0.0546  -0.0922  -0.0788   0.0451   0.0939  -0.0719
  0.0555  -0.0991  -0.0710   0.0769   0.1175  -0.0769
  0.0578  -0.0927  -0.0625   0.0500   0.1125  -0.0765
  0.0523  -0.1042  -0.0647   0.0532   0.1227  -0.0784
  0.0513  -0.0877  -0.0694   0.0480   0.1215  -0.0783
  0.0478  -0.0899  -0.0618   0.0456   0.1258  -0.0773
  0.0502  -0.0879  -0.0597   0.0461   0.1403  -0.0834
  0.0568  -0.1230  -0.0483   0.0813   0.1187  -0.0852
  0.0643  -0.1012  -0.0592   0.0958   0.1303  -0.0760
  0.0584  -0.1039  -0.0425   0.0751   0.1146  -0.0740
  0.0591  -0.0537  -0.0576   0.0146   0.1283  -0.0673
  0.0737  -0.1125  -0.0331   0.0782   0.1175  -0.0694
  0.0653  -0.1087  -0.0250   0.0695   0.1080  -0.0715
  0.0596  -0.1042  -0.0301   0.0792   0.1269  -0.0749
  0.0606  -0.1053  -0.0447   0.0627   0.1079  -0.0684
  0.0639  -0.1140  -0.0341   0.0846   0.1308  -0.0744
  0.0648  -0.1043  -0.0438   0.0974   0.1212  -0.0777
  0.0684  -0.1084  -0.0280   0.0745   0.1372  -0.0839
  0.0676  -0.1100  -0.0393   0.1066   0.1364  -0.0838
  0.0609  -0.1102  -0.0346   0.0687   0.1353  -0.0698
  0.0639  -0.1177  -0.0322   0.0825   0.1538  -0.0730
  0.0636  -0.1153  -0.0277   0.0671   0.1430  -0.0863
  0.0749  -0.1205  -0.0259   0.0895   0.1550  -0.0703
  0.0693  -0.1297  -0.0410   0.0744   0.1430  -0.0747
  0.0717  -0.1162  -0.0339   0.0675   0.1333  -0.0763
  0.0814  -0.1273  -0.0321   0.0988   0.1631  -0.0801
  0.0730  -0.1228  -0.0403   0.0763   0.1313  -0.0793
  0.0808  -0.1323  -0.0285   0.0725   0.1263  -0.0792
  0.0745  -0.1095  -0.0523   0.0768   0.1111  -0.0806
  0.0530  -0.1150  -0.0755   0.0334   0.0612  -0.0716
  0.0583   0.0674  -0.0501   0.0056   0.0900  -0.0940
  0.0794  -0.0340  -0.0306   0.0441   0.0494  -0.0941
  0.0566  -0.0696  -0.0756  -0.0004   0.0301  -0.0739
