  0.1118   0.3650   0.0266   0.1396  -0.0080  -0.1542
  0.1338   0.3303   0.0606   0.1466  -0.0150  -0.1567
  0.1352   0.2965   0.0735   0.1577  -0.0156  -0.1478
  0.1079   0.3141   0.0447   0.1075  -0.0186  -0.1118
  0.1140   0.2697   0.0581   0.1338  -0.0077  -0.0950
  0.0568   0.2668   0.0283   0.1298  -0.0185  -0.0775
  0.0951   0.2917   0.0467   0.1223  -0.0332  -0.0817
  0.1027   0.2980   0.0411   0.1330  -0.0306  -0.0970
  0.0861   0.3095   0.0803   0.1598  -0.0161  -0.0722
  0.0956   0.2849   0.0755   0.1268  -0.0033  -0.0631
  0.1073   0.2661   0.0923   0.1051   0.0207  -0.0592
  0.1125   0.2587   0.1184   0.0976   0.0224  -0.0463
  0.1284   0.2436   0.1370   0.0890   0.0172  -0.0507
  0.1239   0.2406   0.1417   0.0965   0.0145  -0.0552
  0.1111   0.2030   0.1455   0.0634   0.0316  -0.0274
  0.1003   0.2196   0.1400   0.0287   0.0473  -0.0152
  0.0914   0.2168   0.1211  -0.0007   0.0511  -0.0110
  0.0792   0.2646   0.1026   0.0330   0.0498  -0.0092
  0.0354   0.2300   0.0813   0.0673   0.0098  -0.0620
  0.0398   0.2512   0.0448   0.1090  -0.0235  -0.0938
  0.0395   0.2274   0.0207   0.0507   0.0021  -0.0502
  0.1323   0.1907   0.1077   0.0879  -0.0168  -0.0917
  0.0930   0.1851   0.0707   0.0691  -0.0257  -0.0555
  0.0776   0.1692   0.1007   0.0931  -0.0027  -0.0139
  0.1168   0.1301   0.1379   0.0963  -0.0378  -0.0545
  0.0710   0.1879   0.0715   0.1046  -0.0526  -0.0628
  0.0699   0.1456   0.1633   0.1156  -0.0407  -0.0799
  0.0673   0.1846   0.1032   0.1530  -0.0768  -0.1211
  0.0826   0.1583   0.0936   0.1178  -0.0753  -0.0889
  0.0716   0.1538   0.0551   0.0884  -0.0839  -0.0529
  0.0593   0.1542   0.0497   0.1041  -0.0681  -0.0370
  0.0486   0.1659   0.0388   0.0863  -0.0375  -0.0188
  0.0571   0.1398   0.0486   0.0693  -0.0188   0.0074
  0.0485   0.0802   0.0552   0.0529  -0.0323   0.0152
  0.0552   0.0691   0.0717   0.0462  -0.0387   0.0156
  0.0553   0.0745   0.0605   0.0390  -0.0588   0.0163
  0.0699   0.0856   0.0555   0.0363  -0.0720   0.0186
  0.0603   0.0580   0.0714   0.0135  -0.0516   0.0116
  0.0726   0.0389   0.0515  -0.0042  -0.0560   0.0161
  0.0640   0.0299   0.0523  -0.0201  -0.0475   0.0464
  0.0868   0.0557   0.0373  -0.0331  -0.0242   0.0456
  0.0496   0.0662   0.0306  -0.0415  -0.0269   0.0610
  0.0584   0.0425   0.0555  -0.0726  -0.0165   0.0588
  0.0664   0.0445   0.0681  -0.0578  -0.0331   0.0472
  0.0666   0.0325   0.0845  -0.0556  -0.0420   0.0400
  0.0753   0.0328   0.0505  -0.0646  -0.0244   0.0334
  0.0656   0.0351   0.0655  -0.0500  -0.0236   0.0361
  0.0827   0.0005   0.0697  -0.0756  -0.0098   0.0852
  0.0863  -0.0351   0.0785  -0.1150  -0.0409   0.0656
  0.0909  -0.0376   0.1022  -0.0915  -0.0321   0.0678
  0.0760  -0.0076   0.0948  -0.0753  -0.0233   0.0680
  0.0994  -0.0267   0.1180  -0.0956  -0.0176   0.0591
  0.1200  -0.0231   0.1414  -0.0827  -0.0616   0.0241
  0.0944   0.0083   0.1335  -0.0878  -0.0128   0.0633
  0.0852  -0.0048   0.1244  -0.0567  -0.0315   0.0595
  0.0805   0.0070   0.1090  -0.0873  -0.0245   0.0503
  0.0652  -0.0095   0.1112  -0.0894  -0.0290   0.0798
  0.0517   0.0472   0.0757  -0.0444  -0.0266   0.0441
  0.0444   0.0359   0.0979  -0.0996   0.0232   0.0761
  0.0340   0.0085   0.1076  -0.0753   0.0271   0.0695
  0.0514   0.0572   0.1138  -0.0304   0.0014   0.0341
  0.0107   0.1076   0.0542  -0.0801   0.0068   0.1119
  0.0296   0.0836   0.0447  -0.0756   0.0059   0.0991
  0.0223   0.1066   0.0392  -0.0163  -0.0120   0.0880
  0.0266   0.1579   0.0203   0.0116  -0.0146   0.0620
  0.0523   0.1395   0.0487  -0.0034  -0.0412   0.0543
  0.0431   0.1429   0.0468  -0.0022  -0.0484   0.0628
  0.0480   0.1506   0.0468   0.0139  -0.0378   0.0393
  0.0593   0.1182   0.0747   0.0470  -0.0776  -0.0063
  0.0387   0.1354   0.0260   0.0227  -0.0523   0.0139
  0.0487   0.1006   0.0331   0.0264  -0.0789  -0.0161
  0.0296   0.0891   0.0390   0.0138  -0.0604  -0.0086
  0.0361   0.0624   0.0137  -0.0179  -0.0779   0.0284
  0.0564   0.0676   0.0228  -0.0294  -0.0651   0.0315
  0.0578   0.0691   0.0281  -0.0348  -0.0849   0.0124
  0.0496   0.0667   0.0140   0.0021  -0.0685   0.0197
  0.0169   0.0803   0.0239  -0.0285  -0.0655  -0.0104
  0.0047   0.0596   0.0442   0.0021  -0.0723   0.0027
  0.0016   0.0694   0.0356   0.0430  -0.0568   0.0198
  0.0177   0.0638   0.0289   0.0245  -0.0631   0.0063
  0.0103   0.0372   0.0512   0.0231  -0.0502  -0.0108
  0.0043   0.0551   0.0460   0.0506  -0.0661  -0.0432
  0.0025  -0.0023   0.0340   0.0062  -0.0524   0.0039
 -0.0030  -0.0432   0.0501  -0.0237  -0.0244   0.0144
  0.0248  -0.0029   0.0374  -0.0502  -0.0107   0.0112
  0.0259   0.0192   0.0248  -0.0515  -0.0103  -0.0080
  0.0532   0.0498   0.0267  -0.0665   0.0056   0.0275
  0.0850   0.1308   0.0834  -0.1098   0.0266   0.0603
  0.0625   0.0525   0.0553  -0.1416   0.0092   0.0062
  0.0783   0.0052   0.0450  -0.1417   0.0131  -0.0042
  0.0893  -0.0245   0.0867  -0.1326  -0.0090  -0.0057
  0.0440  -0.0324   0.0756  -0.0750   0.0005  -0.0179
  0.0297  -0.0578   0.0664  -0.1801   0.0216   0.0034
  0.0498  -0.0072   0.0466  -0.1665   0.0114  -0.0282
  0.0182   0.0486  -0.0805  -0.2501   0.0152  -0.0001
  0.0239   0.0715  -0.0298  -0.1896   0.0059  -0.0032
  0.0109   0.0556  -0.0172  -0.1850   0.0191   0.0169
 -0.0097   0.0908  -0.0332  -0.2379   0.0433   0.0250
  0.0193   0.0887  -0.0085  -0.2323   0.0605   0.0054
  0.0128   0.0712  -0.0206  -0.2247   0.0584   0.0221
 -0.0241   0.0589   0.0113  -0.1805   0.0841   0.0246
 -0.0245   0.0494   0.0050  -0.2221   0.0748   0.0179
  0.0158   0.0387   0.0313  -0.1253   0.0498  -0.0376
 -0.0068   0.0669   0.0056  -0.2122   0.0703  -0.0069
 -0.0301   0.1308  -0.0383  -0.2175   0.0644  -0.0144
 -0.0444   0.1177  -0.0384  -0.2434   0.0628  -0.0065
 -0.0331   0.1324  -0.0239  -0.2054   0.0523  -0.0115
 -0.0202   0.1344  -0.0090  -0.1662   0.0396  -0.0435
 -0.0417   0.1591  -0.0408  -0.1783   0.0434  -0.0339
 -0.0483   0.1710  -0.0350  -0.2305   0.0378  -0.0354
 -0.0457   0.1924  -0.0554  -0.1000   0.0028  -0.0775
 -0.0723   0.2976  -0.0890  -0.1457   0.0122  -0.0407
 -0.0820   0.2637  -0.0862  -0.1589   0.0333  -0.0391
 -0.0461   0.2879  -0.0869  -0.1914   0.0099  -0.0556
 -0.0281   0.2522  -0.0926  -0.1656   0.0155  -0.0380
 -0.0333   0.3006  -0.0721  -0.1937   0.0599  -0.0105
 -0.0213   0.2688  -0.0547  -0.2129   0.0535  -0.0094
 -0.0027   0.2741  -0.0097  -0.0943   0.0443  -0.0282
  0.0039   0.2746  -0.0128  -0.0971   0.0522  -0.0262
  0.0171   0.2396   0.0244  -0.0828   0.0490  -0.0364
  0.0134   0.2084   0.0496  -0.0809   0.0600  -0.0196
  0.0058   0.2160   0.0463  -0.0498   0.0438  -0.0320
  0.0157   0.2207   0.0671  -0.0470   0.0128  -0.0609
  0.0336   0.2426   0.0572  -0.0453   0.0153  -0.0492
  0.0094   0.2436   0.0449  -0.0752   0.0311  -0.0056
 -0.0078   0.2081   0.0408  -0.0510   0.0219  -0.0176
 -0.0418   0.2112   0.0176  -0.0454   0.0105  -0.0071
 -0.0537   0.1485   0.0100  -0.0735  -0.0051   0.0099
 -0.0424   0.1997   0.0290   0.0012  -0.0199  -0.0772
 -0.0452   0.1938  -0.0054  -0.0854   0.0066  -0.0213
 -0.0123   0.1672   0.0054  -0.0248  -0.0001  -0.0460
 -0.0044   0.2104  -0.0097  -0.0612   0.0070  -0.0159
 -0.0132   0.2078  -0.0242   0.0113  -0.0149  -0.0743
 -0.0386   0.1767  -0.0500  -0.0395  -0.0055  -0.0076
 -0.0392   0.1588  -0.0704  -0.0083  -0.0112  -0.0333
 -0.0560   0.2178  -0.0866  -0.0185  -0.0191  -0.0157
 -0.0597   0.1765  -0.1070   0.0008  -0.0258  -0.0109
 -0.0630   0.1936  -0.1129   0.0296  -0.0554   0.0006
 -0.0509   0.2207  -0.1124  -0.0086  -0.0647  -0.0180
 -0.0824   0.2136  -0.1417   0.0278  -0.0753  -0.0561
 -0.0692   0.2163  -0.1339   0.0169  -0.0626  -0.0283
 -0.0789   0.1923  -0.1204   0.0086  -0.0628  -0.0407
 -0.0752   0.2028  -0.1253   0.0227  -0.0614  -0.0251
 -0.0347   0.1301  -0.1341  -0.0017  -0.0652  -0.0013
 -0.0567   0.1087  -0.1276   0.0059  -0.0650  -0.0061
 -0.0531   0.1493  -0.1498  -0.0152  -0.0589  -0.0078
 -0.0395   0.1403  -0.1351  -0.0277  -0.0781  -0.0391
 -0.0322   0.1542  -0.1237  -0.0266  -0.0553  -0.0004
 -0.0390   0.1259  -0.1396  -0.0388  -0.0719  -0.0136
 -0.0317   0.1263  -0.1378  -0.0362  -0.0537   0.0041
 -0.0358   0.1454  -0.1385  -0.0386  -0.0655   0.0006
 -0.0243   0.1531  -0.1073  -0.0169  -0.0593  -0.0142
 -0.0145   0.1298  -0.0933  -0.0122  -0.0592  -0.0227
 -0.0091   0.1666  -0.1195  -0.0125  -0.0437  -0.0093
 -0.0105   0.1766  -0.1228  -0.0282  -0.0606  -0.0078
 -0.0085   0.2295  -0.1013  -0.0234  -0.0818  -0.0673
 -0.0084   0.2202  -0.1197  -0.0355  -0.0475  -0.0351
 -0.0170   0.2113  -0.1092  -0.0511  -0.0437  -0.0218
 -0.0217   0.1550  -0.1014  -0.0606  -0.0364   0.0078
 -0.0593   0.2090  -0.1241   0.0076  -0.0330  -0.0201
 -0.0622   0.2062  -0.1440  -0.0277  -0.0119  -0.0304
 -0.0454   0.1775  -0.1322  -0.0222  -0.0336  -0.0571
 -0.0369   0.2110  -0.1321   0.0135  -0.0600  -0.0945
 -0.0461   0.2458  -0.1651  -0.0011  -0.0509  -0.0649
 -0.0505   0.2336  -0.1520  -0.0136  -0.0465  -0.0849
 -0.0679   0.2056  -0.1388   0.0350  -0.0515  -0.1032
 -0.0920   0.2519  -0.1866   0.1065  -0.0434  -0.1425
 -0.0958   0.1963  -0.1866   0.0165  -0.0447  -0.0708
 -0.0781   0.1778  -0.1756   0.0269  -0.0578  -0.0836
 -0.0830   0.1969  -0.1702   0.0666  -0.0598  -0.1005
 -0.0791   0.2674  -0.1992   0.0899  -0.0633  -0.1494
 -0.0744   0.2425  -0.1899   0.0549  -0.0515  -0.1586
 -0.0974   0.2633  -0.1959   0.0938  -0.0687  -0.1771
 -0.1272   0.2703  -0.2428   0.1211  -0.0912  -0.1715
 -0.1547   0.2889  -0.2665   0.1342  -0.1024  -0.1609
 -0.1511   0.2946  -0.2740   0.1177  -0.1004  -0.1640
 -0.1473   0.2883  -0.2578   0.1209  -0.0998  -0.1873
 -0.1581   0.2714  -0.2624   0.1430  -0.0865  -0.1835
 -0.1500   0.3014  -0.2928   0.1667  -0.0974  -0.1850
 -0.1459   0.2829  -0.2880   0.1462  -0.0861  -0.1801
 -0.1376   0.3003  -0.2957   0.1760  -0.1038  -0.1970
 -0.1325   0.3201  -0.3007   0.1689  -0.0911  -0.1837
 -0.1368   0.2889  -0.2853   0.1426  -0.0894  -0.1800
 -0.1397   0.3027  -0.3001   0.2786  -0.1235  -0.2570
 -0.1361   0.5578  -0.3280   0.4662  -0.0960  -0.3562
 -0.0996   0.3949  -0.3449   0.2350  -0.0596  -0.2645
 -0.1634   0.3443  -0.4424   0.2695  -0.1231  -0.2602
 -0.1911   0.3427  -0.4300   0.2249  -0.0909  -0.2204
 -0.1541   0.3391  -0.4136   0.2214  -0.1040  -0.2168
 -0.1599   0.3281  -0.3893   0.2673  -0.1049  -0.2136
 -0.1293   0.3106  -0.3516   0.2668  -0.0756  -0.1935
 -0.1284   0.2974  -0.3265   0.2469  -0.0613  -0.2004
 -0.1211   0.2245  -0.2761   0.2103  -0.0499  -0.1609
 -0.1575   0.1698  -0.2544   0.1864  -0.0773  -0.0879
 -0.1215   0.1236  -0.2525   0.0952  -0.0539  -0.0666
 -0.1300   0.0531  -0.2129   0.0489  -0.0302   0.0029
 -0.1322   0.0107  -0.1759   0.0259  -0.0161   0.0270
 -0.1351  -0.0602  -0.1388   0.0280   0.0012   0.0413
 -0.1189  -0.0457  -0.1316  -0.0376   0.0160   0.0282
 -0.0888  -0.0519  -0.1060  -0.0213   0.0202   0.0121
 -0.0665  -0.0582  -0.0426  -0.0044   0.0296   0.0476
 -0.0263  -0.1296  -0.0078  -0.0134   0.0183   0.0451
 -0.0671  -0.1402  -0.0661  -0.0662   0.0397   0.0711
 -0.0539  -0.1648  -0.0431  -0.0573   0.0480   0.0794
 -0.0561  -0.2633  -0.0245  -0.0942   0.0548   0.1313
 -0.1027  -0.2377  -0.0532  -0.1632   0.0573   0.1703
 -0.0543  -0.2326  -0.0089  -0.0708   0.0206   0.1272
 -0.0188  -0.2343  -0.0489  -0.1072   0.0058   0.1406
 -0.0087  -0.2777  -0.0048  -0.1382   0.0335   0.1365
 -0.0118  -0.3095  -0.0022  -0.1549   0.0544   0.1540
 -0.0302  -0.2564   0.0005  -0.1376   0.0602   0.1615
 -0.0329  -0.2481  -0.0001  -0.1007   0.0631   0.1514
 -0.0218  -0.2035  -0.0156  -0.1035   0.0475   0.1135
 -0.0397  -0.1753  -0.0270   0.0226   0.0058   0.0556
 -0.0569  -0.2183   0.0036  -0.0434   0.0655   0.1203
 -0.0025  -0.1898   0.0068  -0.0652   0.0313   0.0777
 -0.0457  -0.1561  -0.0171  -0.1018   0.0310   0.0689
 -0.0425  -0.1209  -0.0209  -0.1292   0.0118   0.0693
 -0.0258  -0.1318   0.0102  -0.0997   0.0131   0.0653
 -0.0064  -0.1013  -0.0085  -0.0813   0.0249   0.0771
  0.0025  -0.1475  -0.0023  -0.1256   0.0411   0.1001
  0.0113  -0.1518   0.0124  -0.1190   0.0306   0.0804
  0.0020  -0.1251  -0.0152  -0.0910   0.0264   0.1008
 -0.0388  -0.2007  -0.0101  -0.0794   0.0036   0.1025
  0.0112  -0.1418  -0.0283  -0.0858   0.0030   0.0571
  0.0013  -0.0816  -0.0489  -0.0442   0.0142   0.0669
  0.0191  -0.1237  -0.0262  -0.0807   0.0161   0.0725
  0.0248  -0.1426  -0.0142  -0.0992   0.0190   0.0797
  0.0180  -0.1679   0.0021  -0.0922   0.0343   0.1140
  0.0125  -0.1803   0.0100  -0.0877   0.0266   0.1193
  0.0162  -0.1460   0.0142  -0.0906   0.0143   0.0750
 -0.0181  -0.1038   0.0074  -0.1586   0.0366   0.0980
 -0.0072  -0.1867   0.0311  -0.1938   0.0374   0.1206
  0.0002  -0.1922   0.0412  -0.1743   0.0248   0.0996
  0.0054  -0.1765   0.0427  -0.1406   0.0009   0.0863
 -0.0091  -0.1865   0.0427  -0.1608   0.0176   0.1184
  0.0074  -0.2187   0.0754  -0.1784   0.0226   0.1251
  0.0099  -0.2230   0.0852  -0.1769   0.0129   0.1114
  0.0047  -0.2499   0.0996  -0.1902   0.0204   0.1376
  0.0078  -0.2617   0.1085  -0.1607   0.0146   0.1330
  0.0085  -0.2624   0.1156  -0.1715   0.0361   0.1458
  0.0168  -0.2401   0.1400  -0.1710   0.0402   0.1281
  0.0361  -0.3242   0.1431  -0.2009   0.0155   0.1608
  0.0332  -0.2906   0.1571  -0.1986   0.0243   0.1398
  0.0235  -0.2462   0.1353  -0.1898   0.0317   0.1398
  0.0287  -0.2781   0.1683  -0.1788   0.0564   0.1397
  0.0233  -0.2518   0.1667  -0.1506   0.0346   0.1281
  0.0256  -0.2852   0.1536  -0.1571   0.0385   0.1265
  0.0089  -0.1703   0.0567  -0.1792   0.0157   0.1515
 -0.0051  -0.3450   0.0830  -0.0455   0.0721   0.0754
 -0.0163  -0.3520   0.0609   0.0341   0.1132   0.0299
 -0.0116  -0.3612   0.0244   0.0240   0.1242   0.0635
  0.0222  -0.3572   0.0599   0.0576   0.0993   0.0106
  0.0151  -0.3118   0.0386   0.0576   0.1049   0.0304
  0.0120  -0.3017   0.0314   0.0486   0.1138   0.0540
  0.0330  -0.3217   0.0535   0.0669   0.0719   0.0068
  0.0476  -0.3019   0.0657   0.0958   0.0815   0.0049
  0.0446  -0.3253   0.0733   0.1078   0.0947  -0.0028
  0.0490  -0.3161   0.0733   0.1619   0.0943  -0.0292
  0.0439  -0.3006   0.0860   0.1227   0.0967  -0.0056
  0.0487  -0.3141   0.0992   0.1487   0.0649  -0.0279
  0.0216  -0.3072   0.0758   0.1473   0.0628  -0.0160
  0.0500  -0.3385   0.1036   0.1333   0.0841  -0.0167
  0.0500  -0.3688   0.1171   0.1300   0.0846   0.0044
  0.0474  -0.3717   0.1319   0.1240   0.1137   0.0273
  0.0588  -0.3850   0.1274   0.1980   0.0895   0.0006
  0.0639  -0.3905   0.1409   0.1849   0.0943   0.0060
  0.0201  -0.3272   0.0938   0.2288   0.0517  -0.0092
  0.0424  -0.3946   0.1130   0.1805   0.0666  -0.0002
  0.0406  -0.4598   0.1354   0.1799   0.0719   0.0289
  0.0414  -0.4510   0.1328   0.1781   0.0863   0.0428
  0.0464  -0.5635   0.2035   0.1512   0.0976   0.0807
  0.0316  -0.5920   0.2143   0.1714   0.0788   0.0584
  0.0055  -0.5554   0.2003   0.1291   0.1016   0.0955
  0.0390  -0.6142   0.2378   0.1662   0.0930   0.0879
  0.0235  -0.6417   0.2345   0.1534   0.1126   0.1141
  0.0180  -0.6295   0.2200   0.1510   0.1051   0.0796
 -0.0152  -0.5454   0.1404   0.1312   0.0987   0.0817
  0.0079  -0.5820   0.1758   0.1250   0.0809   0.0860
  0.0110  -0.5431   0.1764   0.1575   0.0798   0.0677
 -0.0153  -0.5874   0.1655   0.1444   0.0611   0.0691
 -0.0575  -0.5620   0.0686   0.1351   0.0164   0.0419
 -0.0254  -0.4988   0.0803   0.0833   0.0601   0.0758
 -0.0082  -0.5711   0.1103   0.1198   0.0305   0.0742
 -0.0255  -0.5292   0.0943   0.1524   0.0267   0.0669
 -0.0050  -0.5257   0.1046   0.1438   0.0301   0.0417
 -0.0142  -0.5227   0.1015   0.1769   0.0312   0.0414
 -0.0131  -0.5238   0.0915   0.1401   0.0356   0.0425
 -0.0199  -0.5050   0.0893   0.1691   0.0360   0.0331
 -0.0189  -0.4844   0.0800   0.1404   0.0609   0.0511
 -0.0125  -0.5470   0.1003   0.1501   0.0463   0.0520
 -0.0169  -0.5608   0.1071   0.1659   0.0454   0.0622
 -0.0160  -0.5089   0.0929   0.1614   0.0598   0.0562
 -0.0117  -0.5769   0.1024   0.1138   0.0499   0.0604
 -0.0043  -0.5585   0.1153   0.1819   0.0360   0.0169
 -0.0109  -0.4858   0.0859   0.1576   0.0428   0.0264
 -0.0185  -0.5309   0.0837   0.1209   0.0477   0.0297
 -0.0254  -0.5574   0.0753   0.1270   0.0402   0.0041
 -0.0653  -0.5431  -0.0239   0.1462   0.0381   0.0457
  0.0076  -0.5788   0.0496   0.1490   0.0542   0.0207
