 -0.2062  -0.0833  -0.1311  -0.3537  -0.0115  -0.0684
 -0.1902  -0.0581  -0.1201  -0.4273  -0.0133  -0.1203
 -0.1627  -0.0979  -0.1683  -0.0735   0.0059  -0.1413
 -0.1719  -0.1168  -0.1695  -0.1152  -0.0218  -0.0252
 -0.2053  -0.0581  -0.1591  -0.1793  -0.0556  -0.0026
 -0.1706  -0.1062  -0.1553  -0.0584  -0.0146  -0.0923
 -0.1623  -0.1070  -0.1276  -0.1453  -0.0253  -0.0254
 -0.1640  -0.1114  -0.1111  -0.1683  -0.0470  -0.0218
 -0.1570  -0.1243  -0.1370  -0.0604  -0.0353  -0.1162
 -0.1632  -0.1104  -0.1236  -0.1360  -0.0431  -0.0109
 -0.1411  -0.1146  -0.1008  -0.0864  -0.0290  -0.0646
 -0.1386  -0.1200  -0.1230  -0.0937  -0.0220  -0.0802
 -0.1403  -0.1155  -0.1001  -0.1743  -0.0587   0.0122
 -0.0854  -0.1536  -0.0735  -0.1113  -0.0085  -0.1092
 -0.0819  -0.2003  -0.0965  -0.1004  -0.0056  -0.0737
 -0.0903  -0.1316  -0.1009  -0.1441  -0.0149  -0.0191
 -0.0952  -0.1400  -0.1085  -0.0052  -0.0070  -0.1418
 -0.1006  -0.1506  -0.1070  -0.0801  -0.0305  -0.0306
 -0.1163  -0.1194  -0.0961  -0.0943  -0.0447  -0.0178
 -0.1204  -0.1786  -0.1144  -0.0118  -0.0475  -0.1452
 -0.1060  -0.1391  -0.1084  -0.0950  -0.0457   0.0180
 -0.1040  -0.1248  -0.1136   0.0284  -0.0486  -0.0809
 -0.0959  -0.1492  -0.1150  -0.0142  -0.0467  -0.0250
 -0.1023  -0.1045  -0.1123  -0.0430  -0.0545   0.0183
 -0.1024  -0.1367  -0.1263   0.0421  -0.0523  -0.1093
 -0.0987  -0.1071  -0.1136  -0.0367  -0.0534   0.0219
 -0.0993  -0.1222  -0.1100  -0.0062  -0.0629  -0.0361
 -0.1162  -0.1259  -0.1325  -0.0208  -0.0614  -0.0443
 -0.1088  -0.1065  -0.1112  -0.0052  -0.0653   0.0037
 -0.1160  -0.1240  -0.1313  -0.0009  -0.0657  -0.0544
 -0.1109  -0.1156  -0.1210  -0.0459  -0.0735   0.0198
 -0.1222  -0.1087  -0.1311   0.0326  -0.0652  -0.0605
 -0.1133  -0.1344  -0.1303  -0.0128  -0.0691  -0.0239
 -0.1225  -0.0954  -0.1170  -0.0204  -0.0814  -0.0006
 -0.1187  -0.1507  -0.1400   0.0488  -0.0737  -0.0786
 -0.1218  -0.0991  -0.1220  -0.0187  -0.0746   0.0420
 -0.1188  -0.1210  -0.1304   0.0687  -0.0741  -0.0549
 -0.1171  -0.1087  -0.1476   0.0119  -0.0683  -0.0166
 -0.1145  -0.0960  -0.1267   0.0099  -0.0750   0.0223
 -0.1167  -0.1384  -0.1491   0.0534  -0.0734  -0.0978
 -0.1124  -0.0687  -0.1154  -0.0144  -0.0784   0.0568
 -0.1093  -0.1008  -0.1158   0.0657  -0.0790  -0.0391
 -0.1118  -0.0825  -0.1280   0.0435  -0.0782  -0.0165
 -0.1086  -0.0657  -0.1200   0.0107  -0.0865   0.0470
 -0.0978  -0.1089  -0.1208   0.1225  -0.0798  -0.0797
 -0.1072  -0.0796  -0.1131   0.0117  -0.0762   0.0337
 -0.1021  -0.0944  -0.1149   0.0607  -0.0806  -0.0255
 -0.1086  -0.0766  -0.1235   0.0332  -0.0741  -0.0324
 -0.1072  -0.0775  -0.1170   0.0727  -0.0739   0.0071
 -0.1107  -0.0841  -0.1356   0.0424  -0.0744  -0.0225
 -0.1064  -0.0741  -0.1136   0.0696  -0.0775   0.0239
 -0.1020  -0.1069  -0.1319   0.0977  -0.0753  -0.0469
 -0.1014  -0.0693  -0.1114   0.0244  -0.0757   0.0407
 -0.1011  -0.1041  -0.1206   0.1205  -0.0663  -0.0600
 -0.1076  -0.0822  -0.1243   0.0336  -0.0727   0.0406
 -0.1210  -0.0441  -0.1269   0.0696  -0.0804   0.0035
 -0.1348  -0.0965  -0.1411   0.1157  -0.0926  -0.0742
 -0.1425  -0.0514  -0.1267   0.0793  -0.0992   0.0547
 -0.1518  -0.0985  -0.1456   0.1740  -0.0994  -0.0539
 -0.1463  -0.0703  -0.1368   0.0674  -0.0939   0.0515
 -0.1425  -0.0631  -0.1398   0.1584  -0.0926  -0.0110
 -0.1413  -0.0989  -0.1422   0.0969  -0.0870  -0.0035
 -0.1422  -0.0448  -0.1369   0.0986  -0.0852   0.0175
 -0.1408  -0.1040  -0.1516   0.1385  -0.0895  -0.0429
 -0.1284  -0.0789  -0.1325   0.0771  -0.0860   0.0646
 -0.1391  -0.0775  -0.1521   0.1605  -0.0826  -0.0451
 -0.1311  -0.0601  -0.1363   0.0774  -0.0784   0.0532
 -0.1365  -0.0990  -0.1291   0.1349  -0.0816  -0.0471
 -0.1274  -0.0770  -0.1238   0.0520  -0.0756   0.0519
 -0.1286  -0.0713  -0.1298   0.1433  -0.0783  -0.0505
 -0.1317  -0.0521  -0.1270   0.0569  -0.0877   0.0370
 -0.1335  -0.0441  -0.1085   0.0934  -0.0917   0.0339
 -0.1434  -0.0667  -0.1382   0.1404  -0.0870  -0.0519
 -0.1316  -0.0467  -0.1149   0.0597  -0.0935   0.0803
 -0.1323  -0.0872  -0.1185   0.1526  -0.0924  -0.0320
 -0.1305  -0.0850  -0.1224   0.0823  -0.0932   0.0300
 -0.1336  -0.0248  -0.1105   0.0705  -0.0901   0.0447
 -0.1007  -0.1248  -0.1121   0.3876  -0.0429  -0.1836
 -0.0115  -0.3314  -0.2310   0.8817  -0.0589  -0.1904
 -0.0220  -0.0207  -0.1177   0.0165  -0.0334   0.2669
 -0.1685  -0.0021   0.1166  -0.0302  -0.2460   0.1737
 -0.0772  -0.2500   0.0757   0.3023  -0.1809  -0.0039
 -0.1283  -0.1042   0.0505   0.1885  -0.1994   0.0799
 -0.1140  -0.0782   0.0327   0.1496  -0.1943   0.0509
 -0.1113  -0.0632   0.0211   0.2183  -0.1746   0.0139
 -0.1139  -0.0538   0.0218   0.2104  -0.1809   0.0552
 -0.1100  -0.0757   0.0319   0.1860  -0.1810   0.0825
 -0.0977  -0.0883   0.0330   0.1168  -0.1509   0.0575
 -0.0742  -0.0531   0.0388   0.0703  -0.1416   0.0493
 -0.0882  -0.0218   0.0345   0.0522  -0.1507   0.0410
 -0.0762  -0.0467   0.0045   0.2078  -0.1040  -0.0377
 -0.0678  -0.0653  -0.0140   0.1575  -0.0903   0.0248
 -0.0831  -0.0340   0.0009   0.1483  -0.1031   0.0780
 -0.0893  -0.0915  -0.0377   0.2346  -0.0926  -0.0384
 -0.0837  -0.0628  -0.0258   0.1299  -0.1054   0.1025
 -0.1001  -0.0562  -0.0367   0.2150  -0.0954   0.0158
 -0.0835  -0.0838  -0.0410   0.1241  -0.0969   0.0470
 -0.0846  -0.0584  -0.0118   0.1320  -0.1052   0.0698
 -0.0878  -0.0545  -0.0390   0.1365  -0.0864  -0.0210
 -0.0896  -0.0289  -0.0188   0.0907  -0.0952   0.0920
 -0.0907  -0.0394  -0.0406   0.1823  -0.0907  -0.0345
 -0.0779  -0.0234  -0.0244   0.1032  -0.0972   0.0515
 -0.0821  -0.0432  -0.0021   0.1305  -0.1105   0.0845
 -0.0670  -0.0595  -0.0461   0.1501  -0.0840   0.0128
 -0.0805  -0.0237  -0.0277   0.1053  -0.0956   0.1006
 -0.0929  -0.0166  -0.0415   0.1660  -0.0886  -0.0220
 -0.0856  -0.0277  -0.0311   0.1222  -0.0926   0.0934
 -0.0865  -0.0438  -0.0378   0.1684  -0.0875   0.0024
 -0.0806  -0.0397  -0.0506   0.1097  -0.0890   0.0187
 -0.0818   0.0059  -0.0234   0.1147  -0.0902   0.0737
 -0.0732  -0.0507  -0.0390   0.1546  -0.0799  -0.0433
 -0.0706  -0.0360  -0.0203   0.1024  -0.0895   0.0977
 -0.0767  -0.0523  -0.0314   0.1397  -0.0738  -0.0316
 -0.0708  -0.0145  -0.0186   0.0554  -0.0851   0.0643
 -0.0727  -0.0134  -0.0201   0.1172  -0.0814   0.0066
 -0.0753  -0.0145  -0.0329   0.0798  -0.0773   0.0154
 -0.0568  -0.0066  -0.0056   0.0804  -0.0711   0.0902
 -0.0589  -0.0364  -0.0262   0.0851  -0.0561  -0.0313
 -0.0484  -0.0111  -0.0096   0.0541  -0.0549   0.0808
 -0.0419  -0.0513  -0.0266   0.1039  -0.0447  -0.0162
 -0.0348  -0.0064  -0.0076   0.0591  -0.0552   0.0755
 -0.0430  -0.0172   0.0031   0.1224  -0.0548   0.0317
 -0.0378  -0.0017  -0.0253   0.0756  -0.0515   0.0122
 -0.0446   0.0009  -0.0007   0.0768  -0.0541   0.0790
 -0.0409  -0.0330  -0.0105   0.0597  -0.0475  -0.0128
 -0.0342  -0.0173   0.0066   0.0406  -0.0578   0.0788
 -0.0315  -0.0169   0.0015   0.1123  -0.0424  -0.0354
 -0.0253  -0.0099   0.0065   0.0476  -0.0477   0.0818
 -0.0260  -0.0366   0.0040   0.0795  -0.0428  -0.0092
 -0.0262  -0.0127  -0.0013   0.0265  -0.0534   0.0395
 -0.0276  -0.0098   0.0070   0.0789  -0.0518   0.0418
 -0.0336  -0.0166  -0.0016   0.0362  -0.0494   0.0108
 -0.0324   0.0017   0.0181   0.0580  -0.0541   0.0637
 -0.0326  -0.0178  -0.0111   0.0574  -0.0494  -0.0075
 -0.0279  -0.0044   0.0171   0.0307  -0.0594   0.0804
 -0.0263  -0.0659   0.0054   0.0672  -0.0436  -0.0514
 -0.0291  -0.0098   0.0102   0.0121  -0.0627   0.0902
 -0.0334  -0.0078   0.0064   0.0986  -0.0483  -0.0206
 -0.0273  -0.0132   0.0109   0.0217  -0.0586   0.0629
 -0.0306   0.0075   0.0374   0.0976  -0.0442   0.0130
 -0.0535  -0.0756  -0.0975   0.9742  -0.0071  -0.5592
  0.0417  -0.0240  -0.1467   0.3924   0.0802  -0.0132
  0.1165   0.1346   0.0074  -0.1009   0.1044   0.1668
  0.1408   0.1364   0.0300   0.0127   0.1293  -0.0512
  0.1325   0.1415   0.0464  -0.0812   0.1186   0.0173
  0.1398   0.1517   0.0758  -0.0781   0.1129   0.0060
  0.1425   0.1435   0.0520  -0.0887   0.1400  -0.0473
  0.1554   0.1725   0.0826  -0.1133   0.1309   0.0196
  0.1640   0.1926   0.0861  -0.0903   0.1348   0.0139
  0.1655   0.1268   0.1181  -0.0668   0.1371  -0.0009
  0.1648   0.1633   0.1481  -0.1388   0.1141  -0.0062
  0.1638   0.1604   0.1410  -0.1517   0.1030   0.0030
  0.1577   0.1655   0.1121  -0.0346   0.1237  -0.0383
  0.1584   0.1622   0.1289  -0.1179   0.1124   0.0287
  0.1619   0.1656   0.1515  -0.1171   0.1020   0.0244
  0.1688   0.0714   0.0984   0.0353   0.1273  -0.0892
  0.1685   0.1265   0.1239  -0.0938   0.1242   0.0717
  0.1639   0.1409   0.1267   0.0047   0.1259  -0.0211
  0.1645   0.1248   0.1200  -0.0882   0.1286  -0.0036
  0.1695   0.1176   0.1338  -0.0409   0.1380   0.0184
  0.1804   0.1298   0.1213  -0.1404   0.1341  -0.0222
  0.1821   0.1256   0.1460  -0.0980   0.1369   0.0186
  0.1797   0.1347   0.1209  -0.1213   0.1469  -0.0508
  0.1886   0.1803   0.1575  -0.1296   0.1366   0.0553
  0.2025   0.1245   0.1260  -0.1068   0.1607  -0.0861
  0.2080   0.1578   0.1621  -0.1637   0.1436   0.0679
  0.2087   0.1222   0.1440  -0.1587   0.1705  -0.0793
  0.2075   0.1461   0.1728  -0.1930   0.1422   0.0422
  0.2063   0.1692   0.1686  -0.1273   0.1618  -0.0295
  0.2129   0.1433   0.1569  -0.1507   0.1612   0.0122
  0.2150   0.1729   0.1751  -0.1540   0.1555   0.0330
  0.2092   0.1411   0.1545  -0.1395   0.1647  -0.0485
  0.2179   0.1486   0.1648  -0.1536   0.1673   0.0537
  0.2132   0.1134   0.1615  -0.1239   0.1742  -0.0552
  0.2263   0.1323   0.1792  -0.1930   0.1544   0.0462
  0.2194   0.1937   0.1982  -0.1670   0.1534   0.0017
  0.2283   0.1558   0.1668  -0.1615   0.1678  -0.0446
  0.2405   0.1745   0.2008  -0.1988   0.1635   0.0648
  0.2329   0.1280   0.1765  -0.1428   0.1682  -0.0704
  0.2342   0.1506   0.1942  -0.2110   0.1563   0.0501
  0.2243   0.1691   0.1729  -0.1172   0.1662  -0.0221
  0.2371   0.1484   0.1690  -0.1746   0.1684   0.0084
  0.2259   0.1632   0.1900  -0.1399   0.1622   0.0103
  0.2247   0.1412   0.1839  -0.1730   0.1569  -0.0357
  0.2372   0.2044   0.2101  -0.1972   0.1613   0.0754
  0.2294   0.1438   0.1796  -0.1650   0.1705  -0.0741
  0.2393   0.1646   0.1987  -0.1840   0.1627   0.0629
  0.2300   0.1681   0.1784  -0.1096   0.1734  -0.0317
  0.2451   0.1795   0.2023  -0.1976   0.1762   0.0465
  0.2484   0.1667   0.1999  -0.1586   0.1797   0.0087
  0.2405   0.1709   0.1840  -0.1771   0.1728  -0.0064
  0.2466   0.1732   0.1982  -0.1694   0.1741   0.0576
  0.2401   0.1475   0.1807  -0.1246   0.1707  -0.0576
  0.2451   0.1810   0.2034  -0.1716   0.1655   0.0639
  0.2455   0.1720   0.1985  -0.1337   0.1663  -0.0022
  0.2422   0.1699   0.1857  -0.1651   0.1673  -0.0290
  0.2525   0.1777   0.2045  -0.1812   0.1689   0.0673
  0.2406   0.1669   0.1892  -0.1278   0.1706  -0.0555
  0.2526   0.1749   0.1929  -0.1728   0.1712   0.0492
  0.2541   0.1753   0.2070  -0.1675   0.1684   0.0151
  0.2405   0.1584   0.1906  -0.1536   0.1701  -0.0421
  0.2530   0.1565   0.2106  -0.2004   0.1675   0.0623
  0.2442   0.1777   0.1940  -0.1539   0.1727  -0.0050
  0.2539   0.1722   0.2059  -0.2084   0.1778   0.0152
  0.2543   0.1756   0.2068  -0.1572   0.1833   0.0139
  0.2587   0.1625   0.1948  -0.2034   0.1930  -0.0081
  0.2763   0.1708   0.2100  -0.1888   0.1963   0.0430
  0.2587   0.1579   0.1936  -0.1589   0.1967  -0.0382
  0.2755   0.1761   0.2267  -0.2222   0.1893   0.0608
  0.2612   0.1438   0.2064  -0.1344   0.1876  -0.0534
