 -0.2969   0.4779   0.2437  -0.0668  -0.0688  -0.5705
 -0.2915   0.4346   0.2601   0.2130  -0.0731  -0.4772
 -0.2900   0.6465   0.2538   0.2187  -0.0729  -0.5293
 -0.3053   0.6064   0.2334  -0.1395  -0.0958  -0.6335
 -0.3005   1.7368   0.1392   0.0194  -0.1111  -0.7436
 -0.4065   1.7758   0.2074  -0.0101  -0.0534  -0.8433
 -0.4138   1.6035   0.1972   0.0408  -0.0490  -0.7989
 -0.4059   1.7103   0.2024  -0.0561  -0.0461  -0.8500
 -0.3897   1.6154   0.2337   0.0526  -0.0464  -0.8044
 -0.3812   1.3874   0.2436  -0.0127  -0.0712  -0.7305
 -0.3733   1.3489   0.2489   0.0401  -0.0465  -0.7516
 -0.3521   1.0755   0.2356  -0.0322  -0.0252  -0.6986
 -0.3615   1.0429   0.1505  -0.1996  -0.0557  -0.7007
 -0.3909   1.1788   0.1291  -0.1683  -0.0702  -0.7202
 -0.4354   1.2734   0.1080  -0.1448  -0.0835  -0.7312
 -0.4033   1.3625   0.2195  -0.2141  -0.0474  -0.7876
 -0.3962   1.4314   0.2207  -0.2451  -0.0461  -0.8125
 -0.3822   1.2447   0.1654  -0.1042  -0.0300  -0.7309
 -0.3196   1.1568   0.1443  -0.2304  -0.0116  -0.7675
 -0.2913   1.3658   0.1650   0.0614  -0.0229  -0.6945
 -0.2959   1.0735   0.1768   0.2051  -0.0508  -0.5998
 -0.2794   1.0623   0.2339   0.0694  -0.0547  -0.6351
 -0.2767   0.9601   0.1996   0.0136  -0.0545  -0.5502
 -0.2460   0.8579   0.2090   0.0833  -0.0618  -0.5573
 -0.3018   1.0056   0.2752   0.0236  -0.0473  -0.5894
 -0.2687   0.8759   0.2300  -0.0227  -0.0387  -0.5969
 -0.2240   0.7665   0.2350   0.1975  -0.0258  -0.4910
 -0.2057   0.6613   0.2038   0.2004  -0.0141  -0.4854
 -0.1983   0.6629   0.1910   0.0537  -0.0208  -0.4856
 -0.1552   0.5211   0.1445   0.0948  -0.0138  -0.4117
 -0.1902   0.4640   0.1852   0.1517  -0.0056  -0.3766
 -0.1681   0.4726   0.1696   0.0700  -0.0216  -0.4398
 -0.1825   0.7008   0.1576   0.0822  -0.0066  -0.4498
 -0.1653   0.5440   0.1467   0.1661  -0.0117  -0.4106
 -0.1556   0.4730   0.1360   0.0629  -0.0111  -0.4418
 -0.1358   0.5057   0.1339   0.0876  -0.0079  -0.4260
 -0.1110   0.4098   0.1213   0.0769  -0.0004  -0.3861
 -0.1034   0.4371   0.1038   0.0884   0.0091  -0.3875
 -0.1235   0.2970   0.1099   0.0850   0.0025  -0.3576
 -0.0938   0.3375   0.0984   0.1553   0.0078  -0.3474
 -0.1378   0.2896   0.0951   0.1467  -0.0084  -0.3244
 -0.1021   0.2027   0.1191   0.1693  -0.0037  -0.2868
 -0.0560   0.1132   0.1404   0.1506   0.0063  -0.2890
 -0.0634   0.0816   0.1135   0.2906   0.0113  -0.2594
 -0.0713   0.1123   0.1086   0.2371  -0.0025  -0.2812
 -0.0684   0.1043   0.1055   0.2685   0.0129  -0.2629
 -0.0793   0.0382   0.0653   0.2074  -0.0266  -0.2493
 -0.0694   0.0367   0.0778   0.1899  -0.0034  -0.2589
 -0.0464   0.0800   0.0760   0.0185  -0.0027  -0.3122
 -0.0309   0.0684   0.0272   0.2498   0.0222  -0.2328
 -0.0543   0.0587   0.0237   0.1336   0.0158  -0.2595
 -0.0760   0.1141   0.0402   0.1454   0.0025  -0.2836
 -0.0414   0.1673   0.0083   0.1603   0.0236  -0.2395
 -0.0211   0.1774   0.0113   0.0245  -0.0124  -0.2795
 -0.0066   0.1897  -0.0100   0.0316  -0.0033  -0.2551
 -0.0620   0.0567   0.0096  -0.0880  -0.0421  -0.2210
 -0.0371   0.1066   0.0207  -0.0046   0.0108  -0.1723
 -0.0911   0.2382  -0.0002  -0.0646  -0.0340  -0.2456
 -0.0550   0.1493  -0.0033  -0.0490  -0.0123  -0.2681
  0.0421   0.1401  -0.0073  -0.1245  -0.0119  -0.2548
  0.0339   0.1112  -0.0272  -0.0167   0.0070  -0.1785
  0.0307   0.0292  -0.0156  -0.0864   0.0119  -0.2059
  0.0216  -0.0034  -0.0099   0.0117   0.0292  -0.1570
  0.0049  -0.0566  -0.0288   0.0554   0.0178  -0.1361
 -0.0180   0.0345  -0.0342   0.0535   0.0278  -0.1210
  0.0439   0.0668  -0.0371  -0.0527   0.0396  -0.1164
  0.0208  -0.0403  -0.0523   0.0552   0.0371  -0.0814
  0.0431   0.0233  -0.0486  -0.1103   0.0382  -0.1287
  0.0035   0.1819  -0.0526  -0.0764   0.0298  -0.1101
  0.0253   0.1205  -0.0473  -0.0626   0.0194  -0.1073
  0.0260  -0.0580  -0.0741  -0.0355   0.0233  -0.0504
  0.0173  -0.1401  -0.0828   0.0331   0.0428  -0.0091
  0.0188  -0.1059  -0.0819  -0.0680   0.0402  -0.0722
  0.0262  -0.1692  -0.0889   0.0756   0.0387   0.0024
  0.0232  -0.2734  -0.0629   0.0838   0.0463   0.0464
  0.0489  -0.3599  -0.0620  -0.0873   0.0553   0.0069
  0.0470  -0.3705  -0.0819  -0.0102   0.0446   0.0613
  0.0664  -0.5754  -0.0524   0.0361   0.0632   0.1280
  0.1449  -0.7394  -0.0201   0.0411   0.0731   0.1277
  0.1474  -0.7321  -0.0271  -0.0867   0.0758   0.1204
  0.1181  -0.7152  -0.0399   0.0854   0.0815   0.1373
  0.1164  -0.7662  -0.0462  -0.0345   0.0705   0.1297
  0.0068  -0.6110   0.0117  -0.0512   0.0169   0.1477
  0.0737  -0.6489  -0.0313   0.0845   0.0384   0.1869
  0.0749  -0.5770  -0.0168  -0.0442   0.0618   0.1328
  0.0952  -0.5711  -0.0147  -0.0760   0.0699   0.1600
  0.0974  -0.7655   0.0063   0.1313   0.0430   0.2440
  0.0860  -0.7520  -0.0015   0.0767   0.0514   0.2057
  0.0994  -0.8039  -0.0170  -0.0559   0.0789   0.2103
  0.0944  -0.8975  -0.0282   0.0249   0.0834   0.2554
  0.1181  -0.8804  -0.0175  -0.0657   0.0822   0.1911
  0.1368  -0.8877  -0.0064   0.0502   0.0766   0.2208
  0.4295   0.0065  -0.2597  -0.3377   0.0226   0.0247
  0.2931   0.0297  -0.2080  -0.0923   0.0154   0.0788
  0.2512  -0.1442  -0.1536   0.0054   0.0201   0.1421
  0.2356  -0.2459  -0.1163   0.0245   0.0207   0.1550
  0.2076  -0.2105  -0.1356  -0.0216   0.0330   0.1201
  0.1286  -0.1912  -0.2149   0.0922  -0.0088   0.1451
  0.1115  -0.2530  -0.1474  -0.1025  -0.0175   0.0994
  0.0354  -0.1291  -0.1033  -0.0014  -0.0439   0.1253
  0.0098  -0.1098  -0.0740  -0.0093  -0.0290   0.1238
  0.0656  -0.2620  -0.0601  -0.0747  -0.0331   0.1716
  0.0558  -0.2731  -0.0730  -0.0823  -0.0273   0.1871
  0.0643  -0.1652  -0.0540  -0.0554  -0.0095   0.1948
  0.0943  -0.3607  -0.0645   0.1063   0.0114   0.2743
  0.0863  -0.3568  -0.0436   0.0046   0.0215   0.2245
  0.1136  -0.3904  -0.0389  -0.0841   0.0512   0.2498
  0.1160  -0.4887  -0.0725   0.0575   0.0455   0.3367
  0.1202  -0.4220  -0.0890   0.0468   0.0273   0.2993
  0.1247  -0.4168  -0.0768  -0.0069   0.0410   0.2877
 -0.0225  -0.0712  -0.0507  -0.2643   0.0400   0.1769
 -0.0314  -0.0244  -0.0312  -0.2143   0.0223   0.1951
  0.0328  -0.3303  -0.0618  -0.1031   0.0458   0.2990
  0.0889  -0.4256  -0.0821  -0.0269   0.0626   0.3330
  0.0967  -0.3811  -0.0759  -0.0569   0.0302   0.3283
  0.0725  -0.5169  -0.0554  -0.0189   0.0035   0.3729
  0.0931  -0.4252  -0.0333  -0.0081   0.0236   0.3842
  0.0714  -0.4287  -0.0613   0.0419   0.0212   0.4021
  0.0753  -0.4185  -0.0669  -0.0050   0.0350   0.3817
  0.0902  -0.4577  -0.0754  -0.0362   0.0530   0.4017
  0.0919  -0.4650  -0.0782   0.0157   0.0342   0.4406
  0.1284  -0.6106  -0.0660  -0.1766   0.0501   0.3648
  0.0951  -0.4837  -0.0475  -0.0630   0.0244   0.4261
  0.0751  -0.5377  -0.0698  -0.0392   0.0248   0.4540
  0.0698  -0.4770  -0.0702  -0.0240   0.0160   0.4530
  0.0853  -0.3563  -0.0250  -0.1640   0.0370   0.4166
  0.2319  -0.2445  -0.1192   0.0259   0.0597   0.3782
  0.1633  -0.1100  -0.1072  -0.0658   0.0071   0.3892
  0.1575  -0.3303  -0.1010   0.1445  -0.0147   0.4835
  0.1289  -0.3126  -0.0684  -0.0194  -0.0155   0.4239
  0.1038  -0.2326  -0.0933  -0.0645  -0.0078   0.4541
  0.0734  -0.1363  -0.0930  -0.2820  -0.0253   0.3791
  0.1084   0.3070  -0.0864  -0.2961  -0.0444   0.3289
  0.0646   0.1641  -0.0958  -0.2789  -0.0839   0.3529
  0.0944   0.0537  -0.0557  -0.1600  -0.0815   0.3980
  0.0868   0.0267  -0.0938  -0.0599  -0.0774   0.4621
  0.1097   0.0364  -0.0481  -0.1291  -0.0730   0.4316
  0.1072  -0.0751  -0.0907   0.0148  -0.0494   0.4590
  0.1155   0.0021  -0.0902  -0.0541  -0.0582   0.4567
  0.1197  -0.0832  -0.0805   0.0250  -0.0792   0.5249
  0.0863  -0.0983  -0.0874  -0.0380  -0.0813   0.5070
  0.1133  -0.0934  -0.0911  -0.0754  -0.0480   0.5101
  0.1332  -0.1337  -0.1317   0.0225  -0.0310   0.5595
  0.1613  -0.1405  -0.1469  -0.1357  -0.0198   0.5371
  0.1570  -0.2046  -0.1532  -0.0498  -0.0188   0.5838
  0.1405  -0.2809  -0.1699  -0.0072  -0.0109   0.6114
  0.1320  -0.2367  -0.1316  -0.0670  -0.0190   0.6023
  0.1440  -0.3423  -0.1449  -0.0333  -0.0121   0.6725
  0.1495  -0.4163  -0.1800  -0.0704  -0.0246   0.6489
  0.1775  -0.4882  -0.1806   0.0522  -0.0270   0.5864
  0.3618  -3.7882   0.3952   0.1871   0.1222   1.4752
  0.9944  -2.8125  -0.0520  -0.3260   0.1541   1.2101
  0.5284  -2.8108  -0.0890  -0.1456   0.0020   1.2540
  0.3451  -1.7770  -0.1360  -0.0514  -0.0576   0.9675
  0.3308  -1.2167  -0.1765   0.0770  -0.0457   0.9239
  0.3575  -1.2589  -0.1929   0.1180  -0.0452   0.9749
