  0.0556   0.1543   0.0412  -0.2700  -0.0390  -0.3198
  0.0636   0.2783   0.0420  -0.2734  -0.0489  -0.3063
  0.0792   0.3465   0.0320  -0.3072  -0.0455  -0.2761
  0.0631   0.3364   0.0318  -0.2725  -0.0439  -0.3026
  0.0810   0.4106   0.0343  -0.2789  -0.0530  -0.3080
  0.0598   0.4095   0.0186  -0.3029  -0.0549  -0.3044
  0.0293   0.7361   0.0066  -0.3718  -0.0683  -0.3885
 -0.0581   1.7895  -0.1020  -0.6383  -0.1104  -0.5433
 -0.0249   1.9371  -0.1460  -0.7110  -0.0769  -0.5509
 -0.0528   1.7910  -0.1704  -0.6611  -0.0834  -0.5771
 -0.0672   1.8874  -0.2322  -0.6629  -0.1372  -0.5936
 -0.0724   1.8060  -0.2279  -0.6301  -0.1220  -0.5288
 -0.0491   1.5557  -0.2113  -0.5216  -0.1116  -0.5183
 -0.0583   1.6396  -0.2136  -0.5355  -0.1160  -0.5416
 -0.0890   1.7159  -0.2265  -0.6617  -0.1319  -0.5437
 -0.0472   1.6545  -0.2091  -0.5595  -0.0996  -0.5360
 -0.0598   1.6210  -0.2134  -0.5326  -0.1075  -0.5086
 -0.0515   1.6029  -0.2244  -0.5486  -0.1021  -0.5129
 -0.0403   1.7200  -0.2343  -0.5617  -0.1218  -0.4912
 -0.0565   1.5425  -0.2211  -0.4682  -0.1215  -0.4712
  0.0109   1.0846  -0.2570  -0.3586  -0.1316  -0.4288
 -0.0021   0.8670  -0.2256  -0.3637  -0.1265  -0.4077
 -0.0145   0.7177  -0.2064  -0.2877  -0.1555  -0.3680
 -0.0100   0.7339  -0.1866  -0.2633  -0.1435  -0.3803
  0.0191   0.6472  -0.2074  -0.5195  -0.0783  -0.5349
  0.0525   0.6132  -0.1140  -0.5002  -0.1316  -0.4866
  0.0418   0.5552  -0.1318  -0.4433  -0.0836  -0.4481
  0.0184   0.5009  -0.1658  -0.3802  -0.0923  -0.4382
  0.0150   0.4299  -0.1947  -0.3971  -0.1315  -0.4565
  0.0468   0.5021  -0.1247  -0.4540  -0.0546  -0.4773
  0.0366   0.5039  -0.1600  -0.5395  -0.0298  -0.4930
  0.0357   0.3777  -0.1805  -0.4468  -0.0270  -0.4687
  0.0217   0.3181  -0.1709  -0.3959  -0.0239  -0.4506
  0.0200   0.4147  -0.1736  -0.4153  -0.0146  -0.4715
  0.0279   0.4144  -0.1679  -0.3500  -0.0489  -0.4002
  0.0512   0.3230  -0.1713  -0.4221  -0.0112  -0.4384
  0.0085   0.2686  -0.1856  -0.3776  -0.0203  -0.4615
 -0.0050   0.2804  -0.1462  -0.4660  -0.0366  -0.4636
  0.0012   0.0702  -0.1317  -0.3235  -0.0375  -0.3920
 -0.0017   0.0010  -0.1193  -0.2957  -0.0349  -0.3775
 -0.0004   0.0861  -0.0929  -0.3449  -0.0324  -0.4094
 -0.0033   0.1454  -0.0860  -0.4139  -0.0191  -0.4355
 -0.0140   0.1073  -0.0859  -0.3320  -0.0383  -0.3593
 -0.0319  -0.0205  -0.1258  -0.3278  -0.0219  -0.3512
 -0.0435   0.0647  -0.1231  -0.4580  -0.0205  -0.4470
 -0.0446   0.0711  -0.1184  -0.3580  -0.0093  -0.3699
 -0.0335  -0.0031  -0.0955  -0.2834   0.0130  -0.3383
 -0.0383  -0.0380  -0.0917  -0.3275   0.0363  -0.3712
 -0.0234  -0.0059  -0.0958  -0.3844   0.0275  -0.4021
 -0.0403   0.0332  -0.0823  -0.4132   0.0364  -0.4086
 -0.0206   0.0619  -0.0905  -0.4404   0.0422  -0.3966
 -0.0235  -0.0197  -0.1447  -0.3767   0.0354  -0.3535
 -0.0374  -0.1027  -0.1255  -0.2496   0.0243  -0.2917
 -0.0019  -0.0856  -0.0263  -0.2577  -0.0058  -0.2831
 -0.0138  -0.0633  -0.0276  -0.1780  -0.0066  -0.2299
 -0.0409  -0.1651   0.0146  -0.1680  -0.0250  -0.2088
 -0.0193  -0.2405   0.0210  -0.0489  -0.0202  -0.1631
  0.0067  -0.2852   0.0666  -0.1070  -0.0036  -0.1702
  0.0065  -0.1532  -0.0035  -0.3246   0.0292  -0.2846
  0.0132  -0.1067   0.0351  -0.3098   0.0122  -0.2603
  0.0097  -0.1101   0.0171  -0.2613   0.0094  -0.2261
  0.0163  -0.1689   0.0247  -0.1589   0.0119  -0.1963
  0.0277  -0.1980   0.0259  -0.1625   0.0254  -0.2149
  0.0277  -0.0823   0.0386  -0.3234   0.0208  -0.2467
  0.0128  -0.1571   0.0178  -0.1662   0.0119  -0.1607
 -0.0137  -0.1901  -0.0045  -0.2732   0.0493  -0.2198
  0.0492  -0.1729   0.1259  -0.2830  -0.0022  -0.2339
  0.0436  -0.0506   0.0414  -0.4138   0.0888  -0.3069
  0.0318  -0.1325   0.0318  -0.3226   0.1089  -0.2231
  0.0085  -0.2323   0.0423   0.0471   0.0419  -0.0396
  0.0134  -0.2421   0.0253   0.0373   0.0535  -0.0851
 -0.0089  -0.1471   0.0234  -0.0751   0.0564  -0.1584
 -0.0003  -0.1886   0.0301  -0.0235   0.0473  -0.0961
  0.0106  -0.4117   0.0533   0.3926   0.0494   0.0954
  0.0218  -0.2634   0.0944   0.2958   0.0219   0.0780
  0.0004  -0.2100   0.0193   0.2334   0.0527   0.0519
  0.0246  -0.3216   0.0550   0.3131   0.0553   0.0889
  0.0192  -0.2526   0.0324   0.2536   0.0266   0.0434
  0.0213  -0.2027   0.0434   0.1448   0.0592   0.0394
  0.0035  -0.3339   0.0575   0.3499   0.0316   0.1207
  0.0227  -0.2804   0.1204   0.3448   0.0007   0.0809
  0.0134  -0.1905   0.1012   0.2285   0.0102   0.0651
  0.0059  -0.2885   0.0784   0.3177   0.0145   0.1235
  0.0115  -0.3270   0.0983   0.3076   0.0095   0.0879
  0.0116  -0.1930   0.0679   0.2282   0.0140   0.0613
 -0.0006  -0.2475   0.0788   0.2842   0.0161   0.1264
 -0.0055  -0.3217   0.0675   0.2427   0.0195   0.0915
  0.0078  -0.2486   0.0834   0.2082  -0.0081   0.0561
 -0.0049  -0.2503   0.0637   0.2576   0.0004   0.1141
 -0.0101  -0.2994   0.0858   0.3188   0.0156   0.1477
  0.0054  -0.2928   0.0711   0.2858   0.0145   0.1228
  0.0018  -0.1920   0.0896   0.2068   0.0148   0.1226
 -0.0074  -0.3231   0.0764   0.3149   0.0099   0.1651
  0.0069  -0.2621   0.0911   0.2253   0.0265   0.1072
  0.0091  -0.2843   0.0778   0.2693   0.0195   0.1750
  0.0109  -0.3148   0.0618   0.3235   0.0449   0.1730
  0.0055  -0.2327   0.0518   0.2158   0.0392   0.1408
  0.0119  -0.2034   0.0672   0.1890   0.0387   0.1456
  0.0072  -0.2837   0.0421   0.2801   0.0425   0.1637
  0.0008  -0.3374   0.0383   0.6411   0.0476   0.3790
 -0.0045  -0.3395   0.0296   0.3884   0.0508   0.2358
 -0.0111  -0.2718   0.0429   0.3822   0.0277   0.2555
 -0.0106  -0.3572   0.0378   0.4782   0.0262   0.2972
  0.0107  -0.3374   0.0613   0.3578   0.0267   0.2525
  0.0350  -0.1395   0.1848   0.2912  -0.0034   0.2579
  0.0112  -0.2086   0.0982   0.2230   0.0275   0.2271
 -0.0088  -0.3141   0.0752   0.3783   0.0190   0.2910
 -0.0059  -0.3367   0.0647   0.3509   0.0339   0.2464
  0.0170  -0.2268   0.0843   0.2854   0.0250   0.2314
 -0.0178  -0.2910   0.0805   0.3201   0.0238   0.3035
 -0.0112  -0.3756   0.0972   0.4146   0.0149   0.3416
 -0.0214  -0.3242   0.0915   0.2685   0.0229   0.2567
  0.0171  -0.2197   0.1376   0.2875  -0.0006   0.2766
 -0.0211  -0.3540   0.0972   0.4130   0.0133   0.3498
 -0.0116  -0.3731   0.1141   0.4376   0.0014   0.3547
  0.0034  -0.2333   0.1239   0.3192  -0.0004   0.2860
 -0.0185  -0.3432   0.1003   0.4469   0.0135   0.3792
 -0.0219  -0.3539   0.0760   0.4140   0.0256   0.3727
 -0.0153  -0.2462   0.0986   0.3408   0.0024   0.3392
 -0.0300  -0.3252   0.1016   0.3907  -0.0063   0.3964
 -0.0272  -0.3849   0.1045   0.4108  -0.0014   0.3952
 -0.0204  -0.3453   0.0917   0.2687   0.0369   0.3196
 -0.0011  -0.2109  -0.0182   0.0245   0.0197   0.2048
  0.0132  -0.2101   0.0550   0.2215   0.0267   0.3045
  0.0015  -0.2804   0.0812   0.3673   0.0249   0.4020
  0.0849  -0.2171   0.0071   0.1673   0.0562   0.2828
  0.0221  -0.1724   0.1523   0.4039  -0.0179   0.4734
 -0.0186  -0.2413   0.0789   0.1934   0.0208   0.3310
 -0.0339  -0.3208   0.0276   0.2161   0.0406   0.3513
 -0.0288  -0.3619   0.0282   0.2795   0.0302   0.3812
 -0.0254  -0.3105   0.0412   0.1587   0.0363   0.3611
 -0.0136  -0.2932   0.0421   0.1580   0.0445   0.3631
 -0.0349  -0.3152   0.0268   0.2047   0.0569   0.3966
 -0.0255  -0.3733   0.0292   0.2752   0.0573   0.4412
 -0.0137  -0.3289   0.0308   0.2208   0.0603   0.3985
 -0.0174  -0.2877   0.0440   0.1708   0.0460   0.3938
 -0.0310  -0.3544   0.0478   0.2295   0.0368   0.4523
 -0.0302  -0.3928   0.0547   0.2331   0.0405   0.4275
  0.0634  -0.2818   0.0786   0.2249   0.0859   0.4244
  0.0379  -0.2542   0.0917   0.2249   0.0720   0.4805
 -0.0136  -0.3947   0.0532   0.3071   0.0578   0.5174
  0.0047  -0.3789   0.0532   0.2643   0.0500   0.4776
 -0.0060  -0.3063   0.0520   0.2016   0.0430   0.5026
 -0.0183  -0.3934   0.0472   0.3014   0.0475   0.5268
 -0.0124  -0.3697   0.0427   0.2538   0.0647   0.5013
 -0.0119  -0.2824   0.0353   0.1673   0.0591   0.4747
 -0.0072  -0.3743   0.1036   0.3266  -0.0294   0.5759
 -0.0095  -0.4240   0.0679   0.3183   0.0334   0.5707
  0.0012  -0.2922   0.0932   0.1990   0.0415   0.5012
 -0.0164  -0.3493   0.0777   0.2677   0.0309   0.5655
 -0.0057  -0.4542   0.0903   0.3569   0.0527   0.5924
  0.0021  -0.3228   0.0936   0.1948   0.0510   0.5247
 -0.0165  -0.2942   0.0666   0.2079   0.0436   0.5464
 -0.0280  -0.3589   0.0515   0.2639   0.0411   0.5715
 -0.0156  -0.3625   0.0701   0.2419   0.0527   0.5556
 -0.0155  -0.2769   0.0746   0.1960   0.0561   0.5378
