 -0.1131  -0.0905  -0.2531   0.3220  -0.2042  -0.1936
 -0.1331  -0.0912  -0.2254   0.3816  -0.2095  -0.1668
 -0.1199  -0.1307  -0.2431   0.4399  -0.1905  -0.1675
 -0.1543  -0.1721  -0.2811   0.4050  -0.2231  -0.1700
 -0.1274  -0.1726  -0.2458   0.3485  -0.2398  -0.1927
 -0.1558  -0.1917  -0.2522   0.3389  -0.2376  -0.1908
 -0.1521  -0.1804  -0.2525   0.3527  -0.2253  -0.1718
 -0.1490  -0.1268  -0.2452   0.2728  -0.3592  -0.1938
 -0.1851  -0.1377  -0.2305   0.2988  -0.3089  -0.2018
 -0.1930  -0.1659  -0.2143   0.2606  -0.2885  -0.1817
 -0.2145  -0.1708  -0.2124   0.2674  -0.3079  -0.1682
 -0.2355  -0.1972  -0.1717   0.4325  -0.2794  -0.1770
 -0.2033  -0.0808  -0.1909   0.2795  -0.3059  -0.1585
 -0.1783  -0.0520  -0.1789   0.1710  -0.2993  -0.1957
 -0.2063  -0.0687  -0.2173   0.2087  -0.2830  -0.2031
 -0.2111  -0.0632  -0.2587   0.2987  -0.2523  -0.1880
 -0.2515  -0.1473  -0.2185   0.3321  -0.2479  -0.1499
 -0.2481  -0.1387  -0.2246   0.3127  -0.2609  -0.1587
 -0.2359  -0.1162  -0.2283   0.2959  -0.2680  -0.1703
 -0.2154  -0.1185  -0.2055   0.3506  -0.2700  -0.1637
 -0.2438  -0.1041  -0.1938   0.3805  -0.2538  -0.1627
 -0.2863   0.1448  -0.2452  -0.3832  -0.3079  -0.4046
 -0.2501   0.0147  -0.2117  -0.2286  -0.2848  -0.3743
 -0.2101  -0.1313  -0.1932   0.1436  -0.2781  -0.2074
 -0.2168  -0.0949  -0.1862   0.1385  -0.2697  -0.2420
 -0.2121  -0.0809  -0.1832   0.1781  -0.2713  -0.2062
 -0.2129  -0.1031  -0.2075   0.0708  -0.2724  -0.2094
 -0.1900  -0.0953  -0.1875   0.1417  -0.2728  -0.1919
 -0.1924  -0.0841  -0.1872   0.1422  -0.2615  -0.2079
 -0.1937  -0.0699  -0.1865   0.1866  -0.2540  -0.1914
 -0.1715  -0.0133  -0.1801   0.1795  -0.2583  -0.1843
 -0.1687  -0.0065  -0.1563   0.1134  -0.2418  -0.1906
 -0.1221  -0.1320  -0.1408   0.0122  -0.1617  -0.2508
 -0.1089  -0.0625  -0.1317   0.1412  -0.1464  -0.2041
 -0.0943  -0.0352  -0.1562   0.1200  -0.2284  -0.1860
 -0.0856  -0.0160  -0.1145   0.1095  -0.1836  -0.1769
 -0.0811   0.0368  -0.0990   0.0453  -0.1990  -0.1974
 -0.0345   0.0462  -0.0751   0.0522  -0.1625  -0.2111
 -0.0602   0.0559  -0.0966   0.0735  -0.1374  -0.2075
 -0.0427   0.0649  -0.0818   0.1435  -0.1352  -0.1789
 -0.0336   0.0718  -0.0846   0.1867  -0.1360  -0.1522
 -0.0414   0.0781  -0.0911   0.1204  -0.1469  -0.1487
 -0.0646   0.0465  -0.1106   0.1192  -0.1419  -0.1412
 -0.0799   0.0570  -0.1313   0.1011  -0.1296  -0.1463
 -0.0852   0.0361  -0.1331   0.1520  -0.0900  -0.1452
 -0.0931   0.0143  -0.1297   0.1371  -0.0949  -0.1442
 -0.1029   0.0017  -0.1160   0.0849  -0.1000  -0.1908
 -0.1258   0.0462  -0.1298   0.0851  -0.0836  -0.1986
 -0.1397   0.0742  -0.1341   0.1060  -0.0708  -0.1940
 -0.1163   0.0986  -0.1661   0.0916  -0.0748  -0.1816
 -0.1145   0.0761  -0.1532   0.0387  -0.1023  -0.1846
 -0.0900   0.0815  -0.1359   0.0133  -0.0834  -0.0641
 -0.0586   0.0756  -0.1318   0.1895  -0.0895  -0.1238
 -0.1064   0.0994  -0.1378  -0.1696  -0.1364  -0.2667
 -0.1021   0.2265  -0.1413  -0.1328  -0.1484  -0.2324
 -0.1118   0.1449  -0.0970  -0.0023  -0.1613  -0.1570
 -0.0652   0.0235   0.0494   0.2069  -0.1948  -0.0158
  0.0381   0.2160   0.1197   0.4248  -0.1829   0.1788
 -0.0552   0.0810   0.1125   0.6514  -0.1595   0.1415
 -0.1261  -0.0067   0.0190   0.0259  -0.2093  -0.0529
 -0.1216  -0.0672   0.0623   0.0184  -0.1743  -0.0963
 -0.1163  -0.0782   0.0328  -0.0425  -0.1850  -0.0933
 -0.0851  -0.1528  -0.0153   0.1638  -0.2292  -0.0280
 -0.0885  -0.2190  -0.1463   0.0654  -0.1103  -0.0887
 -0.0990  -0.2335  -0.0623  -0.1287  -0.1070  -0.1334
 -0.1355  -0.3185   0.0157  -0.1380  -0.1201  -0.1185
 -0.1478  -0.2720   0.0360  -0.0871  -0.1476  -0.0914
 -0.1534  -0.2810   0.0733  -0.1160  -0.1317  -0.0915
 -0.1571  -0.2668   0.0729  -0.1374  -0.1420  -0.1199
 -0.1392  -0.2746   0.0809  -0.1479  -0.1437  -0.1213
 -0.1408  -0.2861   0.0988  -0.1735  -0.1386  -0.1302
 -0.1288  -0.2911   0.1002  -0.1574  -0.1282  -0.1059
 -0.1542  -0.2941   0.1076  -0.1657  -0.1065  -0.1041
 -0.1185  -0.3205   0.1135  -0.1710  -0.0941  -0.0880
 -0.1138  -0.3245   0.1164  -0.1656  -0.1138  -0.0588
 -0.1088  -0.3121   0.1281  -0.1598  -0.1185  -0.0579
 -0.0639  -0.3254   0.1203  -0.1490  -0.0937  -0.0358
 -0.0642  -0.3215   0.1074  -0.0904  -0.0948  -0.0358
 -0.0651  -0.3120   0.1223  -0.2101  -0.0915  -0.0621
 -0.0505  -0.3320   0.1400  -0.2457  -0.0796  -0.0581
 -0.0618  -0.2968   0.1256  -0.2780  -0.0903  -0.0761
 -0.0623  -0.2608   0.1340  -0.2687  -0.0816  -0.0666
 -0.0457  -0.2609   0.1394  -0.2767  -0.0947  -0.0522
 -0.0644  -0.2712   0.1598  -0.3871  -0.0450  -0.0668
 -0.0570  -0.2873   0.1467  -0.3047  -0.0262  -0.0437
 -0.0610  -0.3296   0.1657  -0.3480  -0.0272  -0.0397
 -0.0753  -0.3336   0.1710  -0.3524  -0.0074  -0.0549
 -0.0946  -0.3325   0.1874  -0.3753  -0.0197  -0.0411
 -0.1127  -0.3277   0.2117  -0.4038  -0.0217  -0.0473
 -0.1135  -0.3286   0.2483  -0.4424  -0.0293  -0.0521
 -0.0982  -0.3316   0.2613  -0.3925  -0.0212  -0.0266
 -0.0911  -0.3294   0.2796  -0.4021  -0.0233  -0.0422
 -0.0810  -0.2895   0.2880  -0.4300  -0.0440  -0.0599
 -0.0092  -0.2044   0.2985  -0.1793   0.0628   0.0867
  0.0834   0.0453   0.1783  -0.0889   0.1496   0.0524
  0.0532   0.0825   0.1612  -0.1549   0.1242  -0.0045
  0.0467   0.0447   0.1615  -0.0505   0.1376   0.0236
  0.0110   0.1826   0.1524  -0.2237   0.1220  -0.0240
  0.0535   0.3144   0.0994  -0.1467   0.1442  -0.0044
  0.0728   0.2060   0.1071  -0.0748   0.1387   0.0540
  0.0971   0.1690   0.1036  -0.0773   0.1295   0.0561
  0.0780   0.2315   0.1250  -0.1698   0.1171   0.0025
  0.0867   0.1910   0.1225  -0.0311   0.1250   0.0741
  0.0745   0.1320   0.1265  -0.0142   0.1488   0.0740
  0.1090   0.1676   0.1107  -0.0664   0.1831   0.0365
  0.0716   0.1733   0.1013  -0.0781   0.1443   0.0642
  0.0741   0.2188   0.1059  -0.1265   0.1432   0.0348
  0.1136   0.1314   0.1183   0.0257   0.1730   0.1299
  0.1184   0.0664   0.1162   0.0434   0.2103   0.1136
  0.0974   0.1674   0.1279  -0.0964   0.1749   0.0537
  0.1640   0.1379   0.1430   0.0258   0.2180   0.1307
  0.1303   0.0739   0.1418  -0.0272   0.2114   0.1272
  0.1582   0.0558   0.1378  -0.0449   0.2365   0.1192
  0.2142   0.1096   0.1734  -0.0592   0.1894   0.1135
  0.1792   0.0471   0.1936  -0.0010   0.2086   0.1555
  0.1821   0.0673   0.1883  -0.0241   0.1884   0.1136
  0.1904   0.1195   0.2040  -0.1288   0.1675   0.0911
  0.2296   0.1170   0.2022   0.0129   0.2116   0.1585
  0.2523   0.3007   0.1625  -0.0972   0.2077   0.1114
  0.2322   0.2350   0.1710  -0.0137   0.2360   0.1685
  0.2061   0.1990   0.1772   0.0168   0.2557   0.1617
  0.2421   0.1392   0.1669  -0.0082   0.2411   0.1587
  0.2317   0.1762   0.2023  -0.1052   0.1715   0.1250
  0.1542   0.2196   0.0522  -0.1986   0.2631   0.1306
  0.1413   0.2245  -0.0225  -0.1383   0.2764   0.1242
  0.1688   0.2726  -0.0525  -0.1543   0.2845   0.1342
  0.1784   0.2376  -0.0359  -0.1214   0.3089   0.1487
  0.2052   0.2517  -0.0251  -0.1146   0.3098   0.1590
  0.2139   0.2431   0.0295  -0.1725   0.2677   0.1528
  0.2377   0.2366   0.0389  -0.1722   0.2934   0.1806
  0.2229   0.2013   0.0348  -0.1266   0.3289   0.1975
  0.2214   0.1448   0.0212  -0.0910   0.3332   0.2176
  0.2162   0.1487   0.0217  -0.0826   0.3267   0.2423
  0.2295   0.1160   0.0184  -0.1386   0.3395   0.2127
  0.2624   0.1013   0.0288  -0.2142   0.4015   0.2040
  0.2576   0.1251   0.0261  -0.2616   0.4040   0.1982
  0.2367   0.0991  -0.1191  -0.1832   0.3983   0.2251
  0.2690   0.1171  -0.0655  -0.1455   0.3630   0.2472
  0.2546   0.1240  -0.0471  -0.1620   0.3462   0.2553
  0.2798   0.1376   0.0009  -0.2138   0.3108   0.3559
  0.2275   0.2147   0.0344  -0.2680   0.2760   0.3133
  0.1809   0.3355   0.0483  -0.3078   0.2513   0.3014
  0.2110   0.2460   0.0432  -0.0812   0.2990   0.3275
  0.2244   0.2684   0.0467  -0.0705   0.3107   0.3321
  0.2259   0.2294   0.0556  -0.0713   0.3238   0.3419
  0.2443   0.1610   0.0673   0.0678   0.3337   0.3972
  0.2545   0.2368   0.0612  -0.0217   0.2956   0.3501
  0.2581   0.2242   0.1003  -0.0485   0.3042   0.3954
  0.2851   0.1252   0.1233   0.1758   0.3096   0.4628
  0.2602   0.1484   0.1340   0.1603   0.2916   0.4765
  0.2550   0.1914   0.1371   0.1610   0.2701   0.4647
  0.2800   0.2091   0.1435   0.2243   0.2755   0.4642
  0.2641   0.1882   0.1304   0.2151   0.2757   0.4813
  0.2902   0.2295   0.1304   0.2122   0.2697   0.4892
  0.3430   0.2491   0.1194   0.2262   0.2886   0.6315
  0.4443   0.2571   0.0688   0.3316   0.2643   0.5920
