 -0.2205   0.0220  -0.0015  -0.0943  -0.2886  -0.0655
 -0.1980  -0.0099  -0.0355  -0.0778  -0.2907  -0.1079
 -0.1868  -0.0680  -0.0088   0.1518  -0.2663  -0.0924
 -0.2390   0.0008  -0.0527  -0.1723  -0.2227   0.0940
 -0.2210  -0.0077  -0.0394  -0.2044  -0.2336   0.1791
 -0.2041   0.0473  -0.0578  -0.2643  -0.1994   0.1773
 -0.2191   0.0387  -0.0264  -0.2471  -0.2016   0.1319
 -0.2271   0.0617  -0.0138  -0.3022  -0.2104   0.1242
 -0.2357  -0.0020   0.0112  -0.3331  -0.1987   0.1761
 -0.1930   0.0553  -0.0130  -0.4204  -0.1776   0.0974
 -0.2351  -0.0589  -0.0117  -0.3194  -0.1779   0.0216
 -0.2253  -0.0587   0.0474  -0.3001  -0.2486   0.0959
 -0.2366  -0.0416   0.0297  -0.3283  -0.2399   0.1281
 -0.2316  -0.0381   0.0391  -0.3308  -0.2463   0.0965
 -0.2376  -0.0339   0.0447  -0.3375  -0.2555   0.0728
 -0.2406  -0.0286   0.0375  -0.3736  -0.2541   0.0654
 -0.2309  -0.0097   0.0347  -0.3673  -0.2223   0.1124
 -0.1568  -0.0236  -0.0131   0.1706  -0.2365  -0.2022
 -0.1694  -0.0281  -0.0318   0.1384  -0.2228  -0.0640
 -0.3046  -0.0544  -0.0064  -0.0232  -0.3266   0.0491
 -0.3489  -0.0563   0.0344  -0.1118  -0.3550   0.0146
 -0.3294  -0.0365   0.0522  -0.1807  -0.3261   0.0172
 -0.3139  -0.0437   0.0499  -0.2168  -0.3068   0.0207
 -0.2901  -0.0112   0.0445  -0.2427  -0.2868   0.0198
 -0.2885  -0.0072   0.0483  -0.2363  -0.2969   0.0130
 -0.2686  -0.0084   0.0526  -0.2508  -0.2913   0.0132
 -0.2680  -0.0340   0.0549  -0.2221  -0.2911   0.0114
 -0.2508  -0.0890   0.0742  -0.2813  -0.2489   0.0452
 -0.2169  -0.0662   0.0329  -0.3874  -0.1969   0.0148
 -0.1493  -0.0104  -0.0465  -0.0060  -0.1699  -0.0633
 -0.1097  -0.0540  -0.0897   0.0208  -0.1192  -0.0768
 -0.1751  -0.0875  -0.0115  -0.2198  -0.1071   0.1086
 -0.1441  -0.1271  -0.0202  -0.1056  -0.1160  -0.0493
 -0.1478  -0.1046  -0.0125  -0.1712  -0.1398   0.0230
 -0.1647  -0.0931  -0.0042  -0.2015  -0.1595   0.0307
 -0.1713  -0.0881   0.0002  -0.2668  -0.1651   0.0076
 -0.1734  -0.0476   0.0084  -0.2762  -0.1725   0.0054
 -0.1757  -0.0498   0.0214  -0.2385  -0.1786   0.0065
 -0.1687  -0.0686   0.0137  -0.2204  -0.1772   0.0138
 -0.1760  -0.0754   0.0236  -0.2153  -0.1794   0.0193
 -0.1837  -0.0693   0.0179  -0.2192  -0.1832   0.0264
 -0.1827  -0.0712   0.0252  -0.1917  -0.1809   0.0204
 -0.1241  -0.1728  -0.0197   0.1675  -0.1346  -0.1466
 -0.1600  -0.1785  -0.0406  -0.0701  -0.0939  -0.0149
 -0.1625  -0.1547  -0.0177  -0.1491  -0.1211   0.0782
 -0.2040  -0.2129   0.0158  -0.0725  -0.1410  -0.0692
 -0.2127  -0.1684   0.0293  -0.1870  -0.1420   0.0374
 -0.2054  -0.1796   0.0315  -0.1655  -0.1350  -0.0272
 -0.1896  -0.1546   0.0438  -0.2361  -0.1318   0.0049
 -0.1264  -0.1097   0.1014  -0.2873  -0.0215  -0.0080
 -0.1071  -0.1187  -0.0363  -0.2711  -0.0066   0.0015
 -0.0799  -0.1656  -0.0093  -0.2407  -0.0160  -0.0005
 -0.0789  -0.0648   0.0027  -0.2634  -0.0329   0.0083
 -0.0390  -0.1093  -0.0719   0.0604  -0.0479  -0.2496
 -0.0900  -0.1672  -0.0508   0.0254  -0.0499  -0.0777
 -0.1003  -0.1367  -0.0174  -0.0419  -0.0481  -0.0048
 -0.0889  -0.1424   0.0006   0.0079  -0.0687  -0.0956
 -0.0968  -0.1208   0.0223  -0.0661  -0.0822  -0.0533
 -0.0903  -0.1195   0.0222  -0.1035  -0.0724  -0.0549
 -0.1006  -0.1155   0.0361  -0.1617  -0.0804  -0.0494
 -0.0977  -0.1093   0.0411  -0.0895  -0.0892  -0.0801
 -0.0713  -0.1668   0.0147   0.0877  -0.0847  -0.1923
 -0.0751  -0.1326   0.0172  -0.0863  -0.0508  -0.0299
 -0.0604  -0.1087   0.0097  -0.0776  -0.0243  -0.0218
 -0.0502  -0.1302   0.0169   0.0917  -0.0711  -0.1364
 -0.0420  -0.1253   0.0086  -0.0517  -0.0379  -0.0753
 -0.0605  -0.1019   0.0242  -0.0822  -0.0438   0.0142
 -0.0398  -0.1597   0.0075   0.0502  -0.0508  -0.1004
 -0.0661  -0.1241   0.0289  -0.0664  -0.0683  -0.0289
 -0.0367  -0.1000   0.0197  -0.0899  -0.0518  -0.0306
 -0.0274  -0.1055   0.0101  -0.0367  -0.0617  -0.0596
 -0.0274  -0.1042   0.0197  -0.0973  -0.0514  -0.0464
  0.0240  -0.0617  -0.0551   0.1446  -0.0681   0.0271
  0.1102  -0.0338  -0.0956   0.3564  -0.0787  -0.0899
 -0.0196  -0.1012  -0.0429   0.1201  -0.0843   0.1239
 -0.0499   0.0282  -0.0411  -0.0293  -0.0860   0.1519
 -0.0379   0.0067  -0.0239  -0.1141  -0.0475   0.0358
 -0.0385   0.0039  -0.0093  -0.1849  -0.0511   0.0410
 -0.0368   0.0105   0.0053  -0.2336  -0.0449   0.0125
 -0.0255   0.0179  -0.0059  -0.2469  -0.0334  -0.0210
 -0.0203   0.0329   0.0053  -0.2381  -0.0403  -0.0272
 -0.0263   0.0311   0.0157  -0.1940  -0.0526  -0.0264
 -0.0264   0.0102   0.0158  -0.1901  -0.0565  -0.0096
 -0.0166   0.0130   0.0099  -0.1932  -0.0475  -0.0013
 -0.0055   0.0132  -0.0044  -0.1989  -0.0369  -0.0125
 -0.0066   0.0148  -0.0083  -0.2123  -0.0325  -0.0078
 -0.0056   0.0140   0.0040  -0.2379  -0.0220   0.0030
  0.0527   0.3356  -0.0273  -0.5249  -0.0146   0.1325
  0.1232   0.4845  -0.1153  -0.7804   0.1559  -0.0130
  0.0802   0.6627  -0.1800  -1.0820   0.2273   0.3437
 -0.0177   0.1948  -0.1301   0.0730   0.0203   0.0085
 -0.0243   0.0203  -0.1045   0.0721   0.0392   0.0177
 -0.0439   0.0584  -0.0462   0.0837   0.0152   0.0801
 -0.0413   0.0574  -0.0275   0.0178   0.0194   0.0640
 -0.0294   0.0631  -0.0361  -0.0005   0.0069   0.0346
 -0.0319   0.0347  -0.0259   0.1220   0.0019   0.0050
 -0.0756  -0.0731  -0.0198   0.2033  -0.0071   0.0181
 -0.0095  -0.0432  -0.0402   0.0657   0.0549   0.0745
  0.0671  -0.0942  -0.0792   0.3398   0.0758  -0.0879
  0.0480  -0.1533  -0.0646   0.2838   0.0429  -0.0590
  0.0138  -0.1092  -0.0059   0.2134   0.0280   0.0715
  0.0423  -0.0995  -0.0290   0.4038   0.0401  -0.0866
  0.0443  -0.0967  -0.0325   0.1924   0.0438   0.0201
  0.0489  -0.0888  -0.0316   0.1209   0.0700   0.0233
  0.0362  -0.0782  -0.0075   0.1026   0.0576  -0.0057
  0.0320  -0.0833   0.0077   0.0901   0.0486   0.0051
  0.0434  -0.0825   0.0126   0.1097   0.0500  -0.0020
  0.0801  -0.0633  -0.0251   0.2013   0.0727  -0.0049
  0.0792  -0.1857   0.0087   0.4659   0.0806  -0.2144
  0.0668  -0.1571   0.0259   0.3318   0.0989   0.0158
  0.0554  -0.1491   0.0122   0.3295   0.0905   0.0638
  0.0679  -0.1952   0.0186   0.3607   0.0754  -0.0690
  0.0448  -0.1507   0.0182   0.2664   0.0734   0.0255
  0.0381  -0.1342   0.0293   0.2459   0.0704  -0.0016
  0.0489  -0.1294   0.0246   0.2520   0.0621  -0.0519
  0.0479  -0.1237   0.0335   0.2086   0.0638  -0.0056
  0.0463  -0.1186   0.0325   0.1872   0.0525  -0.0050
  0.0468  -0.1061   0.0388   0.2562   0.0458  -0.0174
  0.0934  -0.1640   0.0070   0.4447   0.0469  -0.1500
  0.0709  -0.1675   0.0287   0.2648   0.0659  -0.0423
  0.0838  -0.1422   0.0134   0.2620   0.0684   0.0527
  0.1107  -0.1567   0.0315   0.2705   0.0698  -0.0919
  0.0706  -0.1692   0.0690   0.2222   0.0662  -0.0062
  0.0427  -0.1345   0.0555   0.2461   0.0488  -0.0500
  0.0425  -0.1580   0.0816   0.1884   0.0637  -0.0560
  0.0606  -0.1556   0.0767   0.1848   0.0739  -0.0338
  0.0541  -0.1522   0.0635   0.2169   0.0635  -0.0457
  0.0596  -0.1530   0.0843   0.2108   0.0585  -0.0363
  0.1174  -0.1888   0.0281   0.5243   0.1065  -0.1165
  0.1186  -0.1674   0.0081   0.3673   0.1226  -0.0744
  0.0916  -0.1324   0.0372   0.2495   0.1256   0.0357
  0.1025  -0.1798   0.0418   0.2886   0.1120  -0.0837
  0.0884  -0.1526   0.0498   0.2092   0.0995  -0.0225
  0.0833  -0.1387   0.0593   0.2074   0.0988  -0.0180
  0.0913  -0.1402   0.0656   0.1770   0.0970  -0.0081
  0.0854  -0.1374   0.0698   0.1664   0.0870  -0.0282
  0.0836  -0.1181   0.0601   0.2438   0.0780  -0.0510
  0.0867  -0.1959   0.0579   0.3316   0.0796  -0.1397
  0.0759  -0.1454   0.0833   0.0743   0.0982   0.0130
  0.1162   0.0013   0.0438  -0.1577   0.1430   0.0925
  0.0922  -0.0321   0.0601  -0.0308   0.1127  -0.0396
  0.1157  -0.0891   0.0407   0.0593   0.1232  -0.0666
  0.0992  -0.0482   0.0470   0.0002   0.1121   0.0456
  0.1278   0.0235  -0.0005   0.2943   0.0795  -0.0926
  0.1313  -0.0183   0.0198   0.1935   0.1210  -0.0629
  0.1227  -0.0257   0.0330   0.0761   0.1423   0.0022
  0.1160  -0.0608   0.0391   0.1225   0.1217  -0.0756
  0.0888  -0.0550   0.0695   0.0845   0.1159  -0.0244
  0.0839  -0.0471   0.0737   0.0625   0.1183  -0.0090
  0.0830  -0.0417   0.0836   0.0457   0.1138  -0.0117
  0.0833  -0.0365   0.0783   0.0479   0.1100  -0.0336
  0.1184  -0.0112   0.0657   0.0457   0.1035   0.0477
  0.1620   0.0032   0.0261   0.2684   0.0861  -0.2354
  0.1116  -0.1064   0.1040   0.1502   0.0798  -0.0178
  0.1226  -0.0272   0.0313   0.1768   0.1251   0.0679
  0.0910  -0.0965   0.0734   0.1819   0.1101  -0.0697
  0.0869  -0.0691   0.0805   0.1203   0.1162  -0.0054
  0.1421   0.0533   0.0544  -0.0996   0.1264   0.0492
  0.1619   0.2345   0.0019  -0.0856   0.1072  -0.0341
  0.1282   0.1692   0.0186  -0.0412   0.1033   0.0508
  0.1338   0.1438   0.0217  -0.0535   0.1132   0.0106
  0.1330   0.1368   0.0307  -0.0542   0.1158   0.0270
  0.1244   0.1412   0.0340  -0.0609   0.1069   0.0080
  0.1043   0.1476   0.0525  -0.1312   0.1504   0.0852
  0.1458   0.2215  -0.0450  -0.0087   0.1379  -0.0712
  0.1741   0.0917  -0.0666   0.2016   0.1391  -0.1424
  0.1228   0.0883  -0.0278   0.0847   0.1319   0.0768
  0.1432   0.1011  -0.0374   0.1889   0.1177  -0.0267
  0.1955   0.1681  -0.0602   0.0287   0.1450  -0.0059
  0.1977   0.1959  -0.0875   0.0123   0.1478   0.0317
  0.1412   0.1061  -0.0367   0.0457   0.1463   0.0136
  0.1360   0.1252  -0.0125  -0.0035   0.1528   0.0224
  0.1166   0.1492  -0.0073   0.0164   0.1323   0.0351
  0.1448   0.1003  -0.0317   0.1853   0.1710  -0.1362
  0.1047   0.0686   0.0168   0.0430   0.1480   0.0673
  0.1202   0.1631  -0.0097  -0.0042   0.1557   0.0657
  0.1177   0.1498   0.0103  -0.0164   0.1518   0.0175
  0.1103   0.1379   0.0179  -0.0223   0.1393   0.0261
  0.1181   0.1428   0.0140  -0.0398   0.1376   0.0116
  0.1467   0.1797  -0.0143   0.0413   0.1394  -0.0048
  0.1961   0.0889  -0.0254   0.2097   0.1633  -0.1584
  0.1502   0.1249  -0.0200   0.0125   0.1677   0.0271
  0.1480   0.1510  -0.0186   0.0852   0.1500   0.0550
  0.1538   0.1477  -0.0384   0.0915   0.1573  -0.0479
  0.1254   0.1725  -0.0337   0.0247   0.1461   0.0500
  0.1232   0.3015   0.0073  -0.2409   0.1406   0.1179
  0.1539   0.2774   0.0349  -0.2277   0.1913   0.0482
  0.2040   0.2816  -0.0548  -0.0242   0.1716  -0.0187
  0.1837   0.2977  -0.0741  -0.0453   0.1717   0.0063
  0.1740   0.3163  -0.0765  -0.0734   0.1574   0.1402
  0.1544   0.2712  -0.0898   0.0325   0.1058  -0.0136
  0.1298   0.3495  -0.0945  -0.0880   0.1122   0.1118
  0.1413   0.3108  -0.0692  -0.0217   0.1192   0.0852
  0.1430   0.2097  -0.0545   0.1103   0.1187  -0.0070
  0.1263   0.2661  -0.0540  -0.0007   0.1189   0.1133
  0.1348   0.2667  -0.0492   0.0736   0.1180   0.0325
  0.1436   0.2370  -0.0475   0.0453   0.1239  -0.0050
  0.1296   0.2765  -0.0467  -0.0024   0.1233   0.1005
  0.1661   0.2992  -0.0624   0.2108   0.1116  -0.0038
  0.1626   0.2262  -0.1033   0.3539   0.1444  -0.0989
  0.1665   0.2426  -0.0707   0.1935   0.1437   0.1323
  0.1496   0.2639  -0.0621   0.1480   0.1136   0.1138
  0.1390   0.2085  -0.0374   0.1294   0.0998   0.0163
  0.1317   0.2395  -0.0256   0.1047   0.0999   0.0607
  0.1338   0.2207  -0.0221   0.0985   0.1013   0.0537
  0.1356   0.2469  -0.0157   0.0810   0.0977   0.0561
  0.1311   0.2278  -0.0070   0.0871   0.0957   0.0424
  0.1315   0.2356  -0.0214   0.0811   0.0921   0.0418
  0.1410   0.2446  -0.0320   0.1029   0.0994   0.0560
  0.2043   0.2677  -0.1022   0.3909   0.1100  -0.1150
