  0.0331   0.2226   0.0973  -0.4311   0.1864   0.4770
  0.0123   0.3489   0.0690  -0.4753   0.1405   0.5372
  0.0486   0.3293   0.0546  -0.3131   0.1301   0.5097
  0.0406   0.3082   0.0166  -0.2512   0.1287   0.4275
  0.0388   0.3402   0.0140  -0.2675   0.1224   0.4076
  0.0169   0.3294   0.0188  -0.1906   0.1194   0.3578
  0.0285   0.3060  -0.0089  -0.2209   0.1148   0.4012
  0.0272   0.3649   0.0325  -0.2134   0.1278   0.3795
  0.0097   0.3654   0.0324  -0.2308   0.0966   0.4258
  0.0361   0.3283   0.0345  -0.2169   0.1167   0.2910
  0.0130   0.3018   0.0355  -0.2192   0.1170   0.4737
 -0.0189   0.3388   0.0602  -0.2321   0.1278   0.4551
 -0.0024   0.2834   0.0667  -0.2340   0.1428   0.4231
 -0.0482   0.2186   0.1022  -0.1724   0.1248   0.2581
  0.0294   0.2243   0.0515  -0.1997   0.1422   0.2383
  0.0123   0.1733   0.0807  -0.1324   0.0889   0.1723
  0.0057   0.2072   0.0587  -0.1685   0.0877   0.2177
  0.0217   0.2321   0.0588  -0.1668   0.0973   0.2305
  0.0382   0.2213   0.0626  -0.1749   0.0881   0.2510
  0.0250   0.1823   0.0540  -0.1591   0.0794   0.2703
  0.0315   0.1791   0.0602  -0.1416   0.0858   0.1695
  0.0272   0.1874   0.0483  -0.1282   0.0841   0.2023
  0.0346   0.1738   0.0492  -0.1135   0.0906   0.1426
  0.0345   0.1722   0.0510  -0.1017   0.0919   0.1514
  0.0293   0.1856   0.0404  -0.1110   0.0795   0.1834
  0.0035   0.1381   0.0533  -0.1216   0.0787   0.1452
  0.0104   0.0640   0.0260  -0.1274   0.0616   0.1827
  0.0245   0.1012   0.0190  -0.1374   0.0639   0.1453
  0.0224   0.1107   0.0187  -0.0964   0.0621   0.1312
  0.0148   0.1415   0.0152  -0.0987   0.0612   0.1608
  0.0293   0.1038   0.0229  -0.1002   0.0685   0.1340
  0.0388   0.0993   0.0372  -0.0716   0.0741   0.0900
  0.0343   0.1194   0.0227  -0.0720   0.0660   0.1558
  0.0300   0.0987   0.0233  -0.0400   0.0655   0.0572
  0.0104   0.1068   0.0209  -0.0268   0.0603   0.0728
  0.0248   0.1028   0.0219  -0.0607   0.0553   0.1035
  0.0325   0.0942   0.0282  -0.0479   0.0570   0.0532
  0.0286   0.1070   0.0306  -0.0511   0.0557   0.0837
  0.0345   0.1041   0.0381  -0.0620   0.0622   0.1058
  0.0444   0.0914   0.0331  -0.0790   0.0632   0.0866
  0.0456   0.0942   0.0366  -0.0735   0.0626   0.1010
  0.0453   0.0920   0.0370  -0.0387   0.0623   0.0819
  0.0384   0.0861   0.0372  -0.0433   0.0551   0.0857
  0.0451   0.0880   0.0413  -0.0231   0.0567   0.0449
  0.0474   0.0831   0.0508  -0.0159   0.0529   0.0597
  0.0538   0.0827   0.0545  -0.0320   0.0541   0.0961
  0.0630   0.0630   0.0576  -0.0343   0.0586   0.0345
  0.0628   0.0668   0.0540  -0.0213   0.0592   0.0454
  0.0609   0.0703   0.0478  -0.0269   0.0617   0.0787
  0.0638   0.0543   0.0489  -0.0479   0.0679   0.0557
  0.0673   0.0643   0.0504  -0.0447   0.0731   0.0684
  0.0648   0.0713   0.0456  -0.0472   0.0706   0.0866
  0.0553   0.0679   0.0391  -0.0440   0.0654   0.0845
  0.0615   0.0563   0.0451  -0.0426   0.0671   0.0451
  0.0537   0.0358   0.0654   0.1090   0.1066  -0.1105
  0.0402  -0.0518   0.0476   0.1062   0.0954  -0.1967
  0.0538  -0.0534   0.0416   0.0421   0.0916  -0.0989
  0.0694  -0.0273   0.0507   0.0181   0.0752  -0.0705
  0.0857  -0.0269   0.0598   0.0233   0.0753  -0.0545
  0.0784  -0.0346   0.0503   0.0200   0.0726  -0.0749
  0.0221  -0.0597   0.0433   0.0391   0.0562  -0.0150
 -0.0951  -0.2377   0.0858   0.1320  -0.0112   0.5275
 -0.0851  -0.2563   0.0778   0.1202  -0.0031   0.3008
 -0.1053   0.1094   0.0563   0.0662   0.0091   0.0467
 -0.0476  -0.0176  -0.0103   0.0202  -0.0100  -0.0116
 -0.0456   0.0180  -0.0082   0.0414   0.0006  -0.0004
 -0.0485   0.0003   0.0052   0.0672   0.0012  -0.0483
 -0.0592  -0.0089   0.0065   0.0650   0.0047   0.0538
 -0.0511  -0.0317   0.0027   0.0403  -0.0145  -0.0100
 -0.0501  -0.0408  -0.0004   0.0516  -0.0204  -0.0127
 -0.0539  -0.0402  -0.0029   0.0404  -0.0161  -0.0012
 -0.0432  -0.0306   0.0016   0.0205  -0.0187  -0.0304
 -0.0595  -0.0334   0.0143   0.0566  -0.0088  -0.0414
 -0.0352   0.0284   0.0164  -0.0091  -0.0164   0.0538
 -0.0123  -0.0267   0.0194   0.0163  -0.0034  -0.0167
 -0.0319  -0.0274   0.0027   0.0494  -0.0134  -0.0511
 -0.0337  -0.0335   0.0083   0.0908  -0.0154  -0.1161
 -0.0325  -0.0378  -0.0090   0.0620  -0.0230  -0.0107
 -0.0409  -0.0628  -0.0019   0.0837  -0.0239  -0.0954
 -0.0513  -0.0493  -0.0076   0.0485  -0.0442  -0.0197
 -0.0205  -0.0006  -0.0001   0.0356  -0.0236  -0.0460
 -0.0427  -0.0134  -0.0098   0.0646  -0.0245  -0.0786
 -0.0498  -0.0090  -0.0133   0.0511  -0.0326  -0.0598
 -0.0499  -0.0245  -0.0234   0.0427  -0.0380  -0.0601
 -0.0405  -0.0260  -0.0164   0.0393  -0.0381  -0.0766
 -0.0351  -0.0408  -0.0195   0.0419  -0.0464  -0.0479
 -0.0367  -0.0307   0.0026   0.0387  -0.0417  -0.0167
 -0.0404  -0.0360  -0.0131   0.0359  -0.0385  -0.0298
 -0.0380  -0.0283  -0.0042   0.0507  -0.0331  -0.0635
 -0.0126  -0.0585   0.0260   0.0750  -0.0230   0.2182
  0.0168  -0.1231   0.0578   0.3131  -0.0026   0.3263
 -0.0116  -0.0739   0.0276   0.1642   0.0217   0.1376
 -0.0255  -0.0701  -0.0104   0.0894   0.0032   0.0374
 -0.0282  -0.0642  -0.0305   0.0674  -0.0122  -0.0501
 -0.0410  -0.0468  -0.0212   0.0658  -0.0162  -0.0111
 -0.0290  -0.0739   0.0110   0.0762   0.0160  -0.0317
  0.0101  -0.0715   0.0414   0.0886   0.0365  -0.0537
  0.0190  -0.0662   0.0430   0.0831   0.0191  -0.0379
  0.0114  -0.0839   0.0576   0.0824   0.0300  -0.0084
  0.0219  -0.0939   0.0585   0.0465   0.0460  -0.0052
  0.0270  -0.1027   0.0423   0.0498   0.0389  -0.0650
  0.0333  -0.0813   0.0413   0.0757   0.0257  -0.0775
  0.0424  -0.0694   0.0441   0.0485   0.0319  -0.0510
  0.0402  -0.0765   0.0421   0.0624   0.0388  -0.0939
  0.0446  -0.0588   0.0546   0.0694   0.0471  -0.0889
  0.0395  -0.0503   0.0567   0.1502   0.0633  -0.1322
  0.0199  -0.0762   0.0423   0.1174   0.0085  -0.1502
 -0.1130   0.0572   0.0835   0.1030  -0.0215   0.3294
  0.0864   0.2629  -0.0293   0.0592   0.0321   0.5110
 -0.0122   0.3319   0.0083  -0.0524  -0.0011   0.3370
 -0.0265   0.1086  -0.0395   0.0080  -0.0073   0.0085
 -0.0386   0.0275  -0.0518   0.0120  -0.0196   0.0203
 -0.0243   0.0338  -0.0372   0.0592  -0.0180  -0.1522
 -0.0277   0.0680  -0.0460  -0.0102  -0.0307   0.0016
 -0.0294   0.0424  -0.0469  -0.0044  -0.0326   0.0045
 -0.0350   0.0352  -0.0618   0.0203  -0.0350  -0.0688
 -0.0271   0.0329  -0.0593  -0.0014  -0.0336  -0.0524
 -0.0253   0.0262  -0.0536   0.0038  -0.0348  -0.0675
 -0.0298   0.0356  -0.0653   0.0527  -0.0300  -0.0489
  0.0028  -0.0041  -0.0374   0.0178  -0.0275  -0.0850
  0.0034   0.0043  -0.0211   0.0359  -0.0327  -0.0754
 -0.0172   0.0401  -0.0185   0.0179  -0.0479  -0.0641
  0.0012   0.0261  -0.0260  -0.0075  -0.0419  -0.0605
 -0.0211   0.0244  -0.0248   0.0089  -0.0536  -0.0667
 -0.0117   0.0113  -0.0195   0.0232  -0.0604  -0.1207
 -0.0174   0.0027  -0.0145   0.0284  -0.0636  -0.0983
 -0.0131  -0.0110  -0.0317   0.0060  -0.0584  -0.0641
 -0.0215  -0.0257  -0.0090  -0.0107  -0.0705  -0.1043
 -0.0233  -0.0005  -0.0198  -0.0107  -0.0769  -0.0523
 -0.0212  -0.0106  -0.0152  -0.0001  -0.0777  -0.1130
 -0.0126  -0.0102  -0.0169   0.0148  -0.0704  -0.0948
  0.0059  -0.0125  -0.0308   0.0233  -0.0674  -0.0871
 -0.0097   0.0083  -0.0324  -0.0122  -0.0763  -0.0583
  0.0103  -0.0168  -0.0322   0.0533  -0.0534  -0.0596
 -0.0055  -0.0683  -0.0372   0.0906  -0.0557  -0.0923
  0.0114  -0.0966  -0.0531   0.0459  -0.0519  -0.1218
  0.0128  -0.0883  -0.0537   0.0164  -0.0560  -0.0908
  0.0018  -0.0696  -0.0623   0.0512  -0.0551  -0.1118
 -0.0045  -0.0405  -0.0565   0.0588  -0.0536  -0.0517
 -0.0095  -0.0924  -0.0356   0.0872  -0.0560  -0.2067
 -0.0062  -0.0911  -0.0536   0.0716  -0.0530  -0.1342
  0.0022  -0.0945  -0.0676   0.0761  -0.0475  -0.1742
 -0.0013  -0.0759  -0.0696   0.1008  -0.0512  -0.1790
 -0.0154  -0.0384  -0.0650   0.0668  -0.0697  -0.1105
 -0.0160  -0.0390  -0.0626   0.0691  -0.0663  -0.1838
 -0.0348  -0.0354  -0.0635   0.0831  -0.0749  -0.1269
 -0.0221  -0.0482  -0.0607   0.0763  -0.0703  -0.1722
 -0.0312  -0.0370  -0.0476   0.0756  -0.0816  -0.1851
 -0.0356  -0.0366  -0.0538   0.0676  -0.0808  -0.1374
 -0.0104  -0.0579  -0.0362   0.0465  -0.0757  -0.1594
 -0.0013  -0.0722  -0.0364   0.0475  -0.0686  -0.1262
 -0.0051  -0.0784  -0.0429   0.0216  -0.0698  -0.1113
 -0.0049  -0.0776  -0.0347   0.0497  -0.0679  -0.1271
 -0.0013  -0.0946  -0.0340   0.0541  -0.0615  -0.1163
 -0.0218  -0.0165  -0.0121  -0.0385  -0.0521  -0.0321
  0.0041  -0.0301  -0.0257  -0.0478  -0.0456  -0.0021
  0.0028  -0.0561  -0.0255  -0.0217  -0.0548  -0.0931
  0.0001  -0.0587  -0.0364   0.0056  -0.0569  -0.1069
  0.0015  -0.0840  -0.0446   0.0435  -0.0555  -0.1475
  0.0041  -0.1022  -0.0412   0.0603  -0.0469  -0.1339
 -0.0166  -0.0569  -0.0355   0.0024  -0.0633  -0.0409
 -0.0269  -0.0629  -0.0344   0.0226  -0.0705  -0.1175
 -0.0207  -0.0656  -0.0312   0.0345  -0.0706  -0.1081
 -0.0100  -0.0822  -0.0336   0.0259  -0.0696  -0.1031
 -0.0045  -0.1043  -0.0377   0.0583  -0.0634  -0.1306
  0.0012  -0.1093  -0.0292   0.0370  -0.0610  -0.1508
 -0.0176  -0.0747  -0.0197  -0.0098  -0.0807  -0.0419
 -0.0146  -0.0772  -0.0227   0.0141  -0.0822  -0.1071
 -0.0150  -0.0846  -0.0235   0.0430  -0.0768  -0.1453
 -0.0072  -0.0911  -0.0229   0.0264  -0.0744  -0.1214
  0.0023  -0.0941  -0.0361   0.0118  -0.0742  -0.1211
  0.0117  -0.0868  -0.0329   0.0410  -0.0559  -0.1452
  0.0202  -0.0946  -0.0392   0.0437  -0.0464  -0.1400
  0.0127  -0.0873  -0.0453   0.0286  -0.0533  -0.1231
  0.0000  -0.1041  -0.0433   0.0538  -0.0590  -0.1685
 -0.0019  -0.1174  -0.0428   0.0539  -0.0652  -0.1568
  0.0028  -0.1093  -0.0426   0.0443  -0.0656  -0.1490
  0.0071  -0.1172  -0.0376   0.0361  -0.0702  -0.1751
  0.0114  -0.1091  -0.0388   0.0432  -0.0705  -0.1612
  0.0038  -0.1145  -0.0333   0.0319  -0.0646  -0.1193
  0.0104  -0.1245  -0.0235   0.0037  -0.0612  -0.1420
  0.0134  -0.1254  -0.0227   0.0218  -0.0532  -0.1468
  0.0145  -0.1276  -0.0252   0.0218  -0.0539  -0.1431
  0.0198  -0.1258  -0.0260  -0.0075  -0.0582  -0.1165
  0.0118  -0.1368  -0.0259   0.0204  -0.0619  -0.1577
  0.0106  -0.1429  -0.0216   0.0284  -0.0631  -0.1543
  0.0269  -0.1355  -0.0188   0.0000  -0.0590  -0.1172
  0.0273  -0.1373  -0.0240   0.0141  -0.0520  -0.1334
  0.0060  -0.4327  -0.0073   0.2786   0.0006  -0.2733
 -0.0132  -0.3269  -0.0325   0.1228  -0.0378  -0.2305
  0.0077  -0.2758  -0.0362   0.0941  -0.0343  -0.2114
 -0.0060  -0.2609  -0.0474   0.1242  -0.0493  -0.2690
 -0.0318  -0.2446  -0.0536   0.1524  -0.0572  -0.2524
 -0.0253  -0.2468  -0.0511   0.1308  -0.0535  -0.2663
 -0.0304  -0.2531  -0.0474   0.1172  -0.0611  -0.2561
 -0.0250  -0.2641  -0.0460   0.1067  -0.0570  -0.2485
 -0.0268  -0.2594  -0.0491   0.1130  -0.0551  -0.2582
 -0.0398  -0.2536  -0.0583   0.1300  -0.0572  -0.2380
 -0.0456  -0.0624  -0.0447  -0.0278  -0.0514  -0.1666
 -0.0508  -0.0700  -0.0530  -0.0084  -0.0625  -0.1282
