 -0.0754   0.3592  -0.0951  -0.4100  -0.0856   0.0281
  0.0086   0.2545  -0.0565  -0.2247  -0.0181  -0.0988
  0.0106   0.2791  -0.0529  -0.2118  -0.0269  -0.0872
 -0.0124   0.2598  -0.0351  -0.1811  -0.0404  -0.0761
 -0.0489   0.2769  -0.0461  -0.2128  -0.0816  -0.0902
 -0.0534   0.2603  -0.0273  -0.1757  -0.0744  -0.0584
 -0.0270   0.2742  -0.0430  -0.2082  -0.0407  -0.0634
 -0.0114   0.2555  -0.0210  -0.1834  -0.0328  -0.0796
 -0.0101   0.2159  -0.0188  -0.1305  -0.0218  -0.0464
 -0.0142   0.2211  -0.0183  -0.1552  -0.0211  -0.0528
 -0.0084   0.2034  -0.0209  -0.1578  -0.0267  -0.0535
 -0.0158   0.1889  -0.0201  -0.1220  -0.0293  -0.0524
 -0.0354   0.1768  -0.0261  -0.1260  -0.0376  -0.0258
 -0.0158   0.1780  -0.0045  -0.1373  -0.0242  -0.0396
 -0.0301   0.1717  -0.0094  -0.1379  -0.0298  -0.0266
 -0.0420   0.1554  -0.0043  -0.0931  -0.0474  -0.0007
 -0.0308   0.1672  -0.0048  -0.1290  -0.0294  -0.0044
 -0.0141   0.2411  -0.0236  -0.1179  -0.0279  -0.0392
 -0.0197   0.2222  -0.0374  -0.1406  -0.0095  -0.0088
 -0.0165   0.1952  -0.0285  -0.1456  -0.0201  -0.0422
 -0.0206   0.1290  -0.0363  -0.0484  -0.0193  -0.0011
 -0.0222   0.1302  -0.0332  -0.0394  -0.0206  -0.0021
 -0.0237   0.1345  -0.0311  -0.0739  -0.0259  -0.0206
 -0.0087   0.1359  -0.0330  -0.0940  -0.0107  -0.0262
 -0.0094   0.1268  -0.0386  -0.0449  -0.0107  -0.0122
 -0.0219   0.1122  -0.0375  -0.0535  -0.0215  -0.0014
 -0.0324   0.1127  -0.0371  -0.0369  -0.0239   0.0059
 -0.0269   0.1141  -0.0384  -0.0548  -0.0233   0.0113
 -0.0175   0.1347  -0.0142  -0.0677  -0.0144   0.0023
 -0.0172   0.1222   0.0033  -0.0846  -0.0136  -0.0133
 -0.0097   0.0954   0.0004  -0.0344  -0.0092   0.0048
 -0.0154   0.1064  -0.0196  -0.0546  -0.0110  -0.0269
  0.0076   0.0885  -0.0318  -0.0527  -0.0068  -0.0327
 -0.0008   0.0856  -0.0351  -0.0523  -0.0121  -0.0162
 -0.0001   0.0801  -0.0241  -0.0420  -0.0058  -0.0028
 -0.0013   0.0908  -0.0235  -0.0492  -0.0077  -0.0154
  0.0007   0.0773  -0.0306  -0.0271  -0.0096  -0.0141
 -0.0123   0.1001  -0.0024  -0.0673   0.0002  -0.0033
 -0.0023   0.0995  -0.0151  -0.0828  -0.0022  -0.0119
  0.0030   0.0748  -0.0233  -0.0582  -0.0017  -0.0114
 -0.0030   0.0878  -0.0177  -0.0787  -0.0061  -0.0136
  0.0026   0.1215  -0.0238  -0.0991  -0.0031  -0.0292
 -0.0019   0.0762  -0.0101  -0.0510  -0.0043  -0.0228
 -0.0058   0.0889  -0.0055  -0.0606  -0.0059  -0.0287
 -0.0152   0.0491  -0.0158  -0.0180  -0.0149  -0.0168
 -0.0177   0.0728  -0.0437  -0.0371  -0.0232  -0.0267
 -0.0059   0.0638  -0.0461  -0.0525   0.0003  -0.0088
  0.0007   0.0500  -0.0440  -0.0253  -0.0110  -0.0017
  0.0379   0.0581  -0.0705  -0.0036   0.0298   0.0036
 -0.0065   0.0371  -0.0662  -0.0099  -0.0242   0.0096
 -0.0184   0.0306  -0.0541  -0.0373  -0.0248   0.0141
 -0.0351   0.0232  -0.0414   0.0097  -0.0477   0.0323
  0.0168  -0.0127  -0.0579   0.0557   0.0160   0.0278
 -0.0209  -0.0210  -0.0486   0.0619  -0.0493   0.0310
 -0.0182  -0.0064  -0.0334   0.0730  -0.0243   0.0157
 -0.0230  -0.0067  -0.0207   0.0659  -0.0355   0.0014
 -0.0087  -0.0275  -0.0189   0.0589  -0.0265   0.0262
 -0.0014  -0.0122  -0.0072   0.0341  -0.0073   0.0214
  0.0081  -0.0233  -0.0067   0.0454   0.0011   0.0123
 -0.0015  -0.0546  -0.0034   0.0857  -0.0017   0.0319
 -0.0098  -0.0231  -0.0004   0.0521  -0.0093   0.0157
 -0.0289  -0.0345  -0.0153   0.0631  -0.0330   0.0029
  0.0163  -0.0324  -0.0803   0.0285  -0.0153   0.0066
  0.0069  -0.0565  -0.0756   0.0882  -0.0214   0.0357
  0.0218  -0.0404  -0.0362   0.0482  -0.0006   0.0204
  0.0139  -0.0440  -0.0152   0.0542   0.0033   0.0127
 -0.0159  -0.0128  -0.0122   0.0037  -0.0633   0.0057
  0.0037  -0.0422  -0.0052   0.0101  -0.0171   0.0187
 -0.0022  -0.0354  -0.0012  -0.0133  -0.0122  -0.0017
  0.0015  -0.0415  -0.0008   0.0261  -0.0068  -0.0024
  0.0085  -0.0545   0.0054   0.0683  -0.0010   0.0153
  0.0036  -0.0451  -0.0005   0.0609  -0.0049  -0.0033
 -0.0072  -0.0490   0.0068   0.0375  -0.0049   0.0199
 -0.0013  -0.0466   0.0214   0.0305   0.0019   0.0287
 -0.0008  -0.0491   0.0035   0.0295  -0.0012   0.0112
  0.0328  -0.0346   0.0098   0.0238   0.0185   0.0147
  0.0191  -0.0603   0.0116   0.0475   0.0157   0.0227
  0.0093  -0.0437   0.0104   0.0344   0.0099   0.0029
  0.0246  -0.0441   0.0064   0.0377   0.0233  -0.0244
  0.0240  -0.0640   0.0121   0.0850   0.0173  -0.0104
  0.0219  -0.0611   0.0085   0.0762   0.0137  -0.0031
  0.0103  -0.0571   0.0043   0.0697   0.0024   0.0013
  0.0187  -0.0633   0.0072   0.0742   0.0117   0.0155
  0.0155  -0.0484   0.0251   0.0527   0.0088  -0.0037
  0.0174  -0.0598   0.0230   0.0458   0.0195   0.0345
  0.0058  -0.0348   0.0176   0.0201   0.0167  -0.0146
  0.0125  -0.0736   0.0033   0.0743   0.0168   0.0066
  0.0258  -0.0715  -0.0004   0.0513   0.0112  -0.0027
  0.0152  -0.0729   0.0098   0.0426   0.0065  -0.0093
  0.0204  -0.0938   0.0136   0.0871   0.0140   0.0126
  0.0150  -0.0689  -0.0014   0.0460   0.0060   0.0070
  0.0162  -0.0495   0.0057   0.0047   0.0076  -0.0107
  0.0119  -0.0680   0.0023   0.0632   0.0116   0.0247
  0.0207  -0.0705   0.0139   0.0448   0.0195   0.0248
  0.0246  -0.0614   0.0091   0.0397   0.0177   0.0278
  0.0377  -0.0719   0.0059   0.0551   0.0243   0.0401
  0.0303  -0.0694   0.0081   0.0487   0.0221   0.0313
  0.0289  -0.0695   0.0100   0.0407   0.0192   0.0230
  0.0260  -0.0799   0.0100   0.0721   0.0198   0.0292
  0.0245  -0.0734   0.0196   0.0568   0.0209   0.0400
  0.0425  -0.0305   0.0068   0.0010   0.0343  -0.0022
  0.0325  -0.0262   0.0190  -0.0012   0.0320   0.0265
  0.0638  -0.0177   0.0261  -0.0150   0.0466   0.0088
  0.0453  -0.0236   0.0504   0.0145   0.0339   0.0134
 -0.0609  -0.0694  -0.0034   0.0708  -0.0334   0.0384
 -0.0302  -0.1069  -0.0008   0.0679  -0.0196   0.0328
 -0.0117  -0.1038   0.0069   0.0721  -0.0056   0.0315
 -0.0116  -0.0961   0.0042   0.0756  -0.0092   0.0168
 -0.0036  -0.0997   0.0184   0.0530   0.0005   0.0118
  0.0028  -0.0999   0.0241   0.0640   0.0075   0.0201
 -0.0010  -0.0900   0.0267   0.0575   0.0062   0.0247
 -0.0104  -0.0890   0.0200   0.0436   0.0057   0.0333
 -0.0026  -0.1165   0.0187   0.0932   0.0147   0.0377
  0.0024  -0.1011   0.0198   0.0779   0.0102   0.0436
  0.0078  -0.0995   0.0278   0.0613   0.0156   0.0193
 -0.0120  -0.0849   0.0474   0.0580   0.0197   0.0275
 -0.0287  -0.1144   0.0019   0.0881   0.0162   0.0195
 -0.0000  -0.0883   0.0021   0.0538   0.0113  -0.0217
  0.0057  -0.0993   0.0009   0.0698   0.0212  -0.0256
  0.0113  -0.0966  -0.0009   0.0611   0.0183  -0.0272
  0.0187  -0.0929   0.0047   0.0558   0.0168  -0.0418
  0.0161  -0.1199   0.0055   0.1034   0.0284   0.0063
  0.0179  -0.1088  -0.0019   0.0649   0.0108  -0.0203
  0.0219  -0.1335   0.0028   0.1115   0.0207   0.0069
  0.0383  -0.1088  -0.0056   0.0721   0.0283  -0.0018
  0.0138  -0.1181   0.0145   0.0965   0.0198   0.0162
 -0.0071  -0.1047   0.0188   0.0654   0.0055   0.0286
  0.0161  -0.0451  -0.0081  -0.0242   0.0152  -0.0087
  0.0140  -0.0715   0.0100   0.0151   0.0172   0.0247
 -0.0079  -0.0994   0.0273   0.0472   0.0205   0.0236
  0.0099  -0.1153   0.0269   0.0955   0.0251   0.0256
  0.0110  -0.0884   0.0305   0.0718   0.0261   0.0612
 -0.0043  -0.0499   0.0251  -0.0102   0.0152   0.0312
  0.0114  -0.0598   0.0515  -0.0205   0.0309  -0.0048
  0.0147  -0.0558   0.0465  -0.0003   0.0296  -0.0185
  0.0264  -0.0671   0.0461   0.0008   0.0305  -0.0021
  0.0146  -0.0703   0.0498   0.0202   0.0251   0.0105
  0.0096  -0.0879   0.0450   0.0562   0.0197  -0.0038
 -0.0011  -0.0894   0.0382   0.0720   0.0169  -0.0037
 -0.0117  -0.0986   0.0267   0.0815   0.0074   0.0040
  0.0038  -0.0727   0.0311   0.0395   0.0130  -0.0150
  0.0042  -0.0928   0.0335   0.0635   0.0205  -0.0159
  0.0117  -0.0878   0.0423   0.0528   0.0249  -0.0058
  0.0077  -0.0816   0.0417   0.0205   0.0238  -0.0240
 -0.0145  -0.0622   0.0401  -0.0001   0.0017  -0.0127
 -0.0130  -0.1006   0.0545   0.0436   0.0009   0.0217
 -0.0061  -0.0874   0.0535   0.0305   0.0170  -0.0068
 -0.0039  -0.0946   0.0493   0.0474   0.0165  -0.0180
 -0.0053  -0.0986   0.0554   0.0513   0.0315   0.0259
  0.0097  -0.0832   0.0537  -0.0011   0.0352  -0.0111
  0.0135  -0.0814   0.0418   0.0270   0.0328  -0.0238
  0.0133  -0.0941   0.0419   0.0580   0.0334  -0.0029
 -0.0035  -0.0983   0.0341   0.0502   0.0096  -0.0046
  0.0076  -0.1143   0.0495   0.0498   0.0216   0.0052
  0.0091  -0.1032   0.0511   0.0505   0.0212   0.0161
  0.0126  -0.0977   0.0576   0.0333   0.0292   0.0066
  0.0131  -0.1197   0.0666   0.0701   0.0402   0.0340
  0.0102  -0.0692   0.0647  -0.0023   0.0334   0.0147
  0.0223  -0.1013   0.0436   0.0468   0.0349   0.0364
  0.0265  -0.1019   0.0470   0.0084   0.0353   0.0090
