 -0.0293  -0.0783  -0.0402   0.0243  -0.0276  -0.0958
 -0.0232  -0.0585  -0.0425   0.0230  -0.0221  -0.1166
 -0.0217  -0.0758  -0.0411   0.0218  -0.0256  -0.1080
 -0.0218  -0.0718  -0.0407   0.0283  -0.0255  -0.1154
 -0.0245  -0.0626  -0.0338   0.0112  -0.0237  -0.1054
 -0.0227  -0.0672  -0.0287   0.0120  -0.0242  -0.1009
 -0.0157  -0.0833  -0.0227   0.0308  -0.0228  -0.0811
 -0.0159  -0.0763  -0.0300   0.0315  -0.0206  -0.0681
 -0.0188  -0.0648  -0.0262   0.0244  -0.0181  -0.0864
 -0.0124  -0.0523  -0.0130  -0.0016  -0.0107  -0.0970
 -0.0175  -0.0328  -0.0110  -0.0152  -0.0050  -0.0896
 -0.0066  -0.0255  -0.0233   0.0144  -0.0027  -0.0829
 -0.0054  -0.0200  -0.0245   0.0112  -0.0002  -0.1046
 -0.0086  -0.0322  -0.0163   0.0122  -0.0036  -0.0679
 -0.0068  -0.0278  -0.0197  -0.0023  -0.0021  -0.0925
 -0.0084  -0.0242  -0.0154  -0.0065  -0.0038  -0.0927
 -0.0091  -0.0240  -0.0163   0.0075  -0.0047  -0.0699
 -0.0080  -0.0390  -0.0189   0.0219  -0.0066  -0.0525
 -0.0092  -0.0434  -0.0133   0.0145  -0.0070  -0.0385
 -0.0101  -0.0345  -0.0119   0.0133  -0.0046  -0.0558
 -0.0117  -0.0150  -0.0084   0.0065  -0.0039  -0.0764
 -0.0113  -0.0048  -0.0083   0.0021   0.0000  -0.0593
 -0.0151  -0.0060  -0.0089   0.0123  -0.0025  -0.0553
 -0.0093  -0.0073  -0.0033   0.0073   0.0006  -0.0623
 -0.0117  -0.0151   0.0001   0.0064   0.0020  -0.0483
 -0.0156   0.0241  -0.0006  -0.0308   0.0087  -0.0686
 -0.0094   0.0284   0.0012  -0.0171   0.0065  -0.0435
 -0.0047   0.0232   0.0006  -0.0156   0.0039  -0.0564
 -0.0055   0.0251   0.0031  -0.0039   0.0076  -0.0470
 -0.0062   0.0422   0.0101  -0.0125   0.0080  -0.0399
  0.0013   0.0256   0.0042  -0.0008   0.0102  -0.0321
 -0.0021   0.0307   0.0059  -0.0074   0.0087  -0.0471
 -0.0054   0.0451   0.0142  -0.0086   0.0072  -0.0464
 -0.0052   0.0744   0.0174  -0.0150   0.0095  -0.0531
  0.0004   0.0681   0.0128  -0.0114   0.0075  -0.0381
 -0.0003   0.0609   0.0070   0.0104   0.0095  -0.0178
 -0.0119   0.0670   0.0211   0.0003   0.0063  -0.0451
 -0.0091   0.0728   0.0157  -0.0155   0.0096  -0.0093
 -0.0011   0.0685   0.0138   0.0036   0.0136  -0.0184
  0.0007  -0.0033   0.0122   0.0163   0.0046  -0.0014
  0.0041   0.0294   0.0066   0.0055   0.0147  -0.0104
  0.0066   0.0361   0.0115   0.0071   0.0069  -0.0070
  0.0025   0.0357   0.0159   0.0139   0.0057   0.0229
  0.0039   0.0499   0.0152  -0.0035   0.0081  -0.0067
  0.0039   0.0269   0.0159  -0.0017   0.0110  -0.0014
  0.0034   0.0375   0.0169  -0.0063   0.0084   0.0058
  0.0087   0.0583   0.0112  -0.0055   0.0093   0.0154
  0.0058   0.0447   0.0142   0.0007   0.0100   0.0272
  0.0058   0.0490   0.0116  -0.0106   0.0087   0.0124
  0.0058   0.0353   0.0109  -0.0044   0.0058   0.0213
  0.0061   0.0391   0.0138   0.0035   0.0092   0.0300
  0.0107   0.0413   0.0063  -0.0113   0.0096   0.0427
  0.0140   0.0249   0.0104   0.0158   0.0062   0.0407
  0.0108   0.0241   0.0160   0.0137   0.0063   0.0415
  0.0145   0.0340   0.0066   0.0066   0.0104   0.0152
  0.0129   0.0236   0.0147   0.0097   0.0008   0.0259
  0.0177   0.0291   0.0067   0.0127  -0.0008   0.0422
  0.0171   0.0043   0.0053   0.0168  -0.0012   0.0495
  0.0173   0.0085   0.0037  -0.0001  -0.0026   0.0387
  0.0105  -0.0009   0.0093  -0.0004   0.0017   0.0682
  0.0128  -0.0023   0.0026  -0.0055  -0.0021   0.0718
  0.0165  -0.0085   0.0044  -0.0024  -0.0022   0.0703
  0.0118  -0.0037   0.0041   0.0006   0.0020   0.0653
  0.0107  -0.0037   0.0015   0.0099   0.0001   0.0425
  0.0074   0.0068   0.0103  -0.0037  -0.0011   0.0651
  0.0051   0.0052   0.0166   0.0062  -0.0021   0.0539
  0.0050   0.0034   0.0162   0.0088   0.0004   0.0455
  0.0011   0.0050   0.0131   0.0007  -0.0009   0.0370
  0.0080   0.0066   0.0084  -0.0051   0.0001   0.0536
  0.0137  -0.0057   0.0145   0.0087  -0.0013   0.0599
  0.0082  -0.0226   0.0129  -0.0010   0.0006   0.0916
  0.0139  -0.0200   0.0064  -0.0102  -0.0004   0.0798
  0.0107  -0.0079   0.0064  -0.0060   0.0019   0.0639
  0.0144   0.0043   0.0079  -0.0123  -0.0009   0.0753
  0.0112  -0.0076   0.0010  -0.0162  -0.0010   0.1054
  0.0122  -0.0137   0.0050  -0.0034  -0.0020   0.1013
  0.0093  -0.0238   0.0067  -0.0020  -0.0011   0.1212
  0.0037  -0.0301   0.0116  -0.0337   0.0015   0.1175
  0.0108  -0.0234   0.0019  -0.0256   0.0044   0.1255
  0.0120  -0.0077  -0.0004  -0.0438   0.0018   0.0972
  0.0193  -0.0116   0.0015  -0.0247   0.0043   0.1202
  0.0164  -0.0091   0.0007  -0.0146   0.0067   0.1313
  0.0151  -0.0236  -0.0025  -0.0300   0.0032   0.1275
 -0.0002  -0.0347  -0.0009  -0.0463  -0.0052   0.1106
 -0.0051  -0.0283   0.0043  -0.0482  -0.0018   0.0841
