 -0.0261   0.1221  -0.5402   0.0160   0.0586  -0.5006
 -0.0235   0.1078  -0.5475  -0.0119   0.0678  -0.4981
 -0.0176   0.1066  -0.5243   0.0114   0.0653  -0.4891
 -0.0224   0.0824  -0.5184   0.0155   0.0644  -0.4755
 -0.0343   0.0510  -0.5338   0.0380   0.0564  -0.4475
 -0.0402   0.0496  -0.5360   0.0568   0.0502  -0.4620
 -0.0506   0.0313  -0.5289   0.0431   0.0354  -0.4562
 -0.0484   0.0287  -0.5021   0.0781   0.0578  -0.4443
 -0.0437  -0.0180  -0.4846   0.1129   0.0660  -0.4161
 -0.0670  -0.0360  -0.4771   0.1632   0.0426  -0.4172
 -0.0569   0.0179  -0.4735   0.1963   0.0328  -0.4064
 -0.0608   0.0485  -0.4524   0.2436   0.0336  -0.3781
 -0.0628   0.0602  -0.4412   0.2273   0.0374  -0.3690
 -0.0607   0.0336  -0.4532   0.2617   0.0323  -0.3553
 -0.0726   0.0442  -0.4611   0.2369   0.0309  -0.3702
 -0.0554   0.0561  -0.4349   0.2213   0.0381  -0.3771
 -0.0632   0.0548  -0.4321   0.2397   0.0343  -0.3636
 -0.0671   0.0309  -0.4366   0.2577   0.0391  -0.3299
 -0.0749   0.0411  -0.4340   0.2964   0.0367  -0.3325
 -0.0743   0.0957  -0.4041   0.2805   0.0454  -0.3388
 -0.0655   0.0678  -0.3975   0.2810   0.0465  -0.3341
 -0.0473   0.0734  -0.3752   0.3444   0.0503  -0.3071
 -0.0621   0.0698  -0.3588   0.4397   0.0468  -0.2644
 -0.0668   0.0953  -0.3575   0.4504   0.0405  -0.2655
 -0.0659   0.0898  -0.3430   0.4382   0.0481  -0.2722
 -0.0767   0.0816  -0.3309   0.4457   0.0379  -0.2588
 -0.0756   0.0740  -0.3328   0.4702   0.0361  -0.2277
 -0.0775   0.0995  -0.3149   0.4727   0.0430  -0.2101
 -0.0597   0.1182  -0.2928   0.5445   0.0527  -0.2050
 -0.0448   0.1358  -0.2890   0.5716   0.0544  -0.1984
 -0.0344   0.1231  -0.2830   0.5664   0.0580  -0.1888
 -0.0330   0.0796  -0.2630   0.6313   0.0603  -0.1524
 -0.0001   0.0723  -0.2396   0.6553   0.0818  -0.1377
 -0.0028   0.0345  -0.2436   0.6820   0.0752  -0.1339
 -0.0133   0.0932  -0.2278   0.6121   0.0756  -0.1482
 -0.0153   0.0852  -0.1950   0.6387   0.0811  -0.1473
 -0.0218   0.0601  -0.2221   0.6673   0.0741  -0.1196
 -0.0272   0.0495  -0.2276   0.6622   0.0704  -0.1205
 -0.0366   0.0354  -0.2116   0.6625   0.0641  -0.1353
 -0.0457   0.0419  -0.2086   0.6431   0.0616  -0.1332
 -0.0423   0.0414  -0.2117   0.6348   0.0625  -0.1217
 -0.0401   0.0335  -0.2127   0.6315   0.0625  -0.1178
 -0.0462   0.0272  -0.2153   0.6313   0.0638  -0.1033
 -0.0397   0.0091  -0.2091   0.6682   0.0689  -0.0778
 -0.0789   1.8593  -0.4389  -1.9029  -0.0909  -0.7747
 -0.0214   2.1423  -0.5017  -2.1712  -0.1319  -1.0301
  0.0173   1.7831  -0.3864  -1.1976  -0.0845  -0.8254
 -0.0087   1.6547  -0.3780  -1.0999  -0.0892  -0.7847
  0.0133   1.5349  -0.3393  -0.9985  -0.0788  -0.7618
  0.0002   1.4578  -0.3215  -0.9828  -0.0881  -0.7297
  0.0032   1.3007  -0.2823  -0.9173  -0.0881  -0.6803
 -0.0051   1.1928  -0.2526  -0.8708  -0.0857  -0.6302
 -0.0293   1.0340  -0.1806  -0.7948  -0.0856  -0.5830
 -0.0026   1.0753  -0.1354  -0.7865  -0.0605  -0.5965
 -0.0034   0.9336  -0.1091  -0.7710  -0.0638  -0.5823
  0.0259   0.8478  -0.0981  -0.7208  -0.0535  -0.5450
  0.0529   0.7571  -0.0758  -0.6877  -0.0371  -0.4999
  0.0473   0.6763  -0.0842  -0.6596  -0.0458  -0.4945
  0.0452   0.5073  -0.0621  -0.6356  -0.0428  -0.4804
  0.0550   0.4007  -0.0512  -0.6097  -0.0380  -0.4297
  0.0275   0.3960  -0.0497  -0.6638  -0.0421  -0.4630
  0.0242   0.2148  -0.0235  -0.5947  -0.0570  -0.4227
  0.0241   0.1708   0.0093  -0.5564  -0.0722  -0.4002
  0.0032   0.0993   0.0192  -0.6243  -0.0575  -0.4000
 -0.0285   0.6341  -0.0519  -1.1595  -0.0620  -0.5718
  0.0331   0.3099   0.0242  -0.6792  -0.0092  -0.4310
  0.0232   0.2601   0.0113  -0.6720  -0.0171  -0.4128
  0.0336   0.1658   0.0306  -0.6262  -0.0190  -0.3778
  0.0375   0.2112   0.0522  -0.3789   0.0019  -0.3234
  0.0059   0.3400   0.0324  -0.2380   0.0009  -0.2670
  0.0034   0.2741   0.0380  -0.2855  -0.0079  -0.2780
  0.0133   0.2252   0.0466  -0.2960  -0.0090  -0.2549
  0.0043   0.1831   0.0442  -0.2785  -0.0102  -0.2340
  0.0053   0.1564   0.0565  -0.2216   0.0005  -0.2054
 -0.0035   0.1721   0.0481  -0.2690  -0.0083  -0.2212
  0.0029   0.1693   0.0503  -0.2481  -0.0172  -0.2106
  0.0057   0.1525   0.0822  -0.2418  -0.0177  -0.1898
 -0.0063   0.0537   0.0835  -0.1957  -0.0261  -0.1476
 -0.0076   0.0143   0.0939  -0.2023  -0.0146  -0.1500
  0.0067   0.0073   0.1135  -0.2254  -0.0153  -0.1543
  0.0102   0.0116   0.1226  -0.2240  -0.0137  -0.1420
  0.0029  -0.0240   0.1294  -0.2030  -0.0252  -0.1305
  0.0062  -0.0924   0.1522  -0.1784  -0.0208  -0.0877
 -0.0093  -0.1347   0.1584  -0.1559  -0.0239  -0.0881
 -0.0008  -0.1303   0.1523  -0.1560  -0.0224  -0.0731
  0.0067  -0.1467   0.1580  -0.1293  -0.0233  -0.0603
  0.0131  -0.1973   0.1650  -0.0766  -0.0375  -0.0183
 -0.0043  -0.2344   0.1601  -0.0651  -0.0370  -0.0070
  0.0023  -0.2183   0.1659  -0.0748  -0.0301  -0.0257
  0.0155  -0.2115   0.1706  -0.0533  -0.0244   0.0009
  0.0257  -0.2064   0.1848  -0.0639  -0.0088   0.0157
  0.0108  -0.2322   0.1817  -0.0485  -0.0208   0.0372
  0.0157  -0.2525   0.1874  -0.0286  -0.0144   0.0521
  0.0088  -0.2355   0.1856  -0.0318  -0.0226   0.0570
  0.0100  -0.2114   0.1832  -0.0820  -0.0143   0.0510
  0.0256  -0.2198   0.1945  -0.0588  -0.0076   0.0760
  0.0295  -0.2336   0.2013  -0.0393  -0.0015   0.0936
  0.0375  -0.2221   0.2067  -0.0418  -0.0039   0.0876
  0.0276  -0.2348   0.2034  -0.0690  -0.0105   0.0959
  0.0363  -0.2430   0.2149  -0.0506  -0.0037   0.1140
  0.0255  -0.2539   0.2086  -0.0565  -0.0133   0.1369
  0.0131  -0.2528   0.1957  -0.0502  -0.0221   0.1303
  0.0194  -0.2435   0.1933  -0.0456  -0.0254   0.1260
  0.0249  -0.2294   0.2027  -0.0520  -0.0248   0.1442
  0.0205  -0.2373   0.2016  -0.0391  -0.0233   0.1834
  0.0148  -0.2322   0.2000   0.0036  -0.0332   0.2077
  0.0094  -0.2245   0.1978   0.0173  -0.0291   0.2015
  0.0108  -0.2099   0.1992   0.0140  -0.0302   0.2052
  0.0205  -0.1971   0.2250  -0.0152  -0.0133   0.2216
  0.0065  -0.2120   0.2187  -0.0324  -0.0305   0.2243
 -0.0041  -0.2095   0.2079  -0.0178  -0.0403   0.2461
  0.0195  -0.2126   0.2150   0.0174  -0.0274   0.2802
  0.0115  -0.2239   0.2183   0.0472  -0.0266   0.2761
  0.0055  -0.2332   0.2168   0.0469  -0.0313   0.2864
  0.0091  -0.2278   0.2106   0.0317  -0.0402   0.2970
  0.0088  -0.2406   0.2201   0.0278  -0.0378   0.3106
  0.0017  -0.2530   0.2262   0.0228  -0.0286   0.3253
  0.0010  -0.2583   0.2292   0.0691  -0.0233   0.3443
  0.0009  -0.2360   0.2215   0.0488  -0.0376   0.3312
 -0.0015  -0.2398   0.2213   0.0325  -0.0454   0.3311
  0.0059  -0.2558   0.2222   0.0599  -0.0474   0.3574
 -0.0023  -0.2318   0.2196   0.0533  -0.0421   0.3677
 -0.0096  -0.2168   0.2311   0.0349  -0.0358   0.3399
 -0.0047  -0.2323   0.2278   0.0194  -0.0361   0.3983
  0.0082  -0.2949   0.2369   0.0464  -0.0325   0.3942
  0.0017  -0.2661   0.2321   0.0380  -0.0381   0.4028
 -0.0020  -0.2771   0.2367   0.0485  -0.0412   0.4237
 -0.0028  -0.2576   0.2344   0.0602  -0.0391   0.4328
 -0.0016  -0.2481   0.2347   0.0418  -0.0360   0.4407
 -0.0052  -0.2745   0.2224   0.0232  -0.0457   0.4545
 -0.0036  -0.2955   0.2347   0.0703  -0.0432   0.4886
 -0.0064  -0.3379   0.2422   0.0851  -0.0390   0.4973
 -0.0104  -0.2930   0.2378   0.0729  -0.0378   0.4979
 -0.0002  -0.2811   0.2451   0.0604  -0.0339   0.5071
  0.0032  -0.2775   0.2369   0.0818  -0.0362   0.5308
  0.0183  -0.2844   0.2573   0.1113  -0.0222   0.5604
  0.0084  -0.2975   0.2493   0.1544  -0.0258   0.5715
  0.0063  -0.2665   0.2419   0.1517  -0.0300   0.5774
  0.0103  -0.2804   0.2458   0.1365  -0.0287   0.5883
  0.0336  -0.2850   0.2624   0.2045  -0.0031   0.6292
  0.0253  -0.2630   0.2376   0.2777   0.0118   0.6655
  0.0368  -0.2293   0.2415   0.3039   0.0205   0.6659
  0.0334  -0.2259   0.2153   0.2953   0.0145   0.6767
  0.0372  -0.2529   0.2211   0.3100   0.0315   0.7004
  0.0485  -0.2751   0.2424   0.3577   0.0363   0.7284
  0.0508  -0.2383   0.2475   0.3495   0.0457   0.7532
  0.0519  -0.2284   0.2541   0.3486   0.0421   0.7332
  0.0681  -0.2314   0.2739   0.3118   0.0488   0.7511
  0.0753  -0.2384   0.2859   0.3332   0.0533   0.7699
  0.0908  -0.2524   0.3036   0.3599   0.0670   0.7926
  0.0859  -0.2258   0.2909   0.3353   0.0646   0.7964
  0.0947  -0.2357   0.2940   0.3159   0.0717   0.8049
  0.1072  -0.2593   0.3291   0.3739   0.0761   0.8411
  0.0834  -0.2705   0.3062   0.3870   0.0721   0.8482
  0.0957  -0.1590   0.2856   0.2592   0.0897   0.8323
  0.1039  -0.2659   0.3142   0.3448   0.0829   0.8608
