 -0.1519  -0.0008  -0.1076  -0.1209  -0.4402   0.3568
 -0.1181   0.0056  -0.0976  -0.0075  -0.4352   0.2581
 -0.1088   0.0033  -0.0680   0.0460  -0.4618   0.2058
 -0.1375  -0.1049  -0.1573   0.0692  -0.4079   0.1987
 -0.1252  -0.0386  -0.0971   0.0587  -0.4335   0.2022
 -0.1298  -0.0368  -0.0959   0.0502  -0.4225   0.1836
 -0.1135  -0.0448  -0.0989   0.0511  -0.4078   0.1791
 -0.1194  -0.0536  -0.1010   0.0693  -0.3983   0.1746
 -0.1246  -0.0574  -0.0959   0.0332  -0.3864   0.1838
 -0.1148  -0.0654  -0.0950   0.0654  -0.3998   0.1644
 -0.1290  -0.0711  -0.0930   0.0356  -0.3820   0.1674
 -0.1185  -0.0610  -0.0963   0.0475  -0.3831   0.1705
 -0.1302  -0.0555  -0.0787   0.0567  -0.3738   0.1719
 -0.1328  -0.0588  -0.0768   0.0310  -0.3597   0.1732
 -0.1224  -0.0699  -0.0714   0.0454  -0.3672   0.1509
 -0.1262  -0.0566  -0.0730   0.0565  -0.3587   0.1583
 -0.1185  -0.0588  -0.0638   0.0578  -0.3753   0.1544
 -0.1220  -0.0726  -0.0649   0.0502  -0.3642   0.1432
 -0.0982  -0.0556  -0.0556   0.0692  -0.3824   0.1438
 -0.1117  -0.0575  -0.0443   0.0340  -0.3453   0.1600
 -0.1063  -0.0740  -0.0464   0.0455  -0.3609   0.1592
 -0.1182  -0.0800  -0.0602   0.0404  -0.3489   0.1512
 -0.0933  -0.0488  -0.0449   0.0477  -0.3662   0.1565
 -0.0958  -0.0579  -0.0398   0.0608  -0.3459   0.1480
 -0.0850  -0.0749  -0.0344   0.0618  -0.3456   0.1418
 -0.0945  -0.0679  -0.0451   0.0657  -0.3337   0.1332
 -0.0652  -0.0589  -0.0296   0.0599  -0.3474   0.1436
 -0.0751  -0.0655  -0.0251   0.0643  -0.3248   0.1317
 -0.0617  -0.0646  -0.0264   0.0763  -0.3400   0.1155
 -0.0804  -0.0415  -0.0636   0.0675  -0.3221   0.1186
 -0.0898  -0.1148  -0.1182   0.1089  -0.3093   0.1088
 -0.0732  -0.0590  -0.0714   0.0591  -0.3086   0.1010
 -0.0373  -0.0143  -0.0512   0.0660  -0.3103   0.0997
 -0.0615  -0.0263  -0.0559   0.0396  -0.2821   0.1124
 -0.0616  -0.0321  -0.0478   0.0829  -0.2939   0.1012
 -0.0580  -0.0294  -0.0490   0.0678  -0.2720   0.1031
 -0.0736  -0.0308  -0.0517   0.0720  -0.2659   0.0887
 -0.0624  -0.0183  -0.0458   0.0596  -0.2571   0.0684
 -0.0409  -0.0093  -0.0117   0.0456  -0.2767   0.0712
 -0.0506   0.0154  -0.0238   0.0388  -0.2489   0.0682
 -0.0474  -0.0134  -0.0229   0.0865  -0.2409   0.0818
 -0.0552  -0.0228  -0.0261   0.0612  -0.2375   0.0772
 -0.0567  -0.0358  -0.0202   0.0637  -0.2360   0.0646
 -0.0216  -0.0446  -0.0116   0.0549  -0.2518   0.0792
 -0.0404  -0.0211  -0.0047   0.0529  -0.2343   0.0858
 -0.0330  -0.0379  -0.0203   0.0730  -0.2376   0.0845
 -0.0587  -0.0025  -0.0011   0.0747  -0.2365   0.0415
  0.0087   0.0606   0.0080  -0.0734  -0.1495   0.0542
 -0.0168  -0.0339  -0.0095  -0.0003  -0.1735   0.0627
 -0.0181   0.0100  -0.0117  -0.0093  -0.1823   0.0699
  0.0159   0.0282   0.0064   0.0243  -0.2015   0.0694
 -0.0071   0.0028  -0.0023   0.0094  -0.1762   0.0643
 -0.0268  -0.0213  -0.0011   0.0282  -0.1634   0.0468
 -0.0002   0.0051   0.0060   0.0359  -0.1824   0.0538
 -0.0097   0.0040   0.0131   0.0089  -0.1470   0.0623
 -0.0108  -0.0125  -0.0115   0.0298  -0.1546   0.0468
 -0.0326   0.0033   0.0006   0.0166  -0.1450   0.0470
 -0.0085  -0.0225   0.0172   0.0381  -0.1486   0.0519
 -0.0345  -0.0047  -0.0030  -0.0078  -0.1311   0.0591
 -0.0213  -0.0385  -0.0093   0.0352  -0.1395   0.0376
 -0.0022  -0.0437  -0.0027   0.0491  -0.1812   0.0415
 -0.0495   0.0144   0.0284  -0.0142  -0.2596   0.0806
 -0.0166  -0.0211   0.0166   0.0533  -0.1268   0.0181
 -0.0124  -0.0184  -0.0068   0.0876  -0.0648   0.0115
 -0.0066  -0.0259  -0.0247   0.0731  -0.0630   0.0054
 -0.0008  -0.0413  -0.0443   0.1082  -0.0520  -0.0004
  0.0068  -0.1010  -0.0502   0.1373  -0.0451  -0.0087
  0.0303  -0.0760  -0.0260   0.1472  -0.0606  -0.0045
 -0.0102   0.0255  -0.0465  -0.0164  -0.0540   0.0325
  0.0373   0.0155  -0.0340   0.0897  -0.0381  -0.0139
  0.0220  -0.0000  -0.0309   0.0632  -0.0141  -0.0109
  0.0230  -0.0142  -0.0182   0.0893  -0.0127  -0.0150
  0.0110  -0.0009  -0.0303   0.0419  -0.0001  -0.0008
  0.0130  -0.0122  -0.0217   0.0310  -0.0027  -0.0015
  0.0155  -0.0126  -0.0281   0.0450  -0.0020  -0.0107
  0.0053   0.0082  -0.0367   0.0227   0.0154   0.0176
  0.0194  -0.0002  -0.0201   0.0592   0.0069   0.0078
  0.0129  -0.0185   0.0011   0.0373   0.0427   0.0145
 -0.0044  -0.0695  -0.0212   0.0854   0.0395   0.0220
 -0.0012  -0.0437  -0.0129   0.0330   0.0548   0.0253
  0.0163  -0.0138  -0.0335   0.0698   0.0482  -0.0102
  0.0214   0.0148  -0.0548   0.0506   0.0745  -0.0082
  0.0298  -0.0164  -0.0138   0.0977   0.0621  -0.0150
  0.0121  -0.0201  -0.0361   0.0623   0.0627  -0.0125
  0.0184  -0.0195  -0.0250   0.0397   0.0685  -0.0076
  0.0235  -0.0206  -0.0298   0.0442   0.0518  -0.0202
  0.0042   0.0098  -0.0164   0.0106   0.0619  -0.0121
  0.0128  -0.0060  -0.0111   0.0396   0.0799  -0.0060
  0.0085  -0.0051  -0.0172   0.0131   0.0757  -0.0097
 -0.0125  -0.0069  -0.0169  -0.0047   0.0584  -0.0188
  0.0106   0.0050  -0.0151   0.0421   0.0777  -0.0349
  0.0066   0.0123  -0.0212   0.0147   0.0817  -0.0229
  0.0172   0.0002  -0.0129   0.0331   0.0897  -0.0102
 -0.0005  -0.0042  -0.0072   0.0180   0.0875  -0.0097
 -0.0184   0.0102  -0.0168  -0.0127   0.0926   0.0006
 -0.0023   0.0054  -0.0230   0.0001   0.0948  -0.0053
 -0.0246  -0.0050  -0.0307  -0.0007   0.0968  -0.0069
 -0.0314  -0.0057  -0.0150  -0.0227   0.0696  -0.0083
 -0.0168  -0.0141   0.0124   0.0434   0.0786  -0.0447
 -0.0078   0.0008   0.0096   0.0088   0.1080  -0.0370
 -0.0054   0.0102  -0.0054   0.0090   0.1077  -0.0305
 -0.0106   0.0033   0.0032   0.0177   0.1111  -0.0329
 -0.0262  -0.0052   0.0015  -0.0273   0.0914  -0.0182
 -0.0191  -0.0177   0.0136  -0.0155   0.0859  -0.0284
 -0.0271  -0.0306   0.0134  -0.0285   0.0872  -0.0422
 -0.0214  -0.0106   0.0063  -0.0531   0.1083  -0.0360
 -0.0099   0.0014   0.0082  -0.0092   0.0996  -0.0384
 -0.0061   0.0284   0.0218  -0.0311   0.1186  -0.0303
 -0.0002   0.0256   0.0117  -0.0262   0.1203  -0.0363
  0.0053   0.0249   0.0092  -0.0068   0.1181  -0.0513
 -0.0029   0.0475   0.0016  -0.0457   0.1431  -0.0366
  0.0650   0.0874   0.0193  -0.2043   0.1512   0.0225
  0.0538   0.0367   0.0187  -0.0325   0.1844  -0.0598
  0.0394   0.0354   0.0153  -0.0184   0.1759  -0.0634
  0.0447   0.0227   0.0368   0.0048   0.1817  -0.0665
  0.0423   0.0291   0.0360  -0.0168   0.1800  -0.0697
  0.0564   0.0315   0.0245  -0.0341   0.1832  -0.0698
  0.0646   0.0410   0.0179  -0.0033   0.1886  -0.0856
  0.0469   0.0478   0.0160  -0.0133   0.1978  -0.0760
  0.0470   0.0400   0.0190  -0.0107   0.2036  -0.0640
  0.0543   0.0343   0.0184  -0.0071   0.2009  -0.0815
  0.0569   0.0390   0.0204  -0.0047   0.1995  -0.0844
  0.0604   0.0349   0.0239   0.0002   0.1995  -0.0789
  0.0640   0.0322   0.0251   0.0200   0.2008  -0.0843
  0.0407   0.0221   0.0308  -0.0267   0.1942  -0.0861
  0.0395   0.0034   0.0227  -0.0467   0.1992  -0.0815
  0.0386   0.0152   0.0221  -0.0216   0.1843  -0.0897
  0.0205   0.0362   0.0298  -0.0614   0.1947  -0.0746
  0.0306   0.0286   0.0248  -0.0627   0.2045  -0.0777
  0.0401   0.0181   0.0219  -0.0415   0.1970  -0.0899
  0.0297   0.0335   0.0216  -0.0402   0.2091  -0.0786
  0.0517   0.0247   0.0344  -0.0294   0.2068  -0.0904
  0.0343   0.0291   0.0237  -0.0402   0.2127  -0.1007
  0.0482   0.0308   0.0314  -0.0228   0.2117  -0.1007
  0.0459   0.0298   0.0328  -0.0223   0.2150  -0.0927
  0.0559   0.0404   0.0397  -0.0392   0.2162  -0.0942
  0.0568   0.0158   0.0405  -0.0094   0.2138  -0.1112
  0.0538   0.0344   0.0383  -0.0225   0.2210  -0.1108
  0.0544   0.0372   0.0344  -0.0272   0.2320  -0.0950
  0.0398   0.0424   0.0308  -0.0234   0.2228  -0.0939
  0.0433   0.0440   0.0356  -0.0341   0.2303  -0.0967
  0.0406   0.0473   0.0312  -0.0144   0.2279  -0.1196
  0.0369   0.0575   0.0284  -0.0406   0.2466  -0.1035
  0.0485   0.0414   0.0335  -0.0088   0.2450  -0.1134
  0.0434   0.0457   0.0303  -0.0398   0.2471  -0.1106
  0.0541   0.0497   0.0318  -0.0287   0.2465  -0.1152
  0.0525   0.0472   0.0323  -0.0191   0.2478  -0.1122
  0.0432   0.0409   0.0564  -0.0462   0.2399  -0.1080
  0.0513   0.0293   0.0506  -0.0152   0.2323  -0.1173
  0.0480   0.0354   0.0526  -0.0545   0.2387  -0.1186
  0.0762   0.0735   0.0576  -0.0340   0.2483  -0.1306
  0.0724   0.0359   0.0694  -0.0358   0.2852  -0.1195
  0.0707   0.0408   0.0798  -0.0562   0.2571  -0.1215
  0.0655   0.0602   0.0670  -0.0642   0.2603  -0.1082
  0.0621   0.0607   0.0626  -0.0816   0.2676  -0.0983
  0.0779   0.0460   0.0511  -0.0501   0.2701  -0.1304
  0.0893   0.0585   0.0730  -0.0513   0.2516  -0.1131
  0.0681   0.0206   0.0747  -0.0660   0.2510  -0.1139
  0.0574   0.0356   0.0706  -0.0979   0.2527  -0.1036
  0.0665   0.0200   0.0712  -0.0615   0.2445  -0.1175
  0.0510   0.0311   0.0661  -0.0813   0.2443  -0.0974
  0.1023  -0.0280   0.1003  -0.0431   0.2127  -0.0875
  0.0676   0.0637   0.1420  -0.1231   0.2486  -0.1056
  0.0627   0.0603   0.0859  -0.1063   0.2617  -0.1157
  0.1014   0.0291   0.0811  -0.1003   0.2626  -0.1258
  0.0990   0.0518   0.0678  -0.0639   0.2598  -0.1452
  0.0909   0.0485   0.0625  -0.0685   0.2699  -0.1396
  0.1052   0.0072   0.0530  -0.0745   0.2354  -0.1156
  0.0736   0.0003   0.0799  -0.1008   0.2088  -0.1327
  0.1098   0.0572   0.1002  -0.1232   0.2227  -0.1197
  0.0981   0.0948   0.0970  -0.1914   0.2258  -0.1079
  0.0956   0.0867   0.0832  -0.1812   0.2473  -0.1088
  0.1110   0.0515   0.0741  -0.1452   0.2741  -0.1354
  0.1120   0.0453   0.0895  -0.1534   0.2775  -0.1350
  0.1241   0.0366   0.1005  -0.1373   0.2771  -0.1293
  0.1036   0.0387   0.1002  -0.1546   0.2863  -0.1240
  0.1111   0.0343   0.0934  -0.1507   0.2976  -0.1187
  0.1084   0.0304   0.0840  -0.1292   0.2948  -0.1314
  0.1073   0.0513   0.0823  -0.1435   0.3129  -0.1132
  0.1138   0.0300   0.0876  -0.1225   0.3097  -0.1139
