 -0.0880  -0.3127  -0.0373   0.1696  -0.0827   0.0442
 -0.0853  -0.2749  -0.0377   0.1530  -0.0715   0.0741
 -0.0706  -0.2206  -0.0627   0.1177  -0.0741  -0.0194
 -0.0480  -0.0892  -0.0866   0.0531  -0.0568   0.1234
 -0.0447  -0.1407  -0.0716   0.0715  -0.0591   0.0258
 -0.0395   0.0195  -0.0432   0.1424  -0.0353  -0.0390
 -0.0715   0.2146  -0.0424  -0.0006  -0.0262  -0.0896
 -0.0775   0.1964  -0.0080  -0.1376  -0.0235   0.2112
 -0.0670   0.2146  -0.0120  -0.1629  -0.0167   0.0163
 -0.0546   0.2253  -0.0005  -0.1213  -0.0066  -0.0202
 -0.0435   0.2094  -0.0268  -0.0859  -0.0105   0.0063
 -0.0512   0.1836  -0.0271  -0.0967  -0.0201   0.0219
 -0.0518   0.1716   0.0122  -0.1050  -0.0062   0.0058
 -0.0473   0.1639   0.0121  -0.1224  -0.0073   0.0350
 -0.0419   0.2209  -0.0094  -0.0819  -0.0280  -0.0739
 -0.0392   0.2152   0.0182  -0.1166  -0.0043   0.0241
 -0.0492   0.2223   0.0088  -0.1823  -0.0022   0.0105
 -0.0522   0.2322   0.0020  -0.1968  -0.0055  -0.0231
 -0.0482   0.2002   0.0124  -0.1540  -0.0050   0.0144
 -0.0485   0.1835   0.0210  -0.1285  -0.0010  -0.0394
 -0.0423   0.1424   0.0340  -0.1065   0.0045  -0.0084
 -0.0376   0.0405   0.0384  -0.0766  -0.0022   0.0008
 -0.0282   0.0306   0.0756  -0.0056  -0.0143  -0.0591
 -0.0276   0.0298   0.0884  -0.0062  -0.0016  -0.0289
  0.0232   0.0493   0.0906  -0.0352   0.0325   0.0196
  0.0273   0.0316   0.1022  -0.0201   0.0263  -0.0672
  0.0290   0.0185   0.0888  -0.0225   0.0305  -0.0297
  0.0286   0.0123   0.0822  -0.0177   0.0372   0.0077
  0.0266   0.0026   0.0770   0.0018   0.0240  -0.0312
  0.0223   0.0068   0.0701  -0.0199   0.0232   0.0111
  0.0171   0.0135   0.0854  -0.0798   0.0268  -0.0338
 -0.0077   0.0383   0.0676  -0.0680   0.0196  -0.0179
 -0.0191   0.0388   0.0493  -0.0398   0.0086   0.0089
 -0.0112   0.0399   0.0434  -0.0545   0.0099   0.0233
 -0.0112   0.0415   0.0605  -0.0730   0.0111  -0.0266
 -0.0069   0.0326   0.0636  -0.0575   0.0175   0.0247
 -0.0068   0.0345   0.0598  -0.0550   0.0146  -0.0188
 -0.0206   0.0125   0.0804  -0.0107   0.0118   0.0121
 -0.0118  -0.0151   0.0851   0.0102   0.0248  -0.0255
  0.0045  -0.0195   0.0957   0.0110   0.0207   0.0462
  0.0144  -0.0313   0.0830   0.0374   0.0245  -0.0347
  0.0201  -0.0253   0.0660   0.0510   0.0363   0.0109
  0.0220   0.0128   0.0441  -0.0034   0.0278   0.0287
  0.0186   0.0040   0.0265   0.0115   0.0141  -0.0238
  0.0293  -0.0016   0.0422   0.0095   0.0307   0.0426
  0.0340   0.0166   0.0615  -0.0360   0.0389  -0.0124
  0.0441   0.0046   0.0513   0.0412   0.0333  -0.0543
  0.0375   0.0224   0.0200   0.0305   0.0059  -0.0123
  0.0365   0.0097   0.0360   0.0106   0.0274   0.0037
  0.0401   0.0227   0.0289   0.0157   0.0248   0.0105
  0.0367   0.0286   0.0164   0.0596   0.0067  -0.0423
  0.0028  -0.0027  -0.0518   0.1144  -0.0021   0.0157
 -0.0340   0.0756  -0.0744   0.0056  -0.0122   0.0296
 -0.0172   0.1004  -0.0313   0.0248  -0.0096  -0.0484
 -0.0048   0.0988  -0.0281  -0.0064   0.0018   0.0747
  0.0029   0.0643  -0.0106   0.0426   0.0001  -0.0219
 -0.0143   0.0484  -0.0140   0.0765  -0.0167   0.0086
 -0.0201   0.0366   0.0013   0.0651  -0.0172  -0.0641
 -0.0155   0.0316   0.0053   0.0775  -0.0168   0.0065
 -0.0203   0.0682  -0.0194   0.0281  -0.0267  -0.0054
 -0.0435   0.0903  -0.0272  -0.0440  -0.0294  -0.0448
 -0.0479   0.0835  -0.0168  -0.0452  -0.0432  -0.0371
 -0.0546   0.1020  -0.0375  -0.0422  -0.0552   0.0014
 -0.0437   0.1107  -0.0312  -0.0678  -0.0432  -0.0308
 -0.0432   0.1068  -0.0291  -0.0539  -0.0440   0.0158
 -0.0305   0.0862  -0.0239  -0.1053  -0.0274  -0.0158
 -0.0199   0.0788  -0.0075  -0.0621  -0.0160  -0.0367
 -0.0180   0.1203  -0.0281  -0.0691  -0.0177  -0.0176
 -0.0182   0.1302  -0.0351  -0.1067  -0.0111   0.0006
 -0.0111   0.0892  -0.0207  -0.1068  -0.0041  -0.0318
  0.0024   0.0366   0.0121  -0.0832   0.0091  -0.0362
  0.0255   0.0149   0.0248  -0.0611  -0.0048  -0.0228
  0.0244   0.0113   0.0094  -0.0478  -0.0041   0.0052
  0.0279   0.0216  -0.0133  -0.0292  -0.0161  -0.0475
  0.0138   0.0154  -0.0233  -0.0311  -0.0274  -0.0505
 -0.0105   0.0651  -0.0455   0.0035  -0.0193  -0.0033
 -0.0090   0.0805  -0.0559   0.0129  -0.0300  -0.0068
  0.0097   0.0577  -0.0434   0.0471  -0.0168  -0.0003
  0.0151   0.0419  -0.0413   0.0215  -0.0149  -0.0701
  0.0180   0.0299  -0.0435   0.0425  -0.0211   0.0069
  0.0099   0.0369  -0.0558   0.0267  -0.0151  -0.0040
  0.0067   0.0259  -0.0571   0.0180  -0.0282  -0.1220
 -0.0041   0.0318  -0.0382   0.0351  -0.0270   0.0506
 -0.0056   0.0362  -0.0503   0.0043  -0.0265   0.0160
 -0.0054   0.0220  -0.0602  -0.0701  -0.0096   0.0377
  0.0057  -0.0409  -0.0471  -0.0211  -0.0070  -0.0335
  0.0142  -0.0544  -0.0481   0.0229  -0.0044   0.0407
  0.0147  -0.0581  -0.0352   0.0239  -0.0033   0.0013
  0.0156  -0.1014  -0.0094   0.0674   0.0019  -0.0018
  0.0079  -0.1099  -0.0095   0.0811  -0.0043   0.0136
  0.0140  -0.1314  -0.0084   0.0735   0.0036   0.0094
  0.0158  -0.1512  -0.0019   0.1012  -0.0023  -0.0156
  0.0129  -0.1314  -0.0069   0.0773  -0.0062   0.0199
  0.0170  -0.1096  -0.0106   0.0646   0.0044   0.0229
  0.0140  -0.1327  -0.0052   0.0638  -0.0046  -0.0207
  0.0113  -0.1199  -0.0025   0.0724  -0.0039   0.0302
  0.0509  -0.1500   0.0239   0.0725   0.0291   0.0180
  0.0763  -0.1516   0.0184   0.0933   0.0441   0.0041
  0.0579  -0.1350  -0.0161   0.0826   0.0266   0.0015
  0.0613  -0.1276  -0.0449   0.0807   0.0220   0.0573
  0.0242  -0.1388  -0.0745   0.0811  -0.0131  -0.0127
  0.0324  -0.1559  -0.0587   0.0999   0.0058   0.0250
  0.0376  -0.1504  -0.0653   0.0876   0.0048   0.0450
  0.0279  -0.1300  -0.0619   0.0764   0.0056  -0.0484
  0.0280  -0.1334  -0.0517   0.0739   0.0128   0.0320
  0.0283  -0.1296  -0.0554   0.0601   0.0122   0.0214
  0.0335  -0.1497  -0.0462   0.1112   0.0099   0.0009
  0.0410  -0.1511  -0.0355   0.1069   0.0167   0.0466
  0.0496  -0.1474  -0.0340   0.0664   0.0250   0.0515
  0.0454  -0.1329  -0.0402   0.0533   0.0143  -0.0347
  0.0486  -0.1360  -0.0278   0.0863   0.0214   0.0467
  0.0428  -0.1569  -0.0091   0.0743   0.0282   0.0023
  0.0418  -0.1664   0.0046   0.1032   0.0295   0.0101
  0.0387  -0.1481   0.0114   0.0515   0.0281   0.0400
  0.0398  -0.1542   0.0196   0.0251   0.0330  -0.0127
  0.0252  -0.0872   0.0093  -0.0171   0.0322   0.0106
  0.0274  -0.1105   0.0173  -0.0749   0.0491  -0.0028
  0.0419  -0.1162   0.0162  -0.0658   0.0508   0.0046
  0.0554  -0.1391   0.0418  -0.0387   0.0654  -0.0088
  0.0491  -0.1534   0.0460  -0.0267   0.0652   0.0184
