 -0.0725   0.5066  -0.1931  -0.3800  -0.1800  -0.2748
 -0.0762   0.4587  -0.1890  -0.3434  -0.1835  -0.2518
 -0.0683   0.4141  -0.1826  -0.3222  -0.1795  -0.2404
 -0.0661   0.3812  -0.1719  -0.3049  -0.1667  -0.2253
 -0.0612   0.3737  -0.1637  -0.2937  -0.1569  -0.2168
 -0.0587   0.3586  -0.1544  -0.2884  -0.1507  -0.2134
 -0.0557   0.3476  -0.1530  -0.2790  -0.1412  -0.2004
 -0.0473   0.3314  -0.1525  -0.2612  -0.1388  -0.1891
 -0.0578   0.3283  -0.1604  -0.2704  -0.1489  -0.1789
 -0.0549   0.3032  -0.1546  -0.2644  -0.1441  -0.1922
 -0.0478   0.2917  -0.1426  -0.2409  -0.1315  -0.1781
 -0.0380   0.2670  -0.1210  -0.1930  -0.1143  -0.1517
 -0.0295   0.2526  -0.1109  -0.2093  -0.0940  -0.1664
 -0.0223   0.2382  -0.1093  -0.1925  -0.0874  -0.1416
 -0.0116   0.2392  -0.0987  -0.1787  -0.0747  -0.1409
 -0.0141   0.2430  -0.1102  -0.1760  -0.0778  -0.1327
 -0.0096   0.2304  -0.0990  -0.1817  -0.0676  -0.1455
 -0.0099   0.2159  -0.0888  -0.1662  -0.0672  -0.1312
 -0.0170   0.2342  -0.0890  -0.1518  -0.0645  -0.1169
 -0.0027   0.1929  -0.0744  -0.1461  -0.0455  -0.1182
  0.0126   0.2163  -0.0919  -0.1463  -0.0589  -0.1192
  0.0016   0.2080  -0.0895  -0.1789  -0.0509  -0.1135
  0.0049   0.1719  -0.0840  -0.1477  -0.0464  -0.1113
  0.0036   0.1588  -0.0775  -0.1040  -0.0431  -0.1029
  0.0054   0.1517  -0.0731  -0.0994  -0.0369  -0.0855
  0.0074   0.1513  -0.0733  -0.1135  -0.0407  -0.0888
  0.0101   0.1413  -0.0714  -0.0963  -0.0386  -0.0858
  0.0096   0.1315  -0.0705  -0.0879  -0.0350  -0.0820
  0.0109   0.1117  -0.0694  -0.0894  -0.0354  -0.0718
  0.0071   0.1130  -0.0739  -0.1060  -0.0392  -0.0781
  0.0044   0.1047  -0.0763  -0.1110  -0.0434  -0.0715
  0.0062   0.0935  -0.0687  -0.0996  -0.0313  -0.0719
  0.0065   0.0946  -0.0670  -0.0992  -0.0321  -0.0653
  0.0085   0.0839  -0.0574  -0.0810  -0.0277  -0.0567
  0.0099   0.0772  -0.0495  -0.0699  -0.0218  -0.0504
  0.0093   0.0649  -0.0503  -0.0638  -0.0308  -0.0422
  0.0071   0.0705  -0.0458  -0.0575  -0.0273  -0.0394
  0.0105   0.0558  -0.0359  -0.0468  -0.0199  -0.0348
  0.0122   0.0487  -0.0331  -0.0493  -0.0196  -0.0318
  0.0085   0.0500  -0.0305  -0.0426  -0.0101  -0.0313
  0.0040   0.0411  -0.0281  -0.0474  -0.0258  -0.0465
  0.0030   0.0439  -0.0251  -0.0375  -0.0223  -0.0301
  0.0086   0.0329  -0.0175  -0.0279  -0.0096  -0.0240
  0.0085   0.0369  -0.0214  -0.0336  -0.0151  -0.0173
  0.0039   0.0393  -0.0220  -0.0363  -0.0142  -0.0237
  0.0043   0.0310  -0.0176  -0.0367  -0.0151  -0.0201
  0.0059   0.0324  -0.0144  -0.0252  -0.0095  -0.0161
  0.0044   0.0317  -0.0160  -0.0343  -0.0085  -0.0207
  0.0063   0.0241  -0.0150  -0.0271  -0.0072  -0.0138
  0.0125   0.0264  -0.0226  -0.0349  -0.0074  -0.0260
  0.0122   0.0191  -0.0078  -0.0133   0.0021  -0.0135
  0.0147   0.0129  -0.0029  -0.0142   0.0091  -0.0220
  0.0163   0.0120  -0.0043  -0.0183   0.0131  -0.0050
  0.0166  -0.0072   0.0007   0.0017   0.0165   0.0058
  0.0346  -0.0226  -0.0128   0.0320   0.0143   0.0238
 -0.0004  -0.0364  -0.0325   0.0105  -0.0239   0.0093
 -0.0042  -0.0270  -0.0374  -0.0279  -0.0217   0.0315
 -0.0010  -0.0392  -0.0347  -0.0077  -0.0168   0.0154
 -0.0089  -0.0404  -0.0288   0.0090  -0.0259   0.0158
 -0.0154  -0.0418  -0.0372  -0.0105  -0.0321   0.0350
 -0.0133  -0.0473  -0.0291   0.0087  -0.0202   0.0214
 -0.0140  -0.0680  -0.0185   0.0305  -0.0237   0.0237
 -0.0167  -0.0732  -0.0060   0.0536  -0.0246   0.0373
 -0.0174  -0.0745   0.0001   0.0565  -0.0184   0.0360
 -0.0215  -0.0690  -0.0050   0.0381  -0.0148   0.0296
 -0.0172  -0.0685   0.0027   0.0488  -0.0122   0.0258
 -0.0154  -0.0774   0.0050   0.0670  -0.0106   0.0460
 -0.0162  -0.0807   0.0105   0.0787  -0.0048   0.0551
 -0.0175  -0.0762   0.0114   0.0628  -0.0066   0.0419
 -0.0202  -0.0777   0.0071   0.0691  -0.0064   0.0521
 -0.0165  -0.0836   0.0126   0.0641  -0.0030   0.0487
 -0.0190  -0.0807   0.0179   0.0605  -0.0014   0.0480
 -0.0112  -0.0848   0.0263   0.0718   0.0061   0.0439
 -0.0115  -0.0952   0.0305   0.0756   0.0114   0.0621
 -0.0091  -0.1003   0.0299   0.0685   0.0141   0.0694
 -0.0107  -0.0970   0.0285   0.0631   0.0176   0.0599
 -0.0070  -0.1060   0.0356   0.0763   0.0245   0.0615
 -0.0017  -0.1076   0.0447   0.1029   0.0240   0.0558
 -0.0038  -0.1045   0.0413   0.0800   0.0260   0.0619
  0.0065  -0.1113   0.0402   0.0849   0.0323   0.0718
  0.0060  -0.1111   0.0503   0.0849   0.0410   0.0605
  0.0085  -0.1151   0.0492   0.0826   0.0383   0.0642
  0.0038  -0.1197   0.0592   0.1076   0.0465   0.0744
  0.0092  -0.1272   0.0695   0.1225   0.0514   0.0791
  0.0169  -0.1361   0.0728   0.1329   0.0601   0.0752
  0.0154  -0.1422   0.0755   0.1228   0.0584   0.0861
  0.0147  -0.1362   0.0753   0.1268   0.0544   0.0732
  0.0132  -0.1355   0.0798   0.1320   0.0572   0.0905
  0.0103  -0.1314   0.0778   0.1146   0.0571   0.0861
  0.0178  -0.0820   0.0526   0.1085   0.0466   0.1041
  0.0101  -0.1108   0.0516   0.0925   0.0396   0.0670
  0.0029  -0.1338   0.0662   0.1175   0.0533   0.0878
  0.0090  -0.1537   0.0707   0.1449   0.0567   0.0831
  0.0092  -0.1461   0.0674   0.1521   0.0540   0.0922
  0.0075  -0.1531   0.0783   0.1252   0.0602   0.0928
  0.0077  -0.1544   0.0767   0.1232   0.0533   0.1082
  0.0089  -0.1572   0.0745   0.1044   0.0583   0.0924
  0.0070  -0.1578   0.0769   0.0992   0.0593   0.0958
  0.0083  -0.1582   0.0756   0.1003   0.0560   0.0954
  0.0106  -0.1488   0.0851   0.1088   0.0650   0.0969
  0.0176  -0.1625   0.0972   0.1307   0.0746   0.0985
  0.0168  -0.1757   0.1000   0.1374   0.0760   0.0981
  0.0221  -0.1761   0.1068   0.1439   0.0862   0.1192
  0.0214  -0.1835   0.1129   0.1342   0.0968   0.1172
  0.0169  -0.1811   0.1154   0.1484   0.0931   0.1099
  0.0177  -0.1830   0.1212   0.1600   0.0918   0.1093
  0.0170  -0.1991   0.1325   0.1810   0.0977   0.1124
  0.0234  -0.2117   0.1415   0.1990   0.1088   0.1283
  0.0220  -0.2262   0.1427   0.2014   0.1097   0.1299
  0.0266  -0.2194   0.1510   0.2060   0.1190   0.1445
  0.0310  -0.2214   0.1454   0.1924   0.1208   0.1412
  0.0316  -0.2330   0.1528   0.1841   0.1202   0.1405
  0.0366  -0.2432   0.1606   0.2035   0.1349   0.1427
  0.0430  -0.2488   0.1596   0.2030   0.1400   0.1424
  0.0355  -0.2279   0.1473   0.1824   0.1264   0.1250
  0.0368  -0.2237   0.1492   0.1767   0.1272   0.1433
  0.0375  -0.2248   0.1487   0.1693   0.1287   0.1374
  0.0364  -0.2279   0.1501   0.1884   0.1276   0.1335
  0.0407  -0.2398   0.1416   0.1674   0.1268   0.1378
  0.0372  -0.2087   0.1455   0.1508   0.1254   0.1427
