  0.1371   0.9476   0.0361  -0.7741   0.0896  -0.1297
  0.0033   1.0214  -0.2715  -0.4830  -0.0957  -0.1510
  0.0280   0.9459  -0.2487  -0.5376  -0.0416  -0.1915
  0.0306   0.7856  -0.1468  -0.5118  -0.0016  -0.1919
  0.0510   0.6274  -0.0960  -0.3888   0.0306  -0.1776
  0.0682   0.5596  -0.0744  -0.3141   0.0234  -0.1543
  0.0679   0.4786  -0.0603  -0.3003   0.0408  -0.1369
  0.0690   0.4338  -0.0302  -0.2849   0.0545  -0.1239
  0.0559   0.4396  -0.0365  -0.3151   0.0655  -0.1126
  0.0706   0.3821  -0.0265  -0.2406   0.0674  -0.0685
  0.0741   0.3320   0.0013  -0.2653   0.0788  -0.0688
  0.0713   0.3147  -0.0000  -0.2638   0.0793  -0.0878
  0.0780   0.2895  -0.0164  -0.1907   0.0711  -0.0284
  0.0761   0.2658   0.0079  -0.2923   0.0729  -0.0612
  0.0756   0.2761  -0.0014  -0.2885   0.0765  -0.0832
  0.0589   0.2461  -0.0073  -0.2130   0.0674  -0.0654
  0.0649   0.2264   0.0007  -0.1229   0.0541  -0.0285
  0.0587   0.2301  -0.0159  -0.1575   0.0506  -0.0311
  0.0712   0.2181  -0.0131  -0.2064   0.0690  -0.0259
  0.0784   0.1650   0.0026  -0.1354   0.0772  -0.0035
  0.0798   0.1342   0.0132  -0.0933   0.0828  -0.0248
  0.0901   0.1166   0.0115  -0.0565   0.0940  -0.0358
  0.0565   0.1410  -0.0075  -0.1059   0.0606  -0.0213
  0.0354   0.1268  -0.0099  -0.1235   0.0532   0.0006
  0.0280   0.1216  -0.0125  -0.2047   0.0485  -0.0256
  0.0057   0.1699  -0.0425  -0.1543   0.0508  -0.0537
  0.0163   0.1513  -0.0251  -0.1671   0.0457  -0.0164
  0.0274   0.0839  -0.0068  -0.1078   0.0506  -0.0112
  0.0392   0.0542  -0.0068  -0.0591   0.0581  -0.0082
  0.0105   0.0520  -0.0146  -0.0408   0.0518  -0.0106
  0.0350   0.0474  -0.0054  -0.0487   0.0817  -0.0194
  0.0205   0.0038  -0.0122  -0.0086   0.0784   0.0587
  0.0489  -0.0304   0.0070  -0.1220   0.0342   0.0549
  0.0595  -0.0959   0.0391  -0.1142   0.0646   0.0407
  0.0656  -0.1037   0.0412   0.0015   0.0755   0.0297
  0.0535  -0.1055   0.0329   0.0267   0.0761   0.0182
  0.0415  -0.1104   0.0283   0.0071   0.0583   0.0425
  0.0388  -0.1196   0.0238   0.0249   0.0556   0.0488
  0.0529  -0.1217   0.0364   0.0007   0.0667   0.0332
  0.0453  -0.1164   0.0268  -0.0186   0.0636   0.0279
  0.0411  -0.1353   0.0377  -0.0186   0.0561   0.0363
  0.0464  -0.1300   0.0308  -0.0398   0.0532   0.0408
  0.0491  -0.1531   0.0503  -0.0621   0.0610   0.0666
  0.0569  -0.1517   0.0472  -0.1005   0.0589   0.0864
  0.0575  -0.1683   0.0504  -0.0962   0.0640   0.0822
  0.0653  -0.1544   0.0485  -0.0576   0.0665   0.0711
  0.0591  -0.1628   0.0416   0.0004   0.0665   0.0995
  0.0584  -0.1662   0.0554  -0.0373   0.0573   0.0509
  0.0556  -0.1796   0.0553  -0.0303   0.0525   0.0210
  0.0650  -0.1837   0.0577  -0.0557   0.0570   0.0135
  0.0669  -0.1947   0.0554   0.0281   0.0689   0.0271
  0.0696  -0.2041   0.0543   0.0690   0.0742   0.0536
  0.0732  -0.0229   0.0259  -0.0101   0.0632   0.0215
  0.1497   0.8452   0.1163  -0.5796   0.1805  -0.0317
  0.1659   0.6800   0.1141  -0.5517   0.1769  -0.0593
  0.1098   0.2976   0.0704  -0.3208   0.1179  -0.0177
  0.1008   0.1708   0.0667  -0.2052   0.1064   0.0020
  0.0842   0.1482   0.0381  -0.2100   0.0835   0.0055
  0.0571   0.1510   0.0234  -0.2445   0.0515   0.0253
  0.0611   0.1304   0.0244  -0.2187   0.0366   0.0256
  0.0623   0.0887   0.0239  -0.1901   0.0406   0.0235
  0.0623   0.0513   0.0368  -0.1843   0.0377   0.0165
  0.0536   0.0435   0.0332  -0.2114   0.0323   0.0001
  0.0377   0.1212   0.0178  -0.2277   0.0201  -0.0148
  0.0448   0.1632   0.0114  -0.3313  -0.0098  -0.0568
  0.0593   0.1189   0.0188  -0.3728  -0.0082  -0.0803
  0.0518   0.0704   0.0157  -0.2784   0.0134  -0.0378
  0.0432   0.0408   0.0312  -0.2308   0.0162  -0.0204
  0.0381   0.0329   0.0292  -0.2255   0.0162  -0.0233
  0.0502  -0.0289   0.0551  -0.3131   0.0170  -0.0202
  0.0297   0.0007   0.0312  -0.2741   0.0201  -0.0211
  0.0371  -0.0085   0.0393  -0.2660   0.0159   0.0038
  0.0330  -0.0005   0.0414  -0.2886   0.0134  -0.0101
  0.0196  -0.0022   0.0313  -0.2642   0.0143  -0.0040
  0.0157   0.0041   0.0286  -0.2244   0.0094  -0.0099
  0.0266  -0.0107   0.0425  -0.1753   0.0061  -0.0179
  0.0338  -0.0286   0.0500  -0.1189   0.0160   0.0114
  0.0525  -0.0476   0.0626  -0.0946   0.0428   0.0273
  0.0750  -0.0855   0.0830  -0.0444   0.0698   0.0432
  0.0742  -0.0976   0.0838  -0.0637   0.0788   0.0431
  0.0869  -0.1054   0.0871  -0.0229   0.0879   0.0447
  0.0781  -0.1039   0.0848  -0.0313   0.0860   0.0409
  0.0695  -0.0883   0.0719  -0.0663   0.0853   0.0249
  0.0653  -0.1036   0.0791  -0.0274   0.0891   0.0244
  0.0624  -0.1134   0.0589   0.0203   0.0901   0.0302
  0.0517  -0.1022   0.0695   0.0164   0.0750   0.0322
  0.0367  -0.0719   0.0555  -0.0608   0.0655   0.0197
  0.0211  -0.0786   0.0463  -0.0532   0.0528   0.0112
  0.0199  -0.0548   0.0318  -0.0644   0.0553   0.0116
  0.0151  -0.0555   0.0393  -0.0722   0.0477   0.0105
  0.0235  -0.0533   0.0424  -0.0975   0.0449   0.0013
  0.0260  -0.0397   0.0356  -0.0830   0.0448  -0.0085
  0.0338  -0.0551   0.0462  -0.0342   0.0440   0.0036
  0.0298  -0.0464   0.0430  -0.0472   0.0453   0.0094
  0.0273  -0.0293   0.0370  -0.0590   0.0435  -0.0152
  0.0024  -0.0300   0.0289  -0.0672   0.0315  -0.0209
  0.0097  -0.0260   0.0280  -0.0543   0.0303  -0.0304
  0.0132  -0.0176   0.0290   0.0005   0.0280  -0.0062
  0.0038   0.0086   0.0275  -0.1596   0.0197  -0.0408
  0.0025   0.0102   0.0155  -0.2235   0.0291  -0.0561
 -0.0137  -0.0042   0.0226  -0.1745   0.0347  -0.0287
 -0.0048  -0.0013   0.0197  -0.2077   0.0211  -0.0185
 -0.0022  -0.0009   0.0105  -0.1226   0.0093   0.0028
 -0.0075  -0.0138   0.0158  -0.0973   0.0079   0.0030
 -0.0092  -0.0062   0.0146  -0.0737   0.0068  -0.0067
  0.0088   0.0122   0.0089  -0.1046   0.0064  -0.0202
  0.0067   0.0007   0.0365  -0.1908   0.0167  -0.0149
 -0.0057  -0.0012   0.0203  -0.1558   0.0119  -0.0037
 -0.0173   0.0017   0.0014  -0.0959   0.0189  -0.0243
 -0.0274  -0.0236   0.0237  -0.0148   0.0033   0.0048
 -0.0468  -0.0338   0.0184   0.2275  -0.0303   0.0270
 -0.0266   0.0025   0.0328   0.1381  -0.0312  -0.0545
 -0.0198   0.0087   0.0253   0.0313  -0.0211  -0.0276
 -0.0225   0.0029   0.0242   0.0610  -0.0237  -0.0137
 -0.0217  -0.0076   0.0129   0.1655  -0.0249   0.0134
 -0.0279   0.0154   0.0184   0.0831  -0.0137  -0.0280
 -0.0333  -0.0063   0.0138   0.2074  -0.0322   0.0235
 -0.0467   0.0130   0.0077   0.0984  -0.0103  -0.0238
 -0.0462   0.0041   0.0089   0.1144  -0.0266  -0.0074
 -0.0305   0.0206   0.0097   0.0301  -0.0235  -0.0134
 -0.0419   0.0118   0.0180   0.0876  -0.0209  -0.0369
 -0.0565  -0.0017  -0.0002   0.1787  -0.0248  -0.0225
 -0.0543   0.0111  -0.0033   0.0961  -0.0243  -0.0233
 -0.0539   0.0008  -0.0192   0.1854  -0.0346  -0.0075
 -0.0378   0.0088   0.0046   0.0116  -0.0266  -0.0221
 -0.0568   0.0054  -0.0158   0.0923  -0.0166  -0.0320
 -0.0420   0.0208  -0.0062   0.0954  -0.0309  -0.0155
 -0.0328   0.0037   0.0173  -0.0606  -0.0191  -0.0067
 -0.0494   0.0143  -0.0032   0.1989  -0.0365  -0.0160
 -0.0404   0.0154   0.0163   0.1643  -0.0274  -0.0222
 -0.0419   0.0376   0.0142   0.0984  -0.0270  -0.0512
 -0.0654   0.0229  -0.0129   0.3431  -0.0460  -0.0058
 -0.0371   0.0526   0.0151   0.0867  -0.0340  -0.0363
 -0.0300   0.0412   0.0124   0.1046  -0.0382   0.0049
 -0.0309   0.0262   0.0356  -0.0715  -0.0253  -0.0045
 -0.0312   0.0339   0.0174   0.1108  -0.0271  -0.0469
 -0.0439   0.0027   0.0081   0.2179  -0.0306  -0.0082
 -0.0588   0.0260  -0.0158   0.2896  -0.0341  -0.0219
 -0.0610   0.0385  -0.0189   0.2840  -0.0460  -0.0311
 -0.0522   0.0378  -0.0113   0.3098  -0.0469  -0.0181
 -0.0430   0.0280  -0.0148   0.3169  -0.0420  -0.0211
 -0.0231   0.0146  -0.0096   0.3736  -0.0532   0.0015
 -0.0236  -0.0025   0.0120   0.3496  -0.0367  -0.0008
 -0.5518  -1.4426  -0.4260   1.4104  -0.5436   0.1634
 -0.4986  -1.7116  -0.4424   1.4902  -0.5424   0.2882
 -0.2799  -0.9155  -0.1456   0.9470  -0.3041   0.1622
 -0.2391  -0.6952  -0.1155   0.7640  -0.2672   0.1414
 -0.2304  -0.6026  -0.1237   0.7770  -0.2553   0.1192
 -0.2285  -0.5840  -0.1355   0.8549  -0.2606   0.1394
 -0.2262  -0.5250  -0.1385   0.7708  -0.2559   0.1423
 -0.2352  -0.4828  -0.1417   0.5924  -0.2380   0.1261
 -0.2265  -0.4981  -0.1362   0.7041  -0.2513   0.1347
 -0.2175  -0.4769  -0.1256   0.6969  -0.2545   0.1507
 -0.2093  -0.4445  -0.1200   0.5958  -0.2450   0.1399
 -0.2105  -0.4649  -0.1163   0.7169  -0.2516   0.1571
 -0.2113  -0.4321  -0.1115   0.5948  -0.2434   0.1179
 -0.2165  -0.4539  -0.1225   0.7021  -0.2517   0.1284
 -0.2139  -0.4210  -0.1205   0.5487  -0.2439   0.1178
 -0.2357  -0.4150  -0.1378   0.5384  -0.2350   0.0853
 -0.2029  -0.4242  -0.1304   0.5797  -0.2282   0.0976
