  0.0781   0.6947   0.2112  -0.4101   0.1519   0.1730
  0.1429   0.6847   0.1729  -0.3901   0.1010   0.0094
  0.1485   0.6760   0.1628  -0.3310   0.1083  -0.0378
  0.1531   0.6778   0.1648  -0.3257   0.1081  -0.0498
  0.1502   0.6753   0.1342  -0.2870   0.1102  -0.0733
  0.1474   0.6594   0.1528  -0.2805   0.0950  -0.0665
  0.1282   0.6321   0.1512  -0.2705   0.0760  -0.0711
  0.1382   0.6291   0.1408  -0.2683   0.0998  -0.0652
  0.1202   0.5758   0.1679  -0.2537   0.0585  -0.0524
  0.1244   0.5348   0.1646  -0.2353   0.0779  -0.0410
  0.1233   0.4693   0.2003  -0.2313   0.0595  -0.0226
  0.1349   0.4868   0.1751  -0.2360   0.0772  -0.0258
  0.1213   0.5028   0.1730  -0.2312   0.0873  -0.0390
  0.1126   0.4861   0.1588  -0.2236   0.0709  -0.0466
  0.1156   0.4745   0.1700  -0.2103   0.0855  -0.0590
  0.1053   0.4703   0.1616  -0.1854   0.0579  -0.0609
  0.1116   0.4649   0.1496  -0.1942   0.0693  -0.0471
  0.1107   0.4318   0.1653  -0.1973   0.0693  -0.0501
  0.1080   0.4186   0.1518  -0.1756   0.0643  -0.0529
  0.0873   0.4077   0.1816  -0.1774   0.0728  -0.0345
  0.0792   0.3966   0.1818  -0.1848   0.0525  -0.0203
  0.0835   0.3753   0.1939  -0.1897   0.0479  -0.0165
  0.0883   0.3975   0.2003  -0.1918   0.0325  -0.0050
  0.0958   0.4040   0.1786  -0.1832   0.0651  -0.0170
  0.0883   0.4040   0.1743  -0.1821   0.0296  -0.0225
  0.0799   0.3998   0.1720  -0.1815   0.0461  -0.0367
  0.0885   0.3996   0.1784  -0.1868   0.0276  -0.0149
  0.0840   0.3873   0.1708  -0.1863   0.0426  -0.0164
  0.0671   0.3750   0.1702  -0.1748   0.0198  -0.0220
  0.0571   0.3416   0.1654  -0.1732   0.0334  -0.0327
  0.0600   0.3455   0.1769  -0.1807   0.0174  -0.0035
  0.0565   0.3445   0.1697  -0.1815   0.0190  -0.0033
  0.0817   0.3066   0.1484  -0.2155   0.0485   0.0162
  0.1413   0.3167   0.1008  -0.2358   0.0981   0.0258
  0.1311   0.3582   0.1381  -0.2656   0.0455   0.0443
  0.1231   0.3436   0.1152  -0.2454   0.0674   0.0236
  0.1219   0.3318   0.1261  -0.2275   0.0318   0.0328
  0.1018   0.2756   0.1121  -0.1851   0.0640   0.0169
  0.1029   0.2717   0.1245  -0.1889   0.0276   0.0259
  0.0943   0.2770   0.1010  -0.1880   0.0472   0.0186
  0.0852   0.2718   0.1029  -0.2148   0.0156   0.0279
  0.0874   0.2884   0.1033  -0.2177   0.0486   0.0435
  0.0933   0.2929   0.1009  -0.2245   0.0259   0.0526
  0.0751   0.2776   0.0931  -0.2168   0.0318   0.0325
  0.0696   0.2657   0.1120  -0.2111   0.0267   0.0409
  0.0771   0.2545   0.0968  -0.2012   0.0401   0.0344
  0.0747   0.2726   0.0965  -0.2222   0.0357   0.0347
  0.0795   0.2537   0.0916  -0.2046   0.0303   0.0227
  0.0737   0.2694   0.1125  -0.2131   0.0237   0.0382
  0.0683   0.2554   0.0920  -0.1842   0.0189   0.0296
  0.0583   0.2498   0.1000  -0.2094   0.0207   0.0251
  0.0591   0.2460   0.0900  -0.1951   0.0164   0.0295
  0.0605   0.2309   0.1057  -0.1909   0.0137   0.0395
  0.0468   0.1992   0.0778  -0.1800   0.0143   0.0347
  0.0519   0.1858   0.0971  -0.1851   0.0288   0.0395
  0.0436   0.1532   0.0948  -0.1809   0.0044   0.0541
  0.0265   0.1827   0.0896  -0.2215   0.0045   0.0484
  0.0353   0.1924   0.0916  -0.2136   0.0020   0.0501
  0.0432   0.2068   0.0777  -0.1976   0.0266   0.0617
  0.0409   0.1737   0.0732  -0.1644   0.0004   0.0441
  0.0379   0.1447   0.0718  -0.1481   0.0303   0.0459
  0.0303   0.1378   0.0648  -0.1461   0.0049   0.0512
  0.0192   0.1560   0.0452  -0.1606   0.0292   0.0307
  0.0060   0.1215   0.0387  -0.1644   0.0072   0.0300
 -0.0056   0.1317   0.0383  -0.1534   0.0238   0.0361
  0.0080   0.1371   0.0438  -0.1525   0.0071   0.0322
  0.0063   0.1163   0.0381  -0.1448   0.0126   0.0071
  0.0004   0.1247   0.0580  -0.1399   0.0033   0.0319
  0.0028   0.1060   0.0497  -0.1173  -0.0058   0.0308
 -0.0103   0.1230   0.0497  -0.1396   0.0050   0.0122
 -0.0083   0.1102   0.0473  -0.1101  -0.0184   0.0372
  0.0068   0.1197   0.0343  -0.0993   0.0157   0.0237
  0.0039   0.1048   0.0503  -0.0982  -0.0172   0.0155
  0.0109   0.1140   0.0591  -0.0906   0.0041   0.0107
  0.0071   0.1112   0.0503  -0.1157  -0.0080   0.0217
  0.0146   0.1094   0.0493  -0.1110  -0.0071   0.0145
  0.0109   0.1197   0.0684  -0.1118  -0.0076   0.0264
  0.0132   0.1028   0.0559  -0.0969  -0.0159   0.0096
  0.0079   0.1097   0.0653  -0.0917  -0.0057   0.0139
  0.0127   0.1016   0.0494  -0.0645  -0.0133   0.0004
  0.0004   0.0958   0.0573  -0.1017   0.0032  -0.0144
  0.0009   0.0935   0.0727  -0.0800  -0.0184   0.0036
 -0.0041   0.1042   0.0682  -0.0933  -0.0029   0.0113
 -0.0017   0.0911   0.0584  -0.0987  -0.0356   0.0091
  0.0019   0.0980   0.0671  -0.0921  -0.0049   0.0205
  0.0058   0.0910   0.0631  -0.0799  -0.0238   0.0139
 -0.0054   0.0720   0.0632  -0.0928  -0.0020  -0.0008
 -0.0099   0.0724   0.0748  -0.0798  -0.0074   0.0181
  0.0020   0.0762   0.0619  -0.0824   0.0013   0.0121
 -0.0125   0.0751   0.0725  -0.0841  -0.0017   0.0124
 -0.0142   0.0525   0.0621  -0.0426  -0.0170   0.0359
 -0.0201   0.0821   0.0417  -0.0590   0.0012   0.0229
 -0.0345   0.0532   0.0448  -0.0486  -0.0352   0.0291
 -0.0300   0.0519   0.0444  -0.0495  -0.0016   0.0297
 -0.0177   0.0370   0.0353  -0.0330  -0.0202   0.0209
 -0.0130   0.0017   0.0255  -0.0322   0.0056   0.0114
 -0.0186   0.0052   0.0385  -0.0324  -0.0167   0.0218
 -0.0093  -0.0127   0.0231  -0.0257   0.0131   0.0135
 -0.0228  -0.0858   0.0067  -0.0135  -0.0033   0.0077
 -0.0333  -0.0833   0.0120  -0.0046   0.0190   0.0215
 -0.0321  -0.1099  -0.0029   0.0192  -0.0135   0.0313
 -0.0521  -0.1656  -0.0151   0.0189  -0.0019   0.0183
 -0.0759  -0.2145  -0.0250   0.0398  -0.0291   0.0400
 -0.0831  -0.2164  -0.0132   0.0409  -0.0198   0.0528
 -0.0838  -0.2118  -0.0090   0.0063  -0.0455   0.0507
 -0.0758  -0.2074  -0.0185   0.0288  -0.0258   0.0537
 -0.0798  -0.1867  -0.0029   0.0276  -0.0347   0.0709
 -0.0847  -0.2098  -0.0352   0.0596  -0.0377   0.0637
 -0.0811  -0.1914  -0.0237   0.0558  -0.0369   0.0690
 -0.0830  -0.2169  -0.0526   0.0980  -0.0377   0.0551
 -0.0990  -0.2244  -0.0491   0.0692  -0.0278   0.0246
 -0.0888  -0.2760  -0.0730   0.0993  -0.0468   0.0485
 -0.1075  -0.2695  -0.0834   0.1026  -0.0371   0.0421
 -0.1221  -0.3119  -0.0691   0.0934  -0.0754   0.0431
 -0.1320  -0.2798  -0.0780   0.0938  -0.0495   0.0493
 -0.1155  -0.2764  -0.1002   0.0993  -0.0652   0.0342
 -0.1303  -0.2912  -0.0917   0.1073  -0.0499   0.0323
 -0.1125  -0.2737  -0.0852   0.1138  -0.0634   0.0381
 -0.1258  -0.2952  -0.1032   0.1179  -0.0640   0.0321
 -0.1225  -0.2848  -0.0774   0.0914  -0.0687   0.0409
 -0.1022  -0.2841  -0.1003   0.1562  -0.0571   0.0196
 -0.1058  -0.3015  -0.1005   0.1585  -0.0422   0.0323
 -0.1132  -0.3411  -0.0923   0.1544  -0.0687   0.0243
 -0.1110  -0.2887  -0.0715   0.1324  -0.0747   0.0388
 -0.0025  -0.1106  -0.1118   0.0385   0.0393  -0.0069
 -0.0248  -0.1766  -0.0710   0.0794  -0.0262   0.0286
 -0.0183  -0.1777  -0.0987   0.0855   0.0161   0.0179
  0.0014  -0.2063  -0.1001   0.1340  -0.0128   0.0081
  0.0142  -0.2016  -0.1176   0.1650   0.0341  -0.0065
 -0.0210  -0.2869  -0.1516   0.2014   0.0042  -0.0047
 -0.0274  -0.3194  -0.1285   0.1747   0.0057   0.0125
 -0.0312  -0.3121  -0.1089   0.1689  -0.0209   0.0264
 -0.0489  -0.3194  -0.1408   0.1645  -0.0095   0.0113
 -0.0355  -0.3133  -0.1278   0.1600  -0.0190   0.0052
 -0.0335  -0.3249  -0.1487   0.1831   0.0029   0.0139
 -0.0649  -0.3314  -0.1388   0.1812  -0.0146   0.0347
 -0.0622  -0.3413  -0.1457   0.1790  -0.0150   0.0275
 -0.0615  -0.3333  -0.1425   0.1536  -0.0210   0.0143
 -0.0606  -0.3615  -0.1450   0.1803  -0.0231   0.0103
 -0.0587  -0.3499  -0.1241   0.1650  -0.0169   0.0286
 -0.0616  -0.3477  -0.1412   0.2066  -0.0265   0.0246
 -0.0488  -0.2949  -0.1512   0.2116  -0.0120   0.0002
 -0.0538  -0.3271  -0.1587   0.2323  -0.0167   0.0006
 -0.0622  -0.3406  -0.1469   0.2068  -0.0380  -0.0045
 -0.0602  -0.3484  -0.1530   0.2271  -0.0364  -0.0031
 -0.0585  -0.3230  -0.1369   0.2287  -0.0234   0.0175
 -0.0556  -0.3338  -0.1457   0.2395  -0.0476   0.0057
 -0.0521  -0.3196  -0.1494   0.2487  -0.0328  -0.0107
 -0.0618  -0.3137  -0.1737   0.2640  -0.0577  -0.0326
 -0.0671  -0.3143  -0.1646   0.2320  -0.0481  -0.0406
 -0.0735  -0.3319  -0.1559   0.2533  -0.0677  -0.0372
 -0.0785  -0.3216  -0.1746   0.2715  -0.0446  -0.0490
 -0.0602  -0.3373  -0.1734   0.2729  -0.0508  -0.0296
 -0.0843  -0.3654  -0.1762   0.2785  -0.0427  -0.0266
 -0.0721  -0.3693  -0.1696   0.2566  -0.0536  -0.0276
 -0.0656  -0.3914  -0.1856   0.3093  -0.0413  -0.0716
 -0.0674  -0.3916  -0.1816   0.2670  -0.0306  -0.0522
 -0.0759  -0.4044  -0.1838   0.2960  -0.0393  -0.0588
 -0.0656  -0.3705  -0.1595   0.2743  -0.0215  -0.0530
 -0.0595  -0.3956  -0.1843   0.3435  -0.0219  -0.0694
 -0.0514  -0.3935  -0.1791   0.3004  -0.0223  -0.0445
 -0.0582  -0.4191  -0.1956   0.3408  -0.0367  -0.0738
 -0.0677  -0.4428  -0.1849   0.3566  -0.0379  -0.0881
 -0.0681  -0.4225  -0.1770   0.3466  -0.0608  -0.0648
 -0.0585  -0.4331  -0.1710   0.3572  -0.0556  -0.0534
 -0.0621  -0.4119  -0.1665   0.3475  -0.0397  -0.0433
 -0.0609  -0.4258  -0.1684   0.3626  -0.0721  -0.0488
 -0.0551  -0.4124  -0.1768   0.3729  -0.0384  -0.0543
 -0.0573  -0.4315  -0.1868   0.3786  -0.0559  -0.0564
 -0.0585  -0.4454  -0.1843   0.3998  -0.0428  -0.0806
 -0.0656  -0.4458  -0.1723   0.3917  -0.0596  -0.0626
 -0.0715  -0.4638  -0.1843   0.3866  -0.0511  -0.0980
 -0.0748  -0.4484  -0.1686   0.3713  -0.0663  -0.0750
 -0.0631  -0.4661  -0.1871   0.4114  -0.0621  -0.0892
 -0.0643  -0.4635  -0.1730   0.3763  -0.0559  -0.0935
 -0.0682  -0.4829  -0.1790   0.4092  -0.0503  -0.0945
 -0.0618  -0.4845  -0.1727   0.3828  -0.0630  -0.0812
 -0.0753  -0.5013  -0.1831   0.3916  -0.0740  -0.0990
 -0.0760  -0.4775  -0.1731   0.3828  -0.0476  -0.0813
 -0.0661  -0.5015  -0.2023   0.4172  -0.0599  -0.0922
