  0.0273   0.7973   0.1110  -0.2573   0.0970  -0.0333
  0.0277   0.7900   0.0924  -0.2364   0.0952  -0.0267
  0.0092   0.7722   0.0998  -0.2444   0.0685  -0.0463
 -0.0078   0.7305   0.0867  -0.1952   0.0390  -0.0207
 -0.0108   0.7175   0.0831  -0.2038   0.0608  -0.0369
 -0.0106   0.7256   0.0698  -0.1928   0.0563  -0.0230
  0.0102   0.7577   0.0904  -0.2402   0.0973  -0.0215
  0.0069   0.6903   0.0697  -0.2317   0.0952  -0.0574
 -0.0009   0.7189   0.0853  -0.2286   0.0837  -0.0482
 -0.0340   1.2818   0.0809  -0.5496   0.0619  -0.1585
 -0.0351   1.3288   0.0973  -0.5866   0.0756  -0.1682
 -0.0174   1.2650   0.0903  -0.6010   0.0787  -0.1894
 -0.0130   1.1411   0.0888  -0.5407   0.0775  -0.1955
 -0.0326   1.0797   0.1029  -0.5447   0.0756  -0.2129
 -0.0263   1.0285   0.1009  -0.5022   0.0843  -0.1942
 -0.0263   0.9853   0.0865  -0.4806   0.0766  -0.1732
 -0.0284   0.9841   0.0893  -0.4905   0.0750  -0.1742
 -0.0165   0.8984   0.0844  -0.4377   0.0670  -0.1521
 -0.0427   0.9124   0.0853  -0.4893   0.0499  -0.1994
 -0.0672   0.8438   0.0748  -0.4081   0.0342  -0.1668
 -0.0592   0.8801   0.0726  -0.4177   0.0554  -0.1603
 -0.0506   0.8663   0.0677  -0.3992   0.0483  -0.1461
 -0.0501   0.8835   0.0663  -0.4466   0.0572  -0.1704
 -0.0496   0.8962   0.0617  -0.4932   0.0657  -0.1786
 -0.0362   0.8723   0.0565  -0.4534   0.0655  -0.1647
 -0.0171   0.8222   0.0255  -0.4232   0.0647  -0.1527
 -0.0233   0.8224   0.0324  -0.4284   0.0583  -0.1455
 -0.0375   0.8325   0.0395  -0.4522   0.0613  -0.1804
 -0.0357   0.8134   0.0305  -0.4235   0.0637  -0.1443
 -0.0514   0.8002   0.0341  -0.4003   0.0606  -0.1044
 -0.0550   0.7648   0.0272  -0.3971   0.0495  -0.1139
 -0.0566   0.7130   0.0338  -0.3772   0.0447  -0.1219
 -0.0537   0.6696   0.0172  -0.3470   0.0464  -0.1293
 -0.0519   0.6917  -0.0000  -0.3449   0.0649  -0.1121
 -0.0335   0.7206   0.0065  -0.3689   0.0588  -0.0822
 -0.0387   0.6784   0.0044  -0.3446   0.0593  -0.1189
 -0.0467   0.6743  -0.0078  -0.3294   0.0489  -0.0859
 -0.0594   0.6431  -0.0031  -0.3051   0.0426  -0.0724
 -0.0699   0.6210  -0.0083  -0.3441   0.0350  -0.1213
 -0.0584   0.6589  -0.0287  -0.3560   0.0342  -0.1237
 -0.0601   0.7557  -0.0026  -0.3906   0.0030  -0.1463
 -0.0863   0.7175   0.0129  -0.3915   0.0170  -0.1440
 -0.0685   0.6980   0.0038  -0.3833   0.0111  -0.1326
 -0.0682   0.6581   0.0146  -0.3554   0.0178  -0.1189
 -0.0644   0.6657  -0.0032  -0.3714   0.0147  -0.1376
 -0.0773   0.6206   0.0152  -0.3575   0.0172  -0.1400
 -0.0791   0.5695   0.0131  -0.3023   0.0195  -0.1023
 -0.0649   0.5498   0.0046  -0.2765   0.0239  -0.1003
 -0.0759   0.5134   0.0091  -0.2831   0.0122  -0.1284
 -0.0706   0.4853   0.0185  -0.2092   0.0201  -0.0696
 -0.0712   0.4553   0.0137  -0.2356   0.0173  -0.0804
 -0.0663   0.4596   0.0205  -0.2323   0.0114  -0.0460
 -0.0608   0.4443   0.0184  -0.1950   0.0169  -0.0313
 -0.0582   0.4227   0.0115  -0.2518   0.0074  -0.0758
 -0.0692   0.4405   0.0116  -0.2264   0.0116  -0.0581
 -0.0615   0.4167   0.0119  -0.2025   0.0071  -0.0355
 -0.0699   0.4034   0.0085  -0.2251   0.0070  -0.0692
 -0.0689   0.3887   0.0088  -0.2100   0.0084  -0.0488
 -0.0692   0.4611   0.0076  -0.2537   0.0077  -0.0547
 -0.0634   0.4117   0.0044  -0.2296   0.0086  -0.0541
 -0.0703   0.3760   0.0080  -0.1986   0.0096  -0.0832
 -0.0442   0.2509  -0.0143  -0.1010   0.0152  -0.0108
 -0.0478   0.1626  -0.0296  -0.0561   0.0029  -0.0540
 -0.0619   0.2181  -0.0160  -0.1210  -0.0075  -0.0633
 -0.0633   0.2029  -0.0213  -0.0751  -0.0087  -0.0297
 -0.0635   0.1967  -0.0277  -0.0725  -0.0180  -0.0420
 -0.0682   0.1947  -0.0306  -0.0658  -0.0135  -0.0235
 -0.0687   0.1919  -0.0325  -0.0548  -0.0194  -0.0280
 -0.0678   0.1838  -0.0230  -0.1079  -0.0122  -0.0495
 -0.0581   0.1747  -0.0493  -0.0636  -0.0047  -0.0226
 -0.0564   0.1776  -0.0412  -0.0475  -0.0002  -0.0148
 -0.0441   0.1848  -0.0359  -0.0750   0.0208  -0.0307
 -0.0597   0.1722  -0.0360  -0.0643   0.0031  -0.0018
 -0.0653   0.1744  -0.0299  -0.0570  -0.0055  -0.0077
 -0.0626   0.1638  -0.0266  -0.0581  -0.0115  -0.0187
 -0.0690   0.1436  -0.0044  -0.0636  -0.0218  -0.0084
 -0.0590   0.1257  -0.0102  -0.1193  -0.0236  -0.0463
 -0.0596   0.1469  -0.0070  -0.0913  -0.0234  -0.0425
 -0.0585   0.1570  -0.0017  -0.1212  -0.0145  -0.0407
 -0.0574   0.1237  -0.0010  -0.1370  -0.0151  -0.0552
 -0.0487   0.0983  -0.0127  -0.0602  -0.0098   0.0066
 -0.0636   0.1234  -0.0048  -0.1127  -0.0225  -0.0250
 -0.0603   0.0905  -0.0006  -0.1023  -0.0195  -0.0476
 -0.0545   0.0984  -0.0028   0.0789  -0.0282   0.0101
 -0.0385   0.0931   0.0194  -0.0120  -0.0213  -0.0131
 -0.0398   0.0895   0.0010  -0.0094  -0.0125   0.0233
 -0.0410   0.0602  -0.0065   0.0368  -0.0162   0.0076
 -0.0488   0.0717  -0.0032   0.0025  -0.0152  -0.0288
 -0.0355   0.0570   0.0069   0.0087  -0.0123  -0.0205
 -0.0366   0.0798   0.0004  -0.0003  -0.0110   0.0115
 -0.0378   0.0574  -0.0034   0.0313  -0.0196   0.0135
 -0.0351   0.0544   0.0097  -0.0235  -0.0177  -0.0268
 -0.0274   0.0252   0.0122   0.0108  -0.0193   0.0042
 -0.0307   0.0119   0.0046   0.0440  -0.0193   0.0366
 -0.0291   0.0361   0.0063  -0.0571  -0.0177  -0.0347
 -0.0282   0.0083   0.0009   0.0248  -0.0162   0.0378
 -0.0202   0.0021   0.0188  -0.0416  -0.0138   0.0068
 -0.0244   0.0320  -0.0030  -0.0408  -0.0185  -0.0045
 -0.0423   0.0525   0.0002  -0.0483  -0.0193  -0.0038
 -0.0274   0.0556   0.0022  -0.1014  -0.0078  -0.0563
 -0.0221   0.0389  -0.0041  -0.0108  -0.0056   0.0031
 -0.0326   0.0357  -0.0048   0.0112  -0.0031   0.0123
 -0.0265   0.0039  -0.0036  -0.0283  -0.0165   0.0040
 -0.0313  -0.0022  -0.0097  -0.0212  -0.0156  -0.0014
 -0.0240  -0.0818  -0.0148   0.0398  -0.0250   0.0122
 -0.0201  -0.1411  -0.0225   0.0941  -0.0180   0.0213
 -0.0180  -0.1910  -0.0175   0.1001  -0.0154   0.0223
 -0.0105  -0.0612  -0.0174  -0.0546  -0.0130  -0.0064
 -0.0016  -0.0574  -0.0377  -0.0090  -0.0202   0.0062
 -0.0039  -0.0492  -0.0178  -0.0624  -0.0132   0.0093
 -0.0061  -0.0975  -0.0155  -0.0272  -0.0133  -0.0209
  0.0028  -0.1412  -0.0314   0.0326  -0.0160   0.0156
  0.0087  -0.1234  -0.0288   0.0235  -0.0082   0.0367
  0.0071  -0.1149  -0.0226   0.0151  -0.0109   0.0392
  0.0058  -0.1180  -0.0182  -0.0267  -0.0085  -0.0146
  0.0084  -0.1276  -0.0394   0.0913  -0.0281  -0.0073
 -0.0060  -0.0890  -0.0821   0.2780  -0.0298   0.0257
 -0.0309  -0.0353  -0.0518   0.0467  -0.0116   0.0352
 -0.0256  -0.0437  -0.0721   0.1015  -0.0105   0.0146
 -0.0187  -0.0756  -0.0637   0.1503  -0.0161  -0.0095
 -0.0103  -0.0833  -0.0634   0.1833  -0.0223   0.0235
 -0.0083  -0.1900  -0.0361   0.2171  -0.0306   0.0321
 -0.0033  -0.1576  -0.0283   0.2447  -0.0267   0.0496
  0.0031  -0.1705  -0.0181   0.2229  -0.0193   0.0630
  0.0039  -0.2134  -0.0228   0.2416  -0.0157   0.1003
 -0.0033  -0.2539  -0.0241   0.2765  -0.0270   0.1050
  0.0001  -0.3058  -0.0223   0.2621  -0.0241   0.0685
  0.0183  -0.2199  -0.0347   0.3054  -0.0355   0.0964
  0.0031  -0.2692  -0.0200   0.3227  -0.0246   0.0914
  0.0153  -0.3476   0.0001   0.4446  -0.0295   0.1213
  0.0041  -0.3525  -0.0129   0.4489  -0.0359   0.1386
  0.0109  -0.3184  -0.0021   0.3602  -0.0292   0.0987
  0.0103  -0.3683   0.0075   0.4414  -0.0339   0.1278
  0.0086  -0.3487  -0.0071   0.3660  -0.0358   0.1052
  0.0092  -0.2893  -0.0021   0.3304  -0.0300   0.1109
  0.0078  -0.2947   0.0048   0.3420  -0.0223   0.1028
 -0.0011  -0.1867   0.0266   0.2566  -0.0276   0.0916
  0.0164  -0.2612   0.0158   0.3365  -0.0237   0.0962
  0.0169  -0.2465   0.0218   0.3046  -0.0213   0.0897
  0.0329  -0.2865   0.0158   0.3330  -0.0123   0.1319
  0.0203  -0.3056   0.0139   0.3408  -0.0294   0.1321
  0.0041  -0.3479   0.0145   0.3629  -0.0377   0.0993
  0.0040  -0.3667   0.0178   0.3674  -0.0382   0.0631
  0.0196  -0.3346   0.0214   0.3541  -0.0307   0.1019
  0.0163  -0.3075   0.0122   0.3775  -0.0329   0.1222
  0.0187  -0.3112   0.0117   0.3574  -0.0293   0.0822
  0.0120  -0.3266   0.0177   0.3825  -0.0277   0.1096
  0.0160  -0.3647   0.0001   0.4247  -0.0220   0.1241
  0.0217  -0.3671   0.0008   0.3612  -0.0112   0.0919
  0.0041  -0.2397  -0.0069   0.2107  -0.0191   0.0599
 -0.0107  -0.2449  -0.0038   0.2979  -0.0427   0.0893
  0.0005  -0.2910   0.0006   0.2620  -0.0333   0.0512
  0.0014  -0.2984   0.0064   0.2569  -0.0308   0.0591
  0.0117  -0.3576  -0.0089   0.2955  -0.0287   0.0937
  0.0297  -0.3740  -0.0038   0.2675  -0.0220   0.0612
  0.0289  -0.3829  -0.0050   0.2728  -0.0179   0.0645
  0.0335  -0.4081  -0.0150   0.3224  -0.0146   0.0962
  0.0396  -0.3845  -0.0118   0.2981  -0.0210   0.0799
  0.0270  -0.3587   0.0072   0.2350  -0.0366   0.0537
  0.0506  -0.4064  -0.0166   0.2965  -0.0214   0.0911
  0.0504  -0.3752  -0.0166   0.2481  -0.0083   0.0798
  0.0415  -0.3446   0.0036   0.1813  -0.0091   0.0616
  0.0448  -0.3563  -0.0107   0.2625  -0.0152   0.0965
  0.0381  -0.3583  -0.0057   0.1924  -0.0145   0.0496
  0.0429  -0.4350  -0.0178   0.2731  -0.0177   0.0884
  0.0383  -0.4063  -0.0224   0.2862  -0.0108   0.0731
  0.0238  -0.3520  -0.0039   0.2573  -0.0155   0.0709
  0.0500  -0.2662  -0.0232   0.0677  -0.0032   0.0366
  0.0489  -0.2410  -0.0211   0.1269  -0.0063   0.0600
  0.0408  -0.2406  -0.0181   0.0388  -0.0055   0.0159
  0.0497  -0.2555  -0.0131   0.0999  -0.0018   0.0463
  0.0359  -0.2698  -0.0127   0.1233  -0.0015   0.0600
  0.0388  -0.2768  -0.0133   0.0945  -0.0020   0.0501
  0.0323  -0.2740  -0.0047   0.1080   0.0011   0.0415
  0.0374  -0.2981  -0.0013   0.0747   0.0098   0.0239
  0.0364  -0.2723  -0.0307   0.1075   0.0061   0.0519
  0.0421  -0.3182  -0.0301   0.0963   0.0092   0.0294
  0.0463  -0.3284  -0.0267   0.1304   0.0120   0.0270
  0.0411  -0.2871  -0.0372   0.1274   0.0022   0.0416
  0.0439  -0.3341  -0.0354   0.1891   0.0044   0.0562
  0.0458  -0.3340  -0.0329   0.1591  -0.0118   0.0331
  0.0378  -0.3042  -0.0276   0.1338  -0.0194   0.0317
  0.0655  -0.3356  -0.0309   0.1653  -0.0066   0.0700
  0.0541  -0.3428  -0.0180   0.1287  -0.0152   0.0598
  0.0510  -0.4550   0.0006   0.0975  -0.0176   0.0265
  0.0720  -0.5916   0.0273   0.0567  -0.0278  -0.0235
  0.0612  -0.5350   0.0282   0.1650  -0.0314   0.0130
  0.0680  -0.4907   0.0090   0.2431  -0.0181   0.0745
  0.0626  -0.4941  -0.0114   0.2682  -0.0193   0.0741
  0.0429  -0.4634   0.0048   0.2086  -0.0128   0.0430
  0.0332  -0.3324   0.0007   0.0821   0.0059   0.0548
  0.0446  -0.3832  -0.0068   0.1207  -0.0061   0.0828
  0.0374  -0.4236  -0.0058   0.1381  -0.0157   0.0329
  0.0492  -0.4398   0.0018   0.1423  -0.0147   0.0497
  0.0499  -0.4630  -0.0024   0.1696  -0.0097   0.0644
  0.0441  -0.5235  -0.0096   0.1902  -0.0064   0.0747
  0.0620  -0.4728   0.0017   0.1470  -0.0093   0.0536
  0.0732  -0.4625  -0.0051   0.1331  -0.0003   0.0769
  0.0700  -0.4483  -0.0047   0.1504   0.0020   0.0865
  0.0479  -0.5075  -0.0176   0.1791  -0.0185   0.0677
  0.0506  -0.5362  -0.0009   0.1803  -0.0180   0.0451
  0.0497  -0.6037  -0.0090   0.2946  -0.0254   0.0976
  0.0467  -0.5765   0.0085   0.2835  -0.0301   0.0884
  0.0508  -0.5891   0.0307   0.2323  -0.0090   0.0744
  0.0658  -0.5208   0.0162   0.1598  -0.0014   0.0597
  0.0772  -0.5451  -0.0002   0.2346  -0.0108   0.0957
  0.0613  -0.5794  -0.0050   0.2627  -0.0141   0.0867
  0.0535  -0.5255   0.0084   0.2320  -0.0193   0.0620
  0.0477  -0.5997   0.0037   0.2624  -0.0180   0.0989
  0.0366  -0.5610  -0.0072   0.2268  -0.0309   0.0859
  0.0395  -0.5158  -0.0063   0.1912  -0.0247   0.0727
  0.0480  -0.4997  -0.0133   0.0786  -0.0137   0.0469
  0.0314  -0.4497  -0.0143   0.0821  -0.0217   0.0775
  0.0305  -0.3663  -0.0119   0.0293  -0.0188   0.0667
  0.0498  -0.4356  -0.0184   0.0779  -0.0198   0.0451
  0.0575  -0.4857  -0.0237   0.1307  -0.0164   0.0468
  0.0591  -0.4732  -0.0228   0.1346  -0.0137   0.0708
  0.0579  -0.5006  -0.0244   0.1670  -0.0181   0.0814
  0.0462  -0.4791  -0.0167   0.1225  -0.0278   0.0520
  0.0476  -0.4757  -0.0157   0.1001  -0.0180   0.0141
  0.0666  -0.4855  -0.0112   0.0932  -0.0191   0.0420
  0.0578  -0.4732  -0.0146   0.1100  -0.0208   0.0592
  0.0549  -0.4760  -0.0167   0.0980  -0.0196   0.0512
  0.0568  -0.4274  -0.0053   0.0161  -0.0098   0.0213
  0.0552  -0.3737  -0.0150  -0.0132   0.0049   0.0223
  0.0620  -0.3573  -0.0097  -0.0791  -0.0102  -0.0036
  0.0554  -0.2766  -0.0173  -0.1027  -0.0080  -0.0219
  0.0675  -0.2737  -0.0066  -0.0550  -0.0088  -0.0266
  0.0715  -0.2604   0.0084  -0.3344  -0.0142  -0.0798
  0.0704  -0.2445  -0.0079  -0.1164  -0.0031  -0.0289
  0.0694  -0.2510  -0.0080  -0.0836  -0.0084  -0.0706
  0.0711  -0.2378  -0.0109  -0.0412  -0.0130  -0.0164
  0.0668  -0.1841   0.0045  -0.1347  -0.0109  -0.0492
  0.0652  -0.1830  -0.0121  -0.0799  -0.0045  -0.0414
  0.0622  -0.2255  -0.0088  -0.0523  -0.0093  -0.0406
  0.0586  -0.2372  -0.0051  -0.0940  -0.0184  -0.0524
  0.0563  -0.2570  -0.0021  -0.0595  -0.0209  -0.0210
  0.0568  -0.2562  -0.0082  -0.0653  -0.0202  -0.0049
  0.0518  -0.2581  -0.0069  -0.0832  -0.0245   0.0029
  0.0504  -0.2647  -0.0071  -0.0815  -0.0239  -0.0070
