  0.0183  -0.1954   0.0705   0.4438   0.1064   0.2058
 -0.0037  -0.1824   0.0790   0.4425   0.1104   0.2157
 -0.0137  -0.1450   0.1065   0.4358   0.1144   0.2262
 -0.0198  -0.1537   0.1134   0.3865   0.0853   0.1945
 -0.0062  -0.1753   0.1125   0.2614   0.0892   0.2109
 -0.0029  -0.1763   0.0955   0.2758   0.0812   0.1762
 -0.0069  -0.1354   0.0635   0.1162   0.0667   0.1743
 -0.0030  -0.1416   0.0644   0.1493   0.0765   0.1960
  0.0011  -0.1500   0.0731   0.1940   0.0793   0.1852
 -0.0286  -0.1767   0.0979   0.2346   0.0898   0.1736
 -0.0198  -0.2520   0.1057   0.1245   0.0917   0.2258
  0.0025  -0.2604   0.0846   0.1444   0.0929   0.1854
 -0.0205  -0.2558   0.0506   0.1483   0.0925   0.1928
 -0.0149  -0.2438   0.0552   0.1592   0.0823   0.1952
 -0.0086  -0.2354   0.0707   0.2055   0.0871   0.1790
 -0.0244  -0.2476   0.0841   0.2784   0.0825   0.2102
 -0.0136  -0.2201   0.0793   0.2606   0.0750   0.2129
 -0.0177  -0.2005   0.0713   0.2663   0.0825   0.1834
 -0.0271  -0.1995   0.0509   0.2686   0.0780   0.1893
 -0.0080  -0.1992   0.0658   0.2655   0.0665   0.2134
 -0.0116  -0.1951   0.0718   0.2554   0.0633   0.1955
 -0.0173  -0.1963   0.0618   0.2934   0.0655   0.1922
 -0.0146  -0.1857   0.0619   0.3461   0.0697   0.1973
 -0.0260  -0.2109   0.0750   0.3393   0.0727   0.1861
 -0.0180  -0.2207   0.0818   0.2796   0.0614   0.2047
 -0.0116  -0.1940   0.0677   0.3020   0.0711   0.1877
 -0.0336  -0.2038   0.0613   0.2504   0.0692   0.1845
 -0.0335  -0.1972   0.0715   0.2808   0.0648   0.1763
 -0.0294  -0.1771   0.0720   0.3350   0.0741   0.1930
 -0.0454  -0.1711   0.0615   0.2928   0.0765   0.1663
 -0.0371  -0.1360   0.0529   0.2597   0.0666   0.1752
 -0.0327  -0.1064   0.0431   0.2879   0.0613   0.1716
 -0.0354  -0.1075   0.0431   0.2776   0.0512   0.1534
 -0.0268  -0.1181   0.0278   0.2295   0.0425   0.1937
  0.0072  -0.1298   0.0370   0.2300   0.0469   0.2022
 -0.0065  -0.1026   0.0324   0.2319   0.0567   0.1698
 -0.0128  -0.0770   0.0264   0.2284   0.0581   0.1653
 -0.0242  -0.1017   0.0121   0.2218   0.0904   0.1715
 -0.0174  -0.1147   0.0516   0.2337   0.0802   0.1778
 -0.0125  -0.1211   0.0338   0.1628   0.0538   0.1806
 -0.0073  -0.1343   0.0387   0.1732   0.0628   0.1619
 -0.0049  -0.1189   0.0295   0.1399   0.0579   0.1558
 -0.0006  -0.1042   0.0280   0.2020   0.0502   0.1631
 -0.0109  -0.0992   0.0059   0.1551   0.0570   0.1653
 -0.0033  -0.1034   0.0091   0.1866   0.0492   0.1544
  0.0000  -0.0770   0.0142   0.1799   0.0500   0.1452
 -0.0056  -0.0628   0.0117   0.1460   0.0466   0.1269
  0.0052  -0.0742   0.0243   0.1355   0.0395   0.1362
  0.0103  -0.0986   0.0311   0.1865   0.0321   0.1424
  0.0171  -0.0742   0.0321   0.2013   0.0259   0.1396
  0.0082  -0.0573   0.0292   0.1605   0.0184   0.1178
  0.0063  -0.0888   0.0451   0.1700   0.0263   0.1350
  0.0049  -0.0651   0.0474   0.2105   0.0207   0.1120
 -0.0108  -0.0566   0.0375   0.1815   0.0248   0.1202
 -0.0113  -0.0450   0.0482   0.1662   0.0253   0.1265
 -0.0150  -0.0387   0.0388   0.1334   0.0175   0.1215
  0.0018  -0.0466   0.0383   0.0806   0.0083   0.1297
  0.0073  -0.0681   0.0337   0.0980   0.0145   0.1271
 -0.0017  -0.0497   0.0401   0.0772   0.0188   0.1179
  0.0120  -0.0396   0.0346   0.0836   0.0173   0.1287
  0.0130  -0.0638   0.0337   0.1305   0.0123   0.1372
  0.0157  -0.0717   0.0579   0.1072   0.0055   0.1090
  0.0098  -0.0624   0.0548   0.1064   0.0052   0.1123
  0.0142  -0.0445   0.0447   0.1138  -0.0008   0.1227
 -0.0016  -0.0361   0.0369   0.1236   0.0018   0.0956
 -0.0063  -0.0603   0.0265   0.1058   0.0215   0.1273
 -0.0035  -0.0546   0.0401   0.1077   0.0152   0.1260
  0.0031  -0.0250   0.0398   0.0973  -0.0044   0.1153
  0.0029  -0.0215   0.0318   0.0114   0.0104   0.0855
  0.0138  -0.1096  -0.0009  -0.1675   0.0332   0.0075
  0.0408  -0.1084   0.0297  -0.1120   0.0264   0.0328
  0.0437  -0.1109   0.0245  -0.1310   0.0311   0.0346
  0.0526  -0.1049   0.0073  -0.1230   0.0194   0.0207
  0.0431  -0.0984   0.0034  -0.1026   0.0330   0.0268
  0.0349  -0.0919   0.0100  -0.1644   0.0229   0.0365
  0.0199  -0.0630   0.0151  -0.0816   0.0214   0.0227
  0.0086  -0.0642  -0.0022  -0.1645   0.0353   0.0217
 -0.0030  -0.0475  -0.0022  -0.1741   0.0008   0.0290
  0.0249  -0.0749   0.0122  -0.1536   0.0143   0.0325
  0.0376  -0.0900   0.0176  -0.1327   0.0266   0.0379
  0.0362  -0.0443   0.0182  -0.1529   0.0177   0.0580
  0.0482  -0.0694   0.0406  -0.1199   0.0238   0.0363
  0.0264   0.0016   0.0214  -0.1550   0.0081   0.0233
  0.0599  -0.0337   0.0232  -0.1790   0.0228   0.0468
  0.0492  -0.0190   0.0199  -0.1938   0.0142   0.0100
  0.0333  -0.0381  -0.0048  -0.1928   0.0317   0.0132
  0.0396  -0.0207  -0.0082  -0.1214   0.0334   0.0284
  0.0370  -0.0170   0.0114  -0.1275   0.0252   0.0419
  0.0415  -0.0034   0.0076  -0.1654   0.0278   0.0248
  0.0383  -0.0099  -0.0092  -0.1712   0.0297   0.0288
  0.0542  -0.0103   0.0045  -0.1431   0.0281   0.0291
  0.0572  -0.0165  -0.0017  -0.1721   0.0309   0.0145
  0.0746  -0.0170  -0.0056  -0.1710   0.0228   0.0127
  0.0737  -0.0142  -0.0010  -0.1731   0.0260   0.0254
  0.0671  -0.0359   0.0097  -0.1624   0.0313   0.0291
  0.0457  -0.0301   0.0048  -0.2144   0.0339   0.0145
  0.0657  -0.0265   0.0116  -0.2303   0.0151   0.0223
  0.0700  -0.0416   0.0140  -0.1972   0.0285   0.0218
  0.0635   0.0233  -0.0005  -0.2450   0.0191   0.0004
  0.0834  -0.0134   0.0271  -0.2207   0.0262   0.0082
  0.0946  -0.0035   0.0232  -0.1788   0.0302   0.0141
  0.0874   0.0387   0.0110  -0.1788   0.0289   0.0001
  0.0835   0.0547   0.0040  -0.1497   0.0266   0.0070
  0.0699   0.0349   0.0124  -0.2157   0.0102   0.0009
  0.0718   0.0287   0.0132  -0.2150   0.0168  -0.0009
  0.0810  -0.0125   0.0363  -0.1772   0.0231   0.0258
  0.0749   0.0023   0.0174  -0.1975   0.0237   0.0154
  0.0656   0.0438   0.0094  -0.2140   0.0176   0.0074
  0.0655   0.0815   0.0131  -0.1942   0.0238   0.0123
  0.0551   0.0835   0.0191  -0.2124   0.0159   0.0019
  0.0628  -0.0436   0.0264  -0.3857   0.0458   0.0578
  0.0797  -0.0596   0.0057  -0.2903   0.0510  -0.0149
  0.0810   0.0441  -0.0179  -0.2777   0.0469  -0.0409
  0.0760   0.0613  -0.0011  -0.2669   0.0306  -0.0269
  0.0665   0.0225  -0.0170  -0.2692   0.0349  -0.0200
  0.0672   0.0113  -0.0093  -0.2399   0.0498  -0.0098
  0.0770   0.0210   0.0127  -0.1944   0.0380  -0.0350
  0.0535   0.0541   0.0070  -0.2635   0.0315  -0.0386
  0.0538   0.0470  -0.0124  -0.2820   0.0111  -0.0383
  0.0617   0.0438  -0.0042  -0.2062   0.0058  -0.0295
  0.0557   0.0958  -0.0210  -0.1997  -0.0069  -0.0463
  0.0505   0.0808  -0.0189  -0.1594   0.0068  -0.0276
  0.0404   0.0628  -0.0079  -0.1275   0.0076  -0.0035
  0.0454   0.0815  -0.0187  -0.1184   0.0045  -0.0211
  0.0449   0.0972  -0.0178  -0.1335  -0.0007  -0.0167
  0.0421   0.1154  -0.0191  -0.1544  -0.0127  -0.0334
  0.0463   0.0487  -0.0024  -0.1512  -0.0102  -0.0115
  0.0522   0.0127   0.0260  -0.0823  -0.0039  -0.0248
  0.0590   0.0546   0.0258  -0.0586  -0.0174  -0.0365
  0.0647   0.0859   0.0173  -0.0595  -0.0213  -0.0251
  0.0686   0.0700   0.0282  -0.1206  -0.0195  -0.0244
  0.0666   0.0781   0.0151  -0.0891  -0.0155  -0.0350
  0.0632   0.0519   0.0067  -0.0271  -0.0152  -0.0299
  0.0519   0.0599  -0.0036  -0.1282  -0.0277  -0.0197
  0.0703  -0.0623  -0.0182  -0.1103  -0.0135   0.0060
  0.0586  -0.0646  -0.0286  -0.0659  -0.0160   0.0271
  0.0593  -0.1056  -0.0208  -0.0467   0.0357   0.0279
  0.0641  -0.0827  -0.0021  -0.0397   0.0008   0.0120
  0.0704  -0.0579  -0.0160  -0.0689  -0.0116   0.0019
  0.0640  -0.0240  -0.0179  -0.0993   0.0058  -0.0238
  0.0759   0.0105   0.0066  -0.0518  -0.0282  -0.0090
  0.0519   0.0059  -0.0041  -0.0561  -0.0126  -0.0015
  0.0510   0.0213  -0.0060  -0.1074  -0.0175  -0.0157
  0.0512   0.0424  -0.0095  -0.1322  -0.0216  -0.0268
  0.0432   0.0576  -0.0058  -0.1803  -0.0067  -0.0209
  0.0435   0.0529  -0.0093  -0.1798  -0.0081  -0.0320
  0.0388   0.1001  -0.0079  -0.1964  -0.0184  -0.0332
  0.0426   0.0770   0.0017  -0.1589  -0.0230  -0.0390
  0.0314   0.0838   0.0005  -0.1981  -0.0203  -0.0579
  0.0093   0.0821  -0.0020  -0.1963  -0.0078  -0.0613
  0.0106   0.0919   0.0185  -0.0904  -0.0214  -0.0346
  0.0155   0.0816   0.0178  -0.1139  -0.0184  -0.0354
  0.0142   0.1016  -0.0106  -0.1316  -0.0189  -0.0433
  0.0294   0.0717  -0.0048  -0.1477  -0.0300  -0.0197
  0.0283   0.0330   0.0123  -0.1610  -0.0260  -0.0223
  0.0265   0.0244   0.0156  -0.1522  -0.0225  -0.0447
  0.0212   0.0375   0.0056  -0.1470  -0.0205  -0.0481
  0.0338   0.0297   0.0053  -0.1614  -0.0205  -0.0515
  0.0152   0.0474   0.0040  -0.1173  -0.0293  -0.0440
  0.0049   0.0780  -0.0082  -0.1176  -0.0271  -0.0504
  0.0063   0.0759  -0.0094  -0.1391  -0.0250  -0.0448
  0.0039   0.0500  -0.0141  -0.0995  -0.0216  -0.0346
 -0.0036   0.0506  -0.0022  -0.1170  -0.0286  -0.0274
 -0.0023   0.0735  -0.0156  -0.1057  -0.0240  -0.0415
 -0.0050   0.0933  -0.0208  -0.1347  -0.0323  -0.0465
  0.0040   0.0923  -0.0255  -0.1422  -0.0306  -0.0508
 -0.0037   0.0805  -0.0265  -0.1058  -0.0270  -0.0380
 -0.0102   0.1074  -0.0390  -0.1050  -0.0259  -0.0403
 -0.0099   0.1185  -0.0419  -0.1240  -0.0260  -0.0454
 -0.0204   0.1399  -0.0580  -0.1828  -0.0255  -0.0668
 -0.0176   0.1437  -0.0699  -0.0698  -0.0256  -0.0592
 -0.0157   0.1314  -0.0702  -0.0651  -0.0402  -0.0628
 -0.0199   0.1132  -0.0690  -0.0303  -0.0264  -0.0595
 -0.0254   0.0986  -0.0634  -0.0354  -0.0357  -0.0589
 -0.0188   0.0850  -0.0643  -0.0553  -0.0298  -0.0745
 -0.0177   0.0599  -0.0549  -0.0385  -0.0393  -0.0669
 -0.0246   0.0125  -0.0577   0.0251  -0.0400  -0.0502
 -0.0173   0.0165  -0.0567   0.0394  -0.0472  -0.0598
 -0.0221   0.0397  -0.0554   0.0383  -0.0467  -0.0753
 -0.0188   0.0554  -0.0518   0.0215  -0.0420  -0.0663
 -0.0273   0.1013  -0.0701  -0.0214  -0.0476  -0.0804
 -0.0299   0.1283  -0.0784  -0.0924  -0.0416  -0.0683
 -0.0383   0.0928  -0.0705  -0.0694  -0.0359  -0.0637
 -0.0449   0.0819  -0.0713  -0.0676  -0.0371  -0.0650
 -0.0509   0.0440  -0.0743  -0.1147  -0.0337  -0.0419
 -0.0482  -0.0065  -0.0439  -0.0775  -0.0296  -0.0589
 -0.0323   0.0361  -0.0277  -0.1306  -0.0013  -0.0521
 -0.0338   0.0852  -0.0504  -0.1119  -0.0086  -0.0276
 -0.0533   0.0281  -0.0108  -0.1987   0.0088   0.0559
 -0.0566   0.0072  -0.0394  -0.2426   0.0038  -0.0368
 -0.0514  -0.0242  -0.0409  -0.2200  -0.0014  -0.0437
 -0.0637   0.0075  -0.0560  -0.2230   0.0029  -0.0572
 -0.0610   0.0495  -0.0676  -0.2387  -0.0022  -0.0852
 -0.0524   0.0628  -0.0710  -0.2678   0.0024  -0.0779
 -0.0356   0.0983  -0.0751  -0.1923  -0.0088  -0.0815
  0.0043   0.0266  -0.0410  -0.1141   0.0162  -0.0201
 -0.0022   0.0130  -0.0178  -0.0679  -0.0050  -0.0296
 -0.0254   0.0291  -0.0243  -0.0874  -0.0073  -0.0499
 -0.0281   0.0801  -0.0325  -0.0879  -0.0145  -0.0703
 -0.0280   0.0522  -0.0147  -0.0481  -0.0224  -0.0546
 -0.0216   0.0722  -0.0077  -0.0821  -0.0166  -0.0597
 -0.0123   0.0460  -0.0187  -0.0934  -0.0109  -0.0451
 -0.0155   0.0394  -0.0253  -0.0406  -0.0208  -0.0396
 -0.0203   0.0420  -0.0060  -0.1010  -0.0314  -0.0539
 -0.0081   0.0432  -0.0149  -0.1537  -0.0326  -0.0558
 -0.0143   0.0112  -0.0118  -0.1308  -0.0180  -0.0583
 -0.0124  -0.0116  -0.0045  -0.1272  -0.0199  -0.0568
 -0.0105  -0.0223  -0.0189  -0.1212  -0.0181  -0.0620
 -0.0201  -0.0281  -0.0234  -0.1212  -0.0198  -0.0535
 -0.0192  -0.0254  -0.0174  -0.0694  -0.0182  -0.0493
 -0.0200  -0.0018  -0.0140  -0.1107  -0.0080  -0.0597
 -0.0130  -0.0121  -0.0232  -0.1043  -0.0172  -0.0534
 -0.0185  -0.0021  -0.0226  -0.1023  -0.0203  -0.0570
 -0.0133  -0.0271  -0.0144  -0.0994  -0.0161  -0.0606
 -0.0123  -0.0085  -0.0153  -0.1175  -0.0174  -0.0600
 -0.0087  -0.0163  -0.0039  -0.1255  -0.0039  -0.0782
  0.0133  -0.0679  -0.0023  -0.0663   0.0037  -0.0727
  0.0008  -0.0641   0.0089  -0.0526  -0.0098  -0.0701
 -0.0054  -0.0408   0.0122  -0.0524  -0.0181  -0.0668
 -0.0156  -0.0076  -0.0235  -0.0558  -0.0186  -0.0750
 -0.0203   0.0057  -0.0317  -0.0707  -0.0129  -0.0711
 -0.0309  -0.0102  -0.0219  -0.0674  -0.0103  -0.0647
 -0.0339  -0.0206  -0.0315  -0.0563   0.0042  -0.0500
 -0.0345  -0.0134  -0.0226  -0.0907  -0.0146  -0.0607
 -0.0327  -0.0171  -0.0246  -0.1205  -0.0081  -0.0525
 -0.0258  -0.0125  -0.0229  -0.0891  -0.0071  -0.0565
 -0.0321  -0.0140  -0.0184  -0.1316  -0.0145  -0.0639
 -0.0419   0.0428  -0.0502  -0.1610  -0.0258  -0.0638
 -0.0339   0.0678  -0.0417  -0.0977  -0.0336  -0.0601
 -0.0389   0.0556  -0.0314  -0.0696  -0.0324  -0.0659
 -0.0475   0.0822  -0.0446  -0.0798  -0.0243  -0.0703
 -0.0544   0.0947  -0.0518  -0.1063  -0.0296  -0.0726
 -0.0401   0.1055  -0.0469  -0.0596  -0.0425  -0.0642
 -0.0428   0.0904  -0.0380  -0.0258  -0.0395  -0.0783
 -0.0542   0.1329  -0.0443  -0.0134  -0.0434  -0.0827
 -0.0546   0.1260  -0.0435  -0.0362  -0.0438  -0.0844
 -0.0454   0.1357  -0.0496   0.0065  -0.0422  -0.0844
 -0.0490   0.1179  -0.0640   0.0444  -0.0380  -0.0839
 -0.0470   0.1027  -0.0558   0.0606  -0.0232  -0.0752
 -0.0537   0.0314  -0.0519   0.0800  -0.0161  -0.0684
 -0.0530   0.0201  -0.0409   0.0325  -0.0206  -0.0666
 -0.0443   0.0157  -0.0195   0.0999  -0.0295  -0.0679
 -0.0634   0.0747  -0.0448   0.0765  -0.0211  -0.0751
 -0.0622   0.0641  -0.0230   0.0892  -0.0394  -0.0613
 -0.0688   0.0448  -0.0120   0.1008  -0.0388  -0.0649
 -0.0689   0.0186  -0.0237   0.0551  -0.0257  -0.0461
 -0.0641   0.0792  -0.0338   0.0648  -0.0303  -0.0677
 -0.0586   0.0856  -0.0334   0.1172  -0.0377  -0.0653
 -0.0571   0.0432  -0.0219   0.1200  -0.0395  -0.0573
 -0.0620   0.0910  -0.0283   0.0993  -0.0421  -0.0740
 -0.0652   0.0857  -0.0295   0.1338  -0.0327  -0.0593
 -0.0562   0.0935  -0.0177   0.1387  -0.0356  -0.0627
 -0.0511   0.0938  -0.0106   0.1267  -0.0389  -0.0712
 -0.0447   0.0999  -0.0161   0.1174  -0.0434  -0.0799
 -0.0459   0.0935  -0.0110   0.1030  -0.0445  -0.0785
 -0.0435   0.0457   0.0034   0.1420  -0.0186  -0.0735
 -0.0358   0.0718   0.0060   0.1555  -0.0324  -0.0740
 -0.0362   0.0558   0.0086   0.1329  -0.0359  -0.0690
 -0.0379   0.0303   0.0153   0.1641  -0.0330  -0.0854
 -0.0326   0.0507   0.0185   0.1639  -0.0451  -0.0955
 -0.0333   0.0751   0.0033   0.1517  -0.0531  -0.1060
 -0.0363   0.0855  -0.0096   0.1788  -0.0470  -0.1106
 -0.0206   0.0926   0.0008   0.1410  -0.0568  -0.1070
 -0.0095   0.0962   0.0131   0.1570  -0.0570  -0.1163
 -0.0147   0.1043   0.0169   0.1812  -0.0487  -0.1156
 -0.0215   0.1085   0.0286   0.1302  -0.0524  -0.1185
 -0.0147   0.1012   0.0149   0.1362  -0.0481  -0.1193
 -0.0093   0.1004   0.0195   0.1016  -0.0546  -0.1152
  0.0007   0.0758   0.0103   0.0535  -0.0403  -0.1088
 -0.0034   0.0794   0.0038   0.0109  -0.0438  -0.1325
 -0.0006   0.0737  -0.0008   0.0090  -0.0417  -0.1132
 -0.0066   0.0776  -0.0182   0.0350  -0.0476  -0.1133
 -0.0134   0.0705  -0.0219   0.0795  -0.0450  -0.1079
 -0.0156   0.0698  -0.0156   0.1018  -0.0397  -0.1199
 -0.0187   0.0871  -0.0169   0.1186  -0.0425  -0.1173
 -0.0203   0.1094  -0.0254   0.1330  -0.0500  -0.1242
 -0.0212   0.0990  -0.0234   0.1248  -0.0444  -0.1099
 -0.0325   0.0598  -0.0202   0.1006  -0.0321  -0.1074
 -0.0308   0.0522  -0.0271   0.1006  -0.0347  -0.0985
 -0.0262   0.0635  -0.0273   0.1288  -0.0457  -0.1014
 -0.0252   0.0698  -0.0276   0.1110  -0.0492  -0.1101
 -0.0318   0.0839  -0.0238   0.1041  -0.0516  -0.1185
 -0.0293   0.1233  -0.0453   0.0722  -0.0551  -0.1365
 -0.0311   0.1061  -0.0460   0.0934  -0.0556  -0.1409
 -0.0396   0.0778  -0.0393   0.1290  -0.0608  -0.1307
 -0.0426   0.0704  -0.0380   0.1339  -0.0567  -0.1332
 -0.0427   0.0446  -0.0346   0.1232  -0.0622  -0.1273
 -0.0345   0.0453  -0.0354   0.1329  -0.0535  -0.1283
 -0.0376   0.0573  -0.0382   0.1452  -0.0561  -0.1249
 -0.0398   0.0593  -0.0214   0.1645  -0.0571  -0.1310
 -0.0377   0.0683  -0.0210   0.1502  -0.0459  -0.1424
 -0.0235   0.0716  -0.0200   0.1995  -0.0585  -0.1437
 -0.0215   0.0763  -0.0165   0.2156  -0.0681  -0.1431
 -0.0291   0.0868  -0.0177   0.1880  -0.0751  -0.1421
 -0.0248   0.0187  -0.0154   0.1582  -0.0801  -0.1360
 -0.0180   0.0136  -0.0192   0.1917  -0.0619  -0.1320
 -0.0246   0.0245  -0.0281   0.2036  -0.0649  -0.1342
 -0.0309   0.0240  -0.0334   0.1819  -0.0650  -0.1205
 -0.0334  -0.0011  -0.0210   0.1316  -0.0645  -0.1202
 -0.0367  -0.0314  -0.0292   0.1414  -0.0521  -0.1138
