  0.0242  -0.1634   0.0331  -0.1195   0.0708   0.2251
  0.0234  -0.1745   0.0208  -0.1146   0.0793   0.2629
  0.0135  -0.2153   0.0203  -0.0930   0.0685   0.1836
  0.0105  -0.2098   0.0207  -0.0879   0.0914   0.2330
  0.0055  -0.2152   0.0159  -0.0928   0.0747   0.2234
  0.0137  -0.1852   0.0103  -0.0943   0.0787   0.2331
  0.0193  -0.2172   0.0187  -0.0926   0.0705   0.1842
  0.0126  -0.2214   0.0157  -0.0876   0.0545   0.2085
  0.0126  -0.2175   0.0151  -0.0902   0.0658   0.2062
  0.0144  -0.1967   0.0038  -0.1012   0.0720   0.2295
  0.0154  -0.2236   0.0136  -0.1020   0.0757   0.1847
  0.0178  -0.2281   0.0249  -0.0836   0.0549   0.1811
  0.0163  -0.2312   0.0209  -0.0859   0.0630   0.1857
  0.0185  -0.2285   0.0175  -0.0809   0.0652   0.1728
  0.0175  -0.2046   0.0085  -0.0866   0.0804   0.2162
  0.0120  -0.2340   0.0148  -0.0565   0.0703   0.1441
  0.0154  -0.2235   0.0098  -0.0633   0.0747   0.1883
  0.0160  -0.2155   0.0084  -0.0686   0.0797   0.1912
  0.0181  -0.2256   0.0146  -0.0680   0.0869   0.1743
  0.0166  -0.2293   0.0099  -0.0613   0.0820   0.1603
  0.0112  -0.2391   0.0123  -0.0808   0.0867   0.1768
  0.0078  -0.2410   0.0121  -0.0715   0.0886   0.1648
  0.0112  -0.2221   0.0062  -0.0516   0.0943   0.1768
  0.0213  -0.2133   0.0016  -0.0412   0.0816   0.1735
  0.0212  -0.2191   0.0129  -0.0454   0.0817   0.1740
  0.0184  -0.2288   0.0148  -0.0158   0.0658   0.1426
  0.0140  -0.2438   0.0072  -0.0372   0.0752   0.1535
  0.0183  -0.2243  -0.0004  -0.0656   0.0862   0.1889
  0.0144  -0.2390   0.0105  -0.0719   0.0789   0.1550
  0.0351  -0.2251   0.0204  -0.0292   0.0836   0.1392
  0.0255  -0.2351   0.0108  -0.0127   0.0719   0.1419
  0.0269  -0.2146   0.0123  -0.0119   0.0775   0.1688
  0.0252  -0.2282   0.0176  -0.0167   0.0772   0.1383
  0.0259  -0.2313   0.0047   0.0031   0.0627   0.1273
  0.0144  -0.2435   0.0098  -0.0082   0.0764   0.1416
  0.0277  -0.2256  -0.0001  -0.0381   0.1022   0.1671
  0.0199  -0.2613   0.0061  -0.0479   0.0801   0.1083
  0.0222  -0.2440   0.0087  -0.0335   0.0653   0.1467
  0.0238  -0.2362   0.0092  -0.0280   0.0605   0.1340
  0.0249  -0.2459   0.0061  -0.0298   0.0721   0.1361
  0.0216  -0.2316   0.0059  -0.0376   0.0738   0.1465
  0.0382  -0.2314  -0.0027  -0.0275   0.0535   0.1144
  0.0842  -0.2307   0.0213  -0.0496   0.1162   0.2233
  0.0742  -0.2748   0.0324  -0.1254   0.1184   0.3428
  0.0654  -0.2515   0.0164  -0.0994   0.0925   0.1351
  0.0547  -0.2499   0.0186  -0.0544   0.1201   0.1516
  0.0504  -0.2472   0.0158  -0.0138   0.1413   0.1637
  0.0601  -0.2301   0.0179  -0.0322   0.1173   0.1605
  0.0622  -0.2287   0.0233  -0.0413   0.1194   0.1651
  0.0672  -0.2406   0.0221  -0.0360   0.1145   0.1250
  0.0499  -0.2293   0.0290  -0.0446   0.1159   0.1654
  0.0562  -0.2312   0.0265  -0.0552   0.1347   0.1718
  0.0245   0.2258   0.0678  -0.1394   0.0794   0.1406
 -0.1150   2.5133   0.0961  -0.9289  -0.1172   0.7247
 -0.1545   1.4446  -0.0514  -0.8504  -0.3785   0.1765
 -0.0078   0.7427   0.0148  -0.3622  -0.1430   0.0679
  0.0378   0.6138   0.0451  -0.1038  -0.1234   0.0029
  0.0280   0.5979   0.0256  -0.0066  -0.1346  -0.0418
  0.0282   0.6922   0.0168  -0.1389  -0.0534  -0.1534
  0.0235   0.5871  -0.0029  -0.1034  -0.0401  -0.0755
  0.0163   0.4614   0.0016  -0.0709  -0.0512  -0.1545
  0.0074   0.3533  -0.0019  -0.0054  -0.0631  -0.1337
  0.0055   0.2855  -0.0040  -0.0142  -0.0419  -0.1268
  0.0091   0.2469   0.0030  -0.0089  -0.0484  -0.1669
  0.0266   0.3234   0.0043  -0.0873  -0.0369  -0.2594
  0.0130   0.3068  -0.0025  -0.0672  -0.0310  -0.2015
  0.0035   0.2798   0.0133  -0.0446  -0.0431  -0.2340
  0.0098   0.2852   0.0060  -0.0487  -0.0477  -0.2008
  0.0117   0.3168   0.0022  -0.0611  -0.0392  -0.1676
  0.0067   0.2793   0.0080  -0.0282  -0.0481  -0.2350
  0.0038   0.2698   0.0030  -0.0070  -0.0399  -0.1996
 -0.0079   0.2310  -0.0142   0.0089  -0.0452  -0.1765
 -0.0264   0.1964  -0.0113   0.0494  -0.0591  -0.2266
 -0.0417   0.1647  -0.0084   0.0713  -0.0595  -0.1658
 -0.0332   0.1511  -0.0154   0.0709  -0.0491  -0.1450
 -0.0659   0.1112  -0.0138   0.0793  -0.0750  -0.2111
 -0.0841   0.2555   0.0088   0.0078  -0.0957  -0.0558
 -0.0461   0.1925  -0.0688   0.0442  -0.0810  -0.1861
 -0.0694   0.1171  -0.0196   0.0304  -0.0961  -0.1638
 -0.0419   0.0526  -0.0124   0.0609  -0.0781  -0.1772
 -0.0339   0.0548  -0.0069   0.1043  -0.0760  -0.1508
 -0.0290   0.0829  -0.0230   0.1094  -0.0705  -0.1288
 -0.0198   0.0580  -0.0082   0.1190  -0.0606  -0.1579
 -0.0251   0.0506  -0.0173   0.1387  -0.0693  -0.1660
 -0.0192   0.0719  -0.0194   0.1074  -0.0437  -0.1152
 -0.0259   0.0555  -0.0180   0.0909  -0.0559  -0.1435
 -0.0140   0.0522  -0.0017   0.1164  -0.0674  -0.1581
 -0.0201   0.0738  -0.0135   0.1125  -0.0461  -0.1244
 -0.0267   0.0579  -0.0202   0.0913  -0.0396  -0.1341
 -0.0308   0.0361  -0.0126   0.1238  -0.0660  -0.1763
 -0.0309   0.0455  -0.0176   0.1256  -0.0610  -0.1464
 -0.0247   0.0673  -0.0220   0.1172  -0.0575  -0.1427
 -0.0287   0.0370  -0.0183   0.1098  -0.0601  -0.1706
 -0.0312   0.0344  -0.0184   0.0906  -0.0630  -0.1402
 -0.0344   0.0621  -0.0182   0.1040  -0.0769  -0.1439
 -0.0329   0.0453  -0.0233   0.1313  -0.0694  -0.1495
 -0.0304   0.0607  -0.0222   0.1314  -0.0695  -0.1443
 -0.0266   0.0525  -0.0236   0.1297  -0.0503  -0.1277
 -0.0295   0.0438  -0.0231   0.1658  -0.0717  -0.1747
 -0.0245   0.0190  -0.0208   0.1637  -0.0664  -0.1652
 -0.0248   0.0332  -0.0246   0.1344  -0.0429  -0.1082
 -0.0286   0.0095  -0.0138   0.1432  -0.0457  -0.1786
 -0.0229   0.0203  -0.0198   0.1495  -0.0578  -0.1630
 -0.0255   0.0368  -0.0276   0.1397  -0.0477  -0.1323
 -0.0318   0.0027  -0.0193   0.1323  -0.0542  -0.1713
 -0.0331   0.0081  -0.0224   0.1481  -0.0541  -0.1588
 -0.0297   0.0015  -0.0232   0.1406  -0.0679  -0.1638
 -0.0266   0.0253  -0.0270   0.1173  -0.0519  -0.1270
 -0.0303   0.0001  -0.0054   0.1316  -0.0698  -0.1830
 -0.0315   0.0134  -0.0134   0.1359  -0.0722  -0.1658
 -0.0163   0.0076  -0.0179   0.1437  -0.0636  -0.1514
 -0.0168   0.0318  -0.0218   0.1245  -0.0451  -0.1250
 -0.0175   0.0065  -0.0147   0.1502  -0.0685  -0.1975
 -0.0210   0.0009  -0.0216   0.1337  -0.0668  -0.1736
 -0.0204   0.0238  -0.0193   0.1024  -0.0509  -0.1480
 -0.0195   0.0274  -0.0187   0.0990  -0.0434  -0.1673
 -0.0309   0.0183  -0.0100   0.1170  -0.0661  -0.2004
 -0.0270   0.0305  -0.0120   0.1274  -0.0503  -0.1761
 -0.0229   0.0505  -0.0376   0.1343  -0.0575  -0.1470
 -0.0301   0.0140  -0.0219   0.1480  -0.0666  -0.1834
