 -0.0453   0.3935  -0.0124  -0.1957  -0.0314   0.0177
 -0.0809   0.3573   0.0189  -0.1389  -0.0875  -0.0022
 -0.0752   0.3749  -0.0061  -0.1480  -0.0333   0.0351
 -0.0755   0.4072   0.0021  -0.1807  -0.0258   0.0248
 -0.0367   0.4057  -0.0054  -0.1901  -0.0005   0.0159
 -0.0767   0.3878   0.0046  -0.1571  -0.0372   0.0212
 -0.0679   0.3673   0.0035  -0.1630  -0.0527   0.0108
 -0.0920   0.4094   0.0606  -0.1419  -0.0869  -0.0203
 -0.0538   0.3967   0.0535  -0.0719  -0.0549   0.0030
 -0.0500   0.4030   0.0385  -0.1253  -0.0461  -0.0041
 -0.0567   0.3771   0.0571  -0.0711  -0.0679  -0.0180
 -0.0444   0.3744   0.0359  -0.0784  -0.0332   0.0078
 -0.0783   0.4831   0.0788  -0.2708  -0.1227  -0.0165
 -0.0722   0.3830   0.0429  -0.1437  -0.0755   0.0313
 -0.0581   0.3558   0.0561  -0.1287  -0.0685  -0.0204
 -0.0387   0.3622   0.0224  -0.1058  -0.0253   0.0001
 -0.0062   0.3964   0.0054  -0.1357   0.0314  -0.0057
 -0.0416   0.3389   0.0426  -0.1281  -0.0445  -0.0260
 -0.0534   0.3362   0.0363  -0.1146  -0.0267   0.0111
 -0.0662   0.3120   0.0427  -0.1203  -0.0399  -0.0068
 -0.0503   0.2644   0.0488  -0.0627  -0.0409  -0.0187
 -0.0279   0.2983   0.0114  -0.0961   0.0074   0.0249
 -0.0401   0.2626   0.0392  -0.1034  -0.0263  -0.0112
 -0.0110   0.2193   0.0194  -0.0603  -0.0068   0.0108
 -0.0149   0.2160   0.0062  -0.0776   0.0014   0.0114
 -0.0201   0.2117   0.0340  -0.0804  -0.0249  -0.0001
 -0.0236   0.2414   0.0504  -0.0613   0.0023   0.0302
 -0.0321   0.2553   0.0427  -0.0889  -0.0095   0.0042
 -0.0258   0.2127   0.0487  -0.0595  -0.0257  -0.0091
 -0.0047   0.1551   0.0420  -0.0366  -0.0293   0.0087
 -0.0006   0.1743   0.0275  -0.0745  -0.0110   0.0000
 -0.0124   0.1378   0.0547  -0.0134  -0.0382  -0.0213
 -0.0110   0.1529   0.0292  -0.0060  -0.0008   0.0325
 -0.0109   0.1690   0.0362  -0.0464   0.0037   0.0015
 -0.0254   0.1389   0.0478  -0.0306  -0.0315   0.0233
 -0.0107   0.1615   0.0233  -0.0551   0.0016   0.0253
 -0.0000   0.1908   0.0257  -0.0627   0.0252   0.0146
 -0.0093   0.1316   0.0356  -0.0093  -0.0083   0.0114
  0.0005   0.1669   0.0257  -0.0300   0.0093   0.0098
  0.0046   0.1682   0.0297  -0.0740   0.0295   0.0173
 -0.0187   0.1131   0.0457  -0.0054  -0.0140  -0.0025
  0.0023   0.1304   0.0380  -0.0248   0.0014   0.0090
  0.0001   0.1517   0.0407  -0.0551  -0.0010  -0.0071
 -0.0098   0.1450   0.0419  -0.0306  -0.0086  -0.0063
  0.0065   0.1660   0.0266  -0.0307   0.0084   0.0205
 -0.0085   0.1485   0.0487  -0.0217  -0.0158  -0.0110
 -0.0056   0.1640   0.0457   0.0102   0.0030  -0.0013
 -0.0022   0.1806   0.0433  -0.0238   0.0125   0.0117
 -0.0075   0.1527   0.0557  -0.0052  -0.0165  -0.0053
 -0.0084   0.2005   0.0471  -0.0382  -0.0136   0.0116
 -0.0007   0.2141   0.0344  -0.0590   0.0156   0.0164
 -0.0085   0.1890   0.0458  -0.0066  -0.0088   0.0059
  0.0108   0.2044   0.0325  -0.0401   0.0198   0.0196
 -0.0233   0.1644   0.0608  -0.0399  -0.0159  -0.0083
 -0.0084   0.1752   0.0411  -0.0300  -0.0045   0.0388
  0.0051   0.1927   0.0360  -0.0585   0.0151   0.0051
 -0.0157   0.1857   0.0449  -0.0333  -0.0009   0.0265
 -0.0051   0.1869   0.0339  -0.0425   0.0100   0.0224
  0.0134   0.2179   0.0158  -0.0703   0.0440   0.0159
 -0.0022   0.1415   0.0403  -0.0440   0.0109  -0.0196
 -0.0018   0.1943   0.0439  -0.0804  -0.0009   0.0086
  0.0882   0.4351  -0.0409  -0.3336   0.2074   0.1290
  0.0177   0.1896  -0.0240  -0.1660   0.0727   0.0533
  0.0527   0.1447  -0.0200  -0.5284   0.0990   0.0732
  0.0222   0.1421  -0.0038  -0.4482   0.0495   0.0587
  0.0134   0.2280  -0.0069  -1.0286   0.0474   0.1640
  0.0105   0.2367   0.0275  -1.1296   0.0152   0.0617
 -0.0315  -0.0498   0.0063  -0.0720  -0.0395  -0.0807
 -0.0029  -0.0448  -0.0096  -0.0513  -0.0000   0.0153
 -0.0156  -0.0693  -0.0045  -0.0891  -0.0322  -0.0003
 -0.0275  -0.0521   0.0125  -0.0933  -0.0333   0.0112
 -0.0084   0.0954  -0.0256  -0.1650   0.0346   0.0617
  0.0046   0.0018   0.0022  -0.1264   0.0307   0.0340
 -0.0200  -0.0222   0.0093  -0.0842  -0.0200   0.0151
 -0.0045  -0.0328  -0.0020  -0.0885  -0.0072   0.0257
 -0.0078  -0.0360   0.0415  -0.0633  -0.0513   0.0011
 -0.0001  -0.0513   0.0225  -0.0289  -0.0183   0.0269
  0.0053  -0.0220   0.0004  -0.0540   0.0113   0.0213
 -0.0052  -0.0559   0.0108  -0.0624  -0.0085   0.0030
  0.0035  -0.0571   0.0199  -0.0411  -0.0250   0.0064
  0.0062  -0.0471   0.0104  -0.0346  -0.0087   0.0184
  0.0208  -0.0468   0.0247  -0.0194   0.0078  -0.0124
  0.0032  -0.0925   0.0223  -0.0124  -0.0259  -0.0083
  0.0021  -0.0847   0.0209  -0.0223  -0.0264   0.0126
 -0.0031  -0.0775   0.0204  -0.0284  -0.0199   0.0074
 -0.0031  -0.1289   0.0269   0.0793  -0.0268  -0.0404
  0.0008  -0.0984   0.0099   0.0986  -0.0084   0.0041
  0.0128  -0.0871   0.0132   0.0798   0.0089   0.0024
 -0.0007  -0.1105   0.0251   0.0929  -0.0090  -0.0001
  0.0079  -0.1006   0.0101   0.0896   0.0015   0.0206
  0.0113  -0.0915   0.0003   0.0427   0.0078   0.0112
 -0.0007  -0.1193   0.0193   0.0767  -0.0113  -0.0164
  0.0117  -0.0962   0.0213   0.0885  -0.0106   0.0135
  0.0061  -0.0839   0.0067   0.0485  -0.0066  -0.0025
  0.0198  -0.0299   0.0024  -0.0082   0.0194   0.0080
  0.0130  -0.0946   0.0165   0.0519  -0.0121  -0.0165
  0.0182  -0.1015   0.0221   0.0889  -0.0146  -0.0110
  0.0230  -0.0847   0.0022   0.0599   0.0118   0.0215
  0.0203  -0.1112   0.0246   0.0788  -0.0079  -0.0139
  0.0137  -0.1001   0.0154   0.0712  -0.0187   0.0215
  0.0073  -0.1004   0.0159   0.0646  -0.0018   0.0005
  0.0264  -0.0991   0.0131   0.0633   0.0051   0.0005
  0.0272  -0.0441   0.0038   0.0714   0.0155  -0.0026
  0.0270  -0.0476   0.0032   0.0258   0.0237  -0.0036
  0.0190  -0.0844   0.0142   0.0467   0.0089  -0.0103
  0.0151  -0.0914   0.0100   0.0805   0.0026   0.0061
  0.0199  -0.0888   0.0057   0.0802   0.0109  -0.0030
  0.0181  -0.1149   0.0232   0.0950  -0.0124  -0.0146
  0.0294  -0.1037  -0.0000   0.1088   0.0213   0.0184
  0.0326  -0.0769  -0.0065   0.0728   0.0442   0.0054
  0.0161  -0.1458   0.0185   0.1215  -0.0103  -0.0200
  0.0268  -0.0924   0.0071   0.0880   0.0146   0.0040
  0.0267  -0.0842   0.0012   0.0688   0.0266   0.0079
  0.0315  -0.1063   0.0128   0.1034   0.0079  -0.0208
  0.0313  -0.0954   0.0040   0.1099   0.0177   0.0089
  0.0450  -0.0819  -0.0016   0.0848   0.0348  -0.0000
  0.0308  -0.1267   0.0235   0.0995  -0.0079  -0.0165
  0.0376  -0.0830   0.0059   0.0857   0.0284   0.0275
  0.0096  -0.1285   0.0231   0.0531  -0.0085  -0.0100
  0.1041  -0.0360   0.0053   0.0337   0.1966   0.0529
  0.0821   0.2654  -0.0732  -0.2563   0.1145   0.1348
  0.0312   0.0918  -0.0678  -0.1397   0.1310   0.0104
  0.0699   0.0632  -0.0735  -0.0268   0.1380   0.0432
  0.0525   0.0667  -0.0450  -0.0277   0.0949  -0.0178
 -0.0018  -0.0186  -0.0232   0.0128  -0.0006  -0.0029
 -0.0137  -0.0199  -0.0289   0.0153   0.0125  -0.0101
 -0.0152   0.0116  -0.0322  -0.0447   0.0147  -0.0145
 -0.0213   0.0431  -0.0219  -0.0755  -0.0226  -0.0050
 -0.0256   0.0140  -0.0234  -0.0202  -0.0061   0.0069
 -0.0171   0.0218  -0.0370  -0.0324   0.0133   0.0098
 -0.0162  -0.0216  -0.0207   0.0054  -0.0087  -0.0099
 -0.0138  -0.0185  -0.0267   0.0108   0.0048   0.0076
 -0.0264  -0.0098  -0.0127  -0.0023  -0.0123   0.0019
 -0.0293  -0.0822  -0.0185   0.0528  -0.0323  -0.0076
 -0.0186  -0.1114  -0.0254   0.0744  -0.0267   0.0017
 -0.0175  -0.1409  -0.0094   0.0822  -0.0347   0.0008
 -0.0085  -0.1398  -0.0121   0.0971  -0.0317   0.0001
 -0.0141  -0.1122  -0.0278   0.0629  -0.0148   0.0280
 -0.0068  -0.1071  -0.0273   0.0310  -0.0075  -0.0005
 -0.0217  -0.1302   0.0045   0.0910  -0.0562  -0.0040
 -0.0138  -0.1354  -0.0176   0.0946  -0.0325   0.0159
 -0.0009  -0.1072  -0.0140   0.0453  -0.0311  -0.0080
 -0.0267  -0.1162  -0.0028   0.0468  -0.0473  -0.0072
 -0.0219  -0.0023  -0.0177  -0.0902  -0.0059   0.0215
 -0.0159  -0.0262  -0.0245  -0.0395  -0.0160   0.0087
 -0.0308  -0.1644  -0.0141   0.0819  -0.0517  -0.0425
 -0.0253  -0.0997  -0.0106   0.0462  -0.0391   0.0097
 -0.0101  -0.0957  -0.0319   0.0264  -0.0158   0.0000
 -0.0295  -0.0327   0.0438  -0.1630  -0.0606   0.0310
 -0.0011  -0.1177  -0.0017   0.0538  -0.0249  -0.0146
 -0.0011  -0.0822  -0.0264   0.0019  -0.0130   0.0204
 -0.0009  -0.1081  -0.0225   0.0480  -0.0139  -0.0225
 -0.0046  -0.1250  -0.0226   0.0835  -0.0220  -0.0051
 -0.0030  -0.1281  -0.0105   0.0653  -0.0229  -0.0145
 -0.0128  -0.0897  -0.0098  -0.0286  -0.0303   0.0061
 -0.0125  -0.1426  -0.0005   0.0618  -0.0630  -0.0316
 -0.0151  -0.1469  -0.0168   0.1099  -0.0524  -0.0044
 -0.0073  -0.1390  -0.0106   0.0896  -0.0412  -0.0040
 -0.0141  -0.1421   0.0014   0.0976  -0.0470  -0.0177
 -0.0147  -0.1250  -0.0107   0.1020  -0.0178   0.0033
  0.0326  -0.0576  -0.0533   0.0546   0.0582   0.0162
  0.0034  -0.1270  -0.0241   0.0897  -0.0044  -0.0252
  0.0119  -0.1001  -0.0338   0.1052   0.0080   0.0107
  0.0115  -0.1038  -0.0368   0.0726   0.0174  -0.0030
 -0.0024  -0.1514  -0.0189   0.1237  -0.0194  -0.0140
  0.0014  -0.1640  -0.0024   0.1332  -0.0386   0.0005
  0.0031  -0.1403  -0.0159   0.1284  -0.0100   0.0033
  0.0010  -0.1445  -0.0180   0.1183  -0.0118   0.0003
 -0.0152  -0.1443  -0.0232   0.1032  -0.0060   0.0049
 -0.0009  -0.1213  -0.0357   0.1304   0.0096   0.0102
  0.0083  -0.1289  -0.0314   0.1377   0.0032  -0.0153
  0.0170  -0.1171  -0.0413   0.0443   0.0191  -0.0325
  0.0181  -0.0959  -0.0254   0.0077   0.0104   0.0080
  0.0342  -0.0590  -0.0370  -0.0339   0.0733  -0.0112
  0.0207  -0.1075  -0.0447   0.0626   0.0392   0.0162
 -0.0050  -0.0898  -0.0233   0.0571   0.0021  -0.0321
  0.0056  -0.0875  -0.0319   0.0252  -0.0132  -0.0054
  0.0119  -0.0648  -0.0328   0.0245   0.0208  -0.0020
  0.0060  -0.0863  -0.0195   0.0256   0.0088  -0.0335
 -0.0057  -0.1196  -0.0183   0.0652  -0.0230  -0.0170
  0.0022  -0.1078  -0.0247   0.0429  -0.0093  -0.0129
  0.0021  -0.1108  -0.0253   0.0455  -0.0056  -0.0319
 -0.0020  -0.1230  -0.0237   0.0554  -0.0102  -0.0290
  0.0070  -0.0933  -0.0308   0.0439   0.0042  -0.0077
  0.0235  -0.0481  -0.0492   0.0342   0.0440  -0.0010
  0.0027  -0.1175  -0.0084   0.0790  -0.0030  -0.0527
 -0.0053  -0.1190  -0.0157   0.0794  -0.0041  -0.0120
 -0.0052  -0.1012  -0.0232   0.0582   0.0029  -0.0232
 -0.0062  -0.1270  -0.0168   0.0706  -0.0166  -0.0411
  0.0166  -0.1428  -0.0247   0.0907   0.0102  -0.0240
  0.0109  -0.1470  -0.0340   0.0860   0.0008  -0.0222
 -0.0011  -0.1836  -0.0265   0.0929  -0.0213  -0.0332
  0.0005  -0.1823  -0.0178   0.1119  -0.0209  -0.0256
  0.0073  -0.1680  -0.0194   0.1094  -0.0207  -0.0138
  0.1119  -0.1569   0.0203   0.1090   0.1216  -0.0251
  0.0565  -0.0833  -0.0264   0.0600   0.0578  -0.0138
  0.0238  -0.1816  -0.0015   0.1420  -0.0108  -0.0317
  0.0314  -0.1489  -0.0145   0.1139   0.0141  -0.0194
  0.0187  -0.1459  -0.0155   0.0730   0.0039  -0.0152
  0.0156  -0.1581   0.0026   0.1240  -0.0129  -0.0301
  0.0228  -0.1366  -0.0114   0.1194   0.0172   0.0007
  0.0282  -0.1244  -0.0077   0.1186   0.0122  -0.0096
  0.0164  -0.1551   0.0012   0.1314  -0.0215  -0.0167
  0.0235  -0.1100  -0.0191   0.1087   0.0194   0.0009
  0.0406  -0.0800  -0.0236   0.0804   0.0473  -0.0197
  0.0160  -0.1472  -0.0080   0.1297   0.0028  -0.0234
  0.0272  -0.0856  -0.0248   0.0541   0.0263  -0.0053
  0.0168  -0.1380  -0.0083   0.0706   0.0068  -0.0387
  0.0160  -0.1288  -0.0039   0.1197  -0.0059  -0.0263
  0.0493  -0.0884  -0.0413   0.1862   0.0814  -0.0216
  0.0435  -0.0092  -0.0176  -0.3192   0.0524   0.0359
  0.0286  -0.1111  -0.0145   0.0308   0.0243  -0.0370
  0.0351  -0.1090  -0.0254   0.0659   0.0354  -0.0536
  0.0326  -0.1192  -0.0117   0.0525   0.0209  -0.0470
 -0.0114  -0.1346   0.0025   0.0276  -0.0250  -0.0309
 -0.0082  -0.1776   0.0133   0.0690  -0.0126  -0.0210
  0.0245  -0.1297  -0.0104   0.0276   0.0053  -0.0459
  0.0533  -0.0077  -0.0332  -0.1160   0.0341   0.0387
  0.0160  -0.1551  -0.0306   0.0546  -0.0046  -0.0490
 -0.0306  -0.1093   0.0013  -0.0552  -0.0476  -0.0126
  0.0044  -0.1694  -0.0161   0.0926  -0.0164  -0.0404
  0.0235  -0.1361  -0.0352   0.0900   0.0225   0.0034
  0.0045  -0.1724  -0.0180   0.0990  -0.0051  -0.0441
  0.0142  -0.1556  -0.0259   0.1104   0.0180  -0.0320
  0.0345  -0.1028  -0.0425   0.0898   0.0589  -0.0094
  0.0177  -0.1211  -0.0279   0.0916   0.0249  -0.0377
  0.0010  -0.1531  -0.0286   0.1284   0.0049  -0.0218
  0.0428  -0.1328  -0.0552   0.1161   0.0525  -0.0069
  0.0188  -0.1652  -0.0378   0.1202   0.0251  -0.0328
  0.0070  -0.2006  -0.0173   0.1655  -0.0005  -0.0327
  0.0092  -0.1719  -0.0312   0.1494   0.0045  -0.0097
  0.0104  -0.1717  -0.0141   0.1426  -0.0125  -0.0338
  0.0060  -0.2084  -0.0004   0.1571  -0.0384  -0.0336
  0.0125  -0.0348  -0.0428   0.0332   0.0438   0.0394
 -0.0231  -0.1975   0.0059   0.0143   0.0415  -0.0299
  0.0852   0.0783  -0.0976  -0.0541   0.1812   0.0836
 -0.0316  -0.1155  -0.0237   0.0676  -0.0144  -0.0244
 -0.0252   0.0642  -0.0128  -0.0849  -0.0209  -0.0047
 -0.0394  -0.0607  -0.0233   0.0225  -0.0269  -0.0255
 -0.0371  -0.0905  -0.0194   0.0386  -0.0403  -0.0201
