 -0.1357   0.1615  -0.0676   0.1895  -0.1181   0.1374
 -0.1407   0.1534  -0.0929   0.1801  -0.1331   0.1417
 -0.1196   0.1383  -0.1046   0.1303  -0.1351   0.1496
 -0.1223   0.1311  -0.0958   0.1547  -0.1315   0.1105
 -0.1509   0.1614  -0.0886   0.1777  -0.1517   0.1274
 -0.1451   0.1705  -0.0863   0.1588  -0.1447   0.1142
 -0.1341   0.1423  -0.0754   0.1337  -0.1443   0.1200
 -0.1433   0.1452  -0.0639   0.1299  -0.1436   0.1012
 -0.1439   0.1578  -0.0591   0.1619  -0.1242   0.0943
 -0.1345   0.1426  -0.0542   0.1573  -0.1219   0.1218
 -0.1428   0.1553  -0.0600   0.1258  -0.1162   0.1050
 -0.1394   0.1552  -0.0597   0.1219  -0.1063   0.0971
 -0.1262   0.1500  -0.0483   0.1248  -0.0918   0.0895
 -0.1236   0.1365  -0.0628   0.1253  -0.0999   0.0895
 -0.1420   0.1409  -0.0281   0.1301  -0.1122   0.0908
 -0.1479   0.1307  -0.0426   0.1129  -0.1145   0.0886
 -0.1423   0.1325  -0.0240   0.1061  -0.1014   0.0690
 -0.1416   0.1319  -0.0169   0.1336  -0.0998   0.0789
 -0.1400   0.1424  -0.0222   0.1107  -0.0859   0.0837
 -0.1343   0.1596  -0.0156   0.0678  -0.0766   0.0857
 -0.1188   0.1451  -0.0038   0.0699  -0.0619   0.0579
 -0.1191   0.1435   0.0009   0.0922  -0.0613   0.0641
 -0.1156   0.1501  -0.0098   0.0582  -0.0428   0.0692
 -0.1268   0.1731  -0.0088   0.0454  -0.0461   0.0668
 -0.1322   0.1726   0.0016   0.0437  -0.0361   0.0369
 -0.1201   0.1750   0.0011   0.0319  -0.0224   0.0409
 -0.1142   0.3040  -0.0052  -0.0326  -0.0154   0.0564
 -0.1334   0.3624  -0.0193  -0.0693  -0.0080   0.0418
 -0.1462   0.3491  -0.0164  -0.0682  -0.0126   0.0035
 -0.1260   0.3077  -0.0181  -0.0236  -0.0086   0.0011
 -0.1067   0.3058  -0.0330  -0.0181  -0.0161   0.0197
 -0.0731   0.2954  -0.0394  -0.0331  -0.0049   0.0367
 -0.0761   0.3229  -0.0385  -0.0562  -0.0010   0.0352
 -0.0714   0.2950  -0.0242  -0.0632  -0.0012   0.0186
 -0.0856   0.2430  -0.0159  -0.0173   0.0119   0.0362
 -0.0766   0.2140   0.0240  -0.0157   0.0202   0.0618
 -0.0642   0.2420   0.0027   0.1455   0.0128   0.0302
 -0.0687   0.2708  -0.0219   0.0868   0.0156   0.0717
 -0.0641   0.2533  -0.0233   0.0937   0.0082   0.0389
 -0.0539   0.2219  -0.0188   0.1099   0.0153   0.0251
 -0.0525   0.2367  -0.0204   0.0780   0.0146   0.0341
 -0.0346   0.1328  -0.0263   0.0647   0.0213   0.0432
 -0.0328   0.1974  -0.0539   0.0445   0.0151   0.0355
 -0.0339   0.1865  -0.0367   0.0621   0.0172   0.0198
 -0.0382   0.1843  -0.0381   0.0753   0.0113   0.0286
 -0.0424   0.1732  -0.0515   0.0566   0.0105   0.0249
 -0.0480   0.1903  -0.0517   0.0146  -0.0127   0.0247
 -0.0452   0.1802  -0.0329   0.0421  -0.0017  -0.0027
 -0.0326   0.1776  -0.0333   0.0250  -0.0064   0.0187
 -0.0287   0.1829  -0.0354   0.0231   0.0077   0.0166
 -0.0313   0.1735  -0.0383   0.0125   0.0001   0.0108
 -0.0296   0.1671  -0.0370   0.0370  -0.0021   0.0009
 -0.0077   0.1582  -0.0433   0.0859  -0.0061   0.0077
  0.0051   0.1616  -0.0368   0.0567  -0.0004   0.0215
 -0.0099   0.1721  -0.0249   0.0274   0.0178   0.0152
 -0.0099   0.1778  -0.0348   0.0000   0.0174   0.0127
  0.0025   0.1468  -0.0302   0.0505   0.0125   0.0123
  0.0126   0.1332  -0.0252   0.0646   0.0151   0.0222
  0.0226   0.1345  -0.0114   0.0513   0.0338   0.0365
  0.0177   0.1124  -0.0144   0.0447   0.0288   0.0351
 -0.0353   0.2506  -0.0367  -0.0533  -0.0105   0.0100
 -0.0606   0.2174  -0.0312   0.0072  -0.0176   0.0490
 -0.0238   0.2225  -0.0373   0.0266   0.0014  -0.0122
 -0.0121   0.2087  -0.0230   0.0104   0.0032   0.0202
 -0.0059   0.1988  -0.0338  -0.0029   0.0174   0.0043
 -0.0087   0.2078  -0.0342  -0.0104   0.0124  -0.0080
  0.0000   0.1996  -0.0176   0.0064   0.0122   0.0071
 -0.0013   0.2089  -0.0201   0.0058   0.0033   0.0058
 -0.0172   0.2074  -0.0205  -0.0954   0.0095  -0.0033
 -0.0220   0.2701  -0.0423  -0.1281   0.0149  -0.0280
 -0.0054   0.1862  -0.0098  -0.0064   0.0154  -0.0572
 -0.0027   0.1585  -0.0142  -0.0220   0.0097  -0.0156
 -0.0039   0.1754  -0.0266  -0.0557   0.0115  -0.0063
 -0.0009   0.1569  -0.0155  -0.0472   0.0133  -0.0151
 -0.0044   0.1157  -0.0050  -0.0084   0.0127  -0.0263
 -0.0034   0.0899   0.0039   0.0061   0.0317  -0.0134
  0.0013   0.0901  -0.0042  -0.0216   0.0193  -0.0176
  0.0208   0.0295   0.0115   0.0036   0.0316  -0.0471
  0.0233   0.0007   0.0157   0.0302   0.0237  -0.0251
  0.0161  -0.0123   0.0492  -0.0279   0.0207  -0.0269
  0.0193  -0.0081   0.0408   0.0002   0.0198  -0.0499
  0.0049  -0.0319   0.0625   0.0276   0.0166  -0.0311
 -0.0094  -0.0269   0.0716   0.0027   0.0294  -0.0347
 -0.0083  -0.0294   0.0936  -0.0023   0.0287  -0.0317
 -0.0106  -0.0374   0.0880   0.0151   0.0197  -0.0545
  0.0064   0.0396   0.0797  -0.0105   0.0283  -0.0219
  0.0259   0.0489   0.1276   0.0055   0.0365  -0.0576
  0.0166   0.0813   0.1029  -0.0168   0.0467  -0.0250
  0.0206   0.0795   0.0627  -0.0155   0.0177  -0.0429
  0.0311   0.0363   0.0475   0.0168   0.0176  -0.0520
  0.0253   0.0496   0.0410  -0.0187   0.0220  -0.0334
  0.0270   0.0132   0.0398  -0.0320   0.0156  -0.0330
  0.0418  -0.0425   0.0402  -0.0224   0.0306  -0.0359
  0.0583  -0.0846   0.0183   0.0142   0.0164  -0.0350
  0.0757  -0.1088   0.0128   0.0143   0.0075  -0.0268
  0.0808  -0.1177  -0.0008  -0.0193   0.0170  -0.0090
  0.0861  -0.2005   0.0125  -0.0010   0.0225  -0.0259
  0.0984  -0.2341   0.0017   0.0448   0.0090  -0.0036
  0.0829  -0.1587   0.0010  -0.0044   0.0145  -0.0122
  0.0768  -0.2004  -0.0135  -0.0125   0.0090  -0.0252
  0.0788  -0.2181  -0.0090   0.0102   0.0084  -0.0311
  0.0825  -0.2160  -0.0168   0.0198   0.0023  -0.0139
  0.0848  -0.2301  -0.0123  -0.0082   0.0059  -0.0083
  0.0860  -0.2348  -0.0039  -0.0037   0.0129  -0.0201
  0.0722  -0.2344   0.0023   0.0083   0.0150  -0.0143
  0.0580  -0.2003  -0.0077  -0.0406   0.0302  -0.0033
  0.0554  -0.2104  -0.0128  -0.0520   0.0228  -0.0139
  0.0568  -0.2519  -0.0042  -0.0307   0.0225  -0.0299
  0.0768  -0.2588  -0.0097  -0.0235   0.0286  -0.0107
  0.0848  -0.2579  -0.0178  -0.0363   0.0283  -0.0131
  0.0941  -0.2602   0.0002  -0.0411   0.0278  -0.0075
  0.0891  -0.2641  -0.0037  -0.0589   0.0418  -0.0176
  0.0819  -0.2248  -0.0018  -0.0571   0.0358  -0.0464
  0.0765  -0.2907   0.0121  -0.0508   0.0440  -0.0391
  0.1151  -0.3475   0.0182   0.0223   0.0535  -0.0244
  0.1147  -0.3592   0.0041   0.0110   0.0553  -0.0278
  0.1085  -0.2909   0.0130  -0.0704   0.0747  -0.0439
  0.0278  -0.0566   0.1923  -0.1971   0.0195  -0.0348
  0.0253  -0.0635   0.1696  -0.0967   0.0218  -0.0703
  0.0331  -0.0784   0.1639  -0.1189   0.0357  -0.0599
  0.0263  -0.0851   0.1597  -0.1505   0.0490  -0.0557
  0.0234  -0.1246   0.1510  -0.1352   0.0451  -0.0820
  0.0288  -0.1424   0.1330  -0.1010   0.0474  -0.0822
  0.0402  -0.1355   0.1287  -0.1323   0.0526  -0.0460
  0.0318  -0.1651   0.1339  -0.1392   0.0528  -0.0669
  0.0476  -0.1904   0.1326  -0.0992   0.0606  -0.0721
  0.0703  -0.2389   0.0992  -0.0673   0.0585  -0.0519
  0.0757  -0.2212   0.1060  -0.0666   0.0603  -0.0650
  0.0802  -0.2407   0.0807  -0.1117   0.0678  -0.0654
  0.0917  -0.2631   0.0900  -0.0811   0.0638  -0.0920
  0.0966  -0.2772   0.0875  -0.0679   0.0674  -0.0793
  0.0984  -0.2565   0.0701  -0.1162   0.0641  -0.0652
  0.0968  -0.2648   0.0864  -0.1141   0.0654  -0.0895
  0.0855  -0.2788   0.1130  -0.0695   0.0642  -0.1027
  0.0518  -0.1570   0.1400  -0.1245   0.0570  -0.0907
  0.0725  -0.2294   0.1283  -0.0941   0.0598  -0.1089
  0.0766  -0.2391   0.1236  -0.0760   0.0587  -0.1036
  0.0240  -0.2521   0.0145  -0.0956  -0.0986  -0.0639
  0.0345  -0.3643  -0.1324  -0.0462  -0.0589  -0.0157
  0.0874  -0.3321  -0.1090  -0.0750  -0.0190  -0.0385
  0.0976  -0.3876  -0.0988  -0.0562  -0.0098  -0.0573
  0.1135  -0.3933  -0.0912  -0.0555  -0.0089  -0.0440
  0.1017  -0.3650  -0.0937  -0.0644  -0.0107  -0.0630
  0.1294  -0.3873  -0.0699  -0.1118   0.0189  -0.0329
  0.1314  -0.3058  -0.0770  -0.1087   0.0028  -0.0402
  0.1549  -0.3644  -0.0450  -0.1022   0.0368  -0.0110
  0.1725  -0.3933  -0.0452  -0.0958   0.0456  -0.0190
  0.1922  -0.4497  -0.0501  -0.0432   0.0487  -0.0249
  0.1988  -0.4354  -0.0594  -0.0714   0.0568  -0.0144
  0.1909  -0.4324  -0.0599  -0.0941   0.0610  -0.0239
  0.1848  -0.4604  -0.0560  -0.0620   0.0537  -0.0472
  0.1853  -0.4555  -0.0648  -0.0425   0.0508  -0.0351
