 -0.0121   0.0468   0.0210   0.0239   0.0655  -0.5155
 -0.0060   0.0828   0.0313  -0.0717   0.0501  -0.5679
 -0.0118   0.0578   0.0224  -0.0070   0.0574  -0.5125
 -0.0308   0.0309   0.0411  -0.0363   0.0577  -0.5630
 -0.0151   0.0868   0.0250  -0.0118   0.0638  -0.5260
 -0.0117   0.0491   0.0219   0.0134   0.0663  -0.4909
 -0.0140   0.0564   0.0404  -0.0840   0.0447  -0.5640
 -0.0208   0.0640   0.0252  -0.0054   0.0582  -0.5014
 -0.0246   0.0296   0.0243   0.0034   0.0611  -0.5069
  0.0002   0.1059   0.0182  -0.1309   0.0532  -0.5314
 -0.0053   0.0405   0.0322  -0.0463   0.0439  -0.4862
  0.0043   0.0430   0.0362  -0.1397   0.0397  -0.5655
 -0.0044   0.0469   0.0189   0.0052   0.0564  -0.4684
 -0.0074   0.0629   0.0290  -0.0312   0.0478  -0.5109
 -0.0031   0.0556   0.0137   0.0417   0.0608  -0.4502
 -0.0068   0.0440   0.0198   0.0157   0.0562  -0.4572
 -0.0161   0.0681   0.0167   0.0119   0.0543  -0.4726
 -0.0158   0.0289   0.0257   0.0226   0.0524  -0.4748
 -0.0135   0.0836   0.0178  -0.1241   0.0521  -0.4849
 -0.0160   0.0416   0.0143  -0.0035   0.0545  -0.4583
 -0.0208   0.0674   0.0269  -0.0835   0.0400  -0.5004
 -0.0209   0.0624   0.0101   0.0194   0.0507  -0.4367
 -0.0173   0.0472   0.0282  -0.0455   0.0378  -0.4803
 -0.0103   0.0662   0.0227  -0.0803   0.0434  -0.4547
 -0.0015   0.0108   0.0235  -0.0370   0.0476  -0.4209
 -0.0021   0.0310   0.0363  -0.0759   0.0449  -0.4615
  0.0067   0.0294   0.0211   0.0238   0.0616  -0.4126
  0.0124  -0.0147   0.0480  -0.0830   0.0386  -0.4697
  0.0112   0.0295   0.0228  -0.0467   0.0552  -0.4205
  0.0033  -0.0033   0.0347   0.0242   0.0422  -0.3903
  0.0042   0.0070   0.0470  -0.1357   0.0182  -0.4643
  0.0025  -0.0015   0.0173   0.0437   0.0495  -0.3816
  0.0079  -0.0274   0.0211   0.0175   0.0463  -0.4107
  0.0110   0.0160   0.0149   0.0502   0.0522  -0.3790
  0.0065  -0.0172   0.0258   0.0630   0.0475  -0.3444
  0.0083   0.0189   0.0265  -0.0482   0.0450  -0.3801
  0.0031   0.0106   0.0118   0.0370   0.0509  -0.3423
  0.0010  -0.0153   0.0289  -0.0067   0.0421  -0.3837
  0.0063   0.0144   0.0238   0.0123   0.0480  -0.3424
  0.0107  -0.0267   0.0153   0.0586   0.0608  -0.3225
  0.0042   0.0202   0.0174  -0.0466   0.0451  -0.3670
  0.0196  -0.0020   0.0083   0.0980   0.0669  -0.2978
  0.0149   0.0038   0.0044   0.0428   0.0708  -0.3387
  0.0170   0.0073  -0.0059   0.0730   0.0772  -0.2866
  0.0158  -0.0183   0.0016   0.0820   0.0731  -0.2702
  0.0217   0.0164  -0.0015   0.0621   0.0681  -0.2964
  0.0168   0.0112  -0.0040   0.0920   0.0707  -0.2609
  0.0157  -0.0083   0.0075   0.0557   0.0680  -0.2947
  0.0133  -0.0159  -0.0154   0.1158   0.0659  -0.2606
 -0.0348   0.0657   0.0930  -0.3965  -0.0075  -0.3752
 -0.0063   0.1204   0.0601  -0.1281   0.0140  -0.2857
 -0.0254   0.0773   0.0270  -0.0477   0.0246  -0.3004
 -0.0341   0.0785   0.0117  -0.0757   0.0291  -0.2660
 -0.0381  -0.0003   0.0120  -0.0884   0.0342  -0.2943
 -0.0265   0.0503   0.0014  -0.0653   0.0234  -0.2698
 -0.0219   0.0405   0.0025   0.0424   0.0250  -0.2168
 -0.0326   0.0609  -0.0005  -0.0544   0.0210  -0.2606
 -0.0309   0.0532  -0.0131   0.0590   0.0264  -0.1965
 -0.0263   0.0098   0.0086  -0.0278   0.0092  -0.2542
 -0.0287   0.0618  -0.0099   0.0341   0.0137  -0.2002
 -0.0367   0.0114   0.0006   0.0537   0.0080  -0.1868
 -0.0387   0.0572  -0.0100  -0.0259   0.0102  -0.2006
 -0.0327   0.0080   0.0094   0.0195   0.0209  -0.1789
 -0.0330   0.0496   0.0061  -0.1224   0.0014  -0.2178
 -0.0316   0.0420  -0.0102   0.0477   0.0144  -0.1379
 -0.0268   0.0106   0.0202  -0.0453  -0.0051  -0.2026
 -0.0345   0.0571  -0.0033  -0.0228   0.0011  -0.1617
 -0.0239  -0.0025  -0.0041   0.0065   0.0070  -0.1245
 -0.0560   0.0022   0.0042  -0.1776  -0.0232  -0.2337
 -0.0675   0.0201  -0.0113  -0.1021  -0.0053  -0.1701
 -0.0398  -0.0638   0.0186  -0.0356  -0.0174  -0.1502
 -0.0288  -0.0044   0.0068  -0.0518  -0.0248  -0.1901
 -0.0499  -0.0075  -0.0186   0.0733  -0.0082  -0.1169
 -0.0314  -0.0527  -0.0080   0.0264  -0.0016  -0.1434
 -0.0371  -0.0031  -0.0197   0.0468  -0.0046  -0.1264
 -0.0451  -0.0358  -0.0155   0.0979  -0.0045  -0.0937
 -0.0378  -0.0182  -0.0120   0.0298  -0.0141  -0.1151
 -0.0422  -0.0035  -0.0171   0.0513  -0.0135  -0.0910
 -0.0453  -0.0712   0.0153   0.0162  -0.0270  -0.1066
 -0.0318  -0.0189   0.0005   0.0179  -0.0124  -0.0669
 -0.0423  -0.0481  -0.0072   0.0585  -0.0057  -0.0338
 -0.0435  -0.0063  -0.0080  -0.0997  -0.0023  -0.1050
 -0.0427  -0.0244  -0.0127   0.0986   0.0092  -0.0126
 -0.0255  -0.0357   0.0226   0.0932  -0.0293  -0.0264
 -0.0417  -0.0052  -0.0084   0.0961  -0.0081   0.0152
 -0.0352  -0.0554  -0.0034   0.0961  -0.0010   0.0221
 -0.0355   0.0054  -0.0197   0.0150  -0.0007   0.0039
 -0.0354  -0.0238  -0.0178   0.1081   0.0065   0.0343
 -0.0352  -0.0278  -0.0113   0.0011  -0.0035  -0.0143
 -0.0207  -0.0119  -0.0259   0.1072   0.0121   0.0866
 -0.0116  -0.0531  -0.0071   0.0654   0.0049   0.0690
 -0.0177   0.0080  -0.0282   0.0491   0.0029   0.0782
 -0.0238  -0.0362  -0.0221   0.0800   0.0077   0.0981
 -0.0231   0.0018  -0.0360   0.0385   0.0167   0.0869
 -0.0377  -0.0694  -0.0208   0.1165   0.0060   0.1207
  0.0046   0.0087  -0.0297   0.2245   0.0024   0.2229
  0.0210   0.0020  -0.0097  -0.0770   0.0024   0.0728
 -0.0176  -0.0476  -0.0273   0.0568  -0.0019   0.1712
 -0.0663  -0.0862   0.0078  -0.2237  -0.0587   0.0071
 -0.0055  -0.0807   0.0078   0.0464  -0.0414   0.1367
  0.0117  -0.0734  -0.0096   0.1021  -0.0174   0.1918
  0.0086  -0.0479  -0.0042  -0.0996  -0.0476   0.1058
  0.0316  -0.0670   0.0242  -0.0625  -0.0684   0.1153
  0.0357  -0.0701   0.0280   0.0080  -0.0715   0.1245
  0.0287  -0.0874   0.0292   0.0168  -0.0773   0.1491
  0.0257  -0.0764   0.0353  -0.0210  -0.0833   0.1482
  0.0155  -0.0926   0.0548  -0.0348  -0.1009   0.1492
  0.0259  -0.0496   0.0205  -0.0699  -0.0794   0.2025
  0.0178  -0.0858   0.0122   0.0551  -0.0492   0.2635
  0.0316  -0.0431   0.0059  -0.1153  -0.0491   0.1857
  0.0495  -0.0130  -0.0133   0.0093  -0.0307   0.3103
  0.0457  -0.0560   0.0135  -0.1260  -0.0501   0.2445
  0.0382   0.0038  -0.0118  -0.0432  -0.0389   0.3308
  0.0295  -0.0553  -0.0153  -0.0706  -0.0362   0.3044
  0.0323   0.0313  -0.0438  -0.0080  -0.0285   0.3653
  0.0294  -0.0312  -0.0379   0.0542  -0.0222   0.3951
  0.0365   0.0374  -0.0414  -0.0380  -0.0263   0.3759
  0.0314  -0.0124  -0.0328   0.0447  -0.0250   0.4217
  0.0427   0.0140  -0.0345   0.0008  -0.0340   0.4011
  0.0338   0.0177  -0.0424   0.0399  -0.0198   0.4428
  0.0364  -0.0144  -0.0314   0.0631  -0.0301   0.4738
  0.0369  -0.0052  -0.0258   0.0280  -0.0383   0.3524
  0.0270  -0.0117  -0.0358   0.1206  -0.0170   0.4342
  0.0281  -0.0237  -0.0153   0.0414  -0.0377   0.4258
  0.0381   0.0249  -0.0409  -0.0446  -0.0149   0.4301
  0.0152  -0.0471  -0.0312   0.0204  -0.0164   0.4098
  0.0092  -0.0133  -0.0400  -0.0132  -0.0169   0.3892
  0.0136  -0.0141  -0.0332   0.0460  -0.0189   0.4639
  0.0289  -0.0355  -0.0197  -0.0143  -0.0311   0.4373
  0.0266   0.0060  -0.0392   0.0133  -0.0279   0.4817
  0.0212  -0.0588  -0.0244  -0.0191  -0.0233   0.4524
  0.0244  -0.0099  -0.0367  -0.0011  -0.0177   0.5088
  0.0332  -0.0737  -0.0242  -0.0420  -0.0072   0.4913
  0.0332  -0.0042  -0.0344  -0.1398  -0.0336   0.4790
  0.0262  -0.0342  -0.0134   0.0425  -0.0476   0.5489
  0.0195  -0.0064  -0.0234  -0.0129  -0.0570   0.5058
  0.0146  -0.0066  -0.0427   0.0905  -0.0379   0.5757
  0.0309  -0.0512  -0.0225   0.0598  -0.0464   0.5969
  0.0447   0.0089  -0.0390   0.0425  -0.0406   0.6091
  0.0425  -0.0213  -0.0358   0.1358  -0.0388   0.6498
  0.0413   0.0030  -0.0052  -0.0724  -0.0808   0.5720
  0.0420   0.0072  -0.0320   0.0578  -0.0472   0.6530
  0.0197  -0.0825   0.0077  -0.0165  -0.0740   0.5669
  0.0098   0.0066  -0.0339   0.0182  -0.0493   0.5882
  0.0233  -0.0315  -0.0358   0.1085  -0.0408   0.6484
  0.0242  -0.0338  -0.0121  -0.0768  -0.0687   0.6033
  0.0320   0.0119  -0.0310  -0.0242  -0.0561   0.6698
  0.0297  -0.0711   0.0034   0.0102  -0.0717   0.6907
  0.0447  -0.0092   0.0105  -0.1579  -0.0978   0.6424
  0.0533  -0.0085  -0.0221   0.0685  -0.0610   0.7420
  0.0318  -0.0652  -0.0085  -0.0424  -0.0841   0.7028
  0.0422   0.0106  -0.0264   0.0004  -0.0780   0.7617
  0.0405  -0.0231  -0.0160   0.0857  -0.0737   0.7985
  0.0288  -0.0244  -0.0021   0.0528  -0.0986   0.7445
  0.0218   0.0146  -0.0221  -0.0241  -0.0900   0.7923
  0.0065  -0.0339  -0.0104   0.0176  -0.0834   0.8113
