 -0.1048  -0.0822  -0.0196  -0.4321  -0.0924   0.0244
 -0.1240  -0.1536  -0.0248  -0.4195  -0.1214  -0.0152
 -0.1224  -0.1568  -0.0351  -0.3880  -0.1273  -0.0064
 -0.1320  -0.1493  -0.0329  -0.3756  -0.1296   0.0103
 -0.1263  -0.1887  -0.0437  -0.3512  -0.1368  -0.0002
 -0.1355  -0.1195  -0.0346  -0.3277  -0.1233   0.0259
 -0.1443  -0.1868  -0.0527  -0.2640  -0.1282  -0.0297
 -0.1445  -0.0830  -0.0328  -0.2406  -0.0990   0.0205
 -0.1013  -0.1296  -0.0436  -0.2098  -0.0667  -0.0302
 -0.0980  -0.0449  -0.0217  -0.1251  -0.0697   0.0117
 -0.0503  -0.0178  -0.0233   0.0103  -0.0322   0.0000
 -0.0435  -0.0109  -0.0243   0.0241  -0.0386   0.0152
 -0.0428  -0.0155  -0.0193  -0.0509  -0.0373   0.0349
 -0.0312  -0.0020  -0.0109  -0.0399  -0.0333   0.0030
 -0.0142  -0.0064  -0.0152  -0.0455  -0.0201   0.0016
 -0.0017   0.0138  -0.0184  -0.0096  -0.0152  -0.0019
 -0.0015  -0.0034  -0.0193  -0.0136  -0.0174  -0.0131
 -0.0076   0.0186  -0.0120   0.0238  -0.0224  -0.0014
 -0.0036   0.0083  -0.0080   0.0801  -0.0305  -0.0130
 -0.0095   0.0269  -0.0003   0.0932  -0.0300   0.0290
  0.0135   0.0671  -0.0100   0.1241  -0.0165   0.0278
  0.0203   0.0739  -0.0066   0.1154  -0.0156   0.0376
  0.0461   0.0742  -0.0042   0.1115   0.0053   0.0119
  0.0465   0.0794  -0.0004   0.1260   0.0077   0.0237
  0.0444   0.0643   0.0009   0.1476   0.0035   0.0215
  0.0429   0.0786  -0.0064   0.1206   0.0129   0.0336
  0.0524   0.0974  -0.0096   0.1164   0.0170   0.0165
  0.0533   0.1006  -0.0091   0.1418   0.0131   0.0047
  0.0494   0.0916  -0.0087   0.1496   0.0139   0.0225
  0.0514   0.0969  -0.0135   0.1339   0.0199   0.0244
  0.0523   0.1089  -0.0159   0.1319   0.0255   0.0095
  0.0508   0.1089  -0.0111   0.1459   0.0272   0.0002
  0.0482   0.0960  -0.0028   0.1442   0.0240   0.0036
  0.0577   0.1023  -0.0120   0.1244   0.0349   0.0048
  0.0421   0.0917  -0.0015   0.1813   0.0229   0.0270
  0.0323   0.0993   0.0145   0.1752   0.0150   0.0439
  0.0250   0.1253   0.0155   0.1782   0.0121   0.0376
  0.0245   0.1162   0.0050   0.1569   0.0092   0.0055
  0.0382   0.0868   0.0002   0.2123   0.0142   0.0347
  0.0306   0.0812  -0.0245   0.2465   0.0120   0.0329
  0.0273   0.0671  -0.0220   0.1679   0.0076   0.0131
  0.0402   0.1076  -0.0035   0.1618   0.0144   0.0355
  0.0542   0.1102  -0.0197   0.2146   0.0172   0.0048
  0.0749   0.1209  -0.0373   0.2425   0.0425   0.0453
  0.0682   0.1420  -0.0235   0.2742   0.0235   0.0523
  0.0538   0.1215  -0.0122   0.2691   0.0163   0.0505
  0.0657   0.1147  -0.0158   0.2743   0.0352   0.0838
  0.0409   0.0993  -0.0043   0.0244   0.0232  -0.0145
  0.0352   0.0587  -0.0070  -0.0967   0.0349   0.0401
  0.0162   0.0053  -0.0030  -0.0943   0.0213  -0.0115
  0.0108  -0.0114   0.0074  -0.0691   0.0123  -0.0079
  0.0067  -0.0032   0.0055  -0.0793   0.0139   0.0059
  0.0228   0.0652   0.0053   0.0568   0.0247   0.0173
  0.0219   0.0544   0.0007   0.0987   0.0272  -0.0008
  0.0106   0.0623   0.0082   0.1188   0.0231   0.0421
  0.0332   0.0602  -0.0050   0.1190   0.0391   0.0433
  0.0586   0.0762  -0.0167   0.1494   0.0331   0.0427
  0.0566   0.0796  -0.0019   0.1894   0.0389   0.0301
  0.0487   0.0994  -0.0084   0.2139   0.0457   0.0298
  0.0652   0.0971  -0.0105   0.2168   0.0423   0.0158
  0.0614   0.1220   0.0004   0.2254   0.0288   0.0210
  0.0492   0.1088   0.0022   0.2131   0.0344   0.0110
  0.0396   0.1126  -0.0138   0.2077   0.0303   0.0218
  0.0499   0.1090  -0.0047   0.1821   0.0385   0.0105
  0.0477   0.1035  -0.0062   0.1038   0.0348  -0.0022
  0.0457   0.0912  -0.0233  -0.0180   0.0381  -0.0199
  0.0459   0.0844  -0.0253  -0.0115   0.0339  -0.0272
  0.0369   0.0946  -0.0152   0.0843   0.0296  -0.0183
  0.0371   0.1064  -0.0031   0.1700   0.0222  -0.0039
  0.0558   0.1165  -0.0059   0.1564   0.0274   0.0114
  0.0762   0.2194  -0.0004   0.0328   0.0499  -0.0202
  0.0837   0.2220  -0.0097  -0.0143   0.0529  -0.0451
  0.0929   0.2100  -0.0330   0.0345   0.0623  -0.0627
  0.0889   0.1964  -0.0346   0.0864   0.0472  -0.0512
  0.0507   0.1262   0.0070   0.0595   0.0586  -0.0683
  0.0442   0.1080  -0.0011  -0.1539   0.0412  -0.0528
  0.0294   0.0761  -0.0003  -0.3666   0.0175  -0.1256
  0.0153   0.1255   0.0130  -0.3117   0.0166  -0.0322
  0.0168   0.0649   0.0084  -0.3875  -0.0003  -0.1065
  0.0091   0.1245   0.0190  -0.2745   0.0035  -0.0801
  0.0183   0.1494   0.0061  -0.1834   0.0124  -0.0829
  0.0381   0.1375  -0.0026  -0.1353   0.0177  -0.0838
  0.0590   0.1243   0.0014  -0.0700   0.0286  -0.0681
  0.0287   0.1438   0.0104  -0.1421   0.0221  -0.0299
  0.0319   0.1300   0.0080  -0.1339   0.0235  -0.0877
  0.0533   0.1720   0.0887  -0.0753   0.1193  -0.0713
  0.0861   0.1277   0.0795  -0.1020   0.1346  -0.0832
  0.0979   0.1288   0.0687  -0.0831   0.1380  -0.0730
  0.0460   0.0596   0.0401  -0.3037   0.0824  -0.0284
  0.0358  -0.0018   0.0204  -0.2444   0.0555  -0.0632
  0.0559   0.0683   0.0103  -0.0755   0.0567  -0.0375
  0.0605   0.0656   0.0125  -0.1038   0.0583  -0.0541
  0.0598   0.0533   0.0103  -0.0762   0.0568  -0.0619
  0.0605   0.1057   0.0084  -0.0261   0.0520  -0.0195
  0.0471   0.0592   0.0080  -0.0883   0.0525  -0.0709
  0.0402   0.0679   0.0233  -0.0490   0.0406  -0.0564
  0.0420   0.0707   0.0122  -0.0844   0.0500  -0.0306
  0.0442   0.0760   0.0063  -0.1078   0.0404  -0.0585
 -0.0523  -0.2174  -0.0200  -0.2707   0.0019  -0.0040
 -0.2064  -0.4996   0.0796   0.1098  -0.1066   0.0360
 -0.1838  -0.3931   0.0460  -0.2029  -0.1012   0.0959
 -0.1714  -0.4639   0.0281  -0.1873  -0.1117   0.0464
 -0.1636  -0.4092   0.0094  -0.1558  -0.1175   0.0740
 -0.1567  -0.3558   0.0078  -0.0720  -0.1209   0.0523
 -0.1565  -0.3328   0.0076  -0.0242  -0.1206   0.0264
 -0.1556  -0.3270   0.0097   0.0261  -0.1201   0.0633
 -0.1164  -0.3008   0.0228   0.0528  -0.0743   0.0494
 -0.1150  -0.3137   0.0244   0.0669  -0.0752   0.0487
 -0.0386  -0.2578   0.0246   0.1454  -0.0098   0.0334
 -0.0387  -0.2552   0.0180   0.1774  -0.0199   0.0309
 -0.0339  -0.2425   0.0238   0.1878  -0.0000   0.0591
 -0.0370  -0.2370   0.0215   0.1990  -0.0059   0.0417
 -0.0318  -0.2497   0.0287   0.2083   0.0008   0.0481
 -0.0077  -0.2384   0.0327   0.2663   0.0262   0.0564
 -0.0314  -0.2706   0.0263   0.1322   0.0081   0.0532
 -0.0515  -0.2301  -0.0058  -0.0682  -0.0180   0.0526
 -0.0582  -0.2797   0.0183  -0.0727  -0.0256   0.0167
 -0.1540  -0.1840   0.0114  -0.4806  -0.0652  -0.0432
 -0.1328  -0.2368   0.0091  -0.1758  -0.0699  -0.0339
 -0.1057  -0.3026  -0.0058  -0.2701  -0.0683  -0.0323
