  0.0611   0.4290   0.1142  -1.9785  -0.0532   0.4595
  0.0590   0.4369   0.1209  -1.9370  -0.0634   0.4555
  0.0653   0.4050   0.1244  -1.9148  -0.0496   0.4548
  0.0604   0.3806   0.1175  -1.9091  -0.0519   0.4446
  0.0466   0.4322   0.1216  -1.9314  -0.0664   0.4478
  0.0608   0.3993   0.1250  -1.8987  -0.0442   0.4470
  0.0561   0.4124   0.1123  -1.9103  -0.0519   0.4485
  0.0549   0.4771   0.1249  -2.0026  -0.0534   0.4473
  0.0617   0.4616   0.1455  -2.0240  -0.0493   0.4365
  0.1217   0.6571   0.1714  -1.9702   0.0179   0.4493
  0.1087   0.5908   0.1029  -1.4419   0.0386   0.2830
  0.0704   0.5542   0.1501  -1.3142   0.0168   0.2813
  0.0634   0.7042   0.1651  -1.7004  -0.0163   0.3406
  0.0741   1.1148   0.2377  -2.4999  -0.0357   0.5100
  0.1573   1.5495   0.3466  -3.6047   0.0826   0.6846
  0.2028   1.4374   0.1477  -3.0367   0.2090   0.4606
  0.1712   0.6347   0.1673  -1.0633   0.2330   0.1888
  0.1734   0.5757   0.1567  -0.9662   0.2367   0.1720
  0.1339   0.5912   0.1320  -0.9576   0.1691   0.1619
  0.1561   0.5797   0.1520  -0.9082   0.2028   0.1600
  0.1945   0.6392   0.1141  -0.9355   0.2630   0.0982
  0.2315   0.5769   0.1350  -0.9442   0.2870   0.1332
  0.2047   0.5425   0.1518  -0.9084   0.2619   0.1145
  0.2052   0.5223   0.1490  -0.9070   0.2597   0.1111
  0.1990   0.5388   0.1697  -0.9463   0.2446   0.1379
  0.1883   0.4682   0.1692  -0.8837   0.2354   0.1563
  0.1761   0.3641   0.1528  -0.8282   0.2339   0.1568
  0.1841   0.3893   0.1585  -0.8543   0.2174   0.1675
  0.1911   0.3210   0.1552  -0.7950   0.2387   0.1823
  0.1744   0.3333   0.1505  -0.8144   0.2105   0.1702
  0.1803   0.3462   0.1633  -0.8034   0.2244   0.1691
  0.1723   0.3215   0.1623  -0.7471   0.2280   0.1608
  0.1732   0.3494   0.1606  -0.7600   0.2290   0.1511
  0.1809   0.3500   0.1624  -0.7655   0.2337   0.1632
  0.1828   0.3092   0.1647  -0.7363   0.2433   0.1551
  0.1785   0.3080   0.1603  -0.7537   0.2356   0.1432
  0.1790   0.3373   0.1676  -0.8062   0.2305   0.1465
  0.1833   0.3030   0.1850  -0.7257   0.2317   0.1540
  0.1930   0.2503   0.1748  -0.7236   0.2584   0.1752
  0.1765   0.3022   0.1620  -0.7823   0.2285   0.1685
  0.1864   0.2811   0.1830  -0.7020   0.2248   0.1675
  0.1832   0.2220   0.1594  -0.6836   0.2343   0.1681
  0.1813   0.2555   0.1706  -0.7056   0.2362   0.1546
  0.1919   0.2671   0.1752  -0.7141   0.2487   0.1541
  0.1911   0.2136   0.1468  -0.7355   0.2636   0.1460
  0.1975   0.1872   0.1227  -0.7701   0.2772   0.1556
  0.1845   0.2012   0.1072  -0.7440   0.2421   0.1641
  0.1726   0.2069   0.2036  -0.7162   0.2177   0.1647
  0.1634   0.1911   0.1914  -0.7108   0.2159   0.1703
  0.1486   0.2286   0.1903  -0.7540   0.1979   0.1677
  0.1736   0.1735   0.2199  -0.7624   0.2098   0.1602
  0.1953   0.0760   0.1841  -0.8270   0.2324   0.2224
  0.1823   0.1469   0.1776  -0.7757   0.2239   0.1954
  0.1702   0.1539   0.1919  -0.7981   0.2271   0.2054
  0.1768   0.1124   0.1874  -0.6891   0.2440   0.2019
  0.1822   0.1190   0.1779  -0.6758   0.2490   0.1947
  0.1779   0.1552   0.2093  -0.6941   0.2379   0.1853
  0.1810   0.1183   0.2230  -0.6049   0.2514   0.1769
  0.1803   0.0682   0.1922  -0.5141   0.2557   0.1659
  0.1837   0.0648   0.1951  -0.3237   0.2672   0.1182
  0.1868   0.0849   0.2016  -0.3421   0.2713   0.1138
  0.1852   0.0758   0.2155  -0.3608   0.2680   0.1234
  0.1782   0.0944   0.2176  -0.3902   0.2585   0.1345
  0.1806   0.0634   0.2188  -0.3335   0.2705   0.1177
  0.1724   0.0810   0.2095  -0.3767   0.2597   0.1064
  0.1809   0.0532   0.2279  -0.2937   0.2721   0.1004
  0.1774   0.0213   0.2174  -0.2666   0.2692   0.0938
  0.1654   0.0304   0.1958  -0.2981   0.2508   0.0966
  0.1692   0.0336   0.1989  -0.2734   0.2435   0.0943
  0.1763   0.0052   0.1898  -0.2061   0.2652   0.0913
  0.1760  -0.0110   0.1502  -0.2492   0.2509   0.1220
  0.2032  -0.0215   0.1468  -0.2089   0.2644   0.0913
  0.1825   0.0338   0.1775  -0.2490   0.2339   0.0895
  0.2054  -0.0030   0.1812  -0.1930   0.2518   0.0755
  0.1733   0.0396   0.1818  -0.2638   0.2107   0.0690
  0.1917   0.0106   0.1990  -0.1941   0.2517   0.0775
  0.2118  -0.0257   0.1779  -0.1400   0.2797   0.0649
  0.1972  -0.0012   0.1876  -0.1778   0.2608   0.0550
  0.1989  -0.0386   0.1668   0.0157   0.2886   0.0335
  0.1979   0.0481   0.1897   0.0082   0.2727  -0.0173
  0.1807   0.0598   0.1838  -0.0880   0.2547   0.0142
  0.1924   0.0378   0.1991  -0.0343   0.2658   0.0197
  0.1887   0.0230   0.1738  -0.0324   0.2542  -0.0022
  0.1884   0.0740   0.2077   0.0056   0.2583  -0.0248
  0.2344   0.1045   0.1876   0.0918   0.2997  -0.0890
  0.2132   0.1501   0.1864   0.0633   0.2846  -0.0927
  0.2355   0.1158   0.2093   0.1375   0.3079  -0.0844
  0.2256   0.1207   0.2077   0.0871   0.2992  -0.0734
  0.2250   0.0997   0.1956   0.0908   0.2971  -0.0841
  0.2250   0.0904   0.2024   0.1994   0.3054  -0.1034
  0.2405   0.0553   0.2013   0.3174   0.3318  -0.1354
  0.2130   0.0293   0.2119   0.1996   0.2851  -0.1062
  0.2147  -0.0104   0.2181   0.2000   0.2956  -0.0753
  0.2435  -0.0558   0.2224   0.2399   0.3099  -0.0859
  0.2107  -0.0168   0.2072   0.1025   0.2698  -0.0489
  0.2421  -0.0771   0.2277   0.2824   0.3012  -0.0796
  0.2257  -0.0396   0.2192   0.2323   0.2902  -0.0852
  0.2181  -0.0430   0.2238   0.2595   0.2775  -0.0889
  0.2104  -0.0736   0.1859   0.2696   0.2619  -0.0829
  0.1833  -0.0449   0.1898   0.2604   0.2326  -0.0939
  0.1780  -0.0629   0.1945   0.2932   0.2367  -0.0924
  0.1671  -0.0896   0.1558   0.2941   0.2196  -0.0802
  0.0900  -0.0540   0.1650   0.2118   0.1016  -0.0580
  0.0601  -0.1169   0.1143   0.2991   0.0643  -0.0618
  0.0337  -0.1070   0.0914   0.2730   0.0462  -0.0665
  0.0292  -0.0725   0.1143   0.2469   0.0235  -0.0664
 -0.0179  -0.1254   0.1011   0.3012  -0.0298  -0.0553
 -0.0740  -0.1061   0.0214   0.3275  -0.0893  -0.0641
 -0.1113  -0.1158  -0.0263   0.3841  -0.1328  -0.0571
 -0.1209  -0.1410  -0.0808   0.3543  -0.1542  -0.0415
 -0.1359  -0.0888  -0.0995   0.2993  -0.1705  -0.0435
 -0.1285  -0.0985  -0.1205   0.3331  -0.1426  -0.0569
 -0.0845  -0.1000  -0.0189   0.2691  -0.0886  -0.0645
 -0.1396  -0.0914  -0.0655   0.2263  -0.1401  -0.0469
 -0.1269  -0.0987  -0.0714   0.3553  -0.1345  -0.0564
 -0.1302  -0.1073  -0.0793   0.4327  -0.1274  -0.1020
 -0.1769  -0.0858  -0.1198   0.4278  -0.1964  -0.0920
 -0.1901  -0.1290  -0.1370   0.5114  -0.2089  -0.0965
 -0.2084  -0.1299  -0.1711   0.4627  -0.2353  -0.1098
 -0.1861  -0.1313  -0.1527   0.4950  -0.1989  -0.1031
 -0.1864  -0.1642  -0.1626   0.5275  -0.2090  -0.1160
 -0.2125  -0.1457  -0.1454   0.4885  -0.2446  -0.1216
 -0.2060  -0.1695  -0.1404   0.5784  -0.2309  -0.1259
 -0.2188  -0.1461  -0.1953   0.4978  -0.2553  -0.1125
 -0.2358  -0.1462  -0.1738   0.5309  -0.2734  -0.1119
 -0.2200  -0.1738  -0.1828   0.5639  -0.2594  -0.1009
 -0.2512  -0.1687  -0.2018   0.5077  -0.3097  -0.0920
 -0.2539  -0.1435  -0.1929   0.4894  -0.3070  -0.0966
 -0.2251  -0.1800  -0.1772   0.5601  -0.2626  -0.1026
 -0.2385  -0.1876  -0.1848   0.5516  -0.2718  -0.1044
 -0.2452  -0.1495  -0.1780   0.4800  -0.2702  -0.1060
 -0.2490  -0.1701  -0.1692   0.5357  -0.2758  -0.1035
 -0.2396  -0.2087  -0.1734   0.5361  -0.2678  -0.1134
 -0.2339  -0.1821  -0.1150   0.5708  -0.2488  -0.1492
 -0.2235  -0.2743  -0.1397   0.7508  -0.2224  -0.1408
 -0.2139  -0.2559  -0.1417   0.6153  -0.2235  -0.1370
 -0.2239  -0.2205  -0.1044   0.6269  -0.2359  -0.1571
 -0.2480  -0.2653  -0.1814   0.6676  -0.2751  -0.1365
 -0.2978  -0.2165  -0.2342   0.5649  -0.3356  -0.1053
 -0.2739  -0.2959  -0.2221   0.7540  -0.3028  -0.1317
 -0.2652  -0.2524  -0.1882   0.6011  -0.2852  -0.1217
 -0.2590  -0.2840  -0.1880   0.6950  -0.2812  -0.1270
 -0.2603  -0.2973  -0.2197   0.6839  -0.2994  -0.1300
 -0.2410  -0.2548  -0.1460   0.6799  -0.2700  -0.1374
 -0.2420  -0.3028  -0.1901   0.6720  -0.2814  -0.1122
 -0.2526  -0.2533  -0.1841   0.6546  -0.2857  -0.1333
 -0.2681  -0.2931  -0.1886   0.7367  -0.2877  -0.1356
 -0.2737  -0.3400  -0.2368   0.7782  -0.3172  -0.1423
 -0.3026  -0.2897  -0.2426   0.6786  -0.3451  -0.1350
 -0.2455  -0.3004  -0.1919   0.7825  -0.2822  -0.1541
 -0.2417  -0.3131  -0.2032   0.7512  -0.2825  -0.1617
 -0.3093  -0.2585  -0.2731   0.5842  -0.3558  -0.1422
 -0.2661  -0.3195  -0.2712   0.6947  -0.3012  -0.1512
 -0.2659  -0.3970  -0.2983   0.7999  -0.3177  -0.1444
 -0.3027  -0.3084  -0.3025   0.6097  -0.3761  -0.1338
 -0.2803  -0.3716  -0.2822   0.7812  -0.3411  -0.1445
 -0.2964  -0.2943  -0.2975   0.5710  -0.3623  -0.1147
 -0.2997  -0.3272  -0.2700   0.7001  -0.3612  -0.1449
 -0.3026  -0.3620  -0.2838   0.4360  -0.3998  -0.0707
 -0.3033  -0.3445  -0.2420   0.6480  -0.3898  -0.1310
 -0.3302  -0.4397  -0.2875   0.8244  -0.3866  -0.1330
 -0.3780  -0.4487  -0.4036   0.8730  -0.4793  -0.1520
 -0.3322  -0.4238  -0.3204   0.8282  -0.4315  -0.1548
 -0.3497  -0.4683  -0.3325   0.7793  -0.4261  -0.1172
 -0.4025  -0.3995  -0.3792   0.6639  -0.5113  -0.1113
 -0.3533  -0.4830  -0.3406   0.8729  -0.4401  -0.1478
 -0.4127  -0.3053  -0.5720   2.3399  -0.3755  -0.3882
 -0.3118  -0.1946  -0.6737   2.1144  -0.3746  -0.6370
 -0.3663  -0.5330  -0.8010   2.1248  -0.4671  -0.5323
 -0.4005  -0.5455  -0.8584   2.1898  -0.5207  -0.5049
 -0.4576  -0.6189  -0.8881   2.2613  -0.5798  -0.4813
 -0.5043  -0.5008  -0.8630   1.8892  -0.6233  -0.4725
 -0.4767  -0.6429  -0.8554   1.8771  -0.6071  -0.4331
 -0.4658  -0.5198  -0.8224   1.8264  -0.5848  -0.4393
 -0.4969  -0.6862  -0.9361   2.1218  -0.6574  -0.4255
 -0.5078  -0.5378  -0.9347   1.9311  -0.7072  -0.4270
 -0.4981  -0.6080  -0.9920   2.4161  -0.6676  -0.4269
 -0.4041  -0.5949  -0.8051   1.8132  -0.5629  -0.4415
 -0.4329  -0.7766  -0.7235   2.0316  -0.5340  -0.3719
 -0.3896  -0.7474  -0.6789   1.8073  -0.4628  -0.3641
 -0.4706  -0.9071  -0.8110   2.4605  -0.5642  -0.4280
