  0.3495  -1.1373   0.5130  -0.3047   0.3661   0.6145
  0.4736  -1.2226   0.5008  -0.1216   0.4898   0.5686
  0.4858  -1.3656   0.4613   0.0770   0.4860   0.5759
  0.4700  -1.3985   0.4277   0.1294   0.4632   0.5447
  0.5003  -1.4418   0.4180   0.1874   0.4814   0.5943
  0.4999  -1.4250   0.4241   0.1899   0.4700   0.5940
  0.4855  -1.4214   0.4102   0.2059   0.4481   0.5727
  0.4812  -1.4310   0.3926   0.2370   0.4402   0.5931
  0.4851  -1.4604   0.3930   0.2821   0.4391   0.6086
  0.4855  -1.4655   0.3845   0.2848   0.4384   0.6112
  0.4744  -1.4517   0.3824   0.2605   0.4237   0.5850
  0.4742  -1.4449   0.3973   0.2771   0.4159   0.5915
  0.5159  -1.4807   0.2364   0.3637   0.3957   0.6108
  0.4554  -1.5612   0.1695   0.3772   0.2988   0.5726
  0.3980  -1.6482   0.2524   0.3992   0.2945   0.5172
  0.4991  -1.8782   0.2654   0.5195   0.3153   0.4388
  0.6732  -2.1836   0.1435   0.8562   0.4111   0.4607
  0.7646  -1.7577  -0.0320   0.4014   0.4840   0.4202
  0.6817  -1.7184  -0.0606   0.5426   0.4327   0.5175
  0.4443  -1.8190  -0.0002   0.6064   0.1709   0.8101
  0.5553  -1.9323  -0.0601   0.8029   0.2378   0.8456
  0.5106  -1.8932  -0.1988   0.6520   0.1617   0.8369
  0.3553  -1.4723  -0.2530   0.3644   0.0531   0.7698
  0.4334  -1.7662  -0.3357   0.5799   0.0915   0.8335
  0.4875  -2.0171  -0.2250   0.6995   0.1304   0.8582
  0.5448  -2.0665  -0.1850   0.6136   0.1769   0.8457
  0.5531  -2.1774  -0.2047   0.7237   0.1676   0.8502
  0.5579  -1.9898  -0.0684   0.8853   0.2430   0.8677
  0.0343   0.1048   0.8849  -0.4850   0.1950   0.5780
  0.1054  -0.1249   1.1778  -0.9191   0.3885   0.5255
  0.5190  -1.4788   0.5014   0.3140   0.4495   0.5040
  0.6633  -2.0717   0.3983   0.8633   0.5169   0.6044
  0.6541  -2.1325   0.1854   0.8145   0.4133   0.6527
  0.6649  -2.2510   0.1383   0.9732   0.3837   0.7247
  0.6831  -2.2927   0.1430   1.2427   0.4063   0.7637
  0.6833  -2.3610   0.1158   1.3431   0.3872   0.8040
  0.6683  -2.2943   0.1266   1.2256   0.3709   0.7893
  0.6424  -2.3027   0.0673   1.1969   0.3312   0.7704
  0.2785   0.1098   0.8621  -0.6905   0.4832   0.4346
  0.3437  -0.6554   0.6998  -0.1642   0.4477   0.4829
  0.3780  -0.8048   0.6607  -0.0194   0.4431   0.4572
  0.3932  -0.8394   0.6579   0.0150   0.4535   0.4711
  0.3740  -1.4683   0.4113   0.5168   0.3041   0.5078
  0.4419  -1.7701   0.2388   0.8190   0.2621   0.5567
  0.4232  -1.7563   0.1450   0.7619   0.1825   0.5668
  0.4293  -3.0174  -0.2653   1.8326  -0.0577   0.8966
  0.4455  -2.5356  -0.1358   1.3768   0.0303   0.7520
  0.4377  -2.4971  -0.2419   0.8888  -0.0215   0.8413
  0.4300  -2.4965  -0.2355   0.9262  -0.0276   0.7697
  0.4403  -2.5961  -0.2204   1.1749  -0.0144   0.8079
  0.5151  -2.6223  -0.1429   1.5102   0.0735   0.8458
  0.5208  -2.6776  -0.1672   1.6135   0.0492   0.8699
  0.5316  -2.6759  -0.1683   1.6542   0.0542   0.9117
  0.4628  -2.3440  -0.1492   1.4570   0.0423   0.9699
 -0.1906  -0.9357  -0.0039   0.5821  -0.2251   0.8743
  0.2755  -2.1112   0.0803   1.2083  -0.0627   0.8018
  0.6516  -2.7233   0.1490   2.3472   0.2494   0.7813
  0.6649  -3.1084   0.1936   3.6273   0.1851   1.0733
  0.7450  -3.1321   0.1838   3.5512   0.1673   0.9755
  0.6583  -3.1431   0.0758   3.5948   0.0721   0.9366
  0.5611  -3.0725  -0.0622   3.2343  -0.0520   0.8785
  0.5095  -2.9275  -0.1859   2.5232  -0.1472   0.8458
  0.4883  -2.9321  -0.2313   2.5035  -0.1892   0.8291
  0.4859  -2.9247  -0.2419   2.6177  -0.1877   0.8445
  0.4722  -2.9280  -0.2573   2.6982  -0.2079   0.8695
  0.4633  -2.9301  -0.2268   2.6753  -0.2230   0.8468
  0.4460  -2.9781  -0.1912   2.7264  -0.2207   0.8993
  0.4871  -2.9791  -0.1953   2.7385  -0.1927   0.8553
  0.4494  -2.9586  -0.2920   2.7000  -0.2081   0.7579
  0.5308  -3.3558  -0.5357   2.9757  -0.1131   0.8266
  0.3705  -3.5609  -0.6263   3.3009  -0.2846   0.8234
 -0.1130   0.7889   0.4960  -0.6010   0.0961   0.1676
 -0.9227   1.1231   0.3944  -0.7015  -0.7516  -0.1937
  0.4932  -2.6711  -0.3258   2.2979  -0.0696   0.5446
  0.9104  -4.3017  -0.7863   4.0244   0.0537   0.9973
  0.9362  -5.5755  -1.7731   5.2250  -0.6460   1.6036
 -0.3447  -1.0046  -0.6955   1.8915  -0.7312   0.6690
 -0.0006  -1.4262  -0.5353   1.6870  -0.5260   0.6637
  0.1082  -1.9502  -0.2781   1.7279  -0.1699   0.5489
  0.2733   3.7615   0.5414   1.0576   0.3206  -2.1279
  0.3738   4.5129   1.4973  -1.8651   1.5091  -1.7026
 -0.2495   4.5427   0.1884  -2.8909   0.5592  -1.1836
 -0.5878   2.8287  -0.6184  -2.0525  -0.2556  -0.5901
 -0.5529   2.5358  -0.6119  -1.6234  -0.2933  -0.5407
 -0.6222   2.7230  -0.3635  -1.7153  -0.2502  -0.5970
 -0.6103   2.6250  -0.3423  -1.6072  -0.2486  -0.6086
 -0.5949   2.4826  -0.3835  -1.4856  -0.2546  -0.5871
 -0.5779   2.4346  -0.4023  -1.4610  -0.2602  -0.6208
 -0.5930   2.3538  -0.4198  -1.3973  -0.2973  -0.6474
 -0.6344   2.3600  -0.4284  -1.3500  -0.3049  -0.6386
 -0.6893   2.7693  -0.6181  -1.5568  -0.3578  -0.8428
 -0.7094   3.1616  -0.4734  -1.8251  -0.2961  -0.9258
 -0.6770   3.0417  -0.4798  -1.7458  -0.2880  -0.9157
 -0.6610   3.0864  -0.4871  -1.7321  -0.2837  -0.9442
 -0.6385   3.0921  -0.4902  -1.7648  -0.2750  -0.9800
 -0.6158   2.9056  -0.4668  -1.7417  -0.2779  -0.9381
 -0.5890   2.8790  -0.4923  -1.7328  -0.2854  -0.9542
 -0.5701   2.8994  -0.4720  -1.7720  -0.2609  -0.9720
 -0.8894   4.0228  -0.2091  -2.6655  -0.3744  -0.8679
 -0.5763   2.7753   0.0967  -2.2274  -0.1080  -0.6098
 -0.2987   0.8754  -0.1590  -0.7972  -0.1492  -0.5299
 -0.2662   0.8174  -0.2316  -0.7179  -0.1405  -0.5223
 -0.2513   0.8387  -0.2431  -0.6692  -0.1007  -0.4555
 -0.2642   0.9000  -0.2175  -0.6566  -0.1091  -0.4282
 -0.2526   0.9444  -0.2150  -0.6347  -0.0873  -0.3599
 -0.3056   1.1835  -0.1719  -0.7928  -0.1058  -0.4268
 -0.2654   1.2102  -0.1636  -0.8368  -0.0601  -0.3958
 -0.2834   1.2714  -0.1452  -0.9386  -0.0810  -0.3966
 -0.2842   1.1448  -0.1541  -0.8588  -0.0865  -0.4296
 -0.2981   1.1159  -0.1569  -0.8305  -0.0989  -0.4301
 -0.2860   0.8591  -0.2000  -0.6432  -0.1183  -0.3884
 -0.2957   0.8496  -0.2221  -0.5756  -0.1283  -0.3982
 -0.3272   1.0820  -0.1286  -0.7674  -0.0989  -0.4275
 -0.3355   1.1966  -0.0925  -0.8575  -0.0801  -0.4285
 -0.3251   1.2051  -0.1028  -0.8651  -0.0889  -0.4314
 -0.4039   1.3745  -0.0417  -1.0201  -0.1734  -0.4936
 -0.4773   1.5629   0.1463  -1.2143  -0.3017  -0.4494
 -0.4209   1.4198  -0.0040  -1.0397  -0.2053  -0.4614
 -0.5540   1.4283   0.1378  -1.0802  -0.3671  -0.4621
 -0.2471   0.9948  -0.1263  -0.7361  -0.0867  -0.4190
 -0.3335   1.1210  -0.0219  -0.8670  -0.1691  -0.4336
 -0.3954   1.1337  -0.0762  -0.8487  -0.2311  -0.3759
 -0.2809   0.9200  -0.1684  -0.6760  -0.1588  -0.4285
 -0.3174   1.0799  -0.0262  -0.8562  -0.1453  -0.3550
 -0.5570   1.2610   0.3063  -1.0741  -0.3647  -0.3665
 -0.5603   1.0677   0.0811  -0.8916  -0.3302  -0.4074
 -0.4065   1.3918   0.0966  -1.0815  -0.1334  -0.4348
 -0.3594   1.2851   0.0668  -0.9757  -0.0551  -0.4053
 -0.4026   1.3958   0.0562  -1.0565  -0.0720  -0.4657
 -0.3908   2.6052   0.4088  -1.9566   0.1150  -0.6538
 -0.4571   3.5010   0.7312  -2.5935   0.2086  -0.7699
 -0.3332   2.5985   0.4405  -1.9544   0.1193  -0.6401
 -0.3183   2.4296   0.3560  -1.8109   0.1413  -0.6761
 -0.2776   2.4066   0.3693  -1.7497   0.1797  -0.6756
 -0.2131   2.3252   0.2945  -1.7430   0.2380  -0.6638
 -0.2772   2.0049   0.1921  -1.4537   0.1377  -0.6418
 -0.3157   1.8650   0.1039  -1.4199   0.0700  -0.6397
 -0.3201   1.5998   0.0539  -1.2555   0.0396  -0.6203
 -0.3603   1.2933  -0.0833  -1.1516  -0.0718  -0.5542
 -0.3405   1.2303  -0.1170  -1.2072  -0.1016  -0.4757
 -0.3264   1.1180  -0.1384  -0.8852  -0.0792  -0.4264
 -0.3265   1.1390  -0.0855  -0.7686  -0.0431  -0.3867
 -0.3367   1.4139  -0.0324  -1.1262  -0.0392  -0.4243
 -0.3525   1.4713  -0.0589  -1.2887  -0.0543  -0.4199
 -0.4646   2.5664  -0.0767  -2.2098  -0.1088  -0.4807
 -0.4823   2.4478  -0.1242  -2.3512  -0.1504  -0.4963
 -0.3759   2.1706   0.0415  -1.8394  -0.0217  -0.5152
 -0.3995   2.6616  -0.2576  -0.8552  -0.1671  -0.6790
 -0.3158   2.0851  -0.6681  -0.4353  -0.4068  -0.5623
 -0.5617   2.8968  -0.2775  -0.7563  -0.3840  -0.7254
 -0.5923   2.9634  -0.0559  -1.0096  -0.3464  -0.7299
 -0.5691   2.6970  -0.1223  -0.5774  -0.3524  -0.7784
 -0.5141   2.5137  -0.1660  -0.3515  -0.3343  -0.7655
 -0.5062   2.3752  -0.1781  -0.2487  -0.3388  -0.7803
 -0.5575   2.1258  -0.3119   0.1424  -0.4249  -0.8362
 -0.5785   1.7051  -0.4584   0.6929  -0.5408  -0.7931
 -0.5680   1.5156  -0.4591   0.7837  -0.5311  -0.7983
 -0.7968   2.4639  -0.2008   0.1677  -0.6694  -0.8679
 -0.7617   2.7214   0.4811  -0.1153  -0.5674  -0.7321
 -0.0548  -0.3712  -0.4380   2.1454  -0.4222  -0.4271
