  0.1880   0.7221  -0.5152  -0.4187  -0.0102  -0.1853
  0.1968   0.7365  -0.5173  -0.4330  -0.0099  -0.1885
  0.1914   0.7411  -0.5083  -0.4274  -0.0087  -0.1924
  0.1838   0.7445  -0.5071  -0.4234  -0.0043  -0.2016
  0.1916   0.7429  -0.5171  -0.4235  -0.0033  -0.1940
  0.1965   0.7214  -0.5108  -0.4000  -0.0059  -0.1909
  0.2049   0.7177  -0.5050  -0.4249  -0.0053  -0.1912
  0.1971   0.7583  -0.5147  -0.4254  -0.0053  -0.1933
  0.1913   0.7456  -0.5057  -0.4338  -0.0101  -0.1882
  0.1884   0.7466  -0.4785  -0.4380  -0.0074  -0.1861
  0.1739   0.7600  -0.4618  -0.4285   0.0088  -0.1858
  0.1881   0.7487  -0.4886  -0.4170  -0.0031  -0.1842
  0.2176   0.8030  -0.5617  -0.4422   0.0017  -0.2034
  0.2164   0.8489  -0.5345  -0.4460   0.0015  -0.2210
  0.2238   0.8360  -0.5327  -0.4396  -0.0098  -0.2308
  0.2251   0.8257  -0.5202  -0.4505  -0.0024  -0.2260
  0.2122   0.8431  -0.5241  -0.4723  -0.0026  -0.2320
  0.2179   0.8421  -0.5172  -0.4873  -0.0039  -0.2300
  0.2138   0.8321  -0.5188  -0.4668  -0.0039  -0.2281
  0.2165   0.8350  -0.5128  -0.4675  -0.0027  -0.2237
  0.2116   0.8380  -0.5145  -0.4820  -0.0032  -0.2216
  0.1993   0.8013  -0.4960  -0.5025  -0.0025  -0.2137
  0.2215   0.7695  -0.4579  -0.4724  -0.0078  -0.1992
  0.1965   0.6851  -0.4599  -0.5080  -0.0018  -0.1665
  0.2452   0.4809  -0.4858  -0.3228  -0.0215  -0.1146
  0.2658   0.4290  -0.4888  -0.3388  -0.0101  -0.0919
  0.2790   0.5342  -0.4901  -0.3615  -0.0053  -0.1448
  0.2695   0.5785  -0.4838  -0.3599  -0.0024  -0.1467
  0.2768   0.6274  -0.4875  -0.3812  -0.0051  -0.1635
  0.2731   0.6681  -0.4988  -0.3820  -0.0052  -0.1716
  0.2724   0.6834  -0.5233  -0.3787  -0.0107  -0.1827
  0.2684   0.6922  -0.5041  -0.3996  -0.0094  -0.1836
  0.2677   0.6785  -0.4996  -0.3896  -0.0067  -0.1851
  0.2689   0.6826  -0.5011  -0.4202  -0.0066  -0.1860
  0.2722   0.7186  -0.4975  -0.4405  -0.0033  -0.1968
  0.2743   0.7249  -0.4970  -0.4508  -0.0049  -0.1959
  0.2702   0.7203  -0.4875  -0.4426  -0.0058  -0.1911
  0.2758   0.7118  -0.4881  -0.3807  -0.0354  -0.2059
  0.2535   0.6451  -0.4069  -0.4141  -0.0094  -0.1784
  0.2546   0.5813  -0.4126  -0.3820  -0.0054  -0.1525
  0.2560   0.6635  -0.4176  -0.4147   0.0027  -0.1878
  0.2507   0.6861  -0.4011  -0.3963   0.0118  -0.1906
  0.2441   0.6938  -0.3934  -0.3753   0.0183  -0.1946
  0.2451   0.6834  -0.3902  -0.3794   0.0121  -0.1903
  0.2543   0.6945  -0.3929  -0.3965   0.0061  -0.1953
  0.2563   0.6970  -0.3919  -0.4048   0.0121  -0.1975
  0.2398   0.7289  -0.3697  -0.4232   0.0211  -0.2401
  0.2575   0.7452  -0.3825  -0.4320   0.0148  -0.2367
  0.2478   0.7189  -0.3778  -0.4150   0.0164  -0.2160
  0.2541   0.7051  -0.3773  -0.4031   0.0387  -0.2120
  0.2384   0.6960  -0.3863  -0.4476   0.0086  -0.1996
  0.2413   0.7020  -0.4466  -0.4349   0.0081  -0.2038
  0.3061   0.5516  -0.5987  -0.4438  -0.0220  -0.1623
  0.2272   0.5896  -0.4769  -0.4431   0.0120  -0.1674
  0.2143   0.7253  -0.5090  -0.4781   0.0137  -0.2339
  0.1909   0.6893  -0.5196  -0.4471   0.0023  -0.1918
  0.1991   0.7275  -0.5138  -0.4491   0.0046  -0.2104
  0.1817   0.7076  -0.5053  -0.4415   0.0033  -0.1899
  0.1959   0.7136  -0.5154  -0.4679   0.0046  -0.1981
  0.1890   0.6636  -0.5046  -0.4490   0.0007  -0.1811
  0.1868   0.5666  -0.4706  -0.4400   0.0047  -0.1702
  0.0692   0.5238  -0.3117  -0.3144  -0.0703  -0.1906
 -1.0038  -0.2747   0.5970  -0.0386  -0.2584   0.0317
 -2.8795  -1.9070   1.6630   0.5187  -0.6322   0.6326
 -0.8419  -0.2065   1.0969  -0.0674  -0.0661   0.2447
 -0.5689  -0.1133   1.0493  -0.0581   0.0042   0.1999
 -0.3819  -0.3861   0.5182   0.2661  -0.0661   0.2019
 -0.2839  -0.3426   0.4316   0.1063  -0.0352   0.2120
 -0.2903  -0.3172   0.4458   0.0616  -0.0134   0.2144
 -0.2715  -0.3233   0.4296   0.0331  -0.0150   0.2247
 -0.2633  -0.3333   0.4194   0.0657  -0.0196   0.2150
 -0.2386  -0.3336   0.3955   0.0845  -0.0292   0.2220
 -0.2338  -0.3251   0.3869   0.0599  -0.0250   0.2255
 -0.2440  -0.3256   0.3902   0.0627  -0.0168   0.2184
 -0.2386  -0.3352   0.3846   0.0611  -0.0164   0.2191
 -0.2218  -0.3370   0.3810   0.0282  -0.0165   0.2197
 -0.2183  -0.3484   0.3857   0.0351  -0.0092   0.2263
 -0.2074  -0.3549   0.3772   0.0229  -0.0065   0.2182
 -0.2040  -0.2612   0.3658  -0.0565   0.0035   0.2032
 -0.1379   1.1727   0.3387  -0.2824   0.0191  -0.2861
 -0.1439  -0.0599   0.2430  -0.1866   0.0077   0.1210
 -0.1220  -0.1157   0.2594  -0.0696   0.0092   0.1043
  0.0339  -0.5028   0.3255  -0.1011   0.0836   0.2269
 -0.0480  -0.3026   0.3172  -0.1995   0.0698   0.1797
 -0.0319  -0.3376   0.2692  -0.2035   0.0564   0.1938
 -0.0474  -0.9044   0.1452  -0.0581   0.0505   0.4776
 -0.2353  -5.6425  -0.1323   1.9247  -0.1567   2.7043
 -0.4059  -7.6200  -0.1970   2.5261  -0.2472   3.3516
  0.1185  -2.1190  -0.0111   0.4783   0.0238   0.7580
  0.2983   2.2505  -0.5529  -0.4543   0.0361  -0.8755
  0.4141   4.0489  -0.5129  -0.7506   0.0435  -1.4771
  0.1579   2.0156   0.1389  -0.4542   0.0164  -0.7266
  0.1520   0.3958  -0.1264  -0.1657  -0.0127  -0.0911
  0.1675  -0.2676  -0.2249  -0.0799  -0.0084   0.0051
  0.4106   1.0053  -0.9305   0.3207  -0.0510  -0.4381
 -1.5467  -0.4904   1.3650  -0.0039  -0.1044   0.2426
 -0.3959   0.1081   0.8564  -0.2079   0.1070  -0.0515
 -0.2824  -0.1881   0.6919  -0.0545   0.1013  -0.0004
 -0.2031  -0.2564   0.6025  -0.0046   0.1169   0.0234
 -0.1640  -0.2988   0.4866  -0.0033   0.1210   0.0570
 -0.1844  -0.2684   0.5490  -0.0054   0.1081   0.0437
 -0.1673  -0.2801   0.5492  -0.0377   0.1078   0.0454
 -0.1544  -0.2955   0.5291  -0.0516   0.1038   0.0592
 -0.1661  -0.2804   0.5408  -0.0435   0.1094   0.0602
 -0.1727  -0.1622   0.6277  -0.5682   0.1550   0.0561
 -0.1108  -0.0492   0.5209  -0.0227   0.0548  -0.0380
 -0.0001   0.1061   0.4186   0.1500   0.0436  -0.1031
 -0.0149   0.1186   0.3716   0.0512   0.0743  -0.0815
 -0.0201   0.0655   0.3384  -0.2439   0.0824  -0.0634
 -0.0079  -0.1076   0.3071   0.3141   0.0093  -0.0567
 -0.0164  -0.2151   0.2578   0.4223   0.0222   0.0014
 -0.0170  -0.1079   0.3227  -0.1559   0.0967  -0.0144
  0.0038  -0.2842   0.2857   0.0382   0.0543   0.0304
  0.0195  -0.3456   0.2312   0.0620   0.0287   0.0671
  0.0116  -0.4122   0.2486   0.0488   0.0250   0.0941
 -0.0017  -0.3945   0.2617   0.0897   0.0272   0.0844
 -0.0138  -0.3819   0.2453   0.1438   0.0169   0.0799
 -0.0296  -0.2841   0.2318   0.2088   0.0207   0.0685
  0.0124  -0.3180   0.2082   0.1481  -0.0015   0.0737
 -0.0546  -0.3870   0.2547   0.0619   0.0335   0.1059
 -0.0437  -0.4272   0.3142   0.0729   0.0307   0.1368
 -0.0431  -0.4002   0.2772   0.1569   0.0211   0.1013
 -0.0588  -0.4264   0.2901   0.1140   0.0341   0.0913
 -0.0391  -0.4126   0.2593   0.1128   0.0374   0.1014
 -0.0373  -0.4059   0.2768   0.1900   0.0204   0.0928
 -0.0331  -0.4234   0.2665   0.1506   0.0464   0.0868
 -0.0350  -0.4645   0.2459   0.1702   0.0388   0.1148
 -0.0361  -0.5034   0.2186   0.1782   0.0536   0.1249
 -0.0288  -0.4814   0.3367   0.2157   0.0045   0.1054
 -0.0409  -0.4616   0.3537   0.1853   0.0255   0.1059
 -0.0452  -0.4847   0.3889   0.1392   0.0212   0.1065
 -0.0128  -0.5184   0.3481   0.2732   0.0421   0.1049
  0.0138  -0.5748   0.3158   0.3457   0.0100   0.1330
 -0.0119  -0.5440   0.3124   0.2775   0.0051   0.1384
 -0.0336  -0.5542   0.3354   0.3436  -0.0081   0.1316
 -0.0154  -0.5538   0.3569   0.4242   0.0037   0.1249
 -0.0303  -0.5174   0.3488   0.2861   0.0303   0.1207
 -0.0438  -0.5215   0.3248   0.3044   0.0148   0.1171
 -0.0742  -0.6019   0.2017   0.5809  -0.0524   0.1280
 -0.1663  -0.5394   0.0148   0.4056  -0.0468   0.1151
 -0.1203  -0.6028   0.0715   0.5637  -0.0515   0.1225
 -0.1070  -0.6433   0.1489   0.4823  -0.0300   0.1424
 -0.1146  -0.6086   0.1173   0.3162  -0.0137   0.1472
 -0.1214  -0.6179   0.1096   0.3257  -0.0173   0.1617
 -0.0959  -0.6209   0.1098   0.3302  -0.0230   0.1559
 -0.0774  -0.6508   0.1288   0.1677   0.0001   0.1763
 -0.1211  -0.7430   0.0992  -0.1083   0.0409   0.1997
 -0.0759  -0.7660   0.0770   0.2938  -0.0320   0.2073
 -0.0890  -0.5666   0.1071   0.6993  -0.0733   0.1434
 -0.1120  -0.5288   0.1015   0.5383  -0.0392   0.0842
 -0.1341  -0.4587   0.1244   0.4960  -0.0189   0.0751
 -0.0808  -0.4834   0.1475   0.4277  -0.0019   0.1006
 -0.0920  -0.4847   0.1031   0.5475  -0.0292   0.1197
 -0.1252  -0.5029   0.0766   0.4369   0.0164   0.1154
 -0.1242  -0.4681   0.0916   0.4175   0.0210   0.1031
 -0.1086  -0.4964   0.0725   0.4887   0.0181   0.1229
 -0.0786  -0.4846   0.0917   0.4330   0.0220   0.0934
 -0.0867  -0.4643   0.0924   0.4220   0.0336   0.0901
 -0.0910  -0.4725   0.0931   0.4231   0.0337   0.0982
 -0.0741  -0.4808   0.0791   0.3507   0.0391   0.1147
 -0.0304  -0.5747   0.0564   0.2566   0.0285   0.1682
 -0.0434  -0.6541   0.0174   0.4135  -0.0389   0.1729
 -0.1577  -0.2572  -0.0918   0.8323  -0.0659  -0.0031
 -0.1872  -0.3332  -0.1346   0.6986  -0.0271   0.0343
 -0.1753  -0.2186  -0.0940   0.8577  -0.0803  -0.0357
 -0.0837  -0.2991   0.0917   0.6059  -0.0467   0.0089
 -0.0886  -0.2492   0.1385   0.2048   0.0005  -0.0208
 -0.0504  -0.4640   0.1070   0.4615  -0.0009   0.0782
 -0.0514  -0.4649   0.0867   0.4997  -0.0167   0.0728
 -0.0560  -0.5014   0.0305   0.5122  -0.0156   0.1024
 -0.0763  -0.5341   0.0297   0.5036  -0.0511   0.0932
 -0.1068  -0.4839   0.0486   0.5117  -0.0688   0.0945
 -0.0939  -0.5346   0.0036   0.5537  -0.0322   0.1125
 -0.0983  -0.5145   0.0159   0.5136  -0.0211   0.1022
 -0.0964  -0.4864   0.0305   0.5197  -0.0163   0.0914
 -0.0849  -0.4517   0.0161   0.5298  -0.0213   0.0830
 -0.0961  -0.4469  -0.0042   0.5196  -0.0164   0.0827
 -0.0959  -0.4492   0.0183   0.4694  -0.0146   0.0733
 -0.0816  -0.4555   0.0052   0.4930  -0.0044   0.0748
 -0.0704  -0.4837   0.0050   0.4814  -0.0072   0.0889
