  0.1626   0.0032   0.0679  -0.0691   0.0935   0.2857
  0.1511  -0.0330   0.0368   0.0720   0.0989   0.1849
  0.1341  -0.0998   0.0386   0.1852   0.0748   0.1077
  0.1216  -0.1165   0.0411   0.2482   0.0517   0.0749
  0.1114  -0.0974   0.0357   0.2408   0.0655   0.0618
  0.1305  -0.0928   0.0290   0.2139   0.0665   0.0793
  0.1434  -0.1035   0.0329   0.2451   0.0412   0.0656
  0.1121  -0.0917   0.0385   0.2250   0.0995   0.0805
  0.1128  -0.0671   0.0816   0.2116   0.1242   0.1181
  0.1438  -0.1144   0.0675   0.1713   0.1099   0.1229
  0.1529  -0.2274   0.0785   0.1806   0.0932   0.1231
  0.1643  -0.2101   0.0737   0.2064   0.0612   0.1056
  0.1799  -0.1878   0.0526   0.1762   0.0790   0.1293
  0.1845  -0.1848   0.0618   0.1775   0.0520   0.1150
  0.1313  -0.1966   0.0608   0.1737   0.0469   0.1100
  0.1143  -0.1623   0.0499   0.1586   0.0472   0.1199
  0.1288  -0.2255   0.1132   0.2284   0.0303   0.1058
  0.1249  -0.1682   0.0531   0.2454   0.0163   0.0649
  0.1114  -0.1649   0.0439   0.2136   0.0297   0.0843
  0.1580  -0.1655   0.0461   0.1837   0.0537   0.1066
  0.1190  -0.1472   0.0514   0.2033   0.0231   0.0775
  0.1590  -0.1249   0.0521   0.1810   0.0459   0.0762
  0.1424  -0.0888   0.0532   0.1484   0.0859   0.0867
  0.1316  -0.0718   0.0332   0.1405   0.0950   0.0125
  0.1603  -0.1145   0.0315   0.1519   0.0673   0.0567
  0.1722  -0.0841   0.0428   0.1314   0.0958   0.0759
  0.1769  -0.0849   0.0743   0.1629   0.0789   0.0620
  0.1842  -0.1083   0.0351   0.1923   0.0542   0.0355
  0.1675  -0.1460   0.0441   0.1911   0.0668   0.0655
  0.1703  -0.1047   0.0818   0.1669   0.0553   0.0550
  0.1639  -0.0878   0.0765   0.1416   0.0829   0.0533
  0.1770  -0.0989   0.0735   0.0823   0.1105   0.0839
  0.1691  -0.0984   0.0558   0.0969   0.0730   0.0822
  0.1477  -0.0464   0.0551   0.0811   0.0709   0.0423
  0.1472  -0.0360   0.0504   0.0311   0.0997   0.0926
  0.1081  -0.0606   0.0995   0.1439   0.0354   0.0708
  0.1149  -0.0576   0.0473   0.0976   0.0571   0.0877
  0.1551  -0.0193   0.0406   0.0609   0.0975   0.0908
  0.1526  -0.0197   0.0699   0.0763   0.0676   0.0666
  0.1311  -0.0262   0.0615   0.0734   0.0700   0.0506
  0.0876  -0.0529   0.0248   0.0616   0.0512   0.0720
  0.0753  -0.0671  -0.0031  -0.0036   0.0588   0.1187
  0.1107  -0.0256   0.0023  -0.0853   0.0443   0.1398
  0.1204   0.0081  -0.0013  -0.0750   0.0802   0.1167
  0.1184  -0.0333   0.0122  -0.0638   0.0718   0.1104
  0.1004  -0.0061   0.0093  -0.0266   0.0519   0.1024
  0.0891  -0.0143  -0.0010  -0.0038   0.0469   0.0857
  0.0819  -0.0392   0.0074   0.0099   0.0380   0.0841
  0.0655  -0.0528  -0.0176   0.0162   0.0303   0.0731
  0.0680  -0.0601  -0.0121   0.0015   0.0290   0.0698
  0.0672  -0.0425  -0.0037  -0.0078   0.0372   0.0786
  0.0667  -0.0609   0.0091  -0.0093   0.0271   0.0825
  0.0557  -0.0614  -0.0205  -0.0135   0.0189   0.0804
  0.0392  -0.0302  -0.0241  -0.0421   0.0230   0.0957
  0.1108  -0.0675   0.0393  -0.1079   0.0164   0.1335
  0.0730  -0.0352   0.0155  -0.0973   0.0022   0.1267
  0.0754  -0.0278   0.0040  -0.0883   0.0326   0.1150
  0.0691  -0.0553   0.0205  -0.0561   0.0127   0.1007
  0.0611  -0.0279   0.0053  -0.0788   0.0280   0.0992
  0.0619  -0.0219   0.0085  -0.0766   0.0529   0.0989
  0.0723  -0.0283   0.0269  -0.0298   0.0350   0.0716
  0.0779  -0.0340   0.0073  -0.0630   0.0460   0.0832
  0.0931  -0.0265   0.0101  -0.0864   0.0621   0.0894
  0.1066  -0.0290   0.0052  -0.0433   0.0497   0.0726
  0.0930   0.0103  -0.0129  -0.0774   0.0610   0.0716
  0.0853  -0.0099  -0.0074  -0.0721   0.0744   0.0877
  0.0654  -0.0396   0.0057   0.0017   0.0342   0.0462
  0.0632  -0.0517   0.0080   0.0302   0.0313   0.0254
  0.0665  -0.0200  -0.0079   0.0024   0.0305   0.0241
  0.0700  -0.0103  -0.0035   0.0541   0.0253  -0.0036
  0.0602  -0.0758   0.0016   0.0777   0.0165  -0.0033
  0.0632  -0.0581   0.0048   0.0377   0.0318   0.0101
  0.0564  -0.0921   0.0199   0.0341   0.0253   0.0160
  0.0657  -0.0862   0.0022   0.0512   0.0136  -0.0022
  0.0430  -0.0751  -0.0099   0.0486   0.0169  -0.0018
  0.0433  -0.0604  -0.0042   0.0230   0.0177   0.0219
  0.0600  -0.0724   0.0155   0.0509   0.0104   0.0062
  0.0624  -0.0835   0.0058   0.0684   0.0146  -0.0118
  0.0592  -0.0835   0.0083   0.0606   0.0390   0.0087
  0.0723  -0.0901   0.0106   0.0975   0.0298  -0.0060
  0.0468  -0.0971   0.0045   0.0455   0.0571  -0.0041
  0.0495  -0.1041   0.0044   0.0304   0.0568  -0.0002
  0.0792  -0.1380   0.0051   0.0332   0.0523  -0.0190
  0.0889  -0.0893  -0.0144   0.0004   0.0556   0.0005
  0.0887  -0.0736  -0.0320  -0.0374   0.1198   0.0121
  0.0444  -0.0967   0.0337   0.0079   0.0660  -0.0131
  0.0422  -0.0624   0.0099   0.0473   0.0482  -0.0407
  0.0520  -0.0378  -0.0126   0.0310   0.0596  -0.0452
  0.0414  -0.0150  -0.0241   0.0242   0.0574  -0.0340
  0.0158  -0.0280  -0.0119   0.0654   0.0280  -0.0593
  0.0215  -0.0131  -0.0214  -0.0034   0.0464  -0.0284
  0.0257  -0.0149  -0.0157  -0.0062   0.0243  -0.0288
  0.0324   0.0066  -0.0211   0.0024   0.0499  -0.0280
  0.0360  -0.0084  -0.0086   0.0065   0.0370  -0.0390
  0.0403   0.0195  -0.0071   0.0062   0.0304  -0.0416
  0.0539   0.0462  -0.0193  -0.0296   0.0492  -0.0260
  0.0550   0.0262  -0.0119  -0.0174   0.0493  -0.0407
  0.0567   0.0576  -0.0380  -0.0265   0.0735  -0.0517
  0.0730   0.0573  -0.0275  -0.0296   0.0827  -0.0482
  0.0569   0.1295  -0.0319  -0.0661   0.0816  -0.0325
  0.0271   0.0760  -0.0362  -0.0250   0.0392  -0.0399
  0.0252   0.0904  -0.0418  -0.0777   0.0311  -0.0193
  0.0155   0.1132  -0.0429  -0.1444   0.0505   0.0252
 -0.0033   0.0943  -0.0374  -0.0495   0.0226  -0.0194
 -0.0472   0.1195  -0.0558  -0.0611   0.0243  -0.0198
 -0.0663   0.1147  -0.0226  -0.0858   0.0187  -0.0195
 -0.0730   0.0804  -0.0248  -0.0316  -0.0118  -0.0603
 -0.0608   0.0922  -0.0185  -0.0662  -0.0218  -0.0284
 -0.0460   0.1214  -0.0332  -0.0911  -0.0104  -0.0167
 -0.0799   0.0816  -0.0218  -0.0261  -0.0483  -0.0544
 -0.0935   0.1073  -0.0223  -0.0574  -0.0623  -0.0582
 -0.0977   0.1177  -0.0317  -0.0710  -0.0509  -0.0474
 -0.1116   0.0856  -0.0161  -0.0558  -0.0599  -0.0436
 -0.1114   0.0796  -0.0241  -0.0416  -0.0826  -0.0724
 -0.1178   0.0881  -0.0292  -0.0681  -0.0722  -0.0617
 -0.1167   0.0848  -0.0190  -0.0875  -0.0662  -0.0559
 -0.0833   0.0862  -0.0227  -0.0586  -0.0613  -0.0695
 -0.1172   0.0897  -0.0247  -0.0758  -0.0645  -0.0547
 -0.1185   0.0713  -0.0144  -0.1021  -0.0729  -0.0315
 -0.1017   0.1041  -0.0306  -0.0742  -0.1022  -0.0497
 -0.0920   0.1022  -0.0137  -0.0714  -0.0655  -0.0449
 -0.0788   0.0761   0.0227  -0.0455  -0.0487  -0.0258
 -0.0803   0.0629  -0.0051  -0.0373  -0.0635  -0.0542
 -0.0901   0.0711  -0.0200  -0.0488  -0.0505  -0.0567
 -0.0787   0.0600  -0.0113  -0.0491  -0.0435  -0.0584
 -0.0989   0.0447  -0.0079  -0.0070  -0.0739  -0.0759
 -0.1227   0.0626  -0.0218  -0.0596  -0.0623  -0.0696
 -0.1692   0.0474  -0.0094  -0.0891  -0.0616  -0.0543
 -0.1659   0.0232   0.0002  -0.0351  -0.0890  -0.0657
 -0.1509   0.0642  -0.0213  -0.0791  -0.0573  -0.0441
 -0.1500   0.0552   0.0014  -0.0826  -0.0656  -0.0444
 -0.1346   0.0436  -0.0048  -0.0690  -0.0731  -0.0523
 -0.1351   0.0547  -0.0139  -0.0715  -0.0658  -0.0506
 -0.1389   0.0524   0.0009  -0.0735  -0.0643  -0.0444
 -0.1503   0.0422  -0.0006  -0.0515  -0.0891  -0.0595
 -0.1431   0.0673  -0.0347  -0.0984  -0.0609  -0.0428
 -0.1201   0.0387  -0.0217  -0.0792  -0.0389  -0.0550
 -0.1365   0.0442  -0.0186  -0.0348  -0.0683  -0.0802
 -0.1270   0.0720  -0.0307  -0.0768  -0.0588  -0.0562
 -0.1135   0.0617   0.0032  -0.0838  -0.0516  -0.0454
 -0.0808   0.0809  -0.0266  -0.0717  -0.0546  -0.0703
 -0.0785   0.0844  -0.0313  -0.0872  -0.0427  -0.0657
 -0.0819   0.0732  -0.0174  -0.0724  -0.0417  -0.0732
 -0.1066   0.0926  -0.0249  -0.0293  -0.0170  -0.1092
 -0.0875   0.0841  -0.0457  -0.0880  -0.0075  -0.0795
 -0.0949   0.1021  -0.0312  -0.1445   0.0003  -0.0516
 -0.1309   0.0992  -0.0296  -0.1829  -0.0114  -0.0249
 -0.1184   0.1041  -0.0300  -0.1211  -0.0380  -0.0548
 -0.1267   0.1151  -0.0440  -0.1408  -0.0259  -0.0502
 -0.1160   0.0899  -0.0061  -0.1038  -0.0496  -0.0717
 -0.1322   0.0811  -0.0116  -0.0852  -0.0634  -0.0919
 -0.1282   0.0777  -0.0337  -0.0935  -0.0472  -0.0934
 -0.1059   0.0465  -0.0126  -0.0782  -0.0464  -0.1034
 -0.1586   0.0742  -0.0230  -0.1145  -0.0451  -0.0838
 -0.1285   0.0800  -0.0241  -0.1184  -0.0439  -0.0818
 -0.1145   0.0706  -0.0164  -0.1036  -0.0446  -0.0779
 -0.1246   0.0565  -0.0136  -0.0709  -0.0671  -0.0943
 -0.1192   0.0754  -0.0211  -0.0482  -0.0689  -0.1178
 -0.1257   0.0539  -0.0035  -0.0541  -0.0743  -0.1079
 -0.2093   0.0026  -0.0269   0.0043  -0.0950  -0.1255
 -0.1973   0.0055  -0.0687  -0.0841  -0.1008  -0.0866
 -0.1939   0.0338  -0.0714  -0.0608  -0.1408  -0.0905
 -0.1749   0.0458  -0.0664  -0.0459  -0.1153  -0.0914
 -0.1594   0.0328  -0.0521  -0.0223  -0.1159  -0.1058
 -0.1572   0.0367  -0.0572  -0.0259  -0.1280  -0.1170
 -0.1579   0.0670  -0.0656  -0.0598  -0.1171  -0.1122
 -0.1586   0.0635  -0.0388  -0.0283  -0.1380  -0.1272
 -0.1571   0.0898  -0.0591  -0.0064  -0.1570  -0.1426
 -0.1513   0.0995  -0.0698  -0.0881  -0.1235  -0.0921
 -0.1540   0.0678  -0.0622  -0.0133  -0.1595  -0.1286
 -0.1554   0.0771  -0.0632  -0.0824  -0.1162  -0.0951
 -0.1801   0.1060  -0.0362  -0.0866  -0.1127  -0.0939
 -0.2135   0.1800  -0.0518  -0.0816  -0.1290  -0.1381
 -0.1800   0.1619  -0.0453  -0.0962  -0.1094  -0.1261
 -0.1858   0.1853  -0.0086  -0.1187  -0.1346  -0.1206
 -0.1927   0.1316  -0.0244  -0.0884  -0.1368  -0.1129
 -0.1904   0.1367  -0.0031  -0.1017  -0.1360  -0.1186
 -0.2020   0.1189  -0.0111  -0.0586  -0.1474  -0.1375
 -0.2031   0.1424  -0.0349  -0.1058  -0.1378  -0.1230
 -0.2051   0.1363  -0.0135  -0.1164  -0.1410  -0.1125
