  0.0824   0.1711  -0.0832  -0.2404  -0.0499   0.1918
  0.1458   0.1919  -0.0815  -0.2665  -0.0537   0.1481
  0.1594   0.1975  -0.0657  -0.2827  -0.0534   0.0975
  0.1381   0.1835  -0.1057  -0.2760  -0.0379   0.1048
  0.1405   0.1732  -0.0866  -0.2940  -0.0534   0.1216
  0.1420   0.1929  -0.0963  -0.3093  -0.0510   0.1193
  0.1451   0.1680  -0.1009  -0.2891  -0.0493   0.0972
  0.1340   0.1719  -0.1107  -0.3384  -0.0349   0.0839
  0.1234   0.1450  -0.1032  -0.3080  -0.0513   0.0848
  0.1230   0.1591  -0.0964  -0.2900  -0.0532   0.0932
  0.1212   0.1388  -0.1091  -0.3003  -0.0367   0.0712
  0.1271   0.1589  -0.1088  -0.3431  -0.0307   0.0991
  0.1184   0.1584  -0.0997  -0.3130  -0.0480   0.1011
  0.1296   0.1498  -0.0824  -0.2934  -0.0371   0.0978
  0.1304   0.0962  -0.0448  -0.2706  -0.0174   0.0829
  0.0993   0.0877  -0.0899  -0.2312  -0.0145   0.0916
  0.1089   0.0816  -0.0919  -0.1959  -0.0101   0.0810
  0.1120   0.0843  -0.0875  -0.2022  -0.0103   0.0957
  0.0973   0.0871  -0.1135  -0.2145   0.0003   0.0876
  0.1131   0.0556  -0.0986  -0.1823  -0.0183   0.0644
  0.1357   0.0773  -0.0875  -0.1709   0.0016   0.0568
  0.1378   0.1178  -0.0533  -0.0714   0.0195   0.0322
  0.1290   0.0864  -0.0468  -0.0658   0.0194   0.0356
  0.1368   0.1041  -0.0727  -0.0204   0.0119   0.0185
  0.1373   0.0777  -0.0747  -0.0182   0.0223   0.0077
  0.1677   0.0922  -0.0869  -0.1135   0.0207   0.0164
  0.1664   0.0702  -0.0704  -0.0664   0.0013   0.0219
  0.1678   0.1128  -0.1032  -0.0967   0.0270   0.0428
  0.1486   0.1152  -0.1072  -0.0574   0.0342   0.0194
  0.1410   0.1036  -0.1106  -0.0276   0.0163  -0.0059
  0.1370   0.0879  -0.1030  -0.0483   0.0140  -0.0229
  0.1310   0.1023  -0.1079  -0.0737   0.0157   0.0027
  0.1287   0.1141  -0.0955  -0.0420   0.0019   0.0060
  0.1473   0.1131  -0.1074   0.2777  -0.0639  -0.0986
  0.1290   0.1135  -0.0703  -0.1316  -0.0033   0.0447
  0.1352   0.0835  -0.0724   0.0388  -0.0141  -0.0167
  0.1076   0.1149  -0.1027   0.0351   0.0252  -0.0065
  0.1061   0.1085  -0.1067   0.0742   0.0036  -0.0237
  0.1456   0.0390  -0.1115   0.1461  -0.0129  -0.0488
  0.1220   0.0353  -0.1375   0.1147   0.0268  -0.0308
  0.1135   0.0354  -0.1188   0.1103  -0.0007  -0.0436
  0.1128   0.0612  -0.1400   0.1112  -0.0065  -0.0359
  0.1257   0.0274  -0.1136   0.1480  -0.0377  -0.0680
  0.1084   0.0728  -0.1197   0.0959  -0.0041  -0.0334
  0.1065   0.0395  -0.0955   0.1202   0.0062  -0.0479
  0.1088   0.0518  -0.0907   0.1072   0.0224  -0.0338
  0.1065   0.0463  -0.0891   0.0656   0.0187  -0.0400
  0.1102   0.0642  -0.0720   0.0549   0.0082  -0.0139
  0.1380   0.0171  -0.0532   0.2004  -0.0325  -0.0864
  0.1101   0.0415  -0.0812   0.1597   0.0360  -0.0634
  0.1012   0.0073  -0.0771   0.1754   0.0096  -0.0752
  0.0923   0.0473  -0.0640   0.1835   0.0141  -0.0590
  0.0813   0.0205  -0.0870   0.1560   0.0243  -0.0589
  0.0830   0.0515  -0.0856   0.2160   0.0115  -0.0632
  0.0662   0.0509  -0.1051   0.1351   0.0245  -0.0572
  0.0922   0.0355  -0.0469   0.1961   0.0134  -0.0612
  0.0858   0.0336  -0.0518   0.1588   0.0117  -0.0658
  0.0625   0.0512  -0.0666   0.0912   0.0277  -0.0279
  0.0714   0.0092  -0.0439   0.1348   0.0011  -0.0479
  0.0752   0.0393  -0.0607   0.1373   0.0156  -0.0454
  0.0607   0.0576  -0.0723   0.1354   0.0398  -0.0215
  0.0692   0.0277  -0.0675   0.1568   0.0133  -0.0528
  0.0673   0.0380  -0.0561   0.1690   0.0166  -0.0513
  0.0604   0.0448  -0.0691   0.1555   0.0208  -0.0373
  0.0512   0.0152  -0.0840   0.1699   0.0071  -0.0605
  0.0512   0.0214  -0.0817   0.1664   0.0210  -0.0540
  0.0438   0.0283  -0.0856   0.1446   0.0149  -0.0404
  0.0423   0.0112  -0.0651   0.1370   0.0069  -0.0552
  0.0458   0.0155  -0.0547   0.1434  -0.0113  -0.0427
  0.0304   0.0275  -0.0638   0.0732   0.0080  -0.0247
  0.0507  -0.0065  -0.0491   0.1376  -0.0378  -0.0542
  0.0279   0.0315  -0.0533   0.0918   0.0045  -0.0193
  0.0152   0.0060  -0.0485   0.0922   0.0044  -0.0288
  0.0121   0.0203  -0.0537   0.0791   0.0081  -0.0112
  0.0095   0.0305  -0.0718   0.0724   0.0255  -0.0157
  0.0051  -0.0055  -0.0787   0.1726  -0.0040  -0.0478
 -0.0013   0.0056  -0.0843   0.1255   0.0110  -0.0312
  0.0045  -0.0034  -0.0687   0.0850  -0.0058  -0.0257
  0.0242   0.0009  -0.0437   0.1606  -0.0291  -0.0592
  0.0060  -0.0021  -0.0623   0.1194  -0.0078  -0.0404
 -0.0028   0.0037  -0.0578   0.1210  -0.0061  -0.0260
 -0.0140   0.0137  -0.0617   0.0925   0.0111  -0.0159
 -0.0077  -0.0027  -0.0654   0.0897  -0.0041  -0.0245
  0.0062  -0.0246  -0.0540   0.0992  -0.0144  -0.0318
 -0.0009  -0.0333  -0.0678   0.1229  -0.0174  -0.0288
 -0.0062  -0.0080  -0.0622   0.1118  -0.0148  -0.0391
 -0.0217  -0.0231  -0.0654   0.0417  -0.0167  -0.0181
 -0.0061  -0.0090  -0.0335   0.1095  -0.0241  -0.0409
 -0.0297   0.0177  -0.0577   0.0391   0.0076  -0.0103
 -0.0001  -0.1538   0.0003  -0.1895   0.0019   0.1085
  0.0163  -0.1854   0.0157  -0.3008   0.0447   0.1291
  0.0333  -0.1359   0.0190  -0.0175  -0.0180   0.0306
  0.0420  -0.2332   0.0456  -0.2066   0.0528   0.0868
  0.0395  -0.1395   0.0689  -0.1893   0.0275   0.0844
  0.0199  -0.1283   0.0756  -0.1713   0.0340   0.0741
  0.0210  -0.1143   0.0675  -0.0642   0.0237   0.0518
 -0.0007  -0.1025   0.0343  -0.1727   0.0198   0.0776
 -0.0092  -0.0949   0.0272  -0.1058   0.0342   0.0582
 -0.0027  -0.1057   0.0565  -0.0345   0.0183   0.0397
 -0.0080  -0.1132   0.0492  -0.0369   0.0257   0.0255
 -0.0164  -0.0885   0.0572  -0.0320   0.0428   0.0443
 -0.0213  -0.0980   0.0462  -0.0042   0.0302   0.0193
 -0.0189  -0.0867   0.0436   0.0028   0.0357   0.0217
 -0.0252  -0.0933   0.0302  -0.0698   0.0480   0.0215
 -0.0229  -0.0987   0.0460   0.0169   0.0242   0.0138
 -0.0377  -0.0846   0.0356  -0.0315   0.0432   0.0082
 -0.0354  -0.0854   0.0427   0.0086   0.0303   0.0095
 -0.0431  -0.1025   0.0343   0.0146   0.0087  -0.0117
 -0.0372  -0.1318   0.0482  -0.2741   0.0276   0.0938
 -0.0157  -0.1205   0.0820  -0.1898   0.0108   0.0629
 -0.0382  -0.0970   0.0813  -0.2354   0.0197   0.1032
 -0.0308  -0.1002   0.0943  -0.1722   0.0250   0.0777
 -0.0325  -0.0945   0.0820  -0.1877   0.0284   0.0835
 -0.0220  -0.0888   0.1003   0.0704  -0.0104  -0.0250
 -0.0484  -0.0741   0.0689   0.0745   0.0036  -0.0220
 -0.0538  -0.0695   0.0694   0.0543   0.0020  -0.0149
 -0.0514  -0.0742   0.0543   0.1754  -0.0118  -0.0772
 -0.0778  -0.0585   0.0458   0.1531  -0.0200  -0.0449
 -0.0598  -0.0438   0.0867   0.0798  -0.0275  -0.0439
 -0.0619  -0.0214   0.0783   0.0564  -0.0103  -0.0176
 -0.0574  -0.0459   0.0806   0.0805  -0.0178  -0.0419
 -0.0604  -0.0309   0.0809   0.0630  -0.0066  -0.0219
 -0.0719  -0.0503   0.0755   0.0459  -0.0110  -0.0300
 -0.0663  -0.0666   0.0831   0.0990  -0.0116  -0.0331
 -0.0685  -0.0504   0.0630   0.0222   0.0064  -0.0199
 -0.0823  -0.0645   0.0588   0.0228   0.0031  -0.0139
 -0.0803  -0.0323   0.0648   0.0252   0.0048  -0.0074
 -0.0832  -0.0689   0.0649   0.0193  -0.0008  -0.0094
 -0.0769  -0.0544   0.0635   0.0673  -0.0086  -0.0214
 -0.0791  -0.0390   0.0624   0.0120   0.0037  -0.0037
 -0.0839  -0.0627   0.0613   0.0384  -0.0067  -0.0105
 -0.0855  -0.0458   0.0728   0.0477  -0.0034  -0.0033
 -0.0914  -0.0631   0.0719   0.0168  -0.0021  -0.0073
 -0.0890  -0.0616   0.0697   0.0348  -0.0124  -0.0273
 -0.0987  -0.0645   0.0592   0.0143  -0.0022  -0.0137
 -0.0858  -0.0822   0.0670   0.0539  -0.0230  -0.0335
 -0.0878  -0.0550   0.0755  -0.0247  -0.0089  -0.0004
 -0.0809  -0.0945   0.0920   0.0620  -0.0333  -0.0272
 -0.1015  -0.0574   0.0890   0.0101   0.0132   0.0086
 -0.1107  -0.0725   0.0714  -0.0103   0.0084   0.0034
 -0.0818  -0.0874   0.0690   0.1278   0.0032  -0.0563
 -0.1099  -0.0652   0.0492   0.1604   0.0047  -0.0663
 -0.1245  -0.0491   0.0453   0.1155   0.0015  -0.0467
 -0.1205  -0.0589   0.0617   0.0528   0.0130  -0.0217
 -0.1261  -0.0758   0.0826   0.1237  -0.0132  -0.0349
 -0.1372  -0.0485   0.0844   0.0870   0.0003   0.0017
 -0.1490  -0.0486   0.0743   0.0624  -0.0053  -0.0185
 -0.1397  -0.0586   0.0978   0.0910  -0.0267  -0.0309
 -0.1365  -0.0564   0.1053   0.0832  -0.0263  -0.0356
 -0.1330  -0.0448   0.1056   0.1063  -0.0214  -0.0360
 -0.1493  -0.0757   0.0860   0.1813  -0.0169  -0.0624
 -0.1463  -0.0344   0.0826   0.1721  -0.0119  -0.0342
 -0.1515  -0.0399   0.0751   0.1308  -0.0141  -0.0577
 -0.1544  -0.0348   0.0761   0.1276  -0.0056  -0.0400
 -0.1485  -0.0390   0.0759   0.1491  -0.0081  -0.0445
 -0.1471  -0.0482   0.0751   0.1740  -0.0147  -0.0699
 -0.1464  -0.0637   0.0681   0.0948  -0.0080  -0.0565
 -0.1580  -0.0680   0.0865   0.0866  -0.0098  -0.0600
 -0.1438  -0.0683   0.1010   0.1597  -0.0235  -0.0627
 -0.1640  -0.0610   0.0705   0.1076   0.0020  -0.0543
 -0.1523  -0.0651   0.0936   0.1459  -0.0134  -0.0615
 -0.1525  -0.0533   0.0896   0.1438  -0.0027  -0.0536
 -0.1692  -0.0540   0.0778   0.0880   0.0075  -0.0318
 -0.1540  -0.0474   0.0912   0.1615  -0.0041  -0.0464
 -0.1747  -0.0505   0.0664   0.0935   0.0046  -0.0411
 -0.1754  -0.0724   0.0814   0.1163  -0.0220  -0.0499
 -0.1770  -0.0471   0.0787   0.1431  -0.0197  -0.0495
 -0.2011  -0.0203   0.0352   0.1397  -0.0243  -0.0584
 -0.1974  -0.0250   0.0463   0.2095  -0.0389  -0.0607
 -0.2056  -0.1278   0.0605   0.2129  -0.0494  -0.0695
 -0.0895   0.0683   0.1124  -0.0044   0.0606  -0.0147
 -0.0986   0.1801   0.1390  -0.2851   0.0677   0.0248
 -0.1441   0.1035   0.0834  -0.5202   0.0557   0.1074
 -0.1428   0.0205   0.1024  -0.4832   0.0283   0.1207
 -0.1173  -0.0085   0.1293  -0.4236   0.0012   0.0967
 -0.1195   0.0205   0.2131  -0.3899   0.0335   0.0895
 -0.0764  -0.0103   0.2767  -0.3331   0.0040   0.0744
 -0.1055  -0.0178   0.2686  -0.3339   0.0280   0.0567
 -0.0690   0.0002   0.2830  -0.1872  -0.0055   0.0279
 -0.1091   0.0014   0.2156  -0.1320   0.0339   0.0034
