 -0.1423   1.6375   0.4166  -0.5325   0.0406  -0.0432
 -0.1288   1.5847   0.3755  -0.4819   0.0327  -0.0282
 -0.1220   1.5784   0.3584  -0.5315   0.0332  -0.0499
 -0.1279   1.6162   0.3721  -0.5628   0.0306  -0.0608
 -0.1129   1.5886   0.3384  -0.5290   0.0080  -0.0407
 -0.1231   1.5811   0.3013  -0.5070   0.0035  -0.0320
 -0.1026   1.5320   0.2981  -0.4879   0.0388  -0.0344
 -0.0937   1.5115   0.3004  -0.5197   0.0302  -0.0379
 -0.0992   1.4941   0.3115  -0.4991   0.0329  -0.0346
 -0.1037   1.5060   0.2864  -0.5056   0.0399  -0.0194
 -0.1141   1.5297   0.2587  -0.5941   0.0438  -0.0183
 -0.1118   1.5568   0.2725  -0.5486   0.0302  -0.0267
 -0.1058   1.4912   0.2816  -0.5243   0.0302  -0.0235
 -0.0910   1.4745   0.2846  -0.5540   0.0374  -0.0414
 -0.0920   1.4637   0.3214  -0.4971   0.0379  -0.0370
 -0.0934   1.4387   0.3235  -0.4315   0.0102  -0.0408
 -0.1020   1.4399   0.3021  -0.4765  -0.0032  -0.0413
 -0.0815   1.3780   0.3048  -0.5203   0.0056  -0.0210
 -0.0827   1.3509   0.3029  -0.4447   0.0077  -0.0342
 -0.0904   1.3601   0.3001  -0.4730   0.0219  -0.0390
 -0.0885   1.4004   0.2875  -0.5288   0.0206  -0.0277
 -0.0774   1.3646   0.2775  -0.5497   0.0146  -0.0326
 -0.0861   1.3384   0.2897  -0.5068   0.0049  -0.0440
 -0.0946   1.3730   0.3116  -0.5587   0.0173  -0.0425
 -0.0859   1.3542   0.3173  -0.5008   0.0240  -0.0320
 -0.0980   1.2980   0.2998  -0.4793   0.0319  -0.0146
 -0.1076   1.2764   0.3003  -0.5326   0.0390  -0.0013
 -0.1061   1.2564   0.3157  -0.5485   0.0378   0.0050
 -0.1011   1.1758   0.3322  -0.4459   0.0434   0.0046
 -0.1255   1.1770   0.3272  -0.5104   0.0441   0.0119
 -0.1062   1.2451   0.3267  -0.5267   0.0379   0.0151
 -0.1197   1.1628   0.3298  -0.4606   0.0348  -0.0067
 -0.1025   1.1818   0.3337  -0.5640   0.0361  -0.0004
 -0.0979   1.1334   0.3476  -0.5135   0.0302  -0.0127
 -0.0972   1.1495   0.3377  -0.4881   0.0330  -0.0219
 -0.0894   1.1725   0.3298  -0.5313   0.0358  -0.0151
 -0.0919   1.1326   0.3568  -0.4432   0.0331  -0.0159
 -0.0968   1.1629   0.3516  -0.5035   0.0373  -0.0173
 -0.1543   0.2646   0.4184  -0.3654   0.1083   0.4140
 -0.1775  -0.4463   0.4315  -0.5617   0.0794   0.2413
 -0.1309   0.0626   0.3247  -0.6139   0.0829   0.1828
 -0.1132   0.1565   0.3632  -0.5275   0.0786   0.1546
 -0.1012   0.1122   0.3614  -0.4969   0.0675   0.1611
 -0.1055   0.1864   0.3337  -0.5716   0.0597   0.1560
 -0.0961   0.2695   0.3383  -0.5595   0.0534   0.1295
 -0.0855   0.5644   0.3892  -0.8157  -0.0493   0.1544
 -0.0814   0.3927   0.2347  -0.9141   0.0445   0.1352
 -0.0677   0.4555   0.2347  -0.9300   0.0433   0.1215
 -0.0658   0.4011   0.3165  -0.7460   0.0196   0.1285
 -0.0824   0.4078   0.3303  -0.7533   0.0213   0.1276
 -0.0643   0.5197   0.2977  -0.6644   0.0196   0.0999
 -0.0660   0.6062   0.3145  -0.6324   0.0131   0.0878
 -0.0474   0.5599   0.3133  -0.5833   0.0136   0.0767
 -0.0500   0.5558   0.3093  -0.6325   0.0189   0.0820
 -0.0552   0.5498   0.3209  -0.6545   0.0094   0.0883
 -0.0479   0.5137   0.3212  -0.5859   0.0129   0.0744
 -0.0594   0.5658   0.3073  -0.6611   0.0070   0.0756
 -0.0544   0.5473   0.3154  -0.6670   0.0033   0.0747
 -0.0664   0.5180   0.3113  -0.6292  -0.0065   0.0920
 -0.1084   0.5719   0.2771  -0.7789   0.0163   0.0954
 -0.0935   0.5276   0.3007  -0.7618   0.0247   0.0911
 -0.0825   0.4879   0.3073  -0.6555   0.0182   0.0883
 -0.0752   0.5077   0.3018  -0.7207   0.0231   0.0805
 -0.0735   0.5062   0.3032  -0.7448   0.0206   0.0862
 -0.0761   0.4949   0.3316  -0.6557   0.0091   0.0835
 -0.0760   0.5675   0.3180  -0.6882   0.0066   0.0595
 -0.1168   0.6561   0.2307  -0.7958  -0.0364   0.0658
 -0.1078   0.9153   0.1745  -0.7327  -0.0948   0.0439
 -0.0949   0.9773   0.1390  -0.8746  -0.0644   0.0658
 -0.1004   0.6080   0.0914  -1.1510   0.0084   0.1252
 -0.1326   0.4221   0.2511  -0.9860  -0.0017   0.1472
 -0.0880   0.3882   0.2848  -0.8852   0.0257   0.1082
 -0.0621   0.3842   0.2104  -0.9157   0.0374   0.0815
 -0.0532   0.4129   0.1378  -0.8659   0.0122   0.1050
 -0.1065   0.4798   0.1544  -0.7875  -0.0061   0.1152
 -0.1042   0.3972   0.1902  -0.8128   0.0032   0.0950
 -0.0878   0.2968   0.1856  -0.8485   0.0239   0.1150
 -0.0680   0.3195   0.1857  -0.8102   0.0114   0.0791
 -0.0671   0.3608   0.1145  -0.8142   0.0202   0.1074
 -0.0732   0.2512   0.1454  -0.8245   0.0197   0.1115
 -0.0756   0.2250   0.1478  -0.8664   0.0183   0.1291
 -0.0693   0.1687   0.1642  -0.7924   0.0163   0.1441
 -0.0683   0.1332   0.1714  -0.8128   0.0190   0.1460
 -0.0744   0.0994   0.1771  -0.8571   0.0301   0.1674
 -0.0829   0.1008   0.1732  -0.8054   0.0265   0.1599
 -0.0891   0.1135   0.1785  -0.8039   0.0190   0.1399
 -0.0722   0.1294   0.1928  -0.7771   0.0226   0.1391
 -0.0682   0.1569   0.1887  -0.7456   0.0233   0.1339
 -0.0345   0.0052   0.2558  -0.7357   0.0338   0.1804
 -0.0497  -0.0826   0.2594  -0.7249   0.0416   0.1778
 -0.0810   0.0782   0.2513  -0.7683   0.0242   0.1231
 -0.0495   0.1252   0.2434  -0.5707  -0.0323   0.0785
 -0.0741   0.1188   0.2147  -0.5279  -0.0694   0.0932
 -0.0450   0.0849   0.1707  -0.6035  -0.0618   0.1293
 -0.0425   0.1173   0.1843  -0.6182  -0.0556   0.1033
 -0.0494   0.0899   0.1812  -0.6674  -0.0367   0.1190
 -0.0511   0.0288   0.2020  -0.6190  -0.0253   0.1172
 -0.0496   0.0562   0.2077  -0.6435  -0.0197   0.0941
 -0.0460   0.1112   0.2320  -0.6559  -0.0224   0.1326
 -0.0575   0.0353   0.2370  -0.5980  -0.0162   0.1272
 -0.0599   0.0522   0.2326  -0.6152  -0.0199   0.1166
 -0.0555   0.0832   0.2314  -0.6511  -0.0289   0.1104
 -0.0523   0.0039   0.2410  -0.5950  -0.0259   0.1263
 -0.0159   0.1529   0.2108  -0.6121  -0.0174   0.0996
 -0.0382   0.0870   0.2467  -0.6618   0.0205   0.1423
 -0.0276  -0.0470   0.2650  -0.7140   0.0453   0.1455
 -0.0172  -0.0046   0.2728  -0.7332   0.0396   0.1436
 -0.0280  -0.0369   0.2593  -0.5931   0.0277   0.1353
 -0.0339  -0.0467   0.2750  -0.6702   0.0292   0.1231
 -0.0431  -0.0766   0.2810  -0.6311   0.0221   0.1464
 -0.0248  -0.0656   0.3056  -0.4748   0.0126   0.1008
  0.0006  -0.1389   0.2722  -0.2105   0.0150   0.0763
  0.0296  -0.1454   0.2948  -0.1423   0.0478   0.0582
  0.0332  -0.1600   0.3024  -0.2372   0.0422   0.0860
  0.0140  -0.1082   0.2980  -0.2243   0.0512   0.0890
  0.0208  -0.1437   0.2952  -0.2552   0.0639   0.0995
  0.0022  -0.1407   0.2811  -0.2614   0.0536   0.0935
  0.0180  -0.1246   0.2681  -0.2686   0.0607   0.0947
  0.0117  -0.1740   0.2735  -0.2304   0.0593   0.0882
  0.0123  -0.1979   0.2656  -0.2777   0.0606   0.0936
  0.0064  -0.2036   0.2781  -0.2526   0.0733   0.0705
  0.0590  -0.1269   0.2548  -0.2460   0.1048   0.0687
  0.0397  -0.0688   0.2457  -0.2848   0.0851   0.0686
  0.0139  -0.1080   0.2686  -0.2411   0.0480   0.0955
  0.0184  -0.0864   0.2713  -0.2100   0.0546   0.0762
  0.0346  -0.0903   0.2321  -0.2855   0.0559   0.0685
  0.0638   0.1386   0.2175  -0.4064   0.0137   0.0943
  0.1459  -0.0146   0.3529  -0.2277   0.0228   0.0627
 -0.0294  -0.0383   0.1993  -0.2834   0.0586   0.0809
  0.0015  -0.1274   0.2431  -0.3112   0.0826   0.1007
  0.0050  -0.1558   0.2489  -0.2976   0.0891   0.0963
 -0.0195   0.0160   0.2203  -0.3822   0.0398   0.0601
  0.0733  -0.0007   0.2487  -0.2092   0.0781   0.0369
  0.0213   0.0603   0.2501  -0.1257   0.0543   0.0393
  0.0367   0.1142   0.2747  -0.2465   0.0684   0.0589
  0.0410   0.0996   0.2897  -0.2549   0.0774   0.0439
  0.0401   0.0727   0.2594  -0.2169   0.0870   0.0475
  0.0171   0.0664   0.2654  -0.2796   0.0666   0.0598
  0.0468   0.0358   0.2846  -0.1994   0.1030   0.0449
  0.0675   0.0550   0.2722  -0.1863   0.1054   0.0244
  0.0587   0.0483   0.2828  -0.2308   0.0868   0.0330
  0.0094   0.0606   0.3253  -0.2491   0.0377   0.0411
  0.0807   0.0121   0.2983  -0.1847   0.1096   0.0261
  0.0421   0.0544   0.3058  -0.2310   0.0710   0.0363
  0.0643   0.0105   0.2952  -0.2343   0.0982   0.0420
  0.0598  -0.0412   0.2973  -0.1743   0.1102   0.0474
  0.0382  -0.0828   0.3231  -0.1757   0.0997   0.0470
  0.0271  -0.0243   0.3611  -0.2250   0.0891   0.0563
  0.0236  -0.1044   0.3615  -0.1963   0.0802   0.0826
  0.0365  -0.0600   0.2563  -0.1594   0.0556   0.0617
  0.0554  -0.0767   0.2587  -0.2076   0.0946   0.0593
  0.0564  -0.0762   0.2667  -0.2436   0.1017   0.0545
  0.0632  -0.1160   0.2686  -0.1512   0.1178   0.0505
  0.0507  -0.2005   0.3040  -0.1434   0.1214   0.0839
  0.2663   0.7059  -0.1244  -0.3792  -0.0649  -0.2183
  0.0776   1.4449  -1.1704  -0.3778  -0.2956  -0.1143
 -0.8645   0.5458  -2.4141  -0.6662  -0.5616   0.1121
 -0.3649   0.3698  -1.2765  -0.4744  -0.2516   0.0629
 -0.0777   0.5511  -0.8501  -0.3366  -0.0190  -0.0781
 -0.2292   0.6905  -0.5297  -0.0698  -0.3333  -0.0726
 -0.3011   0.5769  -0.8975  -0.2784  -0.0484  -0.0065
 -0.1671   0.3590  -0.6429  -0.2595  -0.1364  -0.0103
 -0.1808   0.4752  -0.6372  -0.3541  -0.1510   0.0274
 -0.1463   0.1111  -0.5874  -0.4265  -0.1148  -0.0150
 -0.0465   0.4327  -0.7135   0.3530  -0.1687  -0.1291
  0.3180   1.0564  -1.0492   0.4399  -0.2323  -0.4469
  0.3868   1.3585  -1.1345   0.5120  -0.2029  -0.4007
  0.3136   1.1903  -1.0508   0.6004  -0.2164  -0.3884
  0.2667   1.1320  -1.0464   0.6331  -0.2186  -0.3732
  0.2476   1.1584  -1.0025   0.6534  -0.2166  -0.3797
  0.2216   1.1277  -0.9108   0.6963  -0.2036  -0.3704
  0.2318   0.9972  -0.8510   0.7676  -0.1925  -0.3289
  0.1986   0.9762  -0.8352   0.7936  -0.1942  -0.3290
  0.1949   0.9732  -0.8122   0.7953  -0.1953  -0.3414
  0.1809   0.8548  -0.7856   0.8809  -0.1831  -0.3255
  0.1758   0.7816  -0.7853   0.8799  -0.1865  -0.3215
  0.1659   0.6821  -0.7660   0.8320  -0.1854  -0.2757
  0.1617   0.6300  -0.7618   0.8546  -0.1843  -0.2748
  0.1571   0.5955  -0.7559   0.8875  -0.1805  -0.2854
  0.1445   0.6272  -0.7774   0.8628  -0.1829  -0.2797
  0.1480   0.6439  -0.7971   0.8685  -0.1846  -0.3186
  0.2226   0.5917  -0.7590   0.9403  -0.1432  -0.3375
  0.2139   0.6375  -0.7186   1.3028  -0.1577  -0.3228
  0.2085   0.5900  -0.7154   1.1528  -0.1585  -0.3145
  0.2220   0.5709  -0.6842   1.0246  -0.1483  -0.3083
  0.1932   0.7686  -0.6358   1.0045  -0.1453  -0.3413
  0.1925   0.8659  -0.6195   1.0310  -0.1444  -0.3684
  0.1897   0.8039  -0.6212   1.0244  -0.1311  -0.3379
  0.1931   0.7728  -0.6180   1.0657  -0.1198  -0.3363
  0.1653   0.8328  -0.5988   1.0666  -0.1319  -0.3654
  0.2079   0.7005  -0.5783   0.9883  -0.1245  -0.3257
  0.1960   0.7110  -0.5873   1.0504  -0.1286  -0.3141
  0.2037   0.6706  -0.6007   1.0393  -0.1195  -0.3305
  0.1871   0.6355  -0.6009   0.9401  -0.1168  -0.3122
  0.1456   0.6014  -0.6031   0.9630  -0.1057  -0.3102
  0.1687   0.6612  -0.5838   0.9663  -0.1095  -0.3282
  0.1648   0.6149  -0.5729   0.9015  -0.1044  -0.2893
  0.1279   0.5371  -0.5891   0.9116  -0.0915  -0.2866
  0.1471   0.5079  -0.5659   0.9043  -0.0820  -0.2821
  0.1660   0.5065  -0.5600   0.8416  -0.0769  -0.2697
  0.1616   0.4653  -0.5385   0.9224  -0.0721  -0.2641
  0.1575   0.4268  -0.5214   0.9259  -0.0794  -0.2713
  0.1731   0.4686  -0.5254   0.9020  -0.0816  -0.2840
  0.1713   0.4086  -0.4984   0.9900  -0.0806  -0.2653
  0.1528   0.4005  -0.4946   0.9153  -0.1009  -0.2771
  0.1718   0.2261  -0.5390   0.9500  -0.1313  -0.1801
  0.1383  -0.2532  -0.2403   0.5608  -0.1263  -0.1780
  0.0364  -0.5212  -0.4235   0.3249  -0.0460  -0.0609
  0.0469  -0.3434  -0.4800   0.1704  -0.0215  -0.0623
  0.0435  -0.4357  -0.4433   0.4841  -0.0081  -0.0534
 -0.1824  -1.3979  -0.4222  -0.5668  -0.0270   0.2057
 -0.0455  -0.6782  -0.4939  -0.4828   0.0009   0.0911
  0.0640  -0.7190  -0.2875   0.2838  -0.0199   0.0466
  0.0707  -0.7585  -0.2932   0.3562  -0.0271   0.0104
  0.0675  -0.5832  -0.2905   0.3738  -0.0482  -0.0552
  0.1909  -0.3865  -0.2171   0.6156  -0.0275  -0.0217
  0.0919  -0.9150  -0.1659   0.9301  -0.0760  -0.0892
  0.0294  -0.8883  -0.2709   0.6035  -0.0217   0.0085
 -0.1035  -0.6923  -0.3165  -0.0521   0.0155   0.0572
 -0.0026  -0.8538  -0.1783   0.2448  -0.0014   0.0375
 -0.0234  -0.7906  -0.1688   0.3257   0.0288   0.0307
  0.0068  -0.8212  -0.1490   0.3931   0.0216   0.0296
  0.0217  -0.8178  -0.1497   0.4469   0.0190   0.0286
  0.0150  -0.7949  -0.1452   0.4149   0.0226   0.0299
  0.0203  -0.8379  -0.1428   0.3851   0.0230   0.0313
  0.0278  -0.8152  -0.1592   0.4650   0.0192   0.0384
  0.0140  -0.8668  -0.1398   0.5154   0.0290   0.0258
  0.0186  -0.8069  -0.1663   0.4624   0.0283   0.0056
  0.0343  -0.6459  -0.1216   0.4240   0.0451  -0.0284
  0.1037  -0.7335  -0.0798   0.5071   0.0310  -0.0080
  0.0625  -0.7529  -0.0835   0.5246   0.0415  -0.0040
  0.0540  -0.7557  -0.0916   0.5048   0.0423  -0.0146
  0.0570  -0.6926  -0.0805   0.4942   0.0407  -0.0335
  0.0463  -0.8136  -0.0863   0.5326   0.0101   0.0192
  0.0264  -0.9535  -0.1334   0.5215   0.0302   0.0367
  0.0185  -0.9427  -0.1032   0.4770   0.0448   0.0137
  0.0036  -0.8630  -0.1440   0.4929   0.0256  -0.0062
  0.0068  -0.8277  -0.1356   0.5550   0.0322  -0.0252
  0.0166  -1.0230  -0.0727   0.5389   0.0462   0.0458
  0.0150  -1.1637  -0.0270   0.5708   0.0535   0.0855
 -0.0064  -1.2598   0.0319   0.6282   0.0695   0.1052
 -0.0237  -1.3122   0.0507   0.6089   0.0774   0.0943
 -0.0266  -1.2895   0.0480   0.6147   0.0723   0.1104
 -0.0222  -1.3742   0.0758   0.6715   0.0807   0.1149
 -0.0269  -1.3463   0.0650   0.6226   0.0855   0.1029
 -0.0348  -1.4216   0.0700   0.5934   0.0832   0.1395
 -0.0349  -1.5297   0.1068   0.6855   0.0871   0.1393
 -0.0369  -1.4641   0.1128   0.6398   0.0925   0.1206
 -0.0359  -1.4440   0.1122   0.5834   0.0901   0.1251
 -0.0301  -1.5277   0.1262   0.6985   0.0923   0.1287
 -0.0380  -1.5197   0.1266   0.6751   0.0891   0.1245
 -0.0190  -1.3918   0.0758   0.6581   0.0504   0.0632
  0.0161  -0.9287  -0.0894   0.6232   0.0321   0.0072
 -0.0518  -0.9292  -0.0229   0.6672   0.0459  -0.0729
 -0.0523  -0.9794  -0.0461   0.5741   0.0572   0.0485
 -0.0354  -0.9109  -0.0622   0.5455   0.0680   0.0415
 -0.0353  -1.0171  -0.0427   0.6133   0.0700   0.0579
 -0.0486  -1.0511  -0.0314   0.5942   0.0762   0.0450
 -0.0451  -1.0400  -0.0489   0.5565   0.0779   0.0431
 -0.0417  -1.0883  -0.0184   0.6595   0.0677   0.0497
 -0.0442  -1.1006  -0.0165   0.6248   0.0746   0.0506
 -0.0249  -1.1389  -0.0039   0.6553   0.0689   0.0533
 -0.0197  -1.1501  -0.0035   0.6694   0.0545   0.0401
 -0.0328  -1.1037  -0.0429   0.6053   0.0660   0.0407
 -0.0186  -1.0768  -0.0460   0.6235   0.0442   0.0261
 -0.0397  -1.0271  -0.0890   0.6341   0.0022   0.0286
 -0.0270  -1.0566  -0.0525   0.6752   0.0079   0.0265
 -0.0109  -1.0946  -0.0851   0.5492   0.0213   0.0579
  0.0015  -0.8703  -0.0214   0.6431   0.0069  -0.0163
 -0.0312  -1.0287  -0.0233   0.8382   0.0450   0.0179
 -0.0182  -1.0503  -0.0077   0.6565   0.0524   0.0342
 -0.0148  -1.1134  -0.0034   0.6792   0.0505   0.0418
  0.0087  -0.6806  -0.0966   0.5187   0.0193  -0.0505
  0.0362  -0.3922  -0.1870   0.5340   0.0134  -0.0889
 -0.0369  -0.5480  -0.5005   0.5541  -0.1075  -0.0176
 -0.0131  -0.4630  -0.4242   0.3946  -0.0814  -0.0926
  0.0057  -0.8784  -0.4135   1.1605  -0.1222  -0.0931
 -0.0395  -0.8496  -0.3433   0.4791  -0.0500  -0.0444
 -0.0006  -0.8122  -0.3493   0.6349  -0.0552  -0.0579
 -0.0151  -0.7983  -0.3567   0.5652  -0.0317  -0.0383
 -0.0040  -0.9138  -0.2997   0.5672  -0.0243  -0.0143
 -0.0048  -1.0193  -0.2911   0.6860  -0.0308  -0.0037
  0.0243  -1.0927  -0.2771   0.7296  -0.0176  -0.0087
  0.0162  -1.1440  -0.2540   0.6766  -0.0077   0.0065
  0.0191  -1.2289  -0.2422   0.7536  -0.0026   0.0317
  0.0148  -1.3267  -0.2152   0.7598  -0.0016   0.0331
  0.0180  -1.2859  -0.2204   0.7036   0.0052   0.0333
  0.0119  -1.4027  -0.2050   0.7416   0.0027   0.0500
  0.0183  -1.4288  -0.2038   0.7994   0.0005   0.0572
  0.0154  -1.4300  -0.1952   0.7140   0.0031   0.0510
  0.0228  -1.3570  -0.2103   0.7563  -0.0151   0.0094
  0.1080  -1.2267  -0.1339   0.8382  -0.0098  -0.0133
  0.0885  -1.2249  -0.1897   0.7890   0.0133  -0.0057
  0.0715  -1.3050  -0.1904   0.7826  -0.0030   0.0121
  0.0791  -1.2886  -0.1912   0.8242   0.0050  -0.0010
  0.0777  -1.1262  -0.1145   0.8584   0.0242  -0.0660
  0.1753  -1.0026  -0.0963   0.9343   0.0118  -0.1256
  0.1605  -1.0192   0.0398   0.9732   0.0368  -0.0807
  0.0968  -0.8044   0.0790   0.9365   0.0154  -0.0835
  0.1051  -0.7943  -0.0951   0.8145   0.0149  -0.0806
