 -0.2295   1.2827   0.1954  -1.0740  -0.1719   0.1080
 -0.2564   1.2998   0.1617  -1.1808  -0.1417   0.1850
 -0.3226   1.5773   0.2248  -1.3269  -0.0944   0.2293
 -0.3412   1.4342   0.2371  -1.4028  -0.1636  -0.0132
 -0.3043   1.1722   0.1436  -1.2335  -0.1969  -0.0961
 -0.3111   1.1582   0.1286  -1.0546  -0.2309  -0.0876
 -0.3726   1.3643   0.1548  -0.7597  -0.2959  -0.1835
 -0.3345   1.3375   0.1533  -0.7936  -0.2926  -0.1479
 -0.2635   1.1357   0.0890  -0.7962  -0.2654  -0.0466
 -0.2310   1.0145  -0.0148  -0.8127  -0.2722  -0.0354
 -0.2436   1.0021   0.0318  -0.7559  -0.2513   0.1021
 -0.2166   0.8651   0.0481  -0.8004  -0.1858   0.0373
 -0.2134   0.7497   0.1069  -0.4934  -0.2164   0.1529
 -0.2001   0.8152   0.0561  -0.7372  -0.1416   0.0499
 -0.1822   0.9779  -0.0333  -1.4962  -0.3597   0.4094
 -0.2282   1.0433   0.1490  -1.3726  -0.1935   0.2352
 -0.1565   0.3682   0.3279  -0.4435  -0.0834   0.0550
 -0.1477   0.0875   0.1333  -0.2771  -0.1745   0.0316
 -0.1797   0.0652   0.1734  -0.2948  -0.2029   0.2732
 -0.1283   0.2364   0.1616  -0.3671  -0.1646   0.2152
 -0.1341   0.1914   0.1479  -0.2871  -0.1669   0.1828
 -0.1443   0.2679   0.1158  -0.4351  -0.1673   0.2057
 -0.1543   0.2152   0.0167  -0.3696  -0.1761   0.1790
 -0.1680   0.1186   0.0123  -0.2514  -0.1262   0.2047
 -0.1775   0.1419   0.0686  -0.3296  -0.1518   0.2440
 -0.0856   0.0608   0.0225  -0.3881  -0.1207   0.2454
 -0.1347   0.2368  -0.1573  -0.5666  -0.2751   0.3706
 -0.0519   0.3618   0.0985  -0.5492  -0.1232   0.2271
 -0.0616   0.3224   0.0351  -0.5250  -0.1510   0.1672
 -0.0897   0.2330  -0.0312  -0.4542  -0.1305   0.2083
 -0.0336   0.1904  -0.0219  -0.3798  -0.0711   0.2006
 -0.0267   0.0833  -0.0335  -0.3052  -0.1418   0.1567
 -0.0311  -0.0265   0.0532  -0.0046  -0.1572   0.1055
 -0.0619   0.0785   0.0374  -0.1373  -0.1943   0.1819
 -0.0409  -0.0032   0.0143  -0.1229  -0.1423   0.2147
 -0.0182  -0.0378   0.0195  -0.0229  -0.1251   0.1276
  0.0341  -0.0613   0.0779   0.0009  -0.0779   0.1306
 -0.0139  -0.0342   0.1179  -0.0378  -0.0696   0.1697
  0.0193   0.1483   0.0750   0.0146  -0.1230   0.0106
 -0.0423  -0.0067   0.0184   0.2492  -0.0739   0.2102
 -0.0082   0.0829   0.4188   0.6284   0.1739  -0.2252
 -0.0297  -0.4149   0.2962   0.4317   0.0257   0.2398
  0.0637  -1.1310   0.2422   0.9765   0.0073   0.3035
  0.0239  -0.8059   0.2249   0.8026   0.0736   0.2381
  0.0890  -0.5088   0.4594   1.0795   0.3120  -0.0508
  0.1268  -0.9554   0.1093   1.2609   0.2735  -0.0247
  0.0473  -1.1762   0.1293   1.3355   0.1867   0.2264
  0.1072  -0.9746   0.0913   1.0195   0.1329   0.1453
  0.0839  -0.6800   0.1888   1.1423   0.1687  -0.1032
  0.0445  -1.0470   0.1358   1.2902   0.0933   0.1492
  0.0915  -0.9729   0.2821   0.9958   0.1496   0.1540
 -0.0366  -0.6189   0.2663   0.6627   0.0138   0.1243
  0.0727  -0.3677  -0.0680   0.1173   0.0305   0.1596
  0.0927   0.0620  -0.0711  -0.4475   0.1525   0.2666
  0.0666  -0.0174  -0.0226  -0.3281   0.1379   0.1673
  0.0948  -0.1189   0.0409  -0.1454   0.1373   0.0918
  0.0656  -0.1561  -0.0420   0.1177   0.1582   0.0249
  0.0706  -0.2181  -0.1162   0.2565   0.0563   0.0240
  0.1140  -0.2939  -0.0856   0.1261   0.0751   0.0627
  0.1158  -0.3002  -0.0015   0.0424   0.1413   0.1351
  0.1455  -0.1960  -0.0416  -0.1184   0.1697   0.1016
  0.1225  -0.2060  -0.0709   0.0531   0.1277  -0.0043
  0.1164  -0.1167  -0.0563  -0.0663   0.1247   0.0084
  0.1182  -0.0469  -0.0535  -0.0876   0.1255  -0.0144
  0.0993  -0.0738  -0.0450  -0.0877   0.1303  -0.0760
  0.0802  -0.0649  -0.0696  -0.0844   0.1537   0.0149
  0.0919  -0.0482  -0.1006  -0.1158   0.1298   0.0666
  0.1204  -0.1423  -0.1285   0.0971   0.1030   0.0030
  0.1292  -0.1149  -0.1505  -0.0504   0.1134   0.0049
  0.1352  -0.1010  -0.1825  -0.0287   0.1144   0.0342
  0.1397  -0.1286  -0.1694   0.0866   0.1348  -0.0310
  0.1321  -0.0567  -0.1471  -0.0416   0.1335   0.0375
  0.1278  -0.0916  -0.1537  -0.0124   0.1282   0.0219
  0.1981  -0.3670  -0.2573   0.2639   0.1208  -0.0549
  0.1235  -0.4330  -0.2735   0.4695   0.0690  -0.0177
  0.1368  -0.1842  -0.1225   0.1732   0.1443  -0.0355
  0.1095  -0.2146  -0.0743   0.1023   0.1201   0.0227
  0.1148  -0.2555  -0.1255   0.0677   0.1056   0.0355
  0.1102  -0.3325  -0.1273   0.1525   0.0823  -0.0382
  0.1569  -0.2992  -0.1835   0.1833   0.1084   0.0427
  0.1825  -0.3748  -0.1222   0.0639   0.1520  -0.0880
  0.2394  -0.1463  -0.2116  -0.5090   0.1518   0.3666
  0.2062  -0.2419  -0.2669  -0.1916   0.1186   0.0093
  0.1921  -0.3871  -0.2480   0.2975   0.0917  -0.1028
  0.1590  -0.4556  -0.2343   0.3940   0.0848  -0.0762
  0.1710  -0.5274  -0.2308   0.2811   0.0993  -0.0030
  0.1544  -0.4383  -0.1998  -0.0598   0.1090   0.1412
  0.1558  -0.3022  -0.1569   0.1144   0.1210  -0.0511
  0.1362  -0.3130  -0.1461   0.1362   0.0974  -0.0523
  0.1578  -0.3962  -0.1788   0.1388   0.1189   0.0139
  0.1496  -0.1881  -0.2228  -0.4563   0.1145   0.0715
  0.1388  -0.4309  -0.2055  -0.1802   0.1011  -0.0160
  0.1198  -0.4110  -0.2089   0.1097   0.0791  -0.1445
  0.1278  -0.5636  -0.1991   0.4826   0.0513  -0.2436
  0.1285  -0.5375  -0.1934   0.2081   0.0753  -0.0743
  0.1057  -0.4568  -0.2078   0.2482   0.0532  -0.0892
  0.1225  -0.2266  -0.0366   0.0485   0.1538  -0.1904
  0.0644  -0.0157  -0.0793  -0.7044   0.0552   0.1201
  0.0301  -0.0891  -0.0017  -0.1784   0.0442  -0.2162
 -0.0178   0.5625  -0.2457  -1.1183  -0.0208   0.5924
 -0.1818   0.4638  -0.0481  -0.1165  -0.0766  -0.4673
 -0.1531   0.0872  -0.0188   0.0909  -0.0626  -0.2728
 -0.1757  -0.0505   0.2376   0.4544   0.0883  -0.0005
 -0.0681  -0.0689   0.0572   0.1513   0.0060  -0.0030
  0.0075  -0.0091   0.0592  -0.0318   0.0927   0.0625
  0.0443   0.1036   0.0634  -0.0666   0.1508  -0.0557
 -0.0417   0.1989   0.0838  -0.1358   0.0847  -0.1125
  0.0050  -0.0746  -0.0235   0.0022   0.0272  -0.0518
 -0.0448  -0.0949   0.0240   0.1242  -0.0037  -0.0920
 -0.0559  -0.0897   0.0825   0.1730   0.0148  -0.0318
 -0.0693  -0.2232   0.1192   0.2739  -0.0214  -0.0723
 -0.0999  -0.1312   0.1003   0.1917  -0.0586   0.0011
 -0.1323  -0.1827   0.1438   0.2352  -0.0800   0.0370
 -0.0935  -0.2430   0.1471   0.2585  -0.0565  -0.0644
 -0.0741  -0.2059   0.0802   0.1542  -0.0610  -0.0721
 -0.0810  -0.2175   0.1101   0.2212  -0.0324  -0.0690
 -0.0745  -0.2493   0.0442   0.2320  -0.0604  -0.0631
 -0.0782  -0.3164  -0.0187   0.2329  -0.0770   0.0041
 -0.0395  -0.2556  -0.0021   0.1855  -0.0597  -0.0116
  0.0055  -0.1164   0.0084   0.0606  -0.0319  -0.0509
 -0.0253  -0.1420  -0.0029   0.2410  -0.0730  -0.1145
 -0.0111  -0.1630  -0.0022   0.3083  -0.0684  -0.0942
 -0.0089  -0.2058   0.0272   0.3112  -0.0537  -0.0993
 -0.0029  -0.2247   0.0347   0.3433  -0.0401  -0.1282
 -0.0064  -0.2684   0.0313   0.3755  -0.0375  -0.0695
 -0.0143  -0.2937   0.0187   0.3956  -0.0543  -0.0613
  0.0023  -0.3467   0.0238   0.4480  -0.0638  -0.0922
 -0.0269  -0.3157   0.0303   0.4002  -0.0855  -0.0867
 -0.0376  -0.3301   0.0630   0.3545  -0.0667  -0.0452
 -0.0540  -0.3360   0.0731   0.3911  -0.0461  -0.0385
 -0.0243  -0.3045   0.1274   0.5484  -0.0525  -0.0180
 -0.0531  -0.1347   0.1295   0.5431  -0.0914   0.0078
  0.0694  -0.1034   0.1654   1.5240  -0.0279  -0.2295
  0.1036  -0.0239   0.0502   1.1731   0.0627  -0.2431
  0.0536   0.3376  -0.1353   0.4155  -0.0775   0.1320
 -0.0905   0.8328   0.3020   0.4819   0.0158  -0.5261
  0.0272   1.6338   0.3762  -1.1073   0.2918  -0.8306
 -0.2413  -0.0133   0.2174   2.3968  -0.0340  -2.4278
 -0.0174   1.8088  -0.1321  -1.6343   0.2322  -0.7765
  0.0958   0.9042  -0.1762  -0.4973   0.0405  -0.3966
 -0.0457  -0.2603   0.0285   1.6629  -0.1621  -0.5533
  0.1176   0.3731  -0.0650  -0.6185   0.1307  -0.1798
  0.1232   0.1481  -0.1114  -0.3550   0.2018   0.0249
  0.0999   0.2006  -0.1680  -0.1543   0.1390  -0.1421
  0.0797   0.2969  -0.0712  -0.0524   0.0541  -0.1923
  0.0160   0.3743  -0.0334   0.0428   0.1444  -0.1961
  0.0319   0.3683  -0.0510   0.2398   0.1213  -0.2233
  0.0353   0.3293   0.0281   0.1263   0.0872  -0.1865
  0.0422   0.3176  -0.0140   0.1629   0.0675  -0.2485
  0.0084   0.3306  -0.2284   0.1023  -0.0677  -0.2090
  0.0653   0.2462  -0.1877   0.1591   0.0107  -0.1539
