 -0.0025  -0.0724  -0.0080   0.0288   0.1270  -0.0045
 -0.0045  -0.0834  -0.0062   0.1301   0.1102   0.0216
 -0.0241  -0.1187   0.0017   0.1337   0.0991  -0.0386
  0.0509   0.4137   0.0643  -0.1407   0.0225   0.2102
 -0.0059   0.3708   0.0492  -0.1872  -0.0782   0.2868
 -0.0416   0.2999   0.0381  -0.1253  -0.1270   0.2295
 -0.0513   0.2814   0.0321  -0.0437  -0.1543   0.2649
 -0.0539   0.2118   0.0388  -0.0537  -0.1669   0.1884
 -0.0603   0.2113   0.0367  -0.0285  -0.1740   0.2209
 -0.0708   0.1995   0.0391  -0.0637  -0.1843   0.2057
 -0.0654   0.1719   0.0348  -0.0815  -0.1654   0.1754
 -0.0599   0.1749   0.0333  -0.0340  -0.1369   0.1881
 -0.0581   0.1504   0.0394  -0.0882  -0.1319   0.1443
 -0.0473   0.1541   0.0324  -0.1716  -0.1300   0.1469
 -0.0560   0.1847   0.0343  -0.2370  -0.1313   0.2255
 -0.0350   0.1813   0.0526  -0.1815  -0.0710   0.2549
 -0.0453   0.1803   0.0564  -0.1115  -0.0509   0.2300
 -0.0303   0.1599   0.0569  -0.1536  -0.0387   0.0554
 -0.0381   0.1557   0.0580  -0.1369  -0.0360   0.0817
 -0.0483   0.1664   0.0686  -0.1107  -0.0308   0.0968
 -0.0323   0.1388   0.0643  -0.1575  -0.0373   0.0458
  0.0095   0.2909   0.0974  -0.1500   0.0314   0.1000
  0.0140   0.4527   0.0611  -0.3277  -0.1076   0.3959
 -0.0084   0.3151   0.0733  -0.3509  -0.1043   0.2743
 -0.0034   0.3292   0.0852  -0.3159  -0.0743   0.2676
  0.0096   0.3330   0.0803  -0.3612  -0.0418   0.2057
 -0.0026   0.2980   0.0705  -0.3015  -0.0284   0.2572
 -0.0107   0.2480   0.0699  -0.2410  -0.0457   0.2610
 -0.0140   0.2503   0.0780  -0.2727  -0.0446   0.1828
 -0.0057   0.2354   0.0750  -0.2272  -0.0374   0.2016
 -0.0005   0.2126   0.0746  -0.2489  -0.0503   0.1918
 -0.0041   0.2092   0.0749  -0.2932  -0.0378   0.1685
 -0.0066   0.2081   0.0758  -0.2578  -0.0426   0.2299
 -0.0077   0.1555   0.0628  -0.3157  -0.0648   0.1877
 -0.0136   0.1626   0.0705  -0.3415  -0.0486   0.1750
 -0.0169   0.1884   0.0864  -0.2747  -0.0319   0.2385
 -0.0146   0.1653   0.0707  -0.2107  -0.0389   0.2202
 -0.0212   0.1390   0.0607  -0.2545  -0.0686   0.1442
 -0.0407   0.1475   0.0615  -0.2424  -0.0845   0.2117
 -0.0338   0.1695   0.0637  -0.1844  -0.0889   0.2712
 -0.0177   0.1771   0.0673  -0.0948  -0.0595   0.2118
 -0.0264   0.1575   0.0570  -0.1172  -0.0712   0.1774
 -0.0222   0.1261   0.0469  -0.1877  -0.0768   0.1819
 -0.0186   0.1055   0.0346  -0.1653  -0.0291   0.1828
 -0.0086   0.0918   0.0384  -0.1059   0.0104   0.1538
  0.0147   0.0568   0.0281  -0.1233   0.0397   0.1036
  0.0474   0.0891   0.0215  -0.2163   0.0223   0.0142
  0.0329   0.0973   0.0294  -0.1859   0.0084   0.0329
  0.0203   0.0803   0.0280  -0.1180   0.0056   0.0997
  0.0211   0.0584   0.0245  -0.0647  -0.0014   0.1161
  0.0068   0.0531   0.0062  -0.0492  -0.0178   0.0919
  0.0426   0.0433   0.0072  -0.0976   0.0112   0.0784
  0.0666   0.0735   0.0318  -0.1198   0.0729   0.0743
  0.0743   0.0579   0.0307  -0.0408   0.0766   0.0995
  0.0685   0.0405   0.0266  -0.0802   0.0726   0.0472
  0.0712   0.0412   0.0182  -0.1675   0.0710   0.0224
  0.0672   0.0395   0.0144  -0.1903   0.0611   0.0411
  0.0645   0.0643   0.0159  -0.1295   0.0695   0.0432
  0.0836   0.1133   0.0282  -0.0724   0.0973   0.0419
  0.0920   0.0888   0.0277  -0.0942   0.0970  -0.0019
  0.0596   0.0834   0.0109  -0.1526   0.0552  -0.0110
  0.0412   0.0856   0.0063  -0.1027   0.0338   0.0302
  0.0452   0.0686   0.0130  -0.0539   0.0344   0.0566
  0.0388   0.0624   0.0088  -0.0909   0.0370  -0.0076
  0.0424   0.0777   0.0082  -0.0736   0.0393   0.0177
  0.0433   0.0672   0.0077  -0.0572   0.0444   0.0070
  0.0388   0.0826   0.0027  -0.0983   0.0460  -0.0268
  0.0650   0.0850   0.0091  -0.0423   0.0811   0.0496
  0.0616   0.0770   0.0127  -0.0312   0.0756   0.0015
  0.0638   0.0844   0.0099  -0.1191   0.0717  -0.0478
  0.0732   0.1029   0.0112  -0.0995   0.0771  -0.0431
  0.0653   0.0966   0.0144  -0.0722   0.0931  -0.0351
  0.0588   0.0753   0.0033  -0.0949   0.0761  -0.0397
  0.0615   0.0580   0.0089  -0.1026   0.0697  -0.0225
  0.0620   0.0665   0.0084  -0.0847   0.0807  -0.0118
  0.0524   0.0635  -0.0011  -0.0428   0.0692   0.0246
  0.0522   0.0596   0.0057  -0.0320   0.0791  -0.0125
  0.0414   0.0600   0.0040  -0.0680   0.0945   0.0015
  0.0447   0.0289   0.0007  -0.0715   0.0905   0.0021
  0.0418   0.0435   0.0006  -0.0164   0.0945   0.0705
  0.0514   0.0449   0.0027   0.0252   0.0948   0.0905
  0.0482   0.0378   0.0022  -0.0206   0.0895   0.0357
  0.0629   0.0494   0.0052  -0.0333   0.1154   0.0269
  0.0596   0.0223   0.0065   0.0024   0.1124   0.0238
  0.0526   0.0239   0.0090  -0.0034   0.1142  -0.0056
  0.0617   0.0262   0.0094  -0.0562   0.1354  -0.0181
  0.0658   0.0215   0.0117  -0.0327   0.1340  -0.0100
  0.0768   0.0260  -0.0009  -0.0178   0.1433  -0.0053
  0.0726  -0.0043  -0.0042  -0.0377   0.1170  -0.0260
  0.0613   0.0116   0.0001  -0.0283   0.1127  -0.0287
  0.0637   0.0103  -0.0005   0.0182   0.1003   0.0282
  0.0491  -0.0193   0.0018  -0.0543   0.1023  -0.0300
  0.0416  -0.0184  -0.0032  -0.0592   0.1040   0.0089
  0.0348  -0.0147   0.0004  -0.0073   0.0960   0.0610
  0.0395  -0.0258  -0.0002  -0.0098   0.1016   0.0311
  0.0288  -0.0010  -0.0019  -0.0122   0.1008   0.0385
  0.0409   0.0034   0.0033   0.0222   0.0799   0.0684
  0.0380  -0.0379  -0.0015   0.0004   0.0806   0.0387
  0.0311  -0.0189  -0.0079  -0.0123   0.0826   0.0204
  0.0319  -0.0100  -0.0036   0.0509   0.0630   0.0802
  0.0297  -0.0039  -0.0044   0.0617   0.0568   0.0615
  0.0093   0.0029  -0.0147   0.0264   0.0397   0.0564
  0.0348  -0.0122  -0.0053   0.0676   0.0621   0.1069
  0.0209   0.0027  -0.0110   0.0951   0.0487   0.1065
  0.0139   0.0099  -0.0069   0.0481   0.0440   0.0568
  0.0187   0.0086   0.0013   0.0616   0.0591   0.0500
  0.0199   0.0084  -0.0017   0.0656   0.0605   0.0396
  0.0233  -0.0024  -0.0075   0.0127   0.0601  -0.0030
  0.0187  -0.0049   0.0015   0.0448   0.0646   0.0299
  0.0106  -0.0193  -0.0016   0.0317   0.0523  -0.0012
  0.0026  -0.0153  -0.0021   0.0225   0.0492   0.0453
 -0.0007  -0.0109   0.0005   0.0552   0.0455   0.0627
 -0.0060  -0.0266  -0.0108   0.0115   0.0256   0.0088
 -0.0014  -0.0020  -0.0087   0.0111   0.0314   0.0054
 -0.0037   0.0020  -0.0023   0.0583   0.0432   0.0433
 -0.0142  -0.0078  -0.0178   0.0344   0.0246   0.0246
 -0.0182  -0.0072  -0.0193   0.0597   0.0103   0.0492
 -0.0132  -0.0127  -0.0136   0.0589   0.0201   0.0164
 -0.0263  -0.0196  -0.0194   0.0252   0.0081   0.0345
 -0.0275  -0.0236  -0.0235   0.0381   0.0082   0.0590
 -0.0190  -0.0213  -0.0154   0.0599   0.0094   0.0315
 -0.0402  -0.0381  -0.0220   0.0271  -0.0220   0.0214
 -0.0275  -0.0472  -0.0202   0.0443  -0.0077   0.0436
 -0.0217  -0.0577  -0.0215   0.0188   0.0149   0.0174
 -0.0223  -0.0782  -0.0392  -0.0236   0.0219   0.0095
 -0.0265  -0.0735  -0.0335  -0.0082   0.0159   0.0153
 -0.0156  -0.0583  -0.0238   0.0268   0.0247   0.0513
 -0.0182  -0.0779  -0.0287  -0.0019   0.0169   0.0152
 -0.0209  -0.0696  -0.0184   0.0071   0.0206   0.0377
 -0.0293  -0.0707  -0.0258   0.0456   0.0202   0.0504
 -0.0322  -0.0743  -0.0330   0.0369  -0.0008   0.0257
 -0.0359  -0.0611  -0.0339   0.0560  -0.0173   0.0596
 -0.0384  -0.0732  -0.0256   0.0683  -0.0244   0.0920
 -0.0362  -0.0993  -0.0229   0.0428  -0.0191   0.0706
 -0.0410  -0.0800  -0.0245   0.0853  -0.0290   0.1281
 -0.0540  -0.0890  -0.0356   0.0771  -0.0414   0.1038
 -0.0607  -0.0947  -0.0330   0.0417  -0.0582   0.1024
 -0.0621  -0.0746  -0.0261   0.0678  -0.0532   0.1091
 -0.0417  -0.0689  -0.0215   0.0353  -0.0334   0.0677
 -0.0364  -0.0585  -0.0150   0.0045  -0.0082   0.0574
 -0.0436  -0.0453  -0.0185   0.0379  -0.0085   0.0916
 -0.0399  -0.0492  -0.0233   0.0181  -0.0254   0.0837
 -0.0574  -0.0867  -0.0382  -0.0541  -0.0860   0.0561
 -0.0575  -0.0611  -0.0482  -0.1449  -0.0776   0.0451
 -0.0589  -0.0382  -0.0391  -0.0763  -0.0518   0.1109
 -0.0653  -0.0748  -0.0336  -0.0264  -0.0762   0.1068
 -0.0599  -0.0614  -0.0242   0.0125  -0.0831   0.1091
 -0.0578  -0.0650  -0.0278  -0.0747  -0.0788   0.0455
 -0.0670  -0.0769  -0.0288  -0.0607  -0.1043   0.0727
 -0.0735  -0.0598  -0.0211   0.0146  -0.1166   0.1783
 -0.0778  -0.0447  -0.0220   0.0307  -0.1284   0.1509
 -0.0615  -0.0409  -0.0138  -0.0322  -0.1263   0.1236
 -0.0701  -0.0487  -0.0118  -0.0119  -0.1408   0.1249
 -0.0716  -0.0311  -0.0015   0.0372  -0.1156   0.1851
 -0.0608  -0.0364  -0.0045   0.0725  -0.1214   0.2000
 -0.0530  -0.0544  -0.0016   0.0292  -0.1189   0.1258
 -0.0282  -0.0192  -0.0036  -0.0271  -0.0266   0.0272
  0.0275  -0.0033  -0.0034   0.3296   0.0962  -0.2476
  0.0447  -0.0857  -0.0160   0.2875   0.1291  -0.2810
  0.0496  -0.1413  -0.0236   0.3223   0.1272  -0.3085
  0.0421  -0.1483  -0.0225   0.3653   0.1028  -0.2986
  0.0368  -0.1616  -0.0333   0.3312   0.0891  -0.3478
  0.0307  -0.1687  -0.0286   0.3836   0.0620  -0.3112
  0.0173  -0.1655  -0.0366   0.3837   0.0387  -0.3049
  0.0142  -0.1941  -0.0419   0.3943   0.0281  -0.3201
 -0.0014  -0.1935  -0.0342   0.3816   0.0078  -0.3287
 -0.0043  -0.1940  -0.0390   0.3171   0.0087  -0.3579
  0.0015  -0.2168  -0.0382   0.3576   0.0112  -0.3241
 -0.0075  -0.2216  -0.0394   0.3401   0.0040  -0.3570
 -0.0078  -0.2295  -0.0402   0.3373   0.0066  -0.3480
  0.0058  -0.2566  -0.0407   0.3553   0.0155  -0.3508
 -0.0081  -0.2576  -0.0407   0.3009   0.0062  -0.3799
 -0.0095  -0.2506  -0.0259   0.3127   0.0066  -0.3430
 -0.0272  -0.2721  -0.0378   0.2890  -0.0209  -0.3442
 -0.0350  -0.2567  -0.0352   0.2793  -0.0306  -0.3566
 -0.0412  -0.2359  -0.0340   0.2760  -0.0628  -0.3168
 -0.0355  -0.2577  -0.0389   0.2400  -0.0518  -0.3575
 -0.0194  -0.2660  -0.0321   0.2988  -0.0328  -0.3323
 -0.0348  -0.2678  -0.0233   0.2430  -0.0549  -0.3322
 -0.0223  -0.2483  -0.0277   0.1901  -0.0217  -0.3343
 -0.0190  -0.2521  -0.0474   0.2533  -0.0503  -0.2685
 -0.0438  -0.2661  -0.0589   0.2607  -0.1051  -0.2391
 -0.0462  -0.3086  -0.0656   0.2110  -0.0815  -0.2767
 -0.0495  -0.2788  -0.0629   0.2230  -0.0942  -0.2639
 -0.0436  -0.2452  -0.0427   0.2559  -0.0858  -0.2223
 -0.0227  -0.2710  -0.0481   0.1497  -0.0339  -0.3034
 -0.0389  -0.2469  -0.0507   0.1755  -0.0876  -0.2922
 -0.0448  -0.2506  -0.0530   0.1810  -0.0955  -0.2940
 -0.0577  -0.2793  -0.0613   0.2228  -0.1024  -0.2938
 -0.0522  -0.2743  -0.0590   0.2662  -0.0823  -0.2914
 -0.0382  -0.2880  -0.0592   0.2320  -0.0588  -0.3092
 -0.0331  -0.2834  -0.0609   0.2702  -0.0526  -0.3299
 -0.0360  -0.2821  -0.0639   0.2914  -0.0632  -0.3003
 -0.0368  -0.3072  -0.0707   0.2227  -0.0535  -0.3491
 -0.0232  -0.2897  -0.0676   0.2591  -0.0414  -0.3490
 -0.0120  -0.3079  -0.0807   0.3026  -0.0329  -0.3332
 -0.0174  -0.2884  -0.0752   0.2827  -0.0461  -0.3593
  0.0013  -0.2055  -0.0654   0.1756  -0.0564  -0.3819
  0.1669   0.4099  -0.0018  -0.9366   0.0603  -0.3038
  0.1341   0.4204  -0.0344  -0.9343   0.0385  -0.2398
