 -0.0947   0.9950   0.0165  -0.1684  -0.0207   0.1769
 -0.0874   0.9650   0.0163  -0.1006  -0.0379   0.1326
 -0.0855   0.9234   0.0144  -0.0941  -0.0295   0.1005
 -0.0970   0.9056   0.0067  -0.0650  -0.0394   0.0971
 -0.1103   0.8910   0.0079  -0.0729  -0.0355   0.0668
 -0.1118   0.9117   0.0140  -0.0755  -0.0467   0.0663
 -0.1011   0.9003   0.0052  -0.0582  -0.0408  -0.0281
 -0.1031   0.9269   0.0106  -0.0963  -0.0435   0.1218
 -0.0967   0.8832  -0.0021  -0.0414  -0.0394   0.0487
 -0.1045   0.9031   0.0032  -0.0768  -0.0338   0.1239
 -0.0989   0.8842   0.0034  -0.0508  -0.0375   0.0301
 -0.0964   0.8473   0.0012  -0.0584  -0.0152   0.0743
 -0.1035   0.8540   0.0055  -0.0539  -0.0245   0.1053
 -0.0983   0.8178  -0.0184  -0.0063  -0.0228  -0.0350
 -0.1044   0.8474  -0.0083  -0.0683  -0.0128   0.1593
 -0.1019   0.8387  -0.0072  -0.0570  -0.0278   0.0375
 -0.0936   0.7890  -0.0113  -0.0359  -0.0148   0.0552
 -0.0909   0.8003  -0.0024  -0.0429  -0.0147   0.1086
 -0.0880   0.7494  -0.0075  -0.0115  -0.0129  -0.0079
 -0.0914   0.7242  -0.0054  -0.0338  -0.0193   0.0595
 -0.0899   0.6904  -0.0121  -0.0289  -0.0174   0.0075
 -0.0872   0.6725  -0.0080  -0.0220  -0.0227   0.0713
 -0.0881   0.6693  -0.0044  -0.0479  -0.0199   0.0995
 -0.0807   0.6425  -0.0105  -0.0328  -0.0178   0.0733
 -0.0827   0.6297  -0.0112  -0.0433  -0.0199   0.0995
 -0.0785   0.5920  -0.0139  -0.0400  -0.0094   0.0603
 -0.0786   0.5465  -0.0168  -0.0218  -0.0158   0.0623
 -0.0766   0.5165  -0.0152  -0.0363  -0.0099   0.0263
 -0.0777   0.4817  -0.0203  -0.0014  -0.0150   0.0113
 -0.0750   0.4705  -0.0136  -0.0267  -0.0160   0.0667
 -0.0698   0.4546  -0.0148  -0.0084  -0.0231   0.0141
 -0.0704   0.4280  -0.0148  -0.0113  -0.0215   0.0228
 -0.0598   0.4010  -0.0129  -0.0166  -0.0076   0.0197
 -0.0501   0.3541  -0.0092   0.0020  -0.0097   0.0003
 -0.0490   0.3510  -0.0134  -0.0114  -0.0079   0.0186
 -0.0416   0.3267  -0.0116   0.0126  -0.0024  -0.0495
 -0.0376   0.3328  -0.0019  -0.0180  -0.0019   0.0100
 -0.0358   0.3175  -0.0195   0.0706  -0.0067  -0.0881
 -0.0281   0.3137  -0.0145  -0.0013   0.0135   0.0279
 -0.0255   0.3137  -0.0043  -0.0073   0.0006   0.0404
 -0.0245   0.2957  -0.0093  -0.0159   0.0065  -0.0206
 -0.0187   0.3738  -0.0058  -0.0475   0.0093   0.0723
 -0.0055   0.4516   0.0108  -0.0419   0.0126  -0.0330
 -0.0000   0.3807   0.0021   0.0033   0.0142  -0.0274
  0.0045   0.3263  -0.0003   0.0293   0.0112  -0.0004
  0.0045   0.2898   0.0069   0.0130   0.0192   0.0294
  0.0084   0.2697   0.0011   0.0229   0.0146  -0.0253
  0.0105   0.2720   0.0078  -0.0050   0.0133   0.0133
  0.0130   0.2436   0.0071  -0.0039   0.0209  -0.0471
  0.0224   0.2468   0.0069  -0.0028   0.0210  -0.0484
  0.0281   0.2424   0.0036  -0.0207   0.0327  -0.0083
  0.0267   0.2475   0.0073  -0.0233   0.0229   0.0306
  0.0229   0.2220   0.0030  -0.0038   0.0261  -0.0142
  0.0202   0.2157  -0.0003  -0.0193   0.0241  -0.0041
  0.0220   0.2186  -0.0009  -0.0481   0.0283   0.0099
  0.0283   0.1782  -0.0073  -0.0134   0.0225   0.0005
  0.0232   0.1647   0.0003  -0.0239   0.0228   0.0694
  0.0322   0.1462  -0.0107   0.0132   0.0253  -0.0401
  0.0284   0.1572  -0.0027  -0.0170   0.0269   0.0763
  0.0348   0.1351  -0.0087   0.0170   0.0250  -0.0584
  0.0262   0.1402  -0.0029  -0.0175   0.0274   0.0445
  0.0343   0.1264  -0.0141   0.0216   0.0300  -0.0236
  0.0270   0.1293  -0.0095  -0.0255   0.0252   0.0277
  0.0355   0.1143  -0.0167   0.0180   0.0306  -0.0590
  0.0218   0.1054  -0.0107  -0.0178   0.0244   0.0571
  0.0293   0.0509  -0.0150   0.0254   0.0258  -0.0440
  0.0223   0.0624  -0.0088  -0.0102   0.0209   0.0033
  0.0245   0.0330  -0.0123   0.0074   0.0205  -0.0663
  0.0173   0.0502  -0.0053  -0.0119   0.0153   0.0439
  0.0263   0.0175  -0.0072  -0.0029   0.0224  -0.0200
  0.0352   0.0139  -0.0070   0.0194   0.0151  -0.0141
  0.0316  -0.0290  -0.0030   0.0073   0.0187   0.0129
  0.0415  -0.0546  -0.0099   0.0505   0.0150  -0.0516
  0.0358  -0.0844  -0.0004   0.0211   0.0286  -0.0068
  0.0326  -0.1088  -0.0007   0.0572   0.0223  -0.0791
  0.0299  -0.1268  -0.0036   0.0466   0.0292  -0.0463
  0.0321  -0.1194  -0.0003   0.0325   0.0228   0.0093
  0.0347  -0.1447  -0.0055   0.0546   0.0215  -0.0637
  0.0305  -0.1326  -0.0002   0.0265   0.0127   0.0149
  0.0348  -0.1530  -0.0073   0.0433   0.0149  -0.0519
  0.0293  -0.1529   0.0036   0.0361   0.0205   0.0250
  0.0339  -0.1792  -0.0041   0.0742   0.0199  -0.0635
  0.0289  -0.1744  -0.0032   0.0492   0.0222   0.0401
  0.0330  -0.1903  -0.0052   0.0721   0.0248  -0.0754
  0.0146  -0.1911  -0.0013   0.0538   0.0148  -0.0237
  0.0233  -0.2351  -0.0043   0.0934   0.0069  -0.1149
  0.0229  -0.2309   0.0001   0.0484   0.0096   0.0061
  0.0210  -0.2396  -0.0101   0.0872   0.0093  -0.0521
  0.0210  -0.2468  -0.0112   0.0753   0.0208  -0.0291
  0.0192  -0.2523  -0.0104   0.0889   0.0114  -0.0639
  0.0268  -0.2672  -0.0061   0.0778   0.0180  -0.0443
  0.0233  -0.2361  -0.0069   0.0737   0.0072  -0.0145
  0.0241  -0.2679  -0.0045   0.0867   0.0152  -0.0425
  0.0264  -0.2534  -0.0069   0.0600   0.0052  -0.0376
  0.0254  -0.2728  -0.0093   0.0646   0.0066  -0.0477
  0.0203  -0.2530  -0.0078   0.0370  -0.0004  -0.0136
  0.0212  -0.2666  -0.0052   0.0520   0.0038  -0.0538
  0.0141  -0.2743  -0.0073   0.0519  -0.0015  -0.0398
  0.0086  -0.2721  -0.0056   0.0275   0.0030  -0.0136
  0.0145  -0.2888  -0.0041   0.0468  -0.0054  -0.0034
  0.0117  -0.2881  -0.0004   0.0168  -0.0046   0.0346
  0.0173  -0.3010  -0.0006   0.0223  -0.0088   0.0229
  0.0167  -0.2968   0.0032   0.0069  -0.0024   0.0288
  0.0166  -0.3070   0.0086  -0.0032  -0.0105   0.0146
  0.0267  -0.3622   0.0089   0.0173  -0.0161  -0.0713
  0.0269  -0.3782   0.0096   0.0017  -0.0138   0.0028
  0.0280  -0.3737   0.0040  -0.0144  -0.0003   0.0092
  0.0313  -0.3915   0.0062  -0.0028  -0.0070   0.0159
  0.0262  -0.3942   0.0087  -0.0108  -0.0100   0.0349
  0.0295  -0.4183   0.0081  -0.0094  -0.0122  -0.0039
  0.0354  -0.4192   0.0103  -0.0099  -0.0204  -0.0150
  0.0300  -0.4081   0.0146  -0.0298  -0.0121  -0.0180
  0.0446  -0.2151   0.0050  -0.0782   0.0018  -0.0136
  0.0586  -0.2966  -0.0061  -0.0178  -0.0114  -0.1489
  0.0481  -0.3271   0.0021  -0.0604   0.0004   0.0357
  0.0352  -0.3244  -0.0025  -0.0368  -0.0123   0.0296
  0.0435  -0.3426  -0.0019  -0.0369   0.0010  -0.0149
  0.0378  -0.3729   0.0035  -0.0314  -0.0042   0.0143
  0.0371  -0.3966   0.0002  -0.0168  -0.0052  -0.0770
  0.0339  -0.3953   0.0073  -0.0356  -0.0098  -0.0111
  0.0296  -0.4313  -0.0025  -0.0196  -0.0037  -0.0741
  0.0305  -0.4419  -0.0069  -0.0108  -0.0102  -0.0391
  0.0296  -0.4555  -0.0021  -0.0202  -0.0076   0.0279
  0.0297  -0.4684  -0.0022  -0.0004  -0.0108  -0.0037
  0.0264  -0.4660   0.0006  -0.0046  -0.0037   0.0464
  0.0287  -0.4900   0.0030   0.0061  -0.0033  -0.0245
  0.0273  -0.5018   0.0070   0.0020  -0.0057   0.0239
  0.0261  -0.5120   0.0079  -0.0079  -0.0024  -0.0373
  0.0368  -0.5231   0.0052  -0.0005  -0.0079  -0.0451
  0.0375  -0.5306   0.0174  -0.0404   0.0017   0.0613
  0.0418  -0.5637   0.0132   0.0269  -0.0125  -0.0970
  0.0331  -0.6143   0.0232   0.0023  -0.0090   0.0141
  0.0348  -0.6312   0.0141   0.0040  -0.0072  -0.0302
  0.0344  -0.6192   0.0106  -0.0027  -0.0066  -0.0201
  0.0313  -0.6547   0.0225  -0.0008  -0.0065  -0.0547
  0.0362  -0.6428   0.0222   0.0257  -0.0096  -0.0699
  0.0309  -0.6505   0.0258   0.0100   0.0002  -0.0506
  0.0401  -0.6755   0.0267   0.0393  -0.0075  -0.0745
  0.0335  -0.6959   0.0379   0.0088  -0.0007   0.0054
  0.0426  -0.7540   0.0277   0.0554  -0.0045  -0.0824
  0.0316  -0.7572   0.0322   0.0135  -0.0018   0.0362
  0.0384  -0.7727   0.0266   0.0340  -0.0080  -0.0373
  0.0322  -0.7643   0.0290   0.0089  -0.0051   0.0206
  0.0329  -0.7815   0.0295   0.0190   0.0038  -0.0366
  0.0305  -0.7592   0.0278   0.0037  -0.0041  -0.0085
  0.0381  -0.7999   0.0242   0.0424  -0.0019  -0.0926
  0.0296  -0.7804   0.0338   0.0037  -0.0002   0.0307
  0.0368  -0.8158   0.0271   0.0508  -0.0030  -0.0648
  0.0314  -0.8041   0.0296   0.0223   0.0071  -0.0541
  0.0300  -0.8050   0.0256   0.0421   0.0059  -0.1083
