 -0.0834   0.6110   0.1423  -0.2421   0.0891  -0.3845
 -0.0749   0.5908   0.1352  -0.2387   0.0975  -0.3802
 -0.0769   0.5890   0.1317  -0.2434   0.0949  -0.3901
 -0.0891   0.6018   0.1359  -0.2146   0.0957  -0.3850
 -0.0896   0.5970   0.1221  -0.1894   0.1132  -0.3682
 -0.0725   0.5763   0.1123  -0.1703   0.1163  -0.3571
 -0.0467   0.5647   0.0862  -0.1625   0.1075  -0.3739
 -0.0755   0.6010   0.1126  -0.2078   0.1110  -0.3752
 -0.0683   0.5628   0.1112  -0.1645   0.0983  -0.3819
 -0.0660   0.5749   0.1120  -0.1749   0.1082  -0.3605
 -0.0495   0.5323   0.0996  -0.1338   0.1084  -0.3412
 -0.0471   0.5058   0.1036  -0.1307   0.1177  -0.3451
 -0.0582   0.4988   0.0888  -0.1389   0.1058  -0.3658
 -0.0558   0.5069   0.0937  -0.1340   0.0972  -0.3805
 -0.0458   0.5221   0.0946  -0.1468   0.1014  -0.3560
 -0.0523   0.5185   0.0991  -0.1524   0.0918  -0.3580
 -0.0586   0.4975   0.0883  -0.1548   0.0966  -0.3539
 -0.0539   0.4787   0.0929  -0.1428   0.1001  -0.3193
 -0.0410   0.4261   0.0945  -0.1543   0.0964  -0.3391
 -0.0522   0.4368   0.0850  -0.1960   0.0953  -0.3482
 -0.0467   0.4547   0.0970  -0.1631   0.0921  -0.3414
 -0.0498   0.4575   0.0890  -0.1976   0.0995  -0.3214
 -0.0530   0.4795   0.0962  -0.1733   0.0980  -0.3355
 -0.0473   0.4753   0.0831  -0.1949   0.1015  -0.3350
 -0.0445   0.4905   0.0772  -0.2238   0.0993  -0.3358
 -0.0494   0.5079   0.0853  -0.2588   0.1058  -0.3444
 -0.0490   0.4899   0.0869  -0.2383   0.0972  -0.3293
 -0.0349   0.4817   0.0829  -0.2567   0.0853  -0.3247
 -0.0368   0.4782   0.0924  -0.2363   0.0872  -0.3076
 -0.0360   0.4569   0.0791  -0.2214   0.0930  -0.3073
 -0.0278   0.4454   0.0838  -0.2334   0.0855  -0.2967
 -0.0343   0.4277   0.0893  -0.2295   0.0826  -0.3057
 -0.0341   0.3793   0.0754  -0.2198   0.0909  -0.2984
 -0.0309   0.3397   0.0665  -0.2391   0.0891  -0.3091
 -0.0238   0.3173   0.0526  -0.2527   0.0820  -0.2960
 -0.0278   0.2738   0.0511  -0.2319   0.0877  -0.2843
 -0.0348   0.2160   0.0387  -0.2157   0.0779  -0.2908
 -0.0359   0.1979   0.0268  -0.2120   0.0791  -0.2902
 -0.0238   0.2041   0.0308  -0.1953   0.0747  -0.2802
 -0.0148   0.1679   0.0213  -0.1804   0.0778  -0.2910
 -0.0171   0.1190   0.0099  -0.1345   0.0849  -0.2844
 -0.0153   0.0941   0.0089  -0.1207   0.0893  -0.2672
 -0.0096   0.0510  -0.0017  -0.0852   0.0890  -0.2393
 -0.0075   0.0375  -0.0053  -0.0620   0.0984  -0.2268
 -0.0094   0.0201  -0.0015  -0.0725   0.0912  -0.2356
 -0.0161   0.0301  -0.0081  -0.0595   0.0807  -0.2185
 -0.0141   0.0450  -0.0041  -0.0775   0.0821  -0.2251
 -0.0153   0.0582  -0.0025  -0.0957   0.0780  -0.2211
 -0.0099   0.0301  -0.0019  -0.0547   0.0796  -0.2025
 -0.0062   0.0173   0.0011  -0.0305   0.0803  -0.1800
 -0.0019   0.0151   0.0006  -0.0494   0.0726  -0.1757
 -0.0314  -0.0656   0.0638   0.1304   0.0405  -0.1936
 -0.0402   0.0201   0.2664   0.1492  -0.0348  -0.1707
 -0.0481   0.0546   0.2627   0.2051  -0.0390  -0.1207
 -0.0120   0.0492   0.3028   0.1351  -0.0594  -0.1026
 -0.0312  -0.0112   0.2505   0.2359  -0.0341  -0.0796
 -0.0229  -0.0819   0.2179   0.2661  -0.0382  -0.0462
 -0.0274  -0.0887   0.2055   0.2555  -0.0332  -0.0500
 -0.0165  -0.1492   0.1953   0.2914  -0.0395  -0.0313
 -0.0215  -0.1826   0.1725   0.3072  -0.0385  -0.0230
 -0.0263  -0.1755   0.1734   0.3551  -0.0408  -0.0064
 -0.0408  -0.1510   0.1323   0.2189  -0.0471  -0.0281
 -0.0309  -0.1637   0.1183   0.3391  -0.0235  -0.0054
 -0.0094  -0.1598   0.1283   0.3626  -0.0277   0.0209
  0.0024  -0.1876   0.1163   0.4207  -0.0178   0.0493
  0.0053  -0.1968   0.1104   0.3949  -0.0055   0.0536
  0.0086  -0.2166   0.0719   0.3566  -0.0036   0.0496
  0.0116  -0.2130   0.0605   0.3473  -0.0034   0.0463
  0.0117  -0.1942   0.0508   0.3139  -0.0030   0.0322
 -0.0018  -0.1925   0.0064   0.3030   0.0165   0.0681
  0.0210  -0.1709   0.0270   0.2888  -0.0106   0.0803
  0.0274  -0.2102   0.0321   0.3524  -0.0123   0.0902
  0.0255  -0.2146   0.0173   0.3697  -0.0011   0.1004
  0.0131  -0.2395   0.0095   0.3806   0.0049   0.1071
  0.0166  -0.2369   0.0067   0.3397   0.0038   0.0994
  0.0198  -0.2299   0.0135   0.3539  -0.0008   0.1104
  0.0142  -0.2183  -0.0009   0.3056   0.0124   0.1282
  0.0074  -0.2080   0.0197   0.3549  -0.0028   0.1337
  0.0116  -0.1921   0.0029   0.3143  -0.0066   0.1046
  0.0121  -0.1812   0.0118   0.3263  -0.0088   0.1548
  0.0656  -0.1674  -0.0640   0.2723   0.0535   0.2238
  0.1261  -0.1841  -0.1477   0.2358   0.0880   0.1744
  0.1474  -0.2117  -0.1655   0.3110   0.1006   0.1970
  0.1467  -0.1854  -0.1278   0.2375   0.1129   0.2414
  0.0955  -0.2952  -0.1713  -0.1857   0.0441   0.1743
 -0.1506   0.6145  -0.2093  -0.8203  -0.0204   0.0939
 -0.1159   0.3151   0.1370  -0.4721  -0.1159   0.1861
 -0.0182  -0.2748  -0.0826  -0.2830  -0.1706   0.1792
  0.0126  -0.2850  -0.1055  -0.2255  -0.1351   0.1839
  0.0080  -0.2280  -0.1244  -0.1755  -0.1375   0.1930
  0.0118  -0.2153  -0.1154  -0.1142  -0.1535   0.2091
  0.0123  -0.2243  -0.1103  -0.0539  -0.1570   0.2334
  0.0146  -0.1894  -0.0878   0.0153  -0.1581   0.2571
  0.0256  -0.2077  -0.1065   0.0576  -0.1581   0.2360
  0.0315  -0.1776  -0.1218  -0.0481  -0.1595   0.2325
  0.0316  -0.1996  -0.1152   0.0138  -0.1650   0.2799
  0.0237  -0.2300  -0.1179   0.0493  -0.1664   0.2921
  0.0338  -0.2291  -0.1063   0.0667  -0.1754   0.2947
  0.0798  -0.1783  -0.1287  -0.1179  -0.1285   0.3371
  0.0335  -0.3718  -0.1822  -0.4816  -0.1953   0.2456
  0.0366  -0.3643  -0.1983  -0.2067  -0.1428   0.2700
  0.0413  -0.3880  -0.1905  -0.1631  -0.1281   0.3441
  0.0524  -0.3738  -0.1689  -0.0835  -0.1412   0.3546
  0.0595  -0.4132  -0.1591   0.0272  -0.1308   0.4217
  0.0719  -0.4423  -0.1418   0.0555  -0.1244   0.4125
  0.0780  -0.4505  -0.1494   0.0592  -0.1145   0.3935
  0.0770  -0.4701  -0.1600   0.0660  -0.1292   0.4042
  0.0825  -0.4529  -0.1728   0.0179  -0.1219   0.4067
  0.0720  -0.4728  -0.1714   0.0660  -0.1229   0.4315
  0.0719  -0.5106  -0.1764   0.0880  -0.1201   0.4600
  0.0808  -0.5195  -0.1759   0.0596  -0.1159   0.4461
  0.0655  -0.4835  -0.1881  -0.0269  -0.1219   0.4172
  0.0777  -0.4479  -0.1975  -0.0673  -0.1283   0.4326
  0.0835  -0.4614  -0.1932   0.0560  -0.1242   0.4693
  0.0905  -0.5063  -0.1885   0.0927  -0.1164   0.4900
  0.0744  -0.5173  -0.1799   0.0878  -0.1129   0.4939
  0.0772  -0.4946  -0.1818   0.0724  -0.0988   0.4762
  0.0716  -0.4637  -0.1950   0.0535  -0.0924   0.4820
  0.0511  -0.4761  -0.2444   0.1031  -0.0731   0.5070
  0.0617  -0.4669  -0.2760   0.1089  -0.0844   0.5359
  0.0759  -0.4975  -0.2557   0.0864  -0.0810   0.5654
  0.1010  -0.5441  -0.2432   0.0123  -0.0814   0.5505
  0.0647  -0.5911  -0.4598  -0.4068  -0.0379   0.6450
  0.2288  -0.6261   0.1399   1.0272  -0.0493   0.8771
