 -0.1270   0.0611  -0.1494   0.1077  -0.0328  -0.1488
 -0.1224   0.0598  -0.1435   0.1012  -0.0322  -0.1476
 -0.1225   0.0582  -0.1406   0.0930  -0.0322  -0.1476
 -0.1119   0.0483  -0.1211   0.0940  -0.0310  -0.1387
 -0.0957   0.0266  -0.1117   0.0997  -0.0287  -0.1249
 -0.0905   0.0301  -0.1066   0.0707  -0.0313  -0.1288
 -0.0754   0.0126  -0.0956   0.0822  -0.0172  -0.1143
 -0.0726  -0.0058  -0.0904   0.0942  -0.0148  -0.0922
 -0.0693   0.0324  -0.0891   0.0696  -0.0097  -0.1055
 -0.0534   0.0442  -0.0710   0.0093  -0.0111  -0.1220
 -0.0411   0.0335  -0.0662   0.0460  -0.0213  -0.1099
 -0.0524   0.0077  -0.0744   0.0981  -0.0175  -0.0837
 -0.0193   0.0260  -0.0447   0.0319  -0.0184  -0.1074
 -0.0054   0.0212  -0.0291   0.0011  -0.0184  -0.1076
 -0.0052   0.0090  -0.0287   0.0388  -0.0132  -0.0837
  0.0016   0.0097  -0.0243   0.0342  -0.0133  -0.0827
 -0.0074   0.0366  -0.0106   0.0087  -0.0140  -0.0917
 -0.0121   0.0179  -0.0194   0.0646  -0.0063  -0.0679
 -0.0137   0.0074  -0.0145   0.0365  -0.0046  -0.0719
 -0.0089   0.0138  -0.0101  -0.0109  -0.0065  -0.0907
  0.0011   0.0263  -0.0051   0.0215  -0.0089  -0.0756
  0.0192  -0.0018   0.0300   0.0133  -0.0115  -0.0796
  0.0010   0.0036   0.0176   0.0402  -0.0093  -0.0479
 -0.0011   0.0269   0.0028   0.0116   0.0010  -0.0532
  0.0019   0.0209   0.0108   0.0200  -0.0063  -0.0659
  0.0037   0.0069   0.0069   0.0309  -0.0027  -0.0396
  0.0009   0.0172   0.0068   0.0144   0.0016  -0.0522
  0.0005   0.0026   0.0058   0.0372  -0.0031  -0.0565
 -0.0002   0.0157   0.0055   0.0322   0.0026  -0.0516
  0.0002  -0.0186   0.0069   0.0635   0.0004  -0.0157
 -0.0079   0.0133   0.0083   0.0043   0.0013  -0.0380
  0.0049   0.0228   0.0116  -0.0030  -0.0023  -0.0232
 -0.0009  -0.0036   0.0057   0.0118   0.0009  -0.0238
 -0.0022  -0.0111   0.0138   0.0240  -0.0009  -0.0126
  0.0011   0.0080   0.0101   0.0017   0.0045  -0.0017
  0.0076  -0.0288   0.0176   0.0439  -0.0006   0.0097
 -0.0003  -0.0009   0.0043   0.0240   0.0059   0.0043
  0.0014   0.0150   0.0107  -0.0086   0.0042  -0.0023
  0.0115  -0.0053   0.0075   0.0042   0.0031   0.0005
  0.0124   0.0054   0.0103  -0.0031   0.0061  -0.0015
  0.0093   0.0111   0.0205  -0.0563   0.0122  -0.0068
  0.0034   0.0071   0.0119   0.0002   0.0040   0.0041
  0.0083  -0.0078   0.0168  -0.0070   0.0051   0.0099
  0.0122  -0.0087   0.0176  -0.0341   0.0107  -0.0099
  0.0232   0.0175   0.0137  -0.0356   0.0077  -0.0041
  0.0167  -0.0214   0.0197   0.0035   0.0054   0.0232
  0.0114   0.0130   0.0183  -0.0183   0.0024   0.0215
  0.0138   0.0164   0.0275  -0.0261   0.0048   0.0177
  0.0155  -0.0085   0.0200  -0.0032   0.0050   0.0233
  0.0197  -0.0035   0.0243  -0.0251   0.0025   0.0101
  0.0155  -0.0063   0.0257  -0.0093   0.0051   0.0207
  0.0181   0.0137   0.0235  -0.0147   0.0067   0.0112
  0.0076   0.0187   0.0203   0.0066   0.0046   0.0328
  0.0134  -0.0156   0.0136   0.0077   0.0042   0.0412
  0.0103  -0.0240   0.0086  -0.0134   0.0111   0.0507
  0.0105  -0.0079   0.0172  -0.0251   0.0052   0.0383
  0.0127  -0.0003   0.0198   0.0071   0.0090   0.0365
  0.0235  -0.0107   0.0191   0.0134   0.0095   0.0423
  0.0235   0.0070   0.0236  -0.0476   0.0057   0.0371
  0.0287  -0.0085   0.0284  -0.0311   0.0078   0.0393
  0.0276  -0.0119   0.0282   0.0065   0.0078   0.0483
  0.0275  -0.0122   0.0261  -0.0247   0.0073   0.0521
  0.0262  -0.0225   0.0361  -0.0567   0.0139   0.0550
  0.0226  -0.0019   0.0231  -0.0509   0.0103   0.0551
  0.0233  -0.0469   0.0387  -0.0499   0.0078   0.0696
  0.0221  -0.0111   0.0192  -0.0363   0.0152   0.0746
  0.0348  -0.0186   0.0257  -0.0465   0.0074   0.0678
  0.0330  -0.0248   0.0279  -0.0326   0.0119   0.0748
  0.0358  -0.0130   0.0395  -0.0612   0.0175   0.0806
  0.0318  -0.0109   0.0201  -0.0408  -0.0067   0.0839
  0.0229  -0.0137   0.0364  -0.0915  -0.0089   0.0655
  0.0263  -0.0314   0.0423  -0.0884   0.0071   0.0956
  0.0301  -0.0343   0.0309  -0.0504   0.0100   0.0945
  0.0359  -0.0397   0.0318  -0.0441   0.0076   0.0963
  0.0299  -0.0319   0.0409  -0.0603   0.0090   0.0937
  0.0250  -0.0073   0.0360  -0.0812   0.0085   0.1111
  0.0243  -0.0295   0.0389  -0.0571   0.0046   0.1110
  0.0223  -0.0419   0.0392  -0.0473   0.0056   0.1254
  0.0269  -0.0192   0.0344  -0.0789   0.0118   0.1084
  0.0302  -0.0293   0.0396  -0.0472   0.0125   0.1149
  0.0237  -0.0503   0.0339  -0.0336   0.0084   0.1432
  0.0241  -0.0340   0.0311  -0.0430   0.0120   0.1362
  0.0351  -0.0177   0.0452  -0.0766   0.0089   0.1284
  0.0337  -0.0294   0.0373  -0.0477   0.0105   0.1298
  0.0704  -0.0735   0.0521  -0.0300   0.0450   0.1284
