  0.1835   0.3468  -0.1594   0.7166  -0.1350   0.0447
  0.1890   0.3713  -0.1834   0.7762  -0.1664   0.0391
  0.1102   0.5241  -0.1426   0.5910  -0.2139   0.0521
  0.0758   0.5430  -0.0801   0.5722  -0.2459   0.0459
  0.0939   0.5435  -0.0755   0.5580  -0.2406   0.0409
  0.1012   0.5430  -0.0576   0.5869  -0.2371   0.0639
  0.1102   0.6178  -0.0759   0.4971  -0.2076   0.0300
  0.1050   0.5878  -0.0828   0.5250  -0.2143   0.0245
  0.0899   0.5269  -0.0708   0.5455  -0.2103   0.0202
  0.0884   0.5950  -0.0818   0.4741  -0.2140   0.0231
  0.0982   0.5283  -0.0522   0.5040  -0.2168   0.0421
  0.1892   0.3516  -0.0188   0.4385  -0.1623   0.0422
  0.2195   0.3635  -0.0698   0.2330  -0.1267   0.0003
  0.2746   0.4419  -0.1286   0.2836  -0.1311   0.0351
  0.2403   0.4254  -0.1553   0.3272  -0.1576   0.0310
  0.2563   0.4945  -0.1777   0.3113  -0.1618   0.0146
  0.2680   0.4787  -0.1530   0.3413  -0.1681   0.0086
  0.2425   0.3898  -0.1381   0.3719  -0.1614   0.0072
  0.2439   0.2377  -0.0958   0.3512  -0.1450   0.0524
  0.2659   0.2811  -0.0974   0.4257  -0.1049   0.0363
  0.3163   0.3299  -0.0994   0.5176  -0.1324   0.1055
  0.3242   0.3530  -0.0843   0.3993  -0.0791   0.0150
  0.3296   0.3104  -0.0706   0.4033  -0.0576   0.0086
  0.3677   0.3119  -0.0758   0.4540  -0.0615   0.0367
  0.3898   0.3471  -0.0766   0.4325  -0.0633   0.0009
  0.3853   0.3898  -0.1007   0.4451  -0.0630  -0.0059
  0.3914   0.2853  -0.0765   0.5141  -0.0595   0.0193
  0.3718   0.3322  -0.0980   0.4432  -0.0605   0.0295
  0.3765   0.3841  -0.1144   0.4589  -0.0686   0.0232
  0.4163   0.3925  -0.1190   0.5071  -0.1118   0.0433
  0.3923   0.2697  -0.1054   0.3821  -0.0469  -0.0132
  0.4032   0.2542  -0.1066   0.3632  -0.0050  -0.0019
  0.4175   0.3321  -0.1651   0.4893  -0.0278   0.0350
  0.4330   0.3484  -0.1753   0.4475  -0.0416  -0.0011
  0.4331   0.3325  -0.1790   0.3938  -0.0416   0.0041
  0.4518   0.3727  -0.1890   0.3704  -0.0550   0.0044
  0.4534   0.3335  -0.1884   0.3642  -0.0584  -0.0310
  0.3582   0.3654  -0.1802   0.2906  -0.0724  -0.0473
  0.3503   0.3250  -0.1950   0.2763  -0.0621  -0.0531
  0.3767   0.3071  -0.1995   0.2630  -0.0695  -0.0487
  0.3477   0.3592  -0.1886   0.2793  -0.0781  -0.0136
  0.3641   0.3587  -0.1865   0.2651  -0.0828  -0.0115
  0.3704   0.3467  -0.1844   0.3182  -0.0876   0.0143
  0.3764   0.3559  -0.1757   0.3070  -0.0787   0.0021
  0.3748   0.3555  -0.1683   0.2876  -0.0787   0.0022
  0.3675   0.3406  -0.1652   0.2581  -0.0800   0.0032
  0.3773   0.3513  -0.1717   0.2686  -0.0755  -0.0091
  0.3730   0.3488  -0.1769   0.2205  -0.0656  -0.0286
  0.3770   0.2967  -0.1735   0.1996  -0.0632  -0.0345
  0.3835   0.3276  -0.1407   0.1878  -0.0674   0.0426
  0.4065   0.3391  -0.1223   0.1583  -0.0329   0.0076
  0.4058   0.3704  -0.1423   0.1606  -0.0359  -0.0116
  0.4127   0.4448  -0.1513   0.1079  -0.0380  -0.0263
  0.4013   0.4497  -0.1598   0.1577  -0.0310  -0.0175
  0.4105   0.4184  -0.1536   0.1114  -0.0254  -0.0242
  0.4036   0.3958  -0.1492   0.1244  -0.0290  -0.0383
  0.3950   0.4365  -0.1542   0.1386  -0.0271  -0.0354
  0.4035   0.4391  -0.1868   0.1730  -0.0225  -0.0058
  0.4882   0.4464  -0.2180  -0.0301   0.0106   0.0507
  0.5364   0.4425  -0.2245  -0.0710  -0.0037  -0.0872
  0.4980   0.4258  -0.2179   0.0209  -0.0185  -0.0808
  0.4213   0.2591  -0.1533  -0.0009  -0.0017  -0.0973
  0.4212   0.2016  -0.1516  -0.0122   0.0080  -0.0910
  0.4220   0.2633  -0.1702   0.0477   0.0013  -0.0686
  0.3533   0.2304  -0.0887   0.0653   0.0240  -0.0579
  0.3199   0.1728  -0.0749   0.0670   0.0210  -0.0608
  0.3374   0.2653  -0.1233   0.0484   0.0010  -0.0702
  0.3521   0.2883  -0.1414   0.0188  -0.0039  -0.0708
  0.3186   0.1937  -0.1535   0.0999   0.0041  -0.0401
  0.3207   0.1758  -0.1586   0.0640   0.0076  -0.0580
  0.3229   0.2132  -0.1764   0.0821  -0.0212  -0.0197
  0.3490   0.3296  -0.1900   0.0406  -0.0182  -0.0622
  0.3381   0.3682  -0.1989   0.0098  -0.0188  -0.0695
  0.3157   0.3964  -0.1870   0.0433  -0.0433  -0.0483
  0.2984   0.2485  -0.1796   0.0351  -0.0521  -0.0516
  0.3024   0.1295  -0.1541   0.0432  -0.0211  -0.0825
  0.3108   0.1185  -0.1472   0.0445   0.0140  -0.0885
  0.3113   0.2018  -0.1447  -0.0241   0.0080  -0.0595
  0.3286   0.2703  -0.1652  -0.0942   0.0422  -0.0931
  0.3495   0.1826  -0.1450  -0.0102   0.0347  -0.0794
  0.3544   0.0928  -0.1233  -0.0738   0.0510  -0.0777
  0.3332   0.0947  -0.1453  -0.0520   0.0513  -0.0608
  0.3407   0.1485  -0.1534  -0.0973   0.0590  -0.0805
  0.3594   0.1197  -0.1534  -0.1096   0.0567  -0.0998
  0.3573   0.1518  -0.1730  -0.0549   0.0462  -0.0855
  0.3435   0.2617  -0.1964  -0.0881   0.0499  -0.0930
  0.2775   0.2197  -0.0682  -0.0406   0.1207  -0.0788
  0.1417   0.1092   0.1364  -0.0112   0.1321  -0.0480
 -0.0569   0.2574   0.0251  -0.0662   0.0391  -0.0619
 -0.1326   0.3049   0.0256  -0.0763   0.0186  -0.0826
 -0.1541   0.3022   0.0056  -0.0650   0.0108  -0.0776
 -0.1659   0.1616   0.0250  -0.1014   0.0217  -0.0793
 -0.1621   0.0406   0.0165  -0.1224   0.0335  -0.0558
 -0.1394   0.1568   0.0023  -0.1461   0.0223  -0.0625
 -0.1474   0.0999   0.0462  -0.0610   0.0255  -0.0204
 -0.1552   0.0811   0.0423  -0.1144   0.0336  -0.0565
 -0.1449  -0.0303   0.0587  -0.0971   0.0421  -0.0463
 -0.1371  -0.0258   0.0570  -0.0934   0.0394  -0.0531
 -0.1270  -0.0839   0.0827  -0.1504   0.0617  -0.0445
 -0.1737   0.0116   0.1029  -0.1518   0.0507  -0.0333
 -0.1756  -0.0268   0.0948  -0.1356   0.0501  -0.0315
 -0.1815  -0.0154   0.0805  -0.1690   0.0509  -0.0293
 -0.0399   0.1825   0.0113  -0.1399   0.0780   0.0338
 -0.0497   0.2288   0.0251  -0.2110   0.0779  -0.0564
 -0.0755   0.1647   0.0235  -0.1994   0.0898  -0.0675
 -0.0890  -0.0123   0.0553  -0.0775   0.0990  -0.0463
 -0.0885  -0.0621   0.0399  -0.1028   0.1048  -0.0495
 -0.0748  -0.1901   0.0545  -0.0787   0.1046  -0.0210
 -0.0921  -0.2276   0.0375  -0.0704   0.1176  -0.0133
 -0.1074  -0.1807   0.0397  -0.1084   0.1153  -0.0125
 -0.0942  -0.2328   0.0757  -0.0832   0.1046  -0.0038
 -0.0999  -0.2791   0.0764  -0.0961   0.1039   0.0035
 -0.0596  -0.4089   0.0721  -0.0921   0.1125   0.0569
 -0.0575  -0.3957   0.0690  -0.1958   0.1237  -0.0126
 -0.0708  -0.5184   0.0932  -0.1649   0.1221   0.0099
 -0.0999  -0.6011   0.1575  -0.1040   0.1248   0.0448
 -0.0907  -0.6458   0.1952  -0.1562   0.1268   0.0320
 -0.0959  -0.5736   0.1725  -0.1259   0.1183   0.0200
 -0.0898  -0.6152   0.1770  -0.1016   0.1214   0.0241
 -0.0739  -0.6559   0.1620  -0.1459   0.1218   0.0288
 -0.0731  -0.5273   0.1643  -0.1223   0.1435   0.0312
 -0.0918  -0.3925   0.1361  -0.1387   0.1446   0.0184
 -0.0867  -0.3697   0.1346  -0.0738   0.1390   0.0300
 -0.0810  -0.3203   0.1265  -0.1020   0.1309   0.0170
 -0.0631  -0.3043   0.1291  -0.0761   0.1300   0.0141
 -0.0777  -0.2464   0.1176  -0.1011   0.1284   0.0055
 -0.0883  -0.3128   0.1312  -0.1212   0.1321   0.0212
 -0.0868  -0.3756   0.1392  -0.0716   0.1286   0.0313
 -0.0633  -0.2941   0.1357  -0.1392   0.1324  -0.0164
 -0.0712  -0.3812   0.1527  -0.1684   0.1369  -0.0093
 -0.0833  -0.3835   0.1353  -0.1571   0.1259   0.0237
 -0.0858  -0.3648   0.1293  -0.1738   0.1308   0.0101
 -0.0775  -0.4596   0.1284  -0.1685   0.1291   0.0071
 -0.0778  -0.5301   0.1393  -0.1635   0.1376   0.0181
 -0.0783  -0.3959   0.1362  -0.1299   0.1456   0.0268
 -0.1577  -0.3634   0.1291  -0.2041   0.1173   0.0060
 -0.4285  -0.3399   0.2034  -0.1815   0.0486   0.0245
 -0.5461  -0.3204   0.2168  -0.2641   0.0021   0.0197
 -0.5822  -0.3627   0.2078  -0.2529  -0.0196   0.0204
 -0.6081  -0.3769   0.2004  -0.2075  -0.0156   0.0419
 -0.6048  -0.4909   0.2021  -0.2100  -0.0011   0.0453
 -0.6039  -0.3515   0.1915  -0.2704  -0.0027   0.0485
 -0.6019  -0.3039   0.1778  -0.2211  -0.0231   0.0506
 -0.6297  -0.2698   0.1953  -0.2320  -0.0211   0.0458
 -0.6015  -0.2429   0.2159  -0.2766  -0.0090   0.0356
 -0.5877  -0.3257   0.2174  -0.2584  -0.0069   0.0567
 -0.5764  -0.3282   0.1830  -0.3145  -0.0185   0.0486
 -0.5528  -0.2464   0.1706  -0.4195   0.0003   0.0209
 -0.5497  -0.2539   0.1872  -0.3123   0.0136   0.0302
 -0.5586  -0.1743   0.1748  -0.3747   0.0124   0.0210
 -0.5506  -0.1998   0.1640  -0.3548   0.0183   0.0193
 -0.5542  -0.2752   0.1582  -0.2985   0.0103   0.0226
 -0.5765  -0.2970   0.1528  -0.3252  -0.0000   0.0162
 -0.5711  -0.2451   0.1579  -0.3077  -0.0082   0.0427
 -0.5736  -0.1814   0.1491  -0.3220  -0.0062   0.0180
 -0.5714  -0.2198   0.1469  -0.3544  -0.0003  -0.0031
 -0.5549  -0.1926   0.1668  -0.2902   0.0047   0.0105
 -0.5525  -0.2756   0.1854  -0.3677   0.0266  -0.0141
 -0.5502  -0.3882   0.2132  -0.3566   0.0458  -0.0241
 -0.5502  -0.3957   0.1895  -0.3024   0.0399   0.0268
 -0.5396  -0.4818   0.1711  -0.3546   0.0502   0.0190
 -0.5275  -0.6267   0.1766  -0.3308   0.0449   0.0533
 -0.5280  -0.7364   0.1685  -0.3116   0.0403   0.0812
 -0.5414  -0.7034   0.1425  -0.4136   0.0426   0.0448
 -0.5570  -0.6386   0.1732  -0.3804   0.0426   0.0637
 -0.5645  -0.6694   0.1691  -0.4634   0.0433   0.0444
 -0.5596  -0.6647   0.1738  -0.4981   0.0265   0.0347
 -0.5282  -0.5945   0.1711  -0.3730   0.0379   0.0657
 -0.5485  -0.5572   0.1629  -0.4212   0.0290   0.0520
 -0.5489  -0.6029   0.1701  -0.4184   0.0250   0.0500
 -0.5531  -0.6287   0.1717  -0.3872   0.0069   0.0615
 -0.5435  -0.6972   0.1507  -0.4427   0.0118   0.0545
 -0.5504  -0.6893   0.1552  -0.4083   0.0111   0.0601
 -0.5568  -0.7000   0.1556  -0.4354   0.0051   0.0756
 -0.5359  -0.6636   0.1646  -0.4925   0.0156   0.0452
 -0.5446  -0.6940   0.1765  -0.4174   0.0115   0.0874
 -0.5263  -0.7147   0.1905  -0.4894   0.0330   0.0500
 -0.5271  -0.7325   0.2057  -0.5085   0.0396   0.0547
 -0.5464  -0.7170   0.2143  -0.4581   0.0376   0.0775
 -0.5504  -0.7075   0.1908  -0.5238   0.0359   0.0595
