  0.0619  -0.0306   0.1028  -0.0356   0.1198  -0.0261
  0.0643  -0.0220   0.1001  -0.0123   0.1257  -0.0112
  0.0731  -0.0513   0.0951  -0.0216   0.1306   0.0055
  0.0629  -0.0128   0.0953  -0.0072   0.1289  -0.1043
  0.0709  -0.0629   0.0975  -0.0313   0.1314   0.0317
  0.0620   0.0033   0.0972  -0.0332   0.1305  -0.0288
  0.0669  -0.0505   0.1051  -0.0083   0.1264  -0.0014
  0.0597  -0.0097   0.1040  -0.0539   0.1225   0.0277
  0.0596  -0.0305   0.1099   0.0090   0.1227  -0.0352
  0.0681  -0.0443   0.1115  -0.0355   0.1185  -0.0012
  0.0603  -0.0182   0.1161  -0.0207   0.1200   0.0184
  0.0687  -0.0390   0.1015  -0.0246   0.1176  -0.0582
  0.0614  -0.0025   0.1074  -0.0314   0.1197  -0.0205
  0.0691  -0.0475   0.1072   0.0052   0.1221  -0.0324
  0.0642  -0.0151   0.1058  -0.0262   0.1248  -0.0096
  0.0669  -0.0227   0.1069  -0.0020   0.1313   0.0103
  0.0709  -0.0326   0.1115  -0.0111   0.1284   0.0124
  0.0632  -0.0078   0.1070  -0.0125   0.1268  -0.0294
  0.0727  -0.0367   0.1028   0.0030   0.1274   0.0018
  0.0683  -0.0164   0.1120  -0.0339   0.1267  -0.0184
  0.0651  -0.0578   0.1107  -0.0034   0.1258  -0.0287
  0.0595  -0.0278   0.1029  -0.0615   0.1223  -0.0015
  0.0605  -0.0389   0.0992  -0.0071   0.1208  -0.0639
  0.0733  -0.0765   0.0994  -0.0203   0.1193   0.0139
  0.0638  -0.0190   0.1041  -0.0265   0.1188  -0.0170
  0.0671  -0.0388   0.1150  -0.0058   0.1207   0.0232
  0.0647  -0.0292   0.1078  -0.0128   0.1197   0.0042
  0.0653  -0.0113   0.1066   0.0100   0.1237  -0.0307
  0.0705  -0.0679   0.1143   0.0143   0.1195   0.0575
  0.0650  -0.0129   0.1163  -0.0162   0.1154  -0.0632
  0.0647  -0.0411   0.1171   0.0267   0.1174   0.0540
  0.0682  -0.0343   0.1156   0.0138   0.1137  -0.0518
  0.0652   0.0025   0.1111   0.0330   0.1196   0.0104
  0.0723  -0.0373   0.1087   0.0351   0.1154   0.0270
  0.0665  -0.0004   0.1090   0.0062   0.1181  -0.0815
  0.0713  -0.0271   0.1148   0.0458   0.1194   0.0058
  0.0725  -0.0198   0.1146   0.0102   0.1222  -0.0076
  0.0651   0.0189   0.1166   0.0226   0.1239  -0.0077
  0.0762  -0.0374   0.1113   0.0365   0.1202  -0.0217
  0.0662   0.0169   0.1194  -0.0083   0.1206   0.0082
  0.0693  -0.0231   0.1182   0.0329   0.1236  -0.0086
  0.0746  -0.0051   0.1143  -0.0188   0.1224   0.0267
  0.0701   0.0055   0.1213   0.0137   0.1238  -0.0135
  0.0730  -0.0186   0.1149  -0.0113   0.1198  -0.0130
  0.0691   0.0369   0.1120   0.0024   0.1240  -0.0158
  0.0739  -0.0320   0.1026   0.0314   0.1307   0.0333
  0.0655   0.0253   0.1105   0.0173   0.1256   0.0133
  0.0648   0.0134   0.1082   0.0340   0.1240   0.0304
  0.0688  -0.0126   0.1039  -0.0008   0.1178  -0.0246
  0.0703   0.0307   0.1200   0.0076   0.1262   0.0273
  0.0786  -0.0276   0.1128   0.0579   0.1267  -0.0259
  0.0694   0.0226   0.1256   0.0197   0.1200   0.0089
  0.0690  -0.0002   0.1208   0.0377   0.1264  -0.0293
  0.0779  -0.0116   0.1310   0.0036   0.1255   0.0335
  0.0748   0.0136   0.1256   0.0294   0.1265  -0.0219
  0.0800  -0.0229   0.1225   0.0512   0.1231   0.0132
  0.0771   0.0265   0.1236   0.0166   0.1221  -0.0062
  0.0797  -0.0279   0.1111   0.0737   0.1174  -0.0063
  0.0730   0.0152   0.1187   0.0164   0.1116  -0.0353
  0.0739  -0.0033   0.1139   0.0474   0.1081  -0.0191
  0.0672  -0.0170   0.1060  -0.0030   0.1073   0.0350
  0.0585   0.0171   0.0985   0.0003   0.1018  -0.0174
  0.0649  -0.0218   0.0951  -0.0066   0.0927  -0.0472
  0.0560   0.0196   0.0953   0.0020   0.0904  -0.0524
  0.0559  -0.0245   0.0926  -0.0516   0.0774   0.0252
  0.0344   0.0031   0.0793  -0.0160   0.0748  -0.0417
  0.0301  -0.0212   0.0754  -0.0343   0.0618  -0.0167
  0.0132   0.0052   0.0662  -0.0506   0.0480  -0.0196
  0.0185  -0.0163   0.0580  -0.0388   0.0483   0.0074
  0.0052   0.0087   0.0575  -0.0506   0.0464  -0.0076
  0.0146  -0.0349   0.0487  -0.0018   0.0512   0.0403
 -0.0003   0.0222   0.0579  -0.0404   0.0425   0.0176
  0.0156  -0.0239   0.0479   0.0187   0.0474   0.0668
  0.0053   0.0192   0.0453  -0.0542   0.0450  -0.0256
  0.0154   0.0026   0.0463   0.0072   0.0534   0.0096
  0.0037   0.0102   0.0431  -0.0713   0.0436  -0.0008
 -0.0026   0.0057   0.0432  -0.0314   0.0337  -0.0512
  0.0052   0.0051   0.0445  -0.0564   0.0351   0.0158
 -0.0021   0.0460   0.0429  -0.0603   0.0372  -0.0468
  0.0113  -0.0149   0.0433  -0.0050   0.0384  -0.0045
 -0.0007   0.0342   0.0480  -0.0638   0.0359   0.0182
  0.0051   0.0108   0.0393   0.0030   0.0436   0.0040
  0.0051   0.0231   0.0489  -0.0467   0.0331  -0.0213
  0.0052   0.0233   0.0496   0.0021   0.0424   0.0087
  0.0177   0.0071   0.0243   0.0285   0.0455  -0.0053
  0.0071   0.0442   0.0442  -0.0344   0.0356  -0.0407
  0.0158   0.0052   0.0315   0.0590   0.0320   0.0170
 -0.0044   0.5526   0.0239  -0.6376   0.0170  -0.1587
  0.0036   0.2145   0.0458  -0.2432   0.0196  -0.2448
  0.0111   0.1440   0.0330  -0.1633   0.0285  -0.0260
 -0.0001   0.1652   0.0382  -0.1827   0.0236  -0.0556
 -0.0005   0.1292   0.0332  -0.1345   0.0236   0.0193
 -0.0052   0.1257   0.0326  -0.1773   0.0140  -0.0207
 -0.0083   0.0930   0.0288  -0.1276   0.0183  -0.0075
 -0.0020   0.0961   0.0159  -0.1435   0.0201   0.0556
 -0.0103   0.1194   0.0266  -0.1492   0.0168  -0.0424
 -0.0076   0.0938   0.0251  -0.1143   0.0187   0.0279
 -0.0144   0.1046   0.0133  -0.1579   0.0120  -0.0373
 -0.0167   0.1090   0.0220  -0.1238   0.0111  -0.0191
 -0.0156   0.0933   0.0101  -0.1349   0.0104  -0.0099
 -0.0192   0.1181   0.0161  -0.1516   0.0062  -0.0112
 -0.0131   0.0913   0.0054  -0.0878   0.0131   0.0205
 -0.0204   0.1008   0.0074  -0.1476   0.0031   0.0076
 -0.0176   0.1023   0.0118  -0.1072   0.0103   0.0211
 -0.0233   0.0893  -0.0000  -0.1323  -0.0002  -0.0259
 -0.0284   0.1055   0.0019  -0.0981   0.0009  -0.0186
 -0.0221   0.0819  -0.0116  -0.1067  -0.0096  -0.0094
 -0.0401   0.1218   0.0063  -0.1313  -0.0190  -0.0126
 -0.0162   0.0694  -0.0037  -0.0955  -0.0166   0.0140
 -0.0277   0.1096   0.0010  -0.1362  -0.0157   0.0051
 -0.0277   0.1126  -0.0017  -0.0991  -0.0113  -0.0418
 -0.0108   0.0828  -0.0028  -0.0906  -0.0153  -0.0091
 -0.0283   0.1069   0.0029  -0.1511  -0.0257  -0.0401
 -0.0185   0.0911   0.0056  -0.0972  -0.0147  -0.0099
 -0.0228   0.1017   0.0074  -0.1624  -0.0225  -0.0335
 -0.0165   0.0838   0.0089  -0.1198  -0.0179  -0.0061
 -0.0159   0.0795  -0.0039  -0.1420  -0.0235  -0.0049
 -0.0258   0.1261  -0.0024  -0.1283  -0.0308  -0.0580
 -0.0187   0.0969  -0.0017  -0.1421  -0.0289  -0.0337
 -0.0208   0.1082   0.0082  -0.1462  -0.0156  -0.0431
 -0.0206   0.0963   0.0055  -0.0947  -0.0124  -0.0165
 -0.0235   0.1041   0.0007  -0.1533  -0.0183  -0.0207
 -0.0254   0.1025   0.0014  -0.1363  -0.0199  -0.0677
 -0.0071   0.0384  -0.0024  -0.0683  -0.0184   0.0286
 -0.0161   0.0697  -0.0220  -0.0918  -0.0210   0.0687
 -0.0264   0.1088  -0.0189  -0.1178  -0.0270  -0.0453
 -0.0092   0.0494  -0.0155  -0.0545  -0.0143   0.0360
 -0.0188   0.0958  -0.0020  -0.0943  -0.0070   0.0209
 -0.0188   0.0844   0.0015  -0.0771  -0.0080   0.0329
 -0.0136   0.0274  -0.0112  -0.0040  -0.0150  -0.0277
 -0.0074   0.0451   0.0028  -0.0561  -0.0164   0.0549
 -0.0141   0.0454  -0.0058  -0.0312  -0.0144   0.0088
 -0.0144   0.0307  -0.0156  -0.0552  -0.0214  -0.0322
 -0.0217   0.0540  -0.0111  -0.0770  -0.0278  -0.0305
 -0.0123   0.0315  -0.0109  -0.0191  -0.0150  -0.0226
 -0.0117   0.0455  -0.0000  -0.0758  -0.0134   0.0126
 -0.0136   0.0377  -0.0007  -0.0403  -0.0176  -0.0116
 -0.0065   0.0179  -0.0129  -0.0488  -0.0209   0.0569
 -0.0169   0.0320  -0.0100  -0.0350  -0.0205  -0.0275
 -0.0101  -0.0202  -0.0461   0.0158  -0.0261   0.0236
 -0.0293   0.0277  -0.0394  -0.0817  -0.0384  -0.0154
 -0.0259  -0.0120  -0.0562   0.0207  -0.0380   0.0333
 -0.0382   0.0257  -0.0428  -0.0780  -0.0479   0.0527
 -0.0264  -0.0018  -0.0473   0.0228  -0.0405   0.0017
 -0.0345   0.0131  -0.0511  -0.0561  -0.0598  -0.0268
 -0.0351   0.0124  -0.0434  -0.0135  -0.0488   0.0032
 -0.0319   0.0084  -0.0488  -0.0481  -0.0508   0.0398
 -0.0413   0.0071  -0.0589   0.0058  -0.0501  -0.0410
 -0.0317  -0.0186  -0.0662   0.0034  -0.0482   0.0721
 -0.0389  -0.0044  -0.0553  -0.0066  -0.0519   0.0184
 -0.0330  -0.0195  -0.0597   0.0102  -0.0516  -0.0118
 -0.0353   0.0091  -0.0581  -0.0191  -0.0515   0.0708
 -0.0373  -0.0132  -0.0518   0.0174  -0.0537  -0.0071
 -0.0253  -0.0562  -0.0617   0.0198  -0.0579   0.0614
 -0.0417  -0.0046  -0.0436   0.0018  -0.0592  -0.0548
 -0.0327  -0.0230  -0.0456   0.0003  -0.0603   0.0715
 -0.0402  -0.0105  -0.0474   0.0112  -0.0563   0.0162
 -0.0286  -0.0664  -0.0623   0.0133  -0.0579   0.0956
 -0.0437  -0.0059  -0.0567  -0.0369  -0.0585   0.0085
 -0.0331  -0.0400  -0.0629   0.0142  -0.0590  -0.0037
 -0.0395  -0.0130  -0.0497  -0.0241  -0.0611   0.0331
 -0.0535  -0.0035  -0.0552  -0.0352  -0.0625  -0.0226
 -0.0413  -0.0418  -0.0507  -0.0001  -0.0595   0.0501
 -0.0399  -0.0341  -0.0536  -0.0195  -0.0598  -0.0051
 -0.0504  -0.0159  -0.0584  -0.0448  -0.0632  -0.0524
 -0.0351  -0.0314  -0.0577   0.0063  -0.0598   0.0048
 -0.0377  -0.0317  -0.0585  -0.0178  -0.0831  -0.0021
 -0.0504  -0.0157  -0.0610  -0.0500  -0.0799  -0.0637
 -0.0236  -0.0494  -0.0563   0.0238  -0.0601   0.0318
 -0.0375  -0.0076  -0.0465  -0.0410  -0.0649   0.0105
 -0.0298  -0.0299  -0.0526  -0.0247  -0.0588  -0.0306
 -0.0181  -0.0359  -0.0524   0.0175  -0.0475   0.0411
 -0.0223  -0.0060  -0.0594  -0.0164  -0.0496  -0.0091
 -0.0133  -0.0818  -0.0664   0.0633  -0.0510   0.0828
 -0.0356  -0.0374  -0.0616   0.0021  -0.0604   0.0104
 -0.0259  -0.0456  -0.0658   0.0776  -0.0558  -0.0151
 -0.0425  -0.0390  -0.0795  -0.0315  -0.0663   0.0604
 -0.0376  -0.0357  -0.0754   0.0323  -0.0656  -0.0231
 -0.0283  -0.0413  -0.0747   0.0245  -0.0637   0.0362
 -0.0429  -0.0270  -0.0622  -0.0081  -0.0655  -0.0245
 -0.0325  -0.0685  -0.0789   0.0757  -0.0649   0.0256
 -0.0441  -0.0107  -0.0630  -0.0073  -0.0703   0.0467
 -0.0277   0.0082  -0.0642  -0.0066  -0.0562  -0.0060
 -0.0282  -0.0449  -0.0693   0.0779  -0.0605   0.0254
 -0.0308  -0.0250  -0.0629   0.0376  -0.0559   0.0235
 -0.0339  -0.0169  -0.0707   0.0246  -0.0535  -0.0270
 -0.0254  -0.0488  -0.0688   0.0868  -0.0538   0.0161
 -0.0215  -0.0169  -0.0685   0.0134  -0.0381   0.0314
 -0.0232  -0.0294  -0.0606   0.0232  -0.0400  -0.0578
 -0.0214  -0.0280  -0.0692   0.0517  -0.0438   0.0180
 -0.0246  -0.0213  -0.0552   0.0455  -0.0397  -0.0371
 -0.0265  -0.0263  -0.1016   0.0588  -0.0533   0.0333
 -0.0340  -0.0163  -0.1012   0.0118  -0.0616  -0.0309
 -0.0329  -0.0493  -0.1077   0.0867  -0.0710  -0.0065
 -0.0715   0.0402  -0.0235  -0.1988  -0.0999  -0.0743
 -0.0564  -0.0200  -0.0516  -0.0489  -0.0931  -0.0354
 -0.0625  -0.0147  -0.0536  -0.1280  -0.1039   0.0527
 -0.0691  -0.0192  -0.0659  -0.0440  -0.1066  -0.0115
 -0.0680  -0.0533  -0.0847  -0.0721  -0.1096   0.0506
 -0.0813  -0.0249  -0.0830  -0.0689  -0.1178  -0.0008
 -0.0754  -0.0496  -0.0950  -0.0616  -0.1205   0.0656
 -0.0893  -0.0204  -0.0926  -0.0522  -0.1242   0.0479
 -0.0756  -0.0289  -0.0970  -0.0111  -0.1162   0.0288
 -0.0788  -0.0021  -0.0781  -0.0670  -0.1154   0.0053
 -0.0401  -0.0137  -0.0532   0.0381  -0.0769   0.0260
 -0.0469  -0.0010  -0.0530  -0.0028  -0.0784   0.0164
 -0.0476  -0.0103  -0.0529   0.0015  -0.0836   0.0624
 -0.0362  -0.0406  -0.0748   0.0720  -0.0829   0.0615
 -0.0232   0.1263  -0.1224   0.0357  -0.0794  -0.0157
 -0.0198   0.0247  -0.1040   0.0252  -0.0925   0.0092
 -0.0217  -0.0084  -0.1052   0.0744  -0.0858  -0.0151
 -0.0331   0.0264  -0.0984   0.0293  -0.0851  -0.0153
 -0.0182  -0.0035  -0.0977   0.0895  -0.0845   0.0230
 -0.0268   0.0183  -0.0925   0.0343  -0.0872   0.0490
 -0.0200   0.0146  -0.0842   0.0275  -0.0776  -0.0511
 -0.0123  -0.0103  -0.0969   0.0846  -0.0832   0.0204
 -0.0349   0.0112  -0.1034   0.0378  -0.0970  -0.0318
 -0.0234  -0.0177  -0.1084   0.0817  -0.0944   0.0448
 -0.0330  -0.0128  -0.1145   0.0180  -0.1062  -0.0207
 -0.0336  -0.0123  -0.1135   0.0749  -0.1026   0.0103
 -0.0336   0.0001  -0.1188   0.0301  -0.1024   0.0046
 -0.0123  -0.0156  -0.0765   0.0128  -0.0674  -0.0061
 -0.0149  -0.0084  -0.1021   0.1054  -0.0733  -0.0222
  0.0090  -0.0099  -0.0908   0.0243  -0.0621  -0.0346
 -0.0126  -0.0261  -0.1177   0.1057  -0.0797   0.0458
 -0.0179   0.0033  -0.0982   0.0388  -0.0801   0.0173
 -0.0042  -0.0285  -0.0836   0.0866  -0.0859  -0.0253
 -0.0123  -0.0376  -0.1145   0.1047  -0.0994  -0.0215
 -0.0204   0.0122  -0.1010   0.0704  -0.0989  -0.0413
 -0.0398  -0.0276  -0.0593   0.0647  -0.0986  -0.0152
 -0.0291   0.0296  -0.0827   0.0479  -0.0923  -0.0105
 -0.0111   0.0041  -0.0825   0.1807  -0.0777   0.0181
 -0.0050  -0.0085  -0.0496   0.0465  -0.0592   0.0624
  0.0087  -0.0419  -0.0465   0.1437  -0.0515   0.0192
 -0.0372  -0.0276  -0.1054   0.1526  -0.1076   0.0417
 -0.0456  -0.0640  -0.0727   0.2209  -0.1329  -0.0112
 -0.0464  -0.0269  -0.1092   0.1531  -0.1076   0.0714
 -0.0627  -0.1404  -0.1601   0.2153  -0.1502   0.0140
 -0.0976  -0.1383  -0.0698   0.2466  -0.1148   0.0393
 -0.0371  -0.2011  -0.1053   0.4017  -0.1073   0.0772
 -0.0468  -0.1874  -0.1546   0.3883  -0.1253   0.0257
 -0.0490  -0.1839  -0.1341   0.3624  -0.1212  -0.0036
 -0.0157  -0.1707  -0.1448   0.5449  -0.0971   0.0382
 -0.0425  -0.1612  -0.1065   0.2958  -0.0956   0.0128
  0.0013  -0.2329  -0.0747   0.3400  -0.0720   0.0669
 -0.0168  -0.1463  -0.1258   0.3310  -0.0969   0.0435
 -0.0324  -0.1938  -0.1435   0.3188  -0.1186  -0.0236
 -0.0284  -0.2245  -0.1647   0.5064  -0.1255   0.0245
 -0.0218  -0.2295  -0.0657   0.1966  -0.0908   0.0150
 -0.0090  -0.4757  -0.0462   0.8486  -0.0586   0.1419
