  0.1072   0.1428   0.0715  -0.0723   0.0376  -0.0451
  0.0911   0.1006   0.0758   0.0117   0.0393  -0.0547
  0.1417   0.1281   0.1063   0.0507   0.0422   0.0240
  0.0884   0.1014   0.1239   0.0115   0.0412  -0.0705
  0.0903   0.0242   0.1401   0.0427   0.0428  -0.0499
  0.0781   0.0418   0.1397  -0.0611   0.0465  -0.0019
  0.0833   0.0572   0.1139  -0.0229   0.0498  -0.0502
  0.0904   0.0370   0.1141   0.0476   0.0345  -0.0511
  0.0781   0.0558   0.0894   0.0232   0.0403  -0.0863
  0.0953   0.0746   0.0643   0.0042   0.0510   0.0306
  0.0939   0.0407   0.0529   0.0315   0.0346  -0.0216
  0.0912   0.0788   0.0305   0.0095   0.0412  -0.0451
  0.0891   0.1329   0.0546  -0.0061   0.0536  -0.0354
  0.0663   0.0799   0.0740  -0.0304   0.0325  -0.0160
  0.0576   0.0130   0.0405   0.0421   0.0137  -0.0162
  0.0566   0.0038   0.0268   0.0262   0.0116  -0.0421
  0.0622   0.0146   0.0038   0.0391   0.0104  -0.0324
  0.0581  -0.0064  -0.0092   0.0273   0.0113  -0.0561
  0.0654   0.0101  -0.0242   0.0361   0.0229  -0.0344
  0.0483   0.0476  -0.0378   0.0408   0.0153  -0.0301
  0.0462   0.0404  -0.0290   0.0482   0.0183  -0.0192
  0.0424   0.0469  -0.0330   0.0161   0.0131  -0.0450
  0.0616   0.0271  -0.0366  -0.0056   0.0177  -0.0382
  0.0530   0.0373  -0.0599  -0.0018   0.0102  -0.0341
  0.0392   0.0098  -0.0691   0.0384   0.0081  -0.0320
  0.0380  -0.0183  -0.0689   0.0433   0.0108  -0.0182
  0.0291  -0.0133  -0.0820   0.0101   0.0012  -0.0253
  0.0203  -0.0191  -0.0713  -0.0006  -0.0080  -0.0377
  0.0168  -0.0108  -0.0865  -0.0033  -0.0022  -0.0256
  0.0293   0.0053  -0.0854   0.0119  -0.0011  -0.0213
  0.0303  -0.0063  -0.0889   0.0186   0.0017  -0.0131
  0.0254   0.0022  -0.0885   0.0098  -0.0037  -0.0176
  0.0149  -0.0091  -0.0928   0.0219   0.0006  -0.0224
  0.0158  -0.0112  -0.0918   0.0386  -0.0083  -0.0362
  0.0083   0.0226  -0.0892   0.0348  -0.0062  -0.0161
  0.0123   0.0508  -0.0226   0.0121  -0.0029  -0.0223
  0.0035   0.0571  -0.0451   0.0621  -0.0177   0.0014
 -0.0087   0.0392  -0.1050   0.0121  -0.0306  -0.0019
 -0.0249   0.0183  -0.1354   0.0537  -0.0132   0.0036
  0.0023  -0.0060  -0.0952   0.0569  -0.0079   0.0277
 -0.0015  -0.0215  -0.0332   0.0185   0.0110   0.0244
 -0.0035  -0.0217   0.0017   0.0210   0.0134   0.0444
 -0.0305  -0.0459  -0.0338  -0.0183   0.0166   0.0445
 -0.0249  -0.0638  -0.0325  -0.0207   0.0015   0.0320
 -0.0354  -0.0707  -0.0317   0.0283  -0.0117  -0.0026
 -0.0221  -0.0610  -0.0153   0.0263  -0.0022   0.0149
 -0.0114  -0.0514   0.0052   0.0156  -0.0052   0.0271
  0.0004  -0.0258  -0.0058   0.0265   0.0152   0.0384
  0.0428  -0.0085   0.0336  -0.0178   0.0094   0.0016
  0.0233   0.0864   0.0429  -0.0369   0.0192  -0.0236
  0.0019   0.0732   0.0483  -0.0385   0.0163  -0.0394
  0.0082   0.1099   0.0218  -0.0446   0.0294  -0.0161
  0.0138   0.0482   0.0511  -0.0329   0.0414   0.0113
 -0.0075   0.0339   0.0481  -0.0141   0.0251  -0.0092
 -0.0122   0.0661   0.0516  -0.0336   0.0172  -0.0194
 -0.0138   0.1047   0.0529  -0.0651   0.0136   0.0103
 -0.0057   0.0718   0.0523  -0.0262   0.0185   0.0075
 -0.0150   0.0428   0.0442   0.0128   0.0121  -0.0028
 -0.0051   0.0662   0.0370   0.0252   0.0197   0.0442
 -0.0246   0.0646   0.0511   0.0327   0.0113   0.0011
 -0.0261   0.0649   0.0278  -0.0482   0.0033  -0.0177
 -0.0528   0.1017   0.0401  -0.0300  -0.0160  -0.0326
 -0.0542   0.1036   0.0400  -0.0311  -0.0178  -0.0291
 -0.0575   0.0595   0.0357  -0.0125  -0.0152  -0.0145
 -0.0584  -0.0045   0.0002   0.0156  -0.0293  -0.0111
 -0.0665  -0.0269   0.0167  -0.0046  -0.0273   0.0200
 -0.0320  -0.0613   0.0138  -0.0410  -0.0187   0.0441
  0.0050  -0.0371   0.0684  -0.0771  -0.0031   0.0440
 -0.0108  -0.0465   0.0474  -0.0208  -0.0006   0.0293
 -0.0329  -0.0516   0.0538  -0.0237  -0.0152   0.0491
 -0.0432  -0.0388   0.0481  -0.0300  -0.0142   0.0351
 -0.0451  -0.1029   0.0459  -0.0012  -0.0117   0.0424
 -0.0658  -0.0856   0.0419  -0.0150  -0.0179   0.0446
 -0.0740  -0.0851   0.0192  -0.0210  -0.0295   0.0547
 -0.0644  -0.0584   0.0251  -0.1228  -0.0350   0.0675
 -0.0552  -0.0283   0.0021  -0.1058  -0.0282   0.1038
 -0.0699  -0.0740   0.0051  -0.0546  -0.0315   0.0524
 -0.0658  -0.1171  -0.0131  -0.0362  -0.0397   0.0470
 -0.0752  -0.1380   0.0067  -0.0101  -0.0341   0.0504
 -0.0870  -0.1534  -0.0154  -0.0036  -0.0472   0.0245
 -0.1265  -0.1603  -0.0725   0.0186  -0.0749   0.0233
 -0.1338  -0.1890  -0.1012   0.0278  -0.0813   0.0484
 -0.1493  -0.1933  -0.0963  -0.0064  -0.0884   0.0525
 -0.2797  -0.2939  -0.2061   0.0462  -0.1454   0.0845
 -0.2601  -0.2417  -0.1970   0.0409  -0.1326   0.0919
