 -0.0608   0.4794   0.0613  -0.3344  -0.0128  -0.0149
 -0.0545   0.4914   0.0396  -0.3100  -0.0062  -0.0095
 -0.0626   0.4964   0.0444  -0.3158  -0.0027  -0.0729
 -0.0617   0.5071   0.0448  -0.3045   0.0020  -0.0137
 -0.0643   0.4857   0.0537  -0.2801   0.0088  -0.0176
 -0.0585   0.4650   0.0526  -0.2555   0.0242  -0.0492
 -0.0381   0.4319   0.0447  -0.2316   0.0231   0.0102
 -0.0467   0.4004   0.0433  -0.2251   0.0152  -0.0534
 -0.0392   0.4028   0.0437  -0.2588   0.0137   0.0001
 -0.0368   0.3972   0.0428  -0.2731   0.0056  -0.0193
 -0.0328   0.3921   0.0454  -0.2611   0.0035  -0.0293
 -0.0393   0.3804   0.0443  -0.2490   0.0026  -0.0287
  0.2020   0.5834  -0.2768  -0.3094  -0.0422  -0.0505
  0.0507   0.4685  -0.0555  -0.3117  -0.0229  -0.0528
  0.0253   0.4283  -0.0643  -0.2965  -0.0369   0.0361
  0.0217   0.4075  -0.0586  -0.3106  -0.0258  -0.0371
  0.0347   0.4169  -0.0451  -0.3353  -0.0200  -0.0131
  0.0259   0.3637  -0.0511  -0.3115  -0.0137  -0.0485
  0.0234   0.3008  -0.0420  -0.2449  -0.0163  -0.0321
 -0.0292  -0.1968   0.1066   0.1838   0.0256   0.0223
  0.2459   1.6589  -0.2900   1.3042  -0.0294  -0.2320
  0.3909   3.0110  -0.0560   1.3408   0.1651  -0.0518
  0.0313   0.4065   0.0296  -0.1500   0.0445   0.3975
  0.0170   0.4062   0.0549  -0.1610   0.0213   0.0179
  0.0130   0.3383   0.0483  -0.1159   0.0138  -0.0883
  0.0043   0.3152   0.0502  -0.1377   0.0046  -0.0427
  0.0070   0.3857   0.0506  -0.1724   0.0069   0.0210
  0.0033   0.3190   0.0500  -0.1163   0.0152  -0.0385
 -0.0053   0.2420   0.0719  -0.0590   0.0238  -0.0501
 -0.0274   0.2564   0.1066  -0.0629   0.0227  -0.0261
 -0.0323   0.2514   0.1219  -0.0701   0.0263  -0.0363
 -0.0281   0.1959   0.1203  -0.0241   0.0276  -0.0275
  0.0794   0.1282   0.0872   0.0545   0.0529  -0.0554
  0.0248   0.0917   0.1434   0.0366   0.0425  -0.0336
  0.0245   0.0876   0.1502   0.0347   0.0472  -0.0517
  0.0262   0.0781   0.1555   0.0230   0.0436  -0.0097
  0.0205   0.1436   0.1598  -0.0281   0.0355  -0.0477
  0.0289   0.1634   0.1614  -0.0393   0.0443  -0.0410
  0.0244   0.1605   0.1624  -0.0475   0.0380  -0.0202
  0.0199   0.1434   0.1596  -0.0613   0.0303  -0.0417
  0.0152   0.1254   0.1456  -0.0586   0.0348  -0.0448
  0.0026   0.2076   0.1480  -0.1118   0.0259   0.0378
  0.0027   0.2803   0.1312  -0.1935   0.0298  -0.0025
  0.1463   0.3455  -0.0404  -0.2202   0.0279   0.0095
  0.5260   0.3765  -0.5827  -0.1167   0.0210   0.0179
 -0.2059  -0.3846   0.3106   0.3517  -0.0234  -0.0674
  0.0220  -0.2327   0.0035   0.1463   0.0439   0.0121
  0.0120  -0.2258   0.0023   0.1362   0.0212   0.0334
  0.0111  -0.2087  -0.0066   0.1305   0.0301   0.0487
  0.0177  -0.2114  -0.0089   0.1520   0.0315  -0.0020
  0.0207  -0.2002   0.0014   0.1605   0.0268   0.0417
  0.0207  -0.2136  -0.0072   0.1705   0.0260   0.0279
  0.0056  -0.2206  -0.0131   0.1706  -0.0010   0.0179
 -0.0010  -0.2313  -0.0245   0.1699  -0.0142   0.0231
 -0.0136  -0.2283  -0.0233   0.1545  -0.0244   0.0361
 -0.0070  -0.2289  -0.0205   0.1558  -0.0269   0.0390
 -0.0039  -0.2393  -0.0211   0.1554  -0.0214   0.0185
 -0.0078  -0.2538  -0.0237   0.1616  -0.0143   0.0018
 -0.0092  -0.2683  -0.0287   0.1601  -0.0135  -0.0025
 -0.0134  -0.2640  -0.0251   0.1593  -0.0081   0.0389
 -0.0024  -0.2540  -0.0209   0.1601  -0.0056   0.0013
  0.0122  -0.2623  -0.0179   0.1648  -0.0038   0.0179
 -0.0028  -0.3053  -0.0218   0.2155  -0.0325  -0.0378
 -0.0036  -0.2659  -0.0086   0.2098  -0.0214   0.0682
  0.0028  -0.2761  -0.0089   0.1987  -0.0182   0.0210
  0.0044  -0.2627  -0.0112   0.1535  -0.0097   0.0362
  0.0049  -0.2554  -0.0237   0.1681  -0.0030   0.0124
 -0.0041  -0.2520  -0.0314   0.1641  -0.0100   0.0293
  0.0046  -0.2476  -0.0254   0.1897  -0.0090   0.0309
 -0.0068  -0.2743  -0.0291   0.2020  -0.0108   0.0184
 -0.0115  -0.2787  -0.0268   0.1897  -0.0092   0.0240
 -0.0092  -0.3066  -0.0245   0.2080  -0.0110   0.0265
 -0.0128  -0.3155  -0.0284   0.2170  -0.0110   0.0214
 -0.0125  -0.3205  -0.0245   0.2080  -0.0106   0.0130
 -0.0027  -0.3148  -0.0225   0.1933  -0.0066   0.0308
  0.0014  -0.3087  -0.0201   0.1551  -0.0023   0.0227
  0.0047  -0.3114  -0.0171   0.1497   0.0022  -0.0141
  0.0205  -0.2667  -0.0524   0.1063   0.0226   0.0103
  0.0257  -0.3050  -0.0459   0.2187   0.0121   0.0128
  0.0053  -0.3083  -0.0282   0.1862   0.0048   0.0119
  0.0159  -0.2187  -0.0078   0.1128  -0.0010   0.0137
 -0.0186  -0.0363  -0.0374  -0.0998  -0.0241   0.0510
 -0.0200   0.0201  -0.0377  -0.1346  -0.0543   0.0209
 -0.0048   0.0067  -0.0606  -0.1019  -0.0602  -0.0032
 -0.0057   0.0068  -0.0729  -0.1151  -0.0550   0.0440
 -0.0140  -0.0480  -0.0633  -0.0747  -0.0580  -0.0259
 -0.0167  -0.0731  -0.0480  -0.0637  -0.0586   0.0228
 -0.0208  -0.0899  -0.0470  -0.0542  -0.0560   0.0272
 -0.0119  -0.0915  -0.0401  -0.0442  -0.0459  -0.0018
 -0.0034  -0.0889  -0.0516  -0.0258  -0.0301   0.0082
 -0.0033  -0.1062  -0.0483  -0.0161  -0.0263  -0.0057
 -0.0017  -0.1155  -0.0466  -0.0260  -0.0206  -0.0121
 -0.0010  -0.1571  -0.0355   0.0244  -0.0191  -0.0202
 -0.0070  -0.1997  -0.0262   0.0428  -0.0135  -0.0062
 -0.0137  -0.2737  -0.0303   0.0667  -0.0113  -0.0675
 -0.0229  -0.2644   0.0021   0.0254  -0.0037   0.0221
 -0.0266  -0.1790  -0.0049  -0.0204  -0.0020  -0.0229
 -0.0259  -0.2151  -0.0004  -0.0013  -0.0006  -0.0044
 -0.0206  -0.2237  -0.0026   0.0217   0.0080  -0.0331
 -0.0213  -0.2186   0.0245   0.0088  -0.0014  -0.0252
 -0.0200  -0.2326   0.0303  -0.0000  -0.0047  -0.0287
 -0.0259  -0.2423   0.0211  -0.0115  -0.0054  -0.0159
 -0.0459  -0.0716  -0.0386  -0.2012  -0.0026  -0.0165
 -0.0206  -0.1137  -0.1423  -0.0625  -0.0027  -0.0077
 -0.0454  -0.0109  -0.0417  -0.1872  -0.0090  -0.0218
 -0.0434  -0.1092   0.0014  -0.1424   0.0074  -0.0372
 -0.0302  -0.1355  -0.0049  -0.1046   0.0129  -0.0246
 -0.0290  -0.1924   0.0021  -0.0402   0.0166  -0.0495
 -0.0373  -0.1539   0.0120  -0.0214   0.0034  -0.0036
 -0.0309  -0.2204   0.0279  -0.0236  -0.0012  -0.0163
 -0.0173  -0.2862   0.0281  -0.0387   0.0100   0.0226
 -0.0481   0.0078   0.0233  -0.0943   0.0199  -0.0929
  0.0123   0.1162  -0.1726   0.0242  -0.0292  -0.0717
  0.0003   0.0677  -0.1219   0.0232  -0.0351   0.0362
 -0.0107  -0.0073  -0.0770   0.0838  -0.0230   0.0339
 -0.0127  -0.0381  -0.0799   0.0665  -0.0084  -0.0067
 -0.0196  -0.0742  -0.0697   0.0303  -0.0073   0.0358
 -0.0216  -0.1801  -0.0422   0.1060  -0.0006  -0.0161
 -0.0277  -0.2198  -0.0275   0.1102  -0.0060  -0.0009
 -0.0328  -0.2482   0.0090   0.0922  -0.0127   0.0095
