  0.0132  -0.0454  -0.0396   0.0301   0.0160  -0.0147
  0.2116  -0.7850  -0.0249  -1.3298  -0.2618  -0.0423
  0.2875  -0.4276  -0.0086  -0.6916  -0.2954  -0.2644
  0.0945  -0.3059  -0.1168   1.0969  -0.0779  -0.2911
 -0.1686  -0.2064   0.0197   0.7527   0.3787   0.1027
 -0.1392   0.4657  -0.2087  -0.6816   0.1658   0.2659
  0.0492   0.8690   0.0627   0.3000  -0.1084  -0.1250
  0.4654   0.4221   0.2306  -0.0202  -0.3267  -0.3102
  0.3987  -0.2828  -0.2058  -0.4214  -0.4284  -0.2436
 -0.1563  -0.4881  -0.1397   0.9206   0.1046   0.0762
 -0.0951  -0.4297  -0.1031   0.0539   0.0815   0.1696
 -0.0110  -0.2266   0.0214  -0.0401  -0.0376  -0.0447
 -0.0314  -0.2679  -0.0433   0.0077  -0.0522  -0.0213
  0.0420  -0.2456  -0.1553   0.0649   0.1063   0.0213
  0.0406  -0.1794  -0.1265   0.1906   0.0413   0.0257
 -0.0449  -0.1343  -0.1014   0.1171  -0.0357   0.0615
 -0.0534  -0.0538  -0.0773  -0.0228   0.0260   0.0008
 -0.0384  -0.0424  -0.0719  -0.0067  -0.0076  -0.0314
 -0.0012  -0.0458  -0.0482   0.0391  -0.0450   0.0357
 -0.0024   0.0016  -0.0746   0.1048  -0.0572  -0.0204
 -0.0014   0.0068  -0.0748   0.0468   0.0052   0.0639
 -0.0313   0.0035  -0.0343  -0.0133  -0.0149   0.0447
 -0.0507   0.0070  -0.0570  -0.0322  -0.0210  -0.0565
 -0.0889  -0.0063   0.0175  -0.0398  -0.0181  -0.0143
 -0.0035  -0.0363  -0.0547   0.0040  -0.0370   0.0672
 -0.0137  -0.0297  -0.0619   0.0278  -0.0359  -0.0298
  0.0016   0.0012  -0.0483   0.0908  -0.0322  -0.0064
 -0.0008  -0.0598  -0.0594   0.0378  -0.0366  -0.0006
 -0.0073  -0.0649  -0.0748  -0.0899  -0.0431  -0.0147
  0.0014   0.0380  -0.0658  -0.0018  -0.0281  -0.0463
  0.0093   0.0266  -0.0408   0.0005   0.0242  -0.0081
  0.0070   0.0327  -0.0286   0.0057  -0.0350   0.0161
 -0.0161  -0.0057  -0.0529  -0.0066  -0.0098  -0.0496
  0.0034  -0.0262  -0.0247   0.0302  -0.0435   0.0635
  0.0154  -0.0523  -0.0139   0.0152   0.0043  -0.0493
  0.0245  -0.0361  -0.0238   0.0295  -0.0014   0.0083
  0.0190  -0.0338  -0.0274   0.1155   0.0059   0.1060
  0.0016  -0.0498   0.3298   0.7651   0.4101  -0.0252
 -0.0694  -0.0163   0.1441   0.0656   0.1872   0.0616
 -0.0892  -0.0382  -0.0119  -0.7154  -0.2036  -0.0173
 -0.0226  -0.1570   0.0950  -0.1418   0.0070  -0.1506
 -0.0228  -0.0277   0.0396   0.0004   0.0158   0.1028
 -0.0201   0.0323   0.0641   0.0301   0.0016   0.0640
 -0.0216  -0.0157   0.0312   0.0272   0.0170  -0.0091
  0.0373  -0.0075   0.0450   0.0582   0.0541   0.1224
  0.0398  -0.0510   0.0269   0.0444   0.0712   0.0168
 -0.0368   0.0463   0.0122  -0.0984   0.0074   0.0131
 -0.0323   0.0789  -0.0010  -0.1091   0.0120  -0.0347
  0.0065   0.0492   0.0328   0.0402   0.0371  -0.0131
 -0.0460   0.0071   0.0103   0.0223   0.0070  -0.0083
 -0.0389   0.0228   0.0168  -0.0012  -0.0318  -0.0059
 -0.0386  -0.0541   0.0447   0.0957  -0.0397   0.0035
 -0.0293   0.0701   0.0445   0.0760  -0.0813   0.0228
 -0.0299   0.0382   0.0446  -0.0207  -0.0179   0.0375
 -0.0436   0.0119   0.0343  -0.1202   0.0143   0.0132
 -0.0624   0.1108   0.0174  -0.1612   0.0349  -0.0689
 -0.0618   0.0119   0.0464  -0.0018   0.0704  -0.0282
 -0.0070  -0.0352   0.0480   0.0769   0.0424   0.0859
  0.0001  -0.0014   0.0135   0.0008  -0.0035   0.0438
  0.0007   0.0415   0.0311  -0.0236   0.0688  -0.0554
 -0.0076  -0.0023   0.0061   0.0013  -0.0041   0.0468
 -0.0025   0.0630   0.0003  -0.0429  -0.0008   0.0940
 -0.0085   0.0169   0.0155  -0.0144  -0.0049  -0.0343
 -0.0278  -0.0146   0.0140  -0.0660  -0.0163   0.0525
 -0.0228  -0.0085   0.0296  -0.0178  -0.0255  -0.0415
 -0.0553  -0.0382  -0.0106   0.0522  -0.0094  -0.0605
 -0.0253  -0.0790   0.0232   0.0209  -0.0288  -0.0224
  0.0341   0.0133   0.0081  -0.0313  -0.0328   0.0055
 -0.0118   0.0507   0.0012  -0.0030  -0.0007   0.0336
 -0.0036   0.0870   0.0073  -0.0825   0.0691  -0.0290
 -0.0073   0.0536   0.0045   0.0302   0.0069   0.0090
  0.0027   0.0319   0.0050  -0.0052   0.0217   0.0381
 -0.0024   0.0554   0.0019   0.0348   0.0073  -0.0089
 -0.0058   0.0233   0.0208  -0.0145   0.0000   0.0093
  0.0002   0.0229   0.0272  -0.0087   0.0070  -0.0570
 -0.0400   0.0034   0.0174   0.0253  -0.0108   0.0479
 -0.0076   0.0060   0.0237  -0.0290  -0.0026   0.0351
  0.0018   0.0245   0.0353  -0.0228  -0.0118  -0.0041
  0.0009   0.0257   0.0142  -0.0042  -0.0039  -0.0211
  0.0017   0.0347   0.0247   0.0064  -0.0051   0.0425
 -0.0017   0.0219   0.0329   0.0041  -0.0146   0.0589
  0.0062   0.0200   0.0086   0.0325  -0.0133   0.0434
  0.0016   0.0226   0.0052   0.0254  -0.0209   0.0280
 -0.0246   0.0062   0.0145  -0.0361  -0.0152   0.0530
 -0.0030   0.0503   0.0175  -0.0229  -0.0115   0.0109
 -0.0486  -0.0534   0.0572  -0.0477  -0.0134  -0.0270
 -0.0239   0.0135   0.0570  -0.0103  -0.0130   0.0247
  0.0343   0.0862   0.0399  -0.0578   0.0075  -0.0105
 -0.0208  -0.0358   0.0529  -0.0235   0.0028  -0.0219
  0.0004   0.0146   0.0228   0.0158   0.0140  -0.0154
  0.0159   0.0732   0.0121   0.0233   0.0172   0.0153
  0.0180   0.0402   0.0003  -0.0118   0.0169   0.0193
  0.0110   0.0454   0.0008  -0.0627   0.0224   0.0653
  0.0133   0.0577   0.0016  -0.0416   0.0273   0.0095
  0.0204   0.0415   0.0213   0.0021   0.0245  -0.0099
  0.0151   0.0470   0.0030  -0.0494   0.0224  -0.0076
  0.0319   0.1080   0.0073  -0.1043   0.0617  -0.0559
 -0.0012   0.0698   0.0123  -0.1082   0.0220   0.0282
 -0.0057  -0.0001   0.0193   0.0114  -0.0434  -0.0145
  0.0155   0.0322   0.0183   0.1539   0.0056  -0.0198
  0.0190  -0.0172   0.0245   0.1563   0.0200   0.0033
  0.0080  -0.0344  -0.0017   0.0594   0.0016   0.0312
  0.0191   0.0324  -0.0023   0.0045   0.0054   0.0364
  0.0316   0.1061   0.0020  -0.0749   0.0220   0.0405
  0.0175   0.0707   0.0090  -0.0214   0.0171  -0.0211
  0.0208   0.0715   0.0134  -0.0209   0.0080  -0.0276
  0.0127   0.0479   0.0220  -0.0406   0.0004   0.0225
  0.0279   0.0553   0.0289  -0.0445   0.0082   0.0169
  0.0410  -0.0196   0.0128   0.0123  -0.0118   0.0474
  0.0332  -0.0744  -0.0012   0.0691  -0.0239   0.0389
 -0.0128   0.0536  -0.0071  -0.0093   0.0036  -0.0172
  0.0361   0.1685   0.0032  -0.1971   0.0309  -0.0346
  0.0024   0.1325   0.0157  -0.0963   0.0126  -0.1742
  0.0054   0.0537   0.0123   0.0484   0.0164  -0.0463
 -0.0100   0.0644  -0.0074   0.0257   0.0315   0.1280
 -0.0165   0.0630   0.0150  -0.0444   0.0267   0.0618
 -0.0041   0.0491   0.0100  -0.0064   0.0533   0.0123
  0.0498  -0.0281  -0.0202   0.0469   0.0593  -0.0156
  0.0388  -0.0121  -0.0168   0.0757   0.0525   0.0188
 -0.0511   0.1425  -0.0035  -0.1238   0.0157  -0.0657
