  0.0347  -0.4330   0.0293   0.2484   0.0105   0.3105
  0.0332  -0.4013   0.0320   0.2313   0.0096   0.2963
  0.0347  -0.3711   0.0247   0.2104   0.0336   0.2884
  0.0282  -0.3911   0.0281   0.2064   0.0292   0.2986
  0.0242  -0.4135   0.0278   0.2257   0.0195   0.2963
  0.0340  -0.4399   0.0353   0.2159   0.0265   0.3439
  0.0195  -0.4440   0.0360   0.1974   0.0182   0.3054
 -0.0006  -0.4046   0.0505   0.2244  -0.0093   0.3237
  0.0146  -0.3674   0.0368   0.2558  -0.0143   0.2806
  0.0183  -0.3594   0.0329   0.2316  -0.0056   0.2868
  0.0275  -0.3296   0.0241   0.2082  -0.0106   0.2705
  0.0280  -0.3467   0.0276   0.1874  -0.0120   0.2617
  0.0259  -0.3551   0.0134   0.2193  -0.0134   0.2504
  0.0265  -0.3263   0.0034   0.2067  -0.0133   0.2492
  0.0202  -0.3025   0.0085   0.1791  -0.0115   0.2305
  0.0167  -0.2844   0.0131   0.1525  -0.0076   0.2361
  0.0148  -0.3248   0.0167   0.1841   0.0063   0.2242
  0.0162  -0.3160   0.0039   0.2123  -0.0014   0.2240
  0.0025  -0.3184   0.0023   0.2126  -0.0227   0.2497
  0.0055  -0.2845  -0.0012   0.1806  -0.0327   0.2420
  0.0060  -0.2954   0.0019   0.1837  -0.0249   0.2212
  0.0030  -0.3117   0.0111   0.2240  -0.0258   0.2216
  0.0129  -0.3194   0.0073   0.2330  -0.0099   0.2153
  0.0172  -0.2901   0.0006   0.1881  -0.0032   0.2195
  0.0115  -0.3106   0.0016   0.2326  -0.0171   0.1927
  0.0113  -0.2783  -0.0094   0.1977  -0.0130   0.2165
  0.0176  -0.2905  -0.0043   0.1953  -0.0286   0.1931
  0.0030  -0.3210   0.0145   0.2599  -0.0443   0.1909
 -0.0061  -0.2756   0.0090   0.2334  -0.0136   0.2069
  0.0056  -0.2594   0.0119   0.2024   0.0095   0.1905
  0.0065  -0.2890   0.0063   0.2383  -0.0047   0.1787
  0.0060  -0.2706  -0.0017   0.2171  -0.0078   0.1943
 -0.0421  -0.2745   0.0066   0.2086  -0.0110   0.1981
 -0.0414  -0.2212  -0.0226   0.2334  -0.0169   0.1353
 -0.0340  -0.2037  -0.0185   0.1918  -0.0191   0.1162
 -0.0223  -0.2001  -0.0290   0.1921  -0.0075   0.1302
  0.0098  -0.1633  -0.0026   0.2244   0.0042   0.1333
 -0.0273  -0.0929   0.0088   0.1406  -0.0130   0.1260
 -0.0664  -0.1392   0.0103   0.2021  -0.0078   0.1912
 -0.0010  -0.1890   0.0333   0.2050   0.0324   0.3099
 -0.0043  -0.1984   0.0544   0.1977   0.0373   0.2726
 -0.0299  -0.1631   0.0054   0.1995   0.0133   0.1717
 -0.0270  -0.1069  -0.0308   0.1327  -0.0117   0.1256
 -0.0231  -0.1138  -0.0312   0.1346  -0.0391   0.1146
 -0.0275  -0.0937  -0.0358   0.1580  -0.0451   0.1057
 -0.0316  -0.0449  -0.0308   0.1285  -0.0375   0.0884
 -0.0239  -0.0310  -0.0728   0.1222  -0.0118   0.0877
 -0.0358  -0.0912  -0.0360   0.1058  -0.0330   0.0859
 -0.0393  -0.0810  -0.0252   0.1300  -0.0254   0.0807
 -0.0442  -0.0959  -0.0372   0.1305  -0.0071   0.1002
 -0.0551  -0.0956  -0.0213   0.1212   0.0017   0.0720
 -0.0500  -0.0787  -0.0475   0.1143  -0.0084   0.0715
 -0.0347  -0.0963  -0.0127   0.0987   0.0082   0.0498
 -0.0170  -0.1012  -0.0069   0.1523   0.0125   0.0448
 -0.0146  -0.0886  -0.0153   0.1192   0.0154   0.0672
 -0.0027  -0.0415  -0.0234   0.0694   0.0003   0.0486
 -0.0221  -0.0494  -0.0160   0.1141  -0.0054   0.0286
 -0.0311  -0.0547  -0.0204   0.1573  -0.0358   0.0374
 -0.0354  -0.0350  -0.0336   0.1151  -0.0172   0.0299
 -0.0314  -0.0243  -0.0447   0.0707  -0.0124   0.0284
 -0.0491  -0.0487  -0.0315   0.1440  -0.0286   0.0201
 -0.0505  -0.0302  -0.0433   0.1536  -0.0326   0.0153
 -0.0479  -0.0102  -0.0478   0.1090  -0.0154   0.0155
 -0.0592  -0.0290  -0.0537   0.0991  -0.0259   0.0131
 -0.0582  -0.0482  -0.0331   0.1225  -0.0259   0.0080
 -0.0919  -0.1369  -0.0249   0.1829  -0.0262   0.0574
 -0.0588  -0.0289   0.0131   0.0775  -0.0268  -0.0246
 -0.0633  -0.0362  -0.0332   0.1323  -0.0233  -0.0554
 -0.0510  -0.0128   0.0403   0.1322   0.0122   0.0011
 -0.0789  -0.0757   0.0149   0.1373  -0.0153   0.0362
 -0.0570  -0.1013   0.0434   0.1448   0.0054   0.0801
 -0.0556  -0.1553   0.0752   0.1507   0.0510   0.1711
 -0.0751  -0.1117   0.0707   0.0983   0.0308   0.1302
 -0.1259  -0.1453   0.0355   0.1121   0.0062   0.1485
 -0.1368  -0.1708   0.0344   0.0664   0.0221   0.2110
 -0.1691  -0.1909  -0.0007   0.1423  -0.0495   0.1603
 -0.1761  -0.1659  -0.0077   0.1241  -0.0339   0.1593
 -0.1513  -0.1611  -0.0021  -0.0225   0.0120   0.1512
 -0.1414  -0.1676  -0.0321  -0.0389   0.0004   0.1328
 -0.1177  -0.1211  -0.0175   0.0351  -0.0108   0.0532
 -0.1029  -0.0476  -0.0092   0.0261   0.0005  -0.0208
 -0.0921  -0.0528   0.0017   0.0001   0.0193   0.0150
 -0.0737  -0.0064  -0.0041  -0.0348   0.0073  -0.0410
 -0.0908  -0.0080  -0.0158   0.0021  -0.0082  -0.0946
 -0.0966  -0.0195  -0.0484   0.0759  -0.0226  -0.0944
 -0.0880  -0.0162  -0.0250   0.0332  -0.0323  -0.0652
 -0.0366  -0.0008  -0.0111  -0.0116   0.0069  -0.0194
 -0.0240  -0.0229  -0.0361  -0.0259   0.0276  -0.0376
 -0.0523  -0.0191  -0.0094  -0.0110   0.0093  -0.0955
 -0.0575  -0.0038  -0.0049   0.0262   0.0000  -0.0866
 -0.0555   0.0138  -0.0040  -0.0073   0.0020  -0.0785
 -0.0467   0.0339  -0.0136  -0.0234   0.0023  -0.0562
 -0.0581  -0.0018  -0.0153   0.0434   0.0001  -0.0831
 -0.0565  -0.0009   0.0027   0.0393   0.0059  -0.0648
 -0.0565   0.0458  -0.0130   0.0025  -0.0109  -0.0765
 -0.0581  -0.0076   0.0039   0.0425  -0.0292  -0.1121
 -0.0523   0.0124   0.0074   0.0447  -0.0312  -0.0880
 -0.0424   0.0344   0.0013   0.0138  -0.0378  -0.0820
 -0.0588  -0.0082   0.0093   0.1009  -0.0439  -0.1069
 -0.0478   0.0352   0.0172   0.0942  -0.0324  -0.0758
 -0.0477   0.0624   0.0054   0.0492  -0.0365  -0.0930
 -0.0645   0.0499  -0.0038   0.0378  -0.0324  -0.1199
 -0.0602   0.0710  -0.0136   0.0374  -0.0212  -0.0929
 -0.0561   0.0953  -0.0021  -0.0028  -0.0174  -0.0762
 -0.0629   0.0661  -0.0034   0.0216  -0.0244  -0.1015
 -0.0641   0.0805  -0.0038   0.0398  -0.0275  -0.1061
 -0.0607   0.1203  -0.0029  -0.0207  -0.0125  -0.1091
 -0.0505   0.1250   0.0003  -0.0272  -0.0107  -0.1276
  0.0953   0.1579  -0.0390   0.0448  -0.0339  -0.1272
  0.0942   0.1914  -0.0340  -0.0409  -0.0254  -0.0935
  0.1116   0.2350  -0.0144  -0.2329  -0.0284  -0.0504
  0.1053   0.2130   0.0082  -0.1756  -0.0162  -0.0831
  0.0991   0.2054  -0.0006  -0.1654  -0.0139  -0.0340
  0.1029   0.2227   0.0060  -0.2092  -0.0070  -0.0408
  0.0739   0.2418  -0.0055  -0.1463  -0.0169  -0.1153
  0.0867   0.2965  -0.0287  -0.1768  -0.0016  -0.1229
  0.0664   0.1987  -0.0187  -0.1348  -0.0041  -0.1249
  0.0605   0.2043  -0.0298  -0.1807  -0.0104  -0.0858
  0.0853   0.1704  -0.0488  -0.1385  -0.0092  -0.1744
  0.1014   0.2095  -0.0508  -0.1644   0.0120  -0.1380
  0.0913   0.2369  -0.0379  -0.1791  -0.0059  -0.1479
  0.0641   0.1975  -0.0422  -0.1456   0.0013  -0.1928
  0.0740   0.2058  -0.0511  -0.1257  -0.0040  -0.1793
  0.0827   0.2323  -0.0494  -0.1945  -0.0065  -0.1667
  0.0876   0.1894  -0.0478  -0.1719  -0.0068  -0.1448
  0.0612   0.1493  -0.0296  -0.1429  -0.0019  -0.1527
  0.0570   0.2092  -0.0383  -0.1727  -0.0142  -0.1568
  0.0517   0.2609  -0.0302  -0.2116  -0.0067  -0.1447
  0.0623   0.2582  -0.0088  -0.2359   0.0055  -0.1558
  0.0664   0.2168   0.0063  -0.2098  -0.0006  -0.1801
  0.0496   0.2355  -0.0101  -0.2048  -0.0017  -0.1700
  0.0503   0.2835  -0.0176  -0.2270  -0.0053  -0.1856
  0.0632   0.2682   0.0172  -0.2117   0.0139  -0.1893
  0.0581   0.2638   0.0074  -0.2397   0.0026  -0.1769
  0.0571   0.3330   0.0018  -0.3184  -0.0022  -0.1622
  0.0584   0.2831   0.0164  -0.2720  -0.0019  -0.2035
  0.0599   0.2764   0.0285  -0.3702   0.0004  -0.1823
  0.0604   0.9018   0.0470  -1.3305   0.0451  -0.1922
  0.1292   0.7961   0.0767  -0.6037   0.0840  -0.5554
  0.1183   0.7292   0.0546  -0.5528   0.0776  -0.4915
  0.1209   0.7666   0.0552  -0.5811   0.0781  -0.4857
  0.1288   0.7177   0.0705  -0.5469   0.0875  -0.5047
  0.1271   0.7223   0.0689  -0.5489   0.0827  -0.4994
  0.1171   0.7372   0.0649  -0.5684   0.0730  -0.4841
  0.1145   0.7381   0.0700  -0.6029   0.0845  -0.4927
  0.1025   0.6940   0.0628  -0.5630   0.0832  -0.5089
  0.1155   0.7102   0.0637  -0.5692   0.0758  -0.4984
  0.1235   0.7245   0.0569  -0.5772   0.0906  -0.5062
  0.1309   0.7918   0.0673  -0.6149   0.0869  -0.5124
  0.1264   0.6985   0.0700  -0.5336   0.0885  -0.5102
  0.1252   0.7021   0.0705  -0.5392   0.0792  -0.5030
  0.1233   0.7347   0.0522  -0.5804   0.0752  -0.5025
