 -0.0042  -0.0391   0.0205   0.0099  -0.0029   0.0017
 -0.0148  -0.0322   0.0014  -0.0111  -0.0051  -0.0333
 -0.0095  -0.0673   0.0024  -0.0056   0.0088  -0.0220
 -0.0148  -0.0543   0.0048  -0.0314   0.0069  -0.0059
 -0.0351  -0.0350  -0.0152  -0.0303  -0.0075   0.0247
 -0.0547  -0.0392  -0.0279  -0.0297  -0.0225  -0.0148
 -0.0720   0.0022  -0.0466  -0.0226  -0.0360   0.0035
 -0.0194   0.0450  -0.0395  -0.0177  -0.0481   0.0221
 -0.0337   0.0447  -0.0512  -0.0401  -0.0479  -0.0125
 -0.0432   0.0125  -0.0237  -0.0780  -0.0056   0.0100
 -0.0623   0.0789  -0.0476  -0.0320  -0.0209  -0.0389
 -0.0089   0.0532  -0.0297  -0.0420  -0.0244   0.0279
 -0.0095   0.0416  -0.0281  -0.0021  -0.0311   0.0872
 -0.0221   0.0980  -0.0307  -0.0539  -0.0454   0.0762
 -0.0188   0.1113  -0.0372  -0.0678  -0.0473   0.0819
 -0.0177   0.0850  -0.0048  -0.0271   0.0123   0.0187
 -0.0327   0.0484  -0.0314  -0.0462   0.0060   0.0270
 -0.0246   0.0509  -0.0178  -0.0253   0.0125   0.0473
 -0.0173   0.0416   0.0046  -0.0438   0.0213  -0.0051
 -0.0269  -0.0740  -0.0012  -0.0103   0.0189   0.0923
 -0.0235  -0.0643  -0.0016  -0.0264   0.0115   0.0739
 -0.0231  -0.0716   0.0073  -0.0070   0.0118   0.0362
 -0.0292  -0.0810   0.0124   0.0697   0.0124   0.1003
 -0.0345  -0.0785   0.0097   0.0375   0.0063   0.0409
 -0.0289  -0.0473   0.0067   0.0236   0.0071   0.0112
  0.0231   0.0275   0.0003   0.0092   0.0030  -0.0323
 -0.0335   0.0103   0.0120  -0.0135   0.0036  -0.0113
  0.0072  -0.0315   0.0010  -0.0314  -0.0042   0.0147
  0.0110  -0.0828   0.0115  -0.0326  -0.0029  -0.0569
  0.0028  -0.0819   0.0078   0.0238   0.0003   0.0180
  0.0007  -0.0743   0.0073   0.0287  -0.0033   0.0945
  0.0011  -0.0069   0.0053   0.0178  -0.0002   0.0356
  0.0209   0.0746   0.0110   0.0294  -0.0043  -0.0167
  0.0238   0.0606  -0.0006   0.0355  -0.0057   0.0615
  0.0173   0.0152   0.0063  -0.0089  -0.0164   0.0904
  0.0323   0.0174   0.0068   0.0317  -0.0053   0.0255
  0.0296  -0.0309   0.0245   0.0403  -0.0030   0.0630
  0.0330  -0.1123   0.0140   0.0296   0.0013   0.0795
  0.0378  -0.1407   0.0225   0.0591   0.0059   0.1029
  0.0435  -0.0875   0.0279   0.0938   0.0010   0.0558
  0.0901   0.0809   0.0470   0.1356   0.0094  -0.0331
  0.0917   0.1654   0.0263   0.0441  -0.0015   0.0052
  0.0037   0.1417   0.0482   0.0418   0.0073   0.0104
  0.0147   0.0983   0.0532   0.0051   0.0157   0.0001
  0.0157   0.0175   0.0822  -0.0581   0.0262   0.0118
 -0.0106  -0.0234   0.0583  -0.0820   0.0217   0.0890
  0.0110  -0.0181   0.0510   0.0452   0.0272   0.0849
  0.0042  -0.0096   0.0486   0.0926   0.0277   0.0792
  0.0575   0.1759   0.0955   0.2104   0.0472   0.0480
  0.1184   0.3389   0.0851   0.1999   0.0479  -0.0095
  0.0147   0.0818   0.0545  -0.0008  -0.0103   0.0874
 -0.0662  -0.1126   0.0461  -0.1185   0.0008   0.2156
 -0.0005  -0.0156   0.0327  -0.0277  -0.0050   0.0889
  0.0321   0.1685   0.0379   0.1825  -0.0011  -0.1952
 -0.0160  -0.0705   0.0305  -0.0438  -0.0112   0.0675
 -0.0667  -0.2649   0.0455  -0.1975   0.0096   0.2049
 -0.0270  -0.1853   0.0338  -0.0642  -0.0096   0.0715
 -0.0544  -0.2486   0.0079  -0.1386  -0.0244   0.0285
 -0.0621  -0.2521   0.0131  -0.0364  -0.0244  -0.0098
 -0.0643  -0.3271   0.0110   0.0009  -0.0331   0.0953
 -0.0679  -0.2947  -0.0147  -0.1978  -0.0390  -0.0243
 -0.0161  -0.1827  -0.0258  -0.0694  -0.0515  -0.1188
  0.0002  -0.0827  -0.0188   0.0631  -0.0497  -0.1539
 -0.0017  -0.0160   0.0053   0.0110   0.0015  -0.0085
 -0.0033  -0.0777  -0.0044  -0.0160  -0.0113  -0.0098
  0.0037  -0.0477  -0.0074   0.0082  -0.0051  -0.0036
  0.0292   0.0732  -0.0111   0.1020  -0.0076   0.0210
  0.0394   0.0336   0.0028   0.0686  -0.0111   0.0056
  0.0193  -0.1254   0.0066  -0.0683  -0.0101   0.0517
 -0.0368  -0.2166   0.0070  -0.1800   0.0095   0.1387
  0.0043  -0.2262   0.0338  -0.0599   0.0083   0.1589
 -0.0385  -0.2387   0.0341   0.0873   0.0242   0.0227
  0.0070  -0.2042   0.0401   0.0835   0.0230  -0.0648
 -0.0478  -0.1719   0.0186  -0.0062   0.0196  -0.0600
 -0.0111  -0.1651   0.0293  -0.0185   0.0018  -0.0084
  0.0008  -0.1150   0.0151  -0.0116   0.0105  -0.0054
  0.0108  -0.0110   0.0349   0.0257   0.0103  -0.0329
  0.0226   0.0519   0.0079   0.0731   0.0038  -0.0766
  0.1009   0.1894   0.0272   0.2871   0.0106  -0.0291
  0.0491   0.0234  -0.0014   0.0708   0.0057   0.0943
 -0.0724  -0.1559   0.0114  -0.1671   0.0185   0.0757
  0.0384   0.0917  -0.0079   0.2817   0.0247  -0.0231
  0.0337   0.0444  -0.0089   0.2278   0.0203   0.0267
  0.0110   0.1029   0.0202  -0.0214   0.0432   0.0512
  0.0762   0.2211   0.0068   0.2199   0.0357  -0.0068
  0.0065   0.0238   0.0169  -0.1243  -0.0070   0.0493
 -0.0173  -0.1188   0.0079  -0.3556   0.0460   0.0882
  0.0090  -0.0535   0.0026   0.0688  -0.0004   0.0573
  0.0558   0.0648  -0.0154   0.3917  -0.0034  -0.1190
  0.0587   0.1900  -0.0216   0.3648  -0.0144  -0.0706
  0.0101   0.3040  -0.0348   0.1572  -0.0114  -0.0328
  0.0491   0.1995  -0.0103   0.0832   0.0115   0.0018
  0.0157   0.0863  -0.0171   0.0183   0.0134  -0.0229
 -0.0453   0.1791  -0.0313   0.0506   0.0159  -0.0164
  0.0025   0.1510  -0.0713  -0.2289  -0.0156   0.0740
 -0.1106  -0.3966  -0.0746  -0.7105  -0.0073   0.1395
 -0.0601  -0.5483  -0.0148  -0.5632   0.0003   0.1002
 -0.0180  -0.1934  -0.0187  -0.0414  -0.0083  -0.0528
 -0.0215  -0.1223  -0.0130  -0.0255  -0.0018  -0.1998
  0.0755   0.1533  -0.0390   0.3463   0.0034  -0.1598
  0.0886   0.2897  -0.0602   0.5625  -0.0209  -0.2092
  0.0064   0.1684  -0.0453   0.1492  -0.0054  -0.0428
  0.0214   0.2525  -0.0540  -0.0145  -0.0030  -0.0879
 -0.0047   0.1756  -0.0257  -0.0038  -0.0020  -0.0631
 -0.0504  -0.0918  -0.0261  -0.3929   0.0131   0.0095
 -0.0663  -0.1966  -0.0328  -0.3975   0.0110  -0.0075
 -0.0212   0.0139  -0.0403   0.0209   0.0059  -0.0926
  0.0159   0.1832  -0.0475   0.3210  -0.0027  -0.1637
  0.0486   0.2216  -0.0427   0.3817  -0.0133  -0.1478
  0.0502   0.1173  -0.0296   0.0444  -0.0099  -0.0832
  0.0146   0.1434  -0.0398  -0.0710  -0.0036  -0.1344
 -0.0206  -0.0265  -0.0197  -0.3097   0.0032  -0.0324
 -0.0434  -0.1903  -0.0132  -0.5420   0.0083  -0.0559
 -0.0586  -0.1699  -0.0165  -0.3960   0.0126  -0.1323
  0.0065   0.0554  -0.0393   0.0064   0.0081  -0.2179
  0.0019   0.1497  -0.0298   0.2273  -0.0008  -0.2524
  0.0344   0.1927  -0.0385   0.1455  -0.0067  -0.1385
  0.0182   0.0704  -0.0416  -0.1346  -0.0119  -0.0633
  0.0437   0.1581  -0.0364   0.0136  -0.0133  -0.1024
  0.0344   0.3624  -0.0124  -0.2703   0.0050  -0.0472
