  0.1111  -0.2041  -0.1044   0.2235   0.0727  -0.0302
  0.1095  -0.2360  -0.0838   0.2237   0.0612   0.0078
  0.1011  -0.2248  -0.0874   0.2332   0.0620   0.0510
  0.1058  -0.2360  -0.0695   0.2328   0.0582   0.0012
  0.0980  -0.2170  -0.0720   0.2165   0.0560   0.0598
  0.1002  -0.1981  -0.0654   0.2135   0.0616  -0.0099
  0.1020  -0.2177  -0.0620   0.1923   0.0538  -0.0140
  0.0975  -0.1878  -0.0658   0.1853   0.0500   0.0199
  0.0823  -0.1797  -0.0673   0.1798   0.0412  -0.0362
  0.0665  -0.1860  -0.0484   0.2037   0.0306  -0.0416
  0.0632  -0.1705  -0.0546   0.1857   0.0288   0.0337
  0.0752  -0.1837  -0.0377   0.1651   0.0337   0.0302
  0.0675  -0.1934  -0.0318   0.1974   0.0295   0.0054
  0.0639  -0.1806  -0.0429   0.1844   0.0296   0.0132
  0.0609  -0.1628  -0.0508   0.1926   0.0300  -0.0378
  0.0619  -0.1903  -0.0532   0.1898   0.0302  -0.0342
  0.0613  -0.1836  -0.0586   0.1839   0.0272  -0.0238
  0.0661  -0.2132  -0.0621   0.1923   0.0334  -0.0223
  0.0628  -0.2066  -0.0645   0.2079   0.0360   0.0232
  0.0614  -0.1977  -0.0504   0.1895   0.0253  -0.0172
  0.0586  -0.1762  -0.0570   0.1781   0.0218  -0.0652
  0.0607  -0.1854  -0.0484   0.1802   0.0245  -0.0027
  0.0528  -0.1858  -0.0476   0.1838   0.0208   0.0162
  0.0478  -0.1705  -0.0564   0.1725   0.0194   0.0073
  0.0448  -0.1925  -0.0656   0.1631   0.0223   0.0625
  0.0386  -0.1861  -0.0609   0.1727   0.0187   0.0148
  0.0393  -0.1720  -0.0454   0.1391   0.0112   0.0145
  0.0462  -0.1861  -0.0442   0.1483   0.0175   0.0340
  0.0462  -0.1948  -0.0387   0.1606   0.0199  -0.0121
  0.0400  -0.1884  -0.0265   0.1532   0.0094   0.0004
  0.0384  -0.1744  -0.0288   0.1361   0.0096   0.0497
  0.0375  -0.1847  -0.0258   0.1535   0.0139   0.0009
  0.0350  -0.1827  -0.0169   0.1516   0.0077  -0.0037
  0.0382  -0.1607  -0.0255   0.1326   0.0105  -0.0026
  0.0401  -0.1650  -0.0139   0.1266   0.0134   0.0089
  0.0423  -0.1683  -0.0054   0.1340   0.0136  -0.0051
  0.0467  -0.1788  -0.0023   0.1202   0.0129  -0.0167
  0.0421  -0.1531  -0.0066   0.1090   0.0123  -0.0170
  0.0464  -0.1453  -0.0072   0.0972   0.0145   0.0094
  0.0456  -0.1499  -0.0039   0.1043   0.0189  -0.0051
  0.0402  -0.1527   0.0065   0.1083   0.0136   0.0109
  0.0513  -0.1626   0.0126   0.0889   0.0168   0.0506
  0.0477  -0.1557   0.0126   0.0845   0.0178   0.0397
  0.0321  -0.1452   0.0129   0.0536   0.0126  -0.0230
  0.0389  -0.1165   0.0167   0.0567   0.0134   0.0041
  0.0338  -0.0751   0.0117   0.0512   0.0127   0.0367
  0.0251  -0.0283   0.0178   0.0176   0.0094   0.0416
  0.0180  -0.0218   0.0280   0.0247   0.0016  -0.0181
  0.0202  -0.0136   0.0301   0.0150   0.0048   0.0015
  0.0242  -0.0014   0.0498   0.0204   0.0063   0.0113
  0.0332   0.0005   0.0479   0.0190   0.0117   0.0637
  0.0202   0.0146   0.0436   0.0175   0.0043   0.0523
  0.0161   0.0179   0.0414   0.0233  -0.0002   0.0740
  0.0072  -0.0039   0.0003   0.0960   0.0029   0.0113
  0.0110   0.0152  -0.0088   0.0373   0.0049   0.0067
  0.0201   0.0018   0.0064   0.0602   0.0079  -0.0063
  0.0100  -0.0032   0.0147   0.0766   0.0067   0.0577
  0.0136  -0.0089   0.0027   0.0816   0.0104   0.0482
  0.0189   0.0290   0.0097   0.0470   0.0067  -0.0021
  0.0338  -0.0049   0.0112   0.0506   0.0179   0.0030
  0.0322   0.0131   0.0130   0.0351   0.0184   0.0105
  0.0338   0.0174   0.0161   0.0440   0.0164   0.0113
  0.0379   0.0132   0.0211   0.0465   0.0221   0.0386
  0.0289   0.0138   0.0241   0.0593   0.0140   0.0418
  0.0288   0.0245   0.0308   0.0259   0.0084   0.0325
  0.0203   0.0417   0.0293   0.0383   0.0141  -0.0011
  0.0197   0.0448   0.0346   0.0168   0.0105  -0.0358
  0.0208   0.0410   0.0355   0.0169   0.0122  -0.0168
  0.0239   0.0348   0.0175   0.0182   0.0161  -0.0207
  0.0331   0.0319   0.0323  -0.0131   0.0166   0.0019
  0.0223   0.0569   0.0178   0.0010   0.0175  -0.0525
  0.0137   0.0906   0.0299  -0.0063   0.0097   0.0151
  0.0125   0.0895   0.0307  -0.0191   0.0065   0.0256
  0.0186   0.0839   0.0321  -0.0222   0.0096   0.0091
  0.0150   0.0883   0.0367  -0.0154   0.0131   0.0455
  0.0125   0.0739   0.0295   0.0054   0.0117   0.0540
 -0.0039   0.0788   0.0364  -0.0115  -0.0002   0.0049
 -0.0105   0.1114   0.0316  -0.0454  -0.0030   0.0104
 -0.0065   0.0947   0.0301  -0.0465  -0.0002  -0.0022
 -0.0062   0.0771   0.0361  -0.0395  -0.0005  -0.0025
 -0.0079   0.0705   0.0371  -0.0449  -0.0037   0.0825
 -0.0211   0.0945   0.0265  -0.0449  -0.0098   0.0520
 -0.0230   0.1203   0.0160  -0.0522  -0.0052   0.0265
 -0.0101   0.1046   0.0122  -0.0524   0.0014   0.0326
 -0.0000   0.0845   0.0128  -0.0451   0.0065  -0.0015
 -0.0021   0.0822   0.0081  -0.0622   0.0069   0.0330
 -0.0129   0.1023   0.0023  -0.0594   0.0036   0.0556
 -0.0184   0.1062   0.0022  -0.0466   0.0000   0.0119
 -0.0182   0.0908   0.0017  -0.0637  -0.0022   0.0199
 -0.0113   0.0847  -0.0013  -0.0747   0.0001  -0.0462
 -0.0081   0.0607  -0.0003  -0.0574  -0.0009   0.0592
 -0.0273   0.1017   0.0018  -0.0493  -0.0094  -0.0225
 -0.0263   0.0966   0.0067  -0.0768  -0.0176   0.0343
 -0.0218   0.0975  -0.0068  -0.0835  -0.0094  -0.0325
 -0.0237   0.0807  -0.0081  -0.0495  -0.0091   0.0333
 -0.0355   0.0877  -0.0089  -0.0643  -0.0148  -0.0073
 -0.0413   0.1230  -0.0095  -0.0875  -0.0190  -0.0142
 -0.0338   0.1254  -0.0098  -0.0890  -0.0144  -0.0019
 -0.0284   0.1078  -0.0087  -0.0894  -0.0090   0.0069
 -0.0360   0.1081  -0.0063  -0.0952  -0.0177   0.0155
 -0.0474   0.1384  -0.0080  -0.1040  -0.0223   0.0149
 -0.0344   0.1216  -0.0150  -0.1137  -0.0174   0.0045
 -0.0556   0.1533  -0.0101  -0.0953  -0.0257  -0.0425
 -0.0474   0.1422  -0.0067  -0.1149  -0.0300   0.0268
 -0.0504   0.1483  -0.0113  -0.0939  -0.0259  -0.0283
 -0.0509   0.1245  -0.0146  -0.0963  -0.0248   0.0652
 -0.0526   0.1440  -0.0153  -0.1085  -0.0278   0.0010
 -0.0636   0.1686  -0.0203  -0.1228  -0.0316   0.0084
 -0.0536   0.1245  -0.0271  -0.0904  -0.0203   0.0414
 -0.0667   0.1387  -0.0483  -0.1303  -0.0243   0.0024
 -0.0574   0.1759  -0.0275  -0.1342  -0.0268   0.0310
 -0.0528   0.1779  -0.0114  -0.1423  -0.0302   0.0114
 -0.0541   0.1798  -0.0110  -0.1354  -0.0309   0.0745
 -0.0611   0.1784  -0.0108  -0.1266  -0.0316   0.0176
 -0.0632   0.1778  -0.0079  -0.1235  -0.0290   0.0263
 -0.0638   0.1935   0.0008  -0.1449  -0.0343  -0.0224
 -0.0657   0.1832   0.0028  -0.1589  -0.0360  -0.0014
 -0.0680   0.2007   0.0126  -0.1634  -0.0395  -0.0525
 -0.0641   0.2081   0.0222  -0.1758  -0.0372  -0.0202
 -0.0610   0.1938   0.0321  -0.1840  -0.0360  -0.0379
 -0.0707   0.2016   0.0441  -0.1685  -0.0441   0.0562
 -0.0800   0.2086   0.0483  -0.1508  -0.0466   0.0276
 -0.0907   0.1991   0.0734  -0.1725  -0.0584  -0.0316
 -0.0920   0.1885   0.0819  -0.2048  -0.0632   0.0347
 -0.0756   0.1626   0.0716  -0.1891  -0.0544   0.0205
 -0.0702   0.1661   0.0564  -0.1676  -0.0406   0.0199
 -0.0662   0.1669   0.0550  -0.2043  -0.0396   0.0704
 -0.0670   0.1666   0.0542  -0.2094  -0.0382   0.0266
 -0.0699   0.1880   0.0561  -0.2172  -0.0401  -0.0326
 -0.0645   0.1865   0.0541  -0.2177  -0.0395   0.0635
 -0.0530   0.1755   0.0484  -0.2264  -0.0312  -0.0263
 -0.0524   0.1775   0.0448  -0.2287  -0.0279   0.0718
 -0.0594   0.1851   0.0451  -0.2310  -0.0293   0.0996
 -0.0502   0.0934   0.0270  -0.1338  -0.0248   0.1181
 -0.0514   0.0325   0.0132  -0.0375  -0.0208   0.0205
 -0.0559   0.0493   0.0314  -0.0690  -0.0325  -0.0435
 -0.0467   0.0360   0.0259  -0.0647  -0.0258  -0.0757
 -0.0372   0.0024   0.0275  -0.0445  -0.0222  -0.0460
 -0.0459   0.0103   0.0141  -0.0404  -0.0195  -0.0041
 -0.0539   0.0337   0.0096  -0.0264  -0.0165  -0.1101
 -0.0443   0.0020   0.0176  -0.0459  -0.0217  -0.0971
 -0.0346  -0.0124   0.0162  -0.0445  -0.0153  -0.0692
 -0.0399  -0.0150   0.0199  -0.0289  -0.0174  -0.0314
 -0.0469  -0.0032   0.0181  -0.0328  -0.0209  -0.0837
 -0.0410   0.0025   0.0084  -0.0435  -0.0130  -0.0592
 -0.0235  -0.0514   0.0184  -0.0375  -0.0125  -0.0452
 -0.0393  -0.0277   0.0144  -0.0307  -0.0164  -0.0204
 -0.0435  -0.0059   0.0178  -0.0300  -0.0163  -0.0560
 -0.0376  -0.0189   0.0214  -0.0483  -0.0182  -0.1154
 -0.0275  -0.0365   0.0200  -0.0492  -0.0135  -0.0689
 -0.0297  -0.0323   0.0156  -0.0390  -0.0109  -0.0657
 -0.0328  -0.0374   0.0167  -0.0247  -0.0126  -0.0426
 -0.0344  -0.0275   0.0266  -0.0428  -0.0184  -0.0861
 -0.0358  -0.0323  -0.0005  -0.0443  -0.0117  -0.1549
  0.0057  -0.0421   0.0000  -0.0479   0.0173  -0.0848
  0.0009  -0.0517  -0.0199  -0.0456   0.0204   0.0025
 -0.0073  -0.0647  -0.0264  -0.0324   0.0167  -0.0207
 -0.0036  -0.0730  -0.0154  -0.0444   0.0148   0.0019
 -0.0074  -0.0706  -0.0084  -0.0603   0.0108  -0.0529
 -0.0127  -0.0767  -0.0180  -0.0762   0.0079  -0.1238
 -0.0035  -0.0606  -0.0068  -0.0553   0.0075  -0.0417
 -0.0004  -0.0626  -0.0026  -0.0493   0.0131  -0.0821
