 -0.0345  -0.0755  -0.0185   0.0016  -0.0066   0.0283
 -0.0562  -0.1391   0.0290   0.0114  -0.0270  -0.0383
 -0.0059  -0.1194   0.0420   0.0457  -0.0056  -0.0054
 -0.0101  -0.1002  -0.0253   0.0139   0.0076  -0.0599
 -0.0043  -0.0521  -0.0114   0.0114   0.0029   0.0135
 -0.0260  -0.0239  -0.0137  -0.0112  -0.0020  -0.0254
 -0.0088  -0.0123  -0.0301  -0.0330  -0.0094  -0.0021
 -0.0097  -0.0089  -0.0103  -0.0443  -0.0048   0.0307
 -0.0096  -0.0236  -0.0037  -0.0248   0.0101  -0.0363
  0.0039   0.0044   0.0033  -0.0398   0.0150   0.0517
  0.0073  -0.0122   0.0016  -0.0086   0.0157  -0.0287
  0.0075   0.0225   0.0037  -0.0386   0.0202   0.0398
  0.0082   0.0107   0.0184  -0.0604   0.0221  -0.0146
 -0.0062   0.0132   0.0082  -0.0550   0.0131   0.0013
 -0.0040   0.0373  -0.0126  -0.0780   0.0101   0.0058
 -0.0075   0.0065  -0.0240  -0.0979   0.0064  -0.0375
 -0.0031   0.0284  -0.0219  -0.1038   0.0097   0.0472
  0.0084   0.0094  -0.0087  -0.0900   0.0007  -0.0344
 -0.0059   0.0387  -0.0136  -0.0913   0.0147   0.0113
 -0.0159   0.0308  -0.0058  -0.0644   0.0113   0.0007
 -0.0066   0.0225  -0.0127  -0.0493   0.0171   0.0137
  0.0024   0.0204  -0.0155  -0.0407   0.0122   0.0414
 -0.0041   0.0204  -0.0014  -0.0475   0.0163   0.0066
 -0.0048   0.0206  -0.0015  -0.0403   0.0094   0.0402
 -0.0188  -0.0144   0.0013  -0.0155   0.0009  -0.0086
 -0.0185   0.0121   0.0065  -0.0578   0.0178   0.0443
 -0.0080   0.0025   0.0149  -0.0406   0.0280   0.0050
 -0.0187   0.0044  -0.0048  -0.0550   0.0231   0.0137
 -0.0207  -0.0051  -0.0107  -0.0791   0.0166   0.0820
 -0.0238  -0.0075  -0.0160  -0.0826   0.0158  -0.0115
 -0.0070  -0.0099  -0.0208  -0.0762   0.0290   0.0150
 -0.0031   0.0042  -0.0191  -0.0785   0.0303   0.0398
 -0.0087  -0.0026  -0.0146  -0.0663   0.0267  -0.0014
 -0.0101   0.0340  -0.0183  -0.0747   0.0214   0.0290
 -0.0245  -0.0011  -0.0393  -0.0773   0.0096  -0.0622
 -0.0090   0.0143  -0.0194  -0.0710   0.0121   0.0716
  0.0008   0.0342  -0.0176  -0.0662   0.0139   0.0296
  0.0092   0.0274  -0.0076  -0.0692   0.0224   0.0003
  0.0101   0.0213  -0.0151  -0.0713   0.0261   0.0196
  0.0026  -0.0072  -0.0203  -0.0332   0.0197  -0.0261
  0.0050   0.0114  -0.0174  -0.0156   0.0087   0.0218
 -0.0052   0.0272  -0.0088  -0.0402   0.0200   0.0017
 -0.0163   0.0280  -0.0297  -0.0530   0.0293   0.0435
 -0.0144   0.0065  -0.0272  -0.0119   0.0149  -0.0335
 -0.0094   0.0260  -0.0263  -0.0359   0.0149   0.0564
 -0.0037   0.0265  -0.0077  -0.0388  -0.0015  -0.0379
  0.0031   0.0349  -0.0091  -0.0806   0.0019   0.0547
  0.0147   0.0137   0.0146  -0.0819   0.0380  -0.0346
  0.0041   0.0169  -0.0035  -0.0836   0.0303   0.0263
  0.0152   0.0177  -0.0047  -0.0740   0.0274   0.0204
  0.0089  -0.0224  -0.0003  -0.0436   0.0170  -0.0173
  0.0126   0.0046  -0.0048  -0.0295   0.0126   0.0317
  0.0090   0.0101   0.0022  -0.0338   0.0188  -0.0025
  0.0073   0.0173   0.0003  -0.0381   0.0121   0.0218
  0.1010   0.0270  -0.0154   0.0504  -0.0765  -0.1108
  0.0416   0.0351   0.0538   0.0713  -0.0316   0.0213
  0.0336   0.0292   0.0530   0.0122  -0.0166  -0.0257
  0.0260   0.0484   0.0290   0.0449  -0.0136  -0.0133
  0.0322   0.0271   0.0139   0.0788  -0.0269  -0.0324
  0.0233   0.1518   0.0296   0.0264  -0.0276   0.0613
  0.0447   0.0621   0.0049   0.0692  -0.0177  -0.0513
  0.0355   0.0521   0.0123   0.0511  -0.0140   0.0305
  0.0297   0.0374   0.0299  -0.0240   0.0023  -0.0776
 -0.0100  -0.0264   0.0144  -0.0221  -0.0343   0.0808
 -0.0208  -0.0319   0.0090   0.0139  -0.0298  -0.0684
 -0.0090  -0.0150   0.0062   0.0174  -0.0183   0.0178
  0.0003  -0.0175   0.0128   0.0434  -0.0256  -0.0394
 -0.0081  -0.0399   0.0007   0.0474  -0.0329   0.0482
 -0.0107  -0.0167   0.0045   0.0332  -0.0270  -0.0196
 -0.0178   0.0174  -0.0111   0.0112  -0.0245   0.0374
 -0.0120  -0.0165   0.0019   0.0371  -0.0237  -0.0505
 -0.0100  -0.0396  -0.0190  -0.0023  -0.0122   0.0449
 -0.0052  -0.0503  -0.0300   0.0173  -0.0186  -0.0102
  0.0043  -0.0196  -0.0341   0.2244  -0.0610  -0.1557
  0.0011  -0.0231   0.0299   0.2684  -0.0413  -0.0441
 -0.0061  -0.0306   0.0380   0.2089  -0.0275  -0.0035
  0.0386  -0.0217   0.0598   0.2193  -0.0138   0.0097
  0.0196  -0.0158   0.0173   0.2320  -0.0170   0.0028
  0.0041  -0.0577   0.0305   0.2583  -0.0202  -0.0308
 -0.0046  -0.0477   0.0271   0.2454  -0.0100  -0.0440
 -0.0035  -0.0256   0.0305   0.2001  -0.0330  -0.0217
 -0.0115  -0.0414   0.0480   0.2228  -0.0327  -0.0124
