 -0.2559  -1.6011   0.0691   0.1614  -0.0868   0.4588
 -0.2466  -1.5395   0.0656   0.2025  -0.0962   0.4248
 -0.2379  -1.4986   0.0605   0.1865  -0.0667   0.4273
 -0.2701  -1.4860   0.0907   0.1778  -0.0831   0.3963
 -0.2496  -1.4976   0.0954   0.1640  -0.0730   0.4068
 -0.2495  -1.4760   0.0833   0.1475  -0.0710   0.3919
 -0.2507  -1.4751   0.0871   0.1412  -0.0714   0.3566
 -0.2528  -1.4595   0.0725   0.1824  -0.0734   0.3590
 -0.2675  -1.4261   0.0643   0.1707  -0.0895   0.3765
 -0.2571  -1.4145   0.0811   0.1687  -0.0932   0.3485
 -0.2367  -1.3959   0.0664   0.1627  -0.0632   0.3570
 -0.2261  -1.3870   0.0816   0.1288  -0.0660   0.3539
 -0.2425  -1.3623   0.0842   0.1483  -0.0739   0.3398
 -0.2318  -1.3126   0.0805   0.1392  -0.0654   0.3391
 -0.2571  -1.2747   0.1170   0.1095  -0.0737   0.3271
 -0.2533  -1.2813   0.1111   0.1379  -0.0798   0.3320
 -0.2321  -1.1979   0.1087   0.1251  -0.0683   0.3244
 -0.2334  -1.1809   0.1112   0.1083  -0.0666   0.2926
 -0.2067  -1.1797   0.1144   0.1004  -0.0433   0.3065
 -0.1673  -1.1722   0.1110   0.1176  -0.0253   0.2816
 -0.1554  -1.1251   0.1101   0.1465  -0.0138   0.2941
 -0.1379  -1.1413   0.1202   0.1591  -0.0104   0.2758
 -0.1402  -1.1225   0.1270   0.1473  -0.0011   0.2768
 -0.1019  -1.0877   0.1279   0.1518   0.0140   0.2841
 -0.0662  -1.1046   0.1437   0.1465   0.0132   0.2488
 -0.0566  -1.0811   0.1379   0.1562   0.0109   0.2563
 -0.0203  -1.0780   0.1461   0.1598   0.0224   0.2467
 -0.0244  -1.0684   0.1469   0.1891   0.0266   0.2338
 -0.0207  -1.0609   0.1248   0.1721   0.0215   0.2413
 -0.0018  -1.0655   0.1432   0.1435   0.0148   0.2248
  0.0032  -1.0740   0.1553   0.1495   0.0379   0.2217
  0.0263  -1.0528   0.1717   0.1369   0.0274   0.2109
  0.0097  -0.9380   0.1672   0.1292   0.0320   0.1859
  0.0195  -0.8982   0.1819   0.1349   0.0366   0.1906
  0.0388  -0.9262   0.1912   0.1503   0.0269   0.1567
  0.0355  -0.9039   0.1795   0.1305   0.0324   0.1925
  0.0327  -0.9108   0.1878   0.1360   0.0191   0.1447
  0.0260  -0.8597   0.1784   0.1511   0.0278   0.1520
  0.0791  -0.8566   0.1789   0.1466   0.0370   0.1483
  0.7935  -0.4245  -0.3440   0.0656   0.2753   0.0509
  0.8965  -0.4308  -0.4115   0.0973   0.3213   0.0598
  0.9515  -0.4406  -0.3931   0.1203   0.3137   0.0207
  0.9724  -0.4489  -0.4188   0.1208   0.3256   0.0608
  0.9689  -0.4368  -0.4044   0.1002   0.3176   0.0325
  0.9426  -0.4328  -0.4142   0.1259   0.3134   0.0491
  0.8628  -0.4667  -0.3591   0.0975   0.2934   0.0376
  0.8699  -0.4746  -0.3637   0.0940   0.2784   0.0258
  0.8930  -0.4252  -0.3698   0.0604   0.3191   0.0465
  0.8326  -0.4727  -0.3425   0.0722   0.2713   0.0216
  0.8017  -0.4814  -0.3056   0.1091   0.2950   0.0589
  0.8089  -0.4702  -0.2778   0.0934   0.2956   0.0379
  0.7697  -0.4476  -0.2788   0.0946   0.2822   0.0485
  0.7479  -0.4855  -0.2555   0.1098   0.2751   0.0441
  0.7313  -0.4833  -0.2293   0.1083   0.2668   0.0464
  0.7261  -0.5008  -0.2371   0.0910   0.2811   0.0534
  0.6792  -0.5568  -0.2001   0.0829   0.2443   0.0667
  0.6829  -0.5346  -0.1857   0.0828   0.2441   0.0501
  0.6371  -0.5240  -0.1534   0.0840   0.2488   0.0531
  0.6493  -0.4827  -0.1582   0.0303   0.2570   0.0400
  0.6648  -0.4982  -0.1543   0.0517   0.2522   0.0343
  0.6560  -0.5000  -0.1505   0.0859   0.2659   0.0498
  0.6086  -0.5233  -0.1442   0.0796   0.2459   0.0470
  0.5952  -0.5455  -0.1222   0.0727   0.2498   0.0310
  0.6259  -0.5281  -0.1107   0.0880   0.2530   0.0427
  0.6358  -0.5344  -0.1166   0.0566   0.2597   0.0405
  0.6574  -0.5321  -0.1406   0.0664   0.2582   0.0285
  0.6368  -0.5116  -0.1322   0.0853   0.2656   0.0572
  0.6304  -0.5180  -0.1355   0.0821   0.2550   0.0355
  0.6203  -0.5079  -0.1315   0.1095   0.2533   0.0457
  0.6417  -0.5006  -0.1394   0.0842   0.2643   0.0386
  0.6369  -0.5059  -0.1290   0.0984   0.2606   0.0175
  0.6294  -0.5032  -0.1394   0.1026   0.2593   0.0403
  0.6502  -0.5161  -0.0991   0.0577   0.2654   0.0340
  0.5611  -0.5155  -0.0284   0.0622   0.2342   0.0568
  0.6027  -0.4898  -0.0548   0.0242   0.2462   0.0238
  0.5723  -0.4874  -0.0596   0.0352   0.2327   0.0268
  0.5838  -0.4737  -0.0835   0.0601   0.2510   0.0395
  0.5930  -0.4664  -0.0798   0.0640   0.2382   0.0294
  0.5967  -0.4321  -0.0869   0.0837   0.2426   0.0429
  0.5908  -0.4663  -0.0761   0.0731   0.2341   0.0232
  0.5963  -0.4616  -0.0738   0.0831   0.2399   0.0209
  0.5986  -0.4528  -0.0675   0.0725   0.2446   0.0407
  0.5866  -0.4665  -0.0644   0.0737   0.2398   0.0368
  0.5878  -0.4477  -0.0615   0.0947   0.2273   0.0298
  0.6042  -0.4386  -0.0518   0.0696   0.2512   0.0369
  0.5954  -0.4414  -0.0497   0.0650   0.2333   0.0056
  0.5727  -0.4563  -0.0469   0.0718   0.2343   0.0474
  0.5877  -0.4675  -0.0386   0.0327   0.2366   0.0463
  0.5664  -0.4624  -0.0435   0.0352   0.2222   0.0365
  0.5456  -0.4550  -0.0349   0.0238   0.2004   0.0650
  0.5551  -0.4393  -0.0402   0.0425   0.2114   0.0110
  0.5864  -0.4264  -0.0616   0.0464   0.2267   0.0363
  0.5857  -0.4364  -0.0583   0.0369   0.2274   0.0130
  0.5918  -0.4150  -0.0647   0.0555   0.2358   0.0332
  0.6023  -0.4194  -0.0565   0.0396   0.2297   0.0181
  0.6078  -0.4355  -0.0507   0.0303   0.2182   0.0062
  0.5899  -0.4111  -0.0660   0.0222   0.2251   0.0273
  0.5019  -0.4642  -0.0466  -0.0420   0.1826   0.0602
  0.3764  -0.1368  -0.0906   0.0328   0.1363   0.0236
  0.3464  -0.0993   0.0258   0.5412   0.1521  -0.0875
 -0.0005  -0.1786  -0.1105   0.0747   0.0332   0.0259
 -0.0176  -0.1974  -0.1080  -0.0152   0.0077   0.0266
  0.0526  -0.0750  -0.0033  -0.0162   0.0523   0.0208
  0.0945  -0.0728   0.0154  -0.0049   0.0609  -0.0084
  0.1254  -0.0673   0.0283   0.0293   0.0795   0.0112
  0.1755  -0.0152   0.0489  -0.0151   0.0824  -0.0369
  0.1800  -0.0540   0.0462  -0.0165   0.1031  -0.0124
  0.1874  -0.0423   0.0502  -0.0398   0.1167   0.0076
  0.2260  -0.0504   0.0679  -0.0268   0.1066  -0.0245
  0.2039  -0.0561   0.0636  -0.0215   0.1237  -0.0001
  0.2174  -0.0420   0.0414  -0.0421   0.1232  -0.0283
  0.2396  -0.0407  -0.0008  -0.0351   0.1232  -0.0262
  0.2355  -0.0232  -0.0043  -0.0136   0.1301  -0.0146
  0.2342  -0.0140   0.0320  -0.0238   0.1319  -0.0306
  0.2501  -0.0187   0.0258  -0.0284   0.1192  -0.0408
  0.2447   0.0161   0.0358  -0.0295   0.1374  -0.0196
  0.2555   0.0351   0.0505  -0.0505   0.1439  -0.0427
  0.2129   0.0162   0.0673  -0.0450   0.1323  -0.0146
  0.2750   0.0282   0.1868   0.2909   0.1808  -0.0865
  0.2480   0.1679   0.2524   0.4921   0.1368  -0.1677
  0.2378   0.1226   0.4001   0.9102   0.0866  -0.1382
  0.2696   0.1178   0.3362   1.5132   0.1776  -0.4513
  0.0610   0.0532   0.2293   1.6372   0.0613  -0.4328
 -0.2460   0.2946   0.2606   0.8781  -0.1013  -0.2340
 -0.3906   0.0150  -0.0111   0.0594  -0.1380   0.0205
 -0.3508   0.2291  -0.0186  -0.0065  -0.1627   0.0316
 -0.3186   0.4128   0.0381  -0.0333  -0.1012  -0.0072
 -0.3274   0.4334   0.0371  -0.0459  -0.1107  -0.0573
 -0.3332   0.2944   0.0359  -0.0705  -0.1254  -0.0227
 -0.3265   0.2971   0.0526  -0.0200  -0.1315  -0.0599
 -0.3321   0.3519   0.0424  -0.0776  -0.1181  -0.0250
 -0.3244   0.3157   0.0339  -0.0783  -0.1265  -0.0653
 -0.3237   0.4002   0.0205  -0.1288  -0.1230  -0.0310
 -0.3118   0.4006   0.0286  -0.1340  -0.1215  -0.0603
 -0.3298   0.4231   0.0231  -0.1136  -0.1166  -0.0447
 -0.3138   0.4327   0.0341  -0.1151  -0.1352  -0.0634
 -0.3138   0.4757   0.0245  -0.1405  -0.1338  -0.0477
 -0.2627   0.5141   0.0372  -0.1444  -0.1011  -0.0688
 -0.2552   0.4832   0.0402  -0.0958  -0.1131  -0.0673
 -0.2193   0.5327   0.0194  -0.1541  -0.0929  -0.0648
 -0.1648   0.5472   0.0912  -0.1422  -0.0889  -0.0725
 -0.2710   0.4928   0.0876  -0.1556  -0.1109  -0.0523
 -0.3090   0.4755   0.0955  -0.1596  -0.1353  -0.0776
 -0.3176   0.4823   0.0822  -0.1577  -0.1291  -0.0611
 -0.3125   0.4334   0.0566  -0.1574  -0.0976  -0.0459
 -0.3423   0.3948   0.0688  -0.1462  -0.1193  -0.0603
 -0.3458   0.4287   0.0648  -0.1576  -0.1248  -0.0511
 -0.3339   0.4516   0.0546  -0.1865  -0.1158  -0.0635
 -0.3418   0.4385   0.0457  -0.1899  -0.1186  -0.0669
 -0.3310   0.4523   0.0619  -0.1530  -0.1171  -0.0402
 -0.3485   0.4227   0.0672  -0.1826  -0.1232  -0.0605
 -0.3437   0.4540   0.0673  -0.1926  -0.1164  -0.0414
 -0.3231   0.4721   0.0531  -0.2125  -0.1113  -0.0461
 -0.3359   0.4374   0.0496  -0.2274  -0.1168  -0.0575
 -0.3245   0.4597   0.0317  -0.2051  -0.1103  -0.0350
 -0.3191   0.4408   0.0234  -0.2217  -0.1069  -0.0423
 -0.3206   0.4666   0.0170  -0.2096  -0.1146  -0.0680
 -0.1851   0.4537   0.1853   0.3209  -0.0984  -0.1341
 -0.0663   0.5673   0.3803   1.3429  -0.1230  -0.3233
  0.0820   0.2574   0.3934   1.1871  -0.2246  -0.3828
 -0.2121   0.2949   0.1518   0.3625  -0.1801  -0.1401
 -0.4326   0.6984  -0.1848  -0.1566  -0.1910  -0.0618
 -0.4263   0.6707  -0.1974  -0.0523  -0.1875  -0.0891
 -0.4268   0.6928  -0.1924  -0.0524  -0.2016  -0.0867
 -0.3292   0.7449  -0.1909  -0.0453  -0.1998  -0.0861
 -0.2048   0.8666  -0.1157   0.0660  -0.1812  -0.1330
 -0.3524   0.8028   0.0212   0.2454  -0.2299  -0.1608
 -0.4097   0.7388   0.0489   0.1533  -0.2390  -0.1290
 -0.4646   0.6071   0.0545   0.0428  -0.2521  -0.0917
 -0.4607   0.6049   0.0596   0.0416  -0.2484  -0.0702
 -0.4441   0.5828   0.0517   0.0586  -0.2363  -0.0912
 -0.4376   0.5522   0.0717   0.0326  -0.2205  -0.0842
 -0.4378   0.5299   0.0561   0.0843  -0.2278  -0.0870
 -0.4415   0.5090   0.0751   0.0777  -0.2527  -0.0667
 -0.4365   0.4882   0.0518   0.0453  -0.2423  -0.0946
 -0.4630   0.5348   0.0487   0.0036  -0.2564  -0.0586
 -0.4486   0.4826   0.0371  -0.0250  -0.2537  -0.0885
 -0.3917   0.5801   0.0657  -0.1211  -0.1717  -0.0996
 -0.3872   0.6075   0.0412  -0.1325  -0.1566  -0.0675
 -0.3849   0.6016   0.0381  -0.1061  -0.1801  -0.1000
 -0.3862   0.6262   0.0180  -0.1450  -0.1722  -0.0727
 -0.3807   0.6146   0.0284  -0.1308  -0.1681  -0.0793
 -0.3715   0.6131   0.0141  -0.1273  -0.1586  -0.0651
 -0.3672   0.6288   0.0141  -0.1319  -0.1568  -0.0661
 -0.3590   0.6324   0.0180  -0.1293  -0.1550  -0.0896
 -0.3506   0.6562  -0.0054  -0.1515  -0.1394  -0.0929
 -0.3554   0.6598  -0.0024  -0.1799  -0.1434  -0.0910
 -0.3592   0.6531  -0.0004  -0.1614  -0.1432  -0.0991
 -0.3760   0.6554  -0.0036  -0.1734  -0.1605  -0.0780
 -0.3523   0.6415   0.0052  -0.1672  -0.1484  -0.1097
 -0.3655   0.6758   0.0013  -0.1869  -0.1575  -0.0955
 -0.3627   0.6399  -0.0008  -0.1840  -0.1536  -0.0919
 -0.3729   0.6336  -0.0003  -0.1920  -0.1552  -0.1063
 -0.3854   0.6256  -0.0080  -0.1968  -0.1693  -0.0775
 -0.3698   0.6281   0.0116  -0.1977  -0.1600  -0.1272
 -0.3753   0.6080   0.0557  -0.2429  -0.1514  -0.0510
 -0.3433   0.6007   0.0472  -0.1840  -0.1271  -0.0858
 -0.3471   0.6543   0.0384  -0.1915  -0.1387  -0.0541
 -0.3350   0.6343   0.0394  -0.1673  -0.1316  -0.1080
 -0.3326   0.6740   0.0202  -0.1943  -0.1138  -0.0470
 -0.3354   0.6618   0.0181  -0.1915  -0.1229  -0.0903
 -0.3382   0.6680   0.0160  -0.1750  -0.1182  -0.0745
 -0.3342   0.6757   0.0177  -0.2149  -0.1124  -0.0867
 -0.3250   0.6771   0.0183  -0.2143  -0.1113  -0.0898
 -0.3201   0.6959   0.0100  -0.2280  -0.1020  -0.0736
 -0.3443   0.6884  -0.0092  -0.2537  -0.1241  -0.0839
 -0.3353   0.6727   0.0095  -0.2496  -0.1219  -0.1177
 -0.3111   0.7220  -0.0149  -0.2632  -0.1071  -0.0798
 -0.3189   0.6980   0.0310  -0.2685  -0.1003  -0.1031
 -0.3280   0.6634   0.0069  -0.2379  -0.1355  -0.1102
 -0.3295   0.6842   0.0023  -0.2254  -0.1184  -0.0849
 -0.3159   0.6749   0.0062  -0.1897  -0.1257  -0.1074
 -0.3395   0.6961  -0.0060  -0.2159  -0.1371  -0.0795
 -0.3185   0.6582   0.0233  -0.2150  -0.1133  -0.1117
 -0.3176   0.7057   0.0108  -0.2216  -0.1080  -0.0839
 -0.2607   0.7149  -0.0107  -0.2332  -0.0761  -0.1042
 -0.2263   0.7437  -0.0333  -0.2340  -0.0591  -0.1028
 -0.1626   0.7963  -0.0195  -0.2672  -0.0481  -0.0983
 -0.3100   0.6631   0.0144  -0.2383  -0.1175  -0.1153
 -0.3437   0.7146   0.0024  -0.2587  -0.1175  -0.0927
 -0.3219   0.7249   0.0029  -0.2552  -0.1016  -0.1120
 -0.3107   0.7228   0.0016  -0.2222  -0.1121  -0.1125
 -0.3162   0.7483   0.0062  -0.2176  -0.1041  -0.1092
 -0.3066   0.7253   0.0118  -0.2140  -0.0913  -0.1193
 -0.3086   0.7081   0.0121  -0.2192  -0.0990  -0.1042
 -0.3195   0.6851   0.0097  -0.2197  -0.0925  -0.0811
 -0.3189   0.6553   0.0056  -0.2133  -0.1154  -0.1166
 -0.3064   0.7179   0.0131  -0.2568  -0.1130  -0.1043
 -0.2937   0.7547   0.0199  -0.2744  -0.1194  -0.1019
 -0.3231   0.6791   0.0093  -0.2418  -0.1305  -0.0981
 -0.3021   0.7176   0.0030  -0.2206  -0.1041  -0.0730
 -0.3020   0.6998   0.0063  -0.2334  -0.0989  -0.1134
 -0.2765   0.7171   0.0086  -0.2295  -0.0864  -0.0784
 -0.2246   0.7103   0.0252  -0.2665  -0.0678  -0.0999
 -0.1426   0.7668   0.0125  -0.2682  -0.0458  -0.0847
 -0.2953   0.7296   0.0860  -0.2533  -0.1119  -0.1335
 -0.2750   0.6096   0.0897  -0.1004  -0.1384  -0.1008
 -0.2758   0.7372   0.0677   0.1485  -0.2035  -0.1600
 -0.2940   1.1979   0.0736  -0.8921  -0.1093   0.0074
 -0.2919   1.5676   0.1902  -1.1035  -0.1294  -0.0029
