 -0.0010   0.5269   0.4440   0.2222  -0.1037   0.1055
 -0.0010   0.5269   0.4440   0.2222  -0.1037   0.1055
 -0.0383   0.5081   0.3809   0.1803  -0.1177   0.1157
 -0.0591   0.4311   0.3403   0.1884  -0.1108   0.1352
 -0.1174   0.4884   0.2772   0.2054  -0.1831   0.1391
 -0.1350   0.4537   0.3511   0.2960  -0.2050   0.0849
 -0.1368   0.4423   0.3144   0.2145  -0.1862   0.1106
 -0.1275   0.5518   0.2703   0.1654  -0.1884   0.1327
 -0.1117   0.5968   0.2567   0.0631  -0.1863   0.1608
 -0.1228   0.5277   0.2318   0.2197  -0.2040   0.1299
 -0.1772   0.6469   0.1604   0.2527  -0.1610   0.1298
 -0.1599   0.5883   0.1528   0.1818  -0.1892   0.1166
 -0.1018   0.5588   0.1594   0.1151  -0.1476   0.1356
 -0.1399   0.5546   0.1391   0.1414  -0.1458   0.1452
 -0.1687   0.5612   0.1231   0.0900  -0.1384   0.1606
 -0.1300   0.5709   0.1331   0.0618  -0.1121   0.1600
 -0.1593   0.5395   0.1194   0.0433  -0.1125   0.1666
 -0.1692   0.5694   0.0924  -0.0328  -0.1028   0.1781
 -0.1729   0.5380   0.0969   0.0208  -0.0981   0.1533
 -0.1557   0.5314   0.1013   0.0082  -0.0906   0.1427
 -0.1472   0.5147   0.0898   0.0518  -0.0793   0.1351
 -0.1114   0.4932   0.0817   0.0131  -0.0681   0.1188
 -0.0958   0.5268   0.0861  -0.0218  -0.0960   0.1273
 -0.1680   0.6456   0.0795   0.0424  -0.1078   0.1491
 -0.1598   0.6557   0.0776   0.0086  -0.0724   0.1542
 -0.1299   0.5721   0.1090   0.0276  -0.0564   0.1324
 -0.0881   0.5441   0.1233   0.0124  -0.0390   0.1204
 -0.0552   0.4945   0.1021  -0.0102  -0.0345   0.1319
 -0.1310   0.6181  -0.0001  -0.0401  -0.0921   0.1162
 -0.1296   0.6987   0.0829  -0.0108  -0.0763   0.1447
 -0.0624   0.6333   0.1413  -0.0241  -0.0048   0.1348
 -0.0312   0.6167   0.1271  -0.0809  -0.0242   0.1364
 -0.0582   0.5953   0.1440  -0.0717  -0.0205   0.1619
 -0.0554   0.5418   0.1613  -0.0058  -0.0214   0.1415
 -0.0539   0.5097   0.1703  -0.0435  -0.0129   0.1269
 -0.0588   0.4849   0.1902  -0.0822  -0.0657   0.0867
 -0.0115   0.5162   0.1790  -0.0510  -0.0062   0.1007
 -0.0241   0.5116   0.1736  -0.0568  -0.0072   0.1118
  0.0278   0.5926   0.2237  -0.1158   0.0241   0.1127
  0.0019   0.6317   0.1381  -0.1313   0.0163   0.1275
 -0.0126   0.6028   0.1191  -0.1135   0.0178   0.1242
 -0.0144   0.5432   0.0937  -0.0996   0.0090   0.1126
 -0.0213   0.5934   0.0770  -0.1210  -0.0007   0.1124
 -0.0483   0.6843   0.0634  -0.2190  -0.0138   0.1056
 -0.0450   0.7798   0.0370  -0.2486   0.0123   0.1485
  0.0484   0.6809   0.0503  -0.1797   0.0296   0.1216
 -0.0050   0.6040   0.0740  -0.1191   0.0311   0.1328
 -0.0001   0.5069   0.0255  -0.0306   0.0131   0.1133
  0.0089   0.5006   0.0229  -0.0329   0.0175   0.0935
  0.0120   0.4992   0.0178  -0.0694   0.0190   0.1008
 -0.0827   0.4981  -0.0122  -0.0522  -0.0187   0.1015
 -0.0872   0.4750  -0.0148  -0.0852  -0.0165   0.1122
 -0.0771   0.4481  -0.0162  -0.0552  -0.0333   0.1243
 -0.0952   0.4421  -0.0243  -0.0665  -0.0350   0.1180
 -0.0842   0.4403  -0.0139  -0.0729  -0.0151   0.1030
 -0.0442   0.4089  -0.0081  -0.1088  -0.0317   0.0956
 -0.0091   0.4554   0.0072  -0.0885   0.0030   0.0978
 -0.0130   0.4298   0.0231  -0.0615   0.0340   0.0923
 -0.0061   0.5192  -0.0667  -0.1719   0.0367   0.1058
 -0.0215   0.5085  -0.0886  -0.0976   0.0308   0.1098
 -0.1106   0.4207  -0.0914  -0.0629   0.0065   0.1061
 -0.0781   0.3724  -0.0711  -0.0106  -0.0056   0.0810
 -0.0901   0.3633  -0.0738  -0.0324  -0.0136   0.0696
 -0.0584   0.3916  -0.0669  -0.1056  -0.0250   0.0767
 -0.1055   0.4208  -0.1208  -0.1275  -0.0507   0.0666
 -0.1230   0.4711  -0.1970  -0.1113  -0.0803   0.0968
 -0.0837   0.4114  -0.1163  -0.0753  -0.0329   0.0927
 -0.0409   0.3269  -0.1113  -0.0607  -0.0330   0.0913
 -0.1230   0.5139  -0.1121   0.0690  -0.0331   0.0193
 -0.1432   0.5763  -0.1256   0.2336  -0.0389   0.0740
 -0.1169   0.5185  -0.0899   0.1153  -0.0068   0.0669
 -0.0823   0.4456  -0.0773   0.0034  -0.0449   0.0600
 -0.0842   0.4207  -0.1428  -0.0544  -0.0724   0.0452
 -0.0367   0.3321  -0.0776  -0.0407   0.0186   0.0364
  0.0039   0.3280  -0.0246  -0.0185   0.0263   0.0383
  0.0215   0.2479  -0.0099  -0.0005   0.0318   0.0441
  0.0351   0.3432   0.0136  -0.0496   0.0180   0.0323
  0.0196   0.2795  -0.0114   0.0224   0.0160   0.0191
  0.0280   0.2761  -0.0003  -0.0070   0.0059   0.0497
 -0.0019   0.2601  -0.0168  -0.0352  -0.0010   0.0513
 -0.0090   0.2569  -0.0022  -0.0767  -0.0074   0.0516
 -0.0284   0.2215  -0.0227  -0.0804  -0.0141   0.0507
 -0.0299   0.2284  -0.0512  -0.1141  -0.0224   0.0534
 -0.0149   0.2741  -0.0823  -0.1523  -0.0218   0.0590
 -0.0849   0.2255  -0.0548  -0.0888  -0.0196   0.0821
 -0.0141   0.2265  -0.0500  -0.1175  -0.0049   0.0706
 -0.0246   0.2443  -0.0579  -0.1620  -0.0087   0.0561
 -0.0141   0.2150  -0.0418  -0.1445  -0.0095   0.0509
  0.0185   0.2236  -0.0050  -0.0629   0.0183   0.0473
  0.0195   0.2508  -0.0142  -0.0656   0.0162   0.0523
  0.0034   0.2388  -0.0416  -0.0420  -0.0057   0.0473
 -0.0225   0.2302  -0.0524  -0.0446  -0.0019   0.0462
 -0.0174   0.2017  -0.0597  -0.0448   0.0100   0.0457
 -0.0079   0.2047  -0.0452  -0.0456  -0.0047   0.0470
  0.0029   0.1271  -0.0454  -0.0672  -0.0084   0.0316
 -0.0050   0.1350  -0.0439  -0.0604  -0.0001   0.0291
 -0.0008   0.1265  -0.0386  -0.0579   0.0144   0.0434
  0.0163   0.1292  -0.0534  -0.0741   0.0016   0.0391
 -0.0311   0.1426  -0.0719  -0.0443  -0.0420   0.0242
 -0.0249   0.0962  -0.0775  -0.0197  -0.0155   0.0240
 -0.0368   0.0958  -0.0904  -0.0104  -0.0137   0.0419
 -0.0436   0.1767  -0.0806  -0.0650  -0.0104   0.0551
 -0.0066   0.1208  -0.0778  -0.0543   0.0103   0.0487
  0.0063   0.1019  -0.0788  -0.0532   0.0213   0.0448
  0.0045   0.0746  -0.1090  -0.0582   0.0317   0.0513
 -0.0062   0.0816  -0.0885  -0.0646   0.0026   0.0375
  0.0109   0.0374  -0.0798  -0.0695   0.0155   0.0194
  0.0112  -0.0195  -0.0847  -0.0754   0.0050   0.0311
 -0.0018  -0.0248  -0.1032  -0.0898  -0.0078   0.0340
 -0.0125  -0.0556  -0.0842  -0.0405  -0.0181   0.0332
 -0.0115  -0.0487  -0.0883  -0.0271  -0.0379   0.0239
 -0.0350  -0.0943  -0.0881  -0.0321  -0.0267   0.0274
 -0.0153  -0.1107  -0.0767  -0.0323  -0.0062   0.0286
 -0.0514  -0.0475  -0.0984  -0.0803  -0.0459   0.0341
  0.0466   0.0770  -0.0621  -0.1125  -0.0030   0.0347
 -0.0309  -0.0261  -0.0715  -0.0769  -0.0209   0.0317
 -0.0371  -0.0550  -0.0815  -0.0621  -0.0133   0.0240
 -0.0053  -0.0492  -0.0767  -0.0839  -0.0145   0.0303
 -0.0326  -0.0921  -0.1415  -0.0205  -0.0567   0.0228
 -0.1133  -0.0572  -0.1485  -0.0467  -0.0855   0.0219
 -0.1267  -0.0744  -0.1810  -0.0492  -0.1045   0.0090
 -0.1520  -0.1126  -0.1765  -0.0332  -0.0990   0.0042
 -0.1607  -0.1449  -0.1887  -0.0360  -0.0933   0.0011
 -0.1452  -0.1519  -0.1604  -0.0245  -0.0828  -0.0048
 -0.1192  -0.1347  -0.1634  -0.0694  -0.0796  -0.0012
 -0.0988   0.0913  -0.0959  -0.1170  -0.1037   0.0460
 -0.0366   0.0191  -0.1587  -0.1093  -0.0503   0.0351
 -0.0770  -0.1066  -0.1401  -0.0388  -0.0560   0.0211
 -0.0563  -0.1447  -0.1198  -0.0266  -0.0368   0.0117
 -0.0641  -0.1485  -0.1696  -0.0273  -0.0657  -0.0030
 -0.0833  -0.1400  -0.2172   0.0781  -0.0862  -0.0130
 -0.1112  -0.1194  -0.2221  -0.0472  -0.0891  -0.0033
 -0.0690  -0.1678  -0.1340  -0.0220  -0.0922  -0.0144
 -0.0816  -0.1897  -0.1525  -0.0217  -0.0639   0.0004
 -0.0683  -0.2518  -0.1587  -0.0260  -0.0679   0.0051
 -0.0648  -0.2239  -0.1562  -0.0313  -0.0745  -0.0205
 -0.0734  -0.2497  -0.1636  -0.0622  -0.0946  -0.0197
 -0.0740  -0.3213  -0.1738  -0.0165  -0.0915  -0.0318
 -0.0859  -0.3193  -0.2098  -0.0301  -0.1104  -0.0231
 -0.0704  -0.2524  -0.1651   0.0226  -0.0670  -0.0226
 -0.0708  -0.2463  -0.1047   0.0212  -0.1163  -0.0212
 -0.0695  -0.2635  -0.1161   0.0015  -0.1016  -0.0280
  0.0147  -0.2610  -0.0306  -0.0269  -0.0379  -0.0337
  0.0235  -0.2280  -0.0233  -0.0341  -0.0507  -0.0175
  0.0373  -0.2988  -0.0343  -0.0481  -0.0472  -0.0180
  0.0194  -0.2255  -0.0670  -0.0338  -0.0648  -0.0582
 -0.0637  -0.1430  -0.0398  -0.0621  -0.1140  -0.0058
 -0.0494  -0.2871  -0.0596  -0.0587  -0.0794  -0.0136
 -0.0443  -0.2886  -0.0558  -0.0271  -0.0765  -0.0133
 -0.0090  -0.3445  -0.0310  -0.0229  -0.0480  -0.0176
  0.0235  -0.3276  -0.0398  -0.0456  -0.0314  -0.0161
  0.2134  -0.6648   0.0392   0.1183   0.0965  -0.2164
  0.1739  -0.3334   0.1253   0.0324   0.0444  -0.0982
  0.1428  -0.3160   0.1146   0.0166   0.0686  -0.1039
  0.1372  -0.2822   0.0709   0.0648   0.0780  -0.0823
  0.1528  -0.2696   0.0796  -0.0103   0.0969  -0.0663
  0.1462  -0.3127   0.0819   0.0141   0.1201  -0.0815
  0.1554  -0.3226   0.0806   0.0419   0.1456  -0.0875
  0.1588  -0.3398   0.0815   0.0119   0.1483  -0.0927
  0.1624  -0.3517   0.0850   0.0129   0.1543  -0.0950
  0.1865  -0.3837   0.0946   0.0075   0.1595  -0.0947
  0.1702  -0.3806   0.0892   0.0761   0.1733  -0.0902
  0.1496  -0.3391   0.0524   0.0784   0.1346  -0.0998
  0.1720  -0.3702   0.0719   0.0707   0.1315  -0.1174
  0.1721  -0.2895   0.0771  -0.0069   0.1412  -0.1026
  0.1409  -0.2869   0.1093   0.0075   0.1019  -0.1217
  0.1756  -0.2471   0.1167   0.0197   0.1324  -0.1199
  0.2157  -0.2479   0.1284  -0.0089   0.1487  -0.1212
  0.1790  -0.2988   0.0850  -0.0257   0.1153  -0.1024
  0.1163  -0.3476   0.0406  -0.0102   0.0888  -0.0889
  0.0387  -0.3774   0.0065   0.0790   0.0594  -0.0842
  0.0295  -0.3188   0.0156   0.0414   0.0563  -0.0978
  0.0185  -0.3485   0.0002   0.0479   0.0452  -0.1093
 -0.0088  -0.3698  -0.0247  -0.0085   0.0428  -0.0908
 -0.0637  -0.3682  -0.0475  -0.0189   0.0006  -0.0780
 -0.0830  -0.3691  -0.0558   0.0097   0.0074  -0.0691
 -0.0639  -0.3545  -0.0456   0.0482   0.0013  -0.0778
 -0.0264  -0.4349  -0.0564   0.0696   0.0216  -0.0803
 -0.0199  -0.4298  -0.0615   0.0304   0.0317  -0.0765
 -0.0248  -0.4404  -0.0538   0.0497   0.0358  -0.0706
 -0.0126  -0.4101  -0.0320   0.0310   0.0134  -0.0969
 -0.0056  -0.4754  -0.0479   0.0018   0.0101  -0.1178
  0.0418  -0.4206  -0.0177   0.0190   0.0326  -0.1256
  0.0522  -0.4636   0.0032  -0.0099   0.0459  -0.0930
  0.0491  -0.3427  -0.0093  -0.0226   0.0236  -0.1029
  0.0064  -0.3738  -0.0049  -0.0017   0.0124  -0.0787
  0.0932  -0.4845   0.0333   0.0303   0.0554  -0.1025
  0.1811  -0.4447   0.0716   0.0368   0.1104  -0.0982
  0.1518  -0.4269   0.0310   0.0293   0.0948  -0.1062
  0.1568  -0.4620   0.0398   0.0081   0.1045  -0.1100
  0.1542  -0.4703   0.0300   0.0234   0.1083  -0.0969
  0.1371  -0.4627   0.0283   0.0930   0.0741  -0.1015
  0.1059  -0.4834  -0.0035   0.0551   0.0499  -0.0954
  0.1057  -0.4560   0.0158  -0.0103   0.0626  -0.1011
  0.1393  -0.4099   0.0367  -0.0062   0.0688  -0.1174
  0.1121  -0.4373   0.0139   0.0352   0.0523  -0.1076
  0.1099  -0.4322   0.0230   0.0466   0.0576  -0.0898
  0.1657  -0.3905   0.0416   0.0090   0.0966  -0.1111
  0.1680  -0.3082   0.0248  -0.0188   0.0735  -0.1069
  0.1254  -0.3722   0.0150  -0.0315   0.0533  -0.1102
  0.1171  -0.3893   0.0026  -0.0411   0.0810  -0.1252
  0.1118  -0.4330  -0.0037   0.0018   0.0856  -0.1220
  0.1240  -0.4575  -0.0016   0.0348   0.0707  -0.1081
  0.1028  -0.4242  -0.0021   0.0652   0.0709  -0.0967
  0.0925  -0.4347  -0.0037   0.0520   0.0680  -0.1094
  0.0762  -0.4243  -0.0250   0.0488   0.0812  -0.0922
  0.1608  -0.3710  -0.0097   0.0451   0.1240  -0.1101
  0.1129  -0.3896  -0.0278   0.0140   0.0959  -0.1167
  0.0989  -0.3536  -0.0206   0.0034   0.0802  -0.1154
  0.1198  -0.3733  -0.0142   0.0342   0.0681  -0.1255
  0.1068  -0.4352  -0.0042   0.0497   0.0599  -0.1316
  0.0952  -0.4982  -0.0021   0.0815   0.0470  -0.1461
  0.0586  -0.4180  -0.0334   0.0442   0.0285  -0.1303
  0.0123  -0.4678  -0.0710   0.1054   0.0318  -0.1300
 -0.0023  -0.4578  -0.0754   0.0706   0.0193  -0.1180
  0.0024  -0.4542  -0.0677   0.0676   0.0263  -0.1261
 -0.0025  -0.4911  -0.0707   0.0540   0.0353  -0.1172
 -0.0003  -0.4898  -0.0696   0.0464   0.0463  -0.1179
 -0.0095  -0.4796  -0.0723   0.0772   0.0366  -0.1272
  0.0688  -0.4500  -0.0268   0.1155   0.0599  -0.1589
  0.1036  -0.4384   0.0129   0.1585   0.0678  -0.1483
  0.1229  -0.4808   0.0296   0.1075   0.1204  -0.1258
  0.1346  -0.4885   0.0562   0.0439   0.0923  -0.1292
  0.1026  -0.4427   0.0456   0.0273   0.0697  -0.1210
  0.0732  -0.4796   0.0073   0.0793   0.0763  -0.1293
  0.0190  -0.4787  -0.0336   0.1254   0.0759  -0.1447
  0.0734  -0.4982  -0.0068   0.1005   0.0857  -0.1483
  0.0895  -0.5548   0.0113   0.1166   0.1042  -0.1360
  0.1469  -0.5208   0.0102   0.1262   0.1336  -0.1226
  0.1038  -0.4998   0.0039   0.1477   0.1035  -0.1278
  0.1013  -0.5116   0.0100   0.1112   0.0974  -0.1270
  0.1080  -0.5360   0.0040   0.1197   0.0981  -0.1319
  0.1114  -0.5458  -0.0110   0.1450   0.0973  -0.1335
  0.0878  -0.5298  -0.0190   0.1317   0.0588  -0.1450
  0.0807  -0.5930  -0.0253   0.1052   0.0858  -0.1361
  0.0880  -0.5851  -0.0199   0.1615   0.0948  -0.1362
  0.0862  -0.5723  -0.0245   0.1493   0.0992  -0.1413
  0.0778  -0.5488  -0.0456   0.0972   0.0728  -0.1323
  0.0936  -0.4912  -0.0121   0.0282   0.0855  -0.1244
  0.0972  -0.4586  -0.0008   0.0427   0.0523  -0.1114
