 -0.0790   0.0873   0.0215   0.0064  -0.0231  -0.0130
 -0.0118   0.1707   0.0210   0.1265  -0.0317  -0.0606
  0.0069   0.1623   0.0482   0.2263  -0.0301  -0.0973
  0.0036   0.1744   0.0269   0.2525  -0.0418  -0.1121
  0.0099   0.1663   0.0430   0.3242  -0.0562  -0.1194
 -0.0038   0.1646   0.0161   0.1959  -0.0431  -0.0894
  0.0121   0.1134   0.0297   0.2064  -0.0668  -0.0909
  0.0058   0.0999   0.0188   0.1062  -0.0463  -0.0464
 -0.0079   0.1376   0.0112   0.1487  -0.0606  -0.0690
 -0.0078   0.1131   0.0293   0.1724  -0.0444  -0.0655
 -0.0344   0.1428  -0.0203   0.0343  -0.0153  -0.0313
 -0.0189   0.1337   0.0080   0.1048  -0.0451  -0.0489
  0.0093   0.1128   0.0324   0.1507  -0.0492  -0.0483
  0.0178   0.1433  -0.0097   0.0636  -0.0248  -0.0551
  0.0329   0.1588   0.0094   0.1667  -0.0395  -0.0933
  0.0323   0.1526   0.0019   0.0902  -0.0238  -0.0671
  0.0224   0.1676   0.0031   0.1501  -0.0452  -0.0936
  0.0137   0.1557  -0.0105   0.0724  -0.0313  -0.0603
  0.0321   0.1481   0.0127   0.1442  -0.0452  -0.0812
  0.0184   0.1408  -0.0122   0.0807  -0.0390  -0.0597
  0.0268   0.1443   0.0063   0.1595  -0.0508  -0.0836
  0.0139   0.1500  -0.0209   0.0797  -0.0329  -0.0580
  0.0238   0.1458   0.0065   0.1557  -0.0544  -0.0777
  0.0145   0.1468  -0.0049   0.0970  -0.0433  -0.0578
  0.0133   0.1689  -0.0176   0.1523  -0.0593  -0.0765
  0.0202   0.1550  -0.0013   0.1782  -0.0554  -0.0797
  0.0095   0.1573  -0.0106   0.1150  -0.0467  -0.0636
  0.0163   0.1485   0.0149   0.1837  -0.0559  -0.0829
 -0.0072   0.1542   0.0102   0.1027  -0.0423  -0.0498
 -0.0033   0.1485   0.0333   0.1839  -0.0599  -0.0899
  0.0042   0.1451   0.0225   0.1150  -0.0467  -0.0782
  0.0058   0.1519   0.0392   0.2409  -0.0643  -0.1162
  0.0118   0.1540   0.0365   0.1603  -0.0472  -0.0840
 -0.0049   0.1751   0.0182   0.1465  -0.0468  -0.0926
  0.0012   0.1423   0.0380   0.1838  -0.0517  -0.0923
  0.0067   0.1514   0.0152   0.1420  -0.0530  -0.0849
  0.0100   0.1253   0.0476   0.1957  -0.0605  -0.0910
  0.0013   0.1560   0.0124   0.1038  -0.0416  -0.0655
  0.0137   0.1545   0.0369   0.1876  -0.0612  -0.0936
  0.0064   0.1614   0.0363   0.1231  -0.0440  -0.0725
  0.0031   0.1657   0.0426   0.1677  -0.0565  -0.0890
 -0.0049   0.1823   0.0183   0.0596  -0.0318  -0.0581
  0.0006   0.1691   0.0328   0.1349  -0.0451  -0.0932
 -0.0021   0.1513   0.0318   0.0460  -0.0226  -0.0592
 -0.0242   0.1136  -0.0100  -0.0342  -0.0023  -0.0348
 -0.0107   0.1328   0.0568   0.1141  -0.0487  -0.0762
 -0.0243   0.0962   0.0371   0.0038  -0.0277  -0.0293
 -0.0165   0.1267   0.0278   0.0250  -0.0324  -0.0405
 -0.0010   0.1110   0.0432   0.0654  -0.0312  -0.0463
 -0.0200   0.1236   0.0040  -0.0037  -0.0179  -0.0348
 -0.0064   0.1269   0.0364   0.1058  -0.0436  -0.0594
 -0.0045   0.1355   0.0327   0.0443  -0.0248  -0.0335
 -0.0047   0.1482   0.0180   0.0413  -0.0391  -0.0512
 -0.0077   0.1262   0.0362   0.0479  -0.0302  -0.0406
 -0.0139   0.1519   0.0055  -0.0237  -0.0149  -0.0376
 -0.0023   0.1264   0.0280   0.0827  -0.0429  -0.0642
 -0.0141   0.1229   0.0235   0.0141  -0.0210  -0.0402
 -0.0108   0.1689   0.0268   0.0342  -0.0251  -0.0638
 -0.0153   0.1427   0.0323   0.0456  -0.0227  -0.0573
 -0.0189   0.1697   0.0184   0.0693  -0.0328  -0.0914
 -0.0093   0.1260   0.0428   0.0265  -0.0189  -0.0529
 -0.0202   0.1683   0.0177   0.0057  -0.0198  -0.0501
 -0.0120   0.1661   0.0548   0.0300  -0.0196  -0.0469
 -0.0080   0.1903   0.0506   0.0072  -0.0014  -0.0600
  0.0152   0.1598   0.0771   0.0724  -0.0112  -0.0785
  0.0073   0.1814   0.0504   0.0008  -0.0026  -0.0590
 -0.0048   0.1783   0.0746   0.0826  -0.0140  -0.0822
 -0.0030   0.1976   0.0705   0.0121   0.0078  -0.0641
 -0.0034   0.2167   0.0613   0.0238   0.0103  -0.0662
 -0.0046   0.1897   0.0697   0.0382   0.0094  -0.0603
 -0.0039   0.2044   0.0536   0.0182   0.0067  -0.0648
 -0.0016   0.1816   0.0574   0.0200   0.0042  -0.0627
 -0.0210   0.1985   0.0449  -0.0337   0.0124  -0.0562
 -0.0381   0.2286   0.0424   0.0255  -0.0075  -0.0669
 -0.0492   0.2781   0.0292  -0.0671  -0.0117  -0.0336
 -0.0524   0.2104   0.0504  -0.0584  -0.0028  -0.0301
 -0.0462   0.1966   0.0367  -0.0665  -0.0037  -0.0310
 -0.0415   0.1812   0.0319  -0.1232   0.0017  -0.0038
 -0.0639   0.2032   0.0164  -0.1425   0.0122   0.0048
 -0.0517   0.2353   0.0288  -0.0429  -0.0065  -0.0339
 -0.0427   0.2248   0.0397  -0.0853   0.0128  -0.0159
 -0.0390   0.2422   0.0248  -0.1025   0.0076  -0.0138
 -0.0222   0.2089   0.0537  -0.0477  -0.0002  -0.0312
 -0.0365   0.2210   0.0266  -0.1400   0.0110  -0.0092
 -0.0214   0.2279   0.0411  -0.0567  -0.0138  -0.0400
 -0.0543   0.1528  -0.0297  -0.3930   0.0372   0.0832
 -0.0926   0.1612  -0.0382  -0.2982   0.0163   0.0485
 -0.0686   0.2096  -0.0222  -0.2840   0.0149   0.0356
 -0.0631   0.2231  -0.0486  -0.3341   0.0379   0.0537
 -0.0497   0.2637  -0.0199  -0.2104   0.0137  -0.0034
 -0.0408   0.2197  -0.0284  -0.3003   0.0318   0.0289
 -0.0472   0.2319  -0.0235  -0.2378   0.0111  -0.0024
 -0.0449   0.2140  -0.0173  -0.2861   0.0300   0.0302
 -0.0500   0.2375  -0.0426  -0.3091   0.0341   0.0340
 -0.0480   0.2146  -0.0126  -0.2329   0.0186   0.0125
 -0.0424   0.2168  -0.0325  -0.3167   0.0409   0.0313
 -0.0420   0.2371  -0.0264  -0.2397   0.0263   0.0012
 -0.0368   0.2129  -0.0152  -0.2638   0.0436   0.0272
 -0.0281   0.2419  -0.0248  -0.2964   0.0503   0.0224
 -0.0243   0.2511  -0.0047  -0.1724   0.0185  -0.0140
 -0.0236   0.2219  -0.0110  -0.2970   0.0570   0.0317
 -0.0157   0.2295  -0.0260  -0.2920   0.0487   0.0272
 -0.0053   0.1879  -0.0207  -0.3308   0.0704   0.0623
  0.0085   0.1829  -0.0226  -0.2743   0.0615   0.0609
  0.0022   0.1748  -0.0153  -0.3079   0.0863   0.0707
  0.0188   0.2076  -0.0288  -0.3037   0.0764   0.0458
  0.0146   0.1698  -0.0148  -0.2771   0.0612   0.0506
  0.0078   0.1973  -0.0252  -0.3074   0.0631   0.0493
  0.0170   0.1998  -0.0098  -0.2564   0.0460   0.0294
  0.0025   0.2133  -0.0469  -0.3242   0.0499   0.0406
  0.0249   0.1692  -0.0138  -0.2366   0.0231   0.0204
  0.0193   0.1448  -0.0044  -0.2468   0.0186   0.0368
  0.0223   0.1351  -0.0120  -0.2623   0.0029   0.0418
  0.0213   0.1395  -0.0276  -0.3206   0.0242   0.0702
  0.0333   0.1483  -0.0175  -0.2572   0.0130   0.0424
  0.0269   0.1655  -0.0218  -0.3239   0.0407   0.0647
  0.0457   0.1921  -0.0230  -0.2255   0.0165   0.0266
  0.0495   0.1580  -0.0124  -0.2558   0.0354   0.0526
  0.0447   0.1677  -0.0213  -0.2978   0.0508   0.0526
  0.0633   0.1442   0.0032  -0.2329   0.0373   0.0382
  0.0552   0.1621   0.0013  -0.3105   0.0621   0.0599
  0.0622   0.1628  -0.0107  -0.2648   0.0422   0.0404
  0.0583   0.1513  -0.0054  -0.3166   0.0556   0.0550
  0.0707   0.1622  -0.0265  -0.3163   0.0549   0.0425
  0.0512   0.1082   0.0004  -0.2752   0.0470   0.0448
  0.0602   0.1619  -0.0072  -0.3022   0.0656   0.0450
  0.0683   0.1224   0.0175  -0.2604   0.0449   0.0246
  0.0313   0.2097  -0.0143  -0.3333   0.0732   0.0215
  0.0171   0.2865  -0.0819  -0.4287   0.0870   0.0368
  0.0660   0.2354  -0.0388  -0.3043   0.0574   0.0035
  0.1300   0.0183   0.0231  -0.2733   0.0725   0.0604
  0.1309   0.0475  -0.0111  -0.4055   0.1104   0.0776
  0.1502   0.0210   0.0227  -0.3061   0.0928   0.0559
  0.1613   0.0000   0.0094  -0.3597   0.1041   0.0908
  0.1868  -0.0059   0.0150  -0.3273   0.1029   0.0661
  0.1809  -0.0191   0.0486  -0.1959   0.0813   0.0433
  0.1745  -0.0032   0.0582  -0.2475   0.0887   0.0585
  0.1679  -0.0003   0.0240  -0.4107   0.1212   0.1055
  0.1562   0.0127   0.0069  -0.3298   0.0936   0.0772
  0.1510  -0.0487   0.0360  -0.2564   0.0776   0.0822
  0.1233  -0.0440   0.0066  -0.3723   0.1123   0.0969
  0.0824  -0.2366  -0.0980  -0.5486   0.0971   0.2000
 -0.0852  -0.9921  -0.0923   0.0742   0.0167   0.2512
 -0.0904  -1.0488  -0.0694   0.0141   0.0279   0.2653
 -0.0449  -0.9682  -0.0328   0.0672   0.0443   0.2454
 -0.0226  -0.9402  -0.0207   0.0855   0.0668   0.2280
 -0.0233  -0.8880  -0.0561  -0.0385   0.0824   0.2380
 -0.0022  -0.8568  -0.0514   0.0071   0.0656   0.2212
  0.0147  -0.8479  -0.0302  -0.0171   0.0853   0.2339
  0.0203  -0.8226  -0.0405  -0.0382   0.1001   0.2273
  0.0222  -0.8475  -0.0310   0.0417   0.0781   0.2109
  0.0310  -0.8545  -0.0246   0.0003   0.0911   0.2179
  0.0204  -0.8335  -0.0290   0.0341   0.0806   0.2075
  0.0030  -0.8129  -0.0182   0.0967   0.0437   0.1971
 -0.0397  -0.5397  -0.0350   0.2241  -0.0265   0.1037
 -0.0484  -0.5763   0.0038   0.2030  -0.0310   0.1193
 -0.0500  -0.6916  -0.0331   0.2155  -0.0137   0.1519
 -0.0176  -0.7170  -0.0013   0.5464  -0.0600   0.0849
 -0.0210  -0.6011   0.0083   0.4082  -0.0338   0.0762
 -0.0875  -0.9875  -0.0587   0.3791  -0.0267   0.2167
 -0.0780  -1.1812  -0.0873   0.3783  -0.0150   0.2705
 -0.0650  -1.0325  -0.0527   0.4313  -0.0215   0.1770
 -0.0317  -0.9077  -0.0092   0.5564  -0.0466   0.1238
 -0.0170  -0.9540   0.0005   0.5327  -0.0386   0.1419
 -0.0301  -0.6619  -0.0306   0.6311  -0.0463  -0.0115
 -0.0197  -0.5349  -0.0276   0.7837  -0.1467  -0.0892
 -0.1081  -0.3344  -0.1488   0.1257  -0.0267   0.0054
 -0.0804  -0.2393  -0.1442   0.1077  -0.0461  -0.0141
 -0.0148  -0.2592  -0.0762   0.3361  -0.0658  -0.0541
 -0.0163  -0.2899  -0.0631   0.3492  -0.0662  -0.0612
 -0.0088  -0.3055  -0.0724   0.3663  -0.0630  -0.0485
 -0.0192  -0.3050  -0.0845   0.3330  -0.0489  -0.0329
 -0.0207  -0.3162  -0.0947   0.3126  -0.0423  -0.0270
 -0.0445  -0.3376  -0.0881   0.3125  -0.0462  -0.0259
 -0.0969  -0.4091  -0.0981   0.3520  -0.0657  -0.0085
 -0.0725  -0.4399  -0.0851   0.4943  -0.0708  -0.0342
 -0.0485  -0.4758  -0.0550   0.6213  -0.0968  -0.0447
 -0.0469  -0.4846  -0.0457   0.6133  -0.0911  -0.0412
 -0.0586  -0.4703  -0.0607   0.5840  -0.0991  -0.0563
 -0.0857  -0.4917  -0.0849   0.5464  -0.1173  -0.0409
