 -0.1475  -0.1766  -0.2232  -0.1323  -0.0572   0.1203
 -0.1475  -0.1766  -0.2232  -0.1323  -0.0572   0.1203
 -0.1516  -0.1825  -0.2391  -0.1178  -0.0744   0.1258
 -0.1501  -0.1452  -0.2663  -0.1264  -0.1019   0.1240
 -0.1476  -0.1488  -0.2806  -0.0798  -0.1204   0.1112
 -0.1298  -0.1326  -0.2797  -0.1123  -0.1106   0.0996
 -0.1428  -0.0998  -0.2769  -0.1315  -0.1147   0.1003
 -0.1425  -0.1245  -0.2906  -0.1328  -0.1286   0.0912
 -0.1449  -0.1552  -0.2590  -0.1268  -0.0983   0.1075
 -0.1276  -0.1915  -0.2483  -0.1359  -0.1099   0.1292
 -0.1366  -0.2115  -0.2502  -0.1449  -0.0988   0.1271
 -0.1342  -0.2162  -0.2124  -0.1855  -0.0780   0.1390
 -0.1326  -0.1716  -0.2342  -0.1925  -0.0840   0.1192
 -0.1451  -0.1214  -0.2148  -0.1512  -0.0954   0.1002
 -0.1528  -0.0853  -0.2365  -0.1442  -0.0882   0.0850
 -0.1525  -0.0792  -0.2453  -0.1606  -0.1038   0.0847
 -0.1536  -0.0905  -0.2234  -0.1645  -0.0908   0.1040
 -0.1510  -0.0738  -0.2349  -0.1600  -0.0856   0.0814
 -0.1507  -0.0849  -0.2317  -0.1806  -0.0950   0.0917
 -0.1514  -0.0959  -0.2342  -0.1497  -0.0978   0.0969
 -0.1544  -0.0990  -0.2438  -0.1487  -0.0920   0.0920
 -0.1477  -0.1134  -0.2414  -0.1447  -0.1026   0.1068
 -0.1533  -0.0876  -0.2370  -0.1562  -0.1011   0.0945
 -0.1599  -0.0886  -0.2495  -0.1759  -0.1084   0.0826
 -0.1522  -0.0730  -0.2326  -0.1776  -0.1003   0.0873
 -0.1520  -0.0608  -0.2382  -0.1875  -0.0949   0.0832
 -0.1459  -0.0664  -0.2485  -0.1520  -0.0866   0.0669
 -0.1419  -0.0896  -0.2202  -0.2071  -0.0993   0.0965
 -0.1528  -0.0329  -0.2490  -0.2228  -0.1066   0.0647
 -0.1466  -0.0478  -0.2354  -0.2151  -0.1190   0.0720
 -0.1472  -0.0720  -0.2356  -0.1888  -0.1099   0.0827
 -0.1488  -0.0559  -0.2504  -0.1645  -0.1073   0.0752
 -0.1463  -0.0473  -0.2547  -0.1885  -0.1159   0.0787
 -0.1415  -0.0477  -0.2498  -0.1688  -0.1224   0.0796
 -0.1480  -0.0436  -0.2436  -0.1640  -0.1082   0.0817
 -0.1388  -0.0184  -0.2365  -0.1908  -0.1064   0.0651
 -0.1457  -0.0206  -0.2313  -0.1878  -0.1216   0.0686
 -0.1462  -0.0112  -0.2487  -0.1680  -0.1214   0.0608
 -0.1497   0.0038  -0.2450  -0.1814  -0.1094   0.0543
 -0.1443  -0.0204  -0.2439  -0.1979  -0.1183   0.0777
 -0.1461  -0.0273  -0.2416  -0.1695  -0.1115   0.0701
 -0.1340  -0.0537  -0.2223  -0.1719  -0.0942   0.0743
 -0.1442  -0.1044  -0.2045  -0.1641  -0.0966   0.1004
 -0.1678  -0.1393  -0.2298  -0.2871  -0.1219   0.1462
 -0.1710  -0.0405  -0.2534  -0.3514  -0.1040   0.0963
 -0.1275  -0.1061  -0.2577   0.0527  -0.0890   0.0718
 -0.2711   0.1172  -0.3458  -0.1916  -0.1051   0.0530
 -0.1277  -0.0356  -0.1980  -0.0225  -0.0859   0.0425
 -0.1344  -0.0080  -0.1785  -0.0551  -0.0852   0.0322
 -0.1260  -0.0866  -0.1793  -0.0346  -0.0811   0.0879
 -0.1211  -0.0810  -0.1618  -0.0584  -0.0717   0.0737
 -0.1363  -0.0485  -0.1805  -0.0454  -0.0810   0.0500
 -0.1328  -0.0949  -0.1734   0.0250  -0.0726   0.0558
 -0.1330  -0.0337  -0.1804   0.0096  -0.0854   0.0621
 -0.1210  -0.0458  -0.1756  -0.0129  -0.0802   0.0474
 -0.1166  -0.0702  -0.1774  -0.0226  -0.0737   0.0479
 -0.1208  -0.0021  -0.2275  -0.0002  -0.1067   0.0127
 -0.1232   0.0496  -0.2482   0.0400  -0.1034  -0.0308
 -0.1192  -0.0217  -0.2206   0.0151  -0.0804  -0.0011
 -0.1029  -0.0191  -0.1717  -0.0343  -0.0673  -0.0122
 -0.0761   0.1346  -0.0821   0.0744  -0.0783  -0.0701
 -0.0761   0.0715  -0.0489  -0.0282  -0.0283  -0.0315
 -0.0574   0.0204  -0.0592  -0.0190  -0.0333   0.0004
 -0.0615   0.0320  -0.0784   0.0227  -0.0194  -0.0077
 -0.0551   0.0115  -0.0588  -0.0803  -0.0202   0.0128
 -0.0504   0.0181  -0.0678  -0.0440  -0.0274   0.0168
 -0.0128  -0.0435  -0.0099   0.1973   0.0101   0.0001
 -0.0330   0.0203  -0.0361  -0.0460   0.0014  -0.0052
 -0.0321   0.0154  -0.0341  -0.0233  -0.0068  -0.0206
 -0.0287  -0.0091  -0.0436   0.0047   0.0026  -0.0130
 -0.0292  -0.0218  -0.0392   0.0420   0.0032   0.0009
 -0.0349  -0.0183  -0.0393   0.0289   0.0057   0.0004
 -0.0348  -0.0331  -0.0466   0.0421   0.0041   0.0019
 -0.0389   0.0014  -0.0537   0.0411   0.0010  -0.0068
 -0.0366  -0.0068  -0.0553   0.0481  -0.0006  -0.0254
 -0.0321  -0.0270  -0.0507   0.0835  -0.0015  -0.0212
 -0.0338   0.0189  -0.0559   0.0805  -0.0001  -0.0502
 -0.0347   0.0228  -0.0590   0.0652  -0.0127  -0.0390
 -0.0376   0.0209  -0.0691   0.0916  -0.0152  -0.0511
 -0.0420   0.0397  -0.0646   0.0876  -0.0134  -0.0532
 -0.0456   0.0618  -0.0837   0.0946  -0.0228  -0.0660
 -0.0415   0.0590  -0.0572   0.0684  -0.0146  -0.0547
 -0.0435   0.0528  -0.0514   0.0714  -0.0063  -0.0568
 -0.0435   0.0554  -0.0476   0.0925   0.0041  -0.0593
 -0.0495   0.0654  -0.0279   0.0467   0.0118  -0.0495
 -0.0390   0.0409  -0.0493   0.0605   0.0050  -0.0476
 -0.0260  -0.0559  -0.0377   0.1093   0.0092  -0.0074
 -0.0251  -0.0730  -0.0406   0.0780   0.0054  -0.0301
 -0.0223  -0.0502  -0.0306   0.1117   0.0032  -0.0068
 -0.0285  -0.1063  -0.0212   0.1168   0.0013   0.0136
 -0.0297  -0.1239  -0.0174   0.1251   0.0227   0.0166
 -0.0267  -0.1111  -0.0153   0.1427   0.0247  -0.0121
 -0.0276  -0.0746  -0.0223   0.1127   0.0100  -0.0083
 -0.0218  -0.0679  -0.0270   0.1445   0.0133  -0.0311
 -0.0250  -0.0387  -0.0379   0.1727   0.0054  -0.0458
 -0.0270  -0.0135  -0.0372   0.1240   0.0095  -0.0397
 -0.0202  -0.0069  -0.0318   0.1334   0.0038  -0.0607
 -0.0284   0.0131  -0.0256   0.1377   0.0072  -0.0573
 -0.0224   0.0068  -0.0170   0.0959   0.0063  -0.0496
 -0.0357  -0.0507   0.0110   0.1134   0.0280  -0.0286
 -0.0025  -0.0499  -0.0119   0.0990   0.0117  -0.0230
 -0.0042  -0.0632  -0.0237   0.1270   0.0052  -0.0180
 -0.0027  -0.0449  -0.0192   0.1252   0.0040  -0.0125
 -0.0078  -0.0467  -0.0186   0.1306   0.0088  -0.0213
 -0.0111  -0.0309  -0.0837   0.3658  -0.0233  -0.0726
  0.0223  -0.0497   0.0176   0.1953  -0.0040   0.0130
  0.0346  -0.0061   0.0359   0.0381  -0.0054   0.0214
  0.0231  -0.0492   0.0273   0.0312   0.0006   0.0305
  0.0476   0.0161   0.0184  -0.0335  -0.0046  -0.0058
  0.0487  -0.0513   0.0413  -0.0396   0.0054   0.0273
  0.0530  -0.0276   0.0413  -0.0385   0.0117   0.0173
  0.0447  -0.0475   0.0355   0.0030   0.0165   0.0177
  0.0488  -0.0175   0.0295  -0.0423  -0.0045   0.0079
  0.0875   0.0102   0.0193  -0.0585  -0.0122   0.0038
  0.0793  -0.0384   0.0520  -0.0463   0.0010   0.0397
  0.0745   0.0063   0.0628  -0.0984   0.0112   0.0035
  0.0726   0.0115   0.0675  -0.1189   0.0045   0.0048
  0.0611   0.0141   0.0499  -0.0904   0.0055   0.0019
  0.0459   0.0342   0.0360  -0.0865  -0.0028  -0.0114
  0.0270   0.0673   0.0395  -0.0767   0.0001  -0.0108
  0.0300   0.0548   0.0426  -0.0454   0.0052  -0.0028
  0.0461   0.0269   0.0481  -0.2023   0.0059   0.0343
  0.0275   0.0923   0.0571  -0.6838  -0.0016   0.0889
  0.0345   0.1254   0.0184  -0.2105  -0.0044  -0.0350
 -0.0023   0.0788  -0.0017  -0.0732  -0.0197  -0.0215
  0.0320   0.1213  -0.0081   0.0370  -0.0352  -0.0665
  0.0147   0.1499  -0.0212   0.0437  -0.0357  -0.0833
  0.0112   0.1546  -0.0321   0.0457  -0.0411  -0.0721
  0.0094   0.1211  -0.0272   0.0732  -0.0298  -0.0726
  0.0123   0.1284  -0.0280   0.0700  -0.0208  -0.0828
  0.0159   0.1338  -0.0229   0.0509  -0.0286  -0.0830
  0.0241   0.1173  -0.0219   0.0699  -0.0195  -0.0848
  0.0222   0.1149  -0.0165   0.0627  -0.0238  -0.0823
  0.0204   0.1404  -0.0154   0.0526  -0.0241  -0.0799
  0.0273   0.1192  -0.0197   0.0706  -0.0213  -0.0843
  0.0217   0.1246  -0.0156   0.0795  -0.0258  -0.0806
  0.0139   0.1384  -0.0350   0.0649  -0.0285  -0.1030
  0.0144   0.1138  -0.0200   0.0682  -0.0313  -0.0862
  0.0228   0.1030  -0.0277   0.0568  -0.0284  -0.0890
  0.0206   0.1023  -0.0173   0.0431  -0.0339  -0.0779
  0.0211   0.1104  -0.0238   0.0418  -0.0352  -0.0854
  0.0201   0.0834  -0.0218   0.0733  -0.0329  -0.0711
  0.0177   0.1013  -0.0265   0.0737  -0.0261  -0.0749
  0.0198   0.0654  -0.0159   0.0828  -0.0263  -0.0645
  0.0276   0.0443  -0.0147   0.0721  -0.0205  -0.0585
  0.0261   0.0560  -0.0233   0.0599  -0.0276  -0.0454
  0.0097   0.1298   0.0009  -0.0203   0.0015  -0.0107
  0.0086   0.0267  -0.0215   0.0223   0.0213  -0.0066
  0.0491  -0.0377   0.0122   0.0183  -0.0012   0.0064
  0.0311  -0.0537  -0.0011   0.0533   0.0034   0.0201
  0.0383  -0.0691  -0.0058   0.0270   0.0039   0.0150
  0.0409  -0.0946   0.0057   0.0316   0.0033   0.0319
  0.0449  -0.1287   0.0206   0.0218   0.0226   0.0453
  0.1609   0.0811   0.1696  -0.2428   0.0068   0.0709
  0.1548  -0.1278   0.0630  -0.0590   0.0211   0.0669
  0.1924  -0.1011   0.0866  -0.1034   0.0072   0.0536
  0.1568  -0.1498   0.0803  -0.0948   0.0144   0.0686
  0.1280  -0.1676   0.0651  -0.1257   0.0103   0.0694
  0.0658  -0.0726   0.0252  -0.1462   0.0140   0.0595
  0.0759  -0.2533   0.0608  -0.2720   0.0213   0.0927
  0.0543  -0.0514   0.0769  -0.0591  -0.0009   0.0054
  0.1158  -0.2436   0.0917  -0.0315   0.0325   0.0867
  0.1484  -0.2543   0.1254  -0.0815   0.0354   0.1043
  0.1405  -0.1992   0.1308  -0.0733   0.0493   0.0854
  0.1366  -0.1918   0.1333  -0.0884   0.0484   0.0804
  0.1327  -0.2310   0.1280  -0.0684   0.0431   0.0975
  0.1347  -0.2201   0.0982  -0.0334   0.0380   0.0867
  0.1281  -0.0138   0.1160   0.0117   0.0277   0.0090
  0.1103   0.0083   0.1092  -0.0514   0.0300  -0.0047
  0.0946   0.0125   0.1356  -0.0664   0.0446  -0.0174
  0.0984   0.0524   0.1238  -0.0265   0.0463  -0.0254
  0.0900   0.1183   0.1188  -0.0325   0.0431  -0.0572
  0.0921   0.0645   0.1291  -0.0094   0.0475  -0.0339
  0.0873   0.0964   0.1143  -0.0189   0.0450  -0.0553
  0.0900   0.0570   0.1254  -0.0345   0.0476  -0.0342
  0.0966   0.0168   0.1455  -0.0260   0.0515  -0.0221
  0.0952   0.0194   0.1318  -0.0538   0.0508  -0.0266
  0.0878   0.0411   0.1214  -0.0342   0.0416  -0.0386
  0.0992   0.0006   0.1232  -0.0273   0.0489  -0.0215
  0.0991  -0.0598   0.1391  -0.0055   0.0542   0.0060
  0.0809  -0.0489   0.1383  -0.0926   0.0522   0.0110
  0.1003  -0.0871   0.1567   0.0128   0.0661   0.0098
  0.0959  -0.0152   0.1381   0.0290   0.0575  -0.0182
  0.0864  -0.0130   0.1422   0.0258   0.0521  -0.0175
  0.0833  -0.0262   0.1372   0.0507   0.0596  -0.0266
  0.0829  -0.0453   0.1427   0.0724   0.0613  -0.0234
  0.0854  -0.0461   0.1411   0.0784   0.0634  -0.0226
  0.0932  -0.0457   0.1338   0.0728   0.0467  -0.0297
  0.0869  -0.0909   0.1360   0.0814   0.0514  -0.0029
  0.0889  -0.0514   0.1412   0.0561   0.0549  -0.0341
  0.0969  -0.0713   0.1383   0.0650   0.0472  -0.0201
  0.0851  -0.0264   0.1455   0.0517   0.0639  -0.0439
  0.0809  -0.1130   0.1625   0.0720   0.0690  -0.0011
  0.0800   0.0072   0.1600   0.1513   0.0532  -0.0838
  0.0734  -0.0334   0.1267   0.1390   0.0561  -0.0773
  0.0770  -0.0208   0.1185   0.1327   0.0509  -0.0849
  0.0686   0.0100   0.1110   0.1133   0.0427  -0.0773
  0.0780  -0.0644   0.1371   0.0922   0.0507  -0.0456
  0.0828  -0.0806   0.1386   0.1199   0.0569  -0.0495
  0.0720  -0.0435   0.1276   0.1171   0.0557  -0.0758
  0.0664  -0.0276   0.1107   0.1242   0.0482  -0.0742
  0.0773  -0.1050   0.1279   0.1220   0.0571  -0.0395
  0.0807  -0.1312   0.1294   0.1190   0.0572  -0.0216
  0.0913  -0.1913   0.1389   0.1243   0.0616  -0.0248
  0.0747  -0.1280   0.1088   0.1968   0.0438  -0.0544
  0.1403  -0.2402   0.1630   0.6146   0.0939  -0.0113
  0.3668  -0.1401   0.5634   0.9162   0.1844   0.0101
  0.4725   0.6016  -0.4535   0.7542  -0.0732  -0.1815
  0.0507   0.0516   0.2531   0.0731   0.0460   0.0235
  0.2966   0.1377   0.4263  -0.0674   0.0867   0.0954
  0.3003  -0.0491   0.3730   0.0019   0.1054   0.1311
  0.2836  -0.2373   0.2732   0.0311   0.0761   0.1706
 -0.0150  -0.0914   0.0275   0.3746   0.0053   0.0109
 -0.0766  -0.3156   0.1393   0.2489   0.0865   0.1482
 -0.0799  -0.4078   0.1236   0.2482   0.1191   0.1780
  0.0899  -0.5076   0.2566   0.0324   0.1601   0.2573
  0.1047  -0.6427   0.2502  -0.1405   0.1653   0.3056
  0.0982  -0.2879   0.2494  -0.0574   0.1340   0.0236
  0.0094   0.9187   0.2130  -0.0089   0.1211  -0.3043
  0.0168   0.5889   0.2230   0.0668   0.1141  -0.2707
  0.0332   0.5045   0.2612   0.1001   0.1352  -0.2365
  0.0493   0.5144   0.2147   0.3005   0.0844  -0.2631
  0.0940   0.1073   0.2353   0.2655   0.1493  -0.0510
  0.1063   0.1878   0.3801   0.0175   0.1456  -0.0426
  0.1056   0.1492   0.4877  -0.0478   0.1800  -0.0279
  0.0962   0.2499   0.4701  -0.0022   0.1941  -0.0932
  0.1043   0.3080   0.4321  -0.0484   0.1743  -0.0916
  0.1282   0.3426   0.3313  -0.0566   0.1261  -0.0919
  0.1014   0.3348   0.3030  -0.0111   0.1115  -0.1076
  0.1192   0.3370   0.3438  -0.0404   0.1245  -0.1010
  0.0918   0.3933   0.3586  -0.0373   0.1371  -0.1255
  0.1076   0.5610   0.3341   0.6012   0.1163  -0.3712
  0.0411   0.5746   0.3879   0.4198   0.1540  -0.2194
  0.0375   0.4023   0.3690   0.1089   0.1457  -0.1417
  0.0429   0.3825   0.3340   0.0051   0.1549  -0.1266
  0.0673   0.3620   0.3430  -0.0295   0.1535  -0.1130
  0.0961   0.3888   0.3540  -0.0734   0.1467  -0.1334
  0.0837   0.4188   0.3479  -0.1450   0.1393  -0.0996
  0.0974   0.3345   0.3583  -0.1132   0.1467  -0.0913
  0.1046   0.3069   0.2414   0.0921   0.0938  -0.0867
