  0.9933  -1.8699   0.8256   0.1332   1.4751   0.0429
  1.0024  -1.8048   0.8481   0.1013   1.4847   0.0264
  0.9571  -1.6464   0.8261   0.0665   1.3779  -0.0072
  0.9363  -1.7338   0.8355   0.0933   1.3857   0.0547
  0.9522  -1.7688   0.8670   0.0923   1.4277   0.0600
  1.0767  -1.8355   0.9442   0.1213   1.6332   0.1103
  1.0581  -1.8084   0.9214   0.0955   1.6154   0.1062
  0.9794  -1.7613   0.8847   0.1459   1.4828   0.0211
  0.7664  -0.2204   0.2599  -0.1954   0.7507  -0.3985
  0.6321  -0.0894   0.2054  -0.2108   0.4433  -0.2943
  0.6634  -0.3337   0.2521  -0.0385   0.3859  -0.1902
  0.7003  -0.6969   0.2724  -0.0012   0.4408  -0.1156
  0.6460  -0.7956   0.2351  -0.0728   0.4633  -0.1109
  0.5606  -0.8697   0.3149  -0.0696   0.4603  -0.1177
  0.5191  -0.8062   0.3172  -0.1647   0.5078  -0.1641
  0.5476  -0.5742   0.2022  -0.2685   0.4412  -0.1955
  0.5950  -0.7143   0.0691  -0.2173   0.4078  -0.1412
  0.7286  -0.8431   0.1224  -0.1565   0.6274  -0.1137
  0.8873  -0.8878   0.1433  -0.1736   0.7841  -0.1150
  1.0099  -0.9074   0.1776  -0.1751   0.9059  -0.1188
  0.9498  -0.9239   0.1109  -0.0815   0.7688  -0.0285
  0.9415  -0.9730   0.1488  -0.0766   0.7885  -0.0231
  0.9636  -0.7793   0.1528  -0.2241   0.7897  -0.0860
  0.9794  -0.8782   0.1128  -0.1554   0.8032  -0.0661
  0.9387  -0.8281  -0.0027  -0.2395   0.6827  -0.0661
  0.6576  -0.7690  -0.0481   0.0870   0.5444  -0.4298
  0.4634  -0.7815   0.2886   0.6487   1.0345   0.5926
 -0.3987  -0.3192   0.7230   0.1385   0.7354   0.0268
 -0.0957  -0.5685   0.4835   0.1246   0.4898   0.0612
  0.0964  -0.3774   0.3759  -0.0606   0.6105   0.0427
  0.3536  -0.5876   0.4274  -0.0678   0.9444   0.0107
  0.4906  -0.4414   0.4595  -0.1850   1.0502  -0.0507
  0.4738  -0.2498   0.3618  -0.2765   0.9551  -0.0843
  0.3517  -0.5268   0.2751  -0.1635   0.7052  -0.0019
  0.2397  -0.7651   0.0895  -0.0890   0.4998   0.0259
  0.2365  -0.8798  -0.0260  -0.0090   0.4342   0.0708
  0.2729  -1.0753   0.0639   0.0580   0.5288   0.1530
  0.3358  -1.1773   0.0994   0.1309   0.6105   0.2184
  0.3510  -1.2501   0.2314   0.0806   0.7229   0.1889
  0.3956  -1.3110   0.2609   0.0737   0.7383   0.1790
  0.5850  -0.9886   0.1952  -0.0657   0.8432   0.1050
  0.5944  -1.5410   0.3127   0.1835   0.9308   0.2980
  0.6157  -1.6740   0.3399   0.2300   0.9553   0.3478
  0.6225  -1.6716   0.3128   0.2685   0.9328   0.3804
  0.3814  -0.2741  -0.1943  -0.0531   0.3860  -0.1134
 -0.5071  -0.3954  -1.1402   0.0341  -1.3285   0.0756
 -0.2897  -0.5694  -0.8390  -0.0185  -0.9872   0.0497
 -0.0731  -0.5767  -0.5870  -0.0663  -0.6504   0.0680
 -0.0862  -0.5638  -0.4961  -0.0723  -0.6714   0.0677
  0.1066  -0.5015  -0.4617  -0.0155  -0.5221   0.0319
 -0.0001  -0.6927  -0.4749  -0.0357  -0.5436   0.0940
 -0.0136   0.4689  -0.6211  -0.3002  -0.5308  -0.2417
 -0.3475   1.9498  -0.9568  -0.1509  -0.9196  -0.2193
 -0.2020   1.9322  -0.7956   0.0926  -0.6348  -0.4659
 -0.0750   1.7306  -0.6100   0.0340  -0.3550  -0.1560
 -0.3041   0.8989  -0.3489  -0.1228  -0.1105  -0.0191
 -0.1539   0.4667  -0.2737  -0.3299  -0.0538  -0.1379
 -0.0713   0.1734  -0.2256  -0.2893   0.0523  -0.1005
  0.0978   0.3138  -0.1492  -0.3238   0.1957  -0.1166
  0.0554   0.8685  -0.1569  -0.5762   0.1499  -0.3820
 -2.7224   5.5717  -1.5244   1.4391  -1.9000  -0.2223
 -2.4267   5.1575  -1.1248   0.9770  -1.5904  -0.4530
 -2.3645   4.5729  -1.0253   0.7891  -1.6660  -0.4211
 -2.4152   4.1750  -0.9229   0.5226  -1.7895  -0.3711
 -2.2962   3.8011  -0.7474   0.6110  -1.7164  -0.2735
 -2.3089   3.5923  -0.7413   0.3754  -1.8995  -0.2979
 -2.2083   3.1578  -0.7256   0.5137  -1.9578  -0.1455
 -2.1723   3.1518  -0.7798   0.8126  -1.9893  -0.0603
 -2.2171   3.3561  -0.7532   0.7203  -2.1393  -0.1089
 -2.1379   3.7031  -0.9759   0.9538  -2.1279  -0.3332
 -1.7548   3.2587  -0.5902   0.5039  -1.7974  -0.2152
 -1.7794   2.8067  -0.6224   0.1945  -1.8818  -0.1881
 -1.8601   2.5458  -0.6098   0.0480  -2.0279  -0.1699
 -1.8555   2.1490  -0.5951  -0.0519  -2.0078  -0.0946
 -1.8646   1.9721  -0.5877  -0.0556  -1.9193  -0.0676
 -1.6975   1.8870  -0.4519  -0.0461  -1.6359  -0.0732
 -1.4603   2.3358  -0.4397  -0.2290  -1.4226  -0.2276
 -1.2243   2.3329  -0.2066  -0.2554  -1.0974  -0.2220
 -1.0813   2.1382  -0.0882  -0.3335  -0.8648  -0.2172
 -0.9527   1.6167  -0.0237  -0.2146  -0.6431  -0.0857
 -0.7303   1.1593   0.0484  -0.0730  -0.4323   0.0928
 -0.7239   1.0991  -0.0410  -0.0688  -0.5124   0.0562
 -0.8505   0.9960  -0.2172  -0.0669  -0.7996   0.0706
 -0.8366   0.8409  -0.3221  -0.0170  -0.9075   0.1200
 -0.7256   0.7842  -0.3580  -0.0022  -0.7368   0.1415
