 -0.2187  -0.2753   0.4286   1.5236   0.0226  -0.1534
 -0.1635  -0.6669   0.5142   2.3974   0.0669  -0.1223
 -0.3083   3.4893   1.5312  -0.8692   0.5525  -1.8075
 -0.5063   5.3083   0.1438  -4.7080  -0.0330  -2.6044
 -0.2819   2.9163   0.0905  -1.2140  -0.1322  -1.4992
 -0.2838   1.9396   0.1808  -0.9160  -0.0968  -0.8841
 -0.2642   1.6491   0.2260  -0.7809  -0.0701  -0.7696
 -0.2869   1.8346   0.2407  -0.7802  -0.1032  -0.8610
 -0.2833   1.7346   0.1673  -0.8146  -0.1286  -0.7534
 -0.2027   1.4966   0.4112  -0.6427  -0.0135  -0.7153
 -0.2129   1.3606   0.3907  -0.7107  -0.0146  -0.6074
 -0.2014   1.1320   0.3041  -0.4844  -0.0439  -0.5902
 -0.2185   1.2186   0.3017  -0.6856  -0.0380  -0.4667
 -0.6696   6.8638   0.8001  -1.7924  -0.2953  -2.6872
 -0.7474   7.8715   0.4945  -1.8937  -0.4389  -2.8604
 -0.3783   2.5140   0.6106  -0.8729  -0.1555  -0.8970
 -0.3384   2.0097   0.5304  -0.7517  -0.1177  -0.8332
 -0.3394   1.9448   0.4970  -0.8287  -0.1311  -0.7322
 -0.3278   1.8543   0.4894  -0.7193  -0.1319  -0.7893
 -0.3523   1.7913   0.4685  -0.7846  -0.1721  -0.6595
 -0.3296   1.7206   0.4635  -0.7183  -0.1609  -0.7384
 -0.3455   1.7528   0.4609  -0.7535  -0.1753  -0.6751
 -0.3375   1.6824   0.5096  -0.7668  -0.1766  -0.6549
 -0.3226   1.5638   0.4938  -0.6523  -0.1644  -0.6619
 -0.3496   1.5322   0.4742  -0.7690  -0.1746  -0.5685
 -0.3196   1.4138   0.4714  -0.6298  -0.1623  -0.6540
 -0.3386   1.4384   0.4621  -0.7408  -0.1550  -0.5321
 -0.3225   1.3241   0.4361  -0.6758  -0.1498  -0.5722
 -0.3317   1.3274   0.4447  -0.6982  -0.1526  -0.5286
 -0.3320   1.2596   0.4461  -0.7101  -0.1501  -0.5127
 -0.2742   1.9966   0.5904  -0.8058  -0.0535  -0.9375
  4.6882   2.9818   2.1279   0.1579   4.0019  -1.0646
  0.9995   5.7904  -0.7348  -1.0587   0.5316  -2.1501
 -0.5063   5.2373   0.0097  -1.0424  -0.6283  -1.9023
 -0.4284   7.2474   0.0589  -1.4417  -0.5514  -2.5259
 -0.4169   7.0739   0.0474  -1.4696  -0.5331  -2.4971
 -0.3656   6.5191  -0.0047  -1.2204  -0.5198  -2.3820
 -0.3767   6.4815  -0.0507  -1.2617  -0.4783  -2.2558
 -0.3513   5.8319   0.0456  -1.0693  -0.4291  -2.1426
 -0.2422   4.7498  -0.1576  -0.8929  -0.4081  -1.7143
 -0.1259   2.9784  -0.3407  -0.6364  -0.3772  -0.9796
 -0.0515   2.0994  -0.2768  -0.4110  -0.3070  -0.7528
 -0.0668   1.7623  -0.2534  -0.4145  -0.2772  -0.5428
 -0.0434   1.2375  -0.2387  -0.2841  -0.2553  -0.3908
  0.0083   1.1478  -0.2347  -0.1855  -0.2418  -0.4058
 -0.0280   1.2444  -0.2589  -0.2945  -0.2641  -0.3373
 -0.0118   1.2330  -0.2523  -0.4021  -0.2283  -0.3900
 -0.0210   1.0922  -0.2639  -0.3211  -0.2135  -0.3875
 -0.0131   0.9915  -0.2678  -0.3525  -0.1953  -0.2954
 -0.0020   0.6396  -0.2012  -0.1888  -0.1979  -0.2221
  0.0711   0.3056  -0.1985  -0.2504  -0.1234   0.0164
  0.0744   0.0937  -0.1889  -0.0202  -0.1283  -0.0573
  0.0958   0.0456  -0.1738  -0.1382  -0.0860   0.1090
  0.0760   0.0649  -0.1860  -0.1176  -0.1097   0.0019
  0.0612   0.1118  -0.1978  -0.0635  -0.1183   0.0116
  0.0562   0.1074  -0.1943  -0.0859  -0.1179   0.0730
  0.0555   0.1326  -0.1927  -0.1276  -0.1185   0.0709
  0.0782   0.0571  -0.1962  -0.0727  -0.1015   0.0109
  0.0900   0.0800  -0.2092  -0.0588  -0.0955   0.0339
  0.0785   0.1089  -0.2101  -0.1631  -0.0726   0.0754
  0.0873   0.0295  -0.2156  -0.0683  -0.0770   0.0111
  0.0746   0.1030  -0.2267  -0.1578  -0.0807   0.0848
  0.0806   0.0621  -0.2255  -0.0603  -0.0787   0.0022
  0.0700   0.0853  -0.2207  -0.1740  -0.0642   0.0732
  0.0980  -0.0173  -0.2374  -0.0291  -0.0592  -0.0223
  0.0845   0.0416  -0.2540  -0.1342  -0.0485   0.0985
  0.0849  -0.0104  -0.2343  -0.0703  -0.0493   0.0329
  0.0943  -0.0407  -0.2576  -0.1003  -0.0388   0.0774
  0.0999  -0.0648  -0.2327  -0.1634   0.0076   0.1132
  0.0870  -0.1194  -0.2581  -0.0476  -0.0268   0.0398
  0.0847  -0.0162  -0.2833  -0.1478  -0.0355   0.1168
  0.0934  -0.0109  -0.3017  -0.1477  -0.0560   0.0306
  0.0761  -0.0577  -0.2875  -0.0917  -0.0692   0.0784
  0.0766   0.0023  -0.2806  -0.2311  -0.0504   0.1155
  0.0724  -0.0213  -0.2830  -0.0836  -0.0736   0.0162
  0.0659   0.0122  -0.2940  -0.1268  -0.0782   0.0750
  0.0762  -0.0112  -0.2864  -0.2228  -0.0581   0.0709
  0.0848  -0.0497  -0.2914  -0.0839  -0.0732   0.0343
  0.0726   0.0245  -0.2973  -0.2291  -0.0711   0.1149
  0.0759  -0.0459  -0.2895  -0.1071  -0.0786   0.0285
  0.0791  -0.0435  -0.2891  -0.1345  -0.0789   0.0552
  0.0773  -0.0062  -0.2966  -0.1978  -0.0539   0.0761
  0.0787  -0.0692  -0.2804  -0.0261  -0.0750   0.0066
  0.0928  -0.0406  -0.3084  -0.1280  -0.0592   0.0978
  0.0838  -0.0613  -0.2851  -0.1770  -0.0737   0.0835
  0.0821  -0.0713  -0.2933  -0.0792  -0.0680   0.0361
  0.0784  -0.0190  -0.3023  -0.1824  -0.0599   0.0739
  0.0819  -0.0402  -0.2850  -0.2267  -0.0458   0.0612
  0.0916  -0.1238  -0.2862  -0.0906  -0.0529   0.0069
  0.0828  -0.0446  -0.3084  -0.1945  -0.0545   0.0779
  0.0830  -0.0541  -0.2944  -0.1920  -0.0454   0.0510
  0.0815  -0.1107  -0.2821  -0.0621  -0.0619   0.0093
  0.0753  -0.0480  -0.2968  -0.2614  -0.0464   0.0951
  0.0755  -0.0904  -0.2804  -0.1851  -0.0625   0.0304
  0.0615  -0.0949  -0.2805  -0.1042  -0.0872   0.0359
  0.0644  -0.0471  -0.2926  -0.2616  -0.0601   0.0719
  0.0726  -0.1081  -0.2923  -0.1040  -0.0680  -0.0037
 -0.1026   1.1335   0.2196  -0.3655   0.2463  -0.3880
 -0.6804   7.3302   0.5726  -1.4494  -0.1281  -3.0163
 -0.7597   7.2362   0.4405  -1.2733  -0.1692  -2.9882
 -0.7316   7.0516   0.4170  -1.2888  -0.2002  -2.8898
 -0.7117   6.6235   0.2719  -1.1840  -0.2421  -2.8839
 -0.5609   4.1315   0.1553  -0.6415  -0.2811  -1.6828
 -0.3847   1.9425  -0.1121  -0.3869  -0.2434  -0.7580
 -0.2617   1.2573  -0.0328  -0.3602  -0.1400  -0.5497
 -0.2129   0.7126   0.2027  -0.1585  -0.0256  -0.4719
 -0.1363   0.2540   0.2352  -0.1727   0.0139  -0.0855
  0.0505  -1.0180   0.3456  -0.3150   0.2483   0.4313
  0.0859  -1.4990   0.2668   0.3961   0.2247   0.4510
  0.1415  -1.7198   0.1921   0.8091   0.2314   0.5788
  0.1741  -1.6354   0.2163   0.3980   0.2798   0.6367
  0.1752  -1.7278   0.1470   0.5756   0.2895   0.4745
  0.1441  -1.6395   0.1834   0.4443   0.2652   0.7087
  0.1400  -1.9089   0.1834   0.9001   0.2140   0.5737
  0.1091  -1.2295   0.0491   0.4889   0.0474   0.5645
  0.0684  -0.7900  -0.0390   0.4995   0.0168   0.3405
  0.0670  -0.8824   0.0202   0.3474   0.0730   0.4682
  0.0844  -1.0426   0.0244   0.6260   0.0800   0.4063
  0.0678  -1.0348   0.0435   0.4222   0.0881   0.5104
  0.0674  -1.1800   0.0731   0.6062   0.0804   0.4190
  0.0517  -1.0734   0.0982   0.4526   0.0324   0.5284
  0.0717  -1.0929   0.0920   0.4270   0.0501   0.4519
  0.0732  -1.0583   0.1000   0.4413   0.0588   0.4306
  0.0705  -1.0297   0.0946   0.2664   0.0909   0.4643
  0.0754  -1.1419   0.0937   0.3737   0.1333   0.4158
  0.0782  -1.0646   0.0384   0.4128   0.1378   0.4212
  0.0656  -0.8561   0.0555   0.2349   0.1818   0.3950
  0.0432  -0.6323   0.0801   0.1400   0.1887   0.2498
  0.0463  -0.6975   0.0800   0.2313   0.1692   0.2230
  0.0349  -0.6381   0.0934   0.1848   0.1629   0.2496
  0.0304  -0.6479   0.1199   0.1649   0.1649   0.2857
  0.0396  -0.7062   0.1058   0.2890   0.1583   0.2151
  0.0232  -0.6040   0.1118   0.1058   0.1447   0.2558
  0.0296  -0.6535   0.1263   0.1161   0.1126   0.2431
  0.0369  -0.7032   0.1372   0.1969   0.1373   0.2208
  0.0316  -0.6786   0.1221   0.2452   0.1419   0.2132
  0.0259  -0.5752   0.1173   0.1160   0.1442   0.2441
  0.0113  -0.6128   0.1536  -0.0051   0.1485   0.2403
  0.0413  -0.7232   0.1576  -0.0131   0.1731   0.1534
  0.0125  -0.6295   0.1490  -0.0476   0.1642   0.2215
  0.0191  -0.6099   0.1725  -0.1118   0.1783   0.2250
  0.0278  -0.6605   0.1759  -0.0478   0.1714   0.1549
  0.0244  -0.6600   0.1708  -0.0061   0.1758   0.1860
  0.0173  -0.6329   0.1519  -0.1377   0.1767   0.2253
  0.0213  -0.6569   0.1582  -0.0548   0.1743   0.1828
  0.0340  -0.6724   0.1581   0.0589   0.1623   0.1599
  0.0245  -0.6454   0.1654  -0.0723   0.1582   0.2578
  0.0304  -0.6757   0.1614  -0.0309   0.1549   0.1907
  0.0315  -0.6593   0.1550   0.0028   0.1629   0.1915
  0.0279  -0.6377   0.1527  -0.0702   0.1980   0.2002
  0.0164  -0.6619   0.1610  -0.1394   0.1947   0.2272
  0.0884  -1.4220   0.1291   0.7152   0.1102   0.3133
  0.2455  -0.8863  -0.2481   0.8121  -0.0694   0.1416
  0.0814  -0.2020  -0.1241   0.4747  -0.0885   0.1449
  0.0664  -0.3158  -0.0425   0.4683   0.0020   0.0456
  0.0372  -0.3302  -0.0275   0.3239  -0.0240   0.1547
  0.0509  -0.3158  -0.0130   0.3488  -0.0087   0.0176
  0.0406  -0.2897  -0.0318   0.2401   0.0091   0.1338
  0.0509  -0.4153  -0.0335   0.3974  -0.0034   0.0531
  0.0308  -0.3821  -0.0161   0.2536   0.0053   0.1399
  0.0528  -0.4827  -0.0124   0.3720   0.0254   0.0858
  0.0408  -0.3997  -0.0442   0.3366   0.0201   0.1194
  0.0337  -0.4314  -0.0343   0.4071   0.0098   0.1323
  0.0461  -0.5128  -0.0130   0.5216  -0.0026   0.0777
  0.0351  -0.4811   0.0021   0.3489   0.0198   0.1533
  0.0908  -0.5296  -0.0341   0.4144   0.0509   0.1235
  0.0527  -0.6065  -0.0113   0.3956   0.0378   0.1504
  0.0418  -0.6018   0.0118   0.3025   0.0446   0.1666
  0.0434  -0.6664   0.0263   0.4103   0.0360   0.1086
  0.0361  -0.5868  -0.0116   0.3010   0.0662   0.1675
  0.0479  -0.5892  -0.0073   0.2668   0.0762   0.1507
  0.0539  -0.6597  -0.0061   0.4525   0.0537   0.0937
  0.0402  -0.6000  -0.0118   0.3937   0.0485   0.1934
  0.0469  -0.5883  -0.0129   0.3394   0.0697   0.1618
  0.0506  -0.6351  -0.0043   0.4909   0.0425   0.1027
  0.0490  -0.5936  -0.0021   0.3104   0.0767   0.1812
  0.0519  -0.6327  -0.0019   0.3613   0.0875   0.1347
  0.0452  -0.5677  -0.0265   0.4232   0.0666   0.0952
  0.0526  -0.5668  -0.0181   0.3170   0.0661   0.1888
  0.0481  -0.6367   0.0030   0.4162   0.0554   0.1212
  0.0432  -0.6112   0.0016   0.4276   0.0359   0.1581
  0.0443  -0.5934   0.0104   0.3370   0.0457   0.1775
  0.0447  -0.6046   0.0035   0.4497   0.0455   0.1125
  0.0383  -0.5812   0.0055   0.3643   0.0589   0.1619
  0.0471  -0.6445   0.0077   0.3968   0.0569   0.1114
  0.0477  -0.6068   0.0029   0.3655   0.0598   0.1354
  0.0445  -0.5606   0.0071   0.2353   0.0841   0.1624
  0.0348  -0.6763   0.0128   0.4240   0.0603   0.1064
  0.0309  -0.6978   0.0147   0.3416   0.0552   0.1826
  0.0280  -0.6289   0.0181   0.2484   0.0502   0.1606
  0.0308  -0.6426   0.0193   0.2900   0.0509   0.1286
  0.0304  -0.6664   0.0206   0.3694   0.0521   0.1171
  0.0308  -0.6473   0.0247   0.2065   0.0668   0.1907
  0.0410  -0.6911   0.0163   0.3137   0.0863   0.1155
  0.0371  -0.6504   0.0029   0.3230   0.0736   0.1551
  0.0416  -0.6505   0.0127   0.2238   0.0836   0.1768
  0.0442  -0.7139   0.0185   0.4377   0.0601   0.0893
  0.0613  -0.7598  -0.0142   0.3363   0.0503   0.2079
  0.0856  -1.0614  -0.0014   0.5767  -0.0182   0.3783
  0.0696  -1.0456  -0.0115   0.3522   0.0421   0.3234
  0.0838  -1.2100  -0.0377   0.5216   0.0530   0.2723
  0.0988  -1.1417  -0.0762   0.4892   0.0593   0.3608
  0.0952  -1.1261  -0.0643   0.4519   0.0552   0.3610
  0.0903  -1.1752  -0.0536   0.5424   0.0339   0.2902
  0.0735  -1.0915  -0.0483   0.5018   0.0160   0.3356
  0.0707  -1.0836  -0.0381   0.4033   0.0403   0.3625
  0.0751  -1.1782  -0.0331   0.4926   0.0337   0.2932
  0.0669  -1.1526  -0.0425   0.5351   0.0262   0.3284
  0.0653  -1.0599  -0.0521   0.3996   0.0366   0.3624
  0.0689  -1.1155  -0.0341   0.3625   0.0305   0.3243
