 -0.1752   0.7018  -0.1019   0.0052  -0.1500  -0.2407
 -0.0227   0.8178  -0.1936   0.0937  -0.0919  -0.4193
 -0.0666   0.6394  -0.2014   0.0886  -0.1180  -0.2180
 -0.0677   0.6229  -0.1643   0.1977  -0.1210  -0.3068
 -0.0713   0.5890  -0.1562   0.1353  -0.1071  -0.1794
 -0.0565   0.5706  -0.1313   0.1645  -0.0897  -0.3042
 -0.0719   0.6089  -0.1427   0.0881  -0.0926  -0.1855
 -0.0697   0.5535  -0.1263   0.1774  -0.0866  -0.2759
 -0.0685   0.5931  -0.1181   0.1002  -0.0788  -0.1797
 -0.0788   0.5426  -0.1118   0.1448  -0.0937  -0.2614
 -0.1141   0.4826  -0.1182   0.1510  -0.1305  -0.1659
 -0.0902   0.4409  -0.1161   0.1904  -0.1174  -0.2211
 -0.0938   0.4741  -0.1276   0.1770  -0.1140  -0.1619
 -0.0989   0.4377  -0.1371   0.1716  -0.1003  -0.2289
 -0.1075   0.6577  -0.1110   0.1030  -0.0982  -0.2393
 -0.1060   0.6159  -0.1016   0.0725  -0.1258  -0.2130
 -0.1100   0.6687  -0.0849   0.1234  -0.1260  -0.2457
 -0.0958   0.6296  -0.0758   0.0863  -0.1069  -0.2331
 -0.0702   0.5763  -0.0777   0.1216  -0.0933  -0.2261
 -0.0689   0.5707  -0.0836   0.0900  -0.0932  -0.2112
 -0.0844   0.5370  -0.0917   0.0462  -0.0966  -0.2712
 -0.0961   0.5889  -0.0867   0.0366  -0.1053  -0.2051
 -0.0847   0.5761  -0.0745   0.1265  -0.1034  -0.2613
 -0.0964   0.4747  -0.1410   0.1263  -0.1281  -0.1459
 -0.0436   0.5584  -0.1230   0.1076  -0.0880  -0.2409
 -0.0558   0.5311  -0.1361   0.0115  -0.0735  -0.1829
 -0.0647   0.5189  -0.1587   0.0386  -0.0520  -0.2109
 -0.0708   0.5040  -0.1578  -0.0061  -0.0516  -0.2216
 -0.1121   0.4880  -0.1208   0.0405  -0.1003  -0.1921
 -0.0701   0.4993  -0.1235  -0.0389  -0.0565  -0.1740
 -0.1517   0.6045   0.0073   0.0014  -0.0413  -0.1663
 -0.1104   0.6021  -0.0263  -0.0549  -0.0273  -0.2231
 -0.0520   0.4929  -0.0480  -0.0066  -0.0038  -0.2028
 -0.0665   0.5047  -0.0468   0.0622  -0.0133  -0.1730
 -0.0178   0.4899  -0.0795   0.0191   0.0192  -0.1480
 -0.0606   0.4633  -0.0829   0.0755  -0.0557  -0.1503
 -0.0581   0.3952  -0.0961   0.0635  -0.0484  -0.1448
 -0.0819   0.5034  -0.0901   0.0325  -0.0791  -0.1610
 -0.0842   0.4058  -0.0789   0.0345  -0.0768  -0.2101
 -0.0892   0.3883  -0.0935   0.0600  -0.0808  -0.1152
 -0.0659   0.3534  -0.0916   0.0499  -0.0459  -0.1773
 -0.0496   0.3625  -0.1045   0.0634  -0.0343  -0.0846
 -0.0229   0.3038  -0.0966   0.1207  -0.0277  -0.1764
 -0.0033   0.3321  -0.1040   0.0525   0.0005  -0.0870
 -0.0006   0.2664  -0.0872   0.1746   0.0031  -0.1501
 -0.0140   0.3073  -0.1033   0.1077  -0.0118  -0.0715
  0.0310   0.2575  -0.0851   0.1916   0.0095  -0.1533
 -0.0127   0.2383  -0.0734   0.1654  -0.0275  -0.0888
 -0.0155   0.2334  -0.0740   0.2315  -0.0414  -0.1406
 -0.0195   0.2292  -0.0762   0.1514  -0.0468  -0.0963
 -0.0537   0.2173  -0.0686   0.2086  -0.0716  -0.1271
 -0.0302   0.2223  -0.1161   0.1400  -0.0416  -0.0768
 -0.0342   0.1990  -0.1015   0.1938  -0.0521  -0.1263
 -0.0315   0.2188  -0.0920   0.1610  -0.0429  -0.0723
 -0.0350   0.2167  -0.0902   0.1996  -0.0393  -0.0980
 -0.0150   0.2096  -0.1038   0.1680  -0.0156  -0.1103
 -0.0238   0.2166  -0.1177   0.2137  -0.0323  -0.0780
 -0.0208   0.2011  -0.1218   0.1688  -0.0438  -0.1088
 -0.1260   0.2025  -0.1773   0.1116  -0.1191  -0.0363
 -0.0588   0.1792  -0.0776   0.1491  -0.0575  -0.1689
 -0.0774   0.1523  -0.0806   0.0967  -0.0594  -0.1161
 -0.0397   0.2428  -0.0564  -0.0018  -0.0648  -0.0897
 -0.0758   0.1188  -0.0468   0.0237  -0.0435  -0.1349
 -0.0436   0.2757  -0.0933   0.0262  -0.0332  -0.0202
 -0.0611   0.2624  -0.1000   0.0890  -0.0374  -0.1498
 -0.0859   0.2188  -0.0895  -0.0035  -0.0519  -0.1113
 -0.0806   0.2048  -0.0786   0.1366  -0.0581  -0.0915
 -0.0675   0.2001  -0.0899   0.0867  -0.0385  -0.0658
 -0.0369   0.1773  -0.1045   0.1232  -0.0216  -0.1192
 -0.0734   0.2013  -0.1083   0.0754  -0.0439  -0.0429
 -0.0796   0.1827  -0.1112   0.1174  -0.0572  -0.1144
 -0.0729   0.1979  -0.1172   0.0835  -0.0366  -0.0276
 -0.0491   0.1790  -0.1108  -0.0598  -0.0134  -0.0982
 -0.0858   0.2711  -0.1451  -0.2905  -0.0346  -0.0512
 -0.0817   0.1655  -0.1123   0.1462  -0.0460  -0.1455
 -0.0457   0.1647  -0.1305   0.1409  -0.0156  -0.0630
 -0.0611   0.1601  -0.1248   0.0715  -0.0307  -0.0990
 -0.0909   0.1730  -0.1161   0.1378  -0.0489  -0.0771
 -0.0617   0.1149  -0.1213   0.3639  -0.0423  -0.2259
 -0.0499   0.1355  -0.1171   0.1510  -0.0230  -0.0370
 -0.0627   0.2033  -0.1028   0.1153  -0.0143   0.0029
 -0.0647   0.1898  -0.1146   0.1284  -0.0199  -0.0963
 -0.0672   0.2015  -0.1103   0.1053  -0.0257  -0.0863
 -0.0501   0.2017  -0.1607   0.2968  -0.0626  -0.2928
  0.0051   0.2092  -0.0892   0.1271  -0.0109  -0.2376
 -0.0199   0.2804  -0.0793  -0.0041  -0.0378  -0.1664
 -0.0242   0.2219  -0.0831  -0.0009  -0.0393  -0.2350
 -0.0944   0.1056  -0.0876   0.0687  -0.0839  -0.1257
 -0.0933   0.0944  -0.0691   0.1273  -0.0666  -0.1571
 -0.0384   0.1604   0.0028   0.1457  -0.0529  -0.1534
 -0.0559   0.2758   0.0017  -0.0007  -0.0352  -0.0813
 -0.0692   0.3968   0.0291  -0.0671  -0.0485  -0.1362
 -0.0908   0.3882  -0.0140  -0.0472  -0.0535  -0.0503
 -0.0963   0.2619  -0.0347  -0.0750  -0.0514  -0.1815
 -0.0986   0.2538  -0.0457  -0.0292  -0.0375  -0.0912
 -0.0715   0.1943  -0.0502  -0.0145  -0.0257  -0.1892
 -0.0630   0.1994  -0.0544  -0.0150  -0.0021  -0.0918
 -0.0607   0.1694  -0.0533   0.0221  -0.0145  -0.1553
 -0.0694   0.1829  -0.0513  -0.0143  -0.0189  -0.0918
 -0.0764   0.1640  -0.0489   0.0489  -0.0184  -0.1492
 -0.0768   0.1789  -0.0650   0.0213  -0.0119  -0.0692
 -0.0662   0.1436  -0.0785   0.0117  -0.0132  -0.1399
 -0.0511   0.1594  -0.0706  -0.0245   0.0038  -0.0597
 -0.0279   0.1212  -0.0437  -0.0173  -0.0192  -0.1545
 -0.0614   0.1630  -0.0563  -0.0699  -0.0166  -0.0595
 -0.0710   0.1432  -0.0583  -0.0468  -0.0297  -0.1202
 -0.0944   0.1633  -0.0689  -0.0822  -0.0510  -0.0732
 -0.0729   0.1068  -0.0988  -0.0086  -0.0309  -0.1602
 -0.0470   0.1387  -0.0995  -0.0497   0.0048  -0.0697
 -0.0254   0.1350  -0.0746  -0.0466   0.0353  -0.1415
 -0.0586   0.1630  -0.0614  -0.0942   0.0095  -0.0730
 -0.0541   0.1388  -0.0640  -0.1395   0.0108  -0.1114
 -0.0131   0.0839  -0.0713  -0.1514   0.0090  -0.0189
 -0.1014  -0.4861  -0.1007   0.1723  -0.0160   0.2155
 -0.0181  -3.1026  -0.1238   1.0830   0.1767   1.4684
  0.0218  -0.9122  -0.1743  -0.0515   0.0457   0.5226
  0.0608  -0.7604  -0.0773   0.0101   0.0780   0.4405
  0.0074  -0.2166  -0.0170  -0.2180   0.0414   0.3257
 -0.0522  -0.2080  -0.0158  -0.1568  -0.0087   0.3031
 -0.0979  -0.0995   0.1968  -0.1197   0.0293   0.2611
 -0.0727  -0.1066   0.1198  -0.1745   0.0143   0.3204
 -0.0780  -0.0974   0.1394  -0.2008   0.0010   0.4082
 -0.0013  -0.2277   0.1620  -0.0166   0.0407   0.2548
  0.0622  -0.4382   0.3673   0.1639  -0.0125   0.2612
  0.0705  -0.3008   0.2992  -0.1099   0.0514   0.2438
  0.0711  -0.2241   0.2423  -0.1325   0.0997   0.3423
  0.0683  -0.2899   0.2335  -0.1075   0.0808   0.2793
  0.0692  -0.2373   0.2275  -0.1283   0.1034   0.3619
  0.1414  -0.3407   0.2636  -0.0819   0.1414   0.3243
  0.1274  -0.2660   0.2556  -0.1358   0.1622   0.3527
  0.1283  -0.2815   0.2581  -0.1208   0.1759   0.3065
  0.0760  -0.2455   0.2250  -0.0929   0.1095   0.3232
  0.0532  -0.2547   0.1958  -0.1255   0.0724   0.2931
  0.0715  -0.2833   0.1951  -0.0511   0.0738   0.3158
  0.0817  -0.2855   0.1937  -0.0964   0.0733   0.3368
  0.1070  -0.3364   0.1753  -0.0238   0.0934   0.2940
  0.0822  -0.2959   0.1654  -0.0858   0.0828   0.3467
  0.0554  -0.3328   0.1618  -0.1111   0.0728   0.3420
  0.0775  -0.3185   0.1892  -0.1088   0.0757   0.2893
  0.0773  -0.3278   0.1668  -0.1369   0.0754   0.3683
  0.0638  -0.3958   0.1713  -0.0437   0.0437   0.2945
  0.1249  -0.3565   0.1770  -0.0661   0.1056   0.3540
  0.1963  -0.4119   0.1875  -0.0161   0.1415   0.2504
  0.2258  -0.3715   0.1787  -0.0733   0.1676   0.3602
  0.1560  -0.3768   0.1950  -0.0285   0.1042   0.3066
  0.1611  -0.3380   0.1801  -0.1081   0.1240   0.3258
  0.1921  -0.3939   0.1637  -0.0192   0.1209   0.2620
  0.1691  -0.3546   0.1459  -0.0875   0.0946   0.3602
  0.1082  -0.4432   0.1701  -0.0812   0.0448   0.2907
  0.0993  -0.2812   0.1832  -0.1893   0.0460   0.3142
  0.0572  -0.3028   0.2021  -0.0818   0.0379   0.3033
  0.0651  -0.2690   0.2046  -0.1102   0.0266   0.2594
  0.1238  -0.3807   0.2211  -0.0163   0.0443   0.2886
  0.1554  -0.3397   0.2053  -0.0636   0.0696   0.3366
  0.1705  -0.3223   0.1931  -0.1253   0.0754   0.2890
  0.1713  -0.3546   0.1839  -0.0785   0.0692   0.2979
  0.1672  -0.3479   0.1851  -0.1205   0.0589   0.3234
  0.1831  -0.3778   0.1432  -0.0330   0.0335   0.2822
  0.1882  -0.3814   0.1533  -0.0597   0.0345   0.2976
  0.1756  -0.3790   0.1636  -0.0363   0.0337   0.3004
  0.2066  -0.3576   0.1664  -0.0961   0.0665   0.2897
  0.2025  -0.3413   0.1830  -0.0210   0.0288   0.2716
  0.1596  -0.2770   0.1728  -0.1182   0.0253   0.2893
  0.1715  -0.3262   0.1781  -0.0497   0.0149   0.2377
  0.2468  -0.2509   0.1335   0.2935  -0.0522  -0.1162
  0.4135   0.0449   0.5756   0.9374  -0.0004  -2.0408
  0.0822  -0.2498  -0.0825  -0.3912  -0.3822  -0.6323
  0.0149  -0.1211  -0.0498  -0.5011  -0.1887  -0.2062
  0.0269  -0.1548  -0.0558  -0.4824  -0.1422  -0.2614
  0.0240  -0.2170  -0.0651  -0.4800  -0.1284  -0.1515
  0.0741  -0.5885  -0.1206  -0.3396  -0.0675  -0.1421
  0.0045  -0.6967  -0.1619  -0.3135  -0.0808  -0.0742
  0.0095  -0.5005  -0.1248  -0.3656  -0.0799   0.0633
 -0.0030  -0.3422  -0.0409  -0.3830  -0.1492  -0.1463
  0.0158  -0.3113  -0.0597  -0.4619  -0.0919   0.0050
  0.0401  -0.3842  -0.0954  -0.3639  -0.0851  -0.0762
  0.0390  -0.2780  -0.0301  -0.4230  -0.0386  -0.0432
  0.1614  -2.7995   0.2783   0.5943   0.2363   0.8096
  0.0534  -2.0621   0.1254   0.3619   0.0520   0.3878
  0.0620  -1.2088   0.1261  -0.0127   0.0552   0.3074
  0.1283  -1.1874   0.0306   0.0217   0.1470   0.2834
  0.1203  -1.1756   0.0095   0.0264   0.1442   0.2958
  0.0693  -1.0889   0.0202   0.0410   0.0951   0.3119
  0.1034  -1.0447   0.0433  -0.0235   0.1268   0.2645
  0.1182  -1.0604   0.0255   0.0557   0.1487   0.2822
  0.1367  -1.1090   0.0323   0.0649   0.1613   0.2624
  0.1903  -1.0887   0.0486   0.1165   0.1965   0.3114
  0.1885  -1.1077   0.0378   0.1129   0.1772   0.2347
  0.0976  -1.0722   0.0142   0.0802   0.1057   0.3058
  0.1160  -1.1406   0.0338   0.1083   0.0981   0.2033
  0.4229  -1.6426   0.3038   0.2568   0.4334   0.5399
 -0.1990   0.7218   0.4028  -0.3340   0.1101  -0.3747
  0.0315  -0.1858   0.2898  -0.3047   0.2042   0.1256
  0.0507   0.0676   0.2474  -0.3582   0.1927   0.0401
  0.0045  -0.0039   0.2186  -0.2995   0.1442   0.0083
  0.0435   0.0048   0.2329  -0.3197   0.2010  -0.0322
  0.0685  -0.0362   0.2118  -0.3485   0.2292  -0.0452
  0.0792  -0.0534   0.2048  -0.3010   0.2342   0.0504
  0.0519  -0.0861   0.2033  -0.3407   0.2035  -0.0129
  0.1073  -0.0436   0.2124  -0.2881   0.2581   0.0423
