  0.0087   0.1112  -0.0428  -0.2864   0.0675  -0.4075
  0.0053   0.1067  -0.0448  -0.3068   0.0906  -0.4112
 -0.0036   0.1026  -0.0529  -0.2853   0.0790  -0.4070
 -0.0046   0.0889  -0.0470  -0.2252   0.0670  -0.3848
 -0.0092   0.0845  -0.0322  -0.2413   0.0703  -0.3861
 -0.0067   0.0500  -0.0293  -0.1767   0.0628  -0.3742
 -0.0070   0.0395  -0.0213  -0.1454   0.0488  -0.3738
 -0.0155   0.0477  -0.0303  -0.1285   0.0383  -0.3752
 -0.0073   0.0676  -0.0338  -0.1470   0.0441  -0.3810
 -0.0188   0.0499  -0.0300  -0.1676   0.0383  -0.3847
 -0.0091   0.0645  -0.0054  -0.1857   0.0368  -0.3758
 -0.0118   0.0483  -0.0078  -0.1353   0.0382  -0.3349
 -0.0062   0.0317  -0.0048  -0.1232   0.0405  -0.3418
 -0.0153   0.0339  -0.0160  -0.1254   0.0383  -0.3623
 -0.0105   0.0624  -0.0219  -0.1282   0.0412  -0.3679
 -0.0151   0.0613  -0.0231  -0.1332   0.0439  -0.3491
 -0.0104   0.0569  -0.0171  -0.1059   0.0412  -0.3379
 -0.0110   0.0683  -0.0201  -0.1112   0.0375  -0.3387
 -0.0055   0.0810  -0.0326  -0.1569   0.0505  -0.3485
  0.0013   0.0828  -0.0329  -0.1236   0.0402  -0.3293
 -0.0055   0.0729  -0.0350  -0.1026   0.0393  -0.3113
 -0.0065   0.0444  -0.0178  -0.0532   0.0478  -0.2992
 -0.0087   0.0362  -0.0376  -0.0703   0.0419  -0.2956
 -0.0078   0.0324  -0.0350  -0.0574   0.0337  -0.2941
 -0.0066   0.0441  -0.0422  -0.0757   0.0259  -0.3017
 -0.0148   0.0460  -0.0452  -0.1009   0.0109  -0.2972
 -0.0065   0.0624  -0.0400  -0.1109   0.0339  -0.2946
 -0.0044   0.0571  -0.0350  -0.1041   0.0341  -0.2883
  0.0036   0.0400  -0.0168  -0.0818   0.0471  -0.2769
 -0.0039   0.0373  -0.0262  -0.0669   0.0312  -0.2602
 -0.0135   0.0138  -0.0344  -0.0569   0.0343  -0.2642
 -0.0042   0.0425  -0.0423  -0.0837   0.0365  -0.2800
  0.0001   0.0743  -0.0465  -0.1222   0.0351  -0.2775
 -0.0009   0.0536  -0.0365  -0.0910   0.0257  -0.2490
 -0.0038   0.0418  -0.0393  -0.0619   0.0291  -0.2338
 -0.0042   0.0324  -0.0353  -0.1009   0.0353  -0.2357
 -0.0048   0.0482  -0.0425  -0.1237   0.0402  -0.2496
 -0.0087   0.0602  -0.0378  -0.1194   0.0411  -0.2321
 -0.0032   0.0620  -0.0341  -0.1202   0.0371  -0.2250
 -0.0083   0.0532  -0.0289  -0.0966   0.0364  -0.2175
 -0.0046   0.0515  -0.0354  -0.0813   0.0353  -0.1869
 -0.0015   0.0323  -0.0306  -0.0717   0.0200  -0.1966
 -0.0070   0.0429  -0.0378  -0.0902   0.0176  -0.1994
 -0.0135   0.0483  -0.0468  -0.0715   0.0182  -0.1899
 -0.0062   0.0630  -0.0311  -0.1363   0.0232  -0.1893
  0.0049   0.0596  -0.0394  -0.1265   0.0366  -0.2079
 -0.0101   0.0328  -0.0363  -0.0595   0.0415  -0.1555
 -0.0066   0.0597  -0.0379  -0.1551   0.0485  -0.1664
 -0.0054   0.0706  -0.0331  -0.1701   0.0471  -0.1801
 -0.0096   0.0692  -0.0471  -0.1509   0.0447  -0.1747
  0.0002   0.0758  -0.0443  -0.1578   0.0529  -0.1700
 -0.0035   0.0857  -0.0475  -0.1555   0.0418  -0.1611
 -0.0068   0.0919  -0.0250  -0.1394   0.0299  -0.1484
 -0.0091   0.0769  -0.0242  -0.1537   0.0311  -0.1451
 -0.0054   0.0671  -0.0274  -0.1413   0.0262  -0.1275
  0.0038   0.0576  -0.0340  -0.1284   0.0219  -0.1274
  0.0006   0.0771  -0.0252  -0.1425   0.0227  -0.1319
 -0.0051   0.0856  -0.0314  -0.1606   0.0417  -0.1227
  0.0030   0.0735  -0.0039  -0.1501   0.0493  -0.0892
  0.0129   0.0384  -0.0068  -0.0502   0.0524   0.0234
  0.0061   0.0643   0.0034  -0.1559   0.0667  -0.0261
  0.0028   0.0506  -0.0061  -0.0996   0.0384  -0.0714
  0.0045   0.0679  -0.0193  -0.0772   0.0398  -0.0673
 -0.0009   0.0704  -0.0154  -0.0820   0.0259  -0.0843
 -0.0001   0.0633  -0.0130  -0.0559   0.0130  -0.0637
  0.0682  -0.0945  -0.0657   0.3237  -0.0213   0.1054
  0.0039  -0.0042  -0.0414   0.0439   0.0066   0.0011
 -0.0030  -0.0156  -0.0271   0.0429  -0.0080  -0.0003
 -0.0040  -0.0037  -0.0382   0.0918  -0.0164   0.0067
  0.0023   0.0176  -0.0505   0.0834  -0.0173  -0.0131
  0.0011   0.0151  -0.0340   0.0920  -0.0240   0.0093
  0.0048   0.0072  -0.0288   0.0544  -0.0320   0.0192
  0.0015  -0.0083  -0.0238   0.0668  -0.0254   0.0355
  0.0006  -0.0037  -0.0300   0.0989  -0.0207   0.0463
 -0.0008   0.0160  -0.0400   0.0262  -0.0054   0.0184
  0.0052   0.0128  -0.0306   0.0272  -0.0187   0.0383
  0.0019  -0.0254  -0.0412   0.0839  -0.0123   0.0884
  0.0014   0.0058  -0.0280   0.0360  -0.0176   0.0607
  0.0022   0.0045  -0.0234   0.0317  -0.0204   0.0682
  0.0013  -0.0056  -0.0215   0.0423  -0.0253   0.0823
 -0.0003  -0.0132  -0.0263   0.0714  -0.0264   0.1017
  0.0080   0.0009  -0.0180   0.0510  -0.0249   0.0936
  0.0089   0.0088  -0.0152   0.0380  -0.0175   0.1104
  0.0088  -0.0033  -0.0018   0.0408  -0.0358   0.1294
  0.0119  -0.0271   0.0018   0.0935  -0.0400   0.1528
  0.0054  -0.0333  -0.0037   0.0761  -0.0227   0.1369
  0.0110  -0.0022   0.0005   0.0275  -0.0255   0.1390
  0.0043  -0.0201   0.0037   0.0320  -0.0378   0.1535
  0.0147  -0.0325   0.0022   0.0773  -0.0565   0.1673
  0.0142  -0.0451  -0.0006   0.0985  -0.0493   0.1940
  0.0178  -0.0343  -0.0020   0.0617  -0.0366   0.1820
  0.0226  -0.0161  -0.0044   0.0208  -0.0358   0.1893
  0.0256  -0.0082   0.0068   0.0299  -0.0372   0.2067
  0.0250  -0.0086   0.0084   0.0269  -0.0513   0.2056
  0.0296  -0.0182   0.0045   0.0607  -0.0598   0.2312
  0.0246  -0.0253   0.0053   0.0607  -0.0478   0.2435
  0.0262  -0.0277   0.0049   0.0734  -0.0476   0.2563
  0.0310   0.0055   0.0019   0.0367  -0.0369   0.2477
  0.0268   0.0193   0.0089   0.0477  -0.0432   0.2654
  0.0244   0.0061   0.0348   0.0820  -0.0603   0.2807
  0.0178  -0.0164   0.0403   0.0982  -0.0570   0.2981
  0.0073  -0.0641   0.0495   0.1407  -0.0482   0.3090
  0.0103  -0.0954   0.0552   0.1566  -0.0490   0.3179
  0.0012  -0.1162   0.0547   0.1513  -0.0492   0.3297
 -0.0030  -0.1301   0.0695   0.1604  -0.0516   0.3383
 -0.0058  -0.1481   0.0719   0.1468  -0.0356   0.3275
 -0.0070  -0.1503   0.0685   0.1675  -0.0372   0.3336
  0.0008  -0.1284   0.0735   0.1549  -0.0391   0.3550
 -0.0101  -0.1337   0.0635   0.1707  -0.0366   0.3687
 -0.0085  -0.1432   0.0822   0.2158  -0.0433   0.3803
 -0.0140  -0.1683   0.0761   0.2298  -0.0556   0.4061
 -0.0140  -0.1718   0.0936   0.2469  -0.0651   0.4188
 -0.0150  -0.1756   0.0891   0.2305  -0.0533   0.4235
 -0.0132  -0.1460   0.0996   0.2004  -0.0541   0.4037
 -0.0089  -0.1263   0.0869   0.1770  -0.0496   0.4171
 -0.0019  -0.1121   0.0992   0.1919  -0.0612   0.4239
 -0.0085  -0.1275   0.1068   0.2383  -0.0671   0.4475
 -0.0056  -0.1515   0.1177   0.2971  -0.0744   0.4886
 -0.0073  -0.1657   0.1216   0.3031  -0.0786   0.4956
 -0.0068  -0.1580   0.1167   0.2849  -0.0743   0.4965
 -0.0068  -0.1336   0.1142   0.2409  -0.0662   0.4828
 -0.0115  -0.1179   0.1176   0.2193  -0.0642   0.4970
 -0.0078  -0.1433   0.1240   0.2995  -0.0699   0.5276
 -0.0072  -0.1569   0.1221   0.3207  -0.0719   0.5330
 -0.0102  -0.1177   0.1185   0.2777  -0.0633   0.5229
 -0.0139  -0.1068   0.1171   0.2442  -0.0556   0.5404
 -0.0186  -0.1425   0.1226   0.2862  -0.0603   0.5555
 -0.0128  -0.1543   0.1248   0.2913  -0.0446   0.5780
