  0.0197   0.1032   0.0611  -0.0890   0.0012  -0.0015
  0.0241   0.1052   0.0601  -0.0712   0.0058   0.0220
  0.0227   0.0968   0.0592  -0.0708   0.0087  -0.0333
  0.0198   0.0994   0.0578  -0.0945   0.0025  -0.0165
  0.0216   0.0593   0.0660  -0.0954   0.0016  -0.0596
  0.0148   0.0976   0.0634  -0.1040  -0.0005   0.0205
  0.0247   0.0680   0.0540  -0.1036  -0.0017  -0.0255
  0.0323  -0.0049   0.0639  -0.0637   0.0123   0.0385
  0.0551  -0.0508   0.0674  -0.1399   0.0004  -0.0204
  0.0490  -0.0107   0.0719  -0.1412   0.0071   0.0315
  0.0598   0.0093   0.0576  -0.0868   0.0214   0.0904
 -0.0126  -0.0576   0.0994  -0.1028  -0.0372  -0.0799
 -0.0581  -0.0089   0.1010  -0.1582  -0.0864   0.1060
  0.0147   0.0277   0.0891  -0.2008  -0.0409   0.0380
  0.0323   0.0760   0.0785  -0.1638  -0.0278   0.0034
  0.0293   0.1046   0.0791  -0.1734  -0.0311   0.0516
  0.0388   0.0844   0.0774  -0.1523  -0.0229  -0.0239
  0.0350   0.0875   0.0688  -0.1817  -0.0158   0.0332
  0.0414   0.0525   0.0600  -0.2375  -0.0208   0.0115
  0.0168   0.0968   0.0757  -0.2793  -0.0364  -0.0055
  0.0224   0.1180   0.0613  -0.2034  -0.0250   0.0278
  0.0219   0.1401   0.0642  -0.2285  -0.0251   0.0404
  0.0261   0.1201   0.0638  -0.2310  -0.0275  -0.0382
  0.0355   0.1423   0.0627  -0.1970  -0.0223  -0.0138
  0.0123   0.1005   0.0676  -0.3330  -0.0271  -0.1007
  0.0083   0.0850   0.0735  -0.3299  -0.0217   0.0102
  0.0179   0.1338   0.0698  -0.2722  -0.0251   0.0718
  0.0411   0.0072   0.1014  -0.2725  -0.0291  -0.0925
  0.0333   0.0601   0.0514  -0.2809  -0.0067   0.0770
  0.0593  -0.0508   0.0511   0.1706   0.0602  -0.0260
  0.0488  -0.2666   0.0148   0.1749   0.0530  -0.0853
  0.0205  -0.0170   0.0752  -0.1608  -0.0153   0.1844
  0.0189  -0.0115   0.0667  -0.1463  -0.0094   0.0743
  0.0249  -0.0366   0.0531  -0.1000  -0.0069  -0.0619
  0.0255   0.0286   0.0473  -0.1433  -0.0050   0.0810
  0.0059   0.0106   0.0573  -0.2228  -0.0104  -0.0318
 -0.0023   0.0183   0.0592  -0.2322  -0.0244  -0.0007
  0.0081   0.0436   0.0545  -0.2085  -0.0317   0.0883
  0.0165   0.0649   0.0527  -0.2117  -0.0218   0.0402
  0.0247   0.0638   0.0487  -0.1994  -0.0277   0.0583
  0.0126   0.0749   0.0494  -0.1827  -0.0318   0.0044
  0.0165   0.0751   0.0420  -0.2081  -0.0238   0.0419
  0.0106   0.0388   0.0396  -0.2026  -0.0209   0.0232
 -0.0087   0.0266   0.0438  -0.2716  -0.0430   0.0447
 -0.0140   0.1903   0.0144  -0.4378  -0.0522   0.1223
  0.0067   0.0791  -0.0108  -0.0711  -0.0015  -0.1313
  0.0478   0.0502  -0.0218  -0.0001   0.0184  -0.0169
  0.0697   0.0455  -0.0446  -0.0626   0.0492   0.0187
  0.0626   0.0606  -0.0540  -0.1321   0.0446   0.0283
  0.0568   0.0571  -0.0480  -0.1239   0.0381   0.0354
  0.0066   0.0984  -0.0106  -0.1492  -0.0180   0.0437
  0.0286   0.0833  -0.0204  -0.1323   0.0043   0.0504
  0.0068   0.1170  -0.0107  -0.1516  -0.0179   0.0134
  0.0083   0.1517  -0.0151  -0.1257  -0.0130  -0.0027
  0.0070   0.1284  -0.0149  -0.1887  -0.0225  -0.0287
 -0.0042   0.1584  -0.0360  -0.2178  -0.0359   0.0541
 -0.0408   0.1573  -0.0299  -0.2785  -0.0755   0.1001
 -0.0516   0.0598  -0.0115  -0.2802  -0.0955  -0.0174
 -0.1009   0.1646   0.0218  -0.2325  -0.1144   0.0553
  0.0031   0.1210  -0.0329  -0.6273  -0.0091   0.0766
  0.0701  -0.3205  -0.0483   0.3445   0.1329  -0.1218
  0.0197  -0.3384  -0.0724   0.2983   0.1060  -0.0191
 -0.0111  -0.2121  -0.0087  -0.1485   0.0228   0.0085
 -0.1178  -0.1708   0.0492  -0.2411  -0.0340   0.0534
 -0.0671  -0.1210   0.0082  -0.2105  -0.0081  -0.0192
 -0.0553  -0.2445  -0.0497   0.4811   0.0293  -0.1704
 -0.0482  -0.2499  -0.0516   0.5350   0.0491  -0.1719
 -0.0442  -0.1821  -0.1047   0.5699   0.0737   0.0183
 -0.0263  -0.2284  -0.1708   0.8987   0.0907  -0.0558
 -0.0593  -0.1775  -0.1824   1.1643   0.0584  -0.1318
 -0.0736  -0.1240  -0.1674   1.1214   0.0542  -0.0523
 -0.0553  -0.0400  -0.2272   0.9715   0.0839  -0.0334
 -0.0683  -0.1678  -0.1435   0.6783   0.0391  -0.0273
 -0.0728  -0.0921  -0.1165   0.3741  -0.0086   0.0591
 -0.1098  -0.0554  -0.1200   0.3915  -0.0218  -0.0219
 -0.0311  -0.3452  -0.1521   1.0861   0.0751  -0.0820
 -0.0494   0.0610  -0.2598   0.0661   0.0208   0.0308
 -0.1214  -0.1439  -0.1157   0.5129  -0.0241  -0.1373
 -0.1254  -0.2020  -0.1473   0.6320  -0.0189  -0.0346
 -0.1091  -0.2326  -0.1538   0.4784  -0.0024   0.0768
  0.0332  -0.2389  -0.3097   0.3911   0.1054  -0.0826
 -0.0136  -0.1445  -0.2848   0.4536   0.0708  -0.0652
