 -0.5814   1.5488   0.1987  -0.2283  -0.0828  -0.4543
 -0.4778   1.1103   0.1373  -0.1107  -0.0645  -0.3597
 -0.5753   1.0086   0.1918  -0.1332  -0.0688  -0.3659
 -0.5515   0.8691   0.2045  -0.1454  -0.0560  -0.3468
 -0.5152   0.8197   0.1859  -0.1636  -0.0672  -0.3005
 -0.5343   0.7447   0.1654  -0.1385  -0.0627  -0.3248
 -0.5626   0.6883   0.1836  -0.1200  -0.0560  -0.2927
 -0.5188   0.5673   0.1380  -0.1302  -0.0796  -0.2571
 -0.4360   0.3502   0.1113  -0.1140  -0.0709  -0.2368
 -0.3944   0.3140   0.0812  -0.0697  -0.0676  -0.2444
 -0.3662   0.2806  -0.0022  -0.1749  -0.0746  -0.2580
 -0.2985   0.2039  -0.0398  -0.0954  -0.0688  -0.2102
 -0.2987   0.1568  -0.0414  -0.1700  -0.0746  -0.2302
 -0.2845   0.1096  -0.0388  -0.0957  -0.0681  -0.2175
 -0.3051   0.1645  -0.0314  -0.1581  -0.0616  -0.2059
 -0.2972   0.1790  -0.0333  -0.1454  -0.0597  -0.2032
 -0.3310   0.1481   0.0124  -0.0776  -0.0512  -0.1907
 -0.3522   0.1953   0.0279  -0.1030  -0.0623  -0.1763
 -0.3428   0.1449   0.0227  -0.1189  -0.0578  -0.1797
 -0.3156   0.1019   0.0005  -0.0892  -0.0568  -0.1614
 -0.3036   0.0966   0.0079  -0.0522  -0.0526  -0.1829
 -0.2934   0.0574  -0.0125  -0.1082  -0.0571  -0.1638
 -0.2967   0.1084  -0.0015  -0.0999  -0.0631  -0.1580
 -0.2684   0.0084  -0.0197  -0.0519  -0.0606  -0.1607
 -0.2907   0.0163  -0.0356  -0.1006  -0.0584  -0.1632
 -0.3032   0.0424  -0.0089  -0.0812  -0.0618  -0.1366
 -0.2754  -0.0181  -0.0223  -0.0409  -0.0525  -0.1075
 -0.2838   0.0248  -0.0152  -0.0269  -0.0552  -0.1504
 -0.2878   0.0693  -0.0250  -0.1185  -0.0514  -0.1333
 -0.2645   0.0452  -0.0186  -0.1126  -0.0541  -0.1143
 -0.2470   0.0045  -0.0440  -0.0661  -0.0362  -0.1427
 -0.2652   0.0316  -0.0689  -0.1415  -0.0412  -0.1355
 -0.2641  -0.0178  -0.0806  -0.0951  -0.0479  -0.0902
 -0.2671  -0.0069  -0.0715  -0.0708  -0.0437  -0.1263
 -0.2695   0.0120  -0.0702  -0.1570  -0.0473  -0.1108
 -0.2509  -0.0016  -0.0611  -0.1111  -0.0455  -0.0878
 -0.3144   0.0338  -0.0090  -0.2863  -0.0267  -0.0866
 -0.1549  -0.1082  -0.0111  -0.1216  -0.0443  -0.0520
 -0.1354  -0.1610   0.0146  -0.0631  -0.0320  -0.0679
 -0.1617  -0.1375  -0.0109  -0.0721  -0.0333  -0.0909
 -0.1614  -0.1452  -0.0183  -0.1761  -0.0370  -0.0647
 -0.1503  -0.1680  -0.0026  -0.1210  -0.0319  -0.0553
 -0.1241  -0.2193  -0.0411  -0.0845  -0.0233  -0.0652
 -0.1351  -0.2455  -0.0513  -0.1483  -0.0245  -0.0378
 -0.1368  -0.2270  -0.0018  -0.0917  -0.0180  -0.0038
 -0.1610  -0.0970   0.0240  -0.1608  -0.0232  -0.0480
 -0.0754  -0.0449   0.0733  -0.0192  -0.0075  -0.0639
 -0.1275  -0.0767   0.0255  -0.0237  -0.0222   0.0076
 -0.0953  -0.1378   0.0282   0.0300  -0.0166  -0.0233
 -0.1017  -0.1199  -0.0099  -0.0890  -0.0196  -0.0172
 -0.0819  -0.1923  -0.0004  -0.0413  -0.0098   0.0100
 -0.0922  -0.2017  -0.0004  -0.0292  -0.0031  -0.0287
 -0.0770  -0.2147  -0.0175  -0.0832  -0.0038   0.0001
 -0.0730  -0.2519  -0.0157  -0.0452   0.0032   0.0046
 -0.0812  -0.2575  -0.0136  -0.0534  -0.0094   0.0034
 -0.0654  -0.2777  -0.0358  -0.0678  -0.0024   0.0173
 -0.0429  -0.4035  -0.0487   0.0035  -0.0093   0.0726
 -0.0679  -0.4396  -0.0680  -0.0245  -0.0208   0.0319
  0.7842  -0.6376  -0.5384  -0.0913  -0.0133   0.1452
  0.3764  -0.5976  -0.2248  -0.0395  -0.0205   0.1135
  0.3472  -0.7291  -0.1756   0.0460  -0.0115   0.1025
  0.3284  -0.6790  -0.2009  -0.1179  -0.0237   0.0937
  0.3116  -0.6249  -0.2110  -0.1025  -0.0314   0.1090
  0.3343  -0.6624  -0.2086  -0.0578  -0.0221   0.1099
  0.3258  -0.6807  -0.2011  -0.0780  -0.0271   0.0963
  0.3390  -0.6782  -0.2144  -0.0608  -0.0242   0.1326
  0.3667  -0.7829  -0.2043  -0.0107  -0.0265   0.1302
  0.3338  -0.7794  -0.2015  -0.0568  -0.0217   0.1162
  0.1995  -0.4782  -0.0121  -0.0591  -0.0016   0.1113
  0.2254  -0.6945  -0.0712   0.0020  -0.0141   0.1472
  0.2466  -0.8022  -0.0711   0.0068  -0.0104   0.1409
  0.2743  -0.8376  -0.0240   0.0153  -0.0070   0.1241
  0.2461  -0.8083   0.0647   0.3272   0.0082   0.2142
  0.2747  -0.9010   0.0417   0.3410   0.0139   0.2603
  0.2124  -1.0746   0.0259   0.1082   0.0191   0.2112
 -0.0685   1.6634   0.1555  -0.2215  -0.0178  -0.4221
  0.3466   0.6841   0.0317  -0.0210   0.0340  -0.0957
  0.2871   0.5917   0.0579   0.0260   0.0371  -0.0704
  0.2693   0.5156   0.0709  -0.0609   0.0403  -0.0437
  0.2504   0.4200   0.0548  -0.0468   0.0302  -0.0149
  0.2759   0.3244   0.0743  -0.0096   0.0484  -0.0152
  0.2299   0.3253   0.0644  -0.0366   0.0392  -0.0214
  0.1637   0.3189   0.0254  -0.0455   0.0285  -0.0109
  0.1825   0.2653   0.0159   0.0004   0.0247   0.0178
  0.1878   0.2368   0.0178   0.0094   0.0275   0.0182
  0.1826   0.2233   0.0032  -0.0297   0.0221   0.0269
  0.2096   0.1842   0.0161   0.0309   0.0195   0.0559
  0.2295   0.1096   0.0078   0.0388   0.0235   0.0351
  0.2192   0.1201   0.0004   0.0078   0.0245   0.0377
  0.1913   0.1255   0.0287  -0.0318   0.0256   0.0686
  0.1852   0.1333   0.0460   0.1009   0.0307   0.0718
  0.1772   0.1212   0.0545   0.1582   0.0290   0.0543
  0.1664   0.1197   0.0482   0.1003   0.0302   0.0849
  0.1676   0.1287   0.0422   0.1286   0.0333   0.0888
  0.1715   0.0905   0.0398   0.1524   0.0355   0.0721
  0.1691   0.1236   0.0259   0.0972   0.0366   0.0771
  0.1717   0.1446   0.0253   0.0929   0.0387   0.0803
  0.1862   0.0973   0.0300   0.1541   0.0467   0.1027
  0.1593   0.0712   0.0203   0.1410   0.0356   0.0915
  0.1867   0.0463  -0.0090   0.1272   0.0332   0.1155
  0.2025   0.0313  -0.0091   0.1255   0.0418   0.1237
  0.2016   0.0126  -0.0065   0.0995   0.0421   0.1096
  0.1916   0.0227   0.0083   0.0701   0.0407   0.0987
  0.1982   0.0055  -0.0114   0.0926   0.0394   0.1460
  0.2006   0.0082  -0.0029   0.1065   0.0431   0.1308
  0.1877   0.0175   0.0004   0.0291   0.0398   0.1190
  0.2059   0.0218  -0.0143   0.0571   0.0329   0.1332
  0.1944   0.0690   0.0221   0.1471   0.0495   0.1382
  0.1748   0.1003   0.0174   0.0889   0.0497   0.1305
  0.1857   0.0735   0.0129   0.0975   0.0530   0.1524
  0.2106   0.0853  -0.0094   0.3020   0.0996   0.1564
  0.1463   0.0705   0.0424   0.1181   0.0726   0.1548
  0.1687   0.0219   0.0396   0.1842   0.0743   0.1736
  0.1619  -0.0038   0.0324   0.1948   0.0781   0.1555
  0.1565   0.0159   0.0228   0.1333   0.0717   0.1718
  0.1381   0.1287   0.0697   0.1458   0.0691   0.2005
  0.1466   0.0834  -0.0310   0.3669   0.0874   0.1916
  0.1420   0.0461   0.0257   0.1875   0.0722   0.1589
  0.1586   0.0420   0.0373   0.2053   0.0772   0.2042
  0.1620  -0.0922   0.0514   0.2813   0.0937   0.1990
  0.1483  -0.0378   0.0497   0.2053   0.0856   0.2000
  0.1554  -0.0169   0.0448   0.1793   0.0801   0.2234
  0.1579  -0.0488   0.0468   0.1844   0.0842   0.2192
  0.1527  -0.0777   0.0451   0.2012   0.0901   0.2056
  0.1459  -0.0751   0.0523   0.2005   0.0930   0.2065
  0.1436  -0.0821   0.0376   0.1390   0.0884   0.2220
  0.1583  -0.1464   0.0439   0.2330   0.0996   0.2304
  0.1474  -0.0745   0.0338   0.1414   0.0907   0.2398
