 -0.0780  -0.1021  -0.0570  -0.1030  -0.0332  -0.2527
 -0.0760  -0.1081  -0.0581  -0.0985  -0.0303  -0.2350
 -0.0758  -0.1103  -0.0575  -0.0890  -0.0280  -0.2302
 -0.0750  -0.1117  -0.0600  -0.0790  -0.0312  -0.2352
 -0.0796  -0.1266  -0.0681  -0.0488  -0.0322  -0.2316
 -0.0828  -0.1264  -0.0736  -0.0642  -0.0336  -0.2209
 -0.0829  -0.1314  -0.0709  -0.0573  -0.0381  -0.2169
 -0.0817  -0.1212  -0.0709  -0.0512  -0.0357  -0.2290
 -0.0824  -0.1113  -0.0735  -0.0360  -0.0398  -0.2160
 -0.0830  -0.1173  -0.0646  -0.0393  -0.0365  -0.2128
 -0.0802  -0.1025  -0.0704  -0.0021  -0.0351  -0.2023
 -0.0796  -0.1040  -0.0680  -0.0124  -0.0369  -0.1693
 -0.0808  -0.1148  -0.0721  -0.0179  -0.0414  -0.1885
 -0.0825  -0.1069  -0.0737  -0.0130  -0.0446  -0.1779
 -0.0823  -0.1052  -0.0855  -0.0175  -0.0529  -0.1720
 -0.0781  -0.1116  -0.0747  -0.0059  -0.0558  -0.1560
 -0.0764  -0.1310  -0.0697   0.0053  -0.0587  -0.1567
 -0.1107  -0.0912  -0.0435  -0.1259  -0.0585  -0.2031
 -0.0910  -0.0729  -0.0421  -0.1275  -0.0490  -0.1704
 -0.0985  -0.0540  -0.0497  -0.1421  -0.0458  -0.1847
 -0.0862  -0.0614  -0.0347  -0.1232  -0.0303  -0.1739
 -0.0764  -0.0936  -0.0337  -0.1003  -0.0354  -0.1868
 -0.0915  -0.0996  -0.0438  -0.1088  -0.0497  -0.1650
 -0.0991  -0.1042  -0.0519  -0.0704  -0.0577  -0.1578
 -0.0982  -0.1103  -0.0594  -0.0464  -0.0467  -0.1506
 -0.0798  -0.1387  -0.0600  -0.0120  -0.0430  -0.1464
 -0.0739  -0.1767  -0.0724   0.0263  -0.0403  -0.1486
 -0.0438  -0.1611  -0.0458  -0.0002  -0.0275  -0.1542
 -0.0591  -0.1673  -0.0560  -0.0201  -0.0318  -0.1553
 -0.0528  -0.1715  -0.0494  -0.0103  -0.0348  -0.1528
 -0.0571  -0.1763  -0.0462  -0.0117  -0.0380  -0.1492
 -0.0658  -0.1892  -0.0497  -0.0061  -0.0353  -0.1562
 -0.0627  -0.2160  -0.0468  -0.0207  -0.0303  -0.1456
 -0.0830  -0.2494  -0.0461  -0.0218  -0.0347  -0.1466
 -0.0786  -0.2583  -0.0513  -0.0174  -0.0344  -0.1297
 -0.0813  -0.2490  -0.0500  -0.0148  -0.0356  -0.1454
 -0.0765  -0.2269  -0.0511   0.0144  -0.0317  -0.1345
 -0.0699  -0.2176  -0.0555   0.0073  -0.0354  -0.1073
 -0.0625  -0.2170  -0.0560   0.0000  -0.0401  -0.0773
 -0.0603  -0.2215  -0.0571   0.0064  -0.0399  -0.0854
 -0.0692  -0.2126  -0.0520   0.0014  -0.0338  -0.0978
 -0.0609  -0.1994  -0.0537   0.0150  -0.0305  -0.0994
 -0.0635  -0.1964  -0.0489   0.0173  -0.0292  -0.0897
 -0.0594  -0.1817  -0.0426  -0.0056  -0.0301  -0.0824
 -0.0625  -0.1805  -0.0424  -0.0037  -0.0295  -0.0821
 -0.0599  -0.1791  -0.0394  -0.0127  -0.0238  -0.0874
 -0.0598  -0.1691  -0.0412  -0.0284  -0.0272  -0.0713
 -0.0506  -0.1737  -0.0390  -0.0264  -0.0234  -0.0726
 -0.0499  -0.1367  -0.0325  -0.0493  -0.0329  -0.0236
 -0.0495  -0.1031  -0.0266  -0.1133   0.0082  -0.0779
 -0.0094  -0.0561  -0.0187  -0.0733   0.0018  -0.0272
 -0.0351  -0.0737   0.0188  -0.0546   0.0090  -0.0738
 -0.0100  -0.0464   0.0072   0.0076   0.0067  -0.0382
 -0.0084  -0.0485   0.0056   0.0286  -0.0002  -0.0039
 -0.0152  -0.0675   0.0018   0.0247  -0.0010  -0.0221
 -0.0316  -0.0511   0.0048   0.0234   0.0085  -0.0362
 -0.0175  -0.0356   0.0067   0.0154   0.0117  -0.0311
 -0.0098  -0.0454   0.0040   0.0294   0.0102   0.0044
 -0.0062  -0.0513   0.0074   0.0454   0.0064  -0.0031
 -0.0084  -0.0646   0.0100   0.0665   0.0149  -0.0126
 -0.0018  -0.0578   0.0097   0.0724   0.0092  -0.0010
 -0.0021  -0.0457   0.0198   0.0903   0.0127  -0.0036
  0.0032  -0.0369   0.0120   0.0698   0.0066  -0.0199
  0.0042  -0.0255   0.0165   0.0518   0.0044   0.0037
  0.0083  -0.0252   0.0152   0.0473   0.0032   0.0172
  0.0062  -0.0288   0.0218   0.0523   0.0047   0.0299
  0.0116  -0.0375   0.0199   0.0649   0.0026   0.0477
  0.0065  -0.0159   0.0274   0.0295   0.0070   0.0085
  0.0110  -0.0102   0.0208   0.0324  -0.0019   0.0419
  0.0109  -0.0293   0.0225   0.0485   0.0016   0.0422
  0.0110  -0.0228   0.0220   0.0627   0.0087   0.0179
  0.0112  -0.0164   0.0275   0.0649   0.0128   0.0219
  0.0169  -0.0063   0.0282   0.0540   0.0099   0.0463
  0.0199  -0.0038   0.0261   0.0650   0.0070   0.0596
  0.0228  -0.0113   0.0248   0.0746   0.0107   0.0599
  0.0212  -0.0159   0.0274   0.0657   0.0086   0.0570
  0.0267  -0.0120   0.0363   0.0868   0.0135   0.0710
  0.0300  -0.0036   0.0356   0.0912   0.0136   0.0644
  0.0202  -0.0044   0.0444   0.0431   0.0140   0.0492
  0.0238   0.0095   0.0404   0.0265   0.0137   0.0583
  0.0248   0.0117   0.0390   0.0430   0.0097   0.1034
  0.0299   0.0012   0.0370   0.0771   0.0121   0.0865
  0.0277   0.0118   0.0415   0.0717   0.0189   0.0854
  0.0282   0.0214   0.0443   0.0690   0.0187   0.0773
  0.0304   0.0272   0.0398   0.0714   0.0187   0.0770
  0.0309   0.0294   0.0424   0.0509   0.0157   0.0816
  0.0455   0.0275   0.0474   0.0264   0.0256   0.0915
  0.0400   0.0354   0.0432  -0.0091   0.0276   0.0933
  0.0430   0.0321   0.0401   0.0407   0.0223   0.1181
  0.0424   0.0265   0.0403   0.0623   0.0268   0.1167
  0.0424   0.0307   0.0411   0.0536   0.0253   0.1108
  0.0341   0.0628   0.0478  -0.0150   0.0401   0.0921
  0.0403   0.0605   0.0405   0.0002   0.0325   0.0993
  0.0396   0.0687   0.0433  -0.0118   0.0314   0.1201
  0.0424   0.0519   0.0422   0.0469   0.0389   0.0985
  0.0502   0.0542   0.0435   0.0610   0.0453   0.1042
  0.0515   0.0456   0.0410   0.0707   0.0364   0.1441
  0.0508   0.0446   0.0416   0.0697   0.0348   0.1423
  0.0530   0.0478   0.0506   0.0637   0.0376   0.1417
  0.0472   0.0530   0.0536   0.0672   0.0433   0.1337
  0.0523   0.0513   0.0505   0.0642   0.0367   0.1359
  0.0483   0.0516   0.0506   0.0708   0.0310   0.1423
  0.0422   0.0534   0.0591   0.0468   0.0343   0.1433
  0.0557   0.0476   0.0562   0.0669   0.0285   0.1606
  0.0627   0.0572   0.0474   0.0489   0.0291   0.1723
  0.0616   0.2114   0.0261  -0.2440   0.0146   0.1355
  0.0556   0.1763   0.0360  -0.1385   0.0054   0.1456
  0.0660   0.1480   0.0447  -0.1888   0.0155   0.1375
  0.0620   0.1347   0.0419  -0.2001   0.0277   0.1371
  0.0650   0.1510   0.0493  -0.1445   0.0308   0.1246
  0.0763   0.1845   0.0505  -0.1014   0.0405   0.1390
  0.0879   0.1981   0.0577  -0.0545   0.0393   0.1514
  0.0830   0.2007   0.0537  -0.0025   0.0200   0.2294
  0.1219   0.2916   0.0377  -0.0600   0.0505   0.1789
  0.1229   0.3734   0.0499  -0.0267   0.0514   0.1897
  0.1234   0.4232   0.0460   0.0159   0.0531   0.1863
  0.1256   0.4215   0.0458   0.0329   0.0485   0.1884
  0.1370   0.4420   0.0439   0.0234   0.0446   0.2020
  0.1471   0.4392   0.0330   0.0140   0.0387   0.2292
  0.1453   0.4300   0.0368   0.0187   0.0320   0.2312
  0.1478   0.4145   0.0468   0.0336   0.0359   0.2342
  0.1406   0.4081   0.0445   0.0632   0.0371   0.2363
  0.1336   0.4238   0.0480   0.0671   0.0479   0.2289
  0.1288   0.4119   0.0477   0.0495   0.0460   0.2118
  0.1333   0.4482   0.0544   0.0212   0.0397   0.2073
  0.1420   0.4511   0.0542   0.0591   0.0461   0.2251
  0.1515   0.4319   0.0511   0.0823   0.0437   0.2726
  0.1627   0.4588   0.0611   0.0156   0.0379   0.2759
