 -0.0761   0.3917   0.0321  -0.1712   0.0512  -0.0579
 -0.0702   0.3756   0.0134  -0.1800   0.0556  -0.0946
 -0.0792   0.3837   0.0385  -0.1826   0.0606  -0.1253
 -0.0739   0.3878   0.0167  -0.1329   0.0556  -0.1054
 -0.0658   0.3710   0.0068  -0.0961   0.0433  -0.0987
 -0.0583   0.3460   0.0297  -0.0904   0.0469  -0.0953
 -0.0635   0.3342   0.0141  -0.1130   0.0446  -0.0996
 -0.0566   0.3548   0.0077  -0.1349   0.0730  -0.0833
 -0.0438   0.3628  -0.0024  -0.1552   0.0711  -0.0854
 -0.0449   0.3530   0.0095  -0.1376   0.0654  -0.1169
 -0.0467   0.3411   0.0120  -0.1245   0.0634  -0.0995
 -0.0454   0.3324   0.0199  -0.1223   0.0691  -0.0719
 -0.0465   0.3477   0.0015  -0.1336   0.0662  -0.0839
 -0.0504   0.3173  -0.0216  -0.1359   0.0470  -0.0890
 -0.0511   0.3430  -0.0357  -0.1002   0.0477  -0.0796
 -0.0499   0.3451  -0.0356  -0.1332   0.0430  -0.0579
 -0.0518   0.3033  -0.0467  -0.1310   0.0339  -0.0756
 -0.0569   0.2785  -0.0415  -0.1033   0.0331  -0.0540
 -0.0542   0.3018  -0.0463  -0.1117   0.0357  -0.0549
 -0.0520   0.3122  -0.0402  -0.1460   0.0348  -0.0795
 -0.0544   0.2930  -0.0500  -0.1335   0.0222  -0.0550
 -0.0546   0.3048  -0.0294  -0.1180   0.0328  -0.0316
 -0.0532   0.2748  -0.0347  -0.1453   0.0288  -0.0489
 -0.0389   0.2965  -0.0346  -0.1530   0.0252  -0.0389
 -0.0612   0.2736  -0.0491  -0.1150   0.0126  -0.0464
 -0.0541   0.2859  -0.0463  -0.0942   0.0078  -0.0399
 -0.0424   0.2977  -0.0533  -0.1101   0.0076  -0.0248
 -0.0406   0.2917  -0.0415  -0.1110   0.0094  -0.0527
 -0.0389   0.2704  -0.0234  -0.1099   0.0220  -0.0301
 -0.0422   0.2798  -0.0184  -0.1025   0.0230  -0.0383
 -0.0349   0.2914  -0.0201  -0.1084   0.0215  -0.0460
 -0.0354   0.2814  -0.0225  -0.1206   0.0181  -0.0529
 -0.0498   0.3188  -0.0149  -0.1362   0.0206  -0.0516
 -0.0977   0.2653   0.0346  -0.1178   0.0291  -0.0374
 -0.0539   0.2733   0.0123  -0.1340   0.0299  -0.0318
 -0.0424   0.3059  -0.0062  -0.1589   0.0255  -0.0500
 -0.0424   0.2526  -0.0213  -0.1557   0.0100  -0.0399
 -0.0460   0.1865  -0.0215  -0.1150   0.0037  -0.0432
 -0.0619   0.2187  -0.0130  -0.1119   0.0034  -0.0518
 -0.0526   0.1794   0.0034  -0.0702   0.0100  -0.0349
 -0.0723   0.1201   0.0203  -0.0449   0.0220  -0.0160
 -0.0592   0.1223   0.0345  -0.0552   0.0398  -0.0200
 -0.0576   0.1314   0.0261  -0.0427   0.0298  -0.0245
 -0.0636   0.1348   0.0228  -0.0818   0.0412  -0.0423
 -0.0474   0.1333   0.0092  -0.0561   0.0345  -0.0285
 -0.0342   0.1454  -0.0017  -0.0566   0.0278  -0.0480
 -0.0433   0.1419  -0.0303  -0.0474   0.0182  -0.0222
 -0.0378   0.1309  -0.0526  -0.0626   0.0142  -0.0207
 -0.0291   0.1496  -0.0303  -0.1074   0.0104  -0.0414
 -0.0484   0.1424   0.0125  -0.0697   0.0309  -0.0370
 -0.0443   0.1126   0.0135  -0.0232   0.0264  -0.0300
 -0.0441   0.1332  -0.0013  -0.0387   0.0355  -0.0511
 -0.0194   0.0773   0.0136  -0.0553   0.0276  -0.0593
 -0.0309   0.1128  -0.0029  -0.0652   0.0290  -0.0245
 -0.0164   0.0838  -0.0016  -0.3250   0.0305   0.1503
 -0.0075   0.0389  -0.0023  -0.1534   0.0255  -0.0007
 -0.0025   0.0507  -0.0366  -0.1241  -0.0070   0.0058
  0.0030   0.0841  -0.0375  -0.1436  -0.0017   0.0347
 -0.0127   0.0461  -0.0078  -0.1122   0.0045  -0.0080
 -0.0406   0.0150   0.0276  -0.0933   0.0090   0.0225
 -0.0302   0.0103   0.0262  -0.0793   0.0072   0.0114
 -0.0300   0.0377   0.0212  -0.0857   0.0112   0.0285
 -0.0222   0.0147   0.0211  -0.0615   0.0157   0.0321
 -0.0501   0.0137   0.0048  -0.0557   0.0115  -0.0043
 -0.0313   0.0073   0.0273  -0.0608   0.0248  -0.0216
 -0.0032  -0.0205   0.0157  -0.0234   0.0237  -0.0291
 -0.0143  -0.0012   0.0094   0.0186   0.0163  -0.0234
 -0.0228  -0.0205   0.0057   0.0213   0.0072   0.0115
  0.0000   0.0029   0.0128  -0.0038   0.0177  -0.0182
 -0.0046  -0.0397   0.0243  -0.0066   0.0178  -0.0141
 -0.0014  -0.0385  -0.0141   0.0049   0.0131  -0.0119
  0.0073  -0.0300  -0.0238   0.0016   0.0170   0.0033
  0.0063  -0.0552  -0.0238  -0.0213   0.0135   0.0264
 -0.0111  -0.0826  -0.0249  -0.0359  -0.0043  -0.0159
 -0.0127  -0.0692  -0.0226  -0.0063  -0.0111  -0.0064
  0.0061  -0.0711  -0.0081  -0.0077  -0.0012   0.0054
  0.0129  -0.0695  -0.0007  -0.0322  -0.0029   0.0124
  0.0138  -0.0871   0.0092  -0.0222   0.0042  -0.0034
  0.0247  -0.1253   0.0245   0.0206   0.0014  -0.0023
  0.0349  -0.1145   0.0346   0.0397   0.0012   0.0042
  0.0311  -0.1162   0.0432   0.0499   0.0124   0.0121
  0.0349  -0.1321   0.0483   0.0400   0.0097   0.0107
  0.0422  -0.1386   0.0400   0.0176   0.0060  -0.0075
  0.0390  -0.1260   0.0432   0.0380   0.0014  -0.0043
  0.0228  -0.1662   0.0525   0.0634   0.0129   0.0243
  0.0281  -0.1521   0.0602   0.0436   0.0097   0.0166
  0.0324  -0.1500   0.0388   0.0407  -0.0030   0.0253
  0.0287  -0.1472   0.0330   0.0713  -0.0042   0.0215
  0.0374  -0.1457   0.0458   0.0740   0.0101   0.0385
  0.0321  -0.1293   0.0424   0.0538   0.0029   0.0377
  0.0387  -0.1579   0.0319   0.0691   0.0039   0.0250
  0.0365  -0.1679   0.0365   0.0709   0.0016   0.0337
  0.0271  -0.1694   0.0357   0.0691   0.0054   0.0225
  0.0364  -0.1657   0.0400   0.0902   0.0061   0.0367
  0.0527  -0.1483   0.0510   0.0596   0.0098   0.0269
  0.0530  -0.1903   0.0516   0.0957   0.0097   0.0175
  0.0479  -0.1842   0.0523   0.1402   0.0047   0.0367
  0.0559  -0.1663   0.0420   0.0964  -0.0118   0.0475
  0.0551  -0.1784   0.0392   0.0943   0.0036   0.0249
  0.0508  -0.1860   0.0416   0.1060   0.0085   0.0272
  0.0535  -0.1738   0.0421   0.0972   0.0112   0.0391
  0.0577  -0.1737   0.0378   0.0763   0.0091   0.0390
  0.0558  -0.1939   0.0353   0.0665   0.0109   0.0347
  0.0621  -0.1825   0.0477   0.0696   0.0116   0.0168
  0.0621  -0.1843   0.0429   0.0840   0.0096   0.0347
  0.0626  -0.1588   0.0539   0.0752   0.0097   0.0219
  0.0653  -0.1622   0.0467   0.0616   0.0064   0.0403
  0.0601  -0.1764   0.0479   0.0500   0.0048   0.0265
  0.0669  -0.2064   0.0495   0.1016   0.0082   0.0308
  0.0511  -0.1854   0.0491   0.1047   0.0040   0.0299
  0.0493  -0.1711   0.0358   0.0892  -0.0023   0.0466
  0.0569  -0.1657   0.0155   0.0661  -0.0123   0.0414
  0.0576  -0.1888   0.0025   0.0713  -0.0134   0.0297
  0.0668  -0.1677   0.0098   0.0678  -0.0070   0.0219
  0.0662  -0.1678   0.0004   0.0768  -0.0072   0.0283
  0.0698  -0.1528   0.0018   0.0789  -0.0109   0.0415
  0.0712  -0.1583   0.0014   0.0588  -0.0033   0.0297
  0.0791  -0.1411   0.0117   0.0729  -0.0046   0.0341
  0.0721  -0.1663   0.0038   0.0888  -0.0075   0.0342
  0.0710  -0.1771   0.0142   0.1165  -0.0016   0.0292
  0.0665  -0.1711   0.0125   0.1235  -0.0074   0.0264
  0.0666  -0.1699   0.0078   0.1240  -0.0096   0.0355
  0.0455  -0.1935   0.0032   0.1010  -0.0433   0.0525
 -0.0277  -0.2768  -0.0216   0.1360  -0.1380   0.0974
  0.0104  -0.2147  -0.0260   0.0919  -0.0931   0.0750
  0.0337  -0.1880  -0.0205   0.1393  -0.0385   0.0437
  0.0493  -0.1896  -0.0130   0.1869  -0.0392   0.0491
  0.0305  -0.1339  -0.0033   0.1335  -0.0343   0.0553
  0.0500  -0.1838  -0.0330   0.1113  -0.0433   0.0246
  0.0246  -0.1987  -0.0136   0.1695  -0.0500   0.0116
  0.0245  -0.1979  -0.0325   0.1641  -0.0566   0.0546
  0.0215  -0.1614  -0.0315   0.1431  -0.0615   0.0368
  0.0282  -0.1619  -0.0403   0.1345  -0.0654   0.0523
  0.0348  -0.2155  -0.0275   0.1354  -0.0621   0.0546
  0.0263  -0.1539  -0.0191   0.1536  -0.0504  -0.0023
  0.0230  -0.1976  -0.0267   0.1579  -0.0661   0.0684
  0.0444  -0.2107  -0.0537   0.1040  -0.0718   0.0480
  0.0293  -0.1945  -0.0434   0.0909  -0.0814   0.0638
  0.0297  -0.1664  -0.0384   0.0648  -0.0779   0.0455
  0.0367  -0.1584  -0.0434   0.0883  -0.0774   0.0267
  0.0244  -0.0887  -0.0668   0.0810  -0.0833   0.0431
  0.0072  -0.2431  -0.0553   0.1266  -0.0952   0.0479
  0.0076  -0.2751  -0.0357   0.1377  -0.0850   0.0678
  0.0224  -0.2081  -0.0785   0.1075  -0.0977   0.0113
  0.0197  -0.2326  -0.0774   0.1343  -0.1003   0.0456
  0.0106  -0.2771  -0.0567   0.1607  -0.0902   0.0407
  0.0186  -0.2922  -0.0501   0.1698  -0.0961   0.0629
  0.0304  -0.2966  -0.0391   0.1956  -0.0770   0.0628
  0.0345  -0.3004  -0.0331   0.1920  -0.0607   0.0836
  0.0362  -0.3274  -0.0337   0.2115  -0.0656   0.0483
  0.0301  -0.2922  -0.0362   0.1989  -0.0721   0.0471
  0.0140  -0.1282  -0.0764  -0.0351  -0.0716   0.1237
