  0.0501   0.1386   0.1010  -0.4069  -0.0122  -0.0874
  0.0473   0.1018   0.0742  -0.4202  -0.0099  -0.1199
  0.0381   0.0668   0.0597  -0.3518  -0.0059  -0.1056
  0.0335   0.0610   0.0576  -0.2957  -0.0049  -0.0574
  0.0345   0.0047   0.0354  -0.2577  -0.0077  -0.0643
  0.0352  -0.0587   0.0189  -0.2543  -0.0066  -0.0707
  0.0314  -0.0509   0.0107  -0.2516   0.0011  -0.0671
  0.0353  -0.0483   0.0179  -0.2896  -0.0013  -0.0464
  0.0416  -0.0053   0.0220  -0.3008  -0.0036  -0.0523
  0.0415  -0.0379   0.0098  -0.2515  -0.0054  -0.0555
  0.0474  -0.0671  -0.0017  -0.2358  -0.0028  -0.0505
  0.0540  -0.0963  -0.0134  -0.2315  -0.0053  -0.0429
  0.0490  -0.1025  -0.0084  -0.2292  -0.0087  -0.0362
  0.0502  -0.1143  -0.0100  -0.2401  -0.0111  -0.0366
  0.0540  -0.1234  -0.0093  -0.2298  -0.0090  -0.0366
  0.0368  -0.1002   0.0351  -0.4080  -0.0185  -0.0813
  0.0626  -0.0498   0.0121  -0.3612  -0.0149  -0.0682
  0.0543  -0.1208  -0.0212  -0.1238  -0.0121  -0.0358
  0.0415   0.2416   0.0665  -0.1809  -0.0202  -0.1177
  0.0812   0.1299   0.0314  -0.0668  -0.0288  -0.0841
  0.0670   0.0791   0.0449  -0.0789  -0.0344  -0.0357
  0.0775   0.1475   0.0119   0.0016  -0.0226  -0.0490
  0.0783  -0.0902  -0.0133  -0.0400  -0.0211  -0.0337
  0.0863  -0.1699  -0.0860   0.1856  -0.0364   0.0633
  0.0784  -0.0488  -0.0444   0.1458  -0.0325   0.0072
  0.1234   0.0651  -0.0065  -0.4652  -0.0069  -0.1776
  0.1013  -0.2202  -0.0347  -0.3915  -0.0123  -0.1131
  0.1042  -0.3127  -0.0272  -0.3773  -0.0200  -0.0981
  0.1017  -0.3349  -0.0484  -0.3067  -0.0062  -0.0895
  0.1105  -0.3317  -0.0464  -0.3364  -0.0143  -0.0808
  0.1087  -0.3942  -0.0596  -0.3246  -0.0129  -0.0530
  0.1114  -0.3678  -0.0538  -0.3343  -0.0143  -0.0884
  0.1101  -0.3474  -0.0607  -0.3386  -0.0136  -0.1108
  0.1093  -0.3937  -0.0542  -0.3257  -0.0172  -0.0745
  0.1069  -0.3762  -0.0631  -0.2750  -0.0163  -0.0686
  0.1093  -0.3792  -0.0679  -0.2537  -0.0149  -0.0735
  0.1141  -0.4057  -0.0692  -0.2210  -0.0102  -0.0606
  0.1104  -0.4156  -0.0680  -0.2052  -0.0212  -0.0509
  0.1095  -0.3988  -0.0738  -0.2455  -0.0152  -0.0713
  0.1107  -0.3987  -0.0839  -0.1941  -0.0111  -0.0664
  0.1112  -0.4206  -0.0990  -0.1297  -0.0101  -0.0547
  0.1166  -0.5184  -0.0954  -0.1996  -0.0049  -0.0272
  0.1162  -0.5231  -0.0708  -0.2726  -0.0091  -0.0358
  0.1105  -0.5380  -0.0778  -0.2485  -0.0085  -0.0510
  0.1019  -0.5721  -0.0927  -0.2293  -0.0038  -0.0422
  0.1083  -0.6183  -0.0831  -0.2535  -0.0060  -0.0148
  0.1048  -0.6623  -0.0696  -0.2703  -0.0052  -0.0305
  0.0958  -0.6562  -0.0773  -0.2336  -0.0014  -0.0095
  0.0919  -0.6599  -0.0845  -0.2175  -0.0022   0.0190
  0.0956  -0.6762  -0.0837  -0.2616  -0.0002   0.0110
  0.0957  -0.6711  -0.0768  -0.2988  -0.0026   0.0046
  0.1018  -0.5439  -0.0480  -0.2558  -0.0167  -0.0080
  0.1038  -0.7536  -0.0625  -0.2348  -0.0089   0.0157
  0.0936  -0.6321  -0.0256  -0.1658  -0.0098   0.0466
  0.1046  -0.6504  -0.0746  -0.2953  -0.0077   0.0083
  0.0817  -0.7371  -0.0203  -0.1647  -0.0321   0.0080
  0.1045  -0.6446  -0.0497  -0.4640  -0.0176  -0.0190
  0.0989  -0.7580  -0.0632  -0.1890  -0.0190   0.0529
  0.0965  -0.7132  -0.0689  -0.2965  -0.0189  -0.0179
  0.0949  -0.6538  -0.1164  -0.3243  -0.0297  -0.0120
  0.1024  -0.7235  -0.0940  -0.3027  -0.0215  -0.0112
  0.1044  -0.7367  -0.0802  -0.3389  -0.0244   0.0124
  0.0967  -0.7569  -0.0499  -0.3989  -0.0257  -0.0045
  0.0584  -0.5451   0.0505  -0.3760  -0.0250  -0.0612
  0.0124   0.5419   0.4516  -0.0771  -0.0277   0.0337
 -0.0701   2.8546   0.6220  -0.1481  -0.0737  -0.2395
 -0.0685   2.8280   0.4591  -0.5499  -0.0358  -0.3109
 -0.1721   2.2313   0.4918  -0.5691  -0.0445  -0.3148
 -0.1395   2.1354   0.4288  -0.6354  -0.0337  -0.3583
 -0.1230   2.0982   0.3710  -0.3882  -0.0222  -0.2550
 -0.1385   2.0141   0.3488  -0.3895  -0.0323  -0.2729
 -0.1428   1.9044   0.3380  -0.3842  -0.0187  -0.2851
 -0.1316   1.7859   0.2899  -0.3348  -0.0111  -0.2833
 -0.1330   1.6072   0.2576  -0.2847  -0.0009  -0.2309
 -0.1326   1.4790   0.2575  -0.3655   0.0001  -0.2049
 -0.1357   1.4194   0.2670  -0.2473  -0.0024  -0.1706
 -0.1237   1.3077   0.2231  -0.0890   0.0094  -0.1196
 -0.1400   1.2303   0.2220  -0.0842   0.0107  -0.1291
 -0.1577   1.0672   0.2050  -0.0698   0.0052  -0.1368
 -0.1331   0.7263   0.1400  -0.0169   0.0130  -0.1023
 -0.1424   0.7247   0.1176   0.0397   0.0116  -0.0931
 -0.1154   0.5589   0.1066   0.0533   0.0068  -0.0783
 -0.1234   0.5056   0.1034   0.0605   0.0079  -0.0393
 -0.1158   0.5020   0.0869   0.0764   0.0068  -0.0571
 -0.1173   0.2954   0.0807   0.0638   0.0140  -0.0379
 -0.1041   0.3224   0.0425   0.0949   0.0112  -0.0201
 -0.0932   0.1984   0.0169   0.1482   0.0129  -0.0213
 -0.0924   0.1765   0.0168   0.1122   0.0114  -0.0100
 -0.0821   0.1396   0.0057   0.0983   0.0158  -0.0344
 -0.0769   0.0549   0.0136   0.1276   0.0175  -0.0048
 -0.0718   0.0885  -0.0002   0.1016   0.0145  -0.0110
 -0.0675   0.0329  -0.0172   0.1756   0.0167   0.0082
 -0.0587   0.0226  -0.0004   0.1327   0.0138   0.0093
 -0.0819   0.0470   0.0005   0.1064   0.0225   0.0178
 -0.0736   0.1031   0.0057   0.0935   0.0149   0.0014
 -0.0616   0.0749  -0.0095   0.1069   0.0176  -0.0151
 -0.0605   0.0367  -0.0172   0.1237   0.0157  -0.0000
 -0.0524   0.0094  -0.0192   0.1603   0.0166   0.0212
 -0.0524   0.0114  -0.0205   0.1679   0.0165   0.0380
 -0.0500   0.0224  -0.0244   0.1514   0.0156   0.0271
 -0.0516  -0.0038  -0.0360   0.1781   0.0210   0.0129
 -0.0487  -0.0304  -0.0411   0.2344   0.0226   0.0338
 -0.0496  -0.0473  -0.0445   0.2546   0.0208   0.0601
 -0.0414  -0.0490  -0.0491   0.2476   0.0236   0.0505
 -0.0455  -0.0406  -0.0542   0.2529   0.0245   0.0620
 -0.0472  -0.0259  -0.0555   0.2705   0.0258   0.0677
 -0.0404  -0.0259  -0.0522   0.2626   0.0172   0.0707
 -0.0431  -0.0169  -0.0549   0.2622   0.0220   0.0531
 -0.0403  -0.0253  -0.0534   0.2797   0.0198   0.0441
 -0.0424  -0.0359  -0.0605   0.3136   0.0239   0.0560
 -0.0478  -0.0480  -0.0620   0.3061   0.0215   0.0731
 -0.0405  -0.0657  -0.0616   0.3267   0.0222   0.0731
 -0.0408  -0.0797  -0.0625   0.2736   0.0215   0.0802
 -0.0375  -0.0675  -0.0596   0.2551   0.0201   0.0872
 -0.0309  -0.0657  -0.0497   0.2318   0.0187   0.0603
 -0.0315  -0.0644  -0.0584   0.2719   0.0234   0.0665
 -0.0340  -0.0851  -0.0534   0.2605   0.0199   0.0612
 -0.0352  -0.0984  -0.0594   0.2868   0.0210   0.0590
 -0.0331  -0.1123  -0.0566   0.3037   0.0203   0.0795
 -0.0298  -0.1189  -0.0559   0.2798   0.0227   0.0796
 -0.0361  -0.1095  -0.0559   0.2957   0.0198   0.0915
 -0.0295  -0.0927  -0.0513   0.2538   0.0181   0.0969
 -0.0302  -0.0905  -0.0542   0.2797   0.0220   0.0901
 -0.0335  -0.0893  -0.0501   0.2654   0.0149   0.0762
 -0.0308  -0.1251  -0.0490   0.2848   0.0155   0.0956
 -0.0292  -0.1368  -0.0534   0.2956   0.0210   0.1159
 -0.0336  -0.1040  -0.0596   0.2975   0.0257   0.1168
 -0.0351  -0.1031  -0.0520   0.2952   0.0217   0.0879
 -0.0320  -0.1612  -0.0276   0.2889   0.0129   0.1024
 -0.0348  -0.1769  -0.0369   0.3366   0.0273   0.1418
 -0.0393  -0.1446  -0.0471   0.3237   0.0325   0.1401
 -0.0409  -0.1284  -0.0574   0.3511   0.0311   0.1351
 -0.0356  -0.1890  -0.0447   0.3599   0.0253   0.1501
 -0.0338  -0.2175  -0.0117   0.3344   0.0089   0.1723
 -0.0414  -0.2909  -0.0075   0.3567   0.0054   0.1773
 -0.0387  -0.2688  -0.0083   0.3148   0.0072   0.1628
 -0.0320  -0.2129   0.0293   0.1787   0.0046   0.1103
 -0.0253  -0.2729  -0.0093   0.2756   0.0132   0.1320
 -0.0306  -0.2897  -0.0256   0.3432   0.0194   0.1546
 -0.0275  -0.2893  -0.0298   0.3768   0.0218   0.1655
 -0.0309  -0.2722  -0.0422   0.4015   0.0260   0.1700
 -0.0310  -0.2722  -0.0459   0.4330   0.0219   0.1714
 -0.0325  -0.2680  -0.0483   0.4366   0.0203   0.1864
 -0.0305  -0.2861  -0.0422   0.4658   0.0215   0.1992
 -0.0295  -0.2840  -0.0539   0.4672   0.0239   0.2163
 -0.0269  -0.2917  -0.0450   0.4639   0.0207   0.2072
 -0.1271   0.4481   0.1434   0.0191  -0.0291  -0.0787
 -0.0549   1.8358  -0.0370   0.0654  -0.0634  -0.0876
 -0.0298   0.4702  -0.0263   0.3140  -0.0316   0.0231
 -0.0579   0.2993   0.0413   0.1410  -0.0648   0.0034
 -0.0025   0.2629  -0.0120   0.2356  -0.0208   0.0842
 -0.0175   0.2827  -0.0170   0.3248  -0.0327   0.0520
 -0.0141   0.2403  -0.0424   0.3170  -0.0231   0.1123
 -0.0122   0.1502  -0.0648   0.4634  -0.0180   0.1437
 -0.0110   0.1224  -0.0713   0.5036  -0.0145   0.1236
 -0.0200   0.0443  -0.0740   0.4908  -0.0093   0.1751
