  0.0634  -0.0894  -0.0868  -0.0842  -0.0261   0.2485
  0.1325  -0.1153  -0.0839   0.1527  -0.0189   0.0531
  0.1295  -0.1336  -0.0623   0.1459  -0.0455   0.0119
  0.1378  -0.1385  -0.0449   0.1571  -0.0531   0.0059
  0.1321  -0.1430  -0.0453   0.1710  -0.0612  -0.0101
  0.1419  -0.1366  -0.0358   0.1867  -0.0664  -0.0161
  0.1445  -0.1256  -0.0321   0.2018  -0.0696  -0.0232
  0.1394  -0.1394  -0.0269   0.1935  -0.0788  -0.0284
  0.1432  -0.1317   0.0119   0.1924  -0.0787  -0.0321
  0.1411  -0.1249   0.0164   0.1770  -0.0932  -0.0209
  0.1295  -0.1325   0.0228   0.1721  -0.0828  -0.0131
  0.1308  -0.1202   0.0199   0.1682  -0.0743  -0.0180
  0.1346  -0.1107   0.0117   0.1660  -0.0780  -0.0243
  0.1413  -0.1035   0.0068   0.1707  -0.0787  -0.0318
  0.1338  -0.1056  -0.0079   0.1680  -0.0583  -0.0234
  0.1357  -0.1065  -0.0060   0.1651  -0.0485  -0.0199
  0.1515  -0.1140   0.0074   0.1644  -0.0317  -0.0286
  0.1453  -0.0993  -0.0052   0.1562  -0.0269  -0.0261
  0.1568  -0.1020   0.0059   0.1722  -0.0299  -0.0342
  0.1586  -0.1127   0.0205   0.1714  -0.0536  -0.0332
  0.1554  -0.0959   0.0146   0.1733  -0.0378  -0.0367
  0.1615  -0.1124   0.0213   0.1605  -0.0339  -0.0271
  0.1681  -0.1362   0.0185   0.1502  -0.0288  -0.0264
  0.1595  -0.1195   0.0160   0.1433  -0.0190  -0.0277
  0.1516  -0.1281   0.0095   0.1388  -0.0224  -0.0230
  0.1562  -0.1234   0.0233   0.1452  -0.0209  -0.0229
  0.1493  -0.1149   0.0288   0.1537  -0.0225  -0.0260
  0.1460  -0.1140   0.0238   0.1402  -0.0215  -0.0258
  0.1500  -0.1135   0.0178   0.1349  -0.0235  -0.0226
  0.1463  -0.1098   0.0156   0.1390  -0.0238  -0.0222
  0.1350  -0.1086   0.0294   0.1655  -0.0374  -0.0308
  0.1271  -0.0882   0.0337   0.1712  -0.0429  -0.0392
  0.1225  -0.0877   0.0323   0.1543  -0.0338  -0.0360
  0.0970  -0.0845   0.0367   0.1361  -0.0230  -0.0302
  0.0867  -0.0702   0.0245   0.1324  -0.0249  -0.0395
  0.0922  -0.0629   0.0227   0.1413  -0.0176  -0.0352
  0.0918  -0.0722   0.0266   0.1346  -0.0157  -0.0259
  0.0874  -0.0776   0.0265   0.1204  -0.0148  -0.0218
  0.0820  -0.0818   0.0360   0.1114  -0.0187  -0.0253
  0.0868  -0.1030   0.0389   0.1021  -0.0288  -0.0309
  0.0868  -0.0862   0.0390   0.1017  -0.0241  -0.0318
  0.0985  -0.0864   0.0201   0.0858  -0.0369  -0.0171
  0.0843  -0.0700   0.0173   0.0867  -0.0204  -0.0151
  0.0788  -0.0667   0.0188   0.0888  -0.0192  -0.0113
  0.0792  -0.0521   0.0193   0.0921  -0.0099  -0.0114
  0.0765  -0.0579   0.0167   0.0950  -0.0042  -0.0191
  0.0722  -0.0507   0.0034   0.0947   0.0022  -0.0176
  0.0601  -0.0328   0.0071   0.1072   0.0040  -0.0222
  0.0698  -0.0383   0.0104   0.0868  -0.0019  -0.0090
  0.0716  -0.0446   0.0096   0.0879   0.0015  -0.0124
  0.0661  -0.0663   0.0070   0.0808   0.0040  -0.0138
  0.0684  -0.0676   0.0068   0.0800  -0.0005  -0.0100
  0.0572  -0.0617  -0.0007   0.0787   0.0090  -0.0115
  0.0632  -0.0613  -0.0004   0.0325   0.0093   0.0088
  0.0542  -0.0519  -0.0090   0.0357   0.0206   0.0113
  0.0592  -0.0363  -0.0038   0.0354   0.0222   0.0152
  0.0589  -0.0461   0.0001   0.0498   0.0110   0.0146
  0.0480  -0.0566  -0.0173   0.0517   0.0054   0.0077
  0.0453  -0.0449  -0.0126   0.0572   0.0062   0.0037
  0.0442  -0.0497  -0.0153   0.0547   0.0128   0.0018
  0.0498  -0.0458  -0.0114   0.0475   0.0242   0.0006
  0.0448  -0.0531  -0.0172   0.0521   0.0243   0.0070
  0.0423  -0.0352  -0.0059   0.0582   0.0329  -0.0031
  0.0387  -0.0357  -0.0128   0.0524   0.0398   0.0076
  0.0398  -0.0570  -0.0108   0.0461   0.0214  -0.0019
  0.0433  -0.0432  -0.0114   0.0449   0.0195  -0.0028
  0.0368  -0.0520  -0.0161   0.0522   0.0234  -0.0040
  0.0404  -0.0531  -0.0078   0.0512   0.0129  -0.0053
  0.0353  -0.0515  -0.0043   0.0695  -0.0028  -0.0214
  0.0359  -0.0483   0.0043   0.0659  -0.0041  -0.0225
  0.0375  -0.0373   0.0020   0.0621  -0.0009  -0.0314
  0.0306  -0.0504   0.0057   0.0495  -0.0007  -0.0292
  0.0300  -0.0608   0.0004   0.0547  -0.0003  -0.0306
  0.0266  -0.0663   0.0032   0.0526   0.0074  -0.0259
  0.0308  -0.0655   0.0045   0.0508   0.0011  -0.0224
  0.0357  -0.0625   0.0122   0.0365   0.0081  -0.0208
  0.0346  -0.0810   0.0129   0.0221   0.0061  -0.0126
  0.0425  -0.0917   0.0080   0.0261  -0.0019  -0.0056
  0.0355  -0.0779   0.0109   0.0383  -0.0033  -0.0096
  0.0369  -0.0732   0.0092   0.0316   0.0033  -0.0114
  0.0265  -0.0736   0.0112   0.0388   0.0112  -0.0150
  0.0271  -0.0656   0.0044   0.0256   0.0246  -0.0046
  0.0253  -0.0684   0.0107   0.0347   0.0149  -0.0079
  0.0137  -0.1134   0.0032   0.0598   0.0300  -0.0203
 -0.0167  -0.0433   0.0185   0.0435  -0.0035  -0.0158
  0.0006  -0.0080  -0.0084  -0.0095   0.0106   0.0227
  0.0100   0.0614  -0.0126  -0.0432   0.0014   0.0440
 -0.0023   0.0128  -0.0294  -0.0857   0.0403   0.0536
 -0.0137   0.0261  -0.0271  -0.0532   0.0322   0.0335
 -0.0111   0.0336  -0.0174  -0.0412   0.0311   0.0296
 -0.0186   0.0411  -0.0265  -0.0479   0.0368   0.0258
 -0.0274   0.0564  -0.0345  -0.0465   0.0300   0.0196
 -0.0247   0.0461  -0.0466  -0.0424   0.0481   0.0147
 -0.0245   0.0305  -0.0340  -0.0420   0.0299   0.0105
 -0.0200   0.0168  -0.0213  -0.0444   0.0335   0.0090
 -0.0229   0.0151  -0.0245  -0.0630   0.0451   0.0228
 -0.0253   0.0217  -0.0182  -0.0543   0.0330   0.0200
 -0.0326   0.0291  -0.0280  -0.0564   0.0420   0.0237
 -0.0302   0.0649  -0.0183  -0.0499   0.0470   0.0204
 -0.0400   0.0760  -0.0216  -0.0357   0.0395   0.0117
 -0.0406   0.0576  -0.0311  -0.0351   0.0269   0.0062
 -0.0377   0.0532  -0.0300  -0.0307   0.0250   0.0007
 -0.0324   0.0425  -0.0185  -0.0364   0.0282   0.0055
 -0.0351   0.0341  -0.0162  -0.0329   0.0289   0.0071
 -0.0322   0.0353  -0.0202  -0.0425   0.0397   0.0116
 -0.0303   0.0247  -0.0292  -0.0443   0.0447   0.0040
 -0.0329   0.0185  -0.0195  -0.0458   0.0252   0.0063
 -0.0490  -0.0025  -0.0274  -0.0525   0.0038   0.0061
 -0.0285   0.0270   0.0500  -0.0162  -0.0148  -0.0222
 -0.0345   0.0055   0.0260  -0.0059  -0.0095  -0.0333
 -0.0301   0.0152   0.0179  -0.0305  -0.0013  -0.0108
 -0.0440   0.0293  -0.0047  -0.0167   0.0081  -0.0240
 -0.0295   0.0203   0.0062  -0.0264  -0.0181  -0.0169
 -0.0437   0.0200  -0.0055  -0.0154  -0.0058  -0.0332
 -0.0346   0.0219  -0.0012  -0.0042  -0.0054  -0.0378
 -0.0288   0.0240  -0.0036   0.0005  -0.0090  -0.0342
 -0.0451   0.0381   0.0024  -0.0111  -0.0050  -0.0373
 -0.0348   0.0169   0.0006  -0.0269  -0.0148  -0.0290
 -0.0425   0.0254   0.0020  -0.0282  -0.0119  -0.0216
 -0.0461   0.0293   0.0084  -0.0334  -0.0084  -0.0165
 -0.0637   0.0307   0.0226  -0.0395  -0.0061  -0.0181
 -0.0807   0.0141   0.0447  -0.0621  -0.0280  -0.0116
 -0.0667   0.0321   0.0257  -0.0712  -0.0095   0.0009
 -0.0543   0.0567   0.0381  -0.0655  -0.0050   0.0013
 -0.0504   0.0608   0.0365  -0.0768  -0.0118   0.0096
 -0.0611   0.0579   0.0384  -0.0507  -0.0052  -0.0041
 -0.0581   0.0609   0.0278  -0.0411  -0.0079  -0.0118
 -0.0566   0.0564   0.0360  -0.0584  -0.0211  -0.0067
 -0.0589   0.0412   0.0084  -0.0513  -0.0006  -0.0040
 -0.0771   0.0799   0.0427  -0.0564   0.0008  -0.0054
 -0.0727   0.0907   0.0191  -0.0824   0.0012   0.0119
 -0.0868   0.0816   0.0270  -0.0848  -0.0010   0.0095
 -0.0874   0.0836   0.0129  -0.0916   0.0135   0.0129
 -0.0919   0.0747   0.0318  -0.0979   0.0155   0.0222
 -0.0888   0.0837   0.0315  -0.1036   0.0155   0.0186
 -0.0771   0.0783   0.0204  -0.1107   0.0129   0.0177
 -0.0735   0.0613   0.0143  -0.0934   0.0213   0.0148
 -0.0883   0.0928  -0.0026  -0.0969   0.0207   0.0209
 -0.0937   0.1088   0.0154  -0.1065   0.0237   0.0183
 -0.0777   0.1063   0.0184  -0.0966   0.0126   0.0152
 -0.0846   0.0963   0.0170  -0.0813   0.0136   0.0086
 -0.0840   0.0888   0.0158  -0.0723  -0.0002   0.0022
 -0.0781   0.0714   0.0198  -0.0748   0.0131   0.0002
 -0.0775   0.0669   0.0076  -0.0765   0.0183  -0.0035
 -0.0766   0.0662   0.0226  -0.0827   0.0015  -0.0066
 -0.0733   0.0622   0.0160  -0.0700   0.0016  -0.0140
 -0.0787   0.0576   0.0200  -0.0715   0.0070  -0.0190
 -0.0760   0.0559   0.0242  -0.0899   0.0113  -0.0103
 -0.0792   0.0571  -0.0040  -0.0909   0.0393  -0.0045
 -0.0836   0.0767   0.0156  -0.1119  -0.0055   0.0035
 -0.0765   0.0666   0.0170  -0.1473  -0.0121   0.0179
 -0.0670   0.1499  -0.0431  -0.2090   0.0875   0.0558
 -0.0772   0.1453  -0.0339  -0.2194   0.0425   0.0564
 -0.0871   0.1509  -0.0388  -0.1707   0.0614   0.0369
 -0.0846   0.1526  -0.0436  -0.1747   0.0569   0.0321
 -0.1089   0.1939  -0.0832  -0.1613   0.0495   0.0237
 -0.0890   0.1698  -0.0422  -0.1415   0.0436   0.0033
 -0.0682   0.1120  -0.0572  -0.1293   0.0562   0.0070
 -0.1059   0.1605  -0.0228  -0.1607   0.0337   0.0216
 -0.1171   0.1635  -0.0334  -0.1430   0.0397   0.0122
 -0.1292   0.1817  -0.0190  -0.1512   0.0333   0.0183
 -0.1311   0.1698  -0.0084  -0.1433   0.0220   0.0134
 -0.1377   0.1358  -0.0115  -0.1450   0.0215   0.0175
 -0.1494   0.1015   0.0075  -0.1186   0.0139  -0.0035
 -0.1421   0.1081   0.0245  -0.1406   0.0058   0.0038
 -0.1485   0.1205   0.0263  -0.1534   0.0108   0.0195
 -0.1590   0.1239   0.0158  -0.1568   0.0124   0.0206
 -0.1575   0.1009   0.0051  -0.1553  -0.0074   0.0231
 -0.1666   0.1144  -0.0088  -0.1745   0.0011   0.0264
 -0.1600   0.1247  -0.0057  -0.1875   0.0037   0.0276
 -0.1687   0.1135  -0.0023  -0.1804   0.0056   0.0226
 -0.1766   0.1037  -0.0093  -0.1915   0.0046   0.0262
 -0.1874   0.1269  -0.0168  -0.1804   0.0089   0.0252
 -0.1885   0.1259  -0.0017  -0.1830  -0.0010   0.0301
 -0.1874   0.1404  -0.0178  -0.1715   0.0075   0.0322
 -0.1907   0.1402  -0.0150  -0.1708   0.0109   0.0350
 -0.1869   0.1545  -0.0124  -0.1721   0.0121   0.0244
 -0.1887   0.1401  -0.0090  -0.1792   0.0118   0.0209
 -0.1896   0.1218  -0.0160  -0.1891  -0.0060   0.0225
 -0.1983   0.1423  -0.0127  -0.1745   0.0001   0.0162
