 -0.0641   0.5483   0.0378  -0.5864  -0.0231   0.0092
  0.0004   0.6548   0.0120  -0.4505  -0.0044  -0.0590
 -0.0133   0.5941   0.0394  -0.3237   0.0172  -0.0700
 -0.0114   0.5796   0.0146  -0.3145  -0.0043  -0.0957
 -0.0103   0.5242   0.0260  -0.2714   0.0026  -0.0889
 -0.0159   0.5125   0.0182  -0.2110  -0.0034  -0.0796
 -0.0152   0.5416  -0.0002  -0.2131  -0.0218  -0.0856
 -0.0304   0.5312   0.0063  -0.2430  -0.0246  -0.0888
 -0.0243   0.5129   0.0126  -0.2417  -0.0199  -0.0743
 -0.0147   0.5005   0.0122  -0.2257  -0.0105  -0.0634
 -0.0135   0.4935   0.0152  -0.2176  -0.0107  -0.0534
 -0.0085   0.4685   0.0121  -0.1933  -0.0099  -0.0535
 -0.0136   0.4502   0.0130  -0.1753  -0.0124  -0.0519
 -0.0192   0.3932   0.0071  -0.1494  -0.0178  -0.0407
 -0.0070   0.3828   0.0101  -0.1422  -0.0057  -0.0328
  0.0033   0.4352   0.0272  -0.1614   0.0122  -0.0539
 -0.0069   0.3908   0.0196  -0.1507  -0.0015  -0.0546
 -0.0134   0.3782   0.0016  -0.1264  -0.0180  -0.0259
 -0.0042   0.3410   0.0001  -0.1347  -0.0122  -0.0382
 -0.0039   0.3665   0.0026  -0.1430  -0.0083  -0.0502
 -0.0019   0.3430  -0.0046  -0.1260  -0.0147  -0.0271
  0.0004   0.3309   0.0025  -0.0889  -0.0080  -0.0215
 -0.0091   0.3223  -0.0088  -0.0788  -0.0141  -0.0417
 -0.0117   0.3230  -0.0079  -0.0715  -0.0147  -0.0148
 -0.0167   0.2912   0.0011  -0.0953  -0.0144  -0.0291
 -0.0215   0.3111   0.0009  -0.1160  -0.0122  -0.0439
 -0.0187   0.2646   0.0002  -0.0784  -0.0119  -0.0040
 -0.0097   0.2175   0.0048  -0.0718  -0.0069  -0.0125
 -0.0046   0.2073   0.0024  -0.0933  -0.0041  -0.0382
 -0.0063   0.1935  -0.0022  -0.0585  -0.0060  -0.0005
 -0.0192   0.2135  -0.0004  -0.0765  -0.0165  -0.0301
 -0.0170   0.2285  -0.0028  -0.0793  -0.0227  -0.0211
 -0.0115   0.2015  -0.0102  -0.0740  -0.0181  -0.0173
 -0.0063   0.1975  -0.0047  -0.0767  -0.0049  -0.0399
  0.0052   0.1808  -0.0052  -0.0332  -0.0004  -0.0043
 -0.0029   0.1937  -0.0107  -0.0113  -0.0043   0.0133
 -0.0025   0.1862  -0.0147  -0.0255  -0.0057  -0.0121
 -0.0036   0.1815  -0.0057  -0.0776  -0.0047  -0.0213
 -0.0014   0.1834  -0.0011  -0.0898  -0.0031  -0.0067
  0.0039   0.1847  -0.0019  -0.0773   0.0010   0.0141
 -0.0027   0.1862  -0.0082  -0.0770  -0.0017   0.0063
 -0.0050   0.1701  -0.0086  -0.0669  -0.0051  -0.0217
 -0.0082   0.1509  -0.0172  -0.0530  -0.0147  -0.0100
 -0.0073   0.1194  -0.0077  -0.0477  -0.0140   0.0072
 -0.0069   0.1117  -0.0190  -0.0274  -0.0235   0.0043
 -0.0001   0.1274  -0.0185  -0.0180  -0.0230  -0.0180
  0.0069   0.1149  -0.0157  -0.0119  -0.0131  -0.0291
  0.0008   0.0982  -0.0173  -0.0095  -0.0190  -0.0163
  0.0055   0.0814  -0.0144  -0.0255  -0.0211  -0.0025
 -0.0005   0.0769  -0.0080  -0.0332  -0.0210  -0.0121
 -0.0069   0.0955  -0.0166  -0.0324  -0.0244  -0.0088
 -0.0089   0.1224  -0.0190  -0.0543  -0.0283  -0.0186
 -0.0162   0.1359  -0.0200  -0.0315  -0.0284  -0.0025
 -0.0184   0.1369  -0.0175  -0.0214  -0.0276  -0.0091
 -0.0238   0.1129  -0.0238  -0.0157  -0.0336  -0.0213
 -0.0263   0.1272  -0.0268  -0.0141  -0.0408  -0.0238
 -0.0133   0.1073  -0.0278   0.0145  -0.0357   0.0111
 -0.0081   0.0972  -0.0370  -0.0119  -0.0340  -0.0073
 -0.0154   0.1115  -0.0259  -0.0368  -0.0333  -0.0131
 -0.0106   0.1024  -0.0131  -0.0357  -0.0247  -0.0050
 -0.0069   0.0495  -0.0212  -0.0224  -0.0296   0.0209
  0.0044   0.1127  -0.0387  -0.0572  -0.0356   0.0160
 -0.0001   0.0942  -0.0361  -0.0289  -0.0282  -0.0017
 -0.0268   0.0823  -0.0311  -0.0521  -0.0484  -0.0187
 -0.0259   0.0664  -0.0319  -0.0218  -0.0493   0.0012
 -0.0251   0.1042  -0.0358  -0.0270  -0.0506   0.0007
 -0.0139   0.0867  -0.0386  -0.0055  -0.0422  -0.0142
 -0.0197   0.0610  -0.0391   0.0002  -0.0415  -0.0291
 -0.0015  -0.0472  -0.0238   0.0263  -0.0130   0.0032
 -0.0072  -0.0432  -0.0077  -0.0283  -0.0114  -0.0054
  0.0016  -0.1213   0.0002  -0.0058   0.0081   0.0172
  0.0039  -0.0943   0.0001  -0.0183   0.0058   0.0146
  0.0137  -0.1390  -0.0038   0.0066   0.0085   0.0372
  0.0117  -0.1282   0.0004  -0.0063   0.0127   0.0396
  0.0102  -0.1382   0.0027  -0.0019   0.0102   0.0424
  0.0049  -0.1576  -0.0002   0.0183   0.0038   0.0377
  0.0048  -0.1373  -0.0039   0.0292   0.0016   0.0416
  0.0075  -0.1297  -0.0052   0.0621   0.0080   0.0413
  0.0087  -0.1250  -0.0079   0.0567   0.0094   0.0082
  0.0037  -0.1245  -0.0091   0.0508   0.0054   0.0074
  0.0133  -0.1390  -0.0130   0.0728   0.0098   0.0316
  0.0124  -0.1286  -0.0154   0.0754   0.0022   0.0046
  0.0119  -0.1102  -0.0098   0.0570   0.0034  -0.0122
  0.0171  -0.1054  -0.0164   0.0629   0.0064   0.0173
  0.0148  -0.1106  -0.0140   0.0523   0.0093  -0.0183
  0.0199  -0.1255  -0.0062   0.0666   0.0114  -0.0003
  0.0152  -0.1173  -0.0127   0.0780   0.0062   0.0245
  0.0158  -0.1061  -0.0052   0.0562   0.0051   0.0132
  0.0155  -0.1085  -0.0114   0.0590   0.0098   0.0093
  0.0143  -0.1117  -0.0002   0.0306   0.0127   0.0013
  0.0225  -0.1182   0.0006   0.0158   0.0186   0.0266
  0.0177  -0.1128  -0.0025   0.0285   0.0146   0.0358
  0.0111  -0.1231  -0.0117   0.0610   0.0066   0.0202
  0.0130  -0.1165  -0.0097   0.0470   0.0071   0.0073
  0.0213  -0.1332  -0.0067   0.0816   0.0120   0.0259
  0.0197  -0.1355  -0.0050   0.0868   0.0120   0.0164
  0.0180  -0.1442  -0.0109   0.0964   0.0125  -0.0025
  0.0102  -0.1416  -0.0104   0.0906   0.0089   0.0067
  0.0070  -0.1378   0.0050   0.0670   0.0102  -0.0028
  0.0133  -0.1501   0.0091   0.0780   0.0149   0.0235
  0.0118   0.0207   0.0063  -0.0098   0.0103  -0.0047
  0.0102  -0.1044   0.0070   0.0329   0.0125  -0.0008
  0.0068  -0.1085  -0.0009   0.0436   0.0087   0.0062
  0.0188  -0.1016  -0.0013   0.0427   0.0113   0.0165
  0.0132  -0.1194   0.0038   0.0550   0.0140   0.0008
  0.0149  -0.1586  -0.0043   0.0872   0.0140   0.0094
  0.0143  -0.1614  -0.0147   0.1087   0.0161   0.0306
  0.0155  -0.1516  -0.0086   0.0710   0.0113   0.0230
  0.0441  -0.1290  -0.0180   0.0556   0.0163   0.0259
 -0.0084  -0.1259  -0.0257   0.0660  -0.0312   0.0268
 -0.0050  -0.1453  -0.0326   0.0844  -0.0236   0.0447
  0.0052  -0.1526  -0.0203   0.0607  -0.0087   0.0098
  0.0087  -0.1408  -0.0125   0.0648  -0.0008   0.0042
  0.0023  -0.1347  -0.0068   0.1000   0.0007   0.0192
  0.0051  -0.1200   0.0034   0.1021   0.0069   0.0079
  0.0067  -0.1681   0.0068   0.0766   0.0091  -0.0147
  0.0043  -0.1414   0.0074   0.0399   0.0082  -0.0295
  0.0094  -0.1464   0.0002   0.0608   0.0088  -0.0114
  0.0097  -0.1477   0.0016   0.0893   0.0117   0.0104
  0.0091  -0.1626  -0.0054   0.0901   0.0117  -0.0026
  0.0087  -0.1691  -0.0044   0.0914   0.0132  -0.0141
  0.0085  -0.1882  -0.0111   0.1153   0.0107   0.0067
  0.0067  -0.1840   0.0022   0.0836   0.0144  -0.0100
  0.0082  -0.1825  -0.0041   0.0810   0.0118  -0.0163
  0.0095  -0.1892  -0.0072   0.0991   0.0120   0.0078
  0.0066  -0.1999   0.0084   0.0970   0.0182  -0.0013
  0.0026  -0.2172   0.0184   0.0943   0.0227  -0.0050
  0.0090  -0.2342   0.0162   0.1142   0.0223   0.0169
  0.0140  -0.2348   0.0227   0.1217   0.0250   0.0167
  0.0010  -0.2173   0.0158   0.1142   0.0157   0.0051
 -0.0082  -0.2206   0.0271   0.0991   0.0181   0.0168
 -0.0030  -0.2100   0.0083   0.0890   0.0137   0.0233
 -0.0028  -0.2091   0.0139   0.0671   0.0086   0.0059
  0.0039  -0.2242   0.0031   0.1314   0.0086   0.0383
  0.0074  -0.2216  -0.0005   0.1416   0.0118   0.0238
 -0.0005  -0.2152   0.0066   0.1382   0.0114   0.0116
  0.0046  -0.2243  -0.0042   0.1419   0.0103   0.0352
  0.0056  -0.2182  -0.0020   0.1050   0.0105   0.0094
  0.0022  -0.2160   0.0090   0.0839   0.0163   0.0033
  0.0062  -0.2394   0.0101   0.1235   0.0173   0.0299
  0.0020  -0.2255  -0.0008   0.1590   0.0129   0.0370
  0.0015  -0.2537   0.0055   0.1497   0.0114   0.0231
  0.0016  -0.2581   0.0039   0.1331   0.0103   0.0115
  0.0010  -0.2658   0.0037   0.1355   0.0106   0.0364
  0.0088  -0.2786   0.0203   0.1216   0.0220   0.0404
  0.0007  -0.1720   0.0432  -0.0317   0.0202   0.0474
 -0.0002  -0.2524   0.0386   0.0287   0.0220   0.0447
 -0.0013  -0.2647   0.0437   0.0158   0.0205   0.0152
  0.0039  -0.3162   0.0315   0.1022   0.0219   0.0562
  0.0143  -0.3423   0.0323   0.1581   0.0242   0.0637
  0.0083  -0.3447   0.0364   0.1315   0.0212   0.0300
  0.0079  -0.3677   0.0314   0.1429   0.0268   0.0586
  0.0006  -0.3578   0.0376   0.1093   0.0284   0.0206
 -0.0005  -0.3723   0.0395   0.1087   0.0284   0.0288
  0.0099  -0.3839   0.0312   0.1183   0.0285   0.0544
  0.0059  -0.3777   0.0374   0.1078   0.0310   0.0241
  0.0172  -0.4171   0.0372   0.1222   0.0401   0.0503
  0.0151  -0.4024   0.0381   0.1238   0.0430   0.0394
  0.0126  -0.4279   0.0337   0.1331   0.0389   0.0424
  0.0191  -0.4478   0.0362   0.1630   0.0426   0.0736
