  0.0636   0.4466  -0.0744   0.0322  -0.0632  -0.0563
  0.0677   0.4427  -0.0615   0.0086  -0.0472  -0.0438
  0.0638   0.4481  -0.0475  -0.0019  -0.0403  -0.0400
  0.0655   0.4301  -0.0578   0.0070  -0.0476  -0.0571
  0.0605   0.4353  -0.0479  -0.0491  -0.0350  -0.0223
  0.0571   0.4206  -0.0478  -0.0095  -0.0435  -0.0138
  0.0480   0.4380  -0.0519  -0.0609  -0.0366  -0.0154
  0.0583   0.4232  -0.0693  -0.0090  -0.0524  -0.0254
  0.0426   0.4230  -0.0604  -0.0369  -0.0392  -0.0019
  0.0376   0.3925  -0.0532  -0.0098  -0.0302  -0.0151
  0.0352   0.4173  -0.0638  -0.0199  -0.0415  -0.0161
  0.0351   0.4060  -0.0419  -0.0433  -0.0344   0.0012
  0.0400   0.3925  -0.0500  -0.0115  -0.0412  -0.0169
  0.0381   0.4102  -0.0440  -0.0436  -0.0355  -0.0060
  0.0392   0.3529  -0.0430  -0.0098  -0.0336  -0.0230
  0.0267   0.3449  -0.0487  -0.0435  -0.0338  -0.0041
  0.0198   0.3310  -0.0599   0.0507  -0.0459  -0.0179
  0.0331   0.1972  -0.0220   0.0236  -0.0473   0.0450
  0.0513   0.2221  -0.0288   0.0450  -0.0409   0.0019
  0.0464   0.2330  -0.0193   0.0276  -0.0314   0.0085
  0.0369   0.2165  -0.0215   0.0461  -0.0326   0.0078
  0.0471   0.2271  -0.0293   0.0530  -0.0405  -0.0037
  0.0465   0.2276  -0.0108   0.0231  -0.0260   0.0054
  0.0546   0.1890  -0.0003   0.0734  -0.0272  -0.0041
  0.0543   0.2031  -0.0178   0.0364  -0.0410   0.0030
  0.0486   0.2064  -0.0090   0.0265  -0.0277   0.0026
  0.0703   0.1924   0.0180   0.0254  -0.0155   0.0006
  0.0875   0.2611  -0.0045   0.1297  -0.0264  -0.0525
  0.0032   0.2168   0.0059   0.1856  -0.0170   0.0001
  0.0270   0.2408  -0.0299   0.0407  -0.0380  -0.0159
  0.0240   0.1875  -0.0038   0.0021  -0.0237   0.0277
  0.0250   0.1704   0.0119   0.0041  -0.0071   0.0177
  0.0151   0.1415  -0.0038  -0.0071  -0.0220   0.0132
 -0.0131   0.1453  -0.0152  -0.0365  -0.0228   0.0351
  0.0087   0.1168  -0.0072   0.0137  -0.0248   0.0083
 -0.0017   0.1298  -0.0038  -0.0293  -0.0132   0.0268
  0.0074   0.1149   0.0104  -0.0147  -0.0075   0.0299
  0.0042   0.1112   0.0022  -0.0188  -0.0068   0.0192
  0.0045   0.1376   0.0116  -0.0384   0.0012   0.0364
  0.0093   0.1081   0.0054  -0.0327   0.0015   0.0217
  0.0100   0.1124   0.0059  -0.0329  -0.0032   0.0288
  0.0080   0.0988   0.0142  -0.0586  -0.0054   0.0425
  0.0116   0.0979   0.0020  -0.0389  -0.0106   0.0302
 -0.0026   0.1221  -0.0036  -0.0489  -0.0103   0.0320
  0.0019   0.0936   0.0030  -0.0345   0.0016   0.0358
  0.0039   0.0769  -0.0014  -0.0487  -0.0097   0.0252
  0.0043   0.0887   0.0108  -0.0762   0.0022   0.0513
  0.0063   0.0838   0.0109  -0.0457  -0.0012   0.0380
  0.0020   0.0876  -0.0006  -0.0393  -0.0178   0.0237
 -0.0123   0.1201  -0.0063  -0.0900  -0.0134   0.0353
 -0.0122   0.0857  -0.0069  -0.0819  -0.0052   0.0352
 -0.0057   0.0795  -0.0134  -0.0816  -0.0172   0.0274
 -0.0196   0.0940  -0.0023  -0.0966  -0.0038   0.0412
 -0.0201   0.0813  -0.0152  -0.0598  -0.0088   0.0142
 -0.0109   0.1102  -0.0123  -0.0181  -0.0055   0.0082
 -0.0051   0.0891  -0.0008  -0.0073   0.0009   0.0124
 -0.0015   0.0870  -0.0139   0.0045  -0.0073  -0.0047
 -0.0011   0.0976  -0.0079  -0.0177   0.0030   0.0218
  0.0037   0.1065  -0.0215  -0.0111  -0.0071  -0.0220
  0.0033   0.1233  -0.0047  -0.0452  -0.0043   0.0065
  0.0015   0.0897  -0.0085  -0.0291   0.0018  -0.0015
 -0.0037   0.1089  -0.0127  -0.0346  -0.0074   0.0080
  0.0008   0.1131  -0.0064  -0.0296   0.0002  -0.0026
  0.0041   0.1049   0.0054  -0.0320  -0.0063  -0.0165
  0.0044   0.0839   0.0043  -0.0439  -0.0081   0.0113
  0.0147   0.0988   0.0093  -0.0465   0.0017   0.0077
 -0.0032   0.0925   0.0159  -0.0478   0.0023   0.0122
  0.0121   0.0542   0.0301  -0.0007   0.0032   0.0188
  0.0183   0.0411   0.0193   0.0024   0.0030  -0.0117
 -0.0019   0.0474  -0.0025   0.0456  -0.0083   0.0054
 -0.0015   0.0082   0.0226   0.0258   0.0090   0.0035
  0.0071   0.0092  -0.0006   0.0357  -0.0049  -0.0156
 -0.0048   0.0314   0.0015  -0.0082   0.0080   0.0003
  0.0024  -0.0154   0.0017   0.0264   0.0025   0.0039
  0.0014   0.0077   0.0004   0.0164  -0.0030   0.0019
 -0.0322  -0.0094  -0.0128  -0.0072  -0.0051  -0.0033
 -0.0217  -0.0178  -0.0285   0.0148  -0.0178  -0.0095
 -0.0196  -0.0190  -0.0158   0.0096  -0.0075   0.0003
 -0.0082  -0.0326  -0.0229   0.0224  -0.0066  -0.0093
 -0.0132  -0.0306  -0.0272   0.0033  -0.0140   0.0162
 -0.0118  -0.0443  -0.0169  -0.0015  -0.0043   0.0201
 -0.0023  -0.0538  -0.0282   0.0398  -0.0159  -0.0140
 -0.0059  -0.0530  -0.0198  -0.0072  -0.0041   0.0122
 -0.0077  -0.0784  -0.0219  -0.0052  -0.0012   0.0113
 -0.0077  -0.0549  -0.0257  -0.0018  -0.0029   0.0172
  0.0010  -0.0498  -0.0099   0.0157   0.0079   0.0056
 -0.0090  -0.0637  -0.0225   0.0067  -0.0031  -0.0003
 -0.0119  -0.0693  -0.0159  -0.0165   0.0057   0.0280
 -0.0069  -0.0782  -0.0279   0.0104  -0.0063   0.0140
 -0.0118  -0.0598  -0.0261   0.0004  -0.0002   0.0076
 -0.0054  -0.0750  -0.0052   0.0008   0.0098   0.0085
 -0.0050  -0.0739  -0.0027  -0.0051   0.0046  -0.0094
 -0.0088  -0.0853  -0.0010  -0.0021   0.0035   0.0150
 -0.0027  -0.0931  -0.0048   0.0009   0.0083   0.0113
 -0.0109  -0.0929  -0.0105   0.0074  -0.0015  -0.0088
 -0.0162  -0.0808  -0.0090  -0.0282   0.0010   0.0139
 -0.0110  -0.1010  -0.0018  -0.0327   0.0075   0.0118
 -0.0084  -0.0787  -0.0150  -0.0030  -0.0000   0.0026
 -0.0128  -0.0890  -0.0112   0.0050   0.0051   0.0075
 -0.0038  -0.0941  -0.0096   0.0167   0.0033  -0.0184
 -0.0118  -0.0766  -0.0101  -0.0337  -0.0007   0.0030
 -0.0275  -0.0904  -0.0129  -0.0232  -0.0037   0.0119
 -0.0067  -0.0838  -0.0067   0.0100   0.0038  -0.0130
 -0.0191  -0.0752  -0.0111  -0.0188   0.0087  -0.0036
 -0.0079  -0.1104   0.0037  -0.0370   0.0148   0.0021
 -0.0062  -0.1061  -0.0031  -0.0515   0.0046   0.0051
 -0.0139  -0.0919  -0.0093  -0.0323   0.0085   0.0106
 -0.0075  -0.0972  -0.0007  -0.0303   0.0197  -0.0086
 -0.0066  -0.0920  -0.0074  -0.0245   0.0091  -0.0010
 -0.0052  -0.1192   0.0070  -0.0166   0.0166   0.0103
 -0.0014  -0.1346   0.0040   0.0006   0.0152  -0.0045
 -0.0154  -0.1041  -0.0015  -0.0341   0.0066   0.0154
 -0.0236  -0.0957   0.0179  -0.0507   0.0066   0.0257
 -0.0625  -0.0865  -0.0123  -0.0291  -0.0077   0.0210
 -0.0126  -0.1021   0.0289   0.0082   0.0217   0.0018
 -0.0593  -0.0819  -0.0115   0.0040  -0.0021   0.0024
 -0.0251  -0.0529   0.0064   0.0661  -0.0006  -0.0570
 -0.0266  -0.0745   0.0118   0.0184   0.0123  -0.0254
  0.0104  -0.0731   0.0215   0.0797  -0.0174  -0.0537
 -0.0043  -0.0844   0.0581  -0.0367   0.0134   0.0050
 -0.0356  -0.0510   0.0025  -0.0070   0.0131  -0.0102
 -0.0425  -0.0460  -0.0026  -0.0737   0.0094   0.0401
 -0.0251  -0.0695  -0.0066   0.0107  -0.0140   0.0218
 -0.0148  -0.0779   0.0067   0.0073   0.0014  -0.0048
 -0.0144  -0.0718  -0.0115   0.0739  -0.0058  -0.0183
 -0.0314  -0.1006  -0.0070   0.0719  -0.0011   0.0130
 -0.0402  -0.1079  -0.0153   0.0645  -0.0071  -0.0143
 -0.0306  -0.0816   0.0018   0.0544   0.0113  -0.0265
 -0.0257  -0.0949  -0.0010   0.0508   0.0087  -0.0380
 -0.0257  -0.0810  -0.0029   0.0467   0.0121  -0.0263
 -0.0232  -0.0920  -0.0004   0.0471   0.0094  -0.0430
 -0.0221  -0.1010  -0.0064   0.0566   0.0014  -0.0369
 -0.0160  -0.1074   0.0093   0.0468   0.0130  -0.0372
 -0.0147  -0.1294   0.0006   0.0663   0.0068  -0.0500
 -0.0250  -0.1103  -0.0009   0.0342   0.0168  -0.0330
 -0.0251  -0.1351   0.0017   0.0285   0.0163  -0.0295
 -0.0202  -0.1332   0.0025   0.0202   0.0148  -0.0187
 -0.0226  -0.1150  -0.0005   0.0157   0.0212  -0.0189
 -0.0296  -0.1146  -0.0147  -0.0272   0.0145  -0.0158
 -0.0341  -0.1165  -0.0060  -0.0443   0.0192   0.0065
 -0.0127  -0.1531   0.0047  -0.0335   0.0201  -0.0054
 -0.0040  -0.1322   0.0093  -0.0186   0.0084  -0.0123
 -0.0127  -0.1133   0.0095  -0.0313   0.0135  -0.0076
 -0.0208  -0.1236  -0.0018  -0.0393   0.0084  -0.0095
 -0.0037  -0.1269   0.0235  -0.0249   0.0171   0.0090
 -0.0108  -0.1298   0.0088  -0.0103   0.0139  -0.0213
 -0.0071  -0.1317   0.0086   0.0008   0.0179  -0.0109
 -0.0201  -0.1154   0.0063  -0.0244   0.0214   0.0103
 -0.0062  -0.1529   0.0095  -0.0049   0.0086   0.0109
 -0.0176  -0.1401   0.0060  -0.0439   0.0127   0.0388
 -0.0113  -0.1611   0.0132  -0.0044   0.0048   0.0240
 -0.0242  -0.1528   0.0136  -0.0298   0.0180   0.0263
 -0.0126  -0.1646   0.0094  -0.0154   0.0162   0.0164
 -0.0471  -0.1100  -0.0000  -0.0037   0.0046  -0.0182
 -0.0240  -0.1217   0.0163   0.0274  -0.0013  -0.0125
 -0.0214  -0.1396   0.0230  -0.0054   0.0232  -0.0327
 -0.0194  -0.1703   0.0146   0.0075   0.0149  -0.0189
 -0.0154  -0.1519   0.0254  -0.0099   0.0279  -0.0229
 -0.0115  -0.1703   0.0241  -0.0074   0.0252  -0.0284
 -0.0074  -0.1723   0.0298  -0.0020   0.0286  -0.0148
  0.0001  -0.1790   0.0311   0.0209   0.0268  -0.0385
 -0.0080  -0.1644   0.0328   0.0069   0.0301  -0.0244
  0.0028  -0.1926   0.0391   0.0127   0.0381  -0.0251
 -0.0068  -0.2151   0.0246  -0.0338   0.0350  -0.0030
 -0.0088  -0.2376   0.0420  -0.0528   0.0489   0.0571
  0.0160  -0.2314   0.0673  -0.0240   0.0344   0.0762
  0.0001  -0.2301   0.0686   0.0115   0.0153   0.0475
 -0.0187  -0.2679   0.0453   0.0139   0.0216   0.0261
 -0.0041  -0.2483   0.0462   0.0365   0.0362  -0.0241
 -0.0138  -0.2447   0.0388   0.0155   0.0359  -0.0189
 -0.0173  -0.2786   0.0403   0.0230   0.0344   0.0073
 -0.0075  -0.3134   0.0178   0.0617   0.0270  -0.0222
 -0.0077  -0.2767   0.0424   0.0564   0.0382  -0.0211
 -0.0171  -0.2683   0.0306   0.0593   0.0349   0.0024
  0.0174  -0.2577   0.0669   0.0465   0.0431  -0.0021
 -0.0057  -0.2657   0.0843  -0.0207   0.0483   0.0153
 -0.0072  -0.2326   0.1019   0.0083   0.0525   0.0191
 -0.0053  -0.2759   0.0681   0.1683   0.0295  -0.0476
 -0.0217  -0.2528   0.0748   0.1277   0.0470  -0.0295
 -0.0092  -0.2759   0.1054   0.1362   0.0673  -0.0453
