 -0.1635  -0.9682   0.0285   0.4203  -0.1301  -0.1099
 -0.1531  -0.9647   0.0230   0.4106  -0.1189  -0.1161
 -0.1964  -0.9023   0.0441   0.3843  -0.1249  -0.1454
 -0.1410  -0.9529   0.0454   0.4637  -0.1356  -0.1444
 -0.1554  -0.8917  -0.0011   0.4759  -0.1556  -0.1260
 -0.1746  -0.8771   0.0275   0.5052  -0.1247  -0.1026
 -0.1390  -0.8582  -0.0169   0.4990  -0.1268  -0.1152
 -0.1259  -0.8235   0.0094   0.4277  -0.0990  -0.1312
 -0.1314  -0.7422  -0.0054   0.3711  -0.1045  -0.1528
 -0.1397  -0.7532  -0.0103   0.4052  -0.0977  -0.1291
 -0.1529  -0.7522  -0.0148   0.3935  -0.0827  -0.1184
 -0.1476  -0.7875  -0.0060   0.3982  -0.0843  -0.1034
 -0.1655  -0.7941   0.0098   0.3552  -0.0685  -0.1098
 -0.1760  -0.7321  -0.0286   0.3370  -0.0895  -0.1226
 -0.1638  -0.6954  -0.0134   0.2970  -0.0870  -0.1416
 -0.1549  -0.6891  -0.0187   0.3123  -0.0855  -0.1190
 -0.1627  -0.6777  -0.0185   0.3257  -0.0769  -0.1037
 -0.1600  -0.6468  -0.0202   0.3187  -0.0735  -0.1234
 -0.1475  -0.6030  -0.0417   0.2701  -0.0828  -0.1353
 -0.1402  -0.5877  -0.0475   0.2476  -0.0692  -0.1421
 -0.1651  -0.5765  -0.0423   0.2663  -0.0687  -0.1262
 -0.1626  -0.5760  -0.0350   0.2698  -0.0752  -0.1079
 -0.1611  -0.5730  -0.0356   0.2588  -0.0669  -0.1106
 -0.1567  -0.5732  -0.0381   0.2761  -0.0723  -0.1210
 -0.1597  -0.5446  -0.0299   0.2485  -0.0649  -0.1328
 -0.1410  -0.5099  -0.0165   0.2002  -0.0589  -0.1371
 -0.1471  -0.5105  -0.0104   0.2380  -0.0491  -0.1159
 -0.1097  -0.5032   0.0057   0.2441  -0.0338  -0.1116
 -0.0988  -0.5093   0.0055   0.2801  -0.0345  -0.1108
 -0.1331  -0.5125   0.0032   0.2283  -0.0567  -0.1159
 -0.1048  -0.4365   0.0096   0.2732  -0.0634  -0.1180
 -0.1081  -0.4282   0.0101   0.3319  -0.0458  -0.1219
 -0.0938  -0.4005   0.0226   0.3067  -0.0355  -0.1306
 -0.0899  -0.3749   0.0256   0.2682  -0.0378  -0.1364
 -0.0946  -0.3581   0.0255   0.2849  -0.0434  -0.1280
 -0.0973  -0.3452   0.0849   0.2832  -0.0157  -0.1440
 -0.0907  -0.3880   0.0012   0.2875  -0.0237  -0.1198
 -0.0726  -0.3998   0.0067   0.3027  -0.0192  -0.1383
 -0.0811  -0.3780   0.0023   0.2810  -0.0161  -0.1318
 -0.0776  -0.3619   0.0072   0.3013  -0.0125  -0.1232
 -0.0874  -0.3644   0.0062   0.2705  -0.0179  -0.1158
 -0.0893  -0.3726   0.0042   0.3188  -0.0215  -0.0961
 -0.0846  -0.3689   0.0097   0.2618  -0.0236  -0.1056
 -0.0781  -0.3610   0.0100   0.2711  -0.0183  -0.1122
 -0.0711  -0.3413   0.0012   0.2524  -0.0140  -0.1165
 -0.0659  -0.3308   0.0062   0.2332  -0.0158  -0.1244
 -0.0621  -0.3352   0.0016   0.2360  -0.0075  -0.1057
 -0.0706  -0.3281   0.0071   0.2300  -0.0112  -0.1071
 -0.0626  -0.3289   0.0123   0.2289  -0.0002  -0.1012
 -0.0665  -0.3348   0.0177   0.2357  -0.0013  -0.0744
 -0.0747  -0.3497   0.0259   0.2412   0.0041  -0.0694
 -0.0792  -0.3617   0.0252   0.2180   0.0005  -0.0633
 -0.0698  -0.3527   0.0141   0.2073   0.0042  -0.0735
 -0.0615  -0.3454   0.0115   0.1874  -0.0020  -0.0789
 -0.0489  -0.3515   0.0116   0.3078   0.0046  -0.0266
 -0.0603  -0.2456   0.0002   0.2559  -0.0071  -0.0312
 -0.0577  -0.2540  -0.0078   0.1593  -0.0038  -0.0738
 -0.0695  -0.2832  -0.0192   0.1151  -0.0007  -0.0819
 -0.0458  -0.2583   0.0273   0.1644   0.0095  -0.0665
 -0.0198  -0.2913   0.0231   0.1754   0.0070  -0.0454
 -0.0277  -0.3058   0.0344   0.1691   0.0132  -0.0424
 -0.0263  -0.2656   0.0208   0.1611   0.0066  -0.0516
 -0.0115  -0.2427   0.0243   0.1026   0.0143  -0.0591
 -0.0015  -0.2377   0.0327   0.0864   0.0064  -0.0682
 -0.0147  -0.2175   0.0202   0.1053  -0.0028  -0.0437
 -0.0161  -0.2128   0.0235   0.1572   0.0036  -0.0250
 -0.0110  -0.2154   0.0128   0.1576  -0.0083  -0.0279
  0.0052  -0.2047   0.0165   0.1469   0.0065  -0.0331
  0.0111  -0.1760   0.0130   0.1189   0.0030  -0.0384
  0.0121  -0.1316   0.0214   0.1027   0.0078  -0.0347
  0.0182  -0.1110   0.0178   0.1382   0.0172   0.0066
  0.0218  -0.1012   0.0216   0.1349   0.0250  -0.0263
  0.0220  -0.0737   0.0132   0.1113   0.0216  -0.0316
  0.0209  -0.0554   0.0036   0.1004   0.0283  -0.0365
  0.0192  -0.0389   0.0172   0.1241   0.0277  -0.0246
  0.0271  -0.0351   0.0041   0.1208   0.0250  -0.0241
  0.0358  -0.0126   0.0030   0.1148   0.0305  -0.0289
  0.0398   0.0041   0.0008   0.0980   0.0337  -0.0387
  0.0454   0.0128   0.0000   0.0865   0.0282  -0.0330
  0.0430   0.0172   0.0076   0.1035   0.0245  -0.0129
  0.0509   0.0239   0.0007   0.1137   0.0250  -0.0044
  0.0466   0.0477  -0.0053   0.0998   0.0176  -0.0205
  0.0455   0.0630  -0.0081   0.0888   0.0208  -0.0259
  0.0501   0.0581  -0.0119   0.1101   0.0266  -0.0164
  0.0521   0.0894  -0.0075   0.0864   0.0214  -0.0264
  0.0515   0.1170  -0.0072   0.0757   0.0302  -0.0329
  0.0490   0.1323  -0.0080   0.0867   0.0271  -0.0269
  0.0458   0.1124   0.0014   0.0915   0.0301   0.0043
  0.0508   0.1055   0.0038   0.1137   0.0288   0.0038
  0.0573   0.1327   0.0112   0.0765   0.0320  -0.0113
  0.0577   0.1549   0.0106   0.0700   0.0393   0.0019
  0.0526   0.1663   0.0117   0.1034   0.0348   0.0224
  0.0534   0.1738   0.0038   0.1209   0.0292   0.0268
  0.0597   0.2108   0.0228   0.0809   0.0326   0.0034
  0.0495   0.3501   0.0465   0.0997   0.0470  -0.0330
  0.0679   0.4149   0.0468   0.0572   0.0453  -0.0631
  0.0690   0.4392   0.0522   0.0615   0.0405  -0.0620
  0.0521   0.4370   0.0445   0.0678   0.0230  -0.0333
  0.0611   0.4408   0.0600   0.1001   0.0285  -0.0139
  0.0679   0.4448   0.0526   0.1108   0.0338  -0.0051
  0.0589   0.4754   0.0384   0.0580   0.0199  -0.0269
  0.0725   0.5298   0.0540   0.0527   0.0307  -0.0463
  0.0696   0.5195   0.0623   0.0545   0.0354  -0.0345
  0.0579   0.5226   0.0508   0.0332   0.0215  -0.0239
  0.0646   0.5349   0.0496   0.0534   0.0242  -0.0078
  0.0746   0.5385   0.0521   0.0879   0.0286  -0.0141
  0.0747   0.5700   0.0495   0.0541   0.0276  -0.0269
  0.0651   0.6190   0.0241   0.0068   0.0261  -0.0425
  0.0647   0.6046   0.0427   0.0173   0.0260  -0.0243
  0.0558   0.5667   0.0512   0.0417   0.0423  -0.0055
  0.0718   0.6033   0.0427   0.0076   0.0438  -0.0178
  0.0188   0.5773   0.0271  -0.0983   0.0540   0.0096
  0.0210   0.5680   0.0327  -0.1673   0.0280   0.0209
  0.0168   0.6237   0.0395  -0.1658   0.0319   0.0279
  0.0061   0.6082   0.0439  -0.1405   0.0130   0.0387
  0.0177   0.6622   0.0425  -0.2023   0.0158   0.0230
  0.0638   0.7451   0.0471  -0.2362   0.0223  -0.0083
  0.0326   0.6897   0.0036  -0.3747   0.0180   0.0551
  0.0604   0.7007   0.0386  -0.4417   0.0282   0.0334
  0.0698   0.7047   0.0584  -0.4590   0.0222   0.0077
  0.0776   0.7167   0.0520  -0.4780   0.0249   0.0186
  0.0658   0.7536   0.0382  -0.4841   0.0136   0.0206
  0.0888   0.7445   0.0443  -0.5084   0.0244   0.0568
  0.0849   0.7747   0.0205  -0.5200   0.0069   0.0551
  0.0496   0.7364   0.0117  -0.6036   0.0784   0.0703
  0.0862   0.7590   0.0629  -0.5092   0.0709   0.0645
  0.1078   0.7201   0.0630  -0.4778   0.0830   0.0913
  0.1134   0.6637   0.0740  -0.4827   0.0872   0.1102
  0.1192   0.6283   0.0553  -0.4387   0.0749   0.1130
  0.1211   0.6642   0.0685  -0.4813   0.0828   0.0978
  0.1607   0.6652   0.0186  -0.4864   0.0560   0.1028
  0.1882   0.6557   0.0595  -0.4779   0.0969   0.1187
  0.1640   0.6272   0.0825  -0.5382   0.1036   0.1453
  0.1307   0.5709   0.0831  -0.4742   0.0739   0.1718
  0.1238   0.5801   0.0803  -0.4625   0.0787   0.1698
  0.1659   0.6732  -0.0014  -0.2574   0.1621   0.1227
  0.0765   0.7442  -0.1909  -0.4393   0.0142   0.1486
  0.1107   0.6545  -0.1573  -0.4911   0.0194   0.1825
  0.1024   0.5944  -0.1710  -0.4481   0.0058   0.2139
  0.1808   0.6376  -0.1888  -0.6202   0.0889   0.4247
  0.1666   0.6184  -0.2099  -0.6983   0.0755   0.3994
  0.1282   0.3279  -0.1360  -0.7455   0.0476   0.3526
  0.1051   0.4136  -0.1526  -0.6447   0.0183   0.3050
  0.0927   0.3355  -0.1321  -0.6608  -0.0108   0.3071
  0.0989   0.3367  -0.1333  -0.6817  -0.0257   0.3037
  0.0985   0.3146  -0.1470  -0.6874  -0.0270   0.3202
  0.1018   0.2828  -0.1396  -0.6631  -0.0326   0.3438
  0.1031   0.2643  -0.1370  -0.6746  -0.0294   0.3556
  0.1174   0.2657  -0.1204  -0.6411  -0.0197   0.3715
  0.1154   0.2541  -0.1221  -0.6333  -0.0123   0.3672
  0.1143   0.2775  -0.1343  -0.6472  -0.0150   0.3498
  0.1517   0.2570  -0.1209  -0.6486   0.0181   0.3647
  0.1412   0.2365  -0.0941  -0.7221   0.0290   0.3515
  0.1195   0.2142  -0.0533  -0.7018   0.0277   0.3735
  0.1340   0.1938  -0.0722  -0.6771   0.0318   0.4012
  0.1431   0.1837  -0.0933  -0.6390   0.0119   0.3969
