  0.0044   0.0886  -0.0129  -0.1315  -0.0241  -0.0359
  0.0028   0.0492   0.0114  -0.1012  -0.0129  -0.0626
 -0.0067   0.0946   0.0001  -0.1396  -0.0140  -0.2179
 -0.0083   0.0530  -0.0093  -0.1195  -0.0066   0.1202
 -0.0075   0.0508  -0.0109  -0.1402  -0.0175  -0.0294
 -0.0120   0.0868  -0.0011  -0.1800  -0.0157  -0.1853
  0.0065   0.1013  -0.0163  -0.2146  -0.0403  -0.0180
  0.0044   0.2293  -0.0480  -0.2335  -0.0339  -0.1626
 -0.0056   0.2452  -0.0659  -0.1647  -0.0464   0.0112
 -0.0152   0.2369  -0.0256  -0.1645  -0.0363  -0.2292
 -0.0281   0.2051  -0.0260  -0.1172  -0.0556  -0.0197
 -0.0248   0.2360  -0.0410  -0.0622  -0.0703  -0.0788
 -0.0131   0.2071  -0.0276  -0.0158  -0.0562  -0.2139
  0.0145   0.2472   0.0379  -0.4299   0.0431   0.1260
  0.0255   0.2212  -0.0046  -0.3692   0.0286  -0.0750
  0.0135   0.2677   0.0014  -0.3559   0.0171  -0.1187
  0.0085   0.2769   0.0043  -0.3041   0.0293  -0.0829
  0.0341   0.2905  -0.0073  -0.2358   0.0274   0.0669
 -0.0039   0.1680  -0.0540  -0.1371  -0.0091  -0.1294
  0.0108   0.1975  -0.1119  -0.0940  -0.0305  -0.0053
  0.0076   0.2011  -0.0848  -0.1273  -0.0303  -0.0007
 -0.0046  -0.0797  -0.0071  -0.2496  -0.0327  -0.0705
  0.0045   0.1691  -0.0286  -0.2231  -0.0472  -0.0386
 -0.0750   0.4442   0.0047  -0.8266  -0.1284  -0.0973
 -0.0309   0.1507  -0.0050  -0.3777  -0.0929  -0.1380
 -0.0302   0.1691  -0.0848  -0.2703  -0.1486   0.0021
 -0.0210   0.1224  -0.1208  -0.2634  -0.1436  -0.0229
 -0.0132   0.2314  -0.0074  -0.1481  -0.0897  -0.1821
  0.0257   0.4958   0.0434  -0.5624  -0.0857   0.0429
  0.0158   0.3950   0.0103  -0.4859  -0.0821  -0.3264
 -0.0206   0.3482  -0.0147  -0.4263  -0.0858   0.0908
 -0.0085   0.2859  -0.0338  -0.3679  -0.0917  -0.1391
 -0.0306   0.3108  -0.0140  -0.4442  -0.1079   0.0007
 -0.0088   0.2772  -0.0189  -0.3653  -0.0989   0.0049
 -0.0270   0.2654  -0.0511  -0.3631  -0.0931  -0.0944
 -0.0525   0.1221  -0.0414  -0.3282  -0.1071   0.0874
 -0.0432   0.1619  -0.0220  -0.3190  -0.0827  -0.0809
 -0.0373   0.1724  -0.0255  -0.3059  -0.0750   0.0608
 -0.0348   0.1997   0.0155  -0.1944  -0.0538   0.0303
 -0.0621   0.1270   0.0622  -0.1001  -0.0201  -0.0624
 -0.0696   0.1360   0.0164  -0.2131  -0.0714  -0.0207
  0.0096   0.1843  -0.0521  -0.2394  -0.0515   0.0807
 -0.0806   0.0491   0.0204  -0.1636  -0.0826   0.0090
 -0.0402  -0.0081   0.0172  -0.1199  -0.0690  -0.1736
 -0.0543   0.0404  -0.0141  -0.2185  -0.0817   0.0249
 -0.0818   0.1199  -0.0591  -0.4153  -0.0571   0.2132
  0.0074   0.0385  -0.0772  -0.3176  -0.0173  -0.0625
 -0.0258   0.0281  -0.0352  -0.2514  -0.0319   0.0168
 -0.0098  -0.3490   0.0557  -0.1172  -0.0025   0.0373
  0.0167  -0.1653   0.0448  -0.2326   0.0050   0.1557
 -0.0110   0.0072   0.0780  -0.1785  -0.0081  -0.0205
 -0.0165   0.0351   0.1216  -0.3947  -0.0119  -0.0478
  0.0290   0.1283   0.0512  -0.4381   0.0014   0.0144
  0.0562   0.2504  -0.0328  -0.5122  -0.0154   0.0020
 -0.0810   0.1530   0.1219  -0.4417  -0.0687  -0.1328
 -0.0261   0.0938   0.0711  -0.3789  -0.0379   0.0588
 -0.0163  -0.0468   0.0677  -0.3038  -0.0320  -0.1163
 -0.0117   0.0036   0.0185  -0.3144  -0.0435   0.0977
 -0.0175   0.1057   0.0119  -0.3493  -0.0606  -0.0750
 -0.0229   0.2106   0.0151  -0.3721  -0.0507  -0.0475
 -0.0073  -0.0232   0.0358  -0.1391  -0.0150  -0.1632
 -0.0160  -0.1104   0.0452  -0.1395  -0.0084   0.1323
 -0.0393   0.0002   0.0732  -0.1516  -0.0205  -0.1311
 -0.0401   0.0352   0.0628  -0.1110  -0.0343   0.0793
 -0.0304   0.0931   0.0689  -0.1760  -0.0190  -0.0130
 -0.0156  -0.0622   0.1068  -0.0344   0.0032  -0.0746
 -0.0007  -0.0896   0.0825  -0.0575   0.0378  -0.1460
  0.0073  -0.0556   0.0879  -0.0018   0.0352   0.0439
 -0.0130  -0.0244   0.1166  -0.0889   0.0139   0.0858
  0.0482  -0.2327   0.1050   0.3275   0.0753  -0.1529
  0.0628  -0.2313   0.1084   0.3203   0.0834   0.0868
  0.0591  -0.2052   0.0952   0.3629   0.0726   0.0213
  0.1153  -0.3128   0.0579   0.6316   0.0777   0.1075
  0.0907  -0.3046   0.0188   0.4999   0.0585   0.0049
  0.0857  -0.2713   0.0021   0.4502   0.0480   0.1809
  0.0535  -0.2319  -0.0212   0.4424   0.0148  -0.0176
  0.0591  -0.2892  -0.0347   0.5121   0.0168   0.1560
  0.0385  -0.3221  -0.0497   0.5184  -0.0004  -0.0201
  0.0323  -0.3620  -0.0535   0.5100   0.0000   0.1496
  0.0301  -0.3710  -0.0664   0.4000  -0.0110   0.0394
  0.0167  -0.3827  -0.0868   0.3616  -0.0316   0.2385
  0.0149  -0.4215  -0.0793   0.3621  -0.0247   0.0832
 -0.0027  -0.4362  -0.0309   0.3631  -0.0195   0.0341
 -0.0069  -0.4026  -0.0729   0.4611  -0.0137   0.2667
  0.0141  -0.3830  -0.0983   0.6231  -0.0105   0.1216
 -0.0190  -0.2889  -0.0345   0.6761   0.0299  -0.0655
  0.0068  -0.2700  -0.0726   0.6378   0.0373   0.1252
  0.0021  -0.2343  -0.0706   0.6511   0.0246   0.0835
  0.0004  -0.2148  -0.0606   0.5728   0.0306  -0.0398
 -0.0265  -0.1522  -0.0493   0.3482  -0.0073   0.0140
 -0.0370   0.0741  -0.0418   0.1520  -0.0232   0.1140
 -0.0115  -0.0872  -0.0114   0.3495   0.0141   0.0206
 -0.0267   0.0083   0.0355   0.2620   0.0405  -0.0816
 -0.0305  -0.0204   0.0097   0.2724   0.0184  -0.0483
 -0.0328   0.0936   0.0003   0.1466   0.0064  -0.1019
 -0.0170   0.1143   0.0166   0.0973   0.0044  -0.1097
  0.0161   0.0933   0.0308   0.0927   0.0640  -0.0430
 -0.0041   0.1516   0.0780   0.0635   0.0447  -0.0073
  0.0071   0.0527   0.1222   0.1081   0.0866  -0.2874
  0.0713  -0.0021   0.0761   0.1649   0.1425   0.0758
  0.0227  -0.0460   0.0706  -0.0710   0.1142  -0.0029
  0.0368   0.0224  -0.0528  -0.7710   0.0688   0.0948
  0.0875  -0.3685  -0.0418  -0.4336   0.1257   0.1781
  0.1051  -0.2501  -0.0551  -0.0598   0.1452  -0.0419
  0.0069  -0.1398  -0.0065   0.1922   0.0384   0.1454
  0.0490  -0.3372   0.0288   0.4770   0.1395   0.0676
  0.1012  -0.4503   0.0228   0.4798   0.1677  -0.0744
  0.0769  -0.3086   0.0379   0.4145   0.1364   0.3110
  0.0402  -0.1324   0.0246   0.3598   0.1214  -0.0089
  0.0044  -0.0983  -0.0025   0.2952   0.0901   0.0934
  0.0253  -0.1488   0.0043   0.3923   0.1036   0.0693
  0.0091  -0.1407  -0.0105   0.3960   0.1072   0.0495
 -0.0083  -0.1205  -0.0757   0.4351   0.0555   0.2167
 -0.0051  -0.1724  -0.0802   0.5027   0.0706  -0.1149
  0.0055  -0.1061  -0.0205   0.4918   0.0860   0.2088
 -0.0127  -0.1035  -0.0280   0.4777   0.0708   0.0614
 -0.0172  -0.0714  -0.0305   0.4817   0.0755   0.0702
 -0.0130  -0.0672  -0.0322   0.5288   0.0768   0.1339
 -0.0384  -0.0614  -0.0261   0.5473   0.0748   0.0007
 -0.0198  -0.0886   0.0211   0.4592   0.0877   0.1446
