 -1.3240   1.1815  -1.1418  -1.1441   3.7155  -0.3375
 -0.1140   1.2400   0.1202  -1.0958  -0.0459  -0.2816
 -0.1144   1.2258   0.1219  -1.0774  -0.0388  -0.2541
 -0.1125   1.2570   0.1174  -1.0717  -0.0394  -0.2148
 -0.1100   1.2291   0.1262  -1.0438  -0.0332  -0.2545
 -0.1206   1.2644   0.1188  -1.1070  -0.0452  -0.2127
 -0.1105   1.2025   0.1152  -1.0367  -0.0355  -0.2454
 -0.1096   1.2026   0.0996  -1.0543  -0.0359  -0.2069
 -0.0990   1.1026   0.0808  -0.8910  -0.0189  -0.1739
 -0.0935   1.0948   0.0567  -0.8647  -0.0199  -0.1807
 -0.0997   0.9938   0.0674  -0.7836  -0.0166  -0.1727
 -0.1091   0.9296   0.0839  -0.7298  -0.0157  -0.1575
 -0.1008   0.9433   0.0755  -0.7278  -0.0084  -0.1567
 -0.1160   0.9588   0.0596  -0.7931  -0.0314  -0.2270
 -0.1016   0.7670   0.0562  -0.6482  -0.0350  -0.2654
 -0.0681   0.7315   0.0359  -0.5575  -0.0166  -0.1900
 -0.0523   0.7175   0.0514  -0.5450  -0.0192  -0.1799
 -0.0471   0.6771   0.0343  -0.5186  -0.0119  -0.1826
 -0.0314   0.6927   0.0251  -0.5151  -0.0064  -0.1804
 -0.0262   0.6590   0.0212  -0.4748  -0.0032  -0.1558
 -0.0338   0.6458   0.0269  -0.4695  -0.0059  -0.1588
 -0.0288   0.6346   0.0286  -0.4587  -0.0085  -0.1572
 -0.0332   0.6265   0.0233  -0.4267  -0.0085  -0.1446
 -0.0308   0.6244   0.0215  -0.4136  -0.0041  -0.1307
 -0.0271   0.5893   0.0191  -0.4006   0.0006  -0.1333
 -0.0220   0.5522   0.0262  -0.3645  -0.0017  -0.1150
 -0.0202   0.5184   0.0211  -0.3416  -0.0009  -0.1100
 -0.0086   0.4614   0.0154  -0.3046   0.0013  -0.1111
 -0.0076   0.4712   0.0185  -0.3005   0.0005  -0.1080
  0.0008   0.4255   0.0245  -0.2392   0.0028  -0.0940
  0.0033   0.4511   0.0266  -0.2765   0.0012  -0.0994
  0.0076   0.4437   0.0185  -0.2806   0.0023  -0.1186
  0.0161   0.4322   0.0137  -0.2831  -0.0028  -0.1246
  0.0194   0.4407   0.0152  -0.2764   0.0019  -0.1014
 -0.0197   0.4463  -0.0006  -0.3331  -0.0162  -0.1464
  0.0053   0.3473   0.0201  -0.2508  -0.0085  -0.1496
  0.0720   0.4769   0.0181  -0.2801   0.0186  -0.1640
  0.0219   0.3938  -0.0010  -0.1930  -0.0077  -0.1142
  0.0103   0.3037  -0.0123  -0.1555  -0.0016  -0.0665
  0.0021   0.4059  -0.0137  -0.2491  -0.0078  -0.1445
  0.0002   0.3827  -0.0219  -0.2661  -0.0081  -0.1127
 -0.0044   0.3481  -0.0282  -0.2321  -0.0099  -0.1368
  0.0085   0.3184  -0.0313  -0.2024  -0.0105  -0.1293
 -0.0089   0.3281  -0.0347  -0.2525  -0.0150  -0.1448
 -0.0094   0.2865  -0.0350  -0.2056  -0.0175  -0.1383
 -0.0058   0.2651  -0.0297  -0.1632  -0.0148  -0.1284
  0.0007   0.2399  -0.0244  -0.1444  -0.0152  -0.1255
  0.0116   0.2210  -0.0249  -0.1280  -0.0134  -0.1219
  0.0068   0.1847  -0.0207  -0.0980  -0.0124  -0.1103
  0.0008   0.1579  -0.0187  -0.0745  -0.0101  -0.1052
  0.0017   0.1305  -0.0070  -0.0461  -0.0121  -0.0831
 -0.0022   0.1220  -0.0083  -0.0526  -0.0175  -0.0902
  0.0076   0.1289  -0.0138  -0.0386  -0.0163  -0.0942
  0.0101   0.1147  -0.0092  -0.0247  -0.0179  -0.0911
 -0.0015   0.1037  -0.0112  -0.0281  -0.0174  -0.0973
  0.0011   0.1238  -0.0134  -0.0332  -0.0207  -0.0975
  0.0013   0.1059  -0.0157  -0.0207  -0.0195  -0.0969
  0.0038   0.0976  -0.0192  -0.0355  -0.0190  -0.1049
 -0.0006   0.0919  -0.0171  -0.0222  -0.0190  -0.1037
  0.0020   0.1228  -0.0175  -0.0413  -0.0213  -0.0673
  0.0015   0.1043  -0.0172  -0.0186  -0.0170  -0.0540
 -0.0012   0.0897  -0.0126  -0.0042  -0.0174  -0.0488
 -0.0001   0.0350  -0.0088   0.0495  -0.0152  -0.0286
 -0.0009   0.0346  -0.0046   0.0511  -0.0208  -0.0500
 -0.0045   0.0308  -0.0055   0.0535  -0.0265  -0.0362
 -0.0013   0.0149  -0.0121   0.0549  -0.0184  -0.0420
  0.0032  -0.0233  -0.0136   0.0948  -0.0146  -0.0178
  0.0040  -0.0561  -0.0161   0.0962  -0.0164  -0.0168
  0.0029  -0.0757  -0.0180   0.1156  -0.0104  -0.0079
  0.0017  -0.1051  -0.0165   0.1437  -0.0081   0.0032
  0.0049  -0.1084  -0.0156   0.1451  -0.0120   0.0127
 -0.0019  -0.0992  -0.0196   0.1134  -0.0104   0.0123
  0.0010  -0.1459  -0.0190   0.1546  -0.0154   0.0080
  0.0097  -0.2049  -0.0250   0.1648  -0.0148  -0.0194
 -0.0014  -0.1613  -0.0131   0.1259  -0.0125   0.0114
  0.0094  -0.2220  -0.0092   0.1695  -0.0157   0.0109
  0.0158  -0.2626  -0.0272   0.2297  -0.0021  -0.0019
  0.0102  -0.2976  -0.0354   0.2640  -0.0007   0.0287
  0.0148  -0.2887  -0.0363   0.2555   0.0063   0.0311
  0.0193  -0.1753  -0.0526   0.3199  -0.0183   0.0067
  0.0415  -0.2152  -0.0606   0.2257   0.0084   0.0694
  0.0486  -0.2677  -0.0477   0.2823   0.0036   0.0477
  0.0315  -0.2932  -0.0468   0.2733   0.0032   0.0424
  0.0458  -0.3056  -0.0409   0.2932  -0.0073   0.0670
  0.0327  -0.3527  -0.0367   0.3304  -0.0049   0.0741
  0.0386  -0.3449  -0.0365   0.3227  -0.0081   0.0763
  0.0418  -0.3560  -0.0374   0.3229  -0.0116   0.0888
  0.0356  -0.3631  -0.0377   0.3279  -0.0101   0.1004
  0.0384  -0.3679  -0.0412   0.3293  -0.0125   0.1078
  0.0349  -0.3737  -0.0403   0.3346  -0.0128   0.1022
  0.0334  -0.3950  -0.0323   0.3437  -0.0171   0.1047
  0.0361  -0.4089  -0.0275   0.3547  -0.0218   0.1108
  0.0330  -0.4256  -0.0263   0.3678  -0.0211   0.1134
  0.0237  -0.4671  -0.0216   0.3943  -0.0180   0.1141
  0.0275  -0.5049  -0.0133   0.4120  -0.0168   0.1254
  0.0245  -0.5213  -0.0127   0.4306  -0.0145   0.1344
  0.0295  -0.5412  -0.0020   0.4361  -0.0149   0.1506
  0.0351  -0.5312   0.0038   0.4170  -0.0148   0.1531
  0.0301  -0.5285  -0.0004   0.3783  -0.0158   0.1525
  0.0291  -0.5456   0.0011   0.3832  -0.0178   0.1544
  0.0314  -0.5688   0.0026   0.3965  -0.0147   0.1686
  0.0324  -0.5969   0.0124   0.4066  -0.0147   0.1839
  0.0275  -0.5846   0.0270   0.3953  -0.0197   0.1619
  0.0368  -0.7118   0.0204   0.4551  -0.0116   0.1727
  0.0338  -0.6555   0.0055   0.4412  -0.0029   0.1512
  0.0467  -0.6294   0.0017   0.4279  -0.0039   0.1983
  0.0270  -0.6537   0.0120   0.4262  -0.0151   0.1986
  0.0308  -0.6707   0.0080   0.4573  -0.0133   0.2150
  0.0303  -0.6882   0.0049   0.4614  -0.0126   0.2245
  0.0248  -0.7029   0.0025   0.4738  -0.0101   0.2310
  0.0214  -0.7210   0.0019   0.4754  -0.0092   0.2307
  0.0231  -0.7315   0.0051   0.4812  -0.0129   0.2352
  0.0230  -0.7244   0.0026   0.4659  -0.0117   0.2512
  0.0257  -0.7513   0.0007   0.4877  -0.0145   0.2578
  0.0161  -0.7449  -0.0056   0.4667  -0.0163   0.2512
  0.0145  -0.7554  -0.0110   0.4446  -0.0154   0.2398
  0.0197  -0.7700  -0.0147   0.4599  -0.0122   0.2441
  0.0197  -0.7914  -0.0119   0.4864  -0.0079   0.2641
  0.0202  -0.8138  -0.0055   0.5013  -0.0097   0.2709
  0.0142  -0.8427   0.0012   0.5253  -0.0103   0.2697
  0.0114  -0.8723   0.0040   0.5421  -0.0116   0.2956
  0.0108  -0.8800   0.0013   0.5508  -0.0097   0.3052
  0.0129  -0.8710   0.0159   0.5348  -0.0016   0.3027
  0.0161  -0.8771   0.0152   0.5490  -0.0098   0.3158
  0.0126  -0.8866   0.0171   0.5653  -0.0090   0.3363
  0.0120  -0.8934   0.0176   0.5769  -0.0076   0.3530
  0.0111  -0.9365   0.0188   0.6036  -0.0047   0.3735
  0.0078  -0.9458   0.0192   0.5932  -0.0073   0.3641
