 -0.0606   0.2842  -0.1112  -0.0561  -0.0797   0.1506
 -0.0505   0.2618  -0.1040  -0.0190  -0.0911   0.0923
 -0.0604   0.2352  -0.0982   0.0384  -0.0804   0.1105
 -0.0723   0.2275  -0.0879   0.0499  -0.0772   0.1130
 -0.0692   0.2219  -0.0909   0.0530  -0.0766   0.1163
 -0.0704   0.2193  -0.0853   0.0508  -0.0704   0.1161
 -0.0651   0.2315  -0.0911   0.0240  -0.0764   0.1177
 -0.0667   0.2257  -0.0876   0.0335  -0.0729   0.1209
 -0.0675   0.2226  -0.0873   0.0647  -0.0697   0.1192
 -0.0616   0.1994  -0.0904   0.0843  -0.0746   0.1285
 -0.0610   0.2444  -0.0529   0.0540  -0.0549   0.0916
 -0.0612   0.2404  -0.0633   0.0445  -0.0566   0.1029
 -0.0690   0.2309  -0.0866   0.0760  -0.0781   0.0990
 -0.0630   0.2250  -0.0939   0.0593  -0.0778   0.1017
 -0.0613   0.2237  -0.0879   0.0567  -0.0752   0.1080
 -0.0663   0.2123  -0.0899   0.0711  -0.0739   0.1179
 -0.0589   0.2084  -0.0869   0.0613  -0.0723   0.1042
 -0.0551   0.1984  -0.0645   0.0666  -0.0487   0.0976
 -0.0582   0.1911  -0.0638   0.0718  -0.0478   0.0951
 -0.0528   0.2037  -0.0749   0.0346  -0.0539   0.1013
 -0.0512   0.2023  -0.0843   0.0361  -0.0627   0.0882
 -0.0540   0.2019  -0.0852   0.0452  -0.0667   0.0890
 -0.0573   0.2007  -0.0842   0.0698  -0.0674   0.0928
 -0.0545   0.2035  -0.0802   0.0724  -0.0619   0.1102
 -0.0553   0.1881  -0.0803   0.0927  -0.0629   0.0945
 -0.0543   0.1939  -0.0837   0.0644  -0.0649   0.1022
 -0.0568   0.1958  -0.0747   0.0662  -0.0631   0.0919
 -0.0543   0.1962  -0.0753   0.0510  -0.0608   0.0992
 -0.0561   0.1954  -0.0796   0.0409  -0.0657   0.0799
 -0.0485   0.1838  -0.0647   0.0588  -0.0563   0.0807
 -0.0510   0.1879  -0.0684   0.0389  -0.0607   0.0891
 -0.0476   0.1818  -0.0754   0.0518  -0.0624   0.0786
 -0.0477   0.1858  -0.0755   0.0581  -0.0598   0.0771
 -0.0416   0.1913  -0.0762   0.0349  -0.0592   0.0844
 -0.0418   0.1941  -0.0690   0.0250  -0.0490   0.0703
 -0.0391   0.1913  -0.0744   0.0089  -0.0621   0.0617
 -0.0399   0.1914  -0.0670  -0.0035  -0.0583   0.0593
 -0.0454   0.1873  -0.0552  -0.0059  -0.0581   0.0470
 -0.0469   0.1910  -0.0554  -0.0357  -0.0535   0.0454
 -0.0390   0.1877  -0.0563  -0.0403  -0.0552   0.0288
 -0.0327   0.1852  -0.0509  -0.0198  -0.0496   0.0561
 -0.0345   0.1752  -0.0541   0.0065  -0.0624   0.0651
 -0.0336   0.1751  -0.0507   0.0166  -0.0563   0.0601
 -0.0283   0.1599  -0.0445   0.0358  -0.0624   0.0621
 -0.0333   0.1766  -0.0528  -0.0004  -0.0631   0.0549
 -0.0376   0.1674  -0.0545  -0.0046  -0.0642   0.0416
 -0.0442   0.1703  -0.0552  -0.0023  -0.0698   0.0481
 -0.0419   0.1715  -0.0536  -0.0214  -0.0595   0.0440
 -0.0426   0.1768  -0.0505  -0.0413  -0.0533   0.0434
 -0.0394   0.1781  -0.0510  -0.0516  -0.0526   0.0342
 -0.0434   0.1706  -0.0498  -0.0168  -0.0486   0.0376
 -0.0507   0.1696  -0.0514  -0.0136  -0.0533   0.0477
 -0.0462   0.1660  -0.0526  -0.0169  -0.0541   0.0435
 -0.0492   0.1674  -0.0539  -0.0343  -0.0600   0.0343
 -0.0421   0.1729  -0.0509  -0.0352  -0.0505   0.0397
 -0.0355   0.1736  -0.0424  -0.0343  -0.0408   0.0277
 -0.0285   0.1765  -0.0399  -0.0526  -0.0415   0.0275
 -0.0389   0.1612  -0.0473  -0.1111  -0.0414   0.0141
 -0.0411   0.1333  -0.0479  -0.0913  -0.0492   0.0151
 -0.0432   0.1253  -0.0514  -0.0847  -0.0566   0.0149
 -0.0448   0.1255  -0.0494  -0.0890  -0.0632   0.0218
 -0.0424   0.1284  -0.0421  -0.0701  -0.0531   0.0193
 -0.0423   0.1254  -0.0413  -0.0688  -0.0558   0.0274
 -0.0313   0.1223  -0.0384  -0.0788  -0.0541   0.0235
 -0.0328   0.1245  -0.0258  -0.1001  -0.0609   0.0109
 -0.0232   0.1132  -0.0079  -0.0901  -0.0541   0.0054
 -0.0226   0.1186   0.0001  -0.0865  -0.0443   0.0001
 -0.0221   0.1275  -0.0015  -0.1105  -0.0391   0.0011
 -0.0233   0.1281   0.0029  -0.1267  -0.0273   0.0018
 -0.0078   0.1151   0.0037  -0.1135  -0.0041   0.0024
 -0.0177   0.1046  -0.0075  -0.0913  -0.0215   0.0018
 -0.0124   0.1119   0.0045  -0.1611  -0.0076  -0.0298
 -0.0011   0.0883   0.0126  -0.1669   0.0059   0.0057
  0.0057   0.0632   0.0112  -0.1385   0.0069  -0.0091
  0.0029   0.0698  -0.0016  -0.1576  -0.0062  -0.0189
 -0.0068   0.0664   0.0136  -0.1643  -0.0035  -0.0291
  0.0001   0.0928   0.0205  -0.2410   0.0080  -0.0508
  0.0046   0.0490   0.0271  -0.1682   0.0118  -0.0284
  0.0141   0.0456   0.0363  -0.1605   0.0301  -0.0191
 -0.0030   0.0338   0.0231  -0.1719   0.0109  -0.0182
  0.0059   0.0359   0.0298  -0.1743   0.0213  -0.0268
  0.0211   0.0310   0.0450  -0.1811   0.0297  -0.0210
  0.0131   0.0264   0.0419  -0.1518   0.0315  -0.0154
  0.0086   0.0294   0.0435  -0.1471   0.0373  -0.0270
  0.0113   0.0240   0.0381  -0.1305   0.0535  -0.0193
  0.0130   0.0404   0.0762  -0.1001   0.0613  -0.0176
  0.0151   0.0447   0.0452  -0.1270   0.0724  -0.0044
  0.0208   0.0332   0.0452  -0.1323   0.0635  -0.0248
  0.0171  -0.0019   0.0373  -0.0774   0.0396  -0.0170
  0.0147  -0.0099   0.0360  -0.0643   0.0358  -0.0278
  0.0355  -0.0083   0.0389  -0.0700   0.0585  -0.0257
  0.0314  -0.0107   0.0431  -0.0902   0.0538  -0.0080
  0.0233  -0.0183   0.0382  -0.0522   0.0326  -0.0116
  0.0152  -0.0131   0.0450  -0.0762   0.0260  -0.0116
  0.0062  -0.0080   0.0436  -0.0955   0.0264  -0.0179
  0.0158  -0.0199   0.0410  -0.0776   0.0294  -0.0250
  0.0195  -0.0227   0.0459  -0.0588   0.0401  -0.0053
  0.0190  -0.0217   0.0492  -0.0672   0.0358   0.0133
  0.0171  -0.0278   0.0486  -0.0729   0.0304  -0.0072
  0.0233  -0.0177   0.0504  -0.0985   0.0453  -0.0296
  0.0237  -0.0241   0.0459  -0.0961   0.0426  -0.0301
  0.0218  -0.0173   0.0453  -0.1018   0.0508  -0.0306
  0.0194  -0.0210   0.0393  -0.1105   0.0442  -0.0375
  0.0273  -0.0262   0.0418  -0.0635   0.0431  -0.0201
  0.0313  -0.0324   0.0524  -0.0295   0.0506  -0.0280
  0.0304  -0.0604   0.0545   0.0038   0.0481  -0.0038
  0.0312  -0.0563   0.0573  -0.0223   0.0502  -0.0144
  0.0337  -0.0430   0.0542  -0.0462   0.0535  -0.0221
  0.0261  -0.0155   0.0562  -0.0724   0.0413  -0.0153
  0.0203  -0.0039   0.0669  -0.1283   0.0471  -0.0220
  0.0225   0.0233   0.0258  -0.1426   0.0377  -0.0327
  0.0252  -0.0009   0.0401  -0.1266   0.0393  -0.0024
  0.0267  -0.0057   0.0450  -0.1034   0.0340  -0.0157
  0.0776   0.0264   0.0642  -0.1863   0.0562  -0.0596
  0.0714   0.0120   0.0501  -0.2010   0.0391  -0.0428
  0.0602   0.0096   0.0603  -0.1937   0.0396  -0.0356
  0.0428  -0.0009   0.0541  -0.1570   0.0301  -0.0383
  0.0138   0.0034   0.0452  -0.1517   0.0130  -0.0286
  0.0051   0.0041   0.0584  -0.1456   0.0436  -0.0474
  0.0134  -0.0358   0.0466  -0.0873   0.0410  -0.0473
  0.0093  -0.0368   0.0474  -0.0721   0.0186  -0.0201
 -0.0038  -0.0365   0.0415  -0.0552   0.0128  -0.0372
  0.0009  -0.0690   0.0390   0.0047   0.0021  -0.0206
  0.0023  -0.0517   0.0403  -0.0421   0.0056  -0.0380
  0.0030  -0.0245  -0.0139  -0.1302   0.0219  -0.0127
 -0.0061  -0.0050  -0.0196  -0.1775   0.0052  -0.0335
  0.0019   0.0034  -0.0162  -0.1540  -0.0012  -0.0432
  0.0032  -0.0063  -0.0173  -0.1113  -0.0094  -0.0386
 -0.0002   0.0036  -0.0168  -0.1273  -0.0047  -0.0485
  0.0075   0.0085  -0.0234  -0.1486  -0.0068  -0.0503
  0.0073  -0.0092  -0.0159  -0.1278  -0.0091  -0.0560
  0.0079  -0.0134  -0.0262  -0.1329  -0.0062  -0.0496
  0.0024  -0.0214  -0.0172  -0.1370  -0.0073  -0.0549
  0.0041  -0.0271  -0.0126  -0.1441   0.0001  -0.0535
  0.0060  -0.0254  -0.0204  -0.1317  -0.0067  -0.0473
  0.0032  -0.0426  -0.0179  -0.1345  -0.0018  -0.0618
 -0.0015  -0.0500  -0.0166  -0.1294  -0.0148  -0.0640
  0.0057  -0.0432  -0.0005  -0.1480   0.0087  -0.0659
  0.0277  -0.0645   0.0013  -0.0859   0.0020  -0.0579
  0.0338  -0.0730   0.0176  -0.0600   0.0286  -0.0471
  0.0312  -0.0816   0.0196  -0.0818   0.0310  -0.0587
  0.0363  -0.0662   0.0230  -0.0816   0.0379  -0.0614
  0.0359  -0.0455   0.0118  -0.1309   0.0345  -0.0481
  0.0325  -0.0632   0.0104  -0.0885   0.0150  -0.0805
  0.0249  -0.0617   0.0145  -0.1191   0.0160  -0.0590
  0.0205  -0.0761   0.0025  -0.0971  -0.0008  -0.0403
  0.0336  -0.0744   0.0040  -0.0840  -0.0038  -0.0379
  0.0291  -0.0802   0.0059  -0.0781  -0.0127  -0.0453
  0.0283  -0.0740   0.0122  -0.0756   0.0041  -0.0618
  0.0358  -0.0814   0.0136  -0.0622  -0.0098  -0.0696
  0.0339  -0.0791   0.0111  -0.0646  -0.0001  -0.0727
  0.0288  -0.0751   0.0176  -0.0800   0.0103  -0.0762
  0.0293  -0.0837   0.0183  -0.0811   0.0146  -0.0680
  0.0251  -0.0929   0.0149  -0.0704  -0.0001  -0.0761
  0.0264  -0.0783   0.0247  -0.0860   0.0195  -0.0577
  0.0261  -0.0621   0.0367  -0.1120   0.0137  -0.0629
  0.0352  -0.0877   0.0196  -0.0978   0.0235  -0.0860
  0.0234  -0.0911   0.0267  -0.0720   0.0139  -0.0878
  0.0160  -0.1140   0.0234  -0.0219   0.0096  -0.0768
  0.0239  -0.1222   0.0215   0.0017   0.0086  -0.0593
  0.0156  -0.1242   0.0224   0.0069   0.0035  -0.0529
  0.0084  -0.1223   0.0187  -0.0085   0.0047  -0.0640
 -0.0004  -0.1277   0.0219  -0.0042   0.0010  -0.0484
  0.0022  -0.1362   0.0306   0.0369  -0.0082  -0.0404
  0.0132  -0.1306   0.0324   0.0304  -0.0027  -0.0500
  0.0151  -0.1361   0.0295   0.0245   0.0039  -0.0639
  0.0146  -0.1376   0.0266   0.0124   0.0031  -0.0608
  0.0147  -0.1121   0.0244  -0.0509   0.0078  -0.0793
  0.0138  -0.1318   0.0198  -0.0112  -0.0031  -0.0861
  0.0320  -0.1435   0.0273   0.0207   0.0159  -0.0738
  0.0233  -0.1335   0.0333  -0.0060   0.0089  -0.0703
  0.0167  -0.1385   0.0323  -0.0001   0.0067  -0.0635
  0.0250  -0.1582   0.0310   0.0254   0.0076  -0.0718
  0.0198  -0.1542   0.0269  -0.0098   0.0004  -0.0623
  0.0228  -0.1554   0.0257   0.0075   0.0024  -0.0860
  0.0418  -0.1595   0.0288   0.0355   0.0148  -0.0708
  0.0244  -0.1351   0.0291  -0.0234   0.0110  -0.0720
  0.0289  -0.1459   0.0240   0.0099   0.0014  -0.0775
  0.0291  -0.1543   0.0245   0.0051  -0.0063  -0.0654
  0.0242  -0.1623   0.0329   0.0335  -0.0062  -0.0587
  0.0226  -0.1636   0.0343   0.0223  -0.0020  -0.0525
  0.0921  -0.5550   0.1001   0.6382   0.1337  -0.0414
  0.0662  -0.4783   0.0841   0.5536   0.1174   0.0641
  0.0691  -0.4764   0.0868   0.5521   0.1083   0.0387
  0.0756  -0.4844   0.0823   0.5663   0.1078   0.0395
  0.0717  -0.4809   0.0809   0.5726   0.1073   0.0195
  0.0655  -0.4712   0.0856   0.5579   0.1060   0.0173
  0.0656  -0.4665   0.0801   0.5445   0.1059   0.0126
  0.0686  -0.4423   0.0706   0.4909   0.1048  -0.0123
  0.0712  -0.4675   0.0685   0.5083   0.1128  -0.0014
  0.0770  -0.4685   0.0579   0.5076   0.1058  -0.0046
  0.0756  -0.4918   0.0630   0.5358   0.1106   0.0107
  0.0808  -0.5124   0.0659   0.5558   0.1057   0.0346
  0.0741  -0.4716   0.0633   0.5174   0.1207   0.0286
  0.0722  -0.4914   0.0674   0.5085   0.1283   0.0146
  0.0721  -0.4830   0.0569   0.5052   0.1078   0.0075
  0.0687  -0.4677   0.0661   0.4769   0.1119  -0.0005
  0.0660  -0.4815   0.0690   0.4974   0.1143  -0.0073
  0.0653  -0.5099   0.0649   0.5405   0.1123   0.0178
  0.0555  -0.5054   0.0731   0.5434   0.1329   0.0110
