 -0.0625  -0.1126   0.0003   0.0315  -0.0265   0.3138
 -0.0566  -0.0538   0.0028   0.0272  -0.0494   0.4275
 -0.0600  -0.0866  -0.0086   0.1045  -0.0488   0.0762
 -0.0555  -0.0659  -0.0107   0.1155  -0.0497   0.3222
 -0.0555  -0.1358  -0.0107   0.1539  -0.0511   0.0786
 -0.0520  -0.0750  -0.0067   0.1181  -0.0616   0.3475
 -0.0674  -0.1109  -0.0052   0.1436  -0.0608   0.0620
 -0.0549  -0.0722  -0.0099   0.1226  -0.0613   0.3222
 -0.0555  -0.1103  -0.0111   0.1587  -0.0655   0.0375
 -0.0568  -0.0697  -0.0076   0.1452  -0.0785   0.2918
 -0.0543  -0.1144  -0.0101   0.1704  -0.0805   0.0776
 -0.0472  -0.0845  -0.0029   0.1532  -0.0849   0.2863
 -0.0582  -0.1048  -0.0155   0.1637  -0.0904   0.1137
 -0.0435  -0.0626  -0.0152   0.1908  -0.0969   0.2179
 -0.0609  -0.0573  -0.0244   0.1397  -0.0800   0.2033
 -0.0422  -0.0424  -0.0183   0.1852  -0.0822   0.1293
 -0.0591  -0.0294  -0.0278   0.1368  -0.0734   0.2051
 -0.0392  -0.0338  -0.0174   0.1979  -0.0864   0.1225
 -0.0514  -0.0195  -0.0253   0.1570  -0.0966   0.2661
 -0.0575  -0.0508  -0.0253   0.2065  -0.0991   0.0888
 -0.0572  -0.0081  -0.0338   0.1613  -0.1054   0.3504
 -0.0686  -0.0395  -0.0297   0.1991  -0.1138   0.0392
 -0.0587   0.0196  -0.0314   0.1497  -0.1156   0.3373
 -0.0597  -0.0256  -0.0360   0.1845  -0.1087  -0.0058
 -0.0559   0.0097  -0.0289   0.1290  -0.1110   0.3665
 -0.0416   0.0426  -0.0208   0.1328  -0.1163   0.0825
 -0.0499   0.0051  -0.0264   0.1479  -0.1063   0.0730
 -0.0320   0.0396  -0.0228   0.1701  -0.1068   0.2017
 -0.0366   0.0545  -0.0227   0.1269  -0.0993   0.1510
 -0.0409   0.0480  -0.0207   0.1779  -0.1056   0.0920
 -0.0442   0.0533  -0.0144   0.1275  -0.1092   0.2004
 -0.0276   0.0335  -0.0140   0.1796  -0.0956   0.0211
 -0.0242   0.0797  -0.0072   0.0965  -0.0897   0.2656
 -0.0202   0.0922  -0.0033   0.1363  -0.0822   0.0813
 -0.0224   0.0749  -0.0014   0.0942  -0.0693   0.1197
 -0.0276   0.0974  -0.0005   0.1006  -0.0705   0.1306
 -0.0367   0.0723  -0.0077   0.0607  -0.0713   0.0637
 -0.0362   0.0849  -0.0041   0.0759  -0.0830   0.1733
 -0.0381   0.0628  -0.0097   0.0589  -0.0780   0.0562
 -0.0401   0.0719  -0.0085   0.0841  -0.0898   0.1445
 -0.0497   0.0302  -0.0087   0.0819  -0.0944   0.0543
 -0.0484   0.0473  -0.0047   0.0925  -0.0998   0.1617
 -0.0483  -0.0070  -0.0060   0.0949  -0.0975  -0.0027
 -0.0415   0.0523  -0.0065   0.0757  -0.1084   0.2295
 -0.0521  -0.0118  -0.0051   0.1055  -0.1040  -0.0950
 -0.0531   0.0386   0.0012   0.0568  -0.1246   0.3133
 -0.0513  -0.0773   0.0022   0.1486  -0.1111  -0.1117
 -0.0522  -0.0027   0.0005   0.0798  -0.1166   0.2932
 -0.0565  -0.0619   0.0060   0.1461  -0.1091  -0.1069
 -0.0621  -0.0134   0.0004   0.1042  -0.1085   0.2653
 -0.0544  -0.0800   0.0111   0.1757  -0.1091  -0.0772
 -0.0554  -0.0634   0.0052   0.1108  -0.0986   0.2133
 -0.0541  -0.0630   0.0166   0.1558  -0.1013   0.1016
 -0.0464  -0.0801   0.0089   0.1466  -0.0919   0.0278
 -0.0395  -0.0218   0.0179   0.1292  -0.0879   0.2139
 -0.0444  -0.0962   0.0153   0.1623  -0.0781  -0.1108
 -0.0352  -0.0348   0.0127   0.0970  -0.0699   0.2871
 -0.0187  -0.0650   0.0297   0.1274  -0.0500   0.0295
 -0.0059  -0.0670   0.0421   0.1086  -0.0403   0.1859
  0.0094  -0.1610   0.0426   0.1528  -0.0306  -0.0778
  0.0124  -0.0932   0.0500   0.0748  -0.0264   0.3020
  0.0219  -0.1727   0.0504   0.1553  -0.0181  -0.0904
  0.0246  -0.1161   0.0461   0.0649  -0.0138   0.2602
  0.0106  -0.1477   0.0473   0.1181  -0.0188   0.0348
  0.0169  -0.1651   0.0342   0.1122  -0.0166   0.0500
  0.0265  -0.1418   0.0438   0.1128  -0.0101   0.1525
  0.0184  -0.1925   0.0401   0.1262  -0.0026  -0.0324
  0.0158  -0.1176   0.0351   0.0899   0.0049   0.2174
  0.0144  -0.1956   0.0368   0.1569   0.0080  -0.1514
  0.0180  -0.1509   0.0257   0.0788   0.0217   0.2129
  0.0284  -0.1426   0.0334   0.1205   0.0244   0.0495
  0.0220  -0.1586   0.0420   0.1045   0.0274   0.0637
  0.0216  -0.0889   0.0610   0.0747   0.0288   0.1455
  0.0235  -0.1251   0.0665   0.1042   0.0436   0.0042
  0.0318  -0.1345   0.0559   0.1289   0.0411   0.0552
  0.0204  -0.1922   0.0453   0.1096   0.0433  -0.0411
  0.0280  -0.1486   0.0490   0.1017   0.0452   0.1732
  0.0239  -0.1844   0.0372   0.1188   0.0460  -0.1101
  0.0327  -0.1061   0.0434   0.0551   0.0425   0.2318
  0.0394  -0.1893   0.0479   0.1108   0.0531  -0.1085
  0.0498  -0.1224   0.0494   0.0549   0.0537   0.2324
  0.0409  -0.2134   0.0395   0.1353   0.0520  -0.1470
  0.0438  -0.1246   0.0403   0.0571   0.0459   0.1955
  0.0446  -0.0535   0.0466   0.0429   0.0406   0.0225
  0.0345  -0.1084   0.0238   0.0855   0.0417  -0.1239
  0.0473  -0.0553   0.0320   0.0147   0.0272   0.1757
  0.0341  -0.1262   0.0216   0.1031   0.0359  -0.1814
  0.0424  -0.0715   0.0198   0.0191   0.0206   0.1002
  0.0337  -0.1137   0.0220   0.0761   0.0287  -0.0508
  0.0307  -0.1287   0.0182   0.0393   0.0346  -0.0103
  0.0518   0.0408   0.0287  -0.0397   0.0239   0.0602
  0.0478   0.0673   0.0312  -0.0767   0.0307  -0.0654
  0.0649   0.1030   0.0265  -0.0942   0.0224   0.0172
  0.0431   0.0553   0.0050  -0.0443   0.0136  -0.1564
  0.0172  -0.0569  -0.0136  -0.0182   0.0340  -0.2536
  0.0266  -0.0052   0.0007  -0.0773   0.0437   0.1448
  0.0166  -0.0629   0.0031   0.0023   0.0510  -0.2743
  0.0311   0.0303   0.0192  -0.0713   0.0347   0.1511
  0.0379  -0.0306   0.0143  -0.0404   0.0546  -0.2948
  0.0480   0.0370   0.0160  -0.0872   0.0566   0.1037
  0.0431   0.0212   0.0144  -0.0545   0.0630  -0.1918
  0.0477   0.0895   0.0189  -0.1538   0.0541   0.0116
  0.0426   0.0828   0.0305  -0.1089   0.0412  -0.0851
  0.0335  -0.0203   0.0196  -0.0008   0.0470  -0.3078
  0.0365   0.0181   0.0193  -0.0585   0.0394   0.1058
  0.0340  -0.0492   0.0143  -0.0021   0.0467  -0.3055
  0.0360   0.0235   0.0271  -0.0930   0.0417   0.0882
  0.0364   0.0318   0.0107  -0.1010   0.0656  -0.1995
  0.0483   0.1178   0.0102  -0.1557   0.0581  -0.0423
  0.0359   0.0352  -0.0012  -0.0545   0.0578  -0.2406
  0.0501   0.1147  -0.0100  -0.1511   0.0513  -0.0372
  0.0333   0.1757  -0.0120  -0.2245   0.0305  -0.1210
  0.0197   0.0445  -0.0351  -0.0856   0.0411  -0.3380
  0.0093   0.0312  -0.0309  -0.1305   0.0459  -0.0102
  0.0094   0.0145  -0.0432  -0.0790   0.0568  -0.3275
  0.0095   0.1119  -0.0343  -0.1826   0.0556   0.0556
  0.0106   0.0737  -0.0311  -0.1088   0.0509  -0.3019
  0.0121   0.0893  -0.0341  -0.1600   0.0608  -0.0722
  0.0297   0.0568  -0.0312  -0.1026   0.0681  -0.2457
  0.0607   0.1836  -0.0314  -0.2479   0.0708  -0.0816
  0.0397   0.1877  -0.0288  -0.3192   0.0691  -0.1578
  0.0255   0.0942  -0.0409  -0.1489   0.0727  -0.3323
  0.0167   0.0835  -0.0472  -0.2163   0.0796  -0.1527
  0.0234   0.0948  -0.0218  -0.1841   0.0825  -0.1513
  0.0386   0.1004  -0.0277  -0.2317   0.0959  -0.2620
  0.0367   0.2086  -0.0153  -0.3832   0.0848  -0.0812
  0.0381   0.1258  -0.0135  -0.2275   0.0976  -0.2109
  0.0060   0.0670  -0.0441  -0.1580   0.0884  -0.4621
  0.0117   0.1010  -0.0402  -0.2450   0.0860  -0.0419
  0.0158   0.0907  -0.0361  -0.1768   0.0891  -0.3447
  0.0241   0.1234  -0.0400  -0.2563   0.0934  -0.1543
  0.0307   0.1694  -0.0137  -0.2873   0.0988  -0.1717
  0.0370   0.1093  -0.0240  -0.1855   0.1034  -0.3650
  0.0459   0.1367  -0.0318  -0.2719   0.0984  -0.1369
  0.0514   0.1898  -0.0209  -0.2855   0.1006  -0.1519
  0.0511   0.1136  -0.0239  -0.1769   0.1095  -0.3960
  0.0450   0.1586  -0.0264  -0.2682   0.1064  -0.1065
  0.0369   0.1000  -0.0270  -0.1674   0.1129  -0.3483
  0.0410   0.1710  -0.0321  -0.3082   0.1206  -0.1533
  0.0347   0.2216  -0.0195  -0.3844   0.1287  -0.1377
  0.0370   0.1085  -0.0267  -0.1920   0.1195  -0.4162
  0.0241   0.1503  -0.0370  -0.2807   0.1143  -0.2032
  0.0104   0.1108  -0.0349  -0.2163   0.1144  -0.3574
  0.0162   0.1474  -0.0265  -0.3188   0.1121  -0.1887
  0.0286   0.2013  -0.0137  -0.3262   0.1129  -0.2381
  0.0301   0.1405  -0.0251  -0.2503   0.1222  -0.4357
  0.0318   0.2278  -0.0183  -0.3783   0.1132  -0.0952
  0.0376   0.2129  -0.0087  -0.3640   0.0981  -0.2589
  0.0314   0.1113  -0.0227  -0.2212   0.1163  -0.5031
  0.0476   0.2126  -0.0293  -0.3432   0.1200  -0.1792
