  0.1035   0.0956   0.2315   0.6010   0.0095  -0.0085
  0.1356   0.1267   0.1918   0.5521  -0.0297  -0.0521
  0.1454   0.1240   0.2006   0.5400  -0.0158  -0.0918
  0.1484   0.0765   0.1989   0.5340  -0.0397  -0.1106
  0.1180   0.0440   0.2379   0.5628  -0.1393  -0.1157
  0.1290   0.0347   0.2383   0.5537  -0.1146  -0.1124
  0.1533  -0.0764   0.2042   0.6041  -0.1188  -0.1315
  0.1461  -0.1136   0.2170   0.6140  -0.1177  -0.1268
  0.1627  -0.0652   0.2032   0.5905  -0.0989  -0.1190
  0.1487  -0.0675   0.1976   0.5864  -0.0968  -0.1368
  0.1501  -0.0722   0.2055   0.5546  -0.1004  -0.1195
  0.1490  -0.0709   0.2096   0.5485  -0.0916  -0.1151
  0.1400  -0.0929   0.1944   0.5177  -0.0840  -0.1210
  0.1381  -0.0633   0.1838   0.4772  -0.0554  -0.0933
  0.1244  -0.0993   0.1744   0.4770  -0.0615  -0.0905
  0.1351  -0.0941   0.1766   0.4958  -0.0767  -0.0920
  0.1271  -0.0946   0.1829   0.4794  -0.0682  -0.0970
  0.1063  -0.1083   0.1839   0.4942  -0.0638  -0.1120
  0.1189  -0.0971   0.1933   0.4919  -0.0662  -0.0965
  0.1346  -0.1051   0.1855   0.5067  -0.0674  -0.0987
  0.1310  -0.1094   0.1824   0.4988  -0.0698  -0.1157
  0.1457  -0.0802   0.1782   0.5280  -0.0583  -0.1073
  0.1366  -0.0942   0.1560   0.5049  -0.0437  -0.1292
  0.1292  -0.0964   0.1675   0.5298  -0.0574  -0.1196
  0.1394  -0.0933   0.1646   0.5375  -0.0471  -0.1296
  0.1260  -0.1077   0.1681   0.5305  -0.0631  -0.1338
  0.1112  -0.0992   0.1371   0.5072  -0.0684  -0.1237
  0.1095  -0.1115   0.1595   0.5143  -0.0666  -0.1263
  0.1256  -0.0987   0.1515   0.5358  -0.0645  -0.1265
  0.1133  -0.1144   0.1510   0.5194  -0.0671  -0.1507
  0.1090  -0.0969   0.1492   0.5334  -0.0634  -0.1287
  0.1116  -0.1212   0.1503   0.5273  -0.0480  -0.1523
  0.1070  -0.0805   0.1472   0.5251  -0.0391  -0.1221
  0.0864  -0.1076   0.1424   0.4941  -0.0482  -0.1347
  0.0889  -0.0886   0.1522   0.4995  -0.0652  -0.1079
  0.0841  -0.0977   0.1537   0.4738  -0.0550  -0.1290
  0.0743  -0.0983   0.1496   0.4664  -0.0518  -0.0991
  0.0758  -0.1122   0.1448   0.4733  -0.0558  -0.1293
  0.0600  -0.0950   0.1366   0.4993  -0.0718  -0.1135
  0.0612  -0.0720   0.1207   0.4508  -0.0575  -0.1269
  0.0614  -0.0598   0.1443   0.4731  -0.0549  -0.1098
  0.0676  -0.0682   0.1318   0.4321  -0.0338  -0.1156
  0.0574  -0.0532   0.1355   0.4663  -0.0339  -0.1046
  0.0638  -0.0518   0.1493   0.4372  -0.0513  -0.1029
  0.0594  -0.0458   0.1383   0.4492  -0.0415  -0.1061
  0.0460  -0.0577   0.1364   0.4606  -0.0366  -0.1113
  0.0514  -0.0468   0.1245   0.4433  -0.0279  -0.1066
  0.0421  -0.0353   0.1368   0.4347  -0.0255  -0.1057
  0.0512  -0.0493   0.1529   0.4317  -0.0177  -0.1195
  0.0395  -0.0368   0.1504   0.4459  -0.0403  -0.1072
  0.0381  -0.0420   0.1412   0.4294  -0.0267  -0.1199
  0.0371  -0.0482   0.1317   0.4468  -0.0330  -0.0998
  0.0326  -0.0551   0.1373   0.4319  -0.0228  -0.1200
  0.0367  -0.0411   0.1402   0.4253  -0.0329  -0.1029
  0.0386  -0.0532   0.1446   0.4135  -0.0313  -0.1188
  0.0359  -0.0481   0.1619   0.4528  -0.0501  -0.1106
  0.0255  -0.0608   0.1356   0.4313  -0.0270  -0.1318
  0.0380  -0.0433   0.1450   0.4279  -0.0280  -0.1097
  0.0268  -0.0585   0.1497   0.4178  -0.0229  -0.1138
  0.0364  -0.0474   0.1494   0.4253  -0.0265  -0.1142
  0.0415  -0.0428   0.1384   0.4129  -0.0115  -0.1142
  0.0350  -0.0522   0.1434   0.3988  -0.0046  -0.1210
  0.0422  -0.0397   0.1389   0.3983   0.0044  -0.1176
  0.0475  -0.0400   0.1460   0.4165  -0.0060  -0.1119
  0.0470  -0.0477   0.1385   0.4215  -0.0011  -0.1226
  0.0587  -0.0498   0.1359   0.4190   0.0017  -0.1352
  0.0629  -0.0397   0.1203   0.4385   0.0268  -0.1301
 -0.1296   0.8967   0.2915   1.5790  -0.2936  -0.5161
 -0.0526   0.0176  -0.0892   0.3036  -0.1463   0.0259
 -0.0849  -0.0297  -0.0343  -0.0205  -0.1463   0.0513
 -0.1710  -0.0844   0.0638  -0.0613  -0.2562   0.0945
 -0.0913  -0.1778  -0.0159  -0.0902  -0.1127   0.1046
 -0.0531  -0.1276  -0.0956  -0.0259  -0.0915   0.0498
 -0.0289  -0.1350  -0.0551   0.0313  -0.1030   0.0055
 -0.0193  -0.1362  -0.0670  -0.0246  -0.0869   0.0232
 -0.0208  -0.1176  -0.0532  -0.0942  -0.0609   0.0589
 -0.0480  -0.0823  -0.0304  -0.1435  -0.0593   0.0772
 -0.0447  -0.0783  -0.0322  -0.1418  -0.0881   0.0774
 -0.0459  -0.0985   0.0027  -0.1079  -0.0921   0.0778
 -0.0555  -0.0881   0.0537  -0.1148  -0.1191   0.0869
 -0.0198  -0.0604   0.0025  -0.1465  -0.0308   0.0667
  0.0017  -0.0515  -0.0260  -0.1617  -0.0033   0.0754
  0.0135  -0.0519  -0.0235  -0.2344   0.0035   0.1131
  0.0139  -0.0410  -0.0249  -0.2156  -0.0029   0.0928
  0.0123  -0.0271  -0.0250  -0.2146   0.0213   0.0920
  0.0226  -0.0455  -0.0107  -0.1340  -0.0053   0.0412
  0.0163  -0.0325  -0.0297  -0.1458   0.0140   0.0464
  0.0137  -0.0311  -0.0225  -0.1649   0.0288   0.0644
  0.0154  -0.0171  -0.0286  -0.1820   0.0275   0.0713
  0.0092  -0.0202  -0.0365  -0.2064   0.0195   0.0551
  0.0056  -0.0099  -0.0394  -0.1995   0.0349   0.0642
  0.0073  -0.0058  -0.0322  -0.2137   0.0355   0.0617
  0.0022  -0.0134  -0.0358  -0.2091   0.0447   0.0455
  0.0067  -0.0063  -0.0403  -0.2227   0.0424   0.0661
  0.0001  -0.0232  -0.0357  -0.2019   0.0386   0.0591
  0.0056  -0.0107  -0.0345  -0.1880   0.0362   0.0668
 -0.0111  -0.0219  -0.0233  -0.2217   0.0413   0.0430
 -0.0048  -0.0049  -0.0397  -0.2248   0.0436   0.0520
 -0.0191  -0.0068  -0.0423  -0.2077   0.0250   0.0581
 -0.0205  -0.0096  -0.0375  -0.2039   0.0194   0.0619
 -0.0257   0.0158  -0.0466  -0.2342   0.0236   0.0769
 -0.0322   0.0060  -0.0601  -0.2164   0.0213   0.0532
 -0.0323   0.0098  -0.0645  -0.2119   0.0165   0.0625
 -0.0229   0.0108  -0.0470  -0.1956   0.0184   0.0590
 -0.0173   0.0126  -0.0410  -0.1819   0.0364   0.0531
 -0.0317   0.0103  -0.0431  -0.2109   0.0426   0.0472
 -0.0245   0.0151  -0.0655  -0.2058   0.0429   0.0533
 -0.0302   0.0152  -0.0521  -0.1905   0.0200   0.0582
 -0.0285   0.0045  -0.0556  -0.2119   0.0340   0.0405
 -0.0366   0.0031  -0.0718  -0.1867   0.0399   0.0487
 -0.0394   0.0132  -0.0658  -0.1945   0.0477   0.0603
 -0.0436   0.0049  -0.0622  -0.2134   0.0406   0.0406
 -0.0345   0.0018  -0.0537  -0.1936   0.0261   0.0394
 -0.0326   0.0164  -0.0593  -0.2139   0.0630   0.0612
 -0.0301   0.0211  -0.0498  -0.2487   0.0844   0.0723
 -0.0288  -0.0039  -0.0706  -0.2351   0.0772   0.0571
 -0.0358   0.0106  -0.0816  -0.2557   0.0807   0.0634
 -0.0339   0.0286  -0.0662  -0.2944   0.0855   0.0685
 -0.0262   0.0250  -0.0640  -0.2752   0.0801   0.0697
 -0.0275   0.0203  -0.0579  -0.2754   0.0661   0.0805
 -0.0299   0.0320  -0.0597  -0.2608   0.0614   0.0646
 -0.0284   0.0255  -0.0595  -0.2314   0.0529   0.0587
 -0.0309   0.0330  -0.0613  -0.2557   0.0619   0.0642
 -0.0334   0.0369  -0.0608  -0.2355   0.0761   0.0630
 -0.0348   0.0352  -0.0778  -0.2374   0.0733   0.0425
 -0.0319   0.0341  -0.0831  -0.2335   0.0648   0.0498
 -0.0476   0.0204  -0.0723  -0.2483   0.0526   0.0571
 -0.0430   0.0257  -0.0906  -0.2606   0.0556   0.0487
 -0.0542   0.0358  -0.0911  -0.2528   0.0598   0.0521
 -0.0574   0.0370  -0.0985  -0.2869   0.0622   0.0709
 -0.0547   0.0379  -0.1076  -0.2661   0.0716   0.0688
 -0.0603   0.0398  -0.0926  -0.2425   0.0549   0.0485
 -0.0593   0.0371  -0.0932  -0.2353   0.0488   0.0518
 -0.0578   0.0426  -0.0952  -0.2563   0.0515   0.0500
 -0.0650   0.0341  -0.1109  -0.2509   0.0599   0.0386
 -0.0616   0.0335  -0.1073  -0.2757   0.0510   0.0462
 -0.0582   0.0311  -0.1137  -0.2849   0.0410   0.0633
 -0.0665   0.0393  -0.1024  -0.2792   0.0301   0.0577
 -0.0919   0.0307  -0.1044  -0.3044   0.0231   0.0723
 -0.0880   0.0426  -0.1293  -0.3033   0.0397   0.0677
 -0.0841   0.0454  -0.1224  -0.2723   0.0459   0.0591
 -0.0763   0.0445  -0.1294  -0.3105   0.0537   0.0568
 -0.0639   0.0345  -0.1169  -0.3018   0.0583   0.0711
 -0.0584   0.0440  -0.1231  -0.3197   0.0732   0.0744
 -0.0509   0.0541  -0.1216  -0.3118   0.0728   0.0684
 -0.0590   0.0515  -0.1174  -0.3117   0.0716   0.0638
 -0.0591   0.0613  -0.1272  -0.3253   0.0690   0.0575
 -0.0555   0.0528  -0.1346  -0.3395   0.0735   0.0725
 -0.0579   0.0674  -0.1297  -0.3157   0.0735   0.0742
 -0.0738   0.0585  -0.1414  -0.3406   0.0695   0.0624
 -0.0670   0.0653  -0.1315  -0.3168   0.0526   0.0684
 -0.0614   0.0564  -0.1407  -0.3156   0.0455   0.0628
 -0.3111   0.6138  -0.0522   0.1853  -0.2672  -0.2052
 -0.0625   0.1777  -0.1801  -0.6249  -0.0812   0.1185
 -0.1245   0.0191  -0.1929  -0.4215  -0.0474   0.0693
 -0.1589   0.0916  -0.1735  -0.5391  -0.0397   0.1142
 -0.2274   0.1010  -0.0314  -0.4846  -0.1321   0.1405
 -0.1038   0.1306  -0.1412  -0.5406   0.0210   0.1035
 -0.0959   0.1136  -0.1538  -0.5267   0.0324   0.0844
 -0.1015   0.0958  -0.1685  -0.4804   0.0044   0.0695
 -0.1027   0.0933  -0.2090  -0.4387   0.0215   0.0580
 -0.1106   0.0975  -0.1860  -0.4934   0.0298   0.0706
 -0.0961   0.0974  -0.1681  -0.5231   0.0533   0.0804
 -0.0916   0.1355  -0.1743  -0.5812   0.0880   0.0792
 -0.0858   0.1270  -0.1795  -0.5474   0.0936   0.1037
 -0.0820   0.1178  -0.1864  -0.5682   0.0953   0.0766
 -0.0883   0.1111  -0.2014  -0.5442   0.0941   0.0875
 -0.0983   0.1307  -0.1995  -0.5564   0.1009   0.1036
 -0.1002   0.1321  -0.2146  -0.5879   0.1035   0.1008
 -0.1015   0.1422  -0.2350  -0.6075   0.1232   0.1056
 -0.1045   0.1568  -0.2272  -0.6205   0.1288   0.1180
 -0.0965   0.1557  -0.2375  -0.7244   0.1293   0.1261
 -0.0849   0.1471  -0.2578  -0.7192   0.1390   0.1306
 -0.0894   0.1614  -0.2350  -0.6901   0.1397   0.1147
 -0.0859   0.1452  -0.2438  -0.7098   0.1135   0.1300
 -0.0920   0.1557  -0.2497  -0.6826   0.1310   0.1177
 -0.0960   0.1631  -0.2628  -0.7008   0.1434   0.1290
 -0.0948   0.1625  -0.2604  -0.6755   0.1245   0.1235
 -0.0879   0.1718  -0.2744  -0.7161   0.1200   0.1299
 -0.0885   0.1833  -0.2699  -0.7317   0.0974   0.1283
