  0.0061  -0.0050   0.0169   0.0128   0.0123   0.0059
  0.0050   0.0316  -0.0178  -0.0422   0.0790   0.0285
  0.0045   0.0994  -0.0304  -0.0564   0.0900   0.0383
  0.0183   0.0870  -0.0622  -0.0196   0.0955   0.0175
  0.0210   0.0444  -0.0499   0.0589   0.0099  -0.0039
  0.0012   0.0299  -0.0137   0.0018  -0.0113  -0.0356
  0.0101   0.0104   0.0658  -0.0011   0.0182  -0.1325
  0.0178   0.0411   0.0770   0.0363   0.0002   0.0132
  0.0089  -0.0231   0.0684   0.0578  -0.0055   0.1320
 -0.0012  -0.0372   0.0646   0.0733  -0.0019   0.0028
  0.0004  -0.0435   0.0413  -0.0192  -0.0174   0.0286
 -0.0027  -0.0050   0.0328  -0.1339   0.0351  -0.1000
 -0.0005  -0.0025   0.0359  -0.0525   0.0271  -0.0543
 -0.0011  -0.0311   0.0403   0.0847   0.0061   0.1343
 -0.0107   0.0168   0.0257  -0.0158  -0.0085   0.0407
 -0.0084  -0.0084   0.0329  -0.0055  -0.0274  -0.0914
 -0.0148   0.0060   0.0058  -0.0223  -0.0046   0.0389
 -0.0191  -0.0194  -0.0535  -0.0104   0.0496   0.0351
 -0.0030  -0.0278  -0.0136   0.0125   0.0028   0.0876
  0.0047  -0.0271   0.0177   0.0211  -0.0082   0.0443
 -0.0000   0.0269  -0.0206  -0.0197  -0.0278  -0.0481
 -0.0141   0.0166   0.0037   0.0406  -0.0304   0.0007
 -0.0318   0.0172  -0.0316  -0.0468   0.0067  -0.0707
 -0.0348  -0.0120  -0.0016  -0.0367   0.0141   0.0266
 -0.0387   0.0034  -0.0093   0.0812  -0.0482   0.0663
 -0.0618  -0.0596  -0.0100   0.1287   0.0029   0.0026
 -0.0122  -0.0460   0.0004   0.0401   0.0070   0.0171
 -0.0062  -0.0389   0.0040  -0.0262   0.0151  -0.0007
 -0.0087  -0.0235   0.0213  -0.0115   0.0249   0.0039
 -0.0217   0.0019   0.0149  -0.0240   0.0368   0.0050
 -0.0288  -0.0289   0.0417  -0.0199   0.0915  -0.0689
 -0.0124  -0.0313   0.0512   0.0104   0.0613   0.0588
 -0.0139  -0.0369   0.0580   0.0530  -0.0196   0.0774
 -0.0273  -0.0335   0.0024  -0.0510   0.0022  -0.0562
 -0.0521  -0.0490  -0.0551  -0.1244   0.0571  -0.0357
 -0.0377  -0.0659  -0.0847  -0.0558   0.0249  -0.0280
  0.0080  -0.0543  -0.0684   0.0256  -0.0244  -0.0065
  0.0011  -0.0222  -0.0323  -0.0042   0.0352  -0.0532
  0.0016  -0.0030   0.0108   0.0828  -0.0345  -0.0931
  0.0100   0.0020   0.0185   0.0731  -0.0055   0.0257
  0.0095   0.0609   0.0079  -0.0197  -0.0296   0.0244
 -0.0054  -0.0082  -0.0137  -0.0068  -0.0078  -0.0280
  0.0108   0.0092  -0.0726  -0.1017   0.0101  -0.0516
  0.0000   0.0105  -0.0323  -0.0539   0.0086   0.0068
 -0.0105  -0.0282  -0.0200  -0.0027  -0.0099  -0.0077
  0.0021   0.0162  -0.0405   0.0205  -0.0139  -0.1081
  0.0165   0.0099  -0.0503   0.0193   0.0032  -0.0358
  0.0541  -0.0294   0.0057  -0.0042  -0.0010   0.1429
 -0.0075   0.0125  -0.0314  -0.0310  -0.0146   0.0751
 -0.0720   0.0308  -0.0709   0.0423   0.0042  -0.0424
 -0.0135   0.0449  -0.0392   0.0675  -0.0066  -0.0348
  0.0046  -0.0324  -0.0819  -0.0877   0.0202  -0.0536
  0.0232  -0.0156  -0.0525  -0.1393   0.0065  -0.0750
 -0.0539  -0.0041  -0.1352   0.0062   0.0154   0.0092
 -0.0074  -0.0155  -0.1667  -0.0940   0.0315  -0.0633
  0.0288  -0.0248  -0.1058  -0.0287   0.0083   0.1086
 -0.0661   0.0096  -0.0130   0.0958  -0.0249   0.2055
 -0.0058  -0.0278   0.0367   0.0606  -0.0616  -0.1086
  0.0070  -0.0102   0.0338   0.1559  -0.0741  -0.0532
 -0.0022  -0.0012   0.0285  -0.0389  -0.0138   0.0657
  0.0143  -0.0259   0.0247  -0.1156   0.0177  -0.0976
  0.0242   0.0340   0.0657   0.0582  -0.0383   0.0761
  0.0217   0.0323   0.0749   0.1645  -0.0180   0.0584
  0.0162  -0.0361   0.0850   0.1389  -0.0191  -0.0329
  0.0084  -0.0061   0.0521  -0.0645   0.0077   0.0362
 -0.0001  -0.0408   0.0551  -0.0512   0.0127  -0.0810
 -0.0030  -0.0349   0.0667   0.0732  -0.0068   0.1225
 -0.0124  -0.0331   0.0787   0.0983  -0.0171   0.0219
 -0.0159  -0.0389   0.0703   0.0475  -0.0133  -0.0768
 -0.0109  -0.0363   0.0764   0.0731  -0.0138   0.0909
 -0.0074  -0.0120   0.0000  -0.0385  -0.0392   0.0062
 -0.0223   0.0031  -0.0599  -0.1676  -0.0298  -0.0670
 -0.0293  -0.0435  -0.0369   0.1101  -0.0161   0.0525
 -0.0551  -0.0565  -0.0040   0.0863  -0.0305   0.0567
 -0.0440  -0.0306   0.0110  -0.0942  -0.0524  -0.0277
 -0.0104   0.0629   0.0475  -0.1527  -0.0195  -0.1102
  0.0222  -0.0017   0.0747  -0.0360   0.0045  -0.0580
  0.0258  -0.0170   0.0820   0.1540  -0.0561   0.1138
  0.0317  -0.0026   0.0900  -0.0867   0.0305   0.0003
  0.0339   0.0190   0.1054  -0.0931   0.0496  -0.0162
  0.0479   0.0498   0.0374  -0.0771   0.0470  -0.0825
  0.0544   0.0189   0.0153  -0.0703   0.0044  -0.0560
 -0.0016   0.0227   0.0436   0.0181   0.0701   0.0524
  0.0011  -0.0336  -0.0078   0.1593   0.0402   0.0766
  0.0117  -0.0287   0.0192   0.1321  -0.0223   0.0237
  0.0649   0.0319  -0.0540  -0.0733   0.0790  -0.0242
  0.0466   0.0249  -0.0331  -0.0411  -0.0275   0.0387
 -0.0616   0.0795  -0.1005   0.1066   0.0199   0.0059
 -0.0418   0.0266  -0.0617   0.0384  -0.0308   0.0626
 -0.0403   0.0069  -0.0777  -0.0810  -0.0790   0.0006
 -0.0265   0.0277  -0.0499   0.0009  -0.0667  -0.0771
  0.0025  -0.0382   0.0394   0.0613  -0.0260   0.0038
 -0.0345   0.0151   0.0140   0.0677  -0.0250   0.0725
  0.0246   0.0297   0.0646  -0.0200  -0.0129   0.0066
  0.0202   0.0425  -0.0438   0.0476   0.0241  -0.0828
 -0.0181   0.0450  -0.0279  -0.1211   0.0350   0.0302
  0.0349   0.0232  -0.0117  -0.1488   0.0409   0.0057
 -0.0264   0.0410  -0.0477  -0.0240   0.0608  -0.0868
 -0.0407   0.0375  -0.1342   0.0916   0.0805   0.0073
 -0.0256  -0.0565  -0.0174   0.1684  -0.0251   0.1531
  0.0218   0.0555   0.0590  -0.1076  -0.0775   0.0667
 -0.0184   0.0847   0.0471  -0.1391  -0.0781  -0.0763
  0.0197   0.0161   0.0272   0.1103   0.0258  -0.1201
  0.0216   0.0178  -0.1281  -0.2649  -0.0034  -0.0729
  0.0779  -0.0655  -0.2283  -0.2705   0.0753  -0.1243
  0.0139  -0.0701  -0.1479   0.1169   0.0250  -0.0564
 -0.0170  -0.0376  -0.0612   0.0977  -0.1067   0.2332
 -0.0536   0.0051   0.0929   0.0252  -0.0536   0.1023
  0.0127   0.0619   0.1536   0.1131  -0.1219  -0.1214
  0.1117   0.1053   0.1620   0.1613  -0.0891  -0.0279
  0.0465   0.0890   0.1527   0.0744  -0.0082  -0.0258
  0.0492   0.0390   0.1420   0.0776  -0.0011   0.0347
  0.0496   0.0001   0.1244   0.0918   0.0073   0.0587
  0.0573   0.0074   0.0873  -0.0671   0.0344   0.0729
  0.0092   0.0122   0.0061  -0.2525   0.2030  -0.1386
  0.0132   0.0384   0.0041  -0.1527   0.1730  -0.0902
  0.0282   0.0374   0.0074  -0.0530  -0.0688  -0.0600
  0.1285  -0.0187  -0.1635  -0.1939  -0.1126  -0.1443
  0.0010  -0.1085  -0.1854   0.0636  -0.0670   0.1065
 -0.1231  -0.0717  -0.0331   0.2882  -0.0760   0.1551
