 -0.0546  -0.0660  -0.0798   0.0406  -0.0512  -0.0034
 -0.0186  -0.0492  -0.0532   0.1373  -0.0338  -0.0023
  0.0375   0.0664  -0.0944   0.0937  -0.0506  -0.0012
  0.0013  -0.0492  -0.0617   0.0715  -0.0273  -0.0097
 -0.0118  -0.0558  -0.0736   0.0525  -0.0241  -0.0400
 -0.0187  -0.0191  -0.0568   0.0772  -0.0728  -0.0334
 -0.0284   0.0151  -0.0656   0.0973  -0.0571  -0.0206
 -0.0139   0.0165  -0.0475   0.1717  -0.0666   0.0193
 -0.0226  -0.0116  -0.0538   0.1702  -0.0471  -0.0064
 -0.0266  -0.0370  -0.0457   0.1860  -0.0375   0.0022
 -0.0167  -0.0038  -0.0408   0.1335  -0.0221  -0.0500
 -0.0143   0.0085  -0.0443   0.1000   0.0010  -0.0510
 -0.0130   0.0190  -0.0394   0.0872  -0.0053  -0.0605
 -0.0187   0.0301  -0.0364   0.0461  -0.0078  -0.0559
 -0.0213   0.0228  -0.0392   0.0500  -0.0246  -0.0468
 -0.0000  -0.0442  -0.0252   0.1056  -0.0289   0.0087
 -0.0152  -0.0426  -0.0384   0.0571  -0.0225  -0.0539
 -0.0135  -0.0118  -0.0400  -0.0211  -0.0161  -0.0620
 -0.0143  -0.0046  -0.0264   0.0308  -0.0208  -0.0370
 -0.0225  -0.0451  -0.0451   0.1365  -0.0302  -0.0072
 -0.0168  -0.0286  -0.0270   0.0970  -0.0167  -0.0597
  0.0173   0.0424   0.0208   0.0322   0.0081  -0.0600
 -0.0100   0.0074  -0.0131   0.0181  -0.0077  -0.0235
 -0.0085  -0.0043  -0.0241   0.0444  -0.0175  -0.0096
 -0.0257  -0.0398  -0.0456   0.1391  -0.0451   0.0036
 -0.0129  -0.0345  -0.0244   0.1310  -0.0082  -0.0243
 -0.0124   0.0104  -0.0199   0.0441   0.0001  -0.0521
 -0.0163   0.0228  -0.0347   0.0209  -0.0062  -0.0470
  0.0007   0.0294  -0.0340  -0.0400   0.0016  -0.0574
 -0.0071   0.0464  -0.0266   0.0532  -0.0444  -0.0181
 -0.0061   0.0072  -0.0230   0.1044  -0.0468   0.0306
 -0.0038  -0.0103  -0.0485   0.1200  -0.0562   0.0337
 -0.0082  -0.0121  -0.0408   0.0550  -0.0155  -0.0296
 -0.0118   0.0133  -0.0296  -0.0268  -0.0094  -0.0494
 -0.0179   0.0611  -0.0444  -0.0113  -0.0311  -0.0278
 -0.0039   0.0112  -0.0265   0.1523  -0.0256   0.0403
 -0.0034  -0.0095  -0.0364   0.1052  -0.0361   0.0022
  0.0073   0.0473  -0.0121   0.0029  -0.0209  -0.0220
  0.0085   0.0547   0.0039   0.0832  -0.0224   0.0094
 -0.0011   0.0222  -0.0181   0.0755  -0.0262  -0.0020
 -0.0097   0.0352  -0.0262   0.0205  -0.0150  -0.0566
 -0.0079   0.0619  -0.0183   0.0309  -0.0312  -0.0085
 -0.0171   0.0482  -0.0302   0.0319  -0.0323   0.0104
 -0.0221  -0.0007  -0.0337   0.1029  -0.0374   0.0139
 -0.0197   0.0140  -0.0436   0.0067  -0.0328  -0.0212
 -0.0004   0.0858  -0.0136  -0.0770  -0.0102  -0.0482
 -0.0048   0.0669  -0.0176  -0.0133  -0.0133   0.0112
 -0.0030   0.0288  -0.0212   0.0521  -0.0348   0.0325
 -0.0017   0.0555  -0.0369  -0.0473  -0.0175  -0.0293
  0.0085   0.0800   0.0377  -0.1206  -0.0017  -0.0515
 -0.0153   0.0980  -0.0098  -0.1370  -0.0226  -0.0389
 -0.0080   0.0977   0.0044  -0.1020  -0.0186  -0.0200
 -0.0047   0.0853   0.0192  -0.0447   0.0043   0.0046
 -0.0114   0.0521  -0.0063  -0.0050  -0.0144  -0.0002
 -0.0180   0.0667  -0.0150  -0.0725  -0.0133  -0.0290
 -0.0298   0.0831  -0.0257  -0.0596  -0.0197  -0.0282
 -0.0228   0.0824  -0.0137  -0.0837  -0.0177  -0.0211
 -0.0156   0.0739  -0.0089  -0.0914  -0.0441   0.0080
 -0.0354   0.0814  -0.0092   0.0279  -0.0405   0.0506
 -0.0413   0.0408  -0.0067   0.0832  -0.0410   0.0744
 -0.0237   0.0477  -0.0070  -0.0375  -0.0040   0.0048
 -0.0144   0.0489  -0.0238  -0.1304   0.0011  -0.0364
 -0.0551   0.0903  -0.0558  -0.1284  -0.0321  -0.0145
 -0.0294   0.0967  -0.0228  -0.1354  -0.0208   0.0115
 -0.0406   0.0221  -0.0205  -0.0740  -0.0567   0.0358
 -0.0586   0.0320  -0.0458  -0.0727  -0.0493   0.0009
 -0.0806   0.0895  -0.0436  -0.0981  -0.0599   0.0275
 -0.0715   0.0813  -0.0182  -0.1256  -0.0539   0.0382
 -0.0634   0.0279  -0.0373  -0.0989  -0.0770   0.0577
 -0.0583  -0.0039  -0.0393  -0.0454  -0.0480   0.0393
 -0.0348   0.0555  -0.0464  -0.3027  -0.0354  -0.0168
 -0.0418   0.0457  -0.0162  -0.2117  -0.0475   0.0249
 -0.0323   0.0363  -0.0178  -0.0572  -0.0342   0.0821
 -0.0504  -0.0094  -0.0339  -0.0466  -0.0709   0.0684
 -0.0495   0.0169  -0.0329  -0.0937  -0.0513   0.0147
 -0.0407   0.0163  -0.0187  -0.1952  -0.0325   0.0131
 -0.0475  -0.3090  -0.0578  -0.2032   0.0130   0.0029
 -0.0165  -0.2111  -0.0064  -0.1577   0.0487   0.0441
 -0.0451  -0.1161  -0.0251  -0.1127   0.0064   0.0509
 -0.0555  -0.1154  -0.0211   0.0051  -0.0124   0.0941
 -0.0742  -0.1624  -0.0249   0.0161  -0.0643   0.0775
 -0.0706  -0.1332  -0.0064  -0.0275  -0.0394   0.0430
 -0.0585  -0.0973  -0.0024  -0.0849  -0.0280   0.0256
 -0.0598  -0.0939  -0.0051  -0.2353  -0.0280   0.0353
  0.0135  -0.1196   0.0149  -0.1500  -0.0100   0.0560
  0.0094  -0.1552   0.0197  -0.1265   0.0467   0.0145
  0.0062  -0.1394   0.0190  -0.1941   0.0708  -0.0168
  0.0365   0.0157   0.0090  -0.1483   0.0617   0.0177
  0.0433  -0.0310   0.0134  -0.0571   0.0777   0.0645
  0.0375  -0.0762   0.0054  -0.1344   0.0666   0.0079
  0.0333  -0.0703  -0.0043  -0.2205   0.0803  -0.0305
  0.0340  -0.0338   0.0015  -0.2609   0.0884  -0.0380
  0.0164  -0.0259   0.0126  -0.1688   0.0476   0.0220
  0.0277  -0.0382   0.0188  -0.1737   0.0489   0.0467
  0.0246  -0.0844   0.0077  -0.1799   0.0335   0.0474
  0.0353  -0.0863   0.0120  -0.1403   0.0422   0.0540
  0.0171  -0.0770  -0.0088  -0.2171   0.0257   0.0147
  0.0179  -0.0644   0.0034  -0.1760   0.0458   0.0045
  0.0144  -0.0390   0.0804  -0.2186  -0.0028   0.0006
  0.0349  -0.0157   0.0766  -0.2691  -0.0040   0.0005
  0.0359  -0.0175   0.0620  -0.1935   0.0237   0.0448
  0.0199  -0.0721   0.0444  -0.1103   0.0139   0.0529
  0.0166  -0.0404   0.0469  -0.2072   0.0451   0.0079
  0.0338  -0.0158   0.0431  -0.2556   0.0511  -0.0077
  0.0316  -0.0022   0.0630  -0.2181   0.0436   0.0334
  0.0328  -0.0190   0.0484  -0.1230   0.0323   0.0973
  0.0337  -0.0625   0.0451  -0.0912   0.0399   0.0883
  0.0258  -0.0434   0.0347  -0.2161   0.0473   0.0123
  0.0300  -0.0153   0.0425  -0.2159   0.0464   0.0369
  0.0709   0.7730   0.1873  -1.9389   0.1042  -0.3229
  0.0526  -0.0438   0.0613   0.0830   0.0805  -0.0499
  0.0648  -0.0111   0.0828   0.2711   0.0719  -0.0081
  0.0364  -0.0649   0.0494   0.2985   0.0111   0.0113
  0.0323  -0.0533   0.0933   0.3067   0.0801  -0.0532
  0.0387   0.0136   0.0749   0.2818   0.0536  -0.0399
  0.0367   0.0425   0.0728   0.3140   0.0323  -0.0100
  0.0806   0.0169   0.1073   0.3487   0.0963   0.0053
  0.0655  -0.0068   0.1115   0.4473   0.0660  -0.0023
  0.0736   0.0419   0.0687   0.3292   0.0465  -0.0561
  0.0610   0.0361   0.0883   0.2795   0.0438  -0.0465
  0.0931   0.1027   0.1015   0.3364   0.0664   0.0002
  0.0911  -0.0033   0.1117   0.4329   0.0615   0.0485
  0.0903  -0.0067   0.1233   0.4142   0.0830   0.0059
  0.0794   0.0075   0.0975   0.2792   0.0711  -0.0425
  0.0789   0.0299   0.1165   0.2541   0.0869  -0.0313
  0.0853   0.0645   0.1222   0.3094   0.0738   0.0091
  0.0866   0.0316   0.1173   0.4062   0.0804   0.0472
  0.0905  -0.0202   0.1066   0.4138   0.0783   0.0094
