 -0.0614  -0.5010  -0.2763   0.2749  -0.1177   0.1512
 -0.0547  -0.5014  -0.2746   0.2783  -0.1120   0.1454
 -0.0448  -0.4964  -0.2725   0.2675  -0.1103   0.1486
 -0.0775  -0.5372  -0.2703   0.2702  -0.1229   0.1551
 -0.0818  -0.6077  -0.2745   0.2816  -0.1125   0.1662
 -0.0939  -0.7243  -0.3005   0.2809  -0.1345   0.1803
 -0.1768  -0.8090  -0.3366   0.3118  -0.2907   0.2027
 -0.2138  -0.8409  -0.3510   0.3100  -0.3720   0.2025
 -0.1589  -0.8556  -0.3420   0.2420  -0.2512   0.1746
 -0.1273  -0.8712  -0.2922   0.2876  -0.1879   0.1905
 -0.1336  -0.7874  -0.2236   0.3441  -0.2713   0.1991
 -0.1343  -0.6335  -0.2509   0.3133  -0.2338   0.1874
 -0.0864  -0.5405  -0.2270   0.2610  -0.1436   0.1573
 -0.0813  -0.5429  -0.2344   0.2792  -0.1542   0.1575
 -0.0606  -0.5619  -0.2309   0.2846  -0.1527   0.1473
 -0.0623  -0.5730  -0.2046   0.2865  -0.1452   0.1536
 -0.1396  -0.6046  -0.2030   0.2910  -0.2764   0.1620
 -0.0679  -0.6484  -0.1820   0.2791  -0.1481   0.1411
 -0.0697  -0.6412  -0.1661   0.2705  -0.1352   0.1342
 -0.0559  -0.6297  -0.1653   0.3067  -0.1272   0.1508
 -0.0547  -0.6469  -0.1667   0.2988  -0.1209   0.1476
 -0.0716  -0.6701  -0.1970   0.2621  -0.1154   0.1327
 -0.0528  -0.6003  -0.2034   0.2503  -0.1161   0.1368
 -0.0374  -0.5412  -0.1844   0.2693  -0.1137   0.1412
 -0.0636  -0.5143  -0.1653   0.2105  -0.0977   0.1277
 -0.0683  -0.5061  -0.1657   0.1999  -0.0911   0.1202
 -0.0532  -0.5214  -0.1642   0.2152  -0.0962   0.1213
 -0.0284  -0.5281  -0.1510   0.2323  -0.0933   0.1181
 -0.0385  -0.4871  -0.1242   0.1999  -0.0720   0.0742
 -0.0307  -0.4959  -0.1294   0.2092  -0.0816   0.0726
 -0.0403  -0.5209  -0.0977   0.1787  -0.0699   0.0684
 -0.0303  -0.5138  -0.1316   0.1595  -0.0775   0.0875
 -0.0467  -0.4823  -0.1771   0.1548  -0.0757   0.0874
 -0.0189  -0.4525  -0.1067   0.1573  -0.0545   0.0809
 -0.0375  -0.4790  -0.1169   0.1253  -0.0569   0.0755
 -0.0514  -0.3910  -0.1135   0.1614  -0.0585   0.0713
 -0.0440  -0.3676  -0.1349   0.1497  -0.0661   0.0643
 -0.0454  -0.3934  -0.1514   0.1449  -0.0628   0.0505
 -0.0447  -0.3738  -0.1420   0.1300  -0.0529   0.0452
 -0.0342  -0.4175  -0.1224   0.1548  -0.0475   0.0583
 -0.0471  -0.4483  -0.1018   0.1408  -0.0496   0.0642
 -0.0158  -0.4089  -0.1035   0.1726  -0.0593   0.0722
 -0.0190  -0.4132  -0.1060   0.1574  -0.0535   0.0774
 -0.0007  -0.4305  -0.0902   0.1629  -0.0576   0.0672
 -0.0158  -0.4010  -0.0773   0.1484  -0.0536   0.0562
 -0.0019  -0.4172  -0.0755   0.1636  -0.0540   0.0636
 -0.0243  -0.4224  -0.0724   0.1534  -0.0660   0.0753
 -0.0137  -0.4796   0.0042   0.1369  -0.0388   0.0671
  0.0117  -0.3838  -0.0193   0.1477  -0.0512   0.0824
 -0.0021  -0.3573  -0.0146   0.1474  -0.0514   0.0880
 -0.0029  -0.3726  -0.0291   0.1539  -0.0474   0.0736
 -0.0171  -0.3692  -0.0301   0.1336  -0.0384   0.0699
  0.0141  -0.3761  -0.0389   0.1588  -0.0420   0.0687
 -0.0094  -0.3722  -0.0316   0.1348  -0.0265   0.0626
 -0.0037  -0.3716  -0.0333   0.1228  -0.0247   0.0575
  0.0145  -0.3487  -0.0219   0.1359  -0.0260   0.0625
  0.0109  -0.3765  -0.0137   0.1241  -0.0238   0.0646
  0.0156  -0.3170  -0.0160   0.1256  -0.0226   0.0630
  0.0144  -0.1635  -0.0353   0.0835  -0.0150   0.0508
  0.0217  -0.1482  -0.0422   0.1245  -0.0172   0.0441
  0.0115  -0.1790  -0.0202   0.1092  -0.0051   0.0520
  0.0119  -0.1810  -0.0288   0.1099  -0.0069   0.0489
  0.0146  -0.1821  -0.0320   0.1289  -0.0047   0.0425
 -0.0056  -0.1367  -0.0133   0.0718   0.0032   0.0327
  0.0220  -0.1214  -0.0043   0.0974   0.0024   0.0374
  0.0235  -0.1226  -0.0184   0.0898  -0.0038   0.0379
  0.0082  -0.1146  -0.0181   0.0579  -0.0010   0.0351
  0.0182  -0.0838  -0.0073   0.0502   0.0040   0.0139
  0.0345  -0.0870  -0.0108   0.0774   0.0004   0.0027
  0.0285  -0.0918  -0.0054   0.0682   0.0037   0.0109
  0.0372  -0.0643  -0.0035   0.0761   0.0086   0.0064
  0.0572  -0.0703  -0.0015   0.0735   0.0020   0.0204
  0.0580  -0.0780  -0.0055   0.0925   0.0026   0.0152
  0.0531  -0.0989   0.0078   0.0645   0.0141   0.0212
  0.0539  -0.0877   0.0018   0.0843   0.0102   0.0262
  0.0378  -0.0850   0.0010   0.0586   0.0112   0.0227
  0.0199  -0.0821   0.0148   0.0279   0.0165   0.0126
  0.0166  -0.0589   0.0089   0.0200   0.0169   0.0064
  0.0383  -0.0679   0.0011   0.0506   0.0081   0.0104
  0.0498  -0.0563  -0.0038   0.0323   0.0065   0.0104
  0.0360  -0.0650  -0.0001   0.0356   0.0112   0.0083
  0.0701  -0.0649  -0.0095   0.0578   0.0062   0.0112
  0.0436  -0.1194  -0.0008   0.0293   0.0224  -0.0023
  0.0784  -0.1605   0.0555   0.0272   0.0648  -0.0068
  0.0112  -0.1828  -0.0193   0.0010  -0.0359   0.0028
 -0.0704  -0.2427  -0.0165   0.0024  -0.0725  -0.0124
 -0.0179  -0.1546  -0.0592   0.0249  -0.0225   0.0049
 -0.0095  -0.1549  -0.0381   0.0016   0.0010   0.0031
  0.0011  -0.1143  -0.0097   0.0078  -0.0010   0.0118
  0.0002  -0.1557   0.0153  -0.0250  -0.0098   0.0030
  0.0067  -0.1795  -0.0078  -0.0706   0.0032  -0.0188
  0.0018  -0.1733  -0.0033  -0.0490   0.0118  -0.0241
  0.0334  -0.2080   0.0067  -0.0181   0.0065  -0.0218
  0.0187  -0.1781   0.0065  -0.0294   0.0006  -0.0180
  0.0176  -0.1504   0.0029  -0.0234   0.0030  -0.0172
  0.0372  -0.1310  -0.0013  -0.0013  -0.0011  -0.0122
  0.0561  -0.1099   0.0162   0.0002   0.0170  -0.0067
  0.0568  -0.1109   0.0091   0.0003   0.0149  -0.0002
  0.0489  -0.1225  -0.0129   0.0002   0.0157  -0.0095
  0.0529  -0.0972  -0.0061  -0.0046   0.0220  -0.0157
  0.0549  -0.1017   0.0061   0.0150   0.0157  -0.0214
  0.0292  -0.1009   0.0160  -0.0255   0.0271  -0.0227
  0.0185  -0.0579   0.0265  -0.0786   0.0330  -0.0404
  0.0318  -0.0196   0.0268  -0.0835   0.0322  -0.0434
  0.0396  -0.0011  -0.0198  -0.0562   0.0221  -0.0360
  0.0380   0.0640  -0.0043  -0.0486   0.0322  -0.0279
  0.0580   0.0579  -0.0103  -0.0021   0.0195  -0.0220
  0.0688   0.0793   0.0214  -0.0493   0.0350  -0.0255
  0.0619   0.0854  -0.0007  -0.0623   0.0333  -0.0351
  0.0543   0.1108   0.0102  -0.0731   0.0347  -0.0389
  0.0480   0.1132   0.0103  -0.0877   0.0383  -0.0536
  0.0359   0.1436   0.0096  -0.0990   0.0441  -0.0535
  0.0352   0.1141   0.0178  -0.0881   0.0440  -0.0531
  0.0465   0.1205   0.0147  -0.0799   0.0400  -0.0491
  0.0395   0.1691   0.0193  -0.1144   0.0523  -0.0537
  0.0398   0.2128   0.0247  -0.1350   0.0598  -0.0641
  0.0469   0.2012   0.0342  -0.1193   0.0585  -0.0630
  0.0523   0.1893   0.0241  -0.1077   0.0537  -0.0557
  0.0414   0.2267   0.0336  -0.1378   0.0683  -0.0575
  0.0514   0.2198   0.0274  -0.1341   0.0631  -0.0596
  0.0206   0.1922   0.0187  -0.1187   0.0138  -0.0549
 -0.0012   0.1668   0.0422  -0.1374   0.0145  -0.0719
 -0.0647   0.1744   0.0631  -0.1421  -0.0759  -0.0690
 -0.0022   0.1989   0.0833  -0.1147  -0.0110  -0.0665
  0.0287   0.1921   0.0793  -0.1033   0.0149  -0.0579
  0.0242   0.1593   0.0498  -0.1009   0.0240  -0.0646
  0.0362   0.1780   0.0639  -0.0744   0.0275  -0.0577
  0.0127   0.1800   0.0705  -0.1121   0.0307  -0.0613
  0.0133   0.1918   0.0651  -0.1138   0.0300  -0.0660
  0.0137   0.2335   0.0708  -0.1284   0.0406  -0.0682
  0.0124   0.2375   0.0710  -0.1206   0.0325  -0.0679
 -0.0051   0.2365   0.0822  -0.1531   0.0410  -0.0782
  0.0223   0.2453   0.0784  -0.1144   0.0345  -0.0622
  0.0214   0.2243   0.0846  -0.1191   0.0366  -0.0624
  0.0047   0.2491   0.0901  -0.1600   0.0547  -0.0749
  0.0148   0.2834   0.0880  -0.1539   0.0660  -0.0784
  0.0528   0.2989   0.0799  -0.1228   0.0508  -0.0622
  0.0742   0.3305   0.0654  -0.1257   0.0591  -0.0533
  0.0691   0.3682   0.0651  -0.1307   0.0651  -0.0664
  0.0704   0.3859   0.0701  -0.1236   0.0672  -0.0657
  0.0410   0.3889   0.1027  -0.1817   0.0852  -0.0844
  0.0085   0.3984   0.1088  -0.2250   0.0727  -0.0954
  0.0199   0.3804   0.1014  -0.1750   0.0586  -0.0903
 -0.0036   0.3966   0.1072  -0.1839   0.0669  -0.1057
  0.0068   0.4481   0.1066  -0.2149   0.0848  -0.1050
  0.0233   0.4726   0.0912  -0.2098   0.0709  -0.0969
 -0.0291   0.5198   0.1822  -0.2517   0.1047  -0.1001
  0.0067   0.5987   0.2142  -0.2334   0.1136  -0.1153
  0.0345   0.6262   0.1991  -0.2035   0.1058  -0.1127
  0.0368   0.6279   0.2083  -0.2252   0.1066  -0.1181
  0.0471   0.6376   0.2174  -0.2254   0.1130  -0.1169
  0.0563   0.6098   0.2247  -0.2220   0.1192  -0.1119
  0.0580   0.5840   0.2451  -0.2078   0.1239  -0.1005
  0.0506   0.6490   0.2294  -0.2168   0.1254  -0.1164
  0.0544   0.6810   0.2350  -0.1992   0.1311  -0.0872
  0.0434   0.6363   0.2325  -0.1805   0.1244  -0.0840
 -0.0499   0.6398   0.2098  -0.2103  -0.0021  -0.0916
 -0.0007   0.6462   0.2179  -0.1790   0.0675  -0.0945
  0.0288   0.6764   0.2100  -0.1870   0.0914  -0.0928
  0.0304   0.7191   0.2056  -0.2098   0.1033  -0.0962
  0.0133   0.7735   0.1956  -0.2334   0.1046  -0.0996
  0.0174   0.7475   0.2045  -0.2103   0.1111  -0.0964
  0.0148   0.7789   0.1960  -0.2225   0.1064  -0.0906
  0.0052   0.8286   0.1921  -0.2526   0.1103  -0.1021
  0.0210   0.8180   0.1804  -0.2308   0.1039  -0.1058
  0.0308   0.8431   0.1909  -0.2109   0.1028  -0.0955
  0.0199   0.9054   0.1927  -0.2460   0.1133  -0.1043
  0.0250   0.9067   0.1921  -0.2475   0.1140  -0.1143
  0.0374   0.9321   0.1872  -0.2359   0.1167  -0.1119
  0.0280   0.9659   0.1940  -0.2531   0.1187  -0.1230
  0.0215   0.9731   0.1906  -0.2692   0.1217  -0.1322
  0.0331   0.9576   0.1859  -0.2460   0.1183  -0.1277
  0.0168   0.9784   0.1922  -0.3047   0.1293  -0.1378
  0.0073   0.9973   0.1949  -0.3234   0.1404  -0.1526
  0.0060   1.0105   0.1948  -0.3302   0.1419  -0.1572
  0.0048   1.0590   0.2017  -0.3665   0.1438  -0.1592
 -0.0245   1.0628   0.2253  -0.3959   0.1602  -0.1706
 -0.0194   1.0534   0.2213  -0.3948   0.1645  -0.1651
 -0.0199   1.0709   0.2242  -0.4090   0.1631  -0.1752
 -0.0264   1.1027   0.2467  -0.4418   0.1650  -0.1931
