  0.0849  -0.0665   0.2833   0.1745  -0.0237   0.0270
  0.1554   0.0331   0.2408   0.2770  -0.0350   0.0148
  0.1723   0.0369   0.2515   0.3160  -0.0459   0.0005
  0.1820  -0.0065   0.2449   0.3351  -0.0370  -0.0083
  0.1778  -0.0013   0.2321   0.3414  -0.0284  -0.0107
  0.1787  -0.0141   0.2300   0.3422  -0.0234  -0.0178
  0.1671  -0.0357   0.2359   0.3848  -0.0282  -0.0376
  0.1672  -0.0314   0.2226   0.3878  -0.0319  -0.0405
  0.1532  -0.0250   0.2137   0.3946  -0.0318  -0.0319
  0.1642  -0.0251   0.2285   0.3913  -0.0369  -0.0308
  0.1597  -0.0525   0.2225   0.4009  -0.0458  -0.0549
  0.1497  -0.0538   0.2173   0.3937  -0.0489  -0.0532
  0.1459  -0.0502   0.2177   0.3732  -0.0460  -0.0318
  0.1391  -0.0545   0.2106   0.3823  -0.0469  -0.0335
  0.1347  -0.0701   0.2141   0.3972  -0.0461  -0.0415
  0.1302  -0.0648   0.1936   0.4118  -0.0475  -0.0499
  0.1282  -0.0812   0.1899   0.4196  -0.0441  -0.0497
  0.1282  -0.1041   0.1900   0.4362  -0.0467  -0.0633
  0.1163  -0.1242   0.1758   0.4282  -0.0456  -0.0732
  0.1062  -0.1441   0.1676   0.4377  -0.0584  -0.0747
  0.1026  -0.1338   0.1716   0.4339  -0.0517  -0.0772
  0.1158  -0.1351   0.1791   0.4427  -0.0559  -0.0898
  0.1025  -0.1377   0.1826   0.4348  -0.0664  -0.0843
  0.1272  -0.0630   0.1488   0.2914  -0.0307  -0.0322
  0.1141  -0.1537   0.1431   0.3774  -0.0539  -0.0680
  0.0886  -0.1427   0.1243   0.3950  -0.0540  -0.0687
  0.0699  -0.2060   0.1077   0.4302  -0.0570  -0.0860
  0.0747  -0.2189   0.1130   0.4400  -0.0572  -0.0983
  0.0459  -0.2286   0.1073   0.4329  -0.0731  -0.0883
  0.0424  -0.2523   0.0958   0.4365  -0.0709  -0.0948
  0.0290  -0.2697   0.0839   0.4728  -0.0764  -0.1118
  0.0220  -0.2661   0.0744   0.4628  -0.0755  -0.1115
  0.0218  -0.2665   0.0708   0.4407  -0.0687  -0.1075
  0.0240  -0.2802   0.0693   0.4379  -0.0707  -0.1165
  0.0327  -0.2892   0.0735   0.4377  -0.0697  -0.1244
  0.0181  -0.2714   0.0540   0.4341  -0.0656  -0.1128
  0.0236  -0.2703   0.0594   0.4296  -0.0771  -0.1083
  0.0170  -0.2719   0.0538   0.4371  -0.0738  -0.1154
  0.0205  -0.2644   0.0640   0.4543  -0.0701  -0.1257
  0.0206  -0.2542   0.0689   0.4650  -0.0825  -0.1207
  0.0280  -0.2722   0.0694   0.4481  -0.0753  -0.1148
  0.0298  -0.2862   0.0666   0.4452  -0.0786  -0.1135
  0.0240  -0.2605   0.0675   0.4361  -0.0729  -0.1059
  0.0180  -0.2505   0.0694   0.4354  -0.0702  -0.1034
  0.0272  -0.2735   0.0713   0.4292  -0.0777  -0.1087
  0.0196  -0.2564   0.0651   0.4425  -0.0733  -0.1227
  0.0190  -0.2644   0.0712   0.4434  -0.0791  -0.1149
  0.0103  -0.2672   0.0638   0.4370  -0.0678  -0.1140
  0.0016  -0.2713   0.0541   0.4424  -0.0708  -0.1254
 -0.0076  -0.2543   0.0463   0.4441  -0.0583  -0.1301
 -0.0052  -0.2553   0.0470   0.4405  -0.0643  -0.1244
 -0.0154  -0.2527   0.0406   0.4255  -0.0589  -0.1167
 -0.0284  -0.2636   0.0252   0.4255  -0.0631  -0.1152
 -0.0167  -0.2587   0.0479   0.4298  -0.0797  -0.1248
 -0.0295  -0.2536   0.0455   0.4396  -0.0660  -0.1210
 -0.0420  -0.2540   0.0457   0.4435  -0.0683  -0.1213
 -0.0492  -0.2750   0.0523   0.4459  -0.0742  -0.1244
 -0.0428  -0.2736   0.0494   0.4474  -0.0800  -0.1234
 -0.0518  -0.2542   0.0449   0.4624  -0.0671  -0.1218
 -0.0559  -0.2513   0.0593   0.4421  -0.0659  -0.1221
 -0.0571  -0.2455   0.0437   0.4489  -0.0678  -0.1254
 -0.0604  -0.2620   0.0368   0.4506  -0.0779  -0.1298
 -0.0636  -0.2566   0.0304   0.4582  -0.0666  -0.1356
 -0.0686  -0.2598   0.0383   0.4595  -0.0636  -0.1372
 -0.0661  -0.2403   0.0349   0.4651  -0.0614  -0.1298
 -0.0689  -0.2609   0.0507   0.4725  -0.0754  -0.1394
 -0.0647  -0.2494   0.0407   0.4717  -0.0765  -0.1510
 -0.0687  -0.2302   0.0455   0.4658  -0.0832  -0.1376
 -0.0669  -0.2524   0.0447   0.4461  -0.0861  -0.1356
  0.0344  -0.0741   0.0323   0.2147  -0.0271  -0.0444
  0.1125  -0.0466   0.0279   0.0599  -0.0279   0.0014
  0.1088  -0.0687   0.0375   0.0689  -0.0272  -0.0231
  0.1209  -0.0807   0.0299   0.1069  -0.0562  -0.0245
  0.0823  -0.1077   0.0161   0.1432  -0.0576  -0.0315
  0.0541  -0.1159   0.0078   0.1730  -0.0586  -0.0469
  0.0389  -0.1285  -0.0051   0.1955  -0.0598  -0.0555
  0.0237  -0.1288   0.0030   0.2125  -0.0627  -0.0579
  0.0031  -0.1356  -0.0055   0.2226  -0.0645  -0.0582
 -0.0295  -0.1548  -0.0375   0.2424  -0.0686  -0.0810
 -0.0410  -0.1550  -0.0416   0.2298  -0.0641  -0.0821
 -0.0537  -0.1441  -0.0378   0.2562  -0.0643  -0.0928
 -0.0442  -0.1507  -0.0521   0.2709  -0.0632  -0.0923
 -0.0499  -0.1608  -0.0552   0.2614  -0.0610  -0.0963
 -0.0615  -0.1654  -0.0601   0.2727  -0.0655  -0.1052
 -0.0680  -0.1567  -0.0712   0.2871  -0.0649  -0.1045
 -0.0854  -0.1462  -0.0779   0.2810  -0.0614  -0.0930
 -0.0891  -0.1518  -0.0739   0.2583  -0.0594  -0.0937
 -0.1053  -0.1691  -0.0811   0.2729  -0.0688  -0.1044
 -0.1122  -0.1534  -0.0777   0.2628  -0.0693  -0.1063
 -0.1169  -0.1442  -0.0755   0.2557  -0.0758  -0.1048
 -0.1271  -0.1367  -0.0778   0.2746  -0.0806  -0.1068
 -0.1309  -0.1337  -0.0746   0.2807  -0.0700  -0.1066
 -0.1333  -0.1421  -0.0844   0.2682  -0.0616  -0.1063
 -0.1333  -0.1592  -0.0902   0.2657  -0.0562  -0.1090
 -0.1393  -0.1490  -0.0932   0.2807  -0.0582  -0.1209
 -0.1378  -0.1574  -0.0989   0.2810  -0.0616  -0.1141
 -0.1468  -0.1461  -0.1109   0.2897  -0.0674  -0.1123
 -0.1652  -0.1354  -0.1073   0.2910  -0.0674  -0.1119
 -0.1643  -0.1544  -0.1033   0.2916  -0.0683  -0.1153
 -0.1574  -0.1416  -0.1018   0.2922  -0.0702  -0.1169
 -0.1209  -0.0728  -0.0346   0.1552  -0.0305  -0.0685
  0.5308   0.4344   0.6364  -1.3880   0.5463   0.5784
  0.4105   0.4476   0.2034  -1.5308   0.4143   0.5462
  0.3117   0.5158   0.0913  -1.0913   0.2702   0.3946
  0.0957   0.4050  -0.1368  -0.9437   0.1453   0.3481
  0.1220   0.3086  -0.0027  -0.8335   0.1592   0.3084
  0.0365   0.2505  -0.0857  -0.7943   0.1375   0.2907
  0.0279   0.2587  -0.0855  -0.7569   0.1427   0.2626
  0.0321   0.2827  -0.0969  -0.6732   0.1284   0.2497
  0.0256   0.2634  -0.0932  -0.6349   0.1121   0.2316
  0.0096   0.2408  -0.1057  -0.5925   0.1047   0.2111
 -0.0016   0.2427  -0.1033  -0.5929   0.1114   0.1948
 -0.0020   0.2422  -0.1074  -0.5891   0.1060   0.1888
 -0.0024   0.2434  -0.1013  -0.5807   0.0977   0.1864
 -0.0101   0.2403  -0.1061  -0.5768   0.0929   0.1823
 -0.0047   0.2259  -0.0932  -0.5639   0.0870   0.1792
  0.0004   0.2274  -0.1039  -0.5627   0.0932   0.1703
  0.0034   0.2036  -0.0900  -0.5283   0.0920   0.1397
 -0.0031   0.2026  -0.0939  -0.5581   0.0875   0.1595
 -0.0179   0.2287  -0.0927  -0.5411   0.0782   0.1559
 -0.0150   0.2110  -0.0899  -0.5413   0.0728   0.1618
 -0.0179   0.2033  -0.0979  -0.5497   0.0881   0.1624
 -0.0249   0.2029  -0.0928  -0.5206   0.0836   0.1529
 -0.0265   0.2083  -0.0947  -0.5143   0.0763   0.1487
 -0.0259   0.2298  -0.0910  -0.5078   0.0787   0.1517
 -0.0318   0.2004  -0.0900  -0.4760   0.0708   0.1299
 -0.0291   0.1973  -0.0929  -0.4929   0.0645   0.1337
 -0.0339   0.1857  -0.0863  -0.4376   0.0666   0.1129
 -0.0226   0.1920  -0.0821  -0.4331   0.0650   0.1051
  0.0037   0.1875  -0.0674  -0.4272   0.0571   0.0920
 -0.0167   0.1968  -0.0802  -0.4291   0.0605   0.1009
 -0.0139   0.1912  -0.0812  -0.4272   0.0802   0.0989
 -0.0074   0.1866  -0.0904  -0.4049   0.0809   0.0839
 -0.0160   0.1868  -0.0905  -0.3862   0.0751   0.0754
 -0.0201   0.1814  -0.0894  -0.3666   0.0726   0.0781
 -0.0181   0.1810  -0.1044  -0.3763   0.0859   0.0765
 -0.0262   0.1747  -0.0922  -0.3724   0.0812   0.0734
 -0.0250   0.2113  -0.0936  -0.3775   0.0697   0.0760
 -0.0129   0.2080  -0.0868  -0.3900   0.0605   0.0841
 -0.0194   0.1924  -0.0786  -0.3835   0.0625   0.0658
 -0.0147   0.1909  -0.0558  -0.3715   0.0563   0.0534
 -0.0189   0.2196  -0.0581  -0.3606   0.0511   0.0516
 -0.0240   0.2163  -0.0598  -0.3664   0.0526   0.0688
 -0.0346   0.2060  -0.0623  -0.3741   0.0534   0.0635
 -0.0281   0.1960  -0.0775  -0.3697   0.0496   0.0535
 -0.0222   0.2157  -0.0661  -0.3610   0.0444   0.0531
 -0.0355   0.2206  -0.0661  -0.3658   0.0475   0.0599
 -0.0336   0.2036  -0.0755  -0.3536   0.0426   0.0672
 -0.0381   0.1986  -0.0812  -0.3454   0.0482   0.0578
 -0.0422   0.1803  -0.0966  -0.3426   0.0525   0.0559
 -0.0527   0.1737  -0.0962  -0.3502   0.0568   0.0598
 -0.0589   0.1497  -0.0991  -0.3324   0.0477   0.0594
 -0.0663   0.1437  -0.0952  -0.3436   0.0484   0.0689
 -0.0629   0.1654  -0.0895  -0.3608   0.0486   0.0685
 -0.0631   0.1442  -0.0885  -0.3243   0.0432   0.0484
 -0.0645   0.1690  -0.0941  -0.3232   0.0548   0.0518
 -0.0678   0.1717  -0.1011  -0.3210   0.0585   0.0526
 -0.0843   0.1617  -0.1048  -0.3184   0.0560   0.0495
 -0.0886   0.1355  -0.0939  -0.3189   0.0504   0.0473
 -0.0806   0.1326  -0.0907  -0.2951   0.0512   0.0336
 -0.0911   0.1662  -0.0967  -0.2887   0.0425   0.0402
 -0.0904   0.1744  -0.0950  -0.3125   0.0440   0.0418
 -0.0811   0.1748  -0.0823  -0.2969   0.0327   0.0386
 -0.0786   0.1788  -0.0911  -0.3150   0.0362   0.0323
 -0.0727   0.1720  -0.0884  -0.3356   0.0308   0.0310
 -0.0724   0.1888  -0.0887  -0.3371   0.0218   0.0323
 -0.0758   0.1891  -0.0893  -0.3387   0.0284   0.0445
 -0.0812   0.1998  -0.0940  -0.3369   0.0387   0.0384
 -0.0748   0.1744  -0.0968  -0.3239   0.0353   0.0309
 -0.0779   0.2154  -0.0862  -0.3282   0.0323   0.0351
 -0.0785   0.2179  -0.0876  -0.3199   0.0342   0.0507
 -0.0396   0.3252  -0.0695  -0.4867   0.0585   0.1079
  0.0138   0.3907  -0.0993  -0.5492   0.0599   0.1090
 -0.0024   0.3620  -0.1004  -0.5008   0.0603   0.0964
 -0.0137   0.3138  -0.1112  -0.4620   0.0506   0.0750
 -0.0237   0.3159  -0.1217  -0.4390   0.0552   0.0701
 -0.0282   0.3235  -0.1289  -0.4311   0.0673   0.0731
 -0.0512   0.2924  -0.1276  -0.3595   0.0420   0.0361
 -0.0569   0.2749  -0.1331  -0.3607   0.0421   0.0329
 -0.0648   0.3327  -0.1411  -0.4019   0.0584   0.0515
