  0.0278   0.0852  -0.1841  -0.4359  -0.0277   0.2437
  0.0867   0.0232  -0.1559  -0.3582   0.0381   0.1422
  0.1050   0.0914  -0.2079  -0.3431   0.0378   0.1411
  0.1166   0.0625  -0.2232  -0.2909   0.0297   0.1426
  0.0208   0.4452  -0.2707  -0.4980  -0.0613   0.0497
  0.0897  -0.0465  -0.1932  -0.2795   0.0301   0.1499
  0.0527   0.0144  -0.1276  -0.3439   0.0191   0.1322
  0.0428   0.0426  -0.1247  -0.3537   0.0168   0.1141
  0.0337   0.0944  -0.1854  -0.3500  -0.0060   0.1196
  0.0114   0.2026  -0.1964  -0.4214  -0.0181   0.1063
  0.0095   0.2384  -0.1846  -0.4227  -0.0171   0.0714
  0.0138   0.1925  -0.1607  -0.3962  -0.0092   0.0597
 -0.0230   0.3570  -0.2151  -0.4539  -0.0699   0.0822
  0.0457   0.1429  -0.1683  -0.3347  -0.0188   0.1088
  0.0379   0.0805  -0.1825  -0.2872  -0.0244   0.1319
  0.0472   0.1341  -0.1761  -0.3361  -0.0177   0.1321
  0.0426   0.0817  -0.1838  -0.2567  -0.0317   0.1500
  0.0447   0.1478  -0.1814  -0.2915  -0.0302   0.1512
  0.0595   0.1277  -0.1829  -0.2603  -0.0212   0.1651
  0.0411   0.0923  -0.1688  -0.2460  -0.0434   0.1721
  0.0529   0.0918  -0.1563  -0.2462  -0.0333   0.1655
  0.0623   0.0615  -0.1558  -0.1909  -0.0374   0.1923
  0.0564   0.0535  -0.1577  -0.2760  -0.0197   0.1661
  0.0408   0.0949  -0.1367  -0.2869  -0.0222   0.1603
  0.0760   0.0661  -0.1067  -0.2306  -0.0047   0.1659
  0.0518   0.1643  -0.1508  -0.2822  -0.0269   0.1417
  0.0625   0.1031  -0.1585  -0.2182  -0.0328   0.1418
  0.0544   0.1215  -0.1773  -0.2259  -0.0246   0.1521
  0.0644  -0.0262  -0.0548  -0.2641   0.0110   0.1838
  0.1526  -0.3336  -0.0303  -0.1223   0.0518   0.2405
  0.3863  -1.2021   0.0221   0.4852   0.1979   0.4960
  0.1752  -0.5212  -0.0366   0.1562   0.0652   0.3199
  0.2108  -0.5634   0.1190  -0.1854   0.1324   0.3447
  0.2861  -0.4136   0.4252  -2.1092   0.3273   0.4008
  0.1786  -1.0172   0.2102  -0.7384   0.2915   0.5216
  0.1935  -0.7050   0.2272  -0.8473   0.2685   0.4969
  0.0495  -0.0038   0.2110  -1.2463   0.2565   0.2162
  0.0134  -0.1081   0.1454  -0.8582   0.1724   0.2407
 -0.0131  -0.2087   0.1676  -0.8068   0.1532   0.1686
 -0.0153  -0.1350   0.0427  -0.8020   0.1237   0.1851
  0.0074  -0.1721   0.0545  -0.7563   0.1407   0.1874
 -0.0194  -0.0667   0.1072  -0.8130   0.1287   0.1413
 -0.0383  -0.0263   0.0908  -0.8084   0.1128   0.1109
 -0.0191  -0.2156   0.1093  -0.6188   0.1357   0.1426
 -0.0203  -0.1074   0.0852  -0.6585   0.1124   0.0980
 -0.0419  -0.1040   0.1032  -0.6785   0.0763   0.0912
 -0.1109   0.3285   0.0663  -0.9131   0.0141  -0.0133
 -0.0276  -0.0055   0.0131  -0.6906   0.0566   0.0694
  0.0141  -0.3301   0.1063  -0.5005   0.1210   0.1601
  0.0363  -0.0193   0.2274  -1.2018   0.1626   0.0511
 -0.0575   0.1188   0.1374  -1.3978   0.0999   0.0229
 -0.0730   0.2420   0.0947  -1.4158   0.1028  -0.0894
 -0.0883   0.2653   0.0382  -1.2765   0.0688  -0.1011
 -0.0733   0.2399  -0.0056  -0.7621   0.0652  -0.0554
 -0.0656   0.0883   0.0136  -0.6370   0.0375  -0.0348
 -0.0485   0.2082   0.0658  -0.8286   0.0385  -0.0515
 -0.0322   0.1410   0.1012  -0.7436   0.0882  -0.0530
  0.0036   0.0491   0.0891  -0.6169   0.1320   0.0013
  0.0052  -0.1423   0.0419  -0.4846   0.1192   0.0448
 -0.0818   0.1117   0.1311  -0.7073   0.0747  -0.0443
 -0.0236   0.0620   0.0766  -0.6729   0.0985  -0.0176
 -0.0344   0.0029   0.0866  -0.6323   0.0856  -0.0242
 -0.0433  -0.0343   0.0814  -0.5142   0.0616  -0.0193
 -0.0156  -0.1579   0.1169  -0.3614   0.0978   0.0217
 -0.0125  -0.1451   0.1384  -0.4356   0.1153   0.0078
  0.0016  -0.1583   0.1395  -0.3917   0.1073   0.0211
 -0.0061  -0.0764   0.1304  -0.4294   0.0928   0.0217
  0.0223   0.0237   0.0894  -0.3615   0.1160   0.0815
  0.0643  -0.0976   0.0517  -0.2611   0.1205   0.0836
  0.0165  -0.1263   0.0819  -0.2179   0.0760   0.0174
  0.0106   0.0991   0.0713  -0.4278   0.0829  -0.0051
  0.0397   0.1070   0.0659  -0.7286   0.1277  -0.0292
  0.0153  -0.0039   0.1181  -0.5847   0.1195   0.0247
  0.0667  -0.4529   0.1308   0.0175   0.1511   0.1551
  0.0814  -0.4795   0.1137   0.1049   0.1429   0.1518
  0.0722  -0.4871   0.1170   0.1181   0.1409   0.1650
  0.0746  -0.4915   0.1156   0.1351   0.1435   0.1463
  0.0976  -0.5032   0.0718   0.1551   0.1801   0.1734
  0.0623  -0.5466   0.0963   0.2337   0.1351   0.2272
 -0.2618   1.0351   0.2237  -0.2933  -0.0491  -0.1317
 -0.1673   2.0368  -0.1264  -0.7574  -0.1029  -0.5997
 -0.1991   1.2667  -0.0605  -0.4727  -0.1416  -0.4538
 -0.2543   1.5403  -0.0609  -0.5884  -0.1565  -0.5169
 -0.2493   1.6334  -0.1132  -0.6275  -0.1585  -0.5856
 -0.2345   1.5340  -0.1078  -0.5607  -0.1588  -0.5508
 -0.2577   1.3482  -0.1905  -0.2841  -0.2161  -0.4977
 -0.0650   0.6494  -0.3143   0.0666  -0.1342  -0.2983
 -0.0271   0.2123  -0.2020   0.1721  -0.0858  -0.1784
 -0.0232   0.1638  -0.1641   0.1649  -0.0875  -0.1635
 -0.0261   0.1958  -0.1441   0.0982  -0.0901  -0.1544
 -0.0136   0.1487  -0.1448   0.1537  -0.0732  -0.1321
 -0.0186   0.1360  -0.1150   0.1043  -0.0831  -0.1341
 -0.0474   0.1326  -0.0514   0.1073  -0.0770  -0.1479
 -0.0668   0.1614  -0.0194  -0.0080  -0.0576  -0.0958
 -0.0328   0.2014   0.1495  -0.0280   0.0212  -0.2352
 -0.0618  -0.0015   0.1573   0.8427  -0.0957  -0.2446
 -0.0023   0.0410   0.1433   0.2510  -0.0431  -0.1463
  0.0374  -0.1189   0.1543   0.2168   0.0134   0.0155
  0.0566  -0.2179   0.1249   0.4232   0.0257   0.0748
  0.0564  -0.2035   0.1157   0.4720   0.0359   0.0316
  0.0512  -0.2125   0.0060   0.6650  -0.0007   0.0717
 -0.0059  -0.0229  -0.0377   0.6109  -0.0698   0.0080
 -0.0274   0.0931  -0.0414   0.4501  -0.0616  -0.1051
 -0.0329   0.0354   0.0607   0.4674  -0.0477  -0.1109
  0.0323  -0.0525  -0.0439   0.6305  -0.0479  -0.0514
  0.0364  -0.1370  -0.0367   0.6767  -0.0372  -0.0416
  0.0211  -0.0834   0.0468   0.6803  -0.0379  -0.0669
 -0.0340  -0.1000   0.0889   0.6919  -0.0677  -0.0982
 -0.0709  -0.0905   0.0485   0.7076  -0.0882  -0.1381
 -0.0861  -0.0685  -0.0561   0.7979  -0.1471  -0.1317
 -0.0256  -0.1889  -0.0054   0.7853  -0.0623  -0.0806
 -0.0210  -0.1346  -0.0201   0.6476  -0.0612  -0.0805
 -0.0388  -0.0930   0.0203   0.5026  -0.0524  -0.0561
 -0.0237  -0.0912   0.0402   0.5242  -0.0451  -0.0661
 -0.0274  -0.0953   0.0613   0.5653  -0.0519  -0.0662
 -0.0196  -0.1879   0.0907   0.6474  -0.0375  -0.0415
 -0.0200  -0.1347   0.0809   0.5791  -0.0308  -0.0565
 -0.0322  -0.0431   0.0734   0.5173  -0.0473  -0.1236
 -0.0419  -0.0237   0.0845   0.5059  -0.0646  -0.1147
 -0.0404  -0.0172   0.0736   0.5239  -0.0639  -0.1170
 -0.0388  -0.0278   0.0789   0.5375  -0.0616  -0.1029
 -0.0276  -0.0484   0.0944   0.5701  -0.0635  -0.0989
 -0.0193  -0.0066   0.0891   0.4005  -0.0368  -0.1031
 -0.0009   0.1220   0.1238  -0.0461  -0.0115  -0.1328
 -0.0042  -0.0231   0.1185   0.3220  -0.0120  -0.0857
  0.0009  -0.1678   0.1446   0.5301   0.0019  -0.0559
  0.0174  -0.1624   0.1114   0.6021   0.0113  -0.0386
 -0.0034  -0.2039   0.0622   0.7060  -0.0292  -0.0195
 -0.0065  -0.2197   0.0411   0.7819  -0.0526  -0.0140
 -0.0023  -0.2368   0.0280   0.7647  -0.0501  -0.0085
 -0.0024  -0.2227   0.0179   0.7444  -0.0538  -0.0170
 -0.0042  -0.2080   0.0322   0.7153  -0.0588  -0.0373
  0.0148  -0.2363   0.0030   0.7611  -0.0656  -0.0236
  0.0130  -0.2554   0.0223   0.7745  -0.0584  -0.0257
  0.0129  -0.2691   0.0332   0.7498  -0.0416  -0.0221
  0.0012  -0.2010   0.0168   0.6147  -0.0341  -0.0614
 -0.0033  -0.0639  -0.0719   0.5233  -0.0764  -0.0531
 -0.0039  -0.1513  -0.0170   0.6136  -0.0655  -0.0506
  0.0012  -0.2222  -0.0080   0.6956  -0.0496  -0.0418
  0.0008  -0.1912   0.0070   0.6759  -0.0549  -0.0630
 -0.0130  -0.1971   0.0050   0.7058  -0.0660  -0.0455
 -0.0197  -0.2085   0.0093   0.7209  -0.0692  -0.0424
 -0.0705   0.0604  -0.1336   0.5924  -0.1487  -0.1342
 -0.0739   0.2524  -0.1671   0.5117  -0.1620  -0.1820
 -0.0600   0.0159  -0.0534   0.6516  -0.1165  -0.1203
 -0.0506  -0.0336  -0.0252   0.6697  -0.1022  -0.1144
 -0.0520  -0.0602  -0.0010   0.6926  -0.1171  -0.1205
 -0.0499  -0.0822  -0.0191   0.6893  -0.1086  -0.0888
 -0.0483  -0.0726  -0.0150   0.7288  -0.1110  -0.0864
 -0.0155  -0.0538  -0.0050   0.7578  -0.1051  -0.0567
 -0.0169  -0.0214  -0.0350   0.7320  -0.1015  -0.0800
 -0.0692  -0.0694   0.0165   0.7091  -0.1275  -0.0993
  0.0291  -0.0011  -0.0324   0.3549  -0.0935  -0.0940
  0.0126  -0.1089  -0.0038   0.4627  -0.0632  -0.0850
 -0.0319  -0.1649   0.0268   0.6251  -0.0829  -0.1215
 -0.0396  -0.1498  -0.0283   0.6813  -0.0918  -0.1180
 -0.0209  -0.2586  -0.0101   0.7640  -0.0846  -0.0568
 -0.0145  -0.4339   0.0328   0.8692  -0.0816  -0.0210
 -0.0459  -0.3328   0.0587   0.7838  -0.0886  -0.0268
  0.0306  -0.2763   0.0031   0.7571  -0.0546  -0.0229
