  0.0021  -0.2212  -0.0100  -0.4445  -0.0305   0.0161
  0.0140  -0.2178  -0.0157  -0.4060  -0.0305   0.0279
  0.0041  -0.2182   0.0011  -0.3685  -0.0365   0.0038
 -0.0017  -0.2183  -0.0105  -0.3721  -0.0291   0.0226
  0.0043  -0.2138  -0.0064  -0.3862  -0.0205   0.0047
  0.0109  -0.2009   0.0005  -0.3729  -0.0244   0.0089
  0.0234  -0.2122  -0.0083  -0.2558  -0.0465  -0.0701
  0.1614   0.1525  -0.0145  -0.2788   0.0611  -0.1826
  0.1380   0.3438  -0.0574  -0.1441   0.1231   0.0818
  0.0829   0.3402  -0.0548  -0.0900   0.0817   0.0801
  0.0524   0.1875  -0.0416  -0.1195   0.0536   0.0438
 -0.0010  -0.0386  -0.0204  -0.2079   0.0121   0.0512
  0.0170  -0.0835  -0.0099  -0.1358  -0.0190  -0.0187
  0.0075  -0.0617  -0.0187   0.0090  -0.0133  -0.0674
 -0.0002  -0.0361  -0.0191  -0.0999  -0.0394   0.1056
  0.0204  -0.0300   0.0081  -0.0111  -0.0176  -0.0150
  0.0111  -0.0128  -0.0167  -0.0266  -0.0207   0.0696
  0.0044  -0.0287   0.0098  -0.0903   0.0059   0.0062
  0.0040  -0.0588   0.0189   0.0012   0.0108  -0.0414
  0.0099  -0.0774   0.0106  -0.0253   0.0177  -0.0056
  0.0048  -0.0661   0.0060  -0.0596   0.0202   0.0301
  0.0094  -0.0730   0.0082  -0.0368   0.0244  -0.0079
 -0.0003  -0.0807   0.0115  -0.1134   0.0238  -0.0103
  0.0009  -0.0879   0.0298  -0.1110   0.0658  -0.0133
 -0.0094  -0.0996   0.0033  -0.0956   0.0423  -0.0017
 -0.0507  -0.0202   0.0458  -0.1072  -0.0036  -0.0193
  0.0052   0.0031   0.0477  -0.1100   0.0463   0.0193
 -0.0093  -0.0145   0.0436  -0.0591  -0.0056  -0.0160
 -0.0088  -0.0007   0.0395   0.0004  -0.0160  -0.0217
  0.0105   0.0446   0.0329  -0.0626   0.0108  -0.0097
  0.0042   0.0153   0.0231  -0.0589  -0.0010   0.0493
 -0.0054  -0.0355  -0.0323  -0.2695  -0.0186   0.0290
 -0.0058  -0.0647  -0.0325  -0.1764  -0.0331  -0.0574
 -0.0078  -0.0961  -0.0432  -0.1738   0.0131   0.0032
 -0.0157  -0.1130  -0.0356  -0.1542   0.0090  -0.0354
 -0.0331  -0.1120  -0.0150  -0.1677   0.0228  -0.0092
 -0.0353  -0.0987  -0.0692  -0.1406  -0.0156   0.0032
 -0.0250  -0.0860  -0.0641  -0.0886  -0.0645  -0.0235
 -0.0229  -0.0859  -0.0413  -0.0474  -0.0601   0.0135
 -0.0238  -0.0742  -0.0507  -0.0526  -0.0486  -0.0201
 -0.0096  -0.0788  -0.0467  -0.0547  -0.0467   0.0180
 -0.0177  -0.0662  -0.0442  -0.0709  -0.0393   0.0098
 -0.0048  -0.0687  -0.0419  -0.0454  -0.0514  -0.0168
 -0.0079  -0.0735  -0.0408  -0.0588  -0.0474  -0.0058
 -0.0121  -0.0864  -0.0477  -0.0868  -0.0332  -0.0171
 -0.0165  -0.0912  -0.0494  -0.1014  -0.0410  -0.0109
  0.0027  -0.0980  -0.0455  -0.1336  -0.0382  -0.0292
 -0.0107  -0.1207  -0.0247  -0.0766  -0.0414  -0.0212
  0.0002  -0.1153  -0.0090  -0.0656  -0.0499  -0.0362
 -0.0197  -0.1444   0.0117   0.0029  -0.0823  -0.0141
 -0.0224  -0.1337   0.0242   0.0231  -0.0802  -0.0067
 -0.0077  -0.1439   0.0414  -0.0698  -0.0220  -0.0041
 -0.0108  -0.1343   0.0334  -0.1093  -0.0039   0.0100
 -0.0049  -0.1423   0.0231  -0.0705  -0.0112  -0.0214
 -0.0058  -0.1406   0.0149  -0.0674  -0.0077  -0.0128
 -0.0076  -0.1368   0.0110  -0.0955  -0.0144  -0.0311
 -0.0368  -0.1401   0.0492  -0.1169  -0.0554  -0.0469
 -0.0263  -0.1556   0.0368  -0.0786  -0.0364  -0.0362
 -0.0176  -0.1432   0.0346  -0.0320  -0.0381  -0.0335
 -0.0216  -0.1255   0.0313   0.0367  -0.0571  -0.0019
 -0.0122  -0.1235   0.0038   0.1022  -0.0582  -0.0168
  0.1004   0.1853  -0.1466   0.7031   0.0643   0.0766
  0.1049   1.3905  -0.0750   1.6647   0.2515  -0.2088
 -0.0226   1.1284  -0.0368   1.3930   0.3114  -0.0224
 -0.0669   0.4138   0.0738   0.5963   0.2377   0.2194
 -0.0574   0.3142   0.1069   0.6229   0.1970  -0.0172
 -0.0555   0.2594   0.1194   0.6118   0.1637   0.0175
 -0.0424   0.2313   0.0958   0.5933   0.1363  -0.0098
 -0.0227   0.2598   0.0549   0.5460   0.0866  -0.0290
  0.0195   0.4326   0.0382   0.3644   0.0830  -0.0292
  0.0589   0.6013   0.0578  -0.2052   0.1298   0.0202
 -0.0334   0.3829   0.0186  -0.0991   0.0298  -0.0954
 -0.0424   0.3183   0.0208   0.0471  -0.0279  -0.0676
 -0.0242   0.2726   0.0315   0.1865  -0.0546  -0.0218
 -0.0474   0.2459   0.0301   0.1498  -0.0589  -0.0011
 -0.0395   0.2184   0.0206   0.1035  -0.0352   0.0095
 -0.0401   0.1358  -0.0213   0.0897  -0.0866  -0.0041
 -0.0633   0.0503  -0.0508  -0.2940  -0.1551   0.0946
  0.0020  -0.1391  -0.0035   0.0881  -0.0814  -0.0372
  0.0356  -0.2104  -0.0010   0.1813  -0.0566  -0.0235
  0.0275  -0.0839   0.0087   0.2136  -0.0718   0.0399
  0.0125   0.0219   0.0036   0.1726  -0.0976   0.0423
