  0.0297   0.1354  -0.3291  -0.5794  -0.1290  -0.6876
  0.0112   0.5359  -0.2924  -0.2675  -0.1070  -0.5248
  0.0145   0.5255  -0.2421  -0.3314  -0.0694  -0.4840
  0.0366   0.4970  -0.3034  -1.2253  -0.0235  -0.9462
  0.0579   0.6333  -0.3228  -1.0564   0.0247  -0.8734
  0.0233   0.5972  -0.3658  -1.0789  -0.0054  -0.8927
  0.0127   0.2267  -0.3527  -0.9567  -0.0112  -0.8398
  0.0213   0.1856  -0.2479  -0.0876   0.1003  -0.3901
  0.2409   0.5578  -0.3219  -0.5483   0.0380  -0.3261
  0.0409   0.1934  -0.2313  -0.6795  -0.0055  -0.6108
  0.0298  -0.0817  -0.3079  -0.5959  -0.0009  -0.6682
  0.0264  -0.1699  -0.3389  -0.4687  -0.0061  -0.6337
  0.0163  -0.1341  -0.3435  -0.4797  -0.0197  -0.6238
  0.0428  -0.1015  -0.3652  -0.2164  -0.0430  -0.5927
  0.0799   0.2363  -0.3198  -0.3775  -0.0502  -0.5428
  0.0691   0.1927  -0.3339  -0.3943  -0.0502  -0.5735
  0.0938   0.1858  -0.3612  -0.4604  -0.0287  -0.5988
  0.1379   0.3398  -0.4241  -0.5838  -0.0862  -0.6067
  0.0827   0.7169  -0.3535  -0.7654  -0.0560  -0.6993
  0.0764   0.3070  -0.3850  -0.7024  -0.0167  -0.7619
  0.0820   0.2044  -0.4264  -0.6193  -0.0176  -0.6853
  0.0789   0.1158  -0.4504  -0.6093  -0.0256  -0.6691
  0.0855   0.0997  -0.4367  -0.6739  -0.0265  -0.6564
  0.0848   0.0099  -0.4778  -0.7289  -0.0880  -0.6557
  0.0880  -0.0549  -0.4483   0.1652  -0.0246  -0.4453
  0.0781   0.1513  -0.3221   0.5876  -0.0069   0.0909
  0.4919   1.7615  -0.7992  -1.5334   0.0019  -0.8648
  0.0603   0.5348  -0.5008  -0.7684  -0.0216  -0.6203
  0.0215   0.1096  -0.5050  -0.5735  -0.0469  -0.6111
  0.0235   0.1057  -0.5180  -0.5519  -0.0446  -0.5892
  0.0188   0.2401  -0.4235  -0.3389  -0.0455  -0.5671
  0.0187   1.3038  -0.0740  -0.4730  -0.0878  -0.4564
  0.0232   1.0346  -0.0874  -0.5602  -0.1214  -0.5237
  0.0286   1.0104  -0.1057  -0.5547  -0.1221  -0.5268
  0.0465   1.2488  -0.0633  -1.3084  -0.0977  -0.6576
  0.0947   1.2360  -0.1440  -1.1021  -0.1131  -0.5281
  0.1624   1.2639  -0.1520  -0.1899  -0.1676   0.0146
  0.3540   1.0268  -0.3036  -0.9164  -0.0574  -0.3741
  0.0804   0.2922  -0.1319  -0.6957  -0.0245  -0.5206
  0.0254   0.1518  -0.1477  -0.5605  -0.0556  -0.5054
 -0.0027   0.1399  -0.1404  -0.5332  -0.0631  -0.4878
  0.0037   0.1640  -0.1628  -0.5303  -0.0567  -0.4752
  0.0099   0.2761  -0.1527  -0.6483  -0.0533  -0.5208
  0.0632   0.5287  -0.1833  -0.8381  -0.0315  -0.5698
  0.0748   0.6178  -0.0544  -0.3316  -0.0424  -0.3678
  0.0118   0.5938  -0.0429  -0.6287  -0.0491  -0.4429
  0.0456   0.3076  -0.0606  -0.1125  -0.0514  -0.2916
  0.0438   0.2689  -0.0888  -0.1431  -0.0455  -0.3343
  0.0433   0.1281  -0.0893  -0.1183  -0.0488  -0.3341
  0.0293   0.2132  -0.0890  -0.2120  -0.0495  -0.3492
  0.0499   0.1835  -0.0883  -0.0483  -0.0440  -0.2646
  0.0357   0.2188  -0.0843  -0.0790  -0.0441  -0.2837
  0.0393   0.2543  -0.0522  -0.1001  -0.0556  -0.2514
  0.0393   0.1684  -0.0532  -0.1059  -0.0507  -0.2696
  0.0300   0.2174  -0.0631  -0.0416  -0.0515  -0.2511
  0.0327   0.2075  -0.0809  -0.0929  -0.0424  -0.2603
  0.0322   0.2306  -0.0781  -0.0743  -0.0464  -0.2278
  0.0214   0.2946  -0.0573  -0.1678  -0.0877  -0.2167
  0.0619   0.4441  -0.1371  -1.1092  -0.0916  -0.4388
  0.0858  -0.1350  -0.2981  -0.4006  -0.0380  -0.3674
  0.0624   0.0488  -0.1776   0.4463  -0.0342   0.0102
  0.0378  -0.0412  -0.2190   0.5274  -0.0310   0.0192
  0.0347  -0.0201  -0.1823   0.5620  -0.0450   0.0625
  0.0302   0.0241  -0.1892   0.5283  -0.0479   0.0615
  0.0697   0.0487  -0.2254   0.7796  -0.0294   0.1347
  0.0890   0.2097  -0.2076   0.7184  -0.0328   0.1542
  0.0505   0.2641  -0.1932   0.5028  -0.0498   0.1498
  0.0489   0.2300  -0.2717   0.5655   0.0280   0.0673
  0.0850   0.7829   0.2561   1.4146   0.0718   0.6619
  0.0464   0.7013   0.6245   0.2898  -0.0108  -0.0274
  0.0234   0.5538   0.2335   0.3745  -0.0812   0.0490
  0.2758   0.4496   0.6016   0.6412   0.3123   0.1855
  0.1972   0.2302   0.2987   0.6581   0.1444   0.1532
 -0.2256   0.3725  -0.0085   0.2789  -0.4727   0.0033
  0.1220   0.7061   0.4074   0.3817  -0.1418   0.1027
  0.1020   0.7583   0.2496   0.5114  -0.0806   0.1900
  0.1127   0.6749   0.1044   0.7992  -0.0920   0.3139
  0.1557   0.7644   0.1116   0.8768  -0.0620   0.2890
  0.1068   0.5268   0.2889   2.0782  -0.0555   0.8844
  0.0415  -0.2809   0.3453   2.3679  -0.0931   0.9994
 -0.0344  -1.2037   0.5653   2.5317   0.0287   1.2050
  0.0473  -0.3473   0.4925   1.8274  -0.0048   0.8432
  0.0073  -0.5057   0.3817   1.2987  -0.0484   0.6009
  0.0048  -0.5097   0.3847   1.4619  -0.0482   0.6594
  0.0044  -0.3103   0.3734   1.1368  -0.0325   0.6319
 -0.0338  -0.3950   0.1357   0.2720  -0.0379   0.2026
 -0.0105  -0.4660   0.1344   0.8154  -0.0340   0.4291
 -0.0061  -0.5232   0.0782   0.9319  -0.0439   0.4477
  0.0355  -0.3564   0.1470   1.1750  -0.0446   0.5795
  0.0499  -0.3152   0.0784   0.8620  -0.0701   0.5702
  0.0043  -0.5734  -0.0217   0.5348  -0.1481   0.3456
  0.0312  -0.4531  -0.0377   0.9095  -0.0241   0.4136
  0.0193  -0.4258  -0.0466   0.8538  -0.0002   0.4110
  0.0479  -0.3266  -0.0592   0.7802  -0.0036   0.4300
  0.0574  -0.2708  -0.1043   0.8247   0.0344   0.4575
  0.0171  -0.3945  -0.0431   1.0351  -0.0291   0.5300
  0.0021  -0.4927  -0.0548   1.1023  -0.0398   0.5444
 -0.0059  -0.5178  -0.0546   1.0350  -0.0218   0.5245
  0.0207  -0.1044  -0.0963   0.3194  -0.0215   0.3926
  0.0991  -0.5339  -0.1297   1.3017   0.0359   0.6515
  0.0519   0.0275   0.1249   1.8796   0.0515   0.9636
  0.0462   0.0267  -0.0026   1.7131   0.0643   0.8000
  0.0301   0.0410   0.1143   1.8925   0.0456   0.8388
  0.0720   0.6927   0.2511   0.1936   0.0835   0.3392
  0.0515  -0.0539   0.0976   0.3827   0.0441   0.2707
 -0.0034  -0.0533   0.0253   0.7307   0.0327   0.4601
  0.0242  -0.2047   0.0747   1.4903   0.0516   0.7166
  0.1026   0.4720   0.1501  -0.4897   0.1605   0.1621
  0.0355  -0.2877  -0.0065  -0.5238   0.0806  -0.0110
  0.0630   0.1532  -0.2514  -3.7946  -0.0221  -0.7045
 -0.0546  -0.9337  -0.0278  -2.5786   0.0341  -0.6100
 -0.0295  -0.6555  -0.0361  -1.9934   0.0111  -0.4648
 -0.0274  -0.6698  -0.0803  -2.0764   0.0117  -0.4089
  0.2698  -1.0741  -0.4834  -2.7150   0.1202  -0.8089
  0.1385  -0.3608  -0.1335  -2.2037   0.0492  -0.5019
  0.0338  -0.4525  -0.1671  -2.1657   0.0050  -0.4642
  0.0547  -0.6113  -0.2087  -1.9914   0.0224  -0.4779
  0.0720  -0.4844  -0.2524  -1.9038   0.0210  -0.4009
  0.0395  -0.4678  -0.1885  -2.0203   0.0153  -0.3409
 -0.0100  -0.2301  -0.1347  -2.9818  -0.0263  -0.5875
  0.0310  -0.3915  -0.0156   0.0597  -0.0084   0.2549
 -0.3809   0.3727   0.3789   0.2557   0.0731   0.3409
 -0.4826   0.3525   0.5925   0.3300  -0.0157   0.3611
 -0.3496   0.6630   0.4387   0.3369   0.0497   0.3841
 -0.4469   0.7060   0.7000   0.4890   0.0407   0.5361
 -0.3632   0.4954   0.6209   0.8493   0.0947   0.7216
 -0.3003  -0.1329   0.4115   1.0838   0.0925   0.7608
 -0.2858  -0.3410   0.3366   1.4021   0.0868   0.8804
 -0.3210  -0.4209   0.3412   0.7560   0.0810   0.7350
 -0.2174   0.0604   0.4130  -0.4196   0.1055   0.3542
 -0.1810  -0.3656   0.3563  -0.3732   0.1220   0.2914
 -0.2753  -0.2359   0.3533   0.2345   0.1035   0.5474
 -0.2881  -0.2772   0.3295   0.1947   0.0958   0.5128
 -0.2872  -0.3663   0.4033   0.6081   0.0800   0.6719
 -0.2658  -0.1733   0.3787  -0.1032   0.1047   0.2863
 -0.0322   0.1035   0.5077   0.8523   0.1152   0.8326
 -0.1072  -0.0675   0.4402   1.0946   0.1647   0.9068
 -0.1560  -0.1591   0.4193   1.0864   0.1329   0.9251
  0.0040  -0.1208   0.1202  -0.1543   0.1089   0.5784
  0.1675  -0.0954   0.1844   0.1953   0.0621   0.9663
  0.0134  -0.5100   0.1915   0.2390   0.0630   0.6683
 -0.1728  -0.7580   0.5717   0.4122   0.1602   0.7885
 -0.5804  -2.2992   0.9262   0.1083   0.1043  -0.5766
 -0.3093  -1.7097   1.0342   0.0706   0.1570   0.2876
 -0.1676  -1.8148   0.8218   0.3012   0.1540   0.3264
 -0.1183  -1.7192   0.6659   0.4848   0.1367   0.4762
 -0.1292  -1.7170   0.6152   0.4980   0.1410   0.4648
 -0.0298  -1.7078   0.0323  -0.4568   0.0324   0.1608
 -0.0728  -1.5016   0.0404  -0.3305   0.0980   0.3092
 -0.0616  -1.6815  -0.0173  -0.5357   0.1097   0.1904
 -0.0267  -1.3010  -0.0063  -0.1822   0.1126   0.3252
 -0.0772  -1.1144   0.0001   0.2635   0.1200   0.4872
 -0.0792  -1.8193   0.2376   0.2171   0.1343   0.4586
 -0.1058  -1.8048   0.1055   0.3990   0.1335   0.5034
 -0.0950  -1.3942   0.1242  -0.3109   0.1441   0.2253
 -0.0798  -1.3451   0.2326  -0.0679   0.1485   0.3042
