 -0.3846   0.7831  -0.6456  -1.0701  -0.2801   0.3302
 -0.3204   0.7780  -0.7160  -1.1450  -0.2398   0.3128
 -0.3653   0.6728  -0.6575  -1.0761  -0.2622   0.2947
 -0.2682   0.6066  -0.7071  -1.0414  -0.2383   0.3077
 -0.2626   0.5730  -0.7208  -1.0103  -0.2419   0.2501
 -0.3392   0.7160  -0.6507  -1.2480  -0.2181   0.3576
 -0.1877   0.7006  -0.5987  -1.1661  -0.1186   0.3296
 -0.1960   0.7209  -0.6726  -1.1477  -0.1165   0.2885
 -0.2661   0.7015  -0.6800  -1.1143  -0.1984   0.3061
 -0.2563   0.6134  -0.6792  -0.9950  -0.2207   0.3262
 -0.3109   0.5696  -0.6393  -0.9716  -0.2613   0.2276
 -0.2494   0.6347  -0.6393  -1.0196  -0.1897   0.3113
 -0.1916   0.6567  -0.7132  -1.0458  -0.1733   0.2679
 -0.1989   0.6016  -0.7536  -1.0409  -0.1828   0.2733
 -0.2086   0.5662  -0.7572  -0.9835  -0.1877   0.2687
 -0.2173   0.6427  -0.7978  -1.0391  -0.1981   0.2645
 -0.2138   0.5408  -0.7951  -1.0055  -0.2082   0.2898
 -0.2204   0.5960  -0.8150  -0.9868  -0.2128   0.3086
 -0.2108   0.5677  -0.7989  -0.9485  -0.2144   0.3121
 -0.1994   0.4916  -0.7803  -0.9415  -0.2090   0.2574
 -0.2102   0.4828  -0.7801  -0.8493  -0.2147   0.2438
 -0.2105   0.4676  -0.7804  -0.9030  -0.2007   0.2207
 -0.2032   0.4389  -0.7841  -0.8710  -0.1916   0.3001
 -0.1758   0.4209  -0.7242  -0.8461  -0.1579   0.2627
 -0.1847   0.3129  -0.6953  -0.7367  -0.1926   0.2080
 -0.2000   0.3883  -0.6996  -0.7440  -0.1932   0.2921
 -0.1913   0.3438  -0.7274  -0.8156  -0.1763   0.2522
 -0.1719   0.2713  -0.6643  -0.7283  -0.1698   0.2573
 -0.1750   0.2909  -0.6571  -0.6920  -0.1717   0.2703
 -0.2130   0.3485  -0.5942  -0.7088  -0.1691   0.2477
 -0.3636   0.3375  -0.5024  -0.6796  -0.2819   0.2120
 -0.0240   0.4563  -0.3704  -0.6466  -0.0682   0.1193
 -0.1668   0.2285  -0.2911  -0.5341  -0.1588   0.1978
 -0.0921   0.3363  -0.3843  -0.6334  -0.1170   0.3559
 -0.1944   0.1898  -0.4849  -0.5572  -0.1602   0.3085
 -0.1590   0.1664  -0.5253  -0.6934  -0.1596   0.1184
 -0.1774   0.0783  -0.4351  -0.6301  -0.1563   0.2486
 -0.0338   0.1024  -0.5581  -0.6167  -0.1084   0.2637
 -0.1830   0.2022  -0.3948  -0.5919  -0.1561   0.3067
 -0.1775   0.2702  -0.3714  -0.6215  -0.1551   0.2321
 -0.1653   0.2735  -0.4170  -0.5961  -0.1497   0.2509
 -0.1550   0.2714  -0.4059  -0.5265  -0.1439   0.2342
 -0.1014   0.2804  -0.3224  -0.6143  -0.0831   0.1766
 -0.1808   0.1916  -0.2979  -0.5228  -0.1681   0.1668
 -0.2156   0.1665  -0.2782  -0.4812  -0.1902   0.1855
 -0.1942   0.1065  -0.2210  -0.2500  -0.1797   0.1782
 -0.2095   0.0923  -0.2458  -0.2773  -0.1916   0.0979
 -0.2168   0.0527  -0.2203  -0.2842  -0.1963   0.1173
 -0.3042   0.1561  -0.2102  -0.3668  -0.2453   0.1589
 -0.2613   0.0950  -0.2381  -0.3241  -0.2051   0.1561
 -0.2057  -0.0219  -0.2556  -0.2075  -0.2084   0.0653
 -0.2045   0.0184  -0.2600  -0.2786  -0.1645   0.0921
 -0.1937  -0.0193  -0.2613  -0.3459  -0.1718   0.2091
 -0.1949   0.1966  -0.2969  -0.4091  -0.1221   0.1634
 -0.3247   0.1419  -0.0945  -0.2557  -0.2344   0.1532
 -0.2895  -0.0131   0.0926  -0.0388  -0.1862   0.0456
 -0.1563  -0.0706  -0.0736   0.0175  -0.1578   0.0266
 -0.0458  -0.2366  -0.2435   0.0564  -0.1170  -0.0092
 -0.0009  -0.2846  -0.2441   0.1124  -0.1084  -0.0580
  0.0166  -0.2998  -0.2635   0.0398  -0.1120   0.0899
  0.0303  -0.3898  -0.2675   0.0765  -0.1099  -0.0281
  0.0680  -0.2288  -0.2087   0.0760  -0.0958   0.0630
  0.0375  -0.3463  -0.2093   0.0516  -0.1029  -0.0708
 -0.0880  -0.2971  -0.0022   0.0960  -0.1332   0.0658
 -0.0835  -0.3062  -0.0373   0.0329  -0.1266   0.0479
  0.0268  -0.1555  -0.1727   0.0185  -0.0554   0.0158
 -0.0060  -0.2164  -0.1463  -0.0481  -0.0607   0.0751
 -0.0132  -0.2468  -0.2312  -0.0420  -0.0570   0.0845
 -0.0410  -0.3051  -0.2183   0.1055  -0.1026   0.0476
 -0.0730  -0.2603  -0.3426   0.1353  -0.2019   0.0584
 -0.0883  -0.1029  -0.3109   0.0283  -0.1543  -0.0074
 -0.0702  -0.2493  -0.2869   0.0901  -0.1534   0.0482
 -0.0630  -0.3381  -0.2844   0.1336  -0.1552   0.0242
 -0.0069  -0.0934  -0.2682  -0.2276  -0.1041   0.1602
 -0.0562  -0.1680  -0.2878  -0.0210  -0.1984   0.0468
 -0.0190  -0.3020  -0.2528  -0.0035  -0.1255   0.0763
  0.0033  -0.3673  -0.2180   0.0174  -0.1148   0.0744
  0.0003  -0.3185  -0.2188   0.0085  -0.0947   0.1240
  0.0593  -0.2662  -0.1338  -0.0064  -0.0806   0.0732
  0.0326  -0.2824  -0.1291   0.0725  -0.0833   0.0954
  0.0467  -0.3611  -0.0995   0.1658  -0.0716   0.0807
  0.0641  -0.3408  -0.1138   0.0916  -0.0680   0.0696
  0.0363  -0.3150  -0.1416   0.0214  -0.0609   0.0897
  0.0618  -0.3792  -0.1232   0.1049  -0.0670   0.0551
  0.0695  -0.3406  -0.1101   0.0711  -0.0692   0.1372
  0.0859  -0.2764  -0.1099  -0.0874  -0.0569   0.1750
  0.0846  -0.2632  -0.1164  -0.0230  -0.0524   0.1247
  0.1181  -0.3815  -0.0069   0.2122  -0.0371   0.0547
  0.1199  -0.3800  -0.0249   0.1658  -0.0502   0.0645
  0.1179  -0.3595  -0.0179   0.1660  -0.0336   0.0858
  0.1017  -0.3277  -0.0371   0.1134  -0.0317   0.0842
  0.1038  -0.3603  -0.0301   0.0990  -0.0383   0.0754
  0.1101  -0.3900  -0.0400   0.0887  -0.0310   0.1172
  0.1058  -0.3599  -0.0508   0.0966  -0.0336   0.0869
  0.1108  -0.3779  -0.0472   0.0975  -0.0329   0.1042
  0.1140  -0.3688  -0.0368   0.0846  -0.0315   0.0717
  0.1513  -0.3735   0.0115   0.1074  -0.0201   0.1159
  0.1284  -0.3601  -0.0217   0.1103  -0.0227   0.0949
  0.1245  -0.3525  -0.0191   0.0911  -0.0204   0.0621
  0.1231  -0.3498  -0.0233   0.0982  -0.0164   0.1070
  0.0934  -0.3518  -0.0221   0.0289  -0.0293   0.0918
  0.0985  -0.3895  -0.0339   0.0300  -0.0409   0.1006
  0.0993  -0.3645  -0.0269   0.0930  -0.0372   0.0380
  0.0870  -0.3028   0.1467   0.3240   0.0132  -0.0331
  0.0720  -0.2881   0.1425   0.3426   0.0431  -0.0652
  0.1133  -0.3516   0.1239   0.4001   0.0418  -0.0282
  0.1114  -0.3348   0.2084   0.4326   0.0430  -0.0411
  0.1391  -0.4025   0.2206   0.4548   0.0671  -0.1100
  0.0773  -0.3019   0.3255   0.4019   0.0529  -0.0438
  0.1083  -0.2717   0.3420   0.2155   0.0647  -0.0374
  0.1387   0.0205   0.3384  -0.0014   0.1469   0.1051
  0.0982  -0.1516   0.4325  -0.1939   0.1524   0.2092
  0.1557  -0.1298   0.4798  -0.1363   0.1548   0.0810
  0.1207  -0.5134   0.5600   0.5822   0.1614  -0.1441
  0.1250  -0.5440   0.5591   0.5961   0.1591  -0.2446
  0.1582  -0.4925   0.4865   0.6062   0.1480  -0.0962
  0.1842  -0.2395   0.5012   0.4174   0.1725  -0.1138
  0.2064  -0.1534   0.5049   0.3306   0.1727  -0.0979
  0.1913  -0.4390   0.5312   0.6656   0.1676  -0.2566
  0.2087  -0.3870   0.5994   0.7038   0.1915  -0.2065
  0.1977  -0.4302   0.5658   0.6534   0.1828  -0.1943
  0.2169  -0.3640   0.5515   0.5112   0.1873  -0.1450
  0.3123   2.7649   1.3879   0.5408   0.5622  -1.3195
  0.2504   1.3814   1.3099   0.6337   0.4889  -0.9903
  0.3658   0.7457   1.2416   0.6866   0.4934  -0.7934
  0.2842   0.6338   1.2764   0.8953   0.4842  -0.7613
  0.2574   0.4586   1.2649   0.8774   0.5054  -0.6875
  0.2871   0.2192   1.2107   0.9458   0.4654  -0.6361
  0.3324   0.0104   1.1726   0.9256   0.4625  -0.5702
  0.3231   0.0443   1.1652   0.9793   0.4781  -0.5305
  0.3127  -0.0342   1.2090   1.1758   0.4994  -0.6010
  0.2743   0.0885   1.1718   1.1726   0.4447  -0.7145
  0.2593   0.0331   1.3391   1.1118   0.5068  -0.7237
  0.2866   0.3246   1.3197   0.8470   0.5054  -0.5373
  0.3394   0.2706   1.3565   0.9798   0.5352  -0.6389
  0.3225   0.2029   1.3348   1.0550   0.5428  -0.6673
  0.3261   0.0946   1.3278   1.0710   0.5231  -0.5551
  0.3402   0.2350   1.2720   0.8913   0.5260  -0.5134
  0.3548   0.1643   1.3114   0.9102   0.5362  -0.5702
  0.3584   0.0617   1.3133   1.0566   0.5342  -0.5771
  0.3397   0.1314   1.2536   0.9613   0.5220  -0.5390
  0.3817   0.4701   1.4316   1.4642   0.6038  -0.8576
  0.4681   0.0424   1.9035   2.0070   0.8422  -0.7848
  0.4785  -0.2268   1.8402   1.7348   0.7689  -0.6193
  0.3647   0.2047   1.8593   1.6412   0.7836  -0.7313
  0.4463  -0.0547   1.8627   1.7719   0.8161  -0.7731
  0.4117  -0.0257   1.7735   1.5320   0.7708  -0.6564
  0.4050  -0.2564   1.6727   1.5108   0.7200  -0.5914
  0.4092  -0.1986   1.6437   1.4387   0.7196  -0.5730
  0.4208  -0.2867   1.6824   1.6290   0.7323  -0.6725
