 -0.0464  -0.3184  -0.6892   0.1996  -0.2655   0.1988
 -0.0497  -0.3689  -0.6955   0.2568  -0.2720   0.2631
 -0.0317  -0.3957  -0.6886   0.3086  -0.2659   0.2141
 -0.0214  -0.3259  -0.6707   0.2546  -0.2505   0.2116
 -0.0168  -0.4014  -0.6723   0.3959  -0.2546   0.1545
  0.0127  -0.3273  -0.6466   0.2729  -0.2317   0.1768
 -0.0073  -0.3807  -0.6519   0.3403  -0.2445   0.1906
 -0.0132  -0.3872  -0.6553   0.3373  -0.2475   0.1952
 -0.0152  -0.3917  -0.6456   0.3346  -0.2420   0.2318
 -0.0106  -0.4388  -0.6548   0.4478  -0.2409   0.2280
 -0.0133  -0.4320  -0.5793   0.2507  -0.2124   0.1742
 -0.0414  -0.6000  -0.5003  -0.2723  -0.1084   0.5454
 -0.0479  -0.4981  -0.4621  -0.1713  -0.0775   0.6148
 -0.0460  -0.4955  -0.4787  -0.1019  -0.1032   0.3977
 -0.0338  -0.4941  -0.4838  -0.1251  -0.0931   0.3949
 -0.0364  -0.5449  -0.4564  -0.1449  -0.0968   0.3646
 -0.0071  -0.4711  -0.4212  -0.1228  -0.0720   0.3835
 -0.0240  -0.4650  -0.4020  -0.0379  -0.0849   0.3210
 -0.0407  -0.4250  -0.4331  -0.0429  -0.0983   0.2871
 -0.0076  -0.4461  -0.4180  -0.0646  -0.0879   0.3325
 -0.0090  -0.4227  -0.4215  -0.0018  -0.0766   0.2404
  0.0008  -0.4236  -0.4155  -0.0192  -0.0761   0.3148
  0.0108  -0.4475  -0.3928   0.0021  -0.0661   0.2541
  0.0206  -0.3980  -0.3881   0.0430  -0.0686   0.1856
  0.0392  -0.3925  -0.3552  -0.0169  -0.0542   0.2036
  0.0323  -0.3743  -0.3537   0.0018  -0.0491   0.1615
  0.0625  -0.3540  -0.3272  -0.0580  -0.0289   0.2109
  0.0732  -0.3554  -0.3090  -0.0074  -0.0294   0.2001
  0.0466  -0.3389  -0.2966  -0.0630  -0.0271   0.2777
  0.0659  -0.3561  -0.2953  -0.0538  -0.0327   0.2463
  0.0488  -0.3538  -0.3013  -0.0127  -0.0360   0.3080
  0.0548  -0.3561  -0.2876  -0.0521  -0.0291   0.1660
  0.0646  -0.3383  -0.2784  -0.1133  -0.0249   0.2911
  0.0548  -0.3279  -0.2798  -0.0421  -0.0259   0.2180
  0.0694  -0.3165  -0.2733  -0.1199  -0.0127   0.3254
  0.0586  -0.2883  -0.2498  -0.0850  -0.0114   0.2242
  0.0716  -0.2785  -0.2698  -0.0859  -0.0190   0.2481
  0.0500  -0.2076  -0.2370  -0.1518  -0.0121   0.1846
  0.0425  -0.2458  -0.2541  -0.0797  -0.0224   0.2002
  0.0436  -0.2127  -0.2581  -0.1797  -0.0214   0.2123
  0.0328  -0.2445  -0.2723  -0.0828  -0.0184   0.1525
  0.0429  -0.2144  -0.2708  -0.1186  -0.0217   0.1897
  0.0359  -0.2176  -0.2649  -0.0678  -0.0292   0.1981
  0.0236  -0.1634  -0.2578  -0.1013  -0.0320   0.1424
  0.0254  -0.0974  -0.2353  -0.1186  -0.0278   0.1563
  0.0088  -0.1446  -0.2520   0.0126  -0.0307   0.0778
  0.0335  -0.1195  -0.2536  -0.1280  -0.0113   0.0824
  0.0856  -0.1513  -0.1968  -0.0397   0.0191   0.0581
  0.0763  -0.1045  -0.1874  -0.1403   0.0290   0.0247
  0.0679  -0.0639  -0.1624  -0.2059   0.0294   0.0299
  0.0589  -0.0872  -0.1680  -0.1369   0.0217   0.0825
  0.0778  -0.0246  -0.1642  -0.1808   0.0304   0.1790
  0.0623  -0.0464  -0.1776  -0.1734   0.0302   0.1409
  0.0501  -0.0304  -0.1765  -0.1616   0.0187   0.0409
  0.0431  -0.0181  -0.1703  -0.2001   0.0130   0.1006
  0.0526  -0.0512  -0.1641  -0.1136   0.0228   0.1354
  0.0654  -0.0271  -0.1592  -0.1302   0.0243   0.1236
  0.0590  -0.0221  -0.1737  -0.0981   0.0236   0.1459
  0.0569  -0.0337  -0.1594  -0.0746   0.0187   0.1242
  0.0827  -0.0202  -0.1491  -0.1290   0.0391   0.1202
  0.0550  -0.0607  -0.1656  -0.0192   0.0207   0.1446
  0.0692  -0.0366  -0.1539  -0.0767   0.0256   0.1013
  0.0744   0.0149  -0.1595  -0.1275   0.0345   0.0845
  0.0723   0.0315  -0.1275  -0.1170   0.0353   0.1087
  0.0629  -0.0086  -0.1373   0.0141   0.0288   0.1300
  0.0690  -0.0144  -0.1326  -0.0327   0.0296   0.0713
  0.0704  -0.0270  -0.1404  -0.0457   0.0327   0.0431
  0.0532  -0.0394  -0.1544   0.0462   0.0208   0.0833
  0.0637   0.0094  -0.1640  -0.1062   0.0102   0.0987
  0.0572  -0.0413  -0.1411  -0.0782   0.0257   0.0224
  0.0273  -0.0046  -0.1400  -0.1451   0.0073   0.1584
  0.0013  -0.0400  -0.1579  -0.0313  -0.0044   0.1345
  0.0115   0.0227  -0.1485  -0.1361  -0.0049   0.1287
 -0.0010   0.0539  -0.1538  -0.2356  -0.0005   0.1382
 -0.0033   0.0025  -0.1558  -0.1734  -0.0001   0.1537
  0.0024   0.0044  -0.1457  -0.1612  -0.0000   0.1555
 -0.0289   0.0016  -0.1524  -0.1085  -0.0086   0.1333
 -0.0483  -0.0271  -0.1428  -0.0865  -0.0236   0.1439
 -0.0726   0.0046  -0.1539  -0.2743  -0.0442   0.3332
 -0.0534   0.0296  -0.1640  -0.2214  -0.0593   0.2698
 -0.0493   0.0243  -0.1539  -0.3034  -0.0764   0.1852
  0.0049   0.0633  -0.1352  -0.5280  -0.0339   0.1529
  0.0091   0.0676  -0.1072  -0.3387  -0.0220  -0.0036
 -0.0041   0.0360  -0.1008  -0.6828  -0.0418  -0.0688
 -0.0042   0.1537  -0.0646  -0.6810  -0.0110   0.0073
 -0.0143   0.1229  -0.0413  -0.5600  -0.0253  -0.0519
 -0.0136   0.1845  -0.0268  -0.5373  -0.0265   0.0649
 -0.0143   0.1697  -0.0243  -0.4727  -0.0178   0.0252
  0.0035   0.1432  -0.0060  -0.3806  -0.0132  -0.0598
  0.0126   0.1629   0.0608  -0.4328   0.0074  -0.0734
  0.0115   0.0499   0.0762  -0.3602  -0.0061  -0.2301
  0.0005   0.1601   0.1221  -0.3370  -0.0021  -0.1950
 -0.0121   0.2113   0.1562  -0.2860  -0.0111  -0.1529
 -0.0259   0.1918   0.1615  -0.2270  -0.0199  -0.1783
 -0.0259   0.2126   0.1802  -0.2427  -0.0038  -0.1643
 -0.0301   0.1414   0.1920  -0.1171  -0.0015  -0.1067
 -0.0425   0.1493   0.1804  -0.1261  -0.0125  -0.0538
 -0.0465   0.1509   0.2036  -0.1243   0.0037  -0.0296
 -0.0448   0.1436   0.2236  -0.0805  -0.0025  -0.0880
 -0.0435   0.1750   0.2374  -0.0978   0.0035  -0.0432
 -0.0469   0.1781   0.2449  -0.0118  -0.0032  -0.0287
 -0.0385   0.1808   0.2408  -0.0229  -0.0040  -0.0293
 -0.0453   0.2160   0.2368  -0.0395   0.0031  -0.0143
 -0.0387   0.1849   0.2589   0.0282  -0.0004  -0.1115
 -0.0456   0.2003   0.2403   0.0155  -0.0119  -0.0781
 -0.0665   0.2159   0.2252   0.0322  -0.0156  -0.1449
 -0.0608   0.1635   0.2241   0.0816  -0.0216  -0.1061
 -0.0753   0.1641   0.2254   0.0238  -0.0196  -0.1061
 -0.0688   0.1504   0.2348   0.0854  -0.0113  -0.1293
 -0.0696   0.1734   0.2379   0.0432  -0.0208  -0.1245
 -0.0676   0.1689   0.2303   0.0918  -0.0209  -0.1298
 -0.0602   0.1814   0.2498   0.0471  -0.0178  -0.1351
 -0.0358   0.1877   0.2519   0.0480   0.0017  -0.1321
 -0.0287   0.1530   0.2631   0.0625   0.0080  -0.1972
 -0.0228   0.1721   0.2822  -0.0020   0.0150  -0.0819
 -0.0270   0.1602   0.2810   0.0875   0.0177  -0.1550
 -0.0181   0.1785   0.3027   0.0804   0.0189  -0.0865
 -0.0326   0.2133   0.2971   0.0592   0.0183  -0.1342
 -0.0182   0.1743   0.2994   0.0968   0.0191  -0.1478
 -0.0203   0.2074   0.2900   0.0445   0.0234  -0.2015
 -0.0081   0.2099   0.3151   0.1029   0.0277  -0.1284
 -0.0050   0.2053   0.3115   0.0830   0.0299  -0.1754
 -0.0099   0.2188   0.3168   0.0961   0.0336  -0.1357
 -0.0055   0.1997   0.3440   0.1348   0.0525  -0.1480
 -0.0087   0.2036   0.3156   0.0943   0.0450  -0.1071
 -0.0041   0.2008   0.3119   0.1632   0.0423  -0.1525
 -0.0081   0.2128   0.3358   0.1330   0.0454  -0.0891
 -0.0005   0.2053   0.3464   0.1622   0.0590  -0.1017
 -0.0110   0.2167   0.3575   0.1772   0.0472  -0.1211
  0.0043   0.2803   0.3517   0.0846   0.0646  -0.1575
 -0.0133   0.2313   0.3709   0.1514   0.0565  -0.1796
 -0.0257   0.2594   0.3719   0.1002   0.0529  -0.2343
 -0.0127   0.2198   0.4235   0.1521   0.0791  -0.2847
 -0.0173   0.2701   0.4317   0.1348   0.0710  -0.2506
 -0.0185   0.2341   0.4186   0.1931   0.0690  -0.1826
 -0.0189   0.2471   0.4131   0.1679   0.0580  -0.2726
 -0.0397   0.2462   0.4145   0.2124   0.0554  -0.2503
 -0.0455   0.2206   0.4176   0.2145   0.0629  -0.2970
 -0.0430   0.2341   0.4128   0.1483   0.0529  -0.2476
 -0.0431   0.2674   0.4107   0.1446   0.0659  -0.2189
 -0.0231   0.2558   0.4196   0.1068   0.0918  -0.3327
 -0.0248   0.2511   0.4520   0.1982   0.1100  -0.3340
 -0.0165   0.2772   0.4990   0.3047   0.1324  -0.2765
 -0.0145   0.2815   0.4867   0.3107   0.1303  -0.2784
 -0.0130   0.2694   0.4768   0.3090   0.1321  -0.2311
 -0.0024   0.2489   0.4987   0.3701   0.1434  -0.3420
  0.0025   0.2665   0.4897   0.2994   0.1411  -0.2644
 -0.0134   0.2646   0.5016   0.2873   0.1460  -0.2839
 -0.0170   0.2603   0.5015   0.3125   0.1485  -0.3353
 -0.0300   0.2603   0.5020   0.3253   0.1486  -0.3122
 -0.0281   0.2743   0.4884   0.3415   0.1369  -0.3973
 -0.0250   0.3096   0.5157   0.3482   0.1505  -0.3590
 -0.0283   0.2832   0.5083   0.3976   0.1396  -0.4101
 -0.0351   0.3021   0.4949   0.3642   0.1393  -0.3680
 -0.0354   0.2836   0.5035   0.4081   0.1322  -0.4097
 -0.0244   0.3231   0.5199   0.3465   0.1363  -0.4190
 -0.0221   0.3143   0.5128   0.3724   0.1477  -0.4284
  0.0093   0.3375   0.5020   0.3059   0.1548  -0.4515
 -0.0055   0.3243   0.5084   0.3392   0.1636  -0.4765
  0.0171   0.3534   0.5561   0.3249   0.1828  -0.5470
  0.0047   0.3684   0.5620   0.3628   0.1842  -0.5137
  0.0179   0.3804   0.5836   0.3628   0.1857  -0.4913
