  0.0055   0.0157   0.0164   0.0238   0.0095   0.0059
  0.0014  -0.0339  -0.0134  -0.0249   0.0470  -0.0718
  0.0082  -0.0052  -0.0331   0.0438   0.0425   0.0367
 -0.0196  -0.0179  -0.0375   0.0987   0.0236   0.0580
 -0.0202  -0.0539  -0.0390   0.0945   0.0374  -0.0403
 -0.0462  -0.0362  -0.0803   0.0088   0.0208   0.1037
 -0.0223   0.0164  -0.0614   0.0256   0.0128  -0.0592
  0.0118   0.0630  -0.0877   0.0368  -0.0197   0.0071
 -0.0158   0.0521  -0.0753   0.0404  -0.0050   0.1651
  0.0341  -0.0102  -0.0470   0.0449  -0.0279  -0.0469
 -0.0449  -0.0538  -0.0818   0.0752  -0.0414  -0.1161
  0.0192   0.0049  -0.0770   0.0287  -0.0656   0.0175
  0.0262   0.0343  -0.0717  -0.0075  -0.0643   0.0598
  0.0107  -0.0170  -0.0626   0.0629  -0.1006  -0.0518
  0.0089   0.0787  -0.0468  -0.0495  -0.0058  -0.0909
 -0.0283  -0.1264  -0.0760  -0.0795   0.0331  -0.1624
 -0.0447  -0.1900  -0.0772  -0.0724   0.0139  -0.1187
 -0.0487  -0.0858  -0.0422   0.0047  -0.0014   0.0307
  0.0117  -0.0019  -0.0362   0.0106  -0.0074  -0.0245
  0.0188  -0.0273  -0.0223  -0.0016  -0.0334  -0.0271
  0.0608  -0.0498  -0.0479  -0.0170  -0.0550  -0.0269
  0.0535  -0.0260  -0.0442   0.0026  -0.0587   0.0480
 -0.0126  -0.0296  -0.0495  -0.0216   0.0199  -0.0018
 -0.0560  -0.0488  -0.0803  -0.1137   0.0474  -0.0249
 -0.0401  -0.0802  -0.0902  -0.0016   0.0129  -0.0679
 -0.0006  -0.0579  -0.0562   0.0350  -0.0598  -0.0830
 -0.0556  -0.0282  -0.0384   0.0211  -0.0443   0.0076
  0.0075  -0.0185  -0.0154   0.0546   0.0016   0.0241
  0.0113   0.0267  -0.0152  -0.0183   0.0067  -0.0025
  0.0192   0.0040  -0.0037   0.1211  -0.0188   0.0115
  0.0293   0.0306   0.0182   0.0909  -0.0231  -0.0447
  0.0444   0.0385   0.0421  -0.0667  -0.0384  -0.0195
  0.0284   0.0042   0.0127  -0.0226  -0.0210   0.0639
 -0.0417   0.0308   0.0178   0.0542  -0.0503  -0.0045
  0.0303   0.0096   0.0172   0.0639  -0.0086   0.0353
 -0.0341  -0.0730   0.0239   0.0368   0.0627   0.0554
 -0.0255  -0.0069   0.0095   0.0133   0.0190   0.0071
 -0.0159   0.0520   0.0406   0.0460   0.0594   0.0068
  0.0026  -0.0285   0.0217  -0.0076   0.0615   0.1569
  0.0293  -0.0130   0.0567   0.0120   0.0091   0.0313
  0.0120   0.0258   0.0081   0.0152   0.0318  -0.0477
  0.0199   0.0062   0.0447   0.0531   0.0659   0.0375
  0.0131   0.0062   0.0270  -0.0243   0.0468   0.0425
  0.0348   0.0054   0.0405   0.0159  -0.0179   0.0946
  0.0139   0.0013   0.0040   0.0291  -0.0521   0.0411
  0.0005  -0.0103   0.0251   0.0087  -0.0170   0.0216
  0.0300  -0.0114   0.0185   0.0079   0.0700   0.0072
 -0.0256   0.0107  -0.0135   0.0126  -0.0181   0.0544
  0.0156  -0.0496   0.0027   0.0410  -0.0290   0.0023
 -0.0109  -0.0058   0.0039  -0.0976  -0.0283  -0.0635
  0.0488  -0.0262  -0.0006  -0.1579  -0.0571  -0.0822
 -0.0058  -0.0862  -0.0147  -0.0778  -0.0829  -0.0875
 -0.0095  -0.0884  -0.0543   0.0642  -0.0635   0.0197
  0.0096  -0.0967  -0.0563   0.1228  -0.0524   0.0403
 -0.0050  -0.0243  -0.0319   0.1383  -0.0094   0.0275
  0.0125   0.0460  -0.0400  -0.1064  -0.0602   0.0123
  0.0190   0.0304  -0.0235  -0.0934  -0.0242  -0.0079
  0.0204   0.0532  -0.0252   0.0505   0.0586   0.0578
  0.0147   0.0117  -0.0054   0.0269   0.0041   0.0356
  0.0308   0.0393   0.0193  -0.0018   0.0240   0.0082
  0.0309   0.0943   0.0414  -0.0539   0.0426   0.0681
  0.0887  -0.0194  -0.0910  -0.0130  -0.1381  -0.0714
  0.0904  -0.0099  -0.0560   0.0612  -0.1324  -0.0613
 -0.0037   0.0271  -0.0286   0.0492   0.0671   0.1005
  0.0033  -0.0084  -0.0167  -0.0587   0.0069  -0.0017
 -0.0032   0.0143   0.0147  -0.0354   0.0354  -0.0309
 -0.0071   0.0607  -0.0231   0.0361   0.0480   0.1758
 -0.0048  -0.0085  -0.0223   0.0507   0.0715  -0.1390
 -0.0086   0.0297   0.0145  -0.0666   0.1126  -0.0941
 -0.0372   0.0684  -0.0023  -0.0478   0.0812   0.0171
 -0.0197   0.0342   0.0170  -0.0479  -0.0216  -0.0058
 -0.0548  -0.0986   0.1014   0.1933   0.0114   0.2698
 -0.0479   0.0442   0.0202  -0.0186   0.0545   0.0712
 -0.0044   0.0662  -0.0475  -0.3219   0.0658  -0.2400
  0.0002   0.0015  -0.0318  -0.1253   0.0081  -0.1198
 -0.0406   0.0545  -0.0050  -0.0302   0.0127  -0.0424
 -0.0436   0.0297  -0.0132  -0.0722  -0.0509  -0.1075
 -0.0134   0.0553   0.0169  -0.0207  -0.2031  -0.0235
 -0.0316   0.0466   0.0050   0.0558  -0.1487   0.0798
 -0.0261  -0.0421  -0.0017  -0.0127   0.1110  -0.0053
 -0.0238  -0.0303   0.0015  -0.0491   0.0383  -0.0192
 -0.0605  -0.0380  -0.0424   0.0156  -0.0340   0.0372
 -0.0741  -0.0630  -0.0111   0.0024  -0.1072   0.0249
  0.0036   0.0401   0.0322   0.0074  -0.0133   0.0252
  0.0331   0.0570   0.0164   0.0224   0.0725   0.0103
 -0.0029   0.0825   0.0090   0.0217   0.0082   0.0717
  0.0135  -0.0052   0.0164   0.0235   0.0210  -0.0255
  0.0048  -0.0495  -0.0093  -0.0750   0.0473  -0.0106
  0.0219   0.0026  -0.0089   0.0609   0.0197   0.0734
  0.0100  -0.0247   0.0307   0.1310   0.0126  -0.0282
  0.0071  -0.0103   0.0201  -0.0105   0.0960  -0.0054
 -0.0137  -0.0491   0.0032   0.0086   0.0585  -0.0402
  0.0070  -0.0578   0.0286   0.0593   0.0103  -0.0484
  0.0001   0.0284   0.0812  -0.0527   0.0216  -0.0294
  0.0234   0.0115   0.0630  -0.0046  -0.0087   0.0736
  0.0209  -0.0218   0.1171   0.1276   0.0394   0.0045
  0.0156   0.0064   0.0778  -0.0058   0.0208   0.0098
  0.0135   0.0248   0.0651  -0.1374   0.0202   0.1049
  0.0275  -0.0298   0.0794  -0.1017   0.0967  -0.0579
  0.0103  -0.0312   0.0513   0.0387   0.0863  -0.0331
  0.0033   0.0094   0.0707   0.0264   0.0167   0.0681
 -0.0038   0.0368   0.0461  -0.0321   0.0343  -0.0753
  0.0033   0.0531   0.0574  -0.0342   0.0377  -0.0796
  0.0062   0.0092   0.0316   0.0410  -0.0794   0.0891
  0.0220   0.0777   0.0409   0.0137  -0.2410   0.0424
  0.0522   0.0982   0.0931  -0.0003  -0.1110  -0.0525
  0.0341   0.0593   0.0810  -0.0617   0.0900   0.1109
 -0.0062   0.0391   0.0565  -0.1168   0.0625   0.0074
  0.0429   0.0410   0.0858  -0.1178   0.0164  -0.0492
 -0.0225   0.0726   0.0169   0.0044  -0.0231   0.0213
 -0.0196  -0.0106   0.0263   0.1066  -0.0139  -0.0880
 -0.0133   0.0406  -0.0127  -0.0044   0.0010   0.1339
 -0.0181  -0.0085   0.0110  -0.0018  -0.0050  -0.0093
 -0.0201   0.0032   0.0168  -0.0720   0.0266  -0.1616
 -0.0242   0.0126   0.0271  -0.0927   0.0674  -0.0605
 -0.0536   0.0251   0.0679   0.0642   0.0452   0.0037
 -0.0271   0.0373   0.0336   0.0471  -0.0388   0.0786
  0.0165  -0.0761  -0.0061  -0.0831  -0.0271  -0.0958
 -0.0235  -0.0289  -0.0150   0.0439  -0.0367   0.0587
