 -0.0638   0.0458   0.1802   0.0737  -0.0573   0.0245
 -0.0555   0.0465   0.1846   0.0763  -0.0497   0.0172
 -0.0566   0.0524   0.1833   0.0703  -0.0358   0.0202
 -0.0553   0.0382   0.1784   0.0834  -0.0284   0.0056
 -0.0618   0.0306   0.1485   0.0898  -0.0328   0.0173
 -0.0604   0.0335   0.1530   0.0766  -0.0357   0.0249
 -0.0732   0.0314   0.1511   0.0862  -0.0348   0.0077
 -0.0717   0.0252   0.1414   0.1276  -0.0484   0.0219
 -0.0660   0.0306   0.1481   0.0838  -0.0421   0.0203
 -0.0630   0.0176   0.1390   0.1361  -0.0370   0.0146
 -0.0549   0.0247   0.1403   0.0947  -0.0399   0.0252
 -0.0591   0.0382   0.1346   0.0841  -0.0338   0.0097
 -0.0490   0.0190   0.1345   0.1134  -0.0311   0.0109
 -0.0473   0.0357   0.1352   0.0705  -0.0311   0.0127
 -0.0490   0.0245   0.1228   0.1315  -0.0285   0.0116
 -0.0465   0.0268   0.1240   0.1025  -0.0243   0.0285
 -0.0450   0.0478   0.1328   0.0608  -0.0074   0.0250
 -0.0472   0.0288   0.1244   0.1477  -0.0182   0.0109
 -0.0413   0.0364   0.1363   0.1018  -0.0127   0.0194
 -0.0412   0.0329   0.1350   0.1100  -0.0069   0.0121
 -0.0454   0.0313   0.1284   0.1163  -0.0162   0.0116
 -0.0434   0.0495   0.1381   0.0886  -0.0089   0.0170
 -0.0473   0.0310   0.1149   0.1426  -0.0148   0.0028
 -0.0491   0.0458   0.1200   0.1240  -0.0212   0.0286
 -0.0483   0.0388   0.1228   0.1241  -0.0143   0.0029
 -0.0538   0.0399   0.1126   0.1066  -0.0162   0.0040
 -0.0567   0.0503   0.1147   0.0782  -0.0036   0.0066
 -0.0618   0.0262   0.0956   0.1005  -0.0255   0.0028
 -0.0595   0.0359   0.1003   0.0789  -0.0215   0.0189
 -0.0593   0.0431   0.1004   0.0894  -0.0072  -0.0005
 -0.0631   0.0288   0.0886   0.1158  -0.0144   0.0195
 -0.0609   0.0361   0.0880   0.0984  -0.0155   0.0089
 -0.0586   0.0482   0.0900   0.0793  -0.0071  -0.0028
 -0.0555   0.0592   0.0721   0.1295  -0.0077  -0.0020
 -0.0399   0.0549   0.0512   0.1345  -0.0109   0.0077
 -0.0354   0.0580   0.0542   0.0773   0.0049   0.0051
 -0.0412   0.0541   0.0420   0.1102  -0.0091   0.0063
 -0.0420   0.0526   0.0507   0.0849  -0.0154   0.0127
 -0.0425   0.0714   0.0533   0.0565  -0.0021  -0.0130
 -0.0418   0.0530   0.0356   0.1339  -0.0150  -0.0071
 -0.0438   0.0701   0.0307   0.0901  -0.0167   0.0150
 -0.0437   0.0677   0.0317   0.0726  -0.0128  -0.0105
 -0.0399   0.0523   0.0163   0.1225  -0.0277  -0.0046
 -0.0419   0.0844   0.0281   0.0794  -0.0137   0.0123
 -0.0365   0.0669   0.0100   0.1359  -0.0246  -0.0216
 -0.0403   0.0794   0.0140   0.0897  -0.0216   0.0143
 -0.0378   0.0893   0.0236   0.0684  -0.0019  -0.0068
 -0.0353   0.0620   0.0038   0.1198  -0.0154  -0.0152
 -0.0281   0.0718   0.0100   0.0514   0.0058   0.0023
 -0.0202   0.0670  -0.0125   0.0898  -0.0091  -0.0165
 -0.0150   0.0645  -0.0201   0.0528  -0.0111   0.0074
 -0.0172   0.0932  -0.0212   0.0041   0.0037  -0.0015
 -0.0077   0.0753  -0.0650   0.0868  -0.0225  -0.0195
 -0.0158   0.0717  -0.0299   0.0088  -0.0027  -0.0085
 -0.0146   0.0616  -0.0338   0.0281  -0.0030  -0.0214
 -0.0119   0.0472  -0.0501  -0.0065  -0.0046  -0.0146
 -0.0120   0.0745  -0.0468   0.0001  -0.0095  -0.0100
 -0.0096   0.0578  -0.0551   0.0193  -0.0128  -0.0202
 -0.0059   0.0630  -0.0444   0.0138  -0.0059  -0.0051
  0.0140   0.0798  -0.0288  -0.0254   0.0301  -0.0103
  0.0089   0.0544  -0.0559   0.0572   0.0154  -0.0015
  0.0072   0.0768  -0.0371  -0.0427   0.0164   0.0012
  0.0081   0.0503  -0.0424   0.0157  -0.0013  -0.0210
  0.0071   0.0553  -0.0358  -0.0005   0.0121   0.0017
  0.0041   0.0744  -0.0361  -0.0177   0.0134  -0.0210
 -0.0026   0.0876  -0.0273  -0.0101   0.0187  -0.0128
  0.0008   0.0764  -0.0492   0.0248   0.0111  -0.0176
  0.0063   0.0857  -0.0373  -0.0580   0.0269  -0.0101
  0.0185   0.0578  -0.0714   0.0016   0.0076  -0.0133
  0.0065   0.0928  -0.0506  -0.0649   0.0126  -0.0155
  0.0079   0.0734  -0.0641  -0.0152   0.0077  -0.0371
  0.0024   0.0806  -0.0680  -0.1561   0.0020  -0.0174
  0.0105   0.0808  -0.0873  -0.0932  -0.0017  -0.0351
  0.0103   0.0673  -0.0821  -0.1200  -0.0091  -0.0355
  0.0092   0.0433  -0.0670  -0.1142   0.0095  -0.0053
  0.0354  -0.0422  -0.0593  -0.0676   0.0071  -0.0541
  0.0315  -0.0363  -0.0608  -0.0940   0.0014   0.0034
  0.0288  -0.0254  -0.0622  -0.0781  -0.0076  -0.0061
  0.0308  -0.0181  -0.0652  -0.0763  -0.0098  -0.0119
  0.0290  -0.0101  -0.0679  -0.0865  -0.0069  -0.0152
  0.0288  -0.0197  -0.0656  -0.0831  -0.0144  -0.0109
  0.0252  -0.0228  -0.0637  -0.0964  -0.0165  -0.0041
  0.0256  -0.0243  -0.0724  -0.0767  -0.0222  -0.0160
  0.0331  -0.0320  -0.0545  -0.0791  -0.0147   0.0021
  0.0473  -0.0686  -0.0532  -0.0848  -0.0012  -0.0088
  0.0401  -0.0678  -0.0613  -0.0597  -0.0053  -0.0107
  0.0480  -0.0745  -0.0537  -0.0820  -0.0009   0.0037
  0.0441  -0.0815  -0.0561  -0.0596   0.0067  -0.0160
  0.0497  -0.1052  -0.0682  -0.0879   0.0147   0.0042
  0.0690  -0.1069  -0.0617  -0.1205   0.0345   0.0109
  0.0610  -0.1183  -0.0763  -0.0435   0.0275  -0.0025
  0.0663  -0.1084  -0.0646  -0.0958   0.0270   0.0217
  0.0588  -0.1196  -0.0699  -0.0638   0.0195   0.0107
  0.0682  -0.1222  -0.0723  -0.0729   0.0236   0.0138
  0.0608  -0.1111  -0.0781  -0.0209   0.0261   0.0109
  0.0724  -0.1263  -0.0727  -0.0912   0.0277   0.0165
  0.0713  -0.1172  -0.0648  -0.1116   0.0367   0.0055
  0.0749  -0.1292  -0.0829  -0.0846   0.0352   0.0033
  0.0707  -0.1198  -0.0662  -0.1574   0.0377   0.0020
  0.0705  -0.1071  -0.1028  -0.0631   0.0258   0.0102
  0.0733  -0.1102  -0.0986  -0.1028   0.0288   0.0036
  0.0718  -0.1120  -0.0972  -0.1142   0.0406  -0.0037
  0.0829  -0.1218  -0.0947  -0.1355   0.0469   0.0060
  0.0853  -0.1116  -0.0920  -0.1208   0.0619  -0.0044
  0.0821  -0.1083  -0.1030  -0.0720   0.0523  -0.0026
  0.0697  -0.1047  -0.0768  -0.1989   0.0385  -0.0090
  0.0691  -0.1089  -0.0979  -0.1263   0.0325  -0.0157
  0.0490  -0.0781  -0.0974  -0.1496   0.0461  -0.0214
  0.0584  -0.0976  -0.1161  -0.1095   0.0366  -0.0293
  0.0624  -0.1019  -0.1067  -0.1576   0.0328  -0.0029
  0.0674  -0.1220  -0.0948  -0.1394   0.0345   0.0008
  0.0598  -0.1182  -0.1011  -0.1125   0.0266   0.0014
  0.0563  -0.1139  -0.0984  -0.1094   0.0295   0.0092
  0.0534  -0.0938  -0.0859  -0.1263   0.0339   0.0025
  0.0511  -0.1048  -0.1026  -0.0925   0.0254  -0.0070
  0.0520  -0.0985  -0.0933  -0.1210   0.0215  -0.0004
  0.0489  -0.0938  -0.0918  -0.1243   0.0277  -0.0103
  0.0516  -0.1034  -0.1080  -0.1014   0.0219   0.0043
  0.0542  -0.1057  -0.1012  -0.1383   0.0254  -0.0099
  0.0564  -0.1096  -0.1028  -0.1469   0.0142  -0.0051
