 -0.4882   0.2052  -0.4465   0.2070  -0.2333  -0.0644
 -0.5035   0.1639  -0.4281   0.2074  -0.2326  -0.0477
 -0.4845   0.2088  -0.4440   0.2051  -0.2297  -0.0551
 -0.5036   0.1599  -0.4276   0.2033  -0.2355   0.0169
 -0.4909   0.2015  -0.4420   0.1876  -0.2380  -0.0038
 -0.5069   0.1672  -0.4277   0.2104  -0.2339  -0.0650
 -0.4917   0.1972  -0.4471   0.1904  -0.2358  -0.0837
 -0.5053   0.1521  -0.4269   0.2146  -0.2418   0.0569
 -0.4899   0.1618  -0.4486   0.1929  -0.2394   0.0250
 -0.4961   0.1345  -0.4419   0.2211  -0.2435  -0.0717
 -0.4882   0.1281  -0.4452   0.1988  -0.2356  -0.1086
 -0.4954   0.1362  -0.4530   0.1998  -0.2478  -0.0578
 -0.4757   0.1184  -0.4137   0.1936  -0.2301  -0.0623
 -0.4401   0.1394  -0.3991   0.1589  -0.2234   0.1125
 -0.4214   0.0953  -0.3227   0.1890  -0.2054  -0.0009
 -0.3893   0.1208  -0.3437   0.1597  -0.1877  -0.0379
 -0.3822   0.0820  -0.3078   0.1784  -0.1863  -0.1014
 -0.3588   0.1002  -0.3106   0.1558  -0.1699  -0.1099
 -0.3785   0.0804  -0.3072   0.1750  -0.1778  -0.1522
 -0.3641   0.0939  -0.3167   0.1437  -0.1709  -0.0718
 -0.3228   0.0904  -0.2785   0.1262  -0.1606  -0.0614
 -0.2389   0.0296  -0.1565   0.1527  -0.0887   0.0024
 -0.2120   0.0823  -0.1803   0.1186  -0.0804  -0.0827
 -0.1956   0.0244  -0.1627   0.1297  -0.1108   0.0076
 -0.1864  -0.0037  -0.1979   0.1276  -0.1147  -0.1106
 -0.2092   0.0265  -0.2291   0.1266  -0.1264   0.0411
 -0.1847  -0.0148  -0.1866   0.1254  -0.1216   0.0672
 -0.1788   0.0619  -0.2427   0.0839  -0.1149  -0.0936
 -0.1923   0.0050  -0.2024   0.1365  -0.1183  -0.0852
 -0.2037   0.0170  -0.2133   0.1161  -0.1145  -0.2631
 -0.2058   0.0199  -0.2059   0.1185  -0.1182  -0.1290
 -0.1911   0.0085  -0.1631   0.1327  -0.0909   0.0431
 -0.1950   0.0335  -0.1966   0.1389  -0.0996   0.0127
 -0.1876  -0.0236  -0.1527   0.1616  -0.0969  -0.0350
 -0.1643   0.0269  -0.1751   0.1189  -0.0843   0.0140
 -0.1604   0.0082  -0.1579   0.1224  -0.0836  -0.1576
 -0.1565   0.0019  -0.1462   0.0944  -0.0693   0.0318
 -0.1364   0.0225  -0.1485   0.1056  -0.0689  -0.0117
 -0.1236  -0.0246  -0.0966   0.1310  -0.0593  -0.0675
 -0.1187   0.0098  -0.1320   0.0916  -0.0569   0.0003
 -0.1275   0.0015  -0.1290   0.1110  -0.0610  -0.0739
 -0.1278  -0.0036  -0.1233   0.1109  -0.0539  -0.2349
 -0.1267   0.0075  -0.1391   0.1119  -0.0612  -0.2286
 -0.1401  -0.0160  -0.1341   0.0967  -0.0626  -0.2489
 -0.1362   0.0152  -0.1424   0.1001  -0.0672  -0.0240
 -0.1469  -0.0256  -0.1244   0.1006  -0.0688  -0.0696
 -0.1416   0.0204  -0.1443   0.1120  -0.0721  -0.0006
 -0.1523  -0.0292  -0.1219   0.1160  -0.0714   0.0008
 -0.1404   0.0213  -0.1435   0.1125  -0.0697  -0.1266
 -0.1518  -0.0378  -0.1193   0.1191  -0.0735   0.0445
 -0.1344   0.0131  -0.1436   0.1062  -0.0687   0.0487
 -0.1334  -0.0374  -0.1122   0.1221  -0.0715   0.0743
 -0.1153  -0.0064  -0.1291   0.1030  -0.0594  -0.0256
 -0.1198  -0.0102  -0.1269   0.1032  -0.0613  -0.2297
 -0.1212  -0.0457  -0.1100   0.0991  -0.0588   0.0084
 -0.1126  -0.0059  -0.1296   0.0713  -0.0569  -0.1379
 -0.1051  -0.0115  -0.1174   0.0652  -0.0563  -0.0635
 -0.0812  -0.0574  -0.0673   0.0739  -0.0448   0.0856
 -0.0716  -0.0196  -0.0865   0.0529  -0.0446   0.2053
 -0.0817  -0.0215  -0.0872   0.0657  -0.0484  -0.2170
 -0.0834  -0.0344  -0.0799   0.0555  -0.0450  -0.0541
 -0.0782  -0.0020  -0.0920   0.0480  -0.0430  -0.0569
 -0.0767  -0.0616  -0.0541   0.0697  -0.0373   0.0976
 -0.0626  -0.0148  -0.0791   0.0647  -0.0321   0.0037
 -0.0677  -0.0567  -0.0487   0.0812  -0.0390   0.0670
 -0.0512  -0.0344  -0.0677   0.0572  -0.0305   0.0400
 -0.0560  -0.0210  -0.0672   0.0497  -0.0307  -0.0505
 -0.0292  -0.0931  -0.0158   0.0783  -0.0283   0.0796
 -0.0176  -0.0347  -0.0483   0.0435  -0.0185  -0.0566
 -0.0201  -0.0464  -0.0298   0.0596  -0.0199  -0.0171
 -0.0190  -0.0625  -0.0199   0.0459  -0.0137  -0.0414
 -0.0071  -0.0372  -0.0316   0.0470  -0.0124   0.0082
 -0.0038  -0.1031   0.0186   0.0659  -0.0187   0.0103
  0.0098  -0.0480  -0.0228   0.0441  -0.0036  -0.0027
  0.0104  -0.0933   0.0083   0.0530  -0.0131   0.0772
  0.0248  -0.0571  -0.0024   0.0198   0.0016   0.1203
  0.0241  -0.0454  -0.0022   0.0229   0.0019   0.2235
  0.0180  -0.0980   0.0337   0.0406   0.0039   0.2674
  0.0314  -0.0428   0.0042   0.0166   0.0106   0.2020
  0.0335  -0.0579   0.0155   0.0214   0.0065   0.1898
  0.0396  -0.1012   0.0444   0.0331   0.0153   0.2323
  0.0434  -0.0468   0.0176   0.0151   0.0219  -0.0087
  0.0443  -0.1046   0.0626   0.0250   0.0155   0.1142
  0.0612  -0.0402   0.0249  -0.0064   0.0299  -0.0598
  0.0526  -0.0701   0.0482   0.0124   0.0244  -0.0775
  0.0355  -0.0454   0.0464  -0.0234   0.0220   0.1395
  0.0545   0.0154   0.0372  -0.0485   0.0240   0.0391
  0.0502   0.0287   0.0954  -0.0618   0.0154   0.1733
  0.0707   0.0631   0.0619  -0.0726   0.0347   0.1330
  0.0722   0.0629   0.0669  -0.0538   0.0320   0.1806
  0.0528   0.0929   0.0785  -0.0819   0.0365   0.0566
  0.0685   0.0249   0.0616  -0.0280   0.0404   0.0769
  0.0640  -0.0143   0.0882  -0.0144   0.0360   0.1864
  0.0708   0.0148   0.0768  -0.0414   0.0446   0.0102
  0.0775   0.0272   0.0771  -0.0473   0.0446  -0.0376
  0.0787   0.0051   0.0947  -0.0633   0.0480  -0.0681
  0.0825   0.0587   0.0726  -0.0712   0.0509   0.0700
  0.0764   0.0056   0.1051  -0.0222   0.0452  -0.0381
  0.0832   0.0322   0.0754  -0.0237   0.0517  -0.0164
  0.0943   0.0184   0.0735  -0.0108   0.0557  -0.1464
  0.0872  -0.0282   0.0947   0.0004   0.0550  -0.0265
  0.0916   0.0160   0.0760  -0.0294   0.0517   0.0923
  0.0885  -0.0157   0.0973  -0.0227   0.0469   0.0509
  0.0926   0.0013   0.0972  -0.0301   0.0588  -0.1827
  0.0941   0.0113   0.0847  -0.0498   0.0534  -0.1237
  0.0872  -0.0283   0.1124  -0.0250   0.0613   0.0216
  0.0927   0.0167   0.0862  -0.0639   0.0531   0.0786
  0.0813  -0.0226   0.1126  -0.0647   0.0567  -0.0603
  0.0905   0.0416   0.0847  -0.0861   0.0605  -0.1283
  0.0808  -0.0189   0.1160  -0.0622   0.0570   0.1211
  0.0988   0.0147   0.0916  -0.0394   0.0593   0.0625
  0.0973  -0.0006   0.0963  -0.0213   0.0582  -0.0191
  0.0934  -0.0491   0.1180  -0.0039   0.0614   0.0203
  0.1126   0.0037   0.0884  -0.0407   0.0578   0.1360
  0.0878  -0.0198   0.0985  -0.0187   0.0542  -0.0097
  0.0923  -0.0065   0.0985  -0.0543   0.0569   0.0213
  0.1003  -0.0013   0.0906  -0.0599   0.0557   0.1087
  0.0764  -0.0581   0.1126  -0.0267   0.0553   0.1248
  0.1057   0.0271   0.0767  -0.0795   0.0580   0.0442
  0.0933  -0.0141   0.0981  -0.0590   0.0543   0.1805
  0.0981  -0.0407   0.1208  -0.0640   0.0667   0.0570
  0.1086   0.0050   0.0827  -0.0939   0.0664  -0.1523
  0.1137  -0.0608   0.1342  -0.0429   0.0658  -0.1498
  0.1280   0.0008   0.1009  -0.0869   0.0746  -0.1811
  0.1243  -0.0112   0.1122  -0.0690   0.0701  -0.1861
  0.1581  -0.0169   0.1360  -0.0771   0.0741  -0.1094
  0.1481   0.0125   0.1291  -0.0642   0.0716  -0.1360
  0.1333  -0.0564   0.1521  -0.0332   0.0650   0.1070
  0.1463  -0.0017   0.1117  -0.0689   0.0708  -0.0457
  0.1321  -0.0506   0.1393  -0.0490   0.0653   0.1107
  0.1423  -0.0267   0.1292  -0.0714   0.0725   0.0949
  0.1442  -0.0126   0.1087  -0.0827   0.0737  -0.0961
  0.1314  -0.0773   0.1485  -0.0540   0.0714   0.0943
  0.1495   0.0018   0.1181  -0.1052   0.0725  -0.0191
  0.1306  -0.0495   0.1433  -0.0814   0.0638   0.0197
  0.1459  -0.0205   0.1385  -0.1084   0.0726   0.0115
  0.1582   0.0063   0.1245  -0.1125   0.0782  -0.2555
  0.1207  -0.0767   0.1514  -0.0714   0.0698   0.3207
  0.1503   0.0030   0.1162  -0.1077   0.0747   0.0786
  0.1346  -0.0537   0.1497  -0.0633   0.0706   0.1081
  0.1535  -0.0064   0.1314  -0.0998   0.0792  -0.1731
  0.1530   0.0034   0.1278  -0.1006   0.0773  -0.1613
  0.1355  -0.0570   0.1664  -0.0735   0.0806   0.0626
  0.1585   0.0162   0.1204  -0.1135   0.0780  -0.0237
  0.1507  -0.0212   0.1430  -0.0785   0.0694   0.1826
  0.1612   0.0052   0.1283  -0.0947   0.0795   0.0056
  0.1579  -0.0126   0.1392  -0.0799   0.0713   0.0241
  0.1576  -0.0082   0.1353  -0.0966   0.0767   0.1221
  0.1584   0.0077   0.1290  -0.0817   0.0738   0.0532
  0.1503  -0.0262   0.1457  -0.0741   0.0748   0.0024
  0.1637   0.0137   0.1242  -0.0693   0.0729   0.2483
  0.1471  -0.0431   0.1462  -0.0592   0.0692   0.0340
  0.1647   0.0155   0.1216  -0.0722   0.0749  -0.0206
  0.1484  -0.0288   0.1447  -0.0589   0.0672  -0.1552
  0.1542   0.0095   0.1255  -0.0915   0.0715   0.1056
  0.1555   0.0053   0.1292  -0.0760   0.0722   0.0248
  0.1529  -0.0348   0.1421  -0.0729   0.0737   0.1917
  0.1641  -0.0030   0.1236  -0.0913   0.0784  -0.0580
  0.1580  -0.0472   0.1445  -0.0760   0.0692   0.1775
  0.1719  -0.0117   0.1223  -0.1077   0.0736   0.1934
  0.1640  -0.0124   0.1233  -0.1164   0.0766   0.0905
  0.1459  -0.0648   0.1486  -0.0808   0.0761  -0.0717
  0.1689  -0.0146   0.1181  -0.1279   0.0767   0.1012
  0.1633  -0.0219   0.1322  -0.1210   0.0749   0.0102
  0.1609  -0.0444   0.1448  -0.1196   0.0735   0.0488
  0.1620   0.0019   0.1248  -0.1451   0.0762   0.0366
  0.1417  -0.0459   0.1511  -0.1434   0.0755   0.0028
  0.1601   0.0055   0.1293  -0.1444   0.0799  -0.0824
  0.1526  -0.0208   0.1418  -0.0881   0.0692   0.2184
  0.1483  -0.0215   0.1380  -0.0817   0.0764  -0.0307
  0.1700  -0.0124   0.1267  -0.0984   0.0791  -0.0074
  0.1537  -0.0708   0.1543  -0.0778   0.0755  -0.0026
  0.1720  -0.0109   0.1247  -0.1135   0.0762  -0.0462
  0.1590  -0.0261   0.1418  -0.1113   0.0742  -0.1128
  0.1558  -0.0285   0.1473  -0.1104   0.0756   0.0845
  0.1631   0.0058   0.1306  -0.1399   0.0687   0.0192
  0.1458  -0.0548   0.1547  -0.1066   0.0706   0.0860
  0.1473   0.0156   0.1116  -0.1358   0.0764  -0.2417
  0.1530  -0.0063   0.1393  -0.1023   0.0761  -0.1454
  0.1512  -0.0431   0.1542  -0.0934   0.0771   0.0178
  0.1686  -0.0011   0.1304  -0.1163   0.0819  -0.3444
  0.1532  -0.0369   0.1479  -0.0938   0.0672   0.1632
  0.1723  -0.0042   0.1315  -0.1185   0.0786  -0.1739
  0.1588  -0.0600   0.1622  -0.1052   0.0703  -0.0677
  0.1706  -0.0015   0.1324  -0.1465   0.0790   0.1174
  0.1498  -0.0384   0.1553  -0.1172   0.0694  -0.0184
  0.1613   0.0158   0.1296  -0.1187   0.0771  -0.0319
  0.1527  -0.0087   0.1433  -0.0877   0.0709   0.1592
  0.1495  -0.0274   0.1522  -0.0789   0.0752   0.1781
  0.1644  -0.0029   0.1343  -0.0973   0.0786  -0.0223
  0.1517  -0.0676   0.1616  -0.0558   0.0792   0.0538
  0.1683  -0.0205   0.1319  -0.1118   0.0792   0.1640
  0.1686  -0.0300   0.1394  -0.1016   0.0784   0.0150
  0.1629  -0.0641   0.1567  -0.0941   0.0811  -0.1679
  0.1735  -0.0201   0.1412  -0.1176   0.0781  -0.1141
  0.1656  -0.0510   0.1573  -0.1113   0.0763   0.0907
  0.1946  -0.0128   0.1385  -0.1385   0.0860   0.0027
  0.1657  -0.0499   0.1561  -0.1105   0.0830  -0.0613
  0.1857  -0.0152   0.1420  -0.1505   0.0853  -0.0375
  0.1863  -0.0150   0.1410  -0.1461   0.0870  -0.0628
