  0.0546  -0.2166  -0.0176  -0.1929  -0.0338   0.2099
  0.0408  -0.2038  -0.0121  -0.1626  -0.0414   0.1993
  0.0471  -0.1694  -0.0163  -0.1585  -0.0547   0.2061
  0.0500  -0.1736  -0.0228  -0.1572  -0.0425   0.1458
  0.0301  -0.1247  -0.0218  -0.1947  -0.0698   0.1568
 -0.0002  -0.0853  -0.0072  -0.1260  -0.0677   0.1459
  0.0123  -0.0875  -0.0036  -0.1566  -0.0545   0.0837
  0.0167  -0.0975  -0.0196  -0.0758  -0.0554   0.1577
  0.0125  -0.0704  -0.0305  -0.1162  -0.0676   0.1300
 -0.0033  -0.0946  -0.0243  -0.1452  -0.0730   0.0843
  0.0044  -0.0569  -0.0278  -0.1111  -0.0711   0.1692
  0.0251  -0.0893  -0.0280  -0.1353  -0.0376   0.1409
  0.0333  -0.0662  -0.0214  -0.1765  -0.0213   0.0720
  0.0309   0.0065  -0.0263  -0.2342  -0.0282   0.1735
  0.0213  -0.0405  -0.0169  -0.1186  -0.0239   0.0262
  0.0216  -0.0024  -0.0094  -0.1729  -0.0296   0.0679
  0.0175  -0.0320  -0.0288  -0.1740  -0.0427   0.0579
  0.0267  -0.0484  -0.0138  -0.1420  -0.0327   0.1106
  0.0099   0.0173  -0.0209  -0.1942  -0.0441   0.0713
  0.0099   0.0084  -0.0252  -0.1708  -0.0638   0.0420
  0.0128  -0.0746   0.0078  -0.0427  -0.0298   0.0688
  0.0099  -0.0278  -0.0339  -0.1142  -0.0492   0.0314
  0.0134  -0.0837  -0.0206  -0.0837  -0.0219   0.0791
  0.0136  -0.0126  -0.0161  -0.1190  -0.0214   0.1047
  0.0042  -0.0394  -0.0180  -0.1430  -0.0380   0.0480
  0.0064  -0.0405  -0.0019  -0.0528  -0.0158   0.0544
  0.0040  -0.0121  -0.0175  -0.1089  -0.0362   0.0527
 -0.0027  -0.0516  -0.0211  -0.0627  -0.0252   0.0372
 -0.0163  -0.0244  -0.0182  -0.0672  -0.0488   0.0791
 -0.0193   0.0021  -0.0343  -0.1280  -0.0664  -0.0002
 -0.0103  -0.0200  -0.0085  -0.1141  -0.0344   0.0423
 -0.0197  -0.0142  -0.0082  -0.0584  -0.0332  -0.0092
  0.0059  -0.0307  -0.0079  -0.0941  -0.0158  -0.0331
 -0.0063  -0.0468  -0.0014  -0.0383  -0.0187  -0.0006
 -0.0109  -0.0153  -0.0072  -0.0403  -0.0140   0.0089
 -0.0048   0.0057  -0.0112  -0.0810  -0.0213   0.0026
 -0.0063  -0.0030  -0.0262  -0.1034  -0.0263   0.0492
 -0.0281   0.0262  -0.0373  -0.0981  -0.0480   0.0265
 -0.0277  -0.0125  -0.0393  -0.0940  -0.0569  -0.0015
 -0.0284   0.0145  -0.0236  -0.1059  -0.0348   0.0548
 -0.0249   0.0179  -0.0344  -0.1273  -0.0548   0.0466
 -0.0361  -0.0015  -0.0346  -0.0982  -0.0624  -0.0064
 -0.0467   0.0577  -0.0356  -0.1197  -0.0756   0.0993
 -0.0379   0.0037  -0.0410  -0.1030  -0.0856   0.0373
 -0.0515   0.0209  -0.0480  -0.0711  -0.0870   0.0729
 -0.0535   0.0498  -0.0525  -0.1355  -0.1018   0.0330
 -0.0344   0.0216  -0.0484  -0.1240  -0.0825   0.0055
 -0.0361   0.0325  -0.0420  -0.1244  -0.0731   0.1060
 -0.0259   0.0651  -0.0348  -0.1642  -0.0782   0.0761
 -0.0072  -0.0128  -0.0377  -0.0764  -0.0589  -0.0245
 -0.0247   0.0139  -0.0361  -0.0554  -0.0617   0.0752
 -0.0136   0.0423  -0.0440  -0.0826  -0.0537   0.0395
 -0.0276   0.0071  -0.0380  -0.0332  -0.0640  -0.0047
 -0.0258   0.0334  -0.0319  -0.0481  -0.0638   0.0485
 -0.0356   0.0602  -0.0505  -0.1068  -0.0816  -0.0097
 -0.0373   0.0465  -0.0435  -0.0827  -0.0697   0.0343
 -0.0450   0.0614  -0.0481  -0.1034  -0.0876   0.0441
 -0.0473   0.0661  -0.0525  -0.1038  -0.0744   0.0065
 -0.0547   0.0729  -0.0511  -0.0741  -0.0989   0.0469
 -0.0623   0.0692  -0.0442  -0.0805  -0.1001   0.0400
 -0.0113   0.0214  -0.0296  -0.0499  -0.0587   0.0003
 -0.0130   0.0594  -0.0295  -0.1008  -0.0568   0.0184
 -0.0324   0.0818  -0.0265  -0.1086  -0.0608   0.0527
 -0.0303   0.0364  -0.0200  -0.0941  -0.0577   0.0248
 -0.0442   0.0423  -0.0247  -0.0451  -0.0693   0.0614
 -0.0418   0.0717  -0.0128  -0.0534  -0.0677   0.0069
 -0.0486   0.0617  -0.0253  -0.0685  -0.0846   0.0054
 -0.0289   0.0929   0.0007  -0.0821  -0.0316   0.0170
 -0.0288   0.1455  -0.0092  -0.1709  -0.0437   0.0437
 -0.0445   0.1744  -0.0395  -0.1856  -0.0800   0.0863
 -0.0543   0.1142  -0.0160  -0.0620  -0.0861   0.0381
 -0.0580   0.1690  -0.0336  -0.1560  -0.0955   0.0530
 -0.0420   0.1477  -0.0364  -0.1702  -0.0641   0.0334
 -0.0364   0.1632  -0.0135  -0.0939  -0.0502  -0.0244
 -0.0428   0.1303  -0.0145  -0.0387  -0.0543  -0.0587
 -0.0477   0.0906  -0.0297  -0.0522  -0.0746  -0.0082
 -0.0451   0.1211  -0.0236  -0.0466  -0.0802   0.0300
 -0.0358   0.1084  -0.0200  -0.0790  -0.0783   0.0209
 -0.0053  -0.0118  -0.0163   0.0238  -0.0265  -0.0166
 -0.0271   0.0445  -0.0175   0.0529  -0.0353   0.0098
 -0.0411   0.0195  -0.0229   0.0625  -0.0464  -0.0688
 -0.0433   0.0135  -0.0221   0.0842  -0.0535  -0.0035
 -0.0320   0.0574  -0.0202   0.0170  -0.0598   0.0526
 -0.0371  -0.0006  -0.0121   0.0890  -0.0616  -0.1028
 -0.0401   0.0445  -0.0230   0.0856  -0.0792   0.0220
 -0.0454   0.0395  -0.0280   0.0555  -0.0829  -0.0327
 -0.0440   0.0274  -0.0150   0.0872  -0.0406  -0.0344
 -0.0695   0.0247  -0.0149   0.1134  -0.0616  -0.0152
 -0.0499  -0.0063   0.0046   0.1208  -0.0370   0.0175
 -0.0583  -0.0057  -0.0046   0.1683  -0.0359  -0.0373
 -0.0606   0.0345  -0.0001   0.1504  -0.0474  -0.0591
 -0.0307   0.0157  -0.0007   0.0569  -0.0245  -0.0543
 -0.0342   0.0099  -0.0048   0.1289  -0.0255  -0.0774
 -0.0469   0.0445  -0.0020   0.1611  -0.0338  -0.0743
 -0.0461  -0.0271  -0.0117   0.1420  -0.0550  -0.0664
 -0.0511  -0.0408  -0.0106   0.2009  -0.0447  -0.0550
 -0.0681  -0.0028  -0.0079   0.2079  -0.0561   0.0024
 -0.0366  -0.0035   0.0054   0.1715  -0.0327  -0.0929
 -0.0413   0.0269  -0.0119   0.0587  -0.0357  -0.0426
 -0.0760   0.0190  -0.0549  -0.0452  -0.0743   0.0441
 -0.0471   0.0044  -0.0003   0.1949   0.0153  -0.0193
 -0.0269  -0.0176   0.0356   0.2124  -0.0088  -0.0682
 -0.0516   0.0277   0.0054   0.1251  -0.0022   0.0619
 -0.0490   0.0055  -0.0293   0.1064  -0.0196  -0.0298
 -0.0269  -0.0428  -0.0074   0.1768  -0.0006  -0.0340
 -0.0319   0.0102  -0.0029   0.1686  -0.0123   0.0012
 -0.0116  -0.0390  -0.0110   0.1045  -0.0009  -0.0377
 -0.0280  -0.0539  -0.0184   0.1201   0.0018  -0.0638
 -0.0103   0.0035  -0.0178   0.1041   0.0195  -0.0441
 -0.0034   0.0026  -0.0285   0.0445   0.0066  -0.0254
  0.0208   0.0547   0.0089   0.0102   0.0632   0.0845
 -0.0013   0.0091  -0.0019   0.1149   0.0070  -0.0135
  0.0138   0.0598  -0.0047   0.0913  -0.0023  -0.0048
  0.0065  -0.0286  -0.0016   0.1494   0.0200  -0.0912
  0.0040  -0.0424  -0.0014   0.1619   0.0142  -0.0291
 -0.0050  -0.0089   0.0160   0.1387   0.0112  -0.0635
  0.0178   0.0151   0.0107   0.0778   0.0246  -0.0115
  0.0274  -0.0092   0.0131   0.0457   0.0387  -0.0208
  0.0191   0.0602   0.0157   0.0077   0.0403   0.0149
  0.0138   0.0734  -0.0159  -0.0770   0.0224  -0.0093
  0.0201   0.0210   0.0089   0.0056   0.0686  -0.0611
  0.0175   0.0275   0.0250   0.0274   0.0770  -0.0320
  0.0421   0.0265   0.0181  -0.0396   0.0941  -0.0095
  0.0348  -0.0376   0.0288   0.1329   0.1040  -0.0646
  0.0304  -0.0043   0.0301   0.1120   0.0951  -0.0335
  0.0400  -0.0314   0.0283   0.0718   0.0973  -0.0601
  0.0299  -0.0151   0.0413   0.1215   0.0967  -0.0330
  0.0283   0.0019   0.0343   0.0899   0.0932  -0.0597
  0.0235  -0.0110   0.0205   0.0560   0.0812  -0.0256
  0.0272  -0.0267   0.0339   0.1476   0.0801  -0.0587
  0.0282  -0.0314   0.0347   0.1343   0.0691  -0.0368
  0.0164  -0.0520   0.0235   0.0860   0.0784  -0.0858
  0.0379  -0.0295   0.0552   0.0763   0.1104  -0.0318
  0.0532  -0.0030   0.0580   0.0833   0.1241  -0.1020
  0.0638  -0.0685   0.0576   0.1131   0.1426  -0.0590
  0.0782  -0.0035   0.0649   0.0947   0.1566  -0.0579
  0.1080  -0.0032   0.0816   0.0761   0.1738  -0.1030
  0.1597   0.0512   0.0933   0.1117   0.2272  -0.0814
  0.1322   0.0094   0.1047   0.1083   0.2159  -0.1116
  0.1263  -0.0110   0.1035   0.1264   0.2083  -0.0732
  0.1195  -0.0079   0.1079   0.1109   0.2057  -0.0240
  0.1125   0.0097   0.1040   0.1765   0.1962  -0.1129
  0.1187  -0.0071   0.0883   0.0978   0.1882  -0.1042
  0.0917  -0.0552   0.0982   0.1093   0.1741  -0.0589
  0.0867  -0.0104   0.1004   0.1585   0.1771  -0.0631
  0.0951  -0.0513   0.0811   0.0986   0.1650  -0.1298
  0.0827  -0.0356   0.0724   0.0896   0.1534  -0.1085
  0.0330  -0.0214   0.0532   0.1040   0.1171  -0.1021
  0.0428  -0.0692   0.0575   0.1642   0.1154  -0.1471
  0.0508  -0.0479   0.0837   0.1329   0.1618  -0.1419
  0.0344  -0.0470   0.0551   0.1525   0.1121  -0.1476
  0.0338  -0.0893   0.0687   0.1875   0.1214  -0.1201
  0.0474  -0.0393   0.0688   0.1192   0.1362  -0.1071
  0.0562  -0.0347   0.0640   0.0861   0.1313  -0.1459
  0.0433  -0.0719   0.0611   0.0978   0.1203  -0.0593
  0.0279  -0.0280   0.0512   0.1128   0.1034  -0.0899
  0.0288  -0.0514   0.0458   0.0995   0.0970  -0.1254
  0.0244  -0.0472   0.0491   0.1328   0.0953  -0.0802
  0.0212  -0.0645   0.0438   0.0706   0.0980  -0.1308
  0.0153  -0.0254   0.0362   0.0471   0.0937  -0.0853
