  0.0118  -0.3059  -0.1197  -0.4638  -0.0035  -0.2071
  0.0029  -0.4898  -0.1692  -0.3726   0.0144  -0.2110
  0.0508  -0.4813  -0.1351  -0.5254   0.0576  -0.2325
  0.0597  -0.4303  -0.1590  -0.4186   0.0589  -0.2215
  0.1051  -0.3802  -0.1346  -0.4336   0.0797  -0.2194
  0.0888  -0.4341  -0.1150  -0.4707   0.0803  -0.2184
  0.0933  -0.3750  -0.1300  -0.4265   0.0846  -0.2102
  0.0810  -0.2045  -0.0975  -0.4266   0.0792  -0.1907
  0.0829  -0.2524  -0.1375  -0.3802   0.0724  -0.2084
  0.0763  -0.2310  -0.1527  -0.3636   0.0634  -0.2157
  0.0696  -0.2034  -0.1495  -0.2048   0.0581  -0.2252
  0.0805  -0.1705  -0.1575  -0.2777   0.0581  -0.2283
  0.0879  -0.1931  -0.1749  -0.3038   0.0588  -0.2207
  0.0989  -0.2056  -0.1640  -0.3344   0.0544  -0.2102
  0.0879  -0.1385  -0.1643  -0.3561   0.0556  -0.1998
  0.0890  -0.1159  -0.1476  -0.2867   0.0422  -0.1965
  0.0787  -0.1165  -0.1431  -0.2650   0.0425  -0.2032
  0.0714  -0.0856  -0.1476  -0.2112   0.0381  -0.1878
  0.0772  -0.0679  -0.1429  -0.1567   0.0392  -0.2041
  0.0968  -0.1296  -0.1551  -0.1896   0.0416  -0.1941
  0.0827  -0.2301  -0.1597  -0.1764   0.0545  -0.1984
  0.0741  -0.2029  -0.1344  -0.2581   0.0483  -0.2069
  0.0669  -0.1909  -0.1222  -0.2159   0.0398  -0.1980
  0.0626  -0.2527  -0.1389  -0.1687   0.0411  -0.1839
  0.0671  -0.2572  -0.1262  -0.1462   0.0443  -0.1860
  0.0568  -0.3038  -0.1736  -0.2009   0.0728  -0.1703
  0.0499  -0.2691  -0.1542  -0.0364   0.0485  -0.1655
  0.0445  -0.2624  -0.1420  -0.1607   0.0530  -0.1611
  0.0409  -0.2665  -0.1339  -0.1840   0.0482  -0.1527
  0.0308  -0.2440  -0.1264  -0.2741   0.0520  -0.1638
  0.0133  -0.2318  -0.1246  -0.0710   0.0356  -0.1590
  0.0249  -0.2057  -0.0712  -0.2998   0.0732  -0.1660
  0.0641  -0.2086  -0.0658  -0.2337   0.0715  -0.1699
  0.0393  -0.1999  -0.0739  -0.0365   0.0548  -0.1592
  0.0265  -0.1849  -0.0699  -0.0625   0.0428  -0.1429
  0.0042  -0.2597  -0.0950  -0.0910   0.0497  -0.1553
 -0.0016  -0.2345  -0.0849  -0.1376   0.0430  -0.1515
 -0.0100  -0.2378  -0.0844  -0.0666   0.0350  -0.1455
 -0.0063  -0.2258  -0.0811   0.0069   0.0250  -0.1175
  0.0201  -0.1088  -0.0738   0.0535   0.0175  -0.1358
  0.0080  -0.1261  -0.0454  -0.0088   0.0131  -0.1213
 -0.0067  -0.1200  -0.0463  -0.0092   0.0096  -0.1067
 -0.0149  -0.1388  -0.0075  -0.0807   0.0130  -0.1040
 -0.0292  -0.2020  -0.0301  -0.1132   0.0138  -0.1236
 -0.0088  -0.0483  -0.0626  -0.2755   0.0283  -0.0984
 -0.0480  -0.0899  -0.0439  -0.0580   0.0040  -0.1261
 -0.0275   0.0041  -0.0172  -0.0174  -0.0203  -0.1228
 -0.0326   0.0455  -0.0234   0.0082  -0.0467  -0.0952
 -0.0096  -0.1496  -0.0258  -0.2489  -0.0012  -0.1003
 -0.0151  -0.1118  -0.0314  -0.1218  -0.0160  -0.0804
 -0.0149  -0.0912  -0.0323  -0.1255  -0.0082  -0.0937
  0.0072  -0.0741  -0.0321  -0.1276  -0.0007  -0.0839
  0.0061  -0.0701  -0.0272  -0.1189  -0.0030  -0.0878
  0.0293  -0.0878  -0.0364  -0.0705  -0.0004  -0.0829
  0.0311  -0.0695  -0.0241  -0.0163   0.0001  -0.0673
  0.0398  -0.0312  -0.0032  -0.0799   0.0262  -0.0720
  0.0571  -0.0496   0.0169  -0.1613   0.0551  -0.0534
  0.0151  -0.0335  -0.0160  -0.0671   0.0349  -0.0491
  0.0036  -0.0081   0.0108   0.0329   0.0070  -0.0439
 -0.0157   0.0192   0.0194   0.1120  -0.0166  -0.0217
  0.0008   0.0368   0.0238   0.1402  -0.0208  -0.0278
 -0.0154  -0.0024   0.0241   0.0216  -0.0319  -0.0519
 -0.0098   0.0310   0.0342   0.0204  -0.0292  -0.0375
 -0.0044   0.0488   0.0298   0.1332  -0.0331  -0.0239
 -0.0168   0.0418   0.0391   0.1632  -0.0425  -0.0194
 -0.0103   0.0646   0.0400   0.1644  -0.0462  -0.0129
 -0.0081   0.0903   0.0570   0.1821  -0.0464  -0.0168
 -0.0072   0.1343   0.0757   0.1538  -0.0493  -0.0071
 -0.0134   0.1607   0.0821   0.1704  -0.0498  -0.0016
 -0.0161   0.1497   0.0906   0.2006  -0.0657  -0.0067
 -0.0208   0.1000   0.0666   0.1705  -0.0636  -0.0143
 -0.0303   0.0535   0.0748   0.1276  -0.0582  -0.0125
 -0.0335   0.0659   0.0408   0.1468  -0.0445  -0.0257
 -0.0396   0.0645   0.0630   0.2189  -0.0529  -0.0219
 -0.0317   0.0956   0.0650   0.1818  -0.0552  -0.0020
 -0.0364   0.0809   0.0685   0.2355  -0.0660   0.0220
 -0.0203   0.0711   0.0683   0.2045  -0.0536   0.0316
 -0.0372   0.0633   0.0711   0.2267  -0.0569   0.0292
 -0.0372   0.0646   0.0684   0.1948  -0.0567   0.0437
 -0.0310   0.0333   0.0722   0.2083  -0.0568   0.0442
 -0.0338   0.0373   0.0677   0.2241  -0.0518   0.0752
 -0.0208   0.0556   0.0692   0.1583  -0.0469   0.0642
 -0.0421   0.0687   0.0130  -0.0570  -0.0210   0.0768
 -0.0771   0.0347   0.0107   0.2057  -0.0480   0.0788
 -0.1028   0.0633   0.0284   0.2607  -0.0564   0.0786
 -0.0701   0.0909   0.0519   0.1882  -0.0463   0.0846
 -0.0761   0.0909   0.0575   0.1224  -0.0464   0.0721
 -0.0659   0.0957   0.0606   0.1913  -0.0480   0.0922
 -0.0636   0.0946   0.0494   0.2225  -0.0454   0.1003
 -0.0729   0.0747   0.0457   0.2030  -0.0404   0.1030
 -0.0593   0.0921   0.0386   0.1520  -0.0358   0.1145
 -0.0472   0.1338   0.0603   0.1351  -0.0319   0.1149
 -0.0544   0.1507   0.0664   0.1560  -0.0292   0.1366
 -0.0577   0.1464   0.0752   0.1625  -0.0330   0.1295
 -0.0621   0.1416   0.0722   0.2003  -0.0381   0.1171
 -0.0613   0.1667   0.0814   0.1692  -0.0407   0.1149
 -0.0597   0.2072   0.0822   0.1148  -0.0279   0.1202
 -0.0647   0.2147   0.0808   0.1462  -0.0350   0.1273
 -0.0586   0.1972   0.0768   0.2066  -0.0279   0.1367
 -0.0590   0.1956   0.0862   0.2231  -0.0236   0.1330
 -0.0623   0.2012   0.0873   0.2364  -0.0276   0.1481
 -0.0463   0.1711   0.0949   0.2187  -0.0202   0.1674
 -0.0437   0.1662   0.0857   0.3053  -0.0268   0.1728
 -0.0335   0.1855   0.0764   0.3453  -0.0310   0.1822
 -0.0216   0.1904   0.0953   0.1169  -0.0130   0.1795
 -0.0293   0.2019   0.0887   0.1346  -0.0143   0.2154
 -0.0435   0.2010   0.0819   0.2271  -0.0076   0.1984
 -0.0398   0.2076   0.0871   0.2133  -0.0055   0.2104
 -0.0435   0.2324   0.0963   0.1840  -0.0071   0.2198
 -0.0322   0.2363   0.1062   0.1981  -0.0088   0.2246
 -0.0387   0.2229   0.0989   0.2407  -0.0207   0.2354
 -0.0277   0.2171   0.1043   0.2016  -0.0191   0.2626
 -0.0258   0.2264   0.1150   0.1950  -0.0201   0.2592
 -0.0339   0.2241   0.1059   0.2264  -0.0193   0.2709
 -0.0142   0.2421   0.1044   0.1372  -0.0177   0.2746
  0.0346   0.2832   0.1430   0.0397   0.0312   0.2727
  0.0055   0.2620   0.1136   0.1118   0.0075   0.2702
  0.0092   0.2869   0.0948  -0.1357   0.0337   0.2458
  0.0160   0.2949   0.1116  -0.0331   0.0122   0.2490
 -0.0080   0.2831   0.1136   0.0999   0.0009   0.2640
 -0.0055   0.2522   0.1098   0.1690  -0.0063   0.2791
  0.0042   0.2907   0.1202   0.1457  -0.0151   0.3125
  0.0056   0.2781   0.1142   0.1009  -0.0039   0.3020
  0.0083   0.2575   0.1131   0.1097   0.0027   0.3296
  0.0025   0.2615   0.1218   0.0999  -0.0048   0.3318
 -0.0012   0.2372   0.1096   0.0777  -0.0142   0.3349
 -0.0441   0.2749   0.0956   0.0225  -0.0208   0.3426
 -0.0530   0.2414   0.1239   0.1806  -0.0203   0.3561
