  0.0953   0.0187   0.1313   0.0375   0.2184   0.1219
  0.0809   0.1109   0.1747   0.0762   0.1024   0.3139
  0.0075   0.0946   0.1810  -0.1237   0.0432   0.3530
  0.0336  -0.0236   0.1379  -0.0010  -0.0141   0.2612
  0.0509  -0.0464   0.1399  -0.0182  -0.0495   0.1820
  0.0610  -0.0885   0.1070  -0.0171  -0.0669   0.1090
  0.0729  -0.0941   0.1048   0.0184  -0.0186   0.0542
  0.1119  -0.0469   0.1186   0.1106   0.0992  -0.0747
  0.1319  -0.0640   0.1180   0.0560   0.1211   0.0244
  0.1749  -0.0612   0.0657  -0.0172   0.1891   0.0449
  0.1768  -0.0733   0.0586   0.0085   0.1861  -0.0033
  0.1822  -0.0503   0.0631   0.0412   0.2379  -0.0532
  0.1497  -0.0229   0.0939   0.1827   0.2686  -0.1524
  0.1330  -0.0401   0.0948   0.1214   0.2660   0.0046
  0.1441  -0.1397   0.0696   0.1823   0.2786   0.0436
  0.1552  -0.1297   0.0540   0.1757   0.2664   0.0133
  0.1635  -0.1646   0.0591   0.2331   0.2842  -0.0661
  0.1721  -0.1698   0.0602   0.1477   0.2696   0.0938
  0.1946  -0.1646   0.0512   0.1121   0.2801   0.0467
  0.1918  -0.1746   0.0520   0.0994   0.2577   0.0101
  0.2085  -0.1478   0.0589   0.1492   0.2902  -0.0526
  0.1773  -0.1432   0.0811   0.2029   0.2289  -0.0781
  0.1782  -0.1393   0.0725   0.1456   0.2465   0.0193
  0.1740  -0.1356   0.0610   0.1322   0.2491   0.0466
  0.1742  -0.1303   0.0528   0.1349   0.2670   0.0174
  0.1914  -0.1454   0.0556   0.2253   0.2761  -0.0550
  0.1715  -0.1386   0.0831   0.2220   0.2701  -0.0317
  0.1577  -0.1223   0.0557   0.1343   0.2565   0.0633
  0.1570  -0.1148   0.0524   0.1290   0.2540   0.0208
  0.1614  -0.0907   0.0501   0.0666   0.2459  -0.0119
  0.1501  -0.0558   0.0517   0.0017   0.2316  -0.0271
  0.1563  -0.0752   0.0438   0.0100   0.2442  -0.0582
  0.1719  -0.0741   0.0542   0.0437   0.2752  -0.0764
  0.1583  -0.0884   0.0779   0.1197   0.2617  -0.0932
  0.1571  -0.0808   0.0760   0.0643   0.2598   0.0162
  0.1679  -0.0473   0.0715   0.0047   0.2695  -0.0771
  0.1572  -0.0682   0.0596   0.0042   0.2507  -0.1103
  0.1741  -0.0818   0.0660   0.0620   0.2790  -0.0851
  0.1617  -0.1023   0.0792   0.2011   0.2905  -0.1290
  0.1409  -0.0819   0.0509   0.0824   0.2623  -0.0127
  0.1378  -0.0801   0.0439   0.0776   0.2627  -0.0880
  0.1541  -0.1166   0.0328   0.1376   0.2612  -0.1625
  0.1400  -0.1212   0.0427   0.0644   0.2338  -0.0579
  0.1438  -0.1300   0.0331   0.0532   0.2792  -0.0537
  0.1486  -0.1453   0.0066   0.0441   0.2806  -0.0998
  0.1226  -0.1243   0.0291   0.0507   0.2593  -0.0591
  0.1314  -0.1137   0.0071   0.0350   0.2711  -0.0958
  0.1631  -0.0952   0.0183   0.0053   0.3116  -0.0810
  0.1687  -0.0965   0.0252  -0.0193   0.3073  -0.1280
  0.1416   0.0000   0.0548  -0.1481   0.2884  -0.1281
  0.1436   0.0012   0.0452  -0.1105   0.2787  -0.2386
  0.1505   0.0039   0.0477  -0.1241   0.2834  -0.1317
  0.1364  -0.0323   0.0426  -0.0526   0.2497  -0.1961
  0.1398  -0.0063   0.0329  -0.1232   0.2360  -0.0976
  0.1366  -0.0328   0.0346  -0.0704   0.2258  -0.1932
  0.1333  -0.0535   0.0461  -0.0677   0.2372  -0.0806
  0.1277  -0.0661   0.0224  -0.0596   0.2235  -0.1385
  0.0903  -0.0937   0.0040  -0.1100   0.1687   0.1022
  0.0800  -0.0387   0.0536  -0.0705   0.1677   0.0143
  0.0958  -0.0377   0.0282  -0.1482   0.1579   0.0355
  0.1090  -0.0499   0.0384  -0.0124   0.1633  -0.1380
  0.0918  -0.0461   0.0597   0.0044   0.1077  -0.0547
  0.0802  -0.0573   0.0356  -0.0583   0.0723   0.0499
  0.0694  -0.0449   0.0333  -0.0364   0.0902  -0.0223
  0.0735  -0.0628   0.0261   0.0471   0.1035  -0.0987
  0.0608  -0.0529   0.0078  -0.0198   0.0774   0.0356
  0.0528  -0.0316   0.0060  -0.0274   0.1051   0.0201
  0.0740  -0.0582   0.0020   0.0553   0.1198  -0.0854
  0.0538  -0.0610   0.0204   0.0834   0.0667  -0.0045
  0.0442  -0.0560   0.0136   0.0213   0.0539   0.1055
 -0.0077  -0.0582   0.0155  -0.0404   0.0243   0.1334
  0.0038   0.0165   0.0704  -0.1496   0.0134  -0.0235
  0.0526   0.0416   0.0861  -0.0493   0.0853  -0.1054
  0.0286   0.0210   0.0845   0.0197   0.0254  -0.0465
  0.0307   0.0062   0.0570   0.0054   0.0264   0.0917
  0.0416   0.0305   0.0618   0.0105   0.0583  -0.0350
  0.0405   0.0285   0.0707   0.0781   0.0132  -0.0785
  0.0421   0.0331   0.0651   0.0293   0.0054   0.0630
  0.0414   0.0399   0.0544  -0.0229   0.0045   0.0856
  0.0476   0.0479   0.0401   0.0116   0.0215   0.0091
  0.0290   0.0334   0.0451   0.0278  -0.0325  -0.0340
  0.0205   0.0386   0.0313  -0.0207  -0.0256   0.0312
  0.0218   0.0511   0.0101  -0.0434  -0.0205   0.0781
  0.0260   0.0556   0.0099  -0.0085   0.0018   0.0397
 -0.0157   0.0364  -0.0081  -0.0025  -0.0384   0.0737
 -0.0386   0.0369  -0.0175  -0.0059  -0.0514   0.1324
 -0.0394   0.0449  -0.0099  -0.0064  -0.0431   0.1004
 -0.0397   0.0299  -0.0192   0.0411  -0.0345   0.0565
 -0.0229   0.0184  -0.0134   0.0913  -0.0324  -0.0056
 -0.0216   0.0271  -0.0109   0.0459  -0.0254   0.0776
 -0.0270   0.0323  -0.0161   0.0692  -0.0270   0.0745
 -0.0214   0.0236  -0.0183   0.0570  -0.0471   0.0065
 -0.0280   0.0456  -0.0169   0.0074  -0.0805   0.0787
 -0.0502   0.0533   0.0212   0.0896  -0.1328  -0.0427
 -0.0663   0.0862   0.0230   0.0142  -0.0777   0.0532
 -0.0404   0.0921  -0.0123  -0.0592   0.0117   0.1309
 -0.0573   0.0929  -0.0182  -0.0090  -0.0018   0.0331
 -0.0737   0.0625   0.0131   0.0730  -0.0728  -0.0338
 -0.0842   0.0822   0.0546  -0.0415  -0.1137  -0.0015
 -0.0675   0.1052   0.0465  -0.1072  -0.0330   0.1262
 -0.0506   0.0758   0.0193  -0.0708  -0.0079  -0.0239
 -0.0455   0.0690   0.0237  -0.0512   0.0085   0.0087
 -0.0598   0.0488   0.0064  -0.0082  -0.0351  -0.0101
 -0.0644   0.0467   0.0125  -0.0084  -0.0425   0.0390
 -0.0569   0.0390   0.0184   0.0155  -0.0612  -0.0663
 -0.0787   0.0442   0.0158  -0.0003  -0.1050   0.0250
 -0.0612   0.0317   0.0029   0.0184  -0.0635  -0.0050
 -0.0684   0.0391   0.0059   0.0188  -0.0812  -0.0102
 -0.0683   0.0386   0.0044   0.0429  -0.0791  -0.0087
 -0.0784   0.0160  -0.0045   0.0222  -0.1168  -0.0396
 -0.0998   0.0207  -0.0054   0.0261  -0.1263   0.0380
 -0.1137   0.0129  -0.0090  -0.0051  -0.1681  -0.0222
 -0.0959   0.0127  -0.0066  -0.0096  -0.1277   0.0270
 -0.1066  -0.0020   0.0023  -0.0050  -0.1502  -0.0451
 -0.1151   0.0094  -0.0079  -0.0069  -0.1529   0.0298
 -0.1160  -0.0113  -0.0133  -0.0220  -0.1767  -0.0308
 -0.1162  -0.0039  -0.0055  -0.0415  -0.1772  -0.0109
 -0.1200  -0.0426  -0.0101   0.0625  -0.1479  -0.0961
 -0.1066  -0.0309  -0.0367   0.0193  -0.1147   0.0270
 -0.1076  -0.0501  -0.0225   0.1019  -0.1330  -0.0688
 -0.1120  -0.0295  -0.0236   0.0260  -0.1298  -0.0024
 -0.0986  -0.0156  -0.0480   0.0192  -0.1133  -0.0064
 -0.1056  -0.0174  -0.0332  -0.0105  -0.1317  -0.0174
 -0.1071  -0.0098  -0.0324  -0.0333  -0.1185   0.0018
 -0.1161  -0.0002  -0.0217   0.0652  -0.1723  -0.0672
 -0.1351   0.0211  -0.0099   0.0202  -0.2251  -0.0111
 -0.1161   0.0413  -0.0207  -0.0155  -0.1598   0.0182
 -0.1143   0.0216  -0.0194   0.0707  -0.1902  -0.0793
 -0.1172   0.0128  -0.0125   0.0308  -0.2032  -0.0450
 -0.1202   0.0233  -0.0265  -0.0167  -0.1811   0.0195
 -0.0921   0.0196  -0.0168   0.0490  -0.1738  -0.0781
 -0.1062   0.0124  -0.0194   0.0189  -0.1888  -0.0388
 -0.1142   0.0294  -0.0245  -0.0062  -0.2034   0.0268
 -0.1143   0.0450  -0.0155   0.0542  -0.2307  -0.0590
 -0.1053   0.0376  -0.0196  -0.0104  -0.2135  -0.0179
 -0.1083   0.0537  -0.0253  -0.0461  -0.1907   0.0122
 -0.1121   0.0530  -0.0259  -0.0378  -0.2115  -0.0566
 -0.0878   0.0543  -0.0121  -0.0778  -0.1392  -0.0211
 -0.0810   0.0499  -0.0149  -0.0878  -0.1143  -0.0938
 -0.0840   0.0693  -0.0198  -0.1102  -0.1106  -0.0388
 -0.0572   0.0483  -0.0299  -0.1017  -0.0909  -0.0659
 -0.0413   0.0504  -0.0252  -0.1521  -0.0553  -0.0490
 -0.0550   0.0385  -0.0519  -0.1025  -0.1038  -0.0819
 -0.1080   0.0380  -0.0497  -0.1124  -0.1434  -0.0112
 -0.0850   0.0102  -0.0477  -0.0141  -0.0895   0.1271
 -0.0962   0.0526  -0.0635  -0.0913  -0.0957   0.1560
 -0.0719   0.0667  -0.0658  -0.0878  -0.0532   0.1102
 -0.0923   0.0675  -0.0174  -0.0286  -0.1095   0.0195
 -0.0893   0.1149  -0.0382  -0.1402  -0.0811   0.1916
 -0.0819   0.1042  -0.0395  -0.1133  -0.0808   0.0347
 -0.0827   0.0891  -0.0480  -0.1464  -0.0856   0.0313
 -0.0616   0.0980  -0.0371  -0.0957  -0.0362  -0.0008
 -0.0463   0.0755  -0.0417  -0.0785  -0.0364  -0.0587
 -0.0528   0.0862  -0.0730  -0.1172  -0.0392   0.0765
 -0.0436   0.0714  -0.0829  -0.0705  -0.0278   0.0289
 -0.0521   0.0680  -0.0687  -0.0342  -0.0302  -0.0019
 -0.0347   0.0545  -0.0697  -0.0249  -0.0269  -0.0652
 -0.0402   0.0508  -0.0733  -0.0657  -0.0445   0.0313
 -0.0392   0.0439  -0.0742  -0.0271  -0.0453   0.0277
 -0.0391   0.0232  -0.0872  -0.0360  -0.0493  -0.0109
 -0.0222   0.0381  -0.0899  -0.0097  -0.0141  -0.0209
 -0.0307   0.0462  -0.0939  -0.0430  -0.0202  -0.0021
 -0.0270   0.0582  -0.0944  -0.0364  -0.0138   0.0372
 -0.0507   0.0350  -0.0934  -0.0237  -0.0535  -0.0076
 -0.0530   0.0649  -0.1025  -0.0461  -0.0333   0.0623
 -0.0687   0.0496  -0.0892  -0.0200  -0.0989  -0.0150
 -0.0646   0.0671  -0.0888  -0.0416  -0.0625   0.0752
 -0.0682   0.0568  -0.1002   0.0016  -0.0870   0.0209
 -0.0671   0.0369  -0.0941  -0.0175  -0.1060   0.0485
 -0.1038   0.0389  -0.0895  -0.0332  -0.1721   0.0165
 -0.0928   0.0569  -0.0707  -0.0963  -0.1454   0.0415
 -0.0938   0.0400  -0.0764  -0.0394  -0.1667  -0.0176
 -0.0985   0.0185  -0.0763  -0.0401  -0.1794  -0.0469
 -0.1024   0.0559  -0.0994  -0.0436  -0.1863   0.0557
 -0.1143   0.0332  -0.0918  -0.0095  -0.2329  -0.0362
 -0.1180   0.0393  -0.0886  -0.0065  -0.2140   0.0387
 -0.0957   0.0147  -0.0879   0.0190  -0.1879  -0.0310
 -0.0781   0.0245  -0.0939  -0.0312  -0.1528   0.0514
 -0.1091   0.0357  -0.0942   0.0024  -0.2191  -0.0121
 -0.1047   0.0584  -0.0923  -0.0595  -0.2208   0.0057
 -0.1002   0.0501  -0.0827  -0.0313  -0.2179   0.0040
 -0.1165   0.0276  -0.0873  -0.0292  -0.2451   0.0015
 -0.1114   0.0327  -0.0875  -0.0030  -0.2313   0.0513
 -0.1078   0.0055  -0.0733   0.0506  -0.2447  -0.0654
 -0.1107   0.0226  -0.0715  -0.0079  -0.2015   0.0581
 -0.1018   0.0531  -0.0854  -0.0286  -0.1685   0.0896
 -0.1048   0.0238  -0.0771   0.0374  -0.1833  -0.0335
 -0.1203   0.0435  -0.0675  -0.0179  -0.2018   0.0524
 -0.0998   0.0548  -0.0674  -0.0199  -0.1683   0.0376
 -0.1005   0.0404  -0.0703  -0.0554  -0.1897   0.0213
 -0.0842   0.0551  -0.0659  -0.0548  -0.1864  -0.0010
 -0.0655   0.0434  -0.0682  -0.0849  -0.1663   0.0150
 -0.0658   0.0442  -0.0633  -0.0770  -0.1666   0.0491
 -0.0863   0.0433  -0.0647  -0.0039  -0.2430  -0.0234
 -0.0926   0.0489  -0.0750  -0.0807  -0.2257   0.0570
 -0.1086   0.0798  -0.0735  -0.0834  -0.2305   0.0606
 -0.1178   0.0851  -0.0683  -0.0358  -0.2553   0.0076
 -0.1149   0.0869  -0.0699  -0.0917  -0.2452   0.0614
 -0.1238   0.0803  -0.0744  -0.0615  -0.2567  -0.0062
 -0.1308   0.0935  -0.0731  -0.0980  -0.2699   0.0634
