 -0.0711   0.6580   0.4756  -0.7299   0.1529  -0.0540
 -0.0753   0.6796   0.4758  -0.7106   0.1430  -0.0536
 -0.0550   0.6712   0.4729  -0.6734   0.1435  -0.0427
 -0.0511   0.6598   0.4506  -0.6602   0.1407  -0.0311
 -0.0469   0.6612   0.4370  -0.6235   0.1384  -0.0208
 -0.0555   0.6741   0.4269  -0.6026   0.1384  -0.0156
 -0.0426   0.6274   0.4263  -0.5559   0.1342  -0.0028
 -0.0513   0.6093   0.4103  -0.5635   0.1265  -0.0092
 -0.0710   0.5694   0.3673  -0.5333   0.1093   0.0005
 -0.0676   0.5768   0.3575  -0.5536   0.0981   0.0020
 -0.0537   0.5771   0.3548  -0.5574   0.1043  -0.0039
 -0.0410   0.5372   0.3485  -0.5257   0.1084   0.0149
 -0.0439   0.5498   0.3431  -0.5473   0.1103  -0.0034
 -0.0414   0.5797   0.3738  -0.5976   0.1026   0.0028
 -0.0345   0.5064   0.3525  -0.5929   0.0932   0.0250
 -0.0339   0.4360   0.3184  -0.5822   0.0864   0.0294
 -0.0283   0.4091   0.3079  -0.4918   0.0890   0.0413
 -0.0425   0.3926   0.2793  -0.4640   0.0851   0.0576
 -0.0242   0.3834   0.2936  -0.4362   0.0965   0.0493
 -0.0392   0.4101   0.2966  -0.4737   0.1012   0.0339
 -0.0288   0.4255   0.2930  -0.4849   0.0892   0.0300
 -0.0406   0.4113   0.2734  -0.4895   0.0813   0.0407
 -0.0559   0.4174   0.2623  -0.4295   0.0899   0.0350
 -0.0506   0.4510   0.2626  -0.4416   0.0884   0.0340
 -0.0334   0.4381   0.2716  -0.4175   0.0825   0.0241
 -0.0402   0.4245   0.2332  -0.3957   0.0713   0.0371
 -0.0562   0.4559   0.2352  -0.4122   0.0716   0.0197
 -0.0567   0.4202   0.2229  -0.4010   0.0739   0.0402
 -0.0511   0.4210   0.2191  -0.4250   0.0833   0.0214
 -0.0470   0.4219   0.2360  -0.4327   0.0719   0.0227
 -0.0400   0.4156   0.2410  -0.4465   0.0787   0.0199
 -0.0447   0.4036   0.2419  -0.4105   0.0820   0.0295
 -0.0301   0.3600   0.2377  -0.3647   0.0866   0.0384
 -0.0180   0.3485   0.2392  -0.3443   0.0965   0.0523
 -0.0276   0.3134   0.2085  -0.3081   0.0833   0.0577
 -0.0408   0.3288   0.2205  -0.3558   0.0901   0.0533
 -0.0270   0.2853   0.1958  -0.3159   0.0810   0.0441
 -0.0247   0.3126   0.2078  -0.3196   0.0895   0.0274
 -0.0202   0.3203   0.2161  -0.3255   0.0834   0.0102
 -0.0344   0.2723   0.1949  -0.2725   0.0837   0.0536
 -0.0167   0.3085   0.2194  -0.3528   0.0978   0.0471
 -0.0271   0.2875   0.2112  -0.3740   0.0914   0.0353
 -0.0176   0.2671   0.2024  -0.3471   0.0834   0.0367
 -0.0016   0.2824   0.2131  -0.3391   0.0843   0.0292
 -0.0275   0.3212   0.1855  -0.3008   0.0671   0.0524
 -0.0299   0.2729   0.1788  -0.2932   0.0700   0.0534
 -0.0355   0.2753   0.1796  -0.2856   0.0709   0.0567
 -0.0509   0.2810   0.1692  -0.3535   0.0534   0.0488
 -0.0453   0.2608   0.1606  -0.3432   0.0416   0.0365
 -0.0493   0.2616   0.1476  -0.3495   0.0373   0.0234
 -0.0317   0.2927   0.1743  -0.3273   0.0525   0.0272
 -0.0315   0.2736   0.1440  -0.3071   0.0507   0.0356
 -0.0400   0.2931   0.1334  -0.3639   0.0464   0.0506
 -0.0390   0.2799   0.1444  -0.3495   0.0419   0.0402
 -0.0500   0.2662   0.1445  -0.3547   0.0358   0.0364
 -0.0477   0.2900   0.1348  -0.3529   0.0323   0.0227
 -0.0479   0.2612   0.1239  -0.3232   0.0354   0.0298
 -0.0320   0.2783   0.1366  -0.3572   0.0287   0.0196
 -0.0439   0.2558   0.1191  -0.3058   0.0476   0.0374
 -0.0318   0.2801   0.1325  -0.3166   0.0581   0.0207
 -0.0404   0.2843   0.1322  -0.3267   0.0556   0.0053
 -0.0421   0.2702   0.1295  -0.2955   0.0575   0.0125
 -0.0406   0.2375   0.1198  -0.3075   0.0511   0.0125
 -0.0433   0.2376   0.1171  -0.3400   0.0461   0.0117
 -0.0323   0.2291   0.1139  -0.3262   0.0405   0.0087
 -0.0072   0.2172   0.1201  -0.2921   0.0363   0.0189
 -0.0059   0.1886   0.1214  -0.2858   0.0495   0.0290
 -0.0129   0.1857   0.1137  -0.2411   0.0522   0.0151
 -0.0242   0.1885   0.1007  -0.2204   0.0613   0.0298
 -0.0053   0.1827   0.1067  -0.2325   0.0525   0.0258
 -0.0229   0.2184   0.0905  -0.2745   0.0583   0.0395
 -0.0284   0.2058   0.0943  -0.2179   0.0565   0.0355
 -0.0026   0.2148   0.0990  -0.2241   0.0601   0.0440
 -0.0001   0.1769   0.0808  -0.1310   0.0554   0.0556
 -0.0018   0.1916   0.0882  -0.1747   0.0720   0.0475
  0.0185   0.1955   0.1046  -0.1616   0.1070   0.0367
  0.0166   0.1806   0.0893  -0.1676   0.0841   0.0269
  0.0081   0.2017   0.0738  -0.1795   0.0839   0.0097
  0.0064   0.1696   0.0847  -0.2047   0.0797   0.0137
  0.0245   0.2025   0.1048  -0.2114   0.0822   0.0220
  0.0105   0.1536   0.0863  -0.1903   0.0845   0.0233
 -0.0031   0.1504   0.0633  -0.1627   0.0598   0.0325
  0.0022   0.1398   0.0681  -0.1641   0.0560   0.0238
  0.0119   0.1491   0.0743  -0.2275   0.0605   0.0333
  0.0301   0.1351   0.0869  -0.2374   0.0538   0.0327
  0.0178   0.1529   0.0592  -0.2034   0.0599   0.0393
  0.0143   0.1819   0.0650  -0.2224   0.0553   0.0234
 -0.0026   0.2079   0.0748  -0.2046   0.0596   0.0195
 -0.0139   0.1826   0.0642  -0.1600   0.0584   0.0046
 -0.0177   0.1678   0.0492  -0.1634   0.0543   0.0070
 -0.0072   0.1674   0.0455  -0.2038   0.0602  -0.0014
 -0.0150   0.1764   0.0558  -0.1747   0.0716   0.0131
 -0.0134   0.1599   0.0411  -0.1657   0.0906   0.0220
  0.0129   0.1717   0.0690  -0.1562   0.0834   0.0101
  0.0066   0.1893   0.0459  -0.1338   0.0832   0.0127
 -0.0020   0.1709   0.0398  -0.0761   0.0906   0.0205
 -0.0023   0.1433   0.0388  -0.0005   0.0805   0.0194
 -0.0059   0.1719   0.0359  -0.0533   0.0738   0.0077
 -0.0165   0.1784   0.0060  -0.0577   0.0725   0.0073
 -0.0019   0.1706   0.0139  -0.0776   0.0633   0.0062
 -0.0063   0.1475   0.0139  -0.0242   0.0625   0.0078
 -0.0176   0.1350   0.0015  -0.0643   0.0302   0.0136
 -0.0174   0.1572  -0.0002  -0.0708   0.0255   0.0149
 -0.0183   0.1306   0.0036  -0.1021   0.0176   0.0187
 -0.0210   0.1227   0.0045  -0.1060   0.0108   0.0148
 -0.0232   0.1085  -0.0024  -0.1060   0.0117   0.0125
 -0.0228   0.1138  -0.0088  -0.1304  -0.0012   0.0274
 -0.0220   0.0796  -0.0198  -0.1264   0.0041   0.0211
 -0.0303   0.0705  -0.0279  -0.0595   0.0215   0.0253
 -0.0383   0.0835  -0.0377  -0.0633   0.0194   0.0294
 -0.0280   0.0857  -0.0474  -0.0958   0.0105   0.0423
 -0.0236   0.0572  -0.0239  -0.0424   0.0266   0.0378
 -0.0197   0.0718  -0.0069  -0.0362   0.0257   0.0240
 -0.0146   0.0427  -0.0124  -0.0577   0.0178   0.0186
 -0.0123   0.0407  -0.0094  -0.0325   0.0217   0.0114
 -0.0002   0.0513  -0.0197  -0.0582   0.0248   0.0066
  0.0003   0.0651  -0.0305  -0.0544   0.0362   0.0097
 -0.0017   0.0090  -0.0510  -0.0106   0.0294   0.0195
  0.0006  -0.0008  -0.0439  -0.0066   0.0216   0.0164
  0.0040   0.0309  -0.0493  -0.0409   0.0156   0.0185
  0.0002   0.0329  -0.0325  -0.0433   0.0196   0.0179
  0.0043   0.0395  -0.0270  -0.0130   0.0256   0.0161
  0.0031   0.0246  -0.0246  -0.0405   0.0180   0.0025
  0.0165   0.0519  -0.0254  -0.0288   0.0244  -0.0016
 -0.0032   0.0293  -0.0431  -0.0469  -0.0004  -0.0088
 -0.0023   0.0559  -0.0440  -0.0482   0.0083  -0.0053
  0.0007   0.0461  -0.0305  -0.0224   0.0068  -0.0011
 -0.0089   0.0371  -0.0385  -0.0285   0.0175   0.0018
 -0.0053   0.0499  -0.0322   0.0024   0.0193  -0.0103
  0.0054   0.0491  -0.0270  -0.0116   0.0150  -0.0243
 -0.0015   0.0491  -0.0501  -0.0283   0.0238  -0.0186
  0.0106   0.0411  -0.0520  -0.0785   0.0146  -0.0138
  0.0204   0.0018  -0.0429  -0.0660   0.0157  -0.0254
  0.0239   0.0010  -0.0205  -0.0615   0.0073  -0.0425
  0.0290   0.0117  -0.0283  -0.0856   0.0079  -0.0306
  0.0291   0.0178  -0.0316  -0.0532   0.0120  -0.0191
  0.0289   0.0038  -0.0201  -0.0707  -0.0053  -0.0132
  0.0477  -0.0184  -0.0102  -0.0515  -0.0008  -0.0297
  0.0180  -0.0195  -0.0311  -0.0630   0.0015  -0.0221
  0.0165  -0.0260  -0.0495  -0.0530   0.0227  -0.0216
  0.0213  -0.0359  -0.0435  -0.0728   0.0246  -0.0197
  0.0138  -0.0315  -0.0377  -0.0592   0.0385  -0.0134
  0.0087  -0.0316  -0.0537  -0.0488   0.0300  -0.0237
  0.0045  -0.0145  -0.0575  -0.0333   0.0252  -0.0211
 -0.0062  -0.0429  -0.0503  -0.0172   0.0178   0.0030
  0.0063  -0.0510  -0.0471  -0.0182   0.0297   0.0072
  0.0177  -0.0532  -0.0459   0.0041   0.0332   0.0032
  0.0073  -0.0211  -0.0403  -0.0096   0.0270   0.0066
  0.0213  -0.0305  -0.0494   0.0050   0.0257   0.0044
  0.0370  -0.0303  -0.0510  -0.0041   0.0233  -0.0067
  0.0212  -0.0251  -0.0603   0.0191   0.0168  -0.0092
  0.0274  -0.0559  -0.0594  -0.0025   0.0060   0.0084
  0.0316  -0.0876  -0.0563   0.0239   0.0033   0.0055
  0.0371  -0.0736  -0.0497   0.0230   0.0130  -0.0124
  0.0392  -0.0652  -0.0447   0.0549   0.0228  -0.0205
  0.0339  -0.0668  -0.0425   0.0872   0.0377  -0.0146
  0.0369  -0.0559  -0.0368   0.0238   0.0276  -0.0182
  0.0519  -0.0565  -0.0284   0.0236   0.0230  -0.0180
  0.0490  -0.0538  -0.0219   0.0015   0.0290  -0.0242
  0.0446  -0.0388  -0.0356   0.0268   0.0260  -0.0257
  0.0318  -0.0616  -0.0406   0.0593   0.0274  -0.0139
  0.0291  -0.0680  -0.0384   0.0560   0.0248  -0.0187
  0.0292  -0.0714  -0.0485   0.0312   0.0143  -0.0437
  0.0300  -0.0320  -0.0373   0.0117   0.0187  -0.0581
  0.0211  -0.0414  -0.0414   0.0148   0.0158  -0.0516
  0.0230  -0.0378  -0.0372   0.0172   0.0304  -0.0566
  0.0263  -0.0387  -0.0241  -0.0039   0.0268  -0.0489
  0.0295  -0.0273  -0.0219  -0.0035   0.0163  -0.0277
  0.0252  -0.0217  -0.0351  -0.0156   0.0205  -0.0206
  0.0334  -0.0223  -0.0351   0.0010   0.0307  -0.0375
  0.0094  -0.0085  -0.0305   0.0186   0.0404  -0.0256
  0.0254  -0.0350  -0.0221   0.0936   0.0518  -0.0246
  0.0204  -0.0383  -0.0343   0.0566   0.0324  -0.0399
  0.0201  -0.0283  -0.0433   0.0559   0.0187  -0.0417
  0.0231  -0.0169  -0.0388   0.0389   0.0241  -0.0372
  0.0330  -0.0436  -0.0412   0.0545   0.0094  -0.0421
  0.0256  -0.0390  -0.0418   0.0829  -0.0042  -0.0434
  0.0154  -0.0363  -0.0602   0.0878  -0.0178  -0.0144
  0.0096  -0.0411  -0.0760   0.0674  -0.0363  -0.0104
  0.0080  -0.0533  -0.0631   0.0234  -0.0510  -0.0176
  0.0054  -0.0556  -0.0560   0.0183  -0.0611  -0.0236
  0.0091  -0.0176  -0.0679   0.0461  -0.0402  -0.0330
  0.0179  -0.0467  -0.0512   0.0821  -0.0408  -0.0299
  0.0190  -0.0685  -0.0646   0.0876  -0.0512  -0.0383
  0.0295  -0.0666  -0.0659   0.1027  -0.0413  -0.0362
  0.0216  -0.0903  -0.0575   0.1090  -0.0391  -0.0199
  0.0019  -0.1054  -0.0690   0.1271  -0.0356  -0.0072
  0.0027  -0.1021  -0.0707   0.1297  -0.0538  -0.0086
  0.0124  -0.1104  -0.0692   0.1331  -0.0587  -0.0121
 -0.0003  -0.1136  -0.0753   0.1370  -0.0528  -0.0160
 -0.0016  -0.1243  -0.0802   0.1469  -0.0450  -0.0139
 -0.0028  -0.1306  -0.0798   0.1408  -0.0470  -0.0188
 -0.0190  -0.1271  -0.0986   0.1677  -0.0513  -0.0274
 -0.0362  -0.1059  -0.0992   0.1706  -0.0458  -0.0376
 -0.0272  -0.0997  -0.0980   0.1817  -0.0399  -0.0257
 -0.0202  -0.1027  -0.0962   0.1715  -0.0396  -0.0147
 -0.0214  -0.1140  -0.0955   0.1627  -0.0520  -0.0218
 -0.0102  -0.1268  -0.0943   0.1642  -0.0490  -0.0211
 -0.0118  -0.1287  -0.0873   0.1901  -0.0403  -0.0267
 -0.0147  -0.1649  -0.0917   0.2038  -0.0583  -0.0108
 -0.0163  -0.1521  -0.1038   0.2086  -0.0474  -0.0055
 -0.0211  -0.1531  -0.1131   0.2186  -0.0803  -0.0087
 -0.0075  -0.1486  -0.1091   0.2409  -0.0806  -0.0096
  0.0036  -0.1643  -0.0978   0.2273  -0.0657  -0.0029
  0.0096  -0.1609  -0.0786   0.1979  -0.0726  -0.0113
 -0.0108  -0.1778  -0.0835   0.1934  -0.0686  -0.0109
 -0.0095  -0.1755  -0.0829   0.1993  -0.0636  -0.0090
 -0.0037  -0.1640  -0.0701   0.2070  -0.0444   0.0020
 -0.0161  -0.1716  -0.0832   0.2260  -0.0362  -0.0005
 -0.0083  -0.1613  -0.0769   0.2061  -0.0434  -0.0376
 -0.0081  -0.1633  -0.1064   0.2113  -0.0397  -0.0300
  0.0008  -0.1777  -0.1126   0.1851  -0.0598  -0.0430
 -0.0194  -0.1876  -0.1287   0.1510  -0.0720  -0.0677
  0.0030  -0.2052  -0.1054   0.1474  -0.0770  -0.0449
  0.0094  -0.2150  -0.0981   0.1667  -0.0692  -0.0239
  0.0246  -0.2161  -0.0700   0.1823  -0.0253  -0.0234
  0.0379  -0.2379  -0.0666   0.2034  -0.0326  -0.0370
  0.0209  -0.2352  -0.0839   0.1883  -0.0342  -0.0325
  0.0453  -0.2189  -0.0647   0.1612  -0.0301  -0.0478
  0.0380  -0.1978  -0.0682   0.1606  -0.0189  -0.0421
  0.0282  -0.2153  -0.0679   0.1693  -0.0352  -0.0406
  0.0343  -0.1818  -0.0768   0.1527  -0.0344  -0.0371
  0.0342  -0.2019  -0.0810   0.1671  -0.0490  -0.0343
  0.0334  -0.1885  -0.0932   0.1467  -0.0563  -0.0296
  0.0283  -0.2111  -0.0943   0.1967  -0.0553  -0.0191
  0.0305  -0.2182  -0.0829   0.2095  -0.0441  -0.0210
  0.0280  -0.2206  -0.0993   0.2131  -0.0370  -0.0252
  0.0480  -0.2361  -0.0936   0.2199  -0.0455  -0.0207
  0.0437  -0.2420  -0.0891   0.2332  -0.0519  -0.0176
  0.0467  -0.2276  -0.0722   0.2640  -0.0534  -0.0019
  0.0584  -0.2341  -0.0597   0.2666  -0.0575  -0.0042
  0.0584  -0.2483  -0.0692   0.2868  -0.0531   0.0088
  0.0476  -0.2621  -0.0738   0.2638  -0.0671  -0.0074
  0.0457  -0.2219  -0.0737   0.2233  -0.0569  -0.0245
  0.0496  -0.2403  -0.0852   0.2230  -0.0672  -0.0460
  0.0544  -0.2417  -0.0868   0.2346  -0.0686  -0.0400
  0.0331  -0.2753  -0.0987   0.2780  -0.0609  -0.0180
  0.0311  -0.2772  -0.0969   0.3130  -0.0612   0.0059
  0.0333  -0.2657  -0.0809   0.3035  -0.0569  -0.0107
  0.0282  -0.2498  -0.0942   0.2894  -0.0574  -0.0231
  0.0244  -0.2480  -0.0998   0.3093  -0.0576  -0.0202
  0.0255  -0.2591  -0.1010   0.2970  -0.0578  -0.0180
  0.0216  -0.2597  -0.1005   0.2670  -0.0658  -0.0077
  0.0224  -0.2656  -0.0977   0.2548  -0.0651  -0.0191
  0.0252  -0.2863  -0.1175   0.3046  -0.0568  -0.0281
  0.0309  -0.3154  -0.1280   0.3252  -0.0658  -0.0203
  0.0204  -0.2494  -0.1161   0.2765  -0.0634  -0.0231
  0.0124  -0.2650  -0.1162   0.3224  -0.0625  -0.0145
  0.0213  -0.2357  -0.0945   0.3036  -0.0574  -0.0268
  0.0333  -0.2069  -0.0932   0.2739  -0.0474  -0.0455
  0.0353  -0.2435  -0.0919   0.3338  -0.0541  -0.0438
  0.0340  -0.2374  -0.0909   0.3432  -0.0513  -0.0432
  0.0245  -0.2320  -0.0908   0.3261  -0.0558  -0.0479
  0.0298  -0.2292  -0.0986   0.3141  -0.0520  -0.0481
  0.0269  -0.2294  -0.1137   0.3548  -0.0638  -0.0495
  0.0296  -0.2346  -0.1054   0.3600  -0.0619  -0.0409
  0.0325  -0.2222  -0.1096   0.3392  -0.0674  -0.0477
  0.0223  -0.2380  -0.1107   0.3324  -0.0750  -0.0265
  0.0271  -0.2562  -0.0959   0.3668  -0.0481  -0.0274
  0.0159  -0.2749  -0.1153   0.3675  -0.0619  -0.0211
  0.0003  -0.2028  -0.1076   0.3375  -0.0639  -0.0491
  0.0071  -0.1917  -0.1145   0.3301  -0.0655  -0.0484
  0.0066  -0.1944  -0.1000   0.2699  -0.0678  -0.0390
  0.0132  -0.2147  -0.0967   0.2910  -0.0676  -0.0488
  0.0246  -0.2440  -0.1029   0.3175  -0.0767  -0.0454
  0.0276  -0.2530  -0.1127   0.3347  -0.0805  -0.0292
  0.0213  -0.2715  -0.1184   0.3438  -0.0872  -0.0182
  0.0157  -0.2965  -0.1074   0.3760  -0.0822  -0.0150
  0.0233  -0.2947  -0.1203   0.3794  -0.0872  -0.0178
  0.0244  -0.2972  -0.1278   0.3996  -0.0884  -0.0270
  0.0233  -0.3161  -0.1522   0.3859  -0.1174  -0.0118
  0.0312  -0.3158  -0.1557   0.4155  -0.1090  -0.0227
  0.0150  -0.3411  -0.1718   0.4193  -0.1175  -0.0062
  0.0067  -0.3339  -0.1792   0.4073  -0.1249  -0.0085
  0.0034  -0.3468  -0.1860   0.4242  -0.1173  -0.0033
  0.0019  -0.3492  -0.1921   0.4597  -0.1237   0.0021
 -0.0097  -0.3416  -0.1701   0.3935  -0.1229   0.0041
 -0.0136  -0.3541  -0.1758   0.4016  -0.1245  -0.0076
 -0.0166  -0.3412  -0.1797   0.3982  -0.1217  -0.0019
 -0.0126  -0.3706  -0.1782   0.3861  -0.1279   0.0021
 -0.0147  -0.3947  -0.1610   0.3994  -0.1205   0.0048
 -0.0100  -0.3905  -0.1583   0.4052  -0.1252   0.0005
  0.0128  -0.3595  -0.1538   0.3825  -0.1285  -0.0086
  0.0062  -0.3985  -0.1641   0.4356  -0.1419   0.0038
 -0.0086  -0.3656  -0.1825   0.4575  -0.1384   0.0017
 -0.0231  -0.3551  -0.1914   0.4291  -0.1440  -0.0001
 -0.0101  -0.3854  -0.1955   0.4832  -0.1374   0.0094
 -0.0153  -0.4167  -0.1995   0.4885  -0.1322   0.0122
 -0.0136  -0.4032  -0.2001   0.4581  -0.1302   0.0112
 -0.0159  -0.4003  -0.2077   0.4831  -0.1314   0.0163
 -0.0129  -0.4057  -0.2216   0.5137  -0.1350   0.0274
 -0.0213  -0.4246  -0.2080   0.5038  -0.1212   0.0265
 -0.0269  -0.4111  -0.2114   0.4574  -0.1411   0.0088
 -0.0186  -0.4066  -0.2081   0.4446  -0.1469   0.0102
 -0.0168  -0.4280  -0.2103   0.4527  -0.1350   0.0178
 -0.0048  -0.4025  -0.1826   0.4267  -0.1458  -0.0110
 -0.0060  -0.3762  -0.1975   0.4436  -0.1377   0.0011
  0.0031  -0.3773  -0.2013   0.4921  -0.1374   0.0106
 -0.0012  -0.4233  -0.1981   0.5216  -0.1459   0.0158
 -0.0033  -0.4133  -0.1997   0.4652  -0.1607   0.0132
