 -0.1951  -0.3416  -0.1581   0.2559  -0.3563   0.3517
 -0.2007  -0.3663  -0.1492   0.2704  -0.3569   0.3454
 -0.2069  -0.3511  -0.1552   0.2880  -0.3583   0.4096
 -0.2009  -0.3973  -0.1359   0.3128  -0.3407   0.3059
 -0.2002  -0.3406  -0.1271   0.2622  -0.3365   0.3888
 -0.1998  -0.3424  -0.1246   0.3009  -0.3310   0.3620
 -0.2012  -0.3779  -0.1094   0.3312  -0.3168   0.2523
 -0.2028  -0.3332  -0.0916   0.2821  -0.3040   0.2897
 -0.2004  -0.2856  -0.0881   0.2088  -0.2834   0.3807
 -0.1964  -0.3618  -0.0743   0.3293  -0.2495   0.2898
 -0.2012  -0.3526  -0.0738   0.2725  -0.2675   0.2526
 -0.2056  -0.3208  -0.0660   0.1148  -0.2522   0.3379
 -0.2167  -0.2596  -0.0672   0.1624  -0.2362   0.3482
 -0.2127  -0.2820  -0.0646   0.2450  -0.1944   0.2547
 -0.2239  -0.2761  -0.0505   0.2269  -0.1977   0.2297
 -0.2134  -0.2419  -0.0509   0.2127  -0.1837   0.3262
 -0.2265  -0.2958  -0.0571   0.2673  -0.1836   0.2170
 -0.2203  -0.2522  -0.0542   0.2282  -0.1842   0.2370
 -0.2294  -0.2396  -0.0586   0.2000  -0.1838   0.3025
 -0.2243  -0.2655  -0.0549   0.2414  -0.1860   0.2029
 -0.2289  -0.2256  -0.0633   0.1856  -0.2016   0.2520
 -0.2317  -0.2022  -0.0554   0.2284  -0.1994   0.2385
 -0.2322  -0.2108  -0.0538   0.2286  -0.1988   0.1669
 -0.2277  -0.1873  -0.0460   0.2152  -0.2022   0.2360
 -0.2326  -0.2112  -0.0598   0.2226  -0.2099   0.1757
 -0.2302  -0.1868  -0.0546   0.1975  -0.2207   0.2091
 -0.2233  -0.1848  -0.0686   0.1887  -0.2194   0.2151
 -0.2176  -0.1840  -0.0563   0.2007  -0.2156   0.1653
 -0.2151  -0.1672  -0.0540   0.1933  -0.2181   0.2163
 -0.2051  -0.1948  -0.0450   0.2182  -0.2048   0.1447
 -0.1984  -0.1681  -0.0414   0.1795  -0.1940   0.2061
 -0.1879  -0.2051  -0.0412   0.2292  -0.1704   0.1498
 -0.1651  -0.1976  -0.0195   0.2071  -0.1379   0.1259
 -0.1497  -0.1930  -0.0130   0.1772  -0.1207   0.2167
 -0.1379  -0.2881  -0.0116   0.2710  -0.0825   0.1341
 -0.1399  -0.2718  -0.0055   0.2419  -0.0917   0.1426
 -0.1315  -0.2097   0.0090   0.2152  -0.0703   0.2066
 -0.1285  -0.2189   0.0063   0.2307  -0.0431   0.1889
 -0.1134  -0.2305   0.0268   0.2674  -0.0446   0.1051
 -0.1057  -0.2114   0.0288   0.2249  -0.0295   0.2408
 -0.0879  -0.2568   0.0285   0.2846   0.0097   0.1076
 -0.0996  -0.1973   0.0129   0.2170  -0.0274   0.1848
 -0.0985  -0.2726   0.0209   0.2845  -0.0102   0.1494
 -0.0918  -0.2494   0.0238   0.2805  -0.0179   0.1297
 -0.1048  -0.2212   0.0136   0.2264  -0.0220   0.2322
 -0.0863  -0.2568   0.0274   0.3007  -0.0147   0.0953
 -0.1006  -0.2023   0.0175   0.2379  -0.0198   0.1888
 -0.0906  -0.2679   0.0201   0.3260  -0.0108   0.1069
 -0.0936  -0.2474   0.0263   0.2870  -0.0203   0.1263
 -0.1015  -0.2277   0.0195   0.2613  -0.0260   0.1949
 -0.0857  -0.2689   0.0167   0.3194  -0.0194   0.0923
 -0.0979  -0.2190   0.0206   0.2652  -0.0223   0.1756
 -0.0806  -0.2707   0.0225   0.3397  -0.0097   0.1061
 -0.0911  -0.2548   0.0184   0.2883  -0.0150   0.1050
 -0.0810  -0.2358   0.0257   0.3096  -0.0033   0.1579
 -0.0825  -0.2802   0.0270   0.3226  -0.0057   0.0534
 -0.0801  -0.2180   0.0307   0.2819  -0.0032   0.1620
 -0.0783  -0.2557   0.0263   0.3161   0.0001   0.0792
 -0.0832  -0.2012   0.0282   0.2703   0.0038   0.1328
 -0.0809  -0.2425   0.0332   0.3117   0.0036   0.0957
 -0.0707  -0.2193   0.0294   0.2776   0.0241   0.0997
 -0.0783  -0.2215   0.0429   0.2888   0.0161   0.1325
 -0.0861  -0.2551   0.0259   0.3065  -0.0033   0.0617
 -0.0930  -0.1930   0.0439   0.2683  -0.0130   0.1619
 -0.0936  -0.2479   0.0062   0.3011  -0.0336   0.0741
 -0.0808  -0.2199   0.0308   0.2677   0.0010   0.1136
 -0.0946  -0.1896   0.0257   0.2197  -0.0282   0.1656
 -0.0918  -0.2151   0.0204   0.2740  -0.0374   0.0732
 -0.1000  -0.1670   0.0256   0.2097  -0.0501   0.1436
 -0.0916  -0.1598   0.0115   0.2300  -0.0584   0.0864
 -0.0970  -0.2027   0.0055   0.2271  -0.0397   0.0374
 -0.0864  -0.1571   0.0200   0.1992  -0.0196   0.1246
 -0.0798  -0.2091   0.0164   0.2417  -0.0037   0.0766
 -0.0714  -0.1922   0.0247   0.2238  -0.0073   0.0603
 -0.0789  -0.1438   0.0271   0.1747  -0.0043   0.1609
 -0.0649  -0.2174   0.0248   0.2666  -0.0016   0.0551
 -0.0813  -0.1617   0.0170   0.1755  -0.0129   0.1228
 -0.0674  -0.1431   0.0255   0.1927  -0.0076   0.0957
 -0.0729  -0.1597   0.0192   0.2026  -0.0090   0.0389
 -0.0631  -0.1068   0.0320   0.1623   0.0096   0.1165
 -0.0568  -0.2073   0.0198   0.2096  -0.0008   0.0354
 -0.0495  -0.1697   0.0214   0.1791   0.0248   0.0745
 -0.0496  -0.1411   0.0242   0.1497   0.0323   0.1122
 -0.0582  -0.0939   0.0279   0.1266   0.0242   0.1527
 -0.0578  -0.1575   0.0231   0.2233   0.0125   0.0497
 -0.0548  -0.0970   0.0289   0.1785   0.0125   0.0828
 -0.0613  -0.1081   0.0271   0.1928   0.0051   0.0775
 -0.0573  -0.0992   0.0288   0.1914   0.0039   0.0290
 -0.0701  -0.0677   0.0205   0.1354  -0.0114   0.0827
 -0.0568  -0.0817   0.0152   0.1626  -0.0032   0.0045
 -0.0659  -0.0662   0.0236   0.1508   0.0052   0.0413
 -0.0539  -0.0831   0.0244   0.1800   0.0162   0.0112
 -0.0572  -0.0866   0.0290   0.1692   0.0049  -0.0042
 -0.0548  -0.0815   0.0177   0.1496   0.0151   0.0520
 -0.0513  -0.1102   0.0269   0.1923   0.0177  -0.0381
 -0.0542  -0.1336   0.0148   0.1792   0.0208  -0.0099
 -0.0491  -0.2046  -0.0047   0.2279  -0.0007   0.0460
  0.0068  -0.1023  -0.0556   0.2430   0.0475   0.1287
  0.0033  -0.1454  -0.0490   0.0815   0.0266   0.0458
  0.0033  -0.1071  -0.0229   0.1105   0.0377   0.1347
  0.0095  -0.1542   0.0060   0.1949   0.0482   0.0043
 -0.0015  -0.1085   0.0121   0.1423   0.0479   0.1071
  0.0128  -0.1446   0.0116   0.2044   0.0512   0.0321
  0.0001  -0.1311   0.0087   0.1469   0.0398   0.0527
  0.0109  -0.1304   0.0175   0.1976   0.0477   0.0703
  0.0141  -0.1626   0.0108   0.2013   0.0557  -0.0062
  0.0121  -0.1257   0.0205   0.1825   0.0575   0.0910
  0.0153  -0.1770   0.0063   0.1864   0.0564  -0.0122
  0.0132  -0.1153   0.0179   0.1443   0.0596   0.0808
  0.0106  -0.1620   0.0036   0.1830   0.0638   0.0156
  0.0142  -0.1238   0.0139   0.1679   0.0592   0.0252
  0.0076  -0.1319   0.0080   0.1511   0.0579   0.0644
  0.0204  -0.1820   0.0092   0.1758   0.0628  -0.0423
  0.0021  -0.1229   0.0059   0.1305   0.0634   0.1013
  0.0166  -0.1534   0.0072   0.2020   0.0601   0.0168
  0.0052  -0.1282   0.0101   0.1359   0.0489   0.0357
  0.0073  -0.1111   0.0228   0.1537   0.0510   0.0605
 -0.0187  -0.1246  -0.0017   0.1683   0.0137  -0.0255
 -0.0310  -0.0743   0.0026   0.1335  -0.0073   0.0648
 -0.0417  -0.1004  -0.0008   0.1696  -0.0284  -0.0250
 -0.0461  -0.0434   0.0035   0.0721  -0.0589   0.0596
 -0.0238  -0.0637   0.0006   0.1378  -0.0386  -0.0064
 -0.0253  -0.0565   0.0086   0.1349  -0.0273  -0.0120
 -0.0029  -0.0724   0.0055   0.1601   0.0029  -0.0022
 -0.0050  -0.0655   0.0113   0.1425   0.0100  -0.0286
 -0.0119  -0.0545   0.0076   0.1080   0.0156   0.0371
 -0.0039  -0.0571   0.0069   0.1300   0.0146  -0.0438
 -0.0042  -0.0201   0.0107   0.0760   0.0208   0.0179
  0.0214  -0.0420   0.0076   0.0822   0.0424  -0.0420
  0.0263  -0.0359   0.0160   0.1041   0.0596  -0.0307
  0.0347  -0.0917   0.0122   0.1304   0.0651  -0.0557
  0.0469  -0.0908   0.0100   0.1212   0.0742  -0.0448
  0.0159  -0.0880  -0.0066   0.1066   0.0326  -0.0220
  0.0179  -0.0433   0.0025   0.0889   0.0597  -0.0040
  0.0652   0.0142   0.0194   0.0043   0.1368  -0.0070
  0.0398   0.0055  -0.0024   0.0410   0.1148  -0.0729
  0.0745  -0.0450   0.0136   0.0795   0.1703  -0.0538
  0.0528  -0.0955  -0.0147   0.1577   0.1112  -0.1182
  0.0472  -0.0151   0.0042   0.0110   0.1509   0.0435
  0.0823  -0.1219  -0.0202   0.1013   0.1375  -0.0330
  0.0701  -0.0529  -0.0018   0.0860   0.1253  -0.0142
  0.0636  -0.0173   0.0094   0.0716   0.1314   0.0267
  0.0805  -0.0406   0.0082   0.1152   0.1334  -0.1121
  0.0854   0.0144   0.0071   0.0424   0.1542   0.0123
  0.0807  -0.0228   0.0195   0.0939   0.1400  -0.0901
  0.0811   0.0320   0.0031   0.0513   0.1542  -0.0298
  0.0898   0.0258   0.0173   0.0713   0.1699  -0.0501
  0.0973   0.0044   0.0174   0.0839   0.1693  -0.1206
  0.0899   0.0475   0.0131   0.0281   0.1792  -0.0291
  0.0869   0.0207  -0.0009   0.0335   0.1574  -0.0995
  0.0721   0.0852   0.0142   0.0033   0.1342  -0.0568
  0.0803   0.0790   0.0112  -0.0362   0.1269  -0.0844
  0.0777   0.0689   0.0084   0.0086   0.1384  -0.1204
  0.0817   0.0772   0.0085  -0.0770   0.1126  -0.0755
  0.0790   0.0556  -0.0216  -0.0053   0.1406  -0.1212
  0.0908   0.0441  -0.0045   0.0233   0.1685  -0.1120
  0.0981   0.0138   0.0010   0.0099   0.1700  -0.1506
  0.1121   0.0427   0.0129  -0.0677   0.2223  -0.0016
  0.1193  -0.0023   0.0140   0.0298   0.2075  -0.1257
  0.1041   0.0396   0.0173  -0.0209   0.1920  -0.0658
  0.1161   0.0507   0.0221   0.0041   0.2051  -0.0417
  0.1188   0.0259   0.0194   0.0350   0.1836  -0.1491
  0.1228   0.0775   0.0144  -0.0360   0.2248  -0.0398
  0.1293   0.0717   0.0318  -0.0111   0.2293  -0.1156
  0.1107   0.0809  -0.0007  -0.0334   0.2196  -0.1093
  0.1276   0.1156   0.0199  -0.0562   0.2487  -0.0826
  0.1128   0.0812   0.0134   0.0315   0.1966  -0.1611
  0.1108   0.1084   0.0092  -0.0486   0.2126  -0.0953
  0.1038   0.1033   0.0161  -0.0164   0.1778  -0.1246
  0.0718   0.1358   0.0417  -0.2031   0.0508  -0.0618
  0.0956   0.0713  -0.0023  -0.0613   0.1095  -0.1442
  0.0928   0.0127   0.0238  -0.0048   0.1615  -0.1552
  0.0963   0.0491   0.0392  -0.0758   0.1753  -0.0078
  0.1091   0.0598   0.0260  -0.0381   0.1797  -0.1053
  0.0927   0.0578   0.0334  -0.0258   0.1769  -0.1230
  0.1063  -0.0080   0.0263   0.0142   0.1827  -0.1170
  0.0974   0.0601   0.0315  -0.0140   0.1892  -0.0849
  0.0918   0.1186   0.0348  -0.1217   0.1557  -0.0351
  0.0984   0.1003   0.0179  -0.0448   0.1407  -0.1354
  0.0941   0.1340   0.0643  -0.1616   0.1045  -0.0818
  0.0746   0.0892  -0.0086  -0.1041   0.0876  -0.1302
  0.0703   0.1207   0.0239  -0.0825   0.0956  -0.1190
  0.0470   0.1000  -0.0059  -0.1540   0.0448  -0.0864
  0.0435   0.1427   0.0336  -0.1671   0.0120  -0.0704
  0.0375   0.1309   0.0148  -0.2407  -0.0404  -0.0496
  0.0302   0.1135   0.0061  -0.1271  -0.0296  -0.1085
  0.0119   0.1457   0.0058  -0.2138  -0.0388  -0.0386
  0.0420   0.0933  -0.0319  -0.1024   0.0143  -0.1357
  0.0712   0.0653  -0.0076  -0.0685   0.0654  -0.1448
  0.0749   0.0210   0.0079  -0.0701   0.1133  -0.1437
  0.0907   0.0315   0.0200  -0.1406   0.1370   0.0150
  0.0879   0.0172   0.0214  -0.0508   0.1298  -0.1709
  0.0850   0.0795   0.0313  -0.1288   0.1234   0.0087
  0.0802  -0.0055   0.0329  -0.0293   0.1139  -0.1545
  0.0658   0.0336   0.0432  -0.0482   0.0908  -0.1319
  0.0431   0.0972   0.0325  -0.1841   0.0732   0.0529
  0.0876   0.1609   0.0239  -0.2386   0.0841  -0.0903
  0.0804   0.1260   0.0367  -0.1982   0.0601   0.0286
  0.0713   0.0703   0.0150  -0.0617   0.0557  -0.0495
  0.0606   0.0871   0.0296  -0.0781   0.0584  -0.0727
  0.0708   0.0923   0.0413  -0.0302   0.0649  -0.0040
  0.0785   0.0471   0.0401   0.0101   0.0731  -0.1344
  0.0916   0.0923   0.0546  -0.0327   0.0764  -0.0165
  0.0861   0.0370   0.0443   0.0127   0.0760  -0.1017
  0.0839   0.0737   0.0614  -0.0212   0.0739  -0.0494
  0.0910   0.0604   0.0508   0.0118   0.0777  -0.0618
  0.0830   0.0691   0.0546  -0.0150   0.0703  -0.0966
  0.0842   0.0597   0.0532  -0.0158   0.0633  -0.0482
  0.0853   0.0615   0.0503  -0.0146   0.0697  -0.1189
  0.0759   0.0787   0.0552  -0.0595   0.0685  -0.0223
  0.0746   0.0529   0.0437  -0.0031   0.0689  -0.1289
  0.0716   0.0834   0.0472  -0.0829   0.0697  -0.0347
  0.0694   0.0495   0.0458  -0.0112   0.0652  -0.1381
  0.0702   0.0894   0.0381  -0.0890   0.0429  -0.0361
  0.0734   0.0423   0.0348  -0.0409   0.0553  -0.1199
  0.0775   0.0879   0.0475  -0.0807   0.0598  -0.0673
  0.0731   0.0567   0.0349  -0.0992   0.0557  -0.0798
  0.0618   0.1031   0.0575  -0.1038   0.0280  -0.0740
  0.0529   0.0820   0.0285  -0.1370   0.0265  -0.0753
  0.0727   0.1098   0.0287  -0.0960   0.0650  -0.0815
  0.0710   0.0900   0.0443  -0.1166   0.0704  -0.1219
  0.0735   0.0814   0.0330  -0.1362   0.0711  -0.1411
  0.0600   0.1476   0.0444  -0.2058   0.0594   0.0309
  0.0635   0.1298   0.0242  -0.1435   0.0460  -0.0850
  0.0789   0.0550  -0.0127  -0.0870   0.0458  -0.1639
  0.0682   0.1502   0.0290  -0.1398   0.0767  -0.0102
  0.0570   0.1702   0.0547  -0.1807   0.0492  -0.0266
  0.0657   0.1293   0.0326  -0.1495   0.0370  -0.1242
  0.0978   0.1699   0.0335  -0.1982   0.0987  -0.0661
  0.0849   0.1595   0.0447  -0.1479   0.0869  -0.1327
  0.0894   0.1354   0.0182  -0.1476   0.0950  -0.1220
  0.0963   0.1715   0.0356  -0.1774   0.1256  -0.0692
  0.0731   0.1651  -0.0058  -0.1403   0.1001  -0.1430
  0.0728   0.1839   0.0145  -0.1955   0.0885  -0.0930
  0.0626   0.1584  -0.0015  -0.1337   0.0377  -0.1328
  0.0360   0.1899  -0.0055  -0.2572  -0.0398  -0.0499
  0.0325   0.1814  -0.0228  -0.2639  -0.0661  -0.0795
  0.0218   0.1593  -0.0384  -0.1455  -0.0581  -0.1338
  0.0219   0.1967  -0.0194  -0.2892  -0.0675  -0.0449
  0.0234   0.1609  -0.0450  -0.2204  -0.0690  -0.0981
  0.0171   0.1799  -0.0377  -0.1997  -0.0415  -0.0973
  0.0219   0.1752  -0.0414  -0.2423  -0.0464  -0.0787
  0.0180   0.1761  -0.0324  -0.2010  -0.0480  -0.1012
  0.0117   0.1744  -0.0423  -0.2554  -0.0672  -0.0502
  0.0153   0.1701  -0.0397  -0.2118  -0.0562  -0.0848
 -0.0071   0.1784  -0.0392  -0.3064  -0.1171  -0.0297
 -0.0016   0.1465  -0.0632  -0.2156  -0.0951  -0.1056
  0.0220   0.0815  -0.0556  -0.1818  -0.0657  -0.1104
  0.0265   0.1417  -0.0313  -0.2335  -0.0352  -0.0552
  0.0505   0.1241  -0.0135  -0.2258  -0.0107  -0.0432
  0.0436   0.1529  -0.0000  -0.2300  -0.0313  -0.1055
  0.0591   0.1490  -0.0013  -0.2166  -0.0111  -0.0319
  0.0525   0.1331  -0.0032  -0.2041  -0.0204  -0.1391
  0.0633   0.1663   0.0158  -0.2213  -0.0027  -0.0148
  0.0683   0.1406   0.0173  -0.2018  -0.0017  -0.1392
  0.0678   0.1920   0.0268  -0.2344   0.0008  -0.0176
  0.0743   0.1516   0.0200  -0.1946   0.0046  -0.1353
  0.0690   0.2003   0.0304  -0.2212   0.0133  -0.0253
  0.0764   0.1453   0.0209  -0.1740   0.0167  -0.1185
  0.0748   0.1906   0.0389  -0.1999   0.0157  -0.0434
  0.0753   0.1518   0.0224  -0.1777   0.0146  -0.1072
  0.0782   0.1904   0.0354  -0.1842   0.0224  -0.0751
  0.0743   0.1532   0.0293  -0.1652   0.0180  -0.1003
  0.0702   0.1994   0.0293  -0.1909   0.0206  -0.0619
  0.0655   0.1919   0.0338  -0.1831   0.0214  -0.0718
  0.0596   0.1834   0.0123  -0.1666   0.0208  -0.1311
  0.0539   0.2133   0.0256  -0.1839   0.0358  -0.0636
  0.0529   0.1724   0.0070  -0.1378   0.0080  -0.1417
  0.0577   0.1992   0.0119  -0.2342  -0.0040  -0.0617
  0.0572   0.1816  -0.0012  -0.1825  -0.0010  -0.1136
  0.0654   0.2109   0.0176  -0.3088  -0.0512  -0.0485
  0.0490   0.2058  -0.0054  -0.2464  -0.0391  -0.1072
  0.0504   0.2284  -0.0002  -0.2948  -0.0354  -0.0627
  0.0434   0.1938  -0.0152  -0.2148  -0.0402  -0.1212
  0.0398   0.2195  -0.0067  -0.2694  -0.0454  -0.0808
  0.0381   0.2024  -0.0239  -0.2489  -0.0510  -0.1150
  0.0379   0.2192  -0.0204  -0.2581  -0.0467  -0.0943
  0.0301   0.1973  -0.0266  -0.2340  -0.0566  -0.1163
  0.0165   0.2355  -0.0007  -0.3691  -0.1220  -0.0257
  0.0180   0.1991  -0.0376  -0.2752  -0.1144  -0.1057
  0.0016   0.2363  -0.0116  -0.3578  -0.1482  -0.0462
 -0.0065   0.2229  -0.0335  -0.3685  -0.1814  -0.0640
 -0.0106   0.1901  -0.0603  -0.2760  -0.1671  -0.1155
  0.0397   0.1407  -0.0637  -0.2077  -0.1057  -0.1830
  0.0345   0.2327  -0.0275  -0.3277  -0.0270   0.0092
  0.0577   0.1486  -0.0172  -0.2346  -0.0165  -0.1856
  0.0487   0.2504  -0.0009  -0.3061   0.0030  -0.0191
  0.0619   0.1744  -0.0046  -0.2423   0.0026  -0.1483
  0.0582   0.2509   0.0011  -0.2873   0.0081  -0.0703
  0.0637   0.2135  -0.0113  -0.3163   0.0118  -0.0910
  0.0616   0.2393  -0.0121  -0.2622   0.0173  -0.1229
  0.0675   0.1957  -0.0102  -0.2681   0.0241  -0.1067
  0.0676   0.2341  -0.0038  -0.2629   0.0148  -0.1335
  0.0617   0.2728   0.0017  -0.3501   0.0148  -0.0624
  0.0601   0.2355  -0.0174  -0.2534  -0.0087  -0.1577
  0.0451   0.2884  -0.0056  -0.3427  -0.0072  -0.0909
  0.0501   0.2398  -0.0276  -0.2982  -0.0458  -0.1348
  0.0424   0.2616  -0.0104  -0.2999  -0.0665  -0.1328
  0.0302   0.2807  -0.0027  -0.4121  -0.1181  -0.0726
  0.0287   0.2468  -0.0294  -0.3116  -0.1264  -0.1260
  0.0165   0.2713  -0.0167  -0.3524  -0.1377  -0.0910
  0.0177   0.2168  -0.0533  -0.3043  -0.1325  -0.1349
  0.0438   0.1577  -0.0510  -0.2064  -0.0982  -0.1901
  0.0504   0.1933  -0.0194  -0.2802  -0.0536  -0.0783
  0.0638   0.1958  -0.0105  -0.2818  -0.0178  -0.0721
  0.0617   0.1651  -0.0016  -0.2457  -0.0187  -0.1679
  0.0612   0.1958  -0.0075  -0.3079  -0.0040  -0.0355
  0.0819   0.1492  -0.0048  -0.2397  -0.0094  -0.1534
  0.0603   0.2201  -0.0372  -0.2956   0.0235  -0.0192
  0.0632   0.2356  -0.0094  -0.2655   0.0130  -0.1004
  0.0444   0.2827   0.0044  -0.3363  -0.0395  -0.1024
  0.0263   0.2671  -0.0423  -0.4035  -0.0970  -0.1047
  0.0222   0.2967  -0.0220  -0.3455  -0.1127  -0.1183
  0.0019   0.2939  -0.0218  -0.4302  -0.1675  -0.0843
  0.0092   0.2510  -0.0608  -0.2991  -0.1445  -0.1443
 -0.0023   0.2883  -0.0360  -0.3414  -0.1398  -0.1127
 -0.0017   0.2721  -0.0517  -0.3644  -0.1462  -0.1081
  0.0009   0.2806  -0.0494  -0.3254  -0.1305  -0.1285
 -0.0083   0.2758  -0.0395  -0.3883  -0.1665  -0.1010
 -0.0074   0.2669  -0.0559  -0.3449  -0.1627  -0.1333
