 -0.0777   1.5326  -0.0910  -0.3042  -0.0257  -0.3659
 -0.0762   1.5192  -0.0738  -0.3065  -0.0295  -0.3737
 -0.0758   1.5190  -0.0899  -0.2312  -0.0380  -0.3719
 -0.0666   1.4885  -0.0713  -0.2464  -0.0531  -0.3633
 -0.0774   1.5045  -0.0747  -0.2490  -0.0446  -0.3871
 -0.0705   1.6046  -0.1144  -0.2351  -0.0473  -0.3856
 -0.0690   1.4903  -0.0918  -0.2510  -0.0469  -0.3688
 -0.0767   1.4846  -0.0799  -0.2655  -0.0442  -0.3773
 -0.0783   1.4549  -0.0877  -0.1971  -0.0469  -0.3384
 -0.0700   1.4436  -0.0614  -0.2178  -0.0417  -0.3622
 -0.0664   1.4806  -0.0589  -0.2318  -0.0368  -0.3795
 -0.0708   1.4591  -0.0710  -0.2467  -0.0414  -0.3627
 -0.0995   1.4474  -0.1089  -0.1781  -0.0308  -0.3574
 -0.0850   1.4207  -0.0832  -0.2144  -0.0375  -0.3802
 -0.0822   1.4004  -0.0911  -0.1931  -0.0432  -0.3534
 -0.0808   1.4016  -0.0814  -0.1616  -0.0486  -0.3344
 -0.0755   1.3706  -0.0976  -0.1347  -0.0493  -0.3302
 -0.0787   1.3296  -0.0893  -0.1630  -0.0432  -0.3535
 -0.0913   1.2948  -0.0956  -0.0174  -0.0471  -0.3377
 -0.0919   1.2470  -0.0653   0.2479  -0.0424  -0.2951
 -0.0691   1.1995  -0.0477   0.0073  -0.0359  -0.3068
 -0.0776   1.1959  -0.0667  -0.0085  -0.0331  -0.3244
 -0.0734   1.1989  -0.0744  -0.0000  -0.0343  -0.2904
 -0.0669   1.1788  -0.0878  -0.0119  -0.0270  -0.2926
 -0.0634   1.2369  -0.0855  -0.0378  -0.0347  -0.3070
 -0.0636   1.2214  -0.0753  -0.0382  -0.0412  -0.3219
 -0.0564   1.2320  -0.0775  -0.0043  -0.0400  -0.3072
 -0.0548   1.2224  -0.0828  -0.0169  -0.0398  -0.3198
 -0.0388   1.1470  -0.0757  -0.0043  -0.0487  -0.3168
 -0.0348   1.1128  -0.0718   0.0555  -0.0449  -0.3060
 -0.0439   1.0416  -0.0955   0.0996  -0.0431  -0.2537
 -0.0379   1.0496  -0.0914   0.0243  -0.0585  -0.2379
 -0.0604   1.2156  -0.0786  -0.0526  -0.0519  -0.2982
 -0.0119   1.3254  -0.0400  -0.1112  -0.0184  -0.3214
  0.0210   1.2518  -0.0338  -0.0628   0.0337  -0.2700
 -0.0137   1.2189  -0.0211  -0.0700   0.0034  -0.2898
 -0.0036   1.0931  -0.0392  -0.0072  -0.0154  -0.2745
 -0.0022   0.9886  -0.0725   0.0072  -0.0107  -0.2521
 -0.0133   0.9058  -0.0736   0.0080  -0.0132  -0.2554
 -0.0488   1.3160   0.0720   0.1127   0.0055  -0.3440
 -0.0292   1.5423   0.0813  -0.0415   0.0033  -0.3935
 -0.0116   1.4327   0.0634  -0.0574   0.0003  -0.4002
 -0.0035   1.4235   0.0602  -0.0506  -0.0059  -0.3825
 -0.0114   1.3282   0.0627  -0.0103  -0.0050  -0.3412
 -0.0455   1.0096   0.1210  -0.0580  -0.0112  -0.2800
 -0.0106   1.1323   0.1085  -0.0960  -0.0155  -0.3166
 -0.0154   1.1799   0.1108  -0.0571  -0.0098  -0.3335
 -0.0164   1.1516   0.0934  -0.0777  -0.0117  -0.3215
 -0.0153   1.1090   0.1270  -0.1946   0.0053  -0.3626
 -0.0147   1.0322   0.1254  -0.1716  -0.0145  -0.2900
  0.0349   0.8092   0.0658   0.0767  -0.0079  -0.2311
  0.0446   0.9254   0.0955   0.0353  -0.0022  -0.2700
  0.0398   0.8173   0.0979   0.0489  -0.0105  -0.2329
  0.0184   0.8610   0.1207   0.0582  -0.0132  -0.2337
  0.0297   0.8321   0.1076   0.1084  -0.0033  -0.2330
  0.0405   0.7958   0.1076   0.1187  -0.0113  -0.2347
  0.0244   0.5885   0.0706   0.1154  -0.0131  -0.1937
  0.0201   0.3750   0.0429   0.1442   0.0021  -0.1484
 -0.0070   0.6095   0.0555   0.1978   0.0094  -0.2072
  0.0056   0.6818   0.0692   0.1196   0.0087  -0.2403
  0.0113   0.6794   0.0721   0.0817   0.0072  -0.2284
  0.0047   0.6689   0.0965   0.0826  -0.0006  -0.1908
  0.0092   0.6295   0.0882   0.0345   0.0053  -0.1752
  0.0158   0.4929   0.0682   0.0036  -0.0091  -0.1686
 -0.0001   0.5554   0.0924   0.0159  -0.0039  -0.1913
  0.0012   0.5663   0.1128   0.0288   0.0022  -0.1795
  0.0140   0.5554   0.0791   0.0579   0.0123  -0.1593
  0.0205   0.6881   0.0491   0.0240  -0.0045  -0.1775
  0.0285   0.5948   0.0607   0.0003  -0.0057  -0.1938
  0.0147   0.7061   0.0961   0.0000   0.0042  -0.2276
 -0.0242   1.2609   0.1415  -0.0134   0.0089  -0.3128
 -0.0120   1.0684   0.1169   0.0050   0.0193  -0.2992
  0.0092   0.8902   0.0927   0.0076   0.0146  -0.2745
  0.0092   0.8539   0.0985  -0.0049   0.0116  -0.2716
 -0.0073   0.8357   0.0984   0.0624   0.0245  -0.2199
  0.0041   0.7700   0.1018   0.0279   0.0220  -0.2107
 -0.0070   0.7684   0.1217   0.0077   0.0212  -0.2090
 -0.0070   0.6682   0.1029   0.0913   0.0195  -0.1571
  0.0409   0.7344   0.2119   0.4197   0.0162  -0.1761
  0.0011   0.5615   0.1101   0.1769   0.0260  -0.1403
 -0.0031   0.3280   0.0774   0.1498   0.0199  -0.0742
  0.0124   0.1126   0.0535   0.1206   0.0075  -0.0519
  0.0180   0.1801   0.0800   0.1187   0.0112  -0.0461
 -0.0317   0.2618   0.0584   0.1627   0.0124  -0.0417
 -0.0105   0.2858   0.0659   0.0473   0.0066  -0.0567
 -0.0131   0.2821   0.0765   0.0164   0.0132  -0.0702
 -0.0422   0.2625   0.0668   0.1454  -0.0075  -0.0319
 -0.0139   0.1891   0.0649   0.0409  -0.0046  -0.0397
  0.0009   0.1160   0.0705   0.0056  -0.0027  -0.0306
  0.0124   0.1390   0.0951   0.0052   0.0034  -0.0140
  0.0049   0.0566   0.0702   0.0314   0.0019   0.0081
  0.0044   0.0859   0.0739   0.0002   0.0012  -0.0304
  0.0018   0.1114   0.0730   0.0280   0.0098  -0.0361
  0.0051   0.0774   0.0767   0.0984   0.0116  -0.0027
  0.0145   0.0340   0.0752   0.0691   0.0161   0.0002
  0.0244  -0.0061   0.0784   0.0511   0.0012   0.0172
  0.0036   0.0501   0.0995   0.1041   0.0074  -0.0096
  0.0054   0.0444   0.0986   0.1673   0.0068   0.0119
 -0.0103   0.0057   0.0842   0.1833   0.0018   0.0311
 -0.0079  -0.0936   0.0591   0.1483  -0.0042   0.0338
 -0.0214  -0.1669   0.0306   0.1379   0.0041   0.0521
 -0.0292  -0.3282  -0.0097   0.1938   0.0001   0.0875
 -0.0107  -0.2324   0.0339   0.1696   0.0029   0.0795
 -0.0205  -0.2746   0.0101   0.1622   0.0156   0.0625
 -0.0388  -0.3243  -0.0049   0.2228   0.0089   0.1076
 -0.0201  -0.4600  -0.0069   0.2155  -0.0025   0.1412
 -0.0237  -0.5107  -0.0093   0.1848   0.0019   0.1314
 -0.0271  -0.4758  -0.0139   0.2262  -0.0023   0.1312
 -0.0356  -0.5362  -0.0191   0.2327  -0.0003   0.1465
 -0.0400  -0.5226  -0.0311   0.1972   0.0052   0.1306
 -0.0370  -0.5134  -0.0250   0.1479   0.0056   0.1322
 -0.0405  -0.4685  -0.0120  -0.1564   0.0376   0.0895
  0.0059  -0.4931   0.0540  -0.5704   0.0316   0.1335
 -0.0112  -0.4885   0.0407  -0.4385   0.0674   0.1339
 -0.0130  -0.6506   0.0229  -0.4453   0.0456   0.1487
 -0.0099  -0.7107   0.0004  -0.3387   0.0333   0.1911
 -0.0195  -0.9029  -0.0234  -0.3716   0.0320   0.1766
 -0.0237  -0.9090  -0.0444  -0.1835   0.0270   0.2095
 -0.0253  -0.8780  -0.0650  -0.1967   0.0320   0.2280
 -0.0152  -0.8684  -0.0609  -0.2138   0.0292   0.2214
 -0.0082  -0.8529  -0.0527  -0.1950   0.0278   0.2104
 -0.0020  -0.8707  -0.0455  -0.1701   0.0201   0.2389
  0.0048  -0.8892  -0.0300  -0.2352   0.0238   0.2151
 -0.0052  -0.8436  -0.0234  -0.2251   0.0183   0.2424
  0.0028  -0.8650  -0.0207  -0.2445   0.0101   0.2519
  0.0163  -0.9753  -0.0195  -0.3174   0.0129   0.2464
  0.0156  -0.9706  -0.0233  -0.3143   0.0183   0.2693
  0.0581  -1.0245  -0.0227  -0.2523   0.0133   0.2776
  0.0823  -1.0615   0.0547   0.2266  -0.0169   0.3119
  0.0522  -0.9787   0.0666   0.0996   0.0037   0.2658
  0.0413  -0.9594   0.0186   0.0801   0.0177   0.2684
  0.0436  -1.0220   0.0095  -0.0377   0.0178   0.2911
  0.0499  -1.1521  -0.0217  -0.0436   0.0106   0.3094
  0.0553  -1.3611  -0.0602  -0.0525  -0.0043   0.3585
  0.0493  -1.3312  -0.0585   0.0177   0.0103   0.3522
  0.0367  -1.3157  -0.0466   0.1772  -0.0009   0.3972
  0.0558  -1.3985  -0.0577   0.1804  -0.0129   0.4061
  0.0629  -1.4128  -0.0584   0.1515  -0.0028   0.3702
  0.0757  -1.4291  -0.0620   0.1060  -0.0016   0.3647
  0.0684  -1.4482  -0.0673   0.1628  -0.0041   0.3834
  0.0770  -1.5467  -0.0842   0.1220  -0.0150   0.3998
  0.0738  -1.4987  -0.0641   0.1522  -0.0080   0.3741
  0.0618  -1.5217  -0.0691   0.2197  -0.0129   0.4180
  0.0705  -1.6242  -0.0943   0.1613  -0.0169   0.4339
  0.0609  -1.5426  -0.0414   0.0879  -0.0018   0.3921
  0.0675  -1.5402  -0.0464   0.0765  -0.0090   0.4047
  0.0762  -1.6154  -0.0637   0.0889  -0.0128   0.4278
  0.0706  -1.5671  -0.0554   0.0722  -0.0045   0.4279
  0.0696  -1.5860  -0.0346   0.0375  -0.0056   0.4004
  0.0343  -1.5567  -0.0255   0.0291   0.0002   0.3676
  0.0463  -1.0030   0.1049  -0.0290   0.0487   0.2621
  0.0306  -1.0779   0.0766   0.0371   0.0369   0.3027
  0.0385  -1.1797   0.0574   0.0066   0.0245   0.3208
  0.0063  -1.1149   0.0449   0.1213   0.0114   0.3280
  0.0119  -1.2132   0.0322   0.1382   0.0065   0.3636
  0.0248  -1.2054   0.0421   0.1038   0.0067   0.3548
  0.0301  -1.1585   0.0440   0.0624   0.0163   0.3182
  0.0245  -1.1665   0.0350   0.0937   0.0277   0.3409
  0.0145  -1.1638   0.0315   0.0996   0.0331   0.3405
  0.0218  -1.1753   0.0210   0.0192   0.0380   0.3077
  0.0069  -1.2021  -0.0028   0.0597   0.0396   0.3517
  0.0140  -1.2482  -0.0067   0.0652   0.0382   0.3480
  0.0234  -1.2459  -0.0463   0.0634   0.0430   0.3623
  0.0225  -1.2473  -0.0516   0.0802   0.0368   0.3922
  0.0382  -1.2771  -0.0482   0.0383   0.0307   0.3887
  0.0346  -1.3162  -0.0547   0.0173   0.0387   0.3743
  0.0324  -1.4146  -0.0961   0.0900   0.0323   0.4276
  0.0419  -1.4527  -0.0981   0.0656   0.0333   0.4136
  0.0551  -1.4785  -0.0966   0.0081   0.0333   0.3983
  0.0680  -1.6178  -0.1288   0.0400   0.0206   0.4478
  0.0858  -1.7617  -0.1369   0.0289   0.0176   0.4829
  0.0748  -1.7896  -0.1146  -0.0559   0.0403   0.4445
  0.0942  -1.7988  -0.1521  -0.0364   0.0441   0.4560
  0.1040  -1.8718  -0.1554   0.0514   0.0311   0.5037
  0.1110  -1.9637  -0.1660   0.0316   0.0165   0.5055
  0.1219  -2.0134  -0.1599   0.0015   0.0097   0.5034
  0.1225  -2.0424  -0.1865   0.0508   0.0084   0.5358
  0.1205  -2.0750  -0.2027   0.0832   0.0066   0.5505
  0.1296  -2.0950  -0.1999   0.0205   0.0004   0.5209
  0.1271  -2.1039  -0.2050   0.1084  -0.0009   0.5471
