  0.1443   0.1517   0.0516   0.1313   0.2096   0.1295
  0.1452   0.1740   0.0387   0.1438   0.2070   0.1251
  0.1512   0.1678   0.0508   0.1548   0.2082   0.0197
  0.1487   0.1775   0.0434   0.1492   0.2107   0.0311
  0.1407   0.1655   0.0386   0.1570   0.1988   0.0300
  0.1309   0.1544   0.0147   0.1318   0.1916   0.0815
  0.1442   0.1193   0.0223   0.1162   0.1782   0.0654
  0.1305   0.1313   0.0269   0.1258   0.1961   0.1467
  0.1130   0.1115   0.0202   0.1472   0.1861   0.0607
  0.0851   0.1153  -0.0003   0.1768   0.1885   0.0227
  0.0699   0.1174  -0.0003   0.2021   0.1548   0.0423
  0.0603   0.1439  -0.0164   0.1962   0.1499   0.1435
  0.0601   0.1266  -0.0094   0.1801   0.1485   0.0782
  0.0591   0.1348  -0.0034   0.1819   0.1451   0.0231
  0.0586   0.1514  -0.0073   0.1616   0.1563   0.0414
  0.0570   0.1470   0.0081   0.1784   0.1591  -0.0139
  0.0665   0.0893   0.0024   0.2247   0.1513  -0.0007
  0.0550   0.0781  -0.0002   0.2437   0.1187   0.0876
  0.0681   0.0887   0.0075   0.2181   0.1311   0.0933
  0.0636   0.0986  -0.0001   0.1583   0.1362   0.0695
  0.0297   0.0873  -0.0123   0.1782   0.1266  -0.0389
  0.0342   0.0908  -0.0207   0.1530   0.1204   0.1077
  0.0314   0.1053  -0.0192   0.1467   0.1203   0.0834
  0.0047   0.0846  -0.0154   0.1605   0.0890   0.0436
  0.0035   0.1201  -0.0112   0.1628   0.0927   0.0395
 -0.0035   0.1379  -0.0288   0.1538   0.0819   0.0441
 -0.0407   0.1124  -0.0184   0.1391   0.0760  -0.0418
 -0.0102   0.1211   0.0394  -0.0734   0.1000   0.1706
  0.0132   0.1249   0.0680  -0.1014   0.1069   0.2258
  0.0000   0.1168   0.0701  -0.1013   0.0957   0.0896
 -0.0039   0.0923   0.0751  -0.0789   0.1102   0.1055
  0.0067   0.0778   0.0735  -0.0780   0.1184   0.1817
  0.0087   0.0604   0.0750  -0.0734   0.1089   0.1102
 -0.0097   0.0968   0.0675  -0.1040   0.0946   0.2137
 -0.0119   0.0779   0.0677  -0.0819   0.0870   0.1152
 -0.0236   0.0837   0.0665  -0.1001   0.0789   0.1342
 -0.0240   0.0952   0.0676  -0.1166   0.0781   0.0833
 -0.0261   0.0713   0.0839  -0.0843   0.0783   0.0270
 -0.0379   0.0734   0.0742  -0.0743   0.0566   0.1266
 -0.0394   0.0743   0.0569  -0.0744   0.0278   0.1883
 -0.0391   0.0614   0.0620  -0.0499   0.0140   0.1319
 -0.0483   0.0576   0.0538  -0.0330  -0.0054   0.1461
 -0.0503   0.0488   0.0446  -0.0463  -0.0044   0.1552
 -0.0466   0.0570   0.0405  -0.0436  -0.0165   0.0950
 -0.0446   0.0472   0.0428  -0.0311  -0.0322   0.1341
 -0.0089   0.0597   0.0429  -0.0284  -0.0001   0.1536
 -0.0390   0.0628   0.0307  -0.0388  -0.0231   0.1194
 -0.0442   0.0340   0.0418  -0.0140  -0.0272   0.0546
 -0.0289   0.0417   0.0481   0.0230  -0.0160   0.1025
  0.0064   0.0376   0.0739   0.0005   0.0028   0.1003
  0.0276   0.0100   0.0788   0.0426   0.0599   0.1786
  0.0265  -0.0063   0.0872   0.0568   0.0566  -0.0136
  0.0579  -0.0144   0.0755   0.0287   0.0750   0.0788
  0.0332  -0.0554   0.0344   0.0804   0.0397   0.1179
  0.0357  -0.0734   0.0493   0.0831   0.0562  -0.0088
  0.0256  -0.0520   0.0362   0.0718   0.0463   0.0716
  0.0220  -0.0474   0.0561   0.0776   0.0452   0.0666
  0.0226  -0.0361   0.0170   0.0310   0.0424   0.1475
  0.0166  -0.0313   0.0243   0.0363   0.0406   0.1190
  0.0256  -0.0176   0.0387   0.0390   0.0465   0.1014
  0.0241  -0.0194   0.0546   0.0290   0.0390   0.0381
  0.0005  -0.0227   0.0198  -0.0145   0.0335   0.1190
 -0.0028  -0.0325   0.0278   0.0164   0.0317   0.0626
  0.0345  -0.0688   0.0733   0.0525   0.0600  -0.0499
  0.0096  -0.0520   0.0400   0.0382   0.0441   0.1200
 -0.0039  -0.0537   0.0282   0.0437   0.0311   0.0229
 -0.0126  -0.0345   0.0164   0.0612   0.0105   0.0878
 -0.0126  -0.0506   0.0350   0.0606   0.0212   0.0364
 -0.0143  -0.0190  -0.0052   0.0113   0.0065   0.1511
 -0.0255  -0.0390  -0.0026   0.0770  -0.0070  -0.0729
 -0.0278  -0.0404  -0.0028   0.0788  -0.0154  -0.0132
 -0.0140  -0.0044  -0.0287   0.0171   0.0022   0.0938
 -0.0357  -0.0260  -0.0116   0.0629  -0.0100  -0.0307
 -0.0367   0.0026  -0.0481   0.0482  -0.0240   0.0213
 -0.0416   0.0132  -0.0523   0.0445  -0.0186   0.0276
 -0.0638  -0.0217  -0.0482   0.0604  -0.0513   0.0136
 -0.0769  -0.0381  -0.0602   0.0824  -0.0651   0.0335
 -0.0914  -0.0837  -0.0549   0.0793  -0.0571  -0.0165
 -0.1002  -0.0852  -0.0689   0.0799  -0.0866  -0.0590
 -0.0906  -0.0429  -0.0654   0.0399  -0.0688   0.0456
 -0.0922  -0.0617  -0.0520   0.0598  -0.0847   0.0029
 -0.1038  -0.0539  -0.0704   0.0514  -0.0986   0.0148
 -0.1026  -0.0422  -0.0758   0.0330  -0.0869  -0.0048
 -0.0934  -0.0781  -0.0814   0.0848  -0.1097  -0.0797
 -0.0808  -0.0766  -0.0613   0.0269  -0.0894   0.0547
 -0.0703  -0.0396  -0.0593  -0.0015  -0.0726   0.0196
 -0.0618  -0.0381  -0.0353  -0.0191  -0.0635   0.0023
 -0.0516  -0.0313  -0.0219  -0.0100  -0.0604  -0.0719
 -0.0425  -0.0330  -0.0337  -0.0136  -0.0507  -0.0130
 -0.0360  -0.0184  -0.0135  -0.0666  -0.0263  -0.0090
 -0.0477  -0.0253  -0.0056  -0.0333  -0.0355  -0.0550
 -0.0525  -0.0057  -0.0337  -0.0497  -0.0556  -0.0441
 -0.0392  -0.0065  -0.0335  -0.0330  -0.0424  -0.0134
 -0.0454  -0.0274  -0.0339  -0.0038  -0.0680  -0.1380
 -0.0473   0.0174  -0.0400  -0.0071  -0.0748  -0.0388
 -0.0268   0.0264  -0.0318  -0.0441  -0.0305  -0.0257
 -0.0295  -0.0087  -0.0279   0.0152  -0.0558  -0.1301
 -0.0313   0.0195  -0.0243  -0.0176  -0.0422  -0.0247
 -0.0324   0.0329  -0.0307  -0.0394  -0.0486  -0.1088
 -0.0332   0.0356  -0.0323  -0.0210  -0.0557  -0.0855
 -0.0348   0.0667  -0.0432  -0.0680  -0.0570  -0.0386
 -0.0350   0.0601  -0.0361  -0.0644  -0.0495  -0.1249
 -0.0340   0.0531  -0.0350  -0.0440  -0.0713  -0.0631
 -0.0315   0.0813  -0.0310  -0.0777  -0.0436  -0.0694
 -0.0171   0.0509  -0.0247  -0.0803  -0.0435  -0.1438
 -0.0160   0.0488  -0.0257  -0.0863  -0.0581  -0.0799
 -0.0196   0.0527  -0.0323  -0.0924  -0.0813  -0.0199
 -0.0561   0.0367  -0.0332  -0.0575  -0.1340  -0.1070
 -0.0501   0.0705  -0.0436  -0.0843  -0.1349  -0.0996
 -0.0479   0.0795  -0.0331  -0.0805  -0.1293  -0.0993
 -0.0348   0.0876  -0.0309  -0.0989  -0.1072  -0.0501
 -0.0169   0.0363  -0.0422  -0.0732  -0.1168  -0.0711
 -0.0192   0.0526  -0.0465  -0.0760  -0.1129  -0.0557
 -0.0251   0.0503  -0.0394  -0.0992  -0.1236  -0.0934
 -0.0214   0.0670  -0.0373  -0.0951  -0.1330  -0.1000
 -0.0451   0.1116  -0.0436  -0.0911  -0.1462  -0.0833
 -0.0436   0.0998  -0.0520  -0.0819  -0.1353  -0.1059
 -0.0426   0.0461  -0.0212  -0.0604  -0.1550  -0.1988
 -0.0403   0.0704  -0.0522  -0.1041  -0.1491  -0.0282
 -0.0364   0.0653  -0.0523  -0.1079  -0.1590  -0.1292
 -0.0319   0.0365  -0.0637  -0.0780  -0.1787  -0.1142
 -0.0441   0.0420  -0.0727  -0.0982  -0.1771  -0.0787
 -0.0432   0.0281  -0.0538  -0.0856  -0.1690  -0.1155
 -0.0454   0.0190  -0.0643  -0.0696  -0.1749  -0.0395
 -0.0603   0.0296  -0.0740  -0.0978  -0.1719  -0.0645
 -0.0395   0.0195  -0.0583  -0.1085  -0.1649  -0.1392
 -0.0427  -0.0049  -0.0467  -0.0749  -0.1686  -0.1532
 -0.0230   0.0279  -0.0551  -0.0998  -0.1278  -0.0916
 -0.0273  -0.0276  -0.0497  -0.0905  -0.1473  -0.0876
 -0.0401  -0.0215  -0.0652  -0.1055  -0.1719  -0.1225
 -0.0324  -0.1049  -0.0469  -0.0885  -0.1484  -0.1367
 -0.0267  -0.1079  -0.0328  -0.0621  -0.1560  -0.1060
  0.0100  -0.1156  -0.0420  -0.1297  -0.1032  -0.0348
  0.0545  -0.1558   0.0133  -0.1436  -0.0335  -0.0989
  0.0687  -0.1436   0.0545  -0.1856   0.0418  -0.0726
  0.0623  -0.1900   0.0649  -0.0971   0.0116  -0.1941
  0.1402  -0.2977   0.0694  -0.1706   0.0829  -0.0373
  0.1268  -0.3187   0.0553  -0.1549   0.0735  -0.1314
  0.0822  -0.2964   0.0517  -0.0699   0.0246  -0.1644
  0.0631  -0.2859   0.0691  -0.0717  -0.0020  -0.1817
  0.0581  -0.2402   0.0171  -0.1492   0.0064  -0.0724
  0.0593  -0.2874   0.0160  -0.0998  -0.0017  -0.1573
  0.0411  -0.3521   0.0433  -0.0388  -0.0322  -0.2436
  0.0440  -0.3310   0.0317  -0.0822  -0.0180  -0.0947
  0.0508  -0.3547   0.0166  -0.0217  -0.0286  -0.1322
  0.0570  -0.2789   0.0036  -0.0762  -0.0140  -0.0516
  0.0663  -0.2658  -0.0241  -0.0601  -0.0490  -0.1196
  0.0511  -0.2766  -0.0304  -0.0463  -0.0650  -0.1116
  0.0527  -0.2647  -0.0187  -0.0284  -0.0505  -0.1242
  0.0476  -0.2749  -0.0090  -0.0503  -0.0345  -0.1850
