  0.0900  -0.9786  -0.3116   0.6639   0.1945  -0.0276
  0.1009  -1.0051  -0.2754   0.7353   0.1905  -0.0629
  0.1014  -0.8901  -0.2776   0.5317   0.2081  -0.0776
  0.1065  -1.0007  -0.2759   0.7113   0.1950  -0.0239
  0.1221  -1.0085  -0.2392   0.5482   0.1846  -0.0980
  0.0816  -1.0543  -0.2846   0.4247   0.1653  -0.0348
  0.0881  -1.0260  -0.1971   0.5550   0.1338  -0.0932
  0.0874  -0.9625  -0.1639   0.2781   0.1364  -0.1031
  0.0873  -0.9798  -0.1466   0.6234   0.1464  -0.0641
  0.1126  -1.1760  -0.1615   0.7489   0.1536  -0.0513
  0.1528  -1.1326  -0.1945   0.5444   0.1681  -0.0359
  0.1231  -1.0398  -0.2003   0.5699   0.1558  -0.0476
  0.1744  -1.1735  -0.2258   0.6327   0.1442   0.0368
  0.1523  -1.0421  -0.1992   0.4385   0.1349  -0.0341
  0.1394  -1.0175  -0.2218   0.5356   0.1381  -0.0166
  0.1509  -1.0604  -0.2215   0.5460   0.1465   0.0178
  0.1386  -1.0533  -0.1958   0.4896   0.1402   0.0165
  0.1273  -1.0807  -0.1888   0.5659   0.1444  -0.0111
  0.1519  -0.9847  -0.1746   0.3800   0.1390  -0.0270
  0.1340  -0.8372  -0.1649   0.3595   0.1444  -0.0210
  0.1463  -0.9603  -0.1613   0.5482   0.1584   0.0432
  0.1636  -0.9775  -0.1822   0.4623   0.1532   0.0647
  0.1070  -0.7515  -0.1631   0.2274   0.1219  -0.0476
  0.1332  -0.6497  -0.1624   0.0574   0.1326  -0.1261
  0.1639  -0.4089  -0.0655  -0.1815   0.1676  -0.1451
  0.0579  -0.0924  -0.0151   0.1806   0.1428  -0.0957
  0.0634   0.0570  -0.0625   0.1997   0.1379  -0.1509
  0.0385   0.0691  -0.0612   0.3992   0.1364  -0.1577
  0.1131   0.0847  -0.0470   0.1971   0.0956  -0.1575
  0.0820   0.2532  -0.0427   0.1653   0.1216  -0.1764
  0.0840   0.1558  -0.0429   0.3213   0.1304  -0.1458
  0.1261   0.1240  -0.0528   0.1282   0.1198  -0.1547
  0.1159   0.2408  -0.0313  -0.0220   0.1312  -0.1838
  0.0930   0.1999  -0.0203   0.1401   0.1387  -0.1410
  0.0853   0.0586  -0.0237   0.2027   0.1233  -0.1593
  0.0419   0.0899  -0.0162   0.1535   0.1138  -0.1037
  0.0506   0.0161  -0.0030   0.2032   0.0938  -0.1445
  0.0336   0.0679  -0.0007   0.0624   0.0923  -0.1797
  0.0162   0.0263   0.0011   0.1078   0.0939  -0.1677
  0.0126  -0.0872  -0.0087   0.1383   0.0865  -0.1289
  0.0412  -0.1788  -0.0211   0.0956   0.0735  -0.1399
  0.0274  -0.1092  -0.0054  -0.0381   0.0588  -0.1411
  0.0271  -0.1369  -0.0319   0.0050   0.0588  -0.0897
  0.0191  -0.1655  -0.0261   0.0856   0.0585  -0.1080
  0.0204  -0.1582  -0.0139  -0.0197   0.0462  -0.1347
  0.1024  -0.1495  -0.0237  -0.0737   0.0761  -0.0749
  0.0642  -0.1618  -0.0192   0.0629   0.0559  -0.0789
  0.0526  -0.1321   0.0029  -0.0314   0.0535  -0.1155
  0.0473   0.0403   0.0248  -0.2113   0.0610  -0.1360
 -0.0408   0.0099  -0.0561  -0.1227   0.0265  -0.1749
  0.0191   0.2756  -0.0285  -0.1330   0.0086  -0.2177
  0.0164   0.2332   0.0044  -0.1907   0.0063  -0.2353
  0.0197   0.1385  -0.0369  -0.0701   0.0360  -0.1720
  0.0466  -0.1297  -0.0332   0.0858   0.0526  -0.0639
  0.1968   0.3292   0.0354   0.0096   0.0713  -0.1140
  0.1212   0.0325   0.0369   0.1244   0.0479  -0.1107
  0.0562   0.2643   0.0629   0.3026   0.0539  -0.1183
  0.0527   0.1432   0.0600   0.3004   0.0490  -0.1151
  0.0539   0.1532   0.0860  -0.0290   0.0268  -0.1560
  0.0430   0.2327   0.1053   0.1086   0.0474  -0.1281
  0.0383   0.1718   0.0987   0.2012   0.0405  -0.1271
  0.0415   0.2306   0.0984   0.0896   0.0280  -0.1762
  0.0321   0.3117   0.1052   0.0334   0.0374  -0.1566
 -0.0072   0.1956   0.1072   0.1941   0.0218  -0.1036
  0.0050   0.1783   0.1312   0.1582   0.0217  -0.1170
 -0.0020   0.2356   0.1480   0.0265   0.0123  -0.1492
  0.0099   0.2298   0.1352   0.1573   0.0526  -0.0956
  0.0043   0.1541   0.1393   0.2626   0.0369  -0.0857
 -0.0120   0.2132   0.1523   0.1042   0.0283  -0.1126
 -0.0284   0.1359   0.1462   0.3089   0.0143  -0.0666
 -0.0728   0.0428   0.1838   0.3131  -0.0124  -0.0349
 -0.0639   0.0320   0.1950   0.1621   0.0083  -0.0319
 -0.0401   0.0143   0.1646   0.3094   0.0147  -0.0095
 -0.0561  -0.0628   0.1835   0.3546  -0.0092   0.0179
 -0.0667  -0.1085   0.2017   0.2075  -0.0305  -0.0090
 -0.0862  -0.1279   0.1625   0.1438  -0.0353   0.0201
 -0.0709  -0.1741   0.1465   0.2714  -0.0254   0.0463
 -0.0682  -0.2450   0.1422   0.3171  -0.0416   0.0487
 -0.0643  -0.1725   0.1130   0.1831  -0.0378  -0.0244
 -0.0093  -0.0921   0.0988   0.1836  -0.0127   0.0139
 -0.0138  -0.1805   0.0927   0.3040  -0.0173   0.0551
 -0.0351  -0.2411   0.0650   0.2612  -0.0354   0.0290
 -0.0648  -0.2104   0.0813   0.1525  -0.0454   0.0558
 -0.1315  -0.4075   0.1551   0.3611  -0.0907   0.1248
 -0.1098  -0.4072   0.0801   0.1673  -0.1002   0.0611
 -0.0711  -0.4116   0.0222   0.1332  -0.0664   0.1040
 -0.0987  -0.4738   0.0586   0.1539  -0.0797   0.1315
 -0.0613  -0.5171   0.0007   0.2954  -0.0561   0.1582
 -0.0441  -0.5161   0.0106   0.1679  -0.0724   0.1146
 -0.0519  -0.4681   0.0037   0.0865  -0.0711   0.1399
 -0.0358  -0.5861  -0.0107   0.2250  -0.0699   0.2296
 -0.0724  -0.5896   0.0182   0.2672  -0.0757   0.1996
 -0.0436  -0.5565  -0.0125   0.1049  -0.0650   0.1545
 -0.0574  -0.6021   0.0033   0.0996  -0.0808   0.1947
 -0.0417  -0.6955  -0.0224   0.2722  -0.0652   0.2447
 -0.0685  -0.7358   0.0267   0.1647  -0.0934   0.1823
 -0.0292  -0.6209  -0.0054   0.0017  -0.0765   0.1706
  0.0008  -0.4191  -0.0548   0.0216  -0.0398   0.1899
 -0.0078  -0.5379  -0.0299   0.0920  -0.0629   0.2003
 -0.0248  -0.5007  -0.0721   0.0314  -0.0497   0.2153
 -0.0301  -0.5930  -0.0616   0.1933  -0.0675   0.2399
 -0.0246  -0.6902  -0.0557   0.2217  -0.0602   0.2559
 -0.0258  -0.6260  -0.0454   0.0759  -0.0873   0.1884
 -0.0593  -0.6163  -0.0278  -0.0231  -0.0925   0.2207
 -0.0292  -0.5985  -0.0624  -0.0506  -0.0728   0.2528
  0.0008  -0.6738  -0.0743   0.1312  -0.0571   0.3063
 -0.0187  -0.7552  -0.0385   0.0646  -0.0837   0.2763
 -0.0156  -0.6577  -0.0403  -0.0428  -0.0947   0.2095
 -0.0247  -0.6223  -0.0478  -0.1553  -0.0922   0.2314
 -0.0305  -0.5714  -0.0372   0.0303  -0.0939   0.2677
  0.0393  -0.5573  -0.0617  -0.2729  -0.0646   0.1668
 -0.0050  -0.3816  -0.0246  -0.2241  -0.1019   0.2001
 -0.0507  -0.4247   0.0022  -0.0535  -0.1061   0.2277
 -0.0219  -0.2510   0.0076  -0.4572  -0.0646   0.1940
 -0.0346  -0.3091   0.0031   0.0330  -0.0746   0.2152
  0.0280  -0.1014   0.0844  -0.1806  -0.0625   0.1773
 -0.0406   0.1502   0.0972  -0.1404  -0.0628   0.1627
 -0.0418   0.1225   0.0768   0.0582  -0.0711   0.1773
 -0.0389   0.1632   0.0742  -0.3147  -0.0633   0.1765
 -0.0162   0.5064   0.0100   0.3407  -0.0552   0.1499
 -0.0270   0.7481  -0.0060  -0.1865  -0.0373   0.0701
  0.0308   0.6840  -0.0723  -0.2338   0.0089   0.0882
 -0.0089   0.8540  -0.0533  -0.1670  -0.0270   0.1088
 -0.0255   0.7723  -0.0727  -0.2121  -0.0421   0.0699
  0.0403   1.2453  -0.0728  -0.4037  -0.0414  -0.0375
  0.0153   1.3022  -0.0110  -0.4270  -0.0205  -0.0882
  0.0179   0.9303   0.0264  -0.3265  -0.0429  -0.0020
 -0.0789   1.1866   0.0969  -0.6711  -0.0816  -0.0701
 -0.1184   1.2988   0.1770  -1.4034  -0.1470  -0.2062
 -0.1415   1.0692   0.0745  -1.1486  -0.1977  -0.0840
 -0.1357   1.3111   0.0605  -0.9318  -0.1569  -0.0609
 -0.1577   1.2262   0.0892  -0.9253  -0.1522  -0.0209
 -0.1601   1.1857   0.0745  -0.7641  -0.1401  -0.0563
 -0.1312   1.2230  -0.0290  -0.8439  -0.1241  -0.0825
 -0.1260   1.2675  -0.0241  -0.6644  -0.1053  -0.0119
 -0.1253   1.2320  -0.0037  -0.7374  -0.1412  -0.0812
 -0.1276   1.3106  -0.0028  -0.8200  -0.1545  -0.0378
 -0.1588   1.3826   0.0239  -0.6861  -0.1538  -0.0351
 -0.1351   1.3771   0.0601  -0.7316  -0.1358  -0.0139
 -0.1317   1.5141   0.0427  -0.7140  -0.1477  -0.1174
 -0.1380   1.5065   0.0218  -0.7454  -0.1358  -0.0634
 -0.1370   1.4330   0.0127  -0.6037  -0.1384  -0.0217
 -0.1490   1.3095   0.0366  -0.5562  -0.1469  -0.0439
 -0.1503   1.4658   0.0139  -0.7549  -0.1411  -0.0484
 -0.1399   1.3922   0.0004  -0.5974  -0.1422   0.0128
 -0.0949   1.2802   0.0283  -0.5409  -0.1061   0.0457
 -0.1528   1.3783   0.0491  -0.8218  -0.1107   0.0226
 -0.0969   1.2697   0.1438  -0.5360  -0.1210   0.0642
 -0.1151   1.1772   0.1460  -0.6531  -0.1304   0.0230
 -0.1059   1.2120   0.0929  -0.7423  -0.1192   0.0556
 -0.1072   1.1840   0.0892  -0.6365  -0.1274   0.0698
 -0.1040   1.0859   0.0866  -0.5605  -0.1377   0.0617
 -0.0849   1.0266   0.0847  -0.6848  -0.1388   0.0664
 -0.1017   1.1445   0.0689  -0.6628  -0.1287   0.0764
 -0.0827   1.0964   0.0583  -0.5027  -0.1075   0.1314
 -0.1148   1.0854   0.1005  -0.6430  -0.1609   0.0359
