 -0.1922   0.6441  -0.0962  -0.2998  -0.2969  -0.3491
 -0.1821   0.6046  -0.0927  -0.2254  -0.2636  -0.3520
 -0.1638   0.6456  -0.0738  -0.2855  -0.2611  -0.4001
 -0.1876   0.5775  -0.0656  -0.2330  -0.2680  -0.3462
 -0.1823   0.5551  -0.0502  -0.1725  -0.2573  -0.3372
 -0.1558   0.5759  -0.0436  -0.1809  -0.2353  -0.3685
 -0.1646   0.6186  -0.0481  -0.2389  -0.2346  -0.3803
 -0.1656   0.6088  -0.0437  -0.2223  -0.2351  -0.3453
 -0.1548   0.5829  -0.0460  -0.1780  -0.2356  -0.3584
 -0.1501   0.5728  -0.0447  -0.2023  -0.2350  -0.3884
 -0.1486   0.6029  -0.0377  -0.2653  -0.2312  -0.3834
 -0.1534   0.6079  -0.0356  -0.2402  -0.2229  -0.3761
 -0.1446   0.5974  -0.0438  -0.1778  -0.2138  -0.3635
 -0.1421   0.5724  -0.0430  -0.1802  -0.2162  -0.3592
 -0.1180   0.5275  -0.0362  -0.1774  -0.2143  -0.3804
 -0.0965   0.5628  -0.0438  -0.1773  -0.2162  -0.3732
 -0.1132   0.5714  -0.0443  -0.1709  -0.2018  -0.3489
 -0.0038   0.5634  -0.0589  -0.0332  -0.0517  -0.3107
 -0.0229   0.4246  -0.0498   0.0712  -0.1135  -0.3060
 -0.0055   0.4177  -0.0241   0.0437  -0.1118  -0.3045
 -0.0515   0.4324  -0.0344   0.0117  -0.1544  -0.3018
 -0.1246   0.4374  -0.0382   0.0241  -0.1865  -0.2854
 -0.0997   0.4269  -0.0352   0.0571  -0.1680  -0.2867
 -0.0913   0.3968  -0.0360   0.0753  -0.1528  -0.2832
 -0.0868   0.3789  -0.0469   0.0656  -0.1412  -0.2971
 -0.0843   0.3990  -0.0416   0.0349  -0.1317  -0.2868
 -0.0962   0.3747  -0.0337   0.0627  -0.1230  -0.2461
 -0.1020   0.3556  -0.0412   0.0827  -0.1296  -0.2429
 -0.0865   0.3166  -0.0455   0.0380  -0.1274  -0.2786
 -0.0603   0.3407  -0.0370  -0.0130  -0.1113  -0.3041
 -0.0614   0.3530  -0.0377  -0.0312  -0.1122  -0.2948
 -0.0565   0.3375  -0.0332   0.0099  -0.0958  -0.2653
 -0.0871   0.3390  -0.0310   0.0351  -0.0899  -0.2627
 -0.0916   0.3121  -0.0351   0.0584  -0.0882  -0.2526
 -0.0866   0.2651  -0.0433   0.0573  -0.0849  -0.2537
 -0.0671   0.2879  -0.0386   0.0076  -0.0692  -0.2813
 -0.0727   0.3467  -0.0363  -0.0192  -0.0678  -0.2804
 -0.0762   0.3117  -0.0435   0.0015  -0.0813  -0.2508
 -0.0740   0.2595  -0.0379   0.0632  -0.0714  -0.2169
 -0.0733   0.2234  -0.0424   0.0572  -0.0677  -0.2340
 -0.0556   0.2873  -0.0301   0.0111  -0.0495  -0.2502
 -0.0677   0.2757  -0.0619  -0.0515  -0.0557  -0.2634
 -0.0982   0.1667  -0.0544  -0.0153  -0.0685  -0.2259
 -0.0807   0.0146  -0.0367  -0.0204  -0.0427  -0.2303
 -0.0984  -0.0146  -0.0172   0.0285  -0.0205  -0.2024
 -0.0891  -0.0398  -0.0093   0.0539  -0.0153  -0.1998
 -0.1044  -0.0048   0.0018  -0.0645  -0.0312  -0.2158
 -0.0853  -0.0516   0.0030  -0.0604  -0.0154  -0.2103
 -0.1125  -0.0449   0.0074  -0.0377  -0.0331  -0.1855
 -0.1182  -0.0856   0.0197   0.0145  -0.0377  -0.1664
 -0.0883  -0.1507   0.0232  -0.0022  -0.0094  -0.1859
 -0.0672  -0.1343   0.0353  -0.0321  -0.0134  -0.1843
 -0.0766  -0.1492   0.0287   0.0018  -0.0188  -0.1496
 -0.0906  -0.1661   0.0297   0.0473  -0.0112  -0.1302
 -0.0834  -0.1919   0.0324   0.0389  -0.0120  -0.1486
 -0.0675  -0.1807   0.0418  -0.0065  -0.0029  -0.1600
 -0.0604  -0.1638   0.0384  -0.0255   0.0064  -0.1492
 -0.0821  -0.1795   0.0272   0.0258   0.0027  -0.1099
 -0.0742  -0.2261   0.0180   0.0841   0.0019  -0.1092
 -0.0696  -0.1796   0.0056   0.0026   0.0095  -0.1485
 -0.0609  -0.1988  -0.0016  -0.0294   0.0225  -0.1521
 -0.0650  -0.1779  -0.0060  -0.0379   0.0186  -0.1357
 -0.0789  -0.1628   0.0029  -0.0220  -0.0020  -0.1187
 -0.0379  -0.2286   0.0044   0.0378   0.0320  -0.1198
 -0.0233  -0.2093   0.0265   0.0016   0.0519  -0.1162
 -0.0218  -0.2050   0.0239  -0.0230   0.0558  -0.1385
 -0.0227  -0.1776   0.0256  -0.0679   0.0705  -0.1418
 -0.0382  -0.1565   0.0204  -0.0243   0.0495  -0.0913
 -0.0360  -0.1913   0.0085   0.0280   0.0474  -0.0815
 -0.0289  -0.2130   0.0133   0.0431   0.0435  -0.0867
 -0.0179  -0.2004   0.0132   0.0230   0.0481  -0.1032
 -0.0275  -0.1859   0.0186  -0.0093   0.0415  -0.0908
 -0.0320  -0.1874   0.0132  -0.0065   0.0305  -0.0674
 -0.0494  -0.2296   0.0073   0.0110   0.0262  -0.0564
 -0.0445  -0.2448   0.0108   0.0153   0.0352  -0.0454
 -0.0227  -0.2358   0.0109  -0.0442   0.0514  -0.0677
 -0.0169  -0.2153   0.0170  -0.0774   0.0554  -0.0543
 -0.0326  -0.2398   0.0108   0.0191   0.0514  -0.0113
 -0.0269  -0.3103   0.0040   0.0421   0.0454  -0.0121
 -0.0191  -0.2611   0.0101  -0.0347   0.0564  -0.0535
 -0.0026  -0.2275   0.0393  -0.0470   0.0553  -0.0345
 -0.0076  -0.2560   0.0264   0.0068   0.0602  -0.0072
 -0.0032  -0.2883   0.0196   0.0424   0.0487   0.0155
  0.0145  -0.2982   0.0272   0.0131   0.0711  -0.0188
  0.0051  -0.2764   0.0321  -0.0046   0.0737  -0.0146
 -0.0058  -0.2585   0.0283  -0.0137   0.0603   0.0055
 -0.0510  -0.2398   0.0210   0.0217   0.0544   0.0261
 -0.0145  -0.2691   0.0228   0.0547   0.0425   0.0284
 -0.0100  -0.2553   0.0199   0.0044   0.0360   0.0034
 -0.0443  -0.1936   0.0305  -0.0502   0.0249   0.0066
 -0.0450  -0.2147   0.0277   0.0012   0.0275   0.0445
 -0.0364  -0.2593   0.0301   0.0130   0.0309   0.0234
 -0.0090  -0.2223   0.0322  -0.0150   0.0328   0.0271
 -0.0207  -0.1819   0.0407  -0.0113   0.0425   0.0550
 -0.0195  -0.2110   0.0411   0.0417   0.0520   0.0771
 -0.0217  -0.2317   0.0411   0.0407   0.0531   0.0649
 -0.0111  -0.1765   0.0481  -0.0301   0.0506   0.0300
 -0.0289  -0.1686   0.0439  -0.0413   0.0239   0.0490
 -0.0410  -0.1927   0.0464   0.0289   0.0230   0.0832
 -0.0248  -0.2353   0.0414   0.0276   0.0300   0.0717
 -0.0193  -0.1906   0.0591  -0.0225   0.0344   0.0692
 -0.0070  -0.1782   0.0488  -0.0881   0.0425   0.0717
 -0.0169  -0.1978   0.0480  -0.0181   0.0354   0.1188
 -0.0214  -0.2317   0.0417   0.0053   0.0480   0.1281
 -0.0148  -0.2332   0.0399  -0.0150   0.0420   0.1284
 -0.0171  -0.2189   0.0455  -0.0645   0.0340   0.0895
 -0.0171  -0.2155   0.0493  -0.0649   0.0362   0.1154
 -0.0238  -0.2077   0.0565  -0.1122   0.0431   0.1158
 -0.0070  -0.2068   0.0509  -0.0623   0.0561   0.1314
 -0.0292  -0.2659   0.0374   0.0123   0.0410   0.1728
 -0.0160  -0.2533   0.0423  -0.0071   0.0465   0.1725
 -0.0054  -0.2208   0.0506  -0.0765   0.0483   0.1480
 -0.0164  -0.1847   0.0574  -0.0818   0.0345   0.1730
 -0.0295  -0.1784   0.0502  -0.0863   0.0355   0.1954
 -0.0445  -0.2058   0.0577  -0.0486   0.0278   0.2217
 -0.0386  -0.2281   0.0540  -0.0532   0.0342   0.2284
 -0.0302  -0.2325   0.0565  -0.0715   0.0346   0.2159
 -0.0391  -0.2402   0.0586  -0.0810   0.0227   0.2036
 -0.0294  -0.2215   0.0677  -0.1149   0.0422   0.2049
 -0.0253  -0.1787   0.0684  -0.1416   0.0465   0.2175
 -0.0386  -0.1455   0.0801  -0.1137   0.0557   0.2228
 -0.0328  -0.0845   0.1000  -0.0715   0.0571   0.2298
 -0.0425  -0.1321   0.1075   0.0612   0.0399   0.2283
 -0.0593  -0.1359   0.1092  -0.1980   0.0324   0.1710
 -0.0823  -0.2844   0.1351  -0.0324   0.0170   0.2727
 -0.0957  -0.2542   0.1285  -0.0036   0.0151   0.2676
 -0.0719  -0.2496   0.1448  -0.0233   0.0255   0.2565
 -0.0745  -0.2505   0.1544  -0.0696   0.0289   0.2494
 -0.0874  -0.2363   0.1340  -0.0642   0.0103   0.2835
 -0.0858  -0.2310   0.1493  -0.0651   0.0155   0.3086
 -0.0450  -0.2465   0.1597   0.0041   0.0409   0.2938
  0.0879  -0.2624   0.2673   0.9000   0.0946   0.3875
  0.3792   0.4046   0.6268   3.0267   0.1293   0.5895
  0.2223   0.3082  -0.0323   0.1867   0.0459   0.2610
  0.2779   0.3281  -0.1538   0.1465   0.0382   0.2534
  0.2660   0.2893  -0.1365   0.1029   0.0507   0.2986
  0.2449   0.1969  -0.0854   0.0676   0.0740   0.3256
  0.2874   0.2293  -0.0849   0.1362   0.0864   0.3948
  0.3517   0.0644  -0.0481   0.1585   0.1743   0.4056
  0.3651   0.0355  -0.0675   0.0987   0.1800   0.3900
  0.3758   0.0057  -0.0479   0.0726   0.2010   0.4271
  0.3468  -0.1228  -0.0473   0.1517   0.2025   0.4649
  0.3807  -0.1088  -0.0449   0.1048   0.2230   0.4402
  0.3826  -0.0673  -0.0464   0.0340   0.2248   0.4169
  0.3857  -0.0387  -0.0493   0.0413   0.2306   0.4570
  0.4004  -0.0998  -0.0449   0.1091   0.2428   0.5021
  0.3839  -0.1326  -0.0551   0.1244   0.2288   0.5033
  0.3841  -0.0982  -0.0590   0.0863   0.2182   0.4806
  0.3733  -0.0783  -0.0610   0.0660   0.2090   0.4931
  0.3683  -0.1305  -0.0796   0.0790   0.2053   0.5376
  0.3633  -0.1468  -0.0892   0.1041   0.1931   0.5541
  0.3637  -0.1814  -0.0818   0.0891   0.1879   0.5348
  0.3742  -0.1551  -0.0787   0.0618   0.1976   0.5248
  0.3702  -0.1098  -0.1128   0.0567   0.1739   0.5158
  0.3571  -0.0547  -0.1121  -0.0011   0.1534   0.5126
  0.3372  -0.0641  -0.1249  -0.0241   0.1396   0.5053
