 -0.0569  -0.0558  -0.0800  -0.0265  -0.1276   0.0646
 -0.0484  -0.0534  -0.0684  -0.0184  -0.1189   0.0465
 -0.0399  -0.0440  -0.0540  -0.0090  -0.1046   0.0563
 -0.0384  -0.0382  -0.0581  -0.0087  -0.1043   0.0464
 -0.0385  -0.0328  -0.0581  -0.0039  -0.1082   0.0526
 -0.0296  -0.0131  -0.0549  -0.0298  -0.1145   0.0832
 -0.0348  -0.0365  -0.0580  -0.0163  -0.1061   0.0392
 -0.0292  -0.0484  -0.0729  -0.0101  -0.1042   0.0357
 -0.0391  -0.0428  -0.0708  -0.0382  -0.1075   0.0711
 -0.0352  -0.0316  -0.0642  -0.0026  -0.0941   0.0297
 -0.0378  -0.0226  -0.0639   0.0067  -0.0950   0.0428
 -0.0291  -0.0213  -0.0475   0.0065  -0.0944   0.0362
 -0.0384  -0.0245  -0.0473   0.0078  -0.0938   0.0254
 -0.0477  -0.0021  -0.0304   0.0269  -0.0670   0.0404
 -0.0300  -0.0070  -0.0259   0.0282  -0.0677   0.0279
 -0.0261  -0.0166  -0.0282   0.0311  -0.0659   0.0110
 -0.0331  -0.0169  -0.0237   0.0388  -0.0568   0.0043
 -0.0386  -0.0126  -0.0375   0.0016  -0.0698   0.0332
 -0.0228   0.0075  -0.0283   0.0157  -0.0658   0.0370
 -0.0206  -0.0041  -0.0133   0.0241  -0.0539   0.0191
 -0.0106   0.0000  -0.0135   0.0166  -0.0528  -0.0023
 -0.0276   0.0069  -0.0080   0.0049  -0.0538   0.0304
 -0.0258   0.0143  -0.0057   0.0022  -0.0518   0.0274
 -0.0274   0.0072  -0.0066   0.0110  -0.0458   0.0137
 -0.0284   0.0127  -0.0093   0.0117  -0.0450   0.0243
 -0.0289   0.0159   0.0096   0.0124  -0.0327   0.0191
 -0.0189   0.0099   0.0104   0.0222  -0.0347   0.0005
 -0.0197   0.0086   0.0049   0.0313  -0.0314  -0.0030
 -0.0258   0.0102   0.0021   0.0260  -0.0411  -0.0068
 -0.0446   0.0092  -0.0028   0.0281  -0.0362   0.0127
 -0.0148   0.0026   0.0014   0.0063  -0.0168   0.0239
 -0.0305  -0.0188  -0.0196   0.0150  -0.0215   0.0532
 -0.0339  -0.0332  -0.0203   0.0225  -0.0205  -0.0078
 -0.0265  -0.0194  -0.0258   0.0317  -0.0228   0.0182
 -0.0188  -0.0376  -0.0223   0.0636  -0.0327   0.0775
 -0.0198  -0.0312  -0.0244   0.0435  -0.0374   0.0756
 -0.0321  -0.0257  -0.0327   0.0277  -0.0424   0.0627
 -0.0317  -0.0141  -0.0316   0.0260  -0.0334   0.0389
 -0.0426  -0.0001  -0.0321   0.0235  -0.0395   0.0587
 -0.0440   0.0091  -0.0394   0.0051  -0.0525   0.0855
 -0.0417   0.0208  -0.0371   0.0056  -0.0551   0.0690
 -0.0238   0.0373  -0.0204  -0.0006  -0.0400   0.0811
 -0.0102   0.0263  -0.0120   0.0035  -0.0337   0.0550
 -0.0117   0.0131  -0.0115   0.0071  -0.0362   0.0507
 -0.0062  -0.0074  -0.0187   0.0279  -0.0265   0.0542
 -0.0272   0.0071  -0.0270   0.0293  -0.0347   0.0554
 -0.0043  -0.0061  -0.0190   0.0096  -0.0349   0.0857
  0.0031   0.0135  -0.0088  -0.0083  -0.0347   0.0965
  0.0067   0.0149  -0.0079   0.0052  -0.0373   0.0670
  0.0113  -0.0144  -0.0154   0.0099  -0.0219   0.0394
  0.0282  -0.0326  -0.0152   0.0196  -0.0240   0.0431
  0.0487  -0.0440  -0.0036   0.0122  -0.0038   0.0324
  0.0340  -0.0279  -0.0224  -0.0046  -0.0122   0.0452
  0.0077  -0.0228  -0.0011   0.0001   0.0029   0.0162
  0.0299  -0.1047   0.0014   0.0432   0.0484  -0.1079
  0.0299  -0.0510  -0.0221   0.0418   0.0448  -0.0329
  0.0452  -0.0294  -0.0218   0.0171   0.0302  -0.0042
  0.0481  -0.0223  -0.0097   0.0076   0.0320   0.0075
  0.0520  -0.0181   0.0044   0.0180   0.0513  -0.0201
  0.0331  -0.0110   0.0067   0.0063   0.0518  -0.0177
  0.0341  -0.0249   0.0028   0.0415   0.0567  -0.0400
  0.0316  -0.0251  -0.0036   0.0470   0.0532  -0.0357
  0.0457  -0.0146  -0.0004   0.0302   0.0563  -0.0131
  0.0352  -0.0013  -0.0003   0.0284   0.0493  -0.0099
  0.0297   0.0039   0.0058   0.0277   0.0522  -0.0319
  0.0429  -0.0001   0.0126   0.0207   0.0517  -0.0146
  0.0536  -0.0077   0.0093   0.0220   0.0552  -0.0283
  0.0567   0.0002   0.0009   0.0172   0.0481  -0.0170
  0.0409  -0.0076   0.0045   0.0298   0.0606  -0.0452
  0.0215  -0.0075  -0.0107   0.0357   0.0459  -0.0478
  0.0264  -0.0151  -0.0100   0.0250   0.0422  -0.0355
  0.0262  -0.0116  -0.0020   0.0365   0.0507  -0.0565
  0.0187   0.0024  -0.0061   0.0393   0.0383  -0.0379
  0.0149   0.0128  -0.0088   0.0254   0.0327  -0.0261
  0.0062   0.0023  -0.0152   0.0183   0.0309  -0.0526
 -0.0041   0.0086  -0.0152  -0.0086   0.0270  -0.0233
  0.0046   0.0190  -0.0117  -0.0046   0.0311  -0.0195
  0.0004   0.0212  -0.0104  -0.0248   0.0334  -0.0200
  0.0125   0.0355   0.0126  -0.0063   0.0481  -0.0211
  0.0263   0.0139   0.0091   0.0057   0.0459  -0.0413
  0.0183  -0.0046   0.0018   0.0094   0.0480  -0.0495
  0.0206  -0.0208   0.0188   0.0194   0.0670  -0.0726
  0.0276  -0.0128   0.0291   0.0124   0.0702  -0.0695
  0.0299  -0.0162   0.0129   0.0081   0.0636  -0.0712
  0.0123  -0.0047  -0.0138  -0.0059   0.0448  -0.0337
  0.0162  -0.0006   0.0066   0.0056   0.0559  -0.0461
  0.0232  -0.0125   0.0116   0.0171   0.0644  -0.0646
  0.0186  -0.0069   0.0193   0.0157   0.0644  -0.0444
  0.0246  -0.0006   0.0263   0.0221   0.0767  -0.0536
  0.0331  -0.0062   0.0275   0.0125   0.0739  -0.0623
  0.0261  -0.0196   0.0228   0.0164   0.0760  -0.0665
  0.0373  -0.0028   0.0388   0.0103   0.0763  -0.0270
  0.0418   0.0150   0.0614   0.0076   0.0909  -0.0277
  0.0399  -0.0103   0.0503   0.0198   0.0884  -0.0763
  0.0280  -0.0069   0.0465   0.0055   0.0785  -0.0378
  0.0110   0.0086   0.0365  -0.0021   0.0533  -0.0483
  0.0043  -0.0025   0.0266  -0.0172   0.0518  -0.0306
  0.0011   0.0136   0.0259  -0.0330   0.0351  -0.0166
  0.0044   0.0336   0.0292  -0.0464   0.0272  -0.0051
  0.0083   0.0226   0.0308  -0.0393   0.0264  -0.0353
 -0.0016   0.0092   0.0333  -0.0230   0.0390  -0.0546
 -0.0002   0.0214   0.0418  -0.0175   0.0361  -0.0308
  0.0030   0.0362   0.0476  -0.0088   0.0440  -0.0285
 -0.0043   0.0403   0.0368  -0.0440   0.0372  -0.0274
 -0.0042   0.0312   0.0466  -0.0218   0.0317  -0.0605
 -0.0055   0.0324   0.0514  -0.0269   0.0404  -0.0311
 -0.0014   0.0380   0.0538  -0.0321   0.0401  -0.0124
  0.0033   0.0602   0.0693  -0.0276   0.0547  -0.0108
  0.0026   0.0402   0.0715  -0.0144   0.0648  -0.0590
  0.0014   0.0374   0.0611  -0.0106   0.0542  -0.0424
 -0.0066   0.0350   0.0444  -0.0330   0.0396  -0.0262
 -0.0037   0.0353   0.0436  -0.0408   0.0391  -0.0079
  0.0106   0.0409   0.0484  -0.0592   0.0446   0.0118
  0.0012   0.0555   0.0462  -0.0582   0.0500  -0.0541
  0.0310   0.0673   0.0841  -0.0361   0.0894  -0.0193
  0.0220   0.0470   0.0841  -0.0411   0.0883  -0.0797
 -0.0084   0.0261   0.0188  -0.1064  -0.0109  -0.0466
 -0.0009   0.0672   0.0368  -0.1863  -0.0753   0.0383
  0.0149   0.0721   0.0590  -0.1906  -0.0564   0.0383
  0.0083   0.0803   0.0717  -0.1832  -0.0530   0.0459
