  0.0146  -0.2800   0.0422   0.2160   0.0114   0.0756
  0.0548  -0.0224   0.0594   0.0343   0.0084   0.0666
  0.0800  -0.0502   0.0376   0.0187   0.0211   0.0884
  0.0318  -0.2335   0.0173   0.1355   0.0085   0.0453
  0.0936   0.0119   0.0326  -0.0473   0.0401   0.0368
  0.0270  -0.1268   0.0258   0.1016   0.0014  -0.0074
 -0.0159   0.1332  -0.0360  -0.3277  -0.0166   0.1129
  0.0201  -0.0281   0.0489  -0.1101  -0.0081  -0.0012
  0.0060  -0.1252   0.0346   0.0301  -0.0032   0.0399
  0.0161  -0.1823   0.0332   0.0689  -0.0085   0.0493
  0.0350  -0.1504   0.0558   0.0687   0.0189  -0.0263
  0.0272  -0.2419   0.0311   0.1106   0.0070   0.0830
  0.0413  -0.2719   0.0287   0.1252   0.0237   0.0559
  0.0504  -0.2516   0.0405   0.1111   0.0230   0.0837
  0.0223  -0.2806   0.0523   0.1664   0.0277   0.0365
  0.0267  -0.2872   0.0443   0.1492   0.0140   0.0766
  0.0248  -0.2706   0.0314   0.1206  -0.0012   0.0743
  0.0268  -0.2460   0.0153   0.1065   0.0030   0.0678
  0.0144  -0.2499   0.0248   0.0807   0.0075   0.0614
  0.0260  -0.2650   0.0278   0.1254   0.0114   0.0583
  0.0264  -0.2750   0.0410   0.1380   0.0127   0.0640
  0.0198  -0.2674   0.0427   0.1301   0.0089   0.0615
  0.0179  -0.2697   0.0289   0.1085   0.0059   0.0623
  0.0120  -0.2766   0.0321   0.1268   0.0070   0.0506
  0.0033  -0.2690   0.0344   0.1406   0.0033   0.0699
 -0.0028  -0.2723   0.0227   0.1473   0.0061   0.0396
 -0.0162  -0.2728   0.0196   0.1674   0.0106   0.0489
 -0.0216  -0.2692   0.0062   0.1622   0.0152   0.0393
 -0.0114  -0.2608   0.0241   0.1377   0.0207   0.0308
 -0.0115  -0.2597   0.0176   0.1325   0.0131   0.0442
  0.0033  -0.2256   0.0136   0.1134   0.0235   0.0248
  0.0014   0.0281  -0.0054  -0.0801  -0.0192   0.0149
  0.0155  -0.0466  -0.0338   0.0801  -0.0184  -0.0213
 -0.0074  -0.2058  -0.0133   0.1278  -0.0259   0.0776
 -0.0004  -0.2287   0.0038   0.1293  -0.0224   0.0430
  0.0054  -0.2511   0.0084   0.1283  -0.0175   0.0398
  0.0162  -0.2352  -0.0001   0.1295  -0.0093  -0.0083
  0.0157  -0.2269  -0.0014   0.1339  -0.0104   0.0273
  0.0061  -0.2663  -0.0063   0.1825  -0.0060  -0.0628
 -0.0052  -0.0062   0.0343  -0.2376  -0.0164   0.1396
 -0.0086  -0.1805   0.0278   0.0878   0.0048  -0.0915
 -0.0132  -0.2056   0.0115   0.1739   0.0181   0.0291
  0.0051  -0.1356  -0.0318   0.0520  -0.0035  -0.0123
  0.0417   0.1252   0.0147  -0.0912  -0.0346   0.0680
  0.0170   0.1884   0.0295  -0.1110  -0.0099  -0.0617
  0.1227   0.8002   0.1072  -0.4250   0.0098  -0.0737
  0.0481   0.4131   0.0014  -0.2474   0.0265  -0.0115
  0.1413   1.4349   0.2126  -0.9655   0.0289  -0.0840
  0.1834   1.0835   0.1036  -0.5166   0.0064  -0.1874
 -0.0050   0.5611  -0.0595  -0.0963   0.0092  -0.0439
  0.0179   0.4592  -0.0339  -0.0989   0.0051  -0.1042
  0.0146   0.3417  -0.0196  -0.0505  -0.0002  -0.0380
  0.0058   0.3355  -0.0114  -0.0415  -0.0035  -0.0466
 -0.0498   0.3975   0.0269  -0.3263  -0.0425   0.0698
 -0.0264   0.0964  -0.0328   0.0001  -0.0083  -0.1639
 -0.0591   0.0316  -0.0436   0.0562  -0.0149   0.0134
  0.0122   0.3087  -0.0509  -0.0991   0.0878  -0.1771
 -0.1176   0.6572  -0.0062  -0.3311  -0.0217  -0.0908
 -0.0398   0.2924  -0.0265  -0.1541   0.0127  -0.0438
 -0.0489   0.0843  -0.0367  -0.0293  -0.0049  -0.0614
 -0.0511   0.0448  -0.0454  -0.0245  -0.0177  -0.0424
 -0.0494   0.0100  -0.0403  -0.0353  -0.0157  -0.0177
 -0.0628   0.0201  -0.0408  -0.0164  -0.0109  -0.0258
 -0.0546   0.0179  -0.0551  -0.0012   0.0036   0.0050
  0.0060   0.5300  -0.0130  -0.3034  -0.0278  -0.0488
 -0.0329   0.1151  -0.0086  -0.0196   0.0185  -0.1666
 -0.0299   0.0025  -0.0327   0.0045  -0.0141   0.0158
 -0.0333  -0.0662  -0.0541   0.0738   0.0064  -0.0862
 -0.0890   0.0474  -0.1181   0.1262   0.0172  -0.0275
 -0.0539  -0.0639  -0.0941   0.1137   0.0155  -0.0610
 -0.0431  -0.0708  -0.0773   0.0981  -0.0000   0.0198
 -0.0370  -0.0682  -0.0681   0.1055   0.0003  -0.0060
 -0.0214  -0.0734  -0.0688   0.1086   0.0007   0.0004
 -0.0257  -0.0784  -0.0698   0.1091   0.0108  -0.0142
 -0.0219  -0.0743  -0.0654   0.1057   0.0208   0.0095
 -0.0380  -0.0827  -0.0676   0.0883  -0.0030  -0.0007
 -0.0433  -0.0967  -0.0759   0.0798  -0.0012  -0.0221
 -0.0569  -0.1287  -0.0729   0.0980  -0.0147  -0.0042
 -0.0739  -0.0941  -0.0707   0.1091  -0.0199   0.0089
 -0.0333   0.2795  -0.0017  -0.1811  -0.0639  -0.0715
  0.0365   1.3840   0.2299  -1.1156  -0.0716  -0.0920
 -0.0703   0.4896   0.0616  -0.3102  -0.0559  -0.1902
