  0.0301  -0.2240   0.0809  -0.1558   0.0854  -0.5867
  0.0162  -0.1785   0.0584  -0.1522   0.0754  -0.5938
  0.0270  -0.1447   0.0398  -0.1732   0.0757  -0.5677
  0.0255  -0.1858   0.0294  -0.1385   0.0768  -0.5835
  0.0085  -0.1355   0.0354  -0.1648   0.0852  -0.5848
  0.0046  -0.1333   0.0221  -0.1198   0.0670  -0.5714
  0.0046  -0.1295   0.0115  -0.0936   0.0581  -0.5335
  0.0112  -0.1200   0.0367  -0.0678   0.0681  -0.5025
 -0.0149  -0.1120   0.0004  -0.0585   0.0432  -0.5524
 -0.0195  -0.0918  -0.0138  -0.0490   0.0339  -0.5460
 -0.0345  -0.0702  -0.0120  -0.0054   0.0220  -0.4977
 -0.0338  -0.0751  -0.0269  -0.0018   0.0152  -0.4834
 -0.0327  -0.1132  -0.0190  -0.0236   0.0195  -0.4990
 -0.0369  -0.0910  -0.0303  -0.0514   0.0124  -0.5184
 -0.0280  -0.0275  -0.0446  -0.0265   0.0071  -0.5127
 -0.0293  -0.0183  -0.0457  -0.0165  -0.0054  -0.4593
 -0.0378  -0.0334  -0.0538  -0.0247  -0.0106  -0.4741
 -0.0472  -0.0541  -0.0530  -0.0022  -0.0134  -0.4592
 -0.0438  -0.0777  -0.0530   0.0206  -0.0132  -0.4687
 -0.0381  -0.0434  -0.0450  -0.0195  -0.0046  -0.5024
 -0.0219  -0.0390  -0.0427  -0.0259  -0.0092  -0.4769
 -0.0294  -0.0474  -0.0366  -0.0068  -0.0157  -0.4347
 -0.0336  -0.0469  -0.0409  -0.0243  -0.0271  -0.4295
 -0.0821  -0.1211  -0.0514   0.0129  -0.0156  -0.4577
 -0.0742  -0.0733  -0.0293  -0.0186  -0.0026  -0.4383
 -0.0514  -0.0186  -0.0340  -0.0055  -0.0123  -0.4302
 -0.0452  -0.0199  -0.0501   0.0212  -0.0017  -0.4200
 -0.0562  -0.0403  -0.0616   0.0109  -0.0087  -0.4178
 -0.0441  -0.0484  -0.0561   0.0091  -0.0142  -0.4196
 -0.0510  -0.0559  -0.0588   0.0110  -0.0152  -0.4163
 -0.0351  -0.0507  -0.0478  -0.0271  -0.0139  -0.4218
 -0.0338  -0.0410  -0.0383  -0.0476  -0.0141  -0.4112
 -0.0221  -0.0243  -0.0246  -0.0654  -0.0157  -0.4210
 -0.0266  -0.0290  -0.0221  -0.0451  -0.0171  -0.4049
 -0.0198  -0.0443  -0.0194  -0.0505  -0.0165  -0.4004
 -0.0129  -0.0316  -0.0119  -0.0897  -0.0144  -0.4108
 -0.0177  -0.0207  -0.0011  -0.0909  -0.0129  -0.4157
 -0.0166  -0.0590   0.0073  -0.0539  -0.0029  -0.3837
 -0.0108  -0.0820   0.0076  -0.0382   0.0009  -0.3730
 -0.0045  -0.0926   0.0104  -0.0289   0.0080  -0.3818
 -0.0094  -0.0313   0.0028  -0.0900   0.0042  -0.3858
 -0.0010  -0.0138   0.0318  -0.0428  -0.0103  -0.3366
 -0.0048   0.0063   0.0078  -0.0388  -0.0085  -0.3534
 -0.0108  -0.0445   0.0142  -0.0352  -0.0060  -0.3655
 -0.0191   0.0018   0.0119  -0.0505  -0.0102  -0.3655
 -0.0263  -0.0006   0.0136  -0.0434  -0.0156  -0.3332
 -0.0199  -0.0070   0.0124  -0.0141  -0.0079  -0.3063
 -0.0189  -0.0365   0.0156  -0.0052  -0.0183  -0.3029
 -0.0266  -0.0175   0.0028  -0.0151  -0.0184  -0.3306
 -0.0221   0.0083   0.0059  -0.0020  -0.0188  -0.3054
 -0.0221   0.0348   0.0023   0.0030  -0.0241  -0.2994
 -0.0207   0.0117   0.0026  -0.0011  -0.0249  -0.2861
 -0.0198   0.0201  -0.0014   0.0022  -0.0256  -0.2831
 -0.0232   0.0095  -0.0011   0.0303  -0.0273  -0.2416
 -0.0277   0.0002  -0.0045   0.0232  -0.0212  -0.2484
 -0.0205  -0.0185  -0.0049   0.0086  -0.0195  -0.2600
 -0.0122  -0.0255   0.0199  -0.0253  -0.0082  -0.2697
 -0.0117  -0.0002   0.0123  -0.0229  -0.0111  -0.2510
 -0.0165  -0.0098   0.0298  -0.0451  -0.0097  -0.2270
 -0.0188  -0.0222   0.0273   0.0095  -0.0140  -0.1891
 -0.0175  -0.0404   0.0338   0.0090  -0.0145  -0.1897
 -0.0209  -0.0362   0.0091   0.0005  -0.0260  -0.1926
 -0.0128  -0.0592   0.0379   0.0073  -0.0146  -0.1743
 -0.0018  -0.0625   0.0358  -0.0175  -0.0071  -0.1807
 -0.0129  -0.0178   0.0298  -0.0390  -0.0031  -0.2005
 -0.0107  -0.0111   0.0337  -0.0350  -0.0004  -0.1845
 -0.0059  -0.0029   0.0329  -0.0159  -0.0021  -0.1702
 -0.0153   0.0218   0.0197   0.0124  -0.0208  -0.1397
 -0.0076   0.0253   0.0219  -0.0207  -0.0223  -0.1273
 -0.0021  -0.0080   0.0348  -0.0923  -0.0167  -0.1371
  0.0006  -0.0433   0.0453  -0.0209  -0.0047  -0.1220
  0.0004  -0.0441   0.0402  -0.0023  -0.0099  -0.1096
 -0.0061  -0.0404   0.0229   0.0022  -0.0145  -0.0827
  0.0010  -0.0228   0.0365  -0.0185  -0.0158  -0.0868
 -0.0079  -0.0293   0.0359  -0.0266  -0.0149  -0.0837
 -0.0097  -0.0150   0.0468  -0.0414  -0.0165  -0.1034
 -0.0142   0.0087   0.0617  -0.0045  -0.0277  -0.0660
 -0.0206   0.0017   0.0568   0.0515  -0.0208  -0.0291
 -0.0153  -0.0172   0.0532   0.0338  -0.0259  -0.0118
 -0.0165   0.0254   0.0535   0.0229  -0.0240  -0.0342
 -0.0072   0.0378   0.0555   0.0068  -0.0191  -0.0238
 -0.0047   0.0488   0.0519  -0.0137  -0.0237  -0.0293
  0.0029   0.0436   0.0610  -0.0231  -0.0204  -0.0136
 -0.0106   0.0162   0.0627   0.0086  -0.0273   0.0211
 -0.0009  -0.0069   0.0597  -0.0160  -0.0240   0.0181
 -0.0075  -0.0083   0.0606  -0.0260  -0.0203   0.0081
 -0.0136  -0.0157   0.0670  -0.0381  -0.0156  -0.0007
 -0.0054   0.0166   0.0652  -0.0256  -0.0155   0.0294
 -0.0129   0.0356   0.0996  -0.0165   0.0095   0.0564
 -0.0113   0.0163   0.0980   0.0174  -0.0041   0.0922
 -0.0090   0.0279   0.1074  -0.0104   0.0041   0.0950
  0.0029  -0.1210   0.0665   0.0091   0.0237   0.0521
  0.0043   0.0101   0.0648  -0.0044   0.0250   0.0971
 -0.0116  -0.0477   0.0334   0.0707   0.0133   0.1343
  0.0035  -0.0109   0.0227   0.0339   0.0262   0.0837
  0.0022   0.0095   0.0248   0.0330   0.0054   0.1273
 -0.0051   0.0080   0.0285   0.0665  -0.0106   0.1749
 -0.0067  -0.0060   0.0241   0.0768  -0.0121   0.1749
 -0.0013   0.0027   0.0016   0.0586  -0.0202   0.1769
  0.0042   0.0279  -0.0063   0.0733  -0.0171   0.1691
  0.0190   0.0333  -0.0044   0.0840  -0.0180   0.1820
  0.0074   0.0419  -0.0105   0.1089  -0.0190   0.1925
  0.0198   0.0257   0.0052   0.0880  -0.0141   0.2088
  0.0142   0.0369  -0.0039   0.0802  -0.0150   0.2159
  0.0077   0.0619  -0.0046   0.0847  -0.0241   0.2374
 -0.0023   0.0555  -0.0113   0.1082  -0.0290   0.2628
 -0.0014   0.0854  -0.0237   0.1126  -0.0341   0.2719
 -0.0041   0.1001  -0.0337   0.0797  -0.0363   0.2705
  0.0103   0.1047  -0.0351   0.0343  -0.0322   0.2543
  0.0004   0.0887  -0.0110   0.0651  -0.0367   0.3031
  0.0056   0.0863  -0.0103   0.0929  -0.0345   0.3103
  0.0114   0.0337   0.0072   0.0931  -0.0036   0.3376
  0.0063   0.0300  -0.0140   0.0956  -0.0149   0.3276
 -0.0031  -0.0020   0.0150   0.0761  -0.0082   0.3139
 -0.0187  -0.0247  -0.0030   0.1006  -0.0145   0.3201
 -0.0177  -0.0079  -0.0223   0.0887  -0.0184   0.3391
  0.0039  -0.0072   0.0053   0.0539  -0.0017   0.3256
 -0.0059   0.0191  -0.0100   0.0453   0.0028   0.3529
 -0.0028   0.0434   0.0031   0.0232  -0.0099   0.3599
 -0.0137  -0.0092  -0.0093   0.0938  -0.0139   0.4226
 -0.0091   0.0154  -0.0124   0.0491  -0.0015   0.3541
 -0.0060   0.0291  -0.0008   0.0358  -0.0051   0.3796
 -0.0081   0.0363  -0.0045   0.0327  -0.0099   0.3923
  0.0417   0.0603   0.0014  -0.0152   0.0242   0.3739
  0.0251  -0.0043   0.0037   0.0314   0.0178   0.4277
  0.0219  -0.0170  -0.0151   0.0421   0.0175   0.4186
  0.0172   0.0225  -0.0110  -0.0113   0.0308   0.4446
  0.0278  -0.0262  -0.0691  -0.0557   0.0364   0.3944
  0.0263   0.0336  -0.0260  -0.0310   0.0315   0.4203
  0.0360   0.0517  -0.0201  -0.0029   0.0223   0.4480
  0.0453   0.0534  -0.0320   0.0029   0.0196   0.4741
  0.0602   0.0264  -0.0337  -0.0119   0.0186   0.4880
  0.0489   0.0214  -0.0277  -0.0317   0.0257   0.4696
  0.0366   0.0405  -0.0426  -0.0272   0.0240   0.4598
  0.0461   0.0535  -0.0286  -0.0110   0.0320   0.5083
  0.0392   0.0418  -0.0165   0.0065   0.0283   0.5295
  0.0445   0.0413  -0.0242   0.0357   0.0295   0.5519
  0.0426   0.0427  -0.0226   0.0306   0.0101   0.5589
  0.0326   0.0161  -0.0465   0.0740   0.0231   0.5661
  0.0413   0.0125  -0.0480   0.0555   0.0116   0.5959
  0.0465   0.0599  -0.0465   0.0650   0.0102   0.5962
  0.0459   0.0644  -0.0332   0.0667   0.0084   0.6024
  0.0550   0.1026  -0.0422   0.0541   0.0100   0.6103
  0.0603   0.1218  -0.0289   0.0394   0.0161   0.6221
  0.0597   0.1284  -0.0219   0.0211   0.0163   0.6312
  0.0600   0.0937  -0.0194   0.0652   0.0057   0.6850
  0.0692   0.1005  -0.0376   0.0488   0.0142   0.6671
  0.0626   0.1100  -0.0240  -0.0037   0.0341   0.6455
  0.0567   0.1390  -0.0282   0.0052   0.0188   0.6620
  0.0552   0.1523  -0.0425  -0.0028   0.0189   0.6724
  0.0619   0.1720  -0.0564  -0.0068   0.0197   0.6900
  0.0695   0.1827  -0.0551  -0.0272   0.0200   0.7088
  0.0661   0.1645  -0.0562  -0.0308   0.0151   0.7060
  0.0691   0.1595  -0.0590  -0.0020   0.0074   0.7055
  0.0691   0.1565  -0.0595  -0.0117   0.0119   0.7151
  0.0709   0.1628  -0.0514  -0.0275   0.0060   0.7321
