  0.1311  -0.2169  -0.0949   0.1007  -0.1043   0.1809
  0.1330  -0.2329  -0.0942   0.1062  -0.1061   0.1692
  0.1231  -0.2196  -0.0930   0.0967  -0.1128   0.1774
  0.1066  -0.1819  -0.1042   0.0858  -0.1200   0.1251
  0.0970  -0.2006  -0.1243   0.1396  -0.1473   0.1442
  0.1070  -0.2011  -0.1271   0.1022  -0.1280   0.1353
  0.1017  -0.2217  -0.1102   0.1672  -0.1273   0.1718
  0.1121  -0.2079  -0.1103   0.1069  -0.1090   0.1477
  0.0850  -0.2034  -0.0808   0.1394  -0.0840   0.1511
  0.0844  -0.1978  -0.0659   0.1679  -0.0794   0.1603
  0.0911  -0.1663  -0.0673   0.1495  -0.0734   0.1456
  0.0932  -0.1653  -0.0546   0.1360  -0.0613   0.1401
  0.0737  -0.1572  -0.0635   0.0957  -0.0750   0.1312
  0.0795  -0.1538  -0.0502   0.2021  -0.0637   0.1424
  0.0953  -0.1471  -0.0651   0.1504  -0.0502   0.1306
  0.0831  -0.1460  -0.0599   0.1190  -0.0506   0.1273
  0.0741  -0.1634  -0.0578   0.1344  -0.0659   0.1539
  0.0746  -0.1569  -0.0591   0.1131  -0.0702   0.1287
  0.0681  -0.1594  -0.0542   0.1393  -0.0724   0.1497
  0.0712  -0.1553  -0.0432   0.1284  -0.0646   0.1219
  0.0628  -0.1298  -0.0318   0.1069  -0.0626   0.1280
  0.0582  -0.1357  -0.0365   0.1012  -0.0625   0.0976
  0.0522  -0.1364  -0.0305   0.1244  -0.0600   0.1268
  0.0509  -0.1396  -0.0452   0.0691  -0.0562   0.0965
  0.0486  -0.1533  -0.0385   0.0853  -0.0388   0.1127
  0.0545  -0.2160  -0.0224   0.2256  -0.0219   0.1895
  0.0706  -0.1859  -0.0362   0.1657  -0.0230   0.1399
  0.0656  -0.1876  -0.0298   0.1960  -0.0183   0.1746
  0.0676  -0.2021  -0.0657   0.1771  -0.0455   0.1627
  0.0869  -0.2448  -0.0745   0.1645  -0.0344   0.1580
  0.0602  -0.2736  -0.1016   0.1731  -0.0552   0.1533
  0.0478  -0.2820  -0.0855   0.2130  -0.0622   0.1891
  0.0522  -0.2258  -0.1081   0.0370  -0.0758   0.1156
  0.0580  -0.2179  -0.1113   0.0747  -0.0902   0.1296
  0.0518  -0.2358  -0.1137   0.0725  -0.0891   0.1168
  0.0516  -0.2409  -0.0987   0.1033  -0.0631   0.1315
  0.0473  -0.2420  -0.0872   0.1098  -0.0556   0.1506
  0.0450  -0.2522  -0.0695   0.1442  -0.0321   0.1506
  0.0362  -0.2386  -0.0836   0.0846  -0.0441   0.1356
  0.0427  -0.2559  -0.0799   0.1306  -0.0470   0.1497
  0.0456  -0.2363  -0.0828   0.0191  -0.0423   0.1031
  0.0517  -0.2416  -0.0910   0.0906  -0.0601   0.1417
  0.0454  -0.2263  -0.0782   0.0513  -0.0371   0.1098
  0.0341  -0.2382  -0.0635   0.1324  -0.0209   0.1565
  0.0365  -0.2203  -0.0648   0.0522  -0.0134   0.1153
  0.0342  -0.2363  -0.0557   0.1109  -0.0240   0.1456
  0.0355  -0.2101  -0.0719   0.0404  -0.0283   0.1074
  0.0348  -0.2041  -0.0535   0.0714  -0.0152   0.1084
  0.0401  -0.2032  -0.0656   0.0776  -0.0209   0.1142
  0.0347  -0.2060  -0.0615   0.0929  -0.0156   0.1108
  0.0341  -0.2022  -0.0731   0.0936  -0.0281   0.1157
  0.0346  -0.1989  -0.0577   0.0773  -0.0085   0.0998
  0.0348  -0.1972  -0.0683   0.0629  -0.0345   0.1134
  0.0340  -0.1935  -0.0670   0.0696  -0.0155   0.0883
  0.0292  -0.2031  -0.0532   0.0962  -0.0200   0.1160
  0.0333  -0.1922  -0.0478   0.0679  -0.0039   0.0942
  0.0288  -0.1985  -0.0571   0.0933  -0.0133   0.1096
  0.0222  -0.1816  -0.0613   0.0423  -0.0131   0.0756
  0.0267  -0.1848  -0.0591   0.0880  -0.0233   0.1193
  0.0192  -0.1714  -0.0648   0.0277  -0.0318   0.0693
  0.0144  -0.1782  -0.0602   0.0776  -0.0312   0.0951
  0.0170  -0.1814  -0.0725   0.0470  -0.0364   0.0779
  0.0007  -0.1848  -0.0585   0.0797  -0.0344   0.0965
 -0.0175  -0.1751  -0.0518   0.0456  -0.0491   0.0666
 -0.0091  -0.1850  -0.0681   0.0629  -0.0391   0.0902
 -0.0006  -0.1793  -0.0771   0.0447  -0.0388   0.0956
 -0.0046  -0.1860  -0.0725   0.0572  -0.0308   0.0732
 -0.0030  -0.1801  -0.0795   0.0679  -0.0402   0.0935
 -0.0107  -0.1665  -0.0728   0.0436  -0.0350   0.0713
 -0.0105  -0.1514  -0.0690   0.0775  -0.0390   0.0949
 -0.0232  -0.1492  -0.0568   0.0263  -0.0354   0.0732
 -0.0300  -0.1587  -0.0571   0.0880  -0.0378   0.1106
 -0.0317  -0.1409  -0.0606   0.0275  -0.0388   0.0652
 -0.0367  -0.1547  -0.0484   0.0812  -0.0274   0.0937
 -0.0292  -0.1502  -0.0471   0.0646  -0.0255   0.0837
 -0.0359  -0.1469  -0.0405   0.0853  -0.0152   0.0810
 -0.0245  -0.1480  -0.0391   0.0797  -0.0209   0.0873
 -0.0264  -0.1519  -0.0419   0.0591  -0.0161   0.0750
 -0.0295  -0.1474  -0.0395   0.0816  -0.0159   0.0950
 -0.0232  -0.1518  -0.0509   0.0382  -0.0224   0.0586
 -0.0251  -0.1632  -0.0381   0.0825  -0.0188   0.1051
 -0.0215  -0.1451  -0.0333   0.0320  -0.0102   0.0677
 -0.0383  -0.1453  -0.0187   0.0812  -0.0102   0.0900
 -0.0344  -0.1460  -0.0370   0.0085  -0.0240   0.0580
 -0.0512  -0.1405  -0.0041   0.0742  -0.0300   0.0910
 -0.0455  -0.1525  -0.0388   0.0242  -0.0348   0.0586
 -0.0360  -0.1560  -0.0358   0.0632  -0.0178   0.0951
 -0.0316  -0.1550  -0.0366   0.0038  -0.0089   0.0653
 -0.0422  -0.1538  -0.0328   0.0411  -0.0271   0.0723
 -0.0558  -0.1546  -0.0382   0.0344  -0.0427   0.0736
 -0.0561  -0.1541  -0.0457   0.0527  -0.0361   0.0686
 -0.0515  -0.1523  -0.0430   0.0456  -0.0406   0.0899
 -0.0621  -0.1423  -0.0455   0.0222  -0.0446   0.0573
 -0.0736  -0.1559  -0.0462   0.0433  -0.0547   0.0835
 -0.0451  -0.1453  -0.0654  -0.0033  -0.0427   0.0498
 -0.0502  -0.1398  -0.0584   0.0145  -0.0560   0.0682
 -0.0575  -0.1145  -0.0521  -0.0324  -0.0512   0.0264
 -0.0541  -0.1105  -0.0244   0.0085  -0.0336   0.0514
 -0.0554  -0.1114  -0.0268  -0.0061  -0.0286   0.0444
 -0.0921  -0.1089  -0.0020   0.0009  -0.0299   0.0187
 -0.0418  -0.1081  -0.0314   0.0027  -0.0302   0.0337
 -0.0448  -0.1160  -0.0284   0.0011  -0.0190   0.0058
 -0.0495  -0.1116  -0.0220   0.0253  -0.0143   0.0409
 -0.0499  -0.0990  -0.0250  -0.0238  -0.0164   0.0012
 -0.0538  -0.1099  -0.0179   0.0358  -0.0177   0.0369
 -0.0542  -0.1052   0.0018   0.0378  -0.0074   0.0193
 -0.0581  -0.1059   0.0091   0.0643   0.0001   0.0318
 -0.0644  -0.0856   0.0036   0.0450  -0.0048   0.0259
 -0.0700  -0.0975   0.0097   0.0634  -0.0051   0.0222
 -0.0673  -0.1053   0.0085   0.0440   0.0039   0.0289
 -0.0602  -0.1078  -0.0043   0.0251  -0.0014   0.0152
 -0.0682  -0.1025  -0.0007   0.0553  -0.0167   0.0457
 -0.0646  -0.0884  -0.0063   0.0064  -0.0152   0.0127
 -0.0481  -0.0869   0.0076   0.0263   0.0082   0.0320
 -0.0341  -0.1071  -0.0132   0.0637  -0.0059   0.0210
 -0.0356  -0.0677  -0.0152   0.0479  -0.0106   0.0210
 -0.0586  -0.1055   0.0007   0.1165  -0.0144   0.0452
 -0.0697  -0.1021  -0.0067   0.0727  -0.0148   0.0283
 -0.0416   0.1393  -0.0150  -0.2554  -0.0169  -0.1074
 -0.0312   0.1389  -0.0284  -0.2878  -0.0260  -0.1497
  0.0574   0.5790   0.0650  -0.7189   0.0576  -0.3503
  0.0321   0.5415   0.0552  -0.5583   0.0502  -0.3727
  0.0017   0.5218   0.0482  -0.5656   0.0483  -0.4080
 -0.0133   0.5032   0.0606  -0.4965   0.0440  -0.3470
 -0.0358   0.4955   0.0817  -0.4886   0.0593  -0.3615
 -0.0236   0.4798   0.0550  -0.4649   0.0394  -0.3389
  0.0068   0.5431   0.0519  -0.5801   0.0646  -0.3592
  0.0248   0.4426   0.0312  -0.4809   0.0365  -0.3280
  0.0074   0.4520   0.0443  -0.4811   0.0295  -0.3334
  0.0028   0.4354   0.0744  -0.4384   0.0556  -0.3118
 -0.0166   0.4415   0.0965  -0.4185   0.0648  -0.2779
 -0.0271   0.4318   0.1185  -0.4010   0.0909  -0.2896
 -0.0359   0.4209   0.1151  -0.3791   0.0831  -0.2586
 -0.0341   0.4329   0.1104  -0.3993   0.0823  -0.2850
 -0.0342   0.4259   0.0998  -0.3558   0.0704  -0.2692
 -0.0382   0.4254   0.0939  -0.3805   0.0648  -0.2895
 -0.0535   0.4140   0.1019  -0.3585   0.0637  -0.2733
 -0.0462   0.4033   0.0943  -0.3811   0.0608  -0.2633
 -0.0487   0.3981   0.0943  -0.3595   0.0613  -0.2697
 -0.0489   0.3846   0.0880  -0.3823   0.0578  -0.2545
 -0.0642   0.3746   0.0906  -0.3365   0.0402  -0.2614
 -0.0616   0.3425   0.0856  -0.3321   0.0401  -0.2367
 -0.0545   0.3774   0.0618  -0.4027   0.0358  -0.2889
 -0.0504   0.3537   0.0641  -0.3518   0.0310  -0.2520
 -0.0620   0.3499   0.0716  -0.3957   0.0313  -0.2639
 -0.0702   0.3382   0.0790  -0.3314   0.0446  -0.2469
 -0.0725   0.3388   0.0892  -0.3369   0.0506  -0.2455
 -0.0795   0.3199   0.0950  -0.3137   0.0631  -0.2651
 -0.0784   0.3039   0.0972  -0.2673   0.0683  -0.2329
 -0.0833   0.2980   0.0892  -0.2585   0.0660  -0.2580
 -0.0743   0.2883   0.0750  -0.2600   0.0638  -0.2205
 -0.0613   0.3218   0.0993  -0.3223   0.0811  -0.2469
 -0.0726   0.3011   0.1037  -0.2696   0.0815  -0.2292
 -0.0688   0.2939   0.1036  -0.2742   0.0741  -0.2142
 -0.0663   0.2879   0.0929  -0.2911   0.0784  -0.2308
 -0.0781   0.2892   0.1040  -0.2728   0.0789  -0.2010
 -0.0828   0.2970   0.1123  -0.3077   0.0820  -0.2258
 -0.0916   0.2998   0.1216  -0.2702   0.0747  -0.2112
 -0.0962   0.3054   0.1100  -0.2939   0.0709  -0.2215
 -0.0925   0.3019   0.1262  -0.2759   0.0797  -0.2338
 -0.0976   0.3080   0.1267  -0.2698   0.0769  -0.2332
 -0.0997   0.3124   0.1194  -0.2967   0.0689  -0.2567
 -0.0964   0.3073   0.1130  -0.2677   0.0672  -0.2337
 -0.0971   0.3096   0.1012  -0.3054   0.0634  -0.2624
 -0.0931   0.2912   0.1115  -0.2709   0.0637  -0.2362
 -0.0936   0.2674   0.1027  -0.2701   0.0704  -0.2250
 -0.1012   0.2613   0.1065  -0.2370   0.0762  -0.2136
 -0.0940   0.2675   0.0893  -0.2254   0.0583  -0.1481
  0.0527  -0.2982  -0.0722   0.5091  -0.0414   1.2272
  0.1398  -0.3472  -0.0987   0.3447  -0.0153   0.6046
  0.0658  -0.0485  -0.0674   0.1427  -0.0832   0.0751
  0.0160  -0.0273  -0.0572   0.1562  -0.0796   0.0593
  0.0264  -0.0140  -0.0649   0.0696  -0.0672   0.0200
  0.0083  -0.0328  -0.0360   0.1159  -0.0437   0.0316
 -0.0109  -0.0170  -0.0233   0.1263  -0.0263   0.0424
 -0.0117  -0.0117  -0.0278   0.1016  -0.0217   0.0228
  0.0391  -0.0037  -0.0504   0.1015  -0.0249   0.0239
  0.0039   0.0277  -0.0281   0.0677  -0.0179  -0.0029
  0.0175   0.0134  -0.0227   0.0955  -0.0093   0.0066
  0.0377   0.0151  -0.0379   0.0480  -0.0014  -0.0225
  0.0287  -0.0126  -0.0228   0.1073   0.0051   0.0247
  0.0220   0.0049  -0.0336   0.0408  -0.0006  -0.0061
  0.0160   0.0140  -0.0062   0.0940   0.0149   0.0078
  0.0030   0.0206   0.0008   0.1234   0.0294   0.0186
  0.0220  -0.0250   0.0033   0.2007   0.0408   0.0608
  0.0288   0.0096  -0.0076   0.1319   0.0274   0.0429
  0.0217   0.0371  -0.0386   0.1422  -0.0167   0.0236
  0.0084   0.0116  -0.0149   0.1496   0.0116   0.0331
  0.0012   0.0102  -0.0118   0.2145   0.0086   0.0634
 -0.0063   0.0148  -0.0047   0.1530   0.0095   0.0260
 -0.0092   0.0232  -0.0116   0.1766   0.0021   0.0320
 -0.0237   0.0257  -0.0186   0.1487  -0.0020   0.0078
 -0.0300   0.0211   0.0054   0.1896   0.0119   0.0385
 -0.0391   0.0276  -0.0053   0.1361   0.0018   0.0013
 -0.0257   0.0253  -0.0067   0.1617   0.0070   0.0320
 -0.0205   0.0277  -0.0112   0.1103   0.0022   0.0054
 -0.0184   0.0182  -0.0003   0.1467   0.0095   0.0297
 -0.0257   0.0206  -0.0001   0.1153   0.0114   0.0129
 -0.0290   0.0287   0.0155   0.1587   0.0131   0.0266
 -0.0357   0.0365   0.0034   0.1200   0.0125   0.0142
 -0.0333   0.0516   0.0049   0.1164   0.0087   0.0048
 -0.0340   0.0889  -0.0068   0.0631  -0.0012  -0.0166
 -0.0351   0.0802  -0.0060   0.0883  -0.0009  -0.0291
 -0.0302   0.0810   0.0046   0.1108   0.0035   0.0006
 -0.0268   0.0784   0.0157   0.0766   0.0217  -0.0329
 -0.0213   0.0788   0.0033   0.1088   0.0140   0.0014
 -0.0160   0.0787  -0.0038   0.0524   0.0118  -0.0247
 -0.0258   0.0698   0.0135   0.0973   0.0130  -0.0087
 -0.0233   0.0720   0.0064   0.0904   0.0070  -0.0062
 -0.0320   0.0653   0.0073   0.0788   0.0006  -0.0333
 -0.0317   0.0815   0.0027   0.1018  -0.0095  -0.0090
 -0.0264   0.0795   0.0072   0.1042   0.0149  -0.0208
 -0.0517   0.0810   0.0390   0.2316   0.0529   0.0154
  0.0232   0.0410  -0.1067   0.5455  -0.1670   0.3393
  0.1121   0.1019   0.0325  -0.0378   0.0036  -0.0266
  0.0930   0.1019   0.0334  -0.0272  -0.0024  -0.1067
  0.0776   0.1255   0.0596   0.0011   0.0242  -0.1108
  0.0784   0.1311   0.0564   0.0195   0.0237  -0.0805
  0.0431   0.1304   0.0800   0.0232   0.0425  -0.1061
  0.0512   0.0948   0.0984   0.0939   0.0700  -0.0548
  0.0544   0.0703   0.1042   0.1229   0.0893  -0.0536
  0.0546   0.0636   0.0871   0.1029   0.0693  -0.0356
  0.0650   0.0885   0.0829   0.0395   0.0534  -0.0756
  0.0590   0.0633   0.0666   0.0358   0.0428  -0.0823
  0.0662   0.0738   0.0822  -0.0176   0.0398  -0.0699
  0.0543   0.0712   0.1001   0.0228   0.0619  -0.0695
  0.0493   0.0605   0.1253   0.0687   0.0790  -0.0326
  0.0444   0.0713   0.1436   0.0457   0.1020  -0.0480
  0.0386   0.0771   0.1544   0.0915   0.1065  -0.0239
  0.0384   0.0701   0.1461   0.0645   0.1033  -0.0373
  0.0428   0.0760   0.1353   0.0908   0.0926  -0.0158
  0.0378   0.0736   0.1481   0.0821   0.1036  -0.0236
  0.0379   0.0729   0.1653   0.1008   0.1210  -0.0289
  0.0450   0.0781   0.1612   0.1168   0.1233  -0.0144
  0.0392   0.0896   0.1545   0.1055   0.1231  -0.0473
  0.0431   0.0923   0.1706   0.1358   0.1252  -0.0288
  0.0388   0.1016   0.1721   0.1048   0.1398  -0.0406
  0.0383   0.1058   0.1657   0.0686   0.1355  -0.0536
  0.0378   0.0933   0.1658   0.1313   0.1386  -0.0271
  0.0671   0.1010   0.1212   0.0368   0.1288  -0.0422
