 -0.1859  -0.0846  -0.3488  -0.3923  -0.1701   0.2131
 -0.1834  -0.0733  -0.3293  -0.3411  -0.1539   0.2167
 -0.1962  -0.0819  -0.3331  -0.3195  -0.1602   0.2115
 -0.1961  -0.0828  -0.3229  -0.3164  -0.1584   0.2141
 -0.2036  -0.0633  -0.3155  -0.3247  -0.1571   0.2220
 -0.1967  -0.0840  -0.3034  -0.3209  -0.1549   0.2082
 -0.1951  -0.0619  -0.3303  -0.3751  -0.1602   0.1991
 -0.1861  -0.0772  -0.3316  -0.3461  -0.1734   0.1951
 -0.2055  -0.0840  -0.3423  -0.3349  -0.1970   0.2006
 -0.1923  -0.0991  -0.3196  -0.3081  -0.1637   0.1997
 -0.1803  -0.0972  -0.3022  -0.2883  -0.1482   0.1952
 -0.1791  -0.0984  -0.3039  -0.2981  -0.1510   0.1911
 -0.1377  -0.0762  -0.2796  -0.3118  -0.1200   0.1889
 -0.1027  -0.0776  -0.2734  -0.5618  -0.1078   0.2079
 -0.0850  -0.1001  -0.2730  -0.3737  -0.1108   0.1828
 -0.0997  -0.1082  -0.2600  -0.3400  -0.1210   0.1763
 -0.1059  -0.1277  -0.2474  -0.4140  -0.0844   0.2045
 -0.0436  -0.1314  -0.2549  -0.4535  -0.1086   0.2245
 -0.1096  -0.1487  -0.2643  -0.3161  -0.1633   0.1822
 -0.0854  -0.1421  -0.2319  -0.3186  -0.1253   0.1716
 -0.0802  -0.1064  -0.2278  -0.3137  -0.1138   0.1945
 -0.0741  -0.1301  -0.2227  -0.2678  -0.1112   0.1742
 -0.0702  -0.1070  -0.2243  -0.3384  -0.1178   0.1878
 -0.0663  -0.0889  -0.2375  -0.3744  -0.1172   0.2012
 -0.0684  -0.0929  -0.2328  -0.3241  -0.1190   0.1667
 -0.0694  -0.0885  -0.2289  -0.3356  -0.1114   0.1704
 -0.0596  -0.1117  -0.2225  -0.3410  -0.0901   0.1844
 -0.0736  -0.0690  -0.2672  -0.4086  -0.1264   0.2079
 -0.0959  -0.0600  -0.2396  -0.3170  -0.1281   0.1737
 -0.0984  -0.0986  -0.2218  -0.2972  -0.1148   0.1633
 -0.0857  -0.0766  -0.1941  -0.2736  -0.1079   0.1436
 -0.0812  -0.0597  -0.1749  -0.2409  -0.0885   0.1615
 -0.0655  -0.0622  -0.1684  -0.2095  -0.0906   0.1538
 -0.0546  -0.0709  -0.1695  -0.1854  -0.0959   0.1397
 -0.0631  -0.0604  -0.1523  -0.1911  -0.0733   0.1509
 -0.0416  -0.0526  -0.1599  -0.2119  -0.0726   0.1480
 -0.0415  -0.0388  -0.1484  -0.1827  -0.0568   0.1340
 -0.0381  -0.0471  -0.1606  -0.1917  -0.0613   0.1508
 -0.0356  -0.0554  -0.1597  -0.1818  -0.0529   0.1479
 -0.0206  -0.0717  -0.1444  -0.1813  -0.0492   0.1526
 -0.0340  -0.0756  -0.1494  -0.1754  -0.0688   0.1229
 -0.0529  -0.0350  -0.1751  -0.1776  -0.1106   0.1186
 -0.0718  -0.0241  -0.1849  -0.2042  -0.1199   0.1388
 -0.0627  -0.0401  -0.1758  -0.1867  -0.1131   0.1400
 -0.0483  -0.0418  -0.1715  -0.2186  -0.0841   0.1388
 -0.0519  -0.0295  -0.1624  -0.1592  -0.1151   0.1337
 -0.0573  -0.0236  -0.1652  -0.1620  -0.0982   0.1327
 -0.0492  -0.0346  -0.1607  -0.1370  -0.0958   0.1159
 -0.0394  -0.0210  -0.1462  -0.1178  -0.0800   0.1140
 -0.0423  -0.0246  -0.1478  -0.1173  -0.0660   0.1119
 -0.0067  -0.0097  -0.1200  -0.0856  -0.0407   0.1012
 -0.0203  -0.0172  -0.1120  -0.0974  -0.0487   0.1081
 -0.0081  -0.0246  -0.1091  -0.1123  -0.0493   0.1250
 -0.0202  -0.0218  -0.1133  -0.2373  -0.0318   0.1406
 -0.0081  -0.0302  -0.1326  -0.1969  -0.0498   0.1111
 -0.0300  -0.0048  -0.1464  -0.1970  -0.0578   0.1172
 -0.0280  -0.0097  -0.1301  -0.1546  -0.0554   0.1159
 -0.0544   0.0126  -0.1355  -0.1307  -0.0701   0.1201
 -0.0824  -0.0023  -0.1284  -0.0642  -0.0907   0.0713
 -0.0676   0.0070  -0.1051  -0.1206  -0.0554   0.1072
 -0.0602   0.0122  -0.0982  -0.1107  -0.0637   0.1094
 -0.0594  -0.0064  -0.0880  -0.0540  -0.0559   0.0855
 -0.0648  -0.0138  -0.0961  -0.0559  -0.0597   0.0982
 -0.0630  -0.0245  -0.0836  -0.0253  -0.0618   0.0865
 -0.0635  -0.0385  -0.0757  -0.0287  -0.0560   0.0882
 -0.0546  -0.0392  -0.0648  -0.0117  -0.0450   0.0789
 -0.0609  -0.0429  -0.0882  -0.0883  -0.0705   0.0994
 -0.0395  -0.0252  -0.0677  -0.0632  -0.0435   0.0870
 -0.0386  -0.0266  -0.0612  -0.0873  -0.0431   0.0980
 -0.0356  -0.0179  -0.0597  -0.0586  -0.0305   0.0962
 -0.0375  -0.0310  -0.0599  -0.0893  -0.0287   0.1019
 -0.0169  -0.0158  -0.0488  -0.0800  -0.0304   0.0702
 -0.0364  -0.0310  -0.0670  -0.0974  -0.0375   0.0714
 -0.0338  -0.0130  -0.0580  -0.0803  -0.0441   0.0777
 -0.0491  -0.0223  -0.0633  -0.0486  -0.0384   0.0805
 -0.0312  -0.0252  -0.0612  -0.0548  -0.0624   0.0598
 -0.0381  -0.0255  -0.0584  -0.0766  -0.0373   0.0756
 -0.0249  -0.0206  -0.0540  -0.0680  -0.0274   0.0690
 -0.0324  -0.0266  -0.0619  -0.0882  -0.0426   0.0768
 -0.0275  -0.0277  -0.0448  -0.0640  -0.0382   0.0622
 -0.0206  -0.0233  -0.0485  -0.0742  -0.0421   0.0594
 -0.0145  -0.0250  -0.0399  -0.0802  -0.0228   0.0645
 -0.0310  -0.0177  -0.0530  -0.1076  -0.0384   0.0655
 -0.0257  -0.0123  -0.0539  -0.0975  -0.0292   0.0733
 -0.0259  -0.0002  -0.0472  -0.1337  -0.0305   0.1002
 -0.0212   0.0036  -0.0402  -0.0665  -0.0374   0.0770
 -0.0253  -0.0364  -0.0392  -0.1335  -0.0220   0.0608
 -0.0072   0.0065  -0.0299  -0.1607  -0.0283   0.0804
 -0.0018   0.0053  -0.0233  -0.1150  -0.0306   0.0722
 -0.0050   0.0082  -0.0220  -0.0912  -0.0246   0.0706
 -0.0023  -0.0083  -0.0214  -0.0418  -0.0267   0.0500
 -0.0121   0.0270  -0.0405  -0.1251  -0.0184   0.0883
 -0.0007   0.0140  -0.0160  -0.0713  -0.0071   0.0678
 -0.0081   0.0097  -0.0174  -0.0767  -0.0058   0.0715
 -0.0441   0.0397  -0.0506  -0.1054  -0.0391   0.0888
 -0.0401   0.0199  -0.0404  -0.0991  -0.0508   0.0786
 -0.0325   0.0159  -0.0371  -0.0873  -0.0418   0.0802
 -0.0264   0.0151  -0.0239  -0.0752  -0.0301   0.0716
 -0.0091   0.0032  -0.0149  -0.0615  -0.0137   0.0705
 -0.0056   0.0228  -0.0050  -0.0895  -0.0213   0.0777
 -0.0030   0.0208  -0.0083  -0.1069  -0.0173   0.0797
 -0.0048   0.0307  -0.0201  -0.1104  -0.0418   0.0705
 -0.0210   0.0178  -0.0164  -0.1008  -0.0278   0.0697
 -0.0201   0.0306  -0.0018  -0.0734  -0.0239   0.0642
 -0.0291   0.0578  -0.0067  -0.0540  -0.0389   0.0734
 -0.0308   0.0079  -0.0240  -0.1143  -0.0437   0.0932
 -0.0211   0.0442  -0.0133  -0.1411  -0.0497   0.0826
 -0.0248   0.0389  -0.0151  -0.1248  -0.0323   0.0669
 -0.0210   0.0409  -0.0227  -0.0940  -0.0342   0.0613
 -0.0315   0.0518  -0.0197  -0.0837  -0.0490   0.0701
 -0.0202   0.0556   0.0025  -0.0337  -0.0270   0.0447
 -0.0291   0.0495  -0.0138  -0.0979  -0.0390   0.0600
 -0.0208   0.0534  -0.0025  -0.0731  -0.0326   0.0425
 -0.0140   0.0438   0.0012  -0.0708  -0.0284   0.0411
 -0.0172   0.0680   0.0053  -0.0615  -0.0125   0.0546
 -0.0114   0.0533   0.0078  -0.0557  -0.0102   0.0515
 -0.0001   0.0519   0.0155  -0.0363  -0.0018   0.0537
  0.0054   0.0439   0.0109  -0.0777  -0.0026   0.0652
  0.0020   0.0521   0.0138  -0.0583  -0.0069   0.0593
  0.0036   0.0508   0.0138  -0.0887   0.0116   0.0722
  0.0025   0.0650   0.0113  -0.0748  -0.0050   0.0442
 -0.0019   0.0495   0.0057  -0.0944  -0.0021   0.0478
  0.0056   0.0388   0.0063  -0.0908  -0.0031   0.0389
 -0.0029   0.0291   0.0145  -0.0815   0.0007   0.0464
  0.0127   0.0317   0.0217  -0.0614   0.0094   0.0442
  0.0099   0.0317   0.0263  -0.0600   0.0181   0.0382
  0.0175   0.0337   0.0231  -0.0633   0.0236   0.0344
  0.0161   0.0315   0.0211  -0.0471   0.0071   0.0260
  0.0090   0.0435   0.0063  -0.0938  -0.0116   0.0326
  0.0048   0.0686   0.0079  -0.1153  -0.0128   0.0421
  0.0089   0.0594   0.0196  -0.0519   0.0035   0.0086
  0.0160   0.1139   0.0125  -0.1509  -0.0051   0.0280
  0.0180   0.1026  -0.0048  -0.1526   0.0060   0.0551
  0.0163   0.1034  -0.0036  -0.0990   0.0060   0.0423
  0.0297   0.0914   0.0133  -0.1081   0.0237   0.0411
  0.0284   0.0820   0.0165  -0.0967   0.0333   0.0326
  0.0135   0.1310   0.0004  -0.0978   0.0216   0.0387
  0.0323   0.1101   0.0149  -0.0392   0.0290   0.0219
  0.0287   0.0777   0.0157  -0.0205   0.0229   0.0307
  0.0286   0.0579   0.0212  -0.0342   0.0142   0.0276
  0.0174   0.0705   0.0091  -0.0459   0.0084   0.0130
  0.0283   0.0619   0.0097  -0.0584   0.0024   0.0097
 -0.0091   0.0928  -0.0105  -0.0794  -0.0356   0.0296
  0.0053   0.0939   0.0112  -0.0071   0.0000   0.0187
  0.0071   0.0901   0.0064  -0.0396   0.0018   0.0421
  0.0018   0.0944  -0.0155  -0.0470  -0.0121   0.0266
 -0.0032   0.1038  -0.0196  -0.0808  -0.0281   0.0372
 -0.0053   0.1127  -0.0197  -0.0799  -0.0307   0.0260
  0.0010   0.1111  -0.0072  -0.0388  -0.0140   0.0199
  0.0122   0.1059   0.0054  -0.0236  -0.0075   0.0070
  0.0190   0.0899   0.0038  -0.0216  -0.0085  -0.0018
  0.0163   0.0201  -0.0292  -0.0825   0.0121  -0.0174
  0.0218   0.1026  -0.0014  -0.0432  -0.0052   0.0117
  0.0160   0.0937  -0.0111  -0.0517  -0.0050   0.0219
  0.0174   0.0820  -0.0030  -0.0484  -0.0112   0.0089
  0.0036   0.0947  -0.0033  -0.0733  -0.0098   0.0096
  0.0089   0.0984   0.0019  -0.0571  -0.0084   0.0067
  0.0100   0.0861   0.0076  -0.0388  -0.0056   0.0016
  0.0095   0.0766  -0.0056  -0.0748  -0.0152   0.0036
  0.0110   0.0887  -0.0067  -0.0923  -0.0145   0.0097
  0.0160   0.0949  -0.0075  -0.0754  -0.0073   0.0015
  0.0104   0.0862  -0.0042  -0.0632  -0.0048   0.0098
  0.0172   0.0975  -0.0071  -0.0574  -0.0048  -0.0038
  0.0091   0.0757  -0.0125  -0.0580  -0.0099  -0.0005
  0.0140   0.0824  -0.0020  -0.0318  -0.0082  -0.0007
  0.0217   0.0761   0.0056  -0.0194  -0.0081   0.0227
  0.0254   0.0734   0.0181   0.0232  -0.0049   0.0002
  0.0145   0.0788   0.0097   0.0050  -0.0132  -0.0018
  0.0375   0.0825   0.0236   0.0121   0.0058   0.0072
  0.0204   0.0713   0.0162   0.0149  -0.0095   0.0046
  0.0243   0.0699   0.0242   0.0250  -0.0002  -0.0029
  0.0460   0.0874   0.0377  -0.0252   0.0207   0.0062
  0.0358   0.0217   0.0235   0.0139   0.0167  -0.0080
  0.0239  -0.0266   0.0132   0.0516  -0.0070  -0.0595
  0.0276  -0.0060   0.0171   0.0090  -0.0031  -0.0464
  0.0363   0.0140   0.0344   0.0413   0.0143  -0.0471
  0.0386  -0.0058   0.0404   0.1045   0.0220  -0.0549
  0.0461  -0.0098   0.0451   0.1258   0.0320  -0.0605
  0.0529  -0.0041   0.0477   0.1186   0.0320  -0.0515
  0.0446   0.0029   0.0527   0.1688   0.0205  -0.0575
  0.0388  -0.0262   0.0428   0.1213   0.0093  -0.0495
  0.0338  -0.0177   0.0490   0.1118  -0.0004  -0.0519
  0.0507  -0.0249   0.0447   0.0984   0.0030  -0.0696
  0.0292   0.0151   0.0265   0.0655   0.0014  -0.0487
  0.0194   0.0360   0.0421   0.0874  -0.0158  -0.0621
  0.0198   0.0106   0.0392   0.0702  -0.0166  -0.0612
  0.0243   0.0179   0.0490   0.0880  -0.0084  -0.0638
  0.0345   0.0214   0.0453   0.0829   0.0076  -0.0567
  0.0209   0.0338   0.0279   0.0690  -0.0149  -0.0501
  0.0143   0.0431   0.0221   0.0820  -0.0307  -0.0383
  0.0226   0.0600   0.0268   0.1123  -0.0128  -0.0475
  0.0107   0.0617   0.0290   0.1300  -0.0098  -0.0590
  0.0166   0.0477   0.0343   0.1275  -0.0094  -0.0613
  0.0192   0.0480   0.0336   0.1378  -0.0137  -0.0599
  0.0223   0.0431   0.0421   0.1772  -0.0056  -0.0643
  0.0173   0.0548   0.0310   0.1929  -0.0197  -0.0700
  0.0075   0.0654   0.0405   0.2389  -0.0115  -0.0769
 -0.0032   0.0490   0.0294   0.1950  -0.0223  -0.0769
  0.0166   0.0455   0.0435   0.1929  -0.0056  -0.0807
  0.0228   0.0558   0.0572   0.2209   0.0047  -0.0856
  0.0146   0.0569   0.0510   0.2332  -0.0010  -0.0834
  0.0237   0.0477   0.0601   0.2146  -0.0001  -0.0895
  0.0254   0.0571   0.0525   0.2112  -0.0045  -0.0951
  0.0213   0.0737   0.0602   0.2492  -0.0030  -0.0956
  0.0313   0.0649   0.0616   0.2184   0.0106  -0.0842
  0.0200   0.0695   0.0422   0.1823  -0.0023  -0.0853
  0.0234   0.0700   0.0490   0.1984   0.0076  -0.0907
  0.0156   0.0772   0.0582   0.2115   0.0040  -0.0994
  0.0520   0.0144   0.0757   0.0961   0.0386  -0.0612
  0.0431   0.0248   0.0747   0.1804   0.0360  -0.0834
  0.0530   0.0368   0.0695   0.1708   0.0459  -0.0822
  0.0507   0.0243   0.0731   0.1943   0.0430  -0.0848
  0.0365  -0.0223   0.0494   0.1834   0.0412  -0.0966
 -0.0062  -0.0235   0.0415   0.1634   0.0145  -0.0888
 -0.0084  -0.0351   0.0354   0.2042  -0.0133  -0.1056
 -0.0257  -0.0268   0.0376   0.2260  -0.0194  -0.1124
 -0.0214  -0.0397   0.0361   0.2071  -0.0042  -0.1020
 -0.0200  -0.0369   0.0484   0.2423  -0.0005  -0.1218
 -0.0090  -0.0693   0.0565   0.2405   0.0132  -0.1186
 -0.0089  -0.0546   0.0605   0.2513   0.0081  -0.1145
 -0.0248  -0.0389   0.0571   0.2179   0.0040  -0.1027
 -0.0136  -0.0358   0.0683   0.2504   0.0156  -0.1189
 -0.0140  -0.0436   0.0646   0.2347   0.0129  -0.1225
 -0.0213  -0.0311   0.0608   0.2390   0.0095  -0.1141
 -0.0070  -0.0204   0.0731   0.2374   0.0291  -0.1272
 -0.0028  -0.0398   0.0806   0.2396   0.0368  -0.1186
  0.0096  -0.0473   0.0896   0.2635   0.0390  -0.1256
 -0.0023  -0.0515   0.0823   0.2629   0.0287  -0.1284
 -0.0034  -0.0511   0.0815   0.2338   0.0248  -0.1412
 -0.0084  -0.0427   0.0786   0.1977   0.0274  -0.1272
 -0.0167   0.0216   0.0821   0.0710  -0.0007  -0.0902
 -0.0250  -0.0039   0.0320   0.0978  -0.0029  -0.0837
 -0.0172   0.0083   0.0453   0.1006   0.0131  -0.0893
 -0.0087   0.0046   0.0515   0.1210   0.0274  -0.1043
 -0.0041   0.0131   0.0623   0.1469   0.0333  -0.1106
  0.0081  -0.0071   0.0661   0.1483   0.0306  -0.1073
  0.0094  -0.0019   0.0809   0.1665   0.0237  -0.1015
  0.0128  -0.0110   0.0830   0.1511   0.0307  -0.0987
  0.0081  -0.0145   0.0853   0.1654   0.0343  -0.0961
  0.0075  -0.0136   0.0821   0.1607   0.0180  -0.1075
  0.0016  -0.0095   0.0821   0.1556   0.0273  -0.1112
  0.0078  -0.0092   0.0916   0.1664   0.0423  -0.1098
  0.0051  -0.0142   0.0878   0.1620   0.0296  -0.1131
 -0.0050  -0.0203   0.0745   0.1395   0.0179  -0.0956
 -0.0030  -0.0000   0.0813   0.1727   0.0195  -0.1081
 -0.0012  -0.0161   0.0822   0.1520   0.0229  -0.1055
  0.0031  -0.0079   0.0930   0.1857   0.0254  -0.1082
 -0.0082  -0.0101   0.0758   0.1314   0.0246  -0.1137
  0.0112   0.0039   0.0881   0.1423   0.0416  -0.1180
  0.0127  -0.0103   0.0944   0.1373   0.0478  -0.1253
  0.0074  -0.0176   0.0979   0.1654   0.0440  -0.1357
  0.0231  -0.0167   0.1056   0.1654   0.0681  -0.1353
  0.0155  -0.0073   0.0989   0.1470   0.0542  -0.1239
  0.0366  -0.0203   0.1146   0.1704   0.0695  -0.1338
  0.0388  -0.0307   0.1140   0.1781   0.0729  -0.1290
  0.0469  -0.0213   0.1279   0.2039   0.0872  -0.1384
  0.0434  -0.0408   0.1172   0.1671   0.0813  -0.1315
  0.0464  -0.0350   0.1370   0.1884   0.0822  -0.1374
  0.0578  -0.0537   0.1431   0.1909   0.0977  -0.1448
  0.0639  -0.0389   0.1476   0.1810   0.1083  -0.1436
  0.0609  -0.0497   0.1403   0.1709   0.1069  -0.1365
  0.0603  -0.0581   0.1363   0.1573   0.1064  -0.1414
  0.0711  -0.0553   0.1505   0.1670   0.1233  -0.1389
  0.0601  -0.0464   0.1457   0.1898   0.1219  -0.1351
  0.0767   0.0132   0.1489   0.1424   0.1111  -0.1421
  0.0711   0.0498   0.1205   0.0976   0.0693  -0.1445
  0.0812   0.0305   0.1314   0.1227   0.0989  -0.1569
  0.0792   0.0106   0.1283   0.1053   0.1000  -0.1571
  0.0818   0.0201   0.1413   0.1315   0.1082  -0.1585
  0.0625   0.0044   0.1386   0.1237   0.1005  -0.1421
  0.0791  -0.0086   0.1574   0.1598   0.1135  -0.1557
  0.0818  -0.0081   0.1587   0.1393   0.1248  -0.1403
  0.0949  -0.0152   0.1777   0.1673   0.1246  -0.1495
  0.0953  -0.0218   0.1821   0.1990   0.1372  -0.1455
  0.1111  -0.0366   0.1933   0.2047   0.1476  -0.1487
  0.1193  -0.0201   0.2106   0.2143   0.1617  -0.1468
  0.1208  -0.0249   0.2147   0.2212   0.1653  -0.1432
  0.1213  -0.0169   0.2243   0.2567   0.1695  -0.1667
  0.1118  -0.0250   0.2268   0.2553   0.1697  -0.1691
  0.1177  -0.0289   0.2260   0.2487   0.1752  -0.1634
  0.1078  -0.0293   0.2136   0.2482   0.1441  -0.1705
  0.1200  -0.0407   0.2295   0.2085   0.1627  -0.1571
  0.1255  -0.0420   0.2346   0.2041   0.1736  -0.1521
  0.1459  -0.0701   0.2524   0.2322   0.2026  -0.1711
  0.1331  -0.0448   0.2326   0.2179   0.1994  -0.1682
  0.1353  -0.0386   0.2492   0.2534   0.2056  -0.1789
  0.1386  -0.0607   0.2577   0.2632   0.2090  -0.1795
  0.1441  -0.0694   0.2557   0.2451   0.2051  -0.1669
  0.1494  -0.0660   0.2504   0.2330   0.2134  -0.1599
  0.1412  -0.0710   0.2620   0.2674   0.2073  -0.1736
  0.1472  -0.0659   0.2670   0.2675   0.2105  -0.1836
  0.1394  -0.0644   0.2674   0.2657   0.2170  -0.1882
  0.1374  -0.0730   0.2605   0.2656   0.2100  -0.1813
  0.1414  -0.0715   0.2672   0.2635   0.2092  -0.1918
  0.1395  -0.0834   0.2660   0.2680   0.2115  -0.1818
  0.1413  -0.0920   0.2688   0.2579   0.2147  -0.1843
  0.1521  -0.1041   0.2785   0.2780   0.2287  -0.1884
  0.1448  -0.0947   0.2695   0.2486   0.2194  -0.1850
  0.1370  -0.0791   0.2450   0.2424   0.2033  -0.1762
  0.1005  -0.0588   0.2301   0.2264   0.1686  -0.1771
