 -0.1004   0.1055  -0.1900  -0.1752  -0.0129   0.0356
 -0.1019   0.1254  -0.1845  -0.1343  -0.0150   0.0850
 -0.0916   0.1102  -0.1786  -0.1343  -0.0113   0.0548
 -0.0955   0.1151  -0.1616  -0.1145   0.0026   0.0292
 -0.0865   0.1044  -0.1453  -0.1050   0.0019   0.0528
 -0.0967   0.0848  -0.1316  -0.1417  -0.0100   0.0271
 -0.0715   0.1084  -0.1358  -0.0973   0.0031   0.0936
 -0.0864   0.0941  -0.1244  -0.1381  -0.0068   0.0397
 -0.0840   0.1414  -0.1196  -0.1149  -0.0046   0.0624
 -0.1000   0.1384  -0.1204  -0.1385  -0.0206   0.0140
 -0.0863   0.1322  -0.1347  -0.0919  -0.0127   0.0580
 -0.1006   0.1198  -0.1071  -0.1666  -0.0238   0.0201
 -0.0850   0.1389  -0.1057  -0.1221  -0.0101   0.0638
 -0.0899   0.1385  -0.0998  -0.1342  -0.0188   0.0167
 -0.1082   0.1434  -0.1147  -0.1047  -0.0277   0.0659
 -0.1085   0.1301  -0.1173  -0.1608  -0.0284   0.0116
 -0.0831   0.1502  -0.1057  -0.1021  -0.0159   0.0772
 -0.0730   0.1139  -0.0886  -0.2008  -0.0222   0.0716
 -0.0556   0.1435  -0.0886  -0.2018  -0.0075   0.1629
 -0.0617   0.1552  -0.0761  -0.1241  -0.0050   0.0266
 -0.0637   0.1653  -0.0844  -0.1090  -0.0038   0.0536
 -0.0671   0.1611  -0.1021  -0.1113  -0.0207   0.0115
 -0.0770   0.1651  -0.0905  -0.0669  -0.0377   0.0067
 -0.1120   0.1547  -0.0832  -0.1086  -0.0486   0.0195
 -0.1160   0.1536  -0.0801  -0.0928  -0.0642   0.0552
 -0.1585   0.1258  -0.0950  -0.1663  -0.1118   0.0550
 -0.1507   0.0974  -0.0793  -0.1368  -0.0940   0.0416
 -0.1462   0.0266  -0.0483   0.0343  -0.0956   0.0290
 -0.1352   0.0748  -0.0579   0.0252  -0.0820  -0.0194
 -0.1388   0.1204  -0.0698  -0.0023  -0.0816   0.0342
 -0.1323   0.0938  -0.0698  -0.0241  -0.1066  -0.0250
 -0.1174   0.1056  -0.0611  -0.0027  -0.0658   0.0392
 -0.1302   0.0959  -0.0538  -0.0270  -0.0801  -0.0203
 -0.1241   0.1063  -0.0544   0.0289  -0.0669   0.0361
 -0.1153   0.0848  -0.0398   0.0024  -0.0672  -0.0362
 -0.1054   0.1240  -0.0488   0.0244  -0.0499   0.0216
 -0.1169   0.0905  -0.0439   0.0263  -0.0717  -0.0201
 -0.1265   0.0870  -0.0477   0.0041  -0.0913   0.0125
 -0.1428   0.1032  -0.0541   0.0065  -0.0846  -0.0202
 -0.1411   0.1091  -0.0491   0.0115  -0.0776  -0.0165
 -0.1260   0.1057  -0.0461   0.0167  -0.0687  -0.0070
 -0.1082   0.1017  -0.0408   0.0037  -0.0630  -0.0189
 -0.1086   0.1081  -0.0405   0.0440  -0.0596  -0.0122
 -0.1007   0.0901  -0.0309   0.0285  -0.0734  -0.0439
 -0.0868   0.1123  -0.0311   0.0343  -0.0694   0.0160
 -0.1048   0.0592  -0.0556  -0.0679  -0.0968  -0.0301
 -0.1214   0.1043  -0.0411   0.0314  -0.0967   0.0688
 -0.1216   0.0993  -0.0524   0.0284  -0.1036  -0.0193
 -0.1223   0.1050  -0.0499   0.0406  -0.0952   0.0018
 -0.1143   0.0832  -0.0402   0.0245  -0.0786  -0.0245
 -0.1126   0.1090  -0.0412   0.0423  -0.0715  -0.0033
 -0.1106   0.0789  -0.0367   0.0288  -0.0654  -0.0527
 -0.0972   0.0981  -0.0332   0.0591  -0.0516  -0.0134
 -0.1059   0.0622  -0.0245   0.0245  -0.0549  -0.0442
 -0.0963   0.0920  -0.0362   0.0510  -0.0375  -0.0019
 -0.0777   0.0686  -0.0187   0.0589  -0.0230  -0.0657
 -0.0790   0.1008  -0.0167   0.0932  -0.0158  -0.0002
 -0.0725   0.0560  -0.0216   0.0634  -0.0211  -0.0480
 -0.0675   0.0360  -0.0337   0.0660  -0.0298   0.0148
 -0.0796   0.0189  -0.0274   0.0392  -0.0313  -0.0345
 -0.0771   0.0402  -0.0294   0.0599  -0.0252   0.0143
 -0.0897   0.0304  -0.0311   0.0634  -0.0434  -0.0293
 -0.0753   0.0589  -0.0291   0.1045  -0.0262   0.0201
 -0.0760   0.0310  -0.0342   0.0820  -0.0274  -0.0290
 -0.0586   0.0474  -0.0331   0.1019  -0.0066   0.0170
 -0.0759   0.0232  -0.0369   0.0635  -0.0106  -0.0367
 -0.0572   0.0407  -0.0223   0.1143  -0.0030   0.0251
 -0.0655   0.0214  -0.0228   0.1019  -0.0063  -0.0391
 -0.0560   0.0395  -0.0247   0.1125  -0.0012   0.0273
 -0.0494   0.0255  -0.0190   0.0836   0.0001  -0.0492
 -0.0397   0.0524  -0.0303   0.1315   0.0004  -0.0048
 -0.0144   0.0234  -0.0209   0.0560  -0.0090  -0.0297
 -0.0308   0.0488  -0.0164   0.1000   0.0061   0.0035
 -0.0380   0.0235  -0.0172   0.0918   0.0078  -0.0390
 -0.0191  -0.0001  -0.0263   0.0501   0.0032   0.0157
 -0.0172   0.0034  -0.0174   0.0360   0.0056  -0.0393
 -0.0172   0.0185  -0.0199   0.0858   0.0042   0.0052
 -0.0310  -0.0030  -0.0219   0.0582  -0.0001  -0.0423
 -0.0192   0.0112  -0.0125   0.0885   0.0184   0.0158
  0.0088   0.0077   0.0041   0.0619   0.0389  -0.0428
 -0.0043   0.0268  -0.0021   0.1068   0.0339   0.0011
 -0.0008   0.0031   0.0091   0.0519   0.0139  -0.0344
  0.0003   0.0094   0.0035   0.0880   0.0376  -0.0025
  0.0017  -0.0126  -0.0019   0.0437   0.0251  -0.0432
  0.0161   0.0049  -0.0086   0.0876   0.0263   0.0305
  0.0008  -0.0110  -0.0041   0.0348   0.0235  -0.0318
  0.0042   0.0025  -0.0064   0.0714   0.0242   0.0188
  0.0104  -0.0209  -0.0035   0.0122   0.0172  -0.0371
  0.0089   0.0196   0.0073   0.0672   0.0211   0.0316
  0.0056  -0.0088   0.0048   0.0437   0.0185  -0.0331
  0.0076   0.0092   0.0026   0.0717   0.0223   0.0146
  0.0169   0.0060   0.0110   0.0489   0.0221  -0.0414
  0.0310  -0.0054   0.0073   0.1061   0.0335  -0.0098
  0.0310  -0.0446   0.0080   0.0311   0.0165  -0.0287
  0.0190  -0.0169   0.0018   0.0658   0.0089   0.0104
  0.0101  -0.0371   0.0086   0.0590  -0.0002  -0.0202
  0.0051  -0.0031   0.0077   0.0684   0.0062   0.0164
 -0.0074  -0.0332   0.0112   0.0636  -0.0057  -0.0426
  0.0004  -0.0099   0.0203   0.0931   0.0021   0.0145
  0.0129  -0.0556   0.0231   0.0408   0.0062  -0.0156
  0.0221   0.0230   0.0375  -0.0146   0.0143   0.0470
  0.0705  -0.0541   0.0648  -0.0885   0.0352   0.0916
  0.0383  -0.0692   0.0476  -0.0416   0.0268   0.0042
  0.0333  -0.0199   0.0373   0.0110   0.0410   0.0541
  0.0319  -0.0466   0.0288   0.0067   0.0096  -0.0240
  0.0478  -0.0007   0.0393   0.0397   0.0196   0.0572
  0.0274  -0.0418   0.0531  -0.0128   0.0158  -0.0011
  0.0375  -0.0237   0.0584   0.0145   0.0461   0.0349
  0.0310  -0.0419   0.0524   0.0010   0.0358  -0.0258
  0.0566  -0.0163   0.0468   0.0229   0.0495   0.0523
  0.0506  -0.0469   0.0472   0.0048   0.0416  -0.0041
  0.0368  -0.0262   0.0366   0.0224   0.0369   0.0412
  0.0309  -0.0414   0.0392  -0.0080   0.0342  -0.0069
  0.0477  -0.0199   0.0429   0.0312   0.0337   0.0358
  0.0499  -0.0809   0.0398  -0.0191   0.0076  -0.0547
  0.0397  -0.0681   0.0446  -0.0253   0.0159   0.0251
  0.0289  -0.1081   0.0401  -0.0624   0.0240  -0.0156
  0.0406  -0.0660   0.0458  -0.0219   0.0229   0.0408
  0.0479  -0.0983   0.0514  -0.0674  -0.0032  -0.0185
  0.0377  -0.0737   0.0412  -0.0394  -0.0035   0.0538
  0.0406  -0.0932   0.0442  -0.0681   0.0014  -0.0066
  0.0415  -0.0673   0.0443  -0.0219   0.0044   0.0397
  0.0481  -0.0953   0.0569  -0.0353   0.0070  -0.0139
  0.0369  -0.0772   0.0493  -0.0113  -0.0012   0.0460
  0.0269  -0.0926   0.0444  -0.0417  -0.0142  -0.0108
  0.0280  -0.0821   0.0477  -0.0281  -0.0092   0.0694
  0.0247  -0.0715   0.0610  -0.0452  -0.0053   0.0215
  0.0352  -0.0726   0.0503  -0.0265   0.0072   0.0412
  0.0254  -0.0795   0.0586  -0.0504   0.0185  -0.0192
  0.0403  -0.0560   0.0518  -0.0414   0.0325   0.0192
  0.0609  -0.0897   0.0608  -0.0622   0.0619  -0.0269
  0.0784  -0.0774   0.0641  -0.0387   0.0787   0.0382
  0.0746  -0.0952   0.0664  -0.0721   0.0650  -0.0204
  0.0682  -0.0629   0.0539  -0.0165   0.0657   0.0232
  0.0717  -0.0947   0.0604  -0.0539   0.0509  -0.0191
  0.0821  -0.0785   0.0690  -0.0277   0.0577   0.0699
  0.0721  -0.0929   0.0676  -0.0455   0.0548  -0.0054
  0.0752  -0.0731   0.0758   0.0086   0.0558   0.0393
  0.0739  -0.0979   0.0751  -0.0218   0.0629  -0.0129
  0.0860  -0.0884   0.0788   0.0107   0.0588   0.0447
  0.0757  -0.0834   0.0813  -0.0230   0.0597  -0.0165
  0.0870  -0.0728   0.0844   0.0411   0.0610   0.0312
  0.0923  -0.0858   0.0960   0.0287   0.0558  -0.0055
  0.1032  -0.0880   0.1035   0.0215   0.0689   0.0369
  0.0942  -0.0737   0.0926   0.0249   0.0720   0.0271
  0.0946  -0.0983   0.0923  -0.0092   0.0757  -0.0078
  0.1020  -0.0723   0.0851   0.0236   0.0836   0.0321
  0.1014  -0.1030   0.0924  -0.0057   0.0809  -0.0130
  0.1027  -0.0829   0.0888   0.0141   0.0977   0.0362
  0.1028  -0.0958   0.0839   0.0009   0.0885  -0.0142
  0.1028  -0.0872   0.0790   0.0197   0.0778   0.0172
  0.1056  -0.1046   0.0811  -0.0169   0.0596  -0.0244
  0.1106  -0.0838   0.0627   0.0081   0.0678   0.0430
  0.1361  -0.1085   0.0660  -0.0520   0.0558  -0.0007
  0.0882  -0.0840   0.0632  -0.0110   0.0458   0.0341
  0.0886  -0.1083   0.0626   0.0058   0.0243  -0.1007
  0.1009  -0.1170   0.0572   0.0018   0.0277   0.0450
  0.0938  -0.1134   0.0282  -0.0386  -0.0080   0.0261
  0.0547  -0.1262  -0.0060  -0.1067  -0.0256   0.0397
  0.0621  -0.0665   0.0180  -0.0260  -0.0063   0.0511
  0.0567  -0.0632   0.0163  -0.0125  -0.0083   0.0019
  0.0402  -0.0699  -0.0016  -0.0367  -0.0389  -0.0331
  0.0355  -0.0641   0.0203  -0.0216  -0.0361   0.0329
  0.0475  -0.0865   0.0131   0.0248  -0.0275   0.0334
  0.0304  -0.0850  -0.0004  -0.0379  -0.0445  -0.0091
  0.0361  -0.0492  -0.0017   0.0230  -0.0318   0.0531
  0.0371  -0.0755   0.0050   0.0057  -0.0243  -0.0207
  0.0426  -0.0454   0.0070   0.0299  -0.0235   0.0265
  0.0727  -0.0200   0.0077   0.0444  -0.0025   0.0234
  0.0696  -0.0775   0.0069   0.0906  -0.0154  -0.0570
  0.0260  -0.0398   0.0042   0.1249  -0.0346   0.0130
  0.0358  -0.0515   0.0117   0.0880  -0.0204  -0.0455
  0.0618  -0.0804   0.0076   0.0494  -0.0268  -0.0322
  0.0703  -0.0921   0.0100   0.0560  -0.0046  -0.0427
  0.0617  -0.0501   0.0082   0.0697  -0.0181   0.0059
  0.0542  -0.0694   0.0082   0.0696  -0.0027  -0.0373
  0.0573  -0.0688   0.0128   0.0621   0.0183  -0.0601
  0.0511  -0.0397   0.0046   0.0638   0.0172   0.0029
  0.0393  -0.0798  -0.0191   0.0487   0.0095  -0.0690
  0.0365  -0.0414  -0.0252   0.0821   0.0043  -0.0094
  0.0358  -0.0816  -0.0185   0.0465  -0.0061  -0.0586
  0.0278  -0.0416  -0.0189   0.0808  -0.0053   0.0069
  0.0379  -0.0679  -0.0290   0.0494  -0.0189  -0.0537
  0.0198  -0.0607  -0.0115   0.0089  -0.0019   0.0124
  0.0273  -0.0337  -0.0189  -0.0562  -0.0111  -0.0588
  0.0247   0.0223  -0.0335  -0.0265  -0.0033   0.0246
  0.0131  -0.0105  -0.0305  -0.0415   0.0000  -0.0490
  0.0173   0.0023  -0.0313   0.0014  -0.0015   0.0019
  0.0221  -0.0153  -0.0284  -0.0285  -0.0028  -0.0296
  0.0155   0.0037  -0.0303  -0.0046  -0.0144  -0.0083
  0.0223  -0.0005  -0.0292  -0.0144  -0.0069  -0.0233
  0.0331   0.0065  -0.0216   0.0225  -0.0068  -0.0141
  0.0182   0.0061  -0.0349   0.0071  -0.0273  -0.0239
  0.0239   0.0236  -0.0413  -0.0048  -0.0186  -0.0113
  0.0438  -0.0048  -0.0368  -0.0189  -0.0094  -0.0591
  0.0347   0.0129  -0.0297  -0.0055  -0.0090  -0.0103
  0.0234  -0.0031  -0.0332  -0.0265  -0.0168  -0.0487
  0.0169   0.0294  -0.0343   0.0015  -0.0153  -0.0122
  0.0288   0.0051  -0.0276  -0.0400  -0.0162  -0.0629
  0.0251   0.0291  -0.0289  -0.0041  -0.0109  -0.0113
  0.0332  -0.0076  -0.0230  -0.0171  -0.0100  -0.0836
  0.0357   0.0217  -0.0329   0.0074  -0.0061  -0.0026
  0.0883  -0.0496  -0.0253  -0.0132  -0.0102  -0.1219
  0.0647   0.0058   0.0589   0.0647  -0.0191  -0.0571
 -0.0155   0.0455   0.0608   0.0678   0.0061   0.0264
 -0.0052   0.0410   0.0508   0.1085   0.0256  -0.0944
 -0.0084   0.0527   0.0487   0.1356   0.0243  -0.0467
  0.0065   0.0437   0.0408   0.1385   0.0280  -0.0918
  0.0118   0.0030   0.0803  -0.1926  -0.0490  -0.0207
  0.0541  -0.0007   0.0419  -0.0680  -0.0359   0.0705
  0.0425  -0.0081   0.0492   0.0285  -0.0230   0.0029
  0.0533  -0.0168   0.0566   0.0043  -0.0027  -0.0230
  0.0632  -0.0011   0.0491   0.0077   0.0116   0.0315
  0.0670  -0.0689   0.0574  -0.1358   0.0112  -0.0522
  0.0373  -0.0452   0.0386  -0.0060   0.0076   0.0578
  0.0268  -0.0194   0.0351  -0.0155  -0.0001   0.0111
  0.0250  -0.0051   0.0419  -0.0119   0.0077   0.0074
  0.0308   0.0149   0.0305  -0.0417   0.0159  -0.0245
  0.0336  -0.0555   0.0472  -0.0187   0.0020  -0.0226
  0.0398  -0.0389   0.0458   0.0101   0.0073   0.0238
  0.0365  -0.0677   0.0374  -0.0138   0.0229  -0.0276
  0.0462  -0.0300   0.0447   0.0078   0.0377   0.0170
  0.0466  -0.0662   0.0567  -0.0390   0.0569  -0.0417
  0.0527  -0.0106   0.0574  -0.0130   0.0719   0.0092
  0.0502  -0.0622   0.0451  -0.0062   0.0527  -0.0324
  0.0406  -0.0314   0.0517   0.0055   0.0275   0.0179
  0.0451  -0.0582   0.0498  -0.0170   0.0322  -0.0241
  0.0487  -0.0214   0.0528  -0.0039   0.0428   0.0141
  0.0498  -0.0501   0.0487  -0.0296   0.0446  -0.0264
  0.0595  -0.0213   0.0456  -0.0014   0.0412   0.0178
  0.0608  -0.0397   0.0569  -0.0037   0.0411  -0.0393
  0.0529  -0.0405   0.0448   0.0192   0.0271   0.0099
  0.0460  -0.0702   0.0448  -0.0772   0.0302  -0.0683
  0.0557  -0.0207   0.0445  -0.0639   0.0513   0.0324
  0.0381  -0.0319   0.0532   0.0044   0.0334  -0.0424
  0.0347  -0.0422   0.0604  -0.0156   0.0360  -0.0888
  0.0194  -0.0067   0.0540   0.0034   0.0276  -0.0009
  0.0372  -0.0276   0.0696  -0.0090   0.0453  -0.0572
  0.0328  -0.0046   0.0678   0.0508   0.0336  -0.0130
  0.0297  -0.0417   0.0569   0.0140   0.0376  -0.0602
