  0.0372  -0.0454  -0.0163  -0.0060   0.0211   0.1969
  0.0896  -0.0652  -0.0134  -0.0081  -0.0550   0.1206
  0.0949  -0.0914  -0.0380   0.0121  -0.0675   0.0675
  0.0926  -0.1050  -0.0451   0.0010  -0.0387   0.0627
  0.0913  -0.0992  -0.0274   0.0334  -0.0614   0.0560
  0.0931  -0.0966  -0.0350   0.0377  -0.0609   0.0615
  0.0863  -0.0980  -0.0420  -0.0009  -0.0308   0.0722
  0.0916  -0.0966  -0.0187   0.0123  -0.0567   0.0777
  0.0923  -0.1253  -0.0386  -0.0629  -0.0201   0.1030
  0.0908  -0.1130  -0.0257  -0.0473  -0.0497   0.0954
  0.0923  -0.1068  -0.0195  -0.0848  -0.0282   0.1323
  0.1008  -0.0953  -0.0119  -0.0011  -0.0574   0.0872
  0.0994  -0.0753  -0.0190  -0.0264  -0.0250   0.0931
  0.0850  -0.0893   0.0046  -0.0078  -0.0402   0.0774
  0.0928  -0.0754  -0.0184   0.0166  -0.0548   0.0628
  0.0926  -0.0804  -0.0222  -0.0385  -0.0272   0.0746
  0.0818  -0.0922  -0.0144   0.0114  -0.0631   0.0532
  0.0904  -0.0868  -0.0250  -0.0142  -0.0290   0.0665
  0.0916  -0.0882  -0.0075  -0.0387  -0.0234   0.0867
  0.0991  -0.0859  -0.0155  -0.0018  -0.0612   0.0651
  0.0905  -0.0831  -0.0255  -0.0144  -0.0301   0.0719
  0.0811  -0.0959  -0.0014   0.0058  -0.0263   0.0654
  0.0817  -0.0879  -0.0066   0.0333  -0.0484   0.0403
  0.0770  -0.0802  -0.0219   0.0116  -0.0259   0.0485
  0.0765  -0.0814   0.0007   0.0306  -0.0372   0.0427
  0.0762  -0.0761  -0.0189   0.0536  -0.0511   0.0236
  0.0756  -0.0776  -0.0157   0.0213  -0.0160   0.0311
  0.0766  -0.0822  -0.0004   0.0248  -0.0308   0.0295
  0.0711  -0.0650  -0.0111   0.0503  -0.0516   0.0081
  0.0703  -0.0728  -0.0084   0.0335  -0.0222   0.0264
  0.0707  -0.0802   0.0034   0.0601  -0.0372   0.0208
  0.0670  -0.0751  -0.0202   0.0669  -0.0399   0.0126
  0.0658  -0.0788  -0.0083   0.0578  -0.0343   0.0170
  0.0682  -0.0744  -0.0052   0.0829  -0.0459   0.0054
  0.0705  -0.0644  -0.0165   0.0700  -0.0329   0.0061
  0.0626  -0.0638  -0.0115   0.0615  -0.0225   0.0098
  0.0644  -0.0707  -0.0015   0.0618  -0.0402   0.0084
  0.0629  -0.0575  -0.0133   0.0630  -0.0226   0.0051
  0.0687  -0.0675   0.0013   0.0659  -0.0233   0.0143
  0.0675  -0.0631   0.0006   0.0816  -0.0471   0.0108
  0.0629  -0.0619  -0.0197   0.0479  -0.0219   0.0145
  0.0576  -0.0682   0.0031   0.0342  -0.0288   0.0244
  0.0567  -0.0632  -0.0135   0.0443  -0.0298   0.0216
  0.0574  -0.0543  -0.0161   0.0285  -0.0032   0.0266
  0.0676  -0.0596  -0.0076   0.0619  -0.0390   0.0153
  0.0616  -0.0482  -0.0087   0.0307  -0.0226   0.0145
  0.0531  -0.0744   0.0044  -0.0090  -0.0216   0.0328
  0.0668  -0.0809  -0.0079   0.0211  -0.0418   0.0353
  0.0563  -0.0860   0.0180  -0.0477  -0.0111   0.0689
  0.0628  -0.0432   0.0077  -0.0021  -0.0235   0.0460
  0.0636  -0.0344  -0.0111  -0.0018  -0.0049   0.0418
  0.0627  -0.0392   0.0052  -0.0043   0.0043   0.0306
  0.0497  -0.0401  -0.0009   0.0460  -0.0318  -0.0006
  0.0379  -0.0533  -0.0102  -0.0036   0.0101   0.0107
  0.0434  -0.0560   0.0213   0.0148  -0.0126   0.0087
  0.0562  -0.0691   0.0036   0.0392  -0.0252   0.0062
  0.0449  -0.0643  -0.0032   0.0025   0.0074   0.0177
  0.0440  -0.0434   0.0031   0.0277  -0.0159   0.0082
  0.0388  -0.0283  -0.0180   0.0238  -0.0058   0.0061
  0.0373  -0.0372  -0.0041   0.0104   0.0061   0.0206
  0.0445  -0.0401  -0.0012   0.0336  -0.0117   0.0136
  0.0446  -0.0343  -0.0138   0.0192   0.0045   0.0153
  0.0411  -0.0443  -0.0018   0.0053   0.0283   0.0287
  0.0404  -0.0389   0.0125   0.0574  -0.0112   0.0039
  0.0416  -0.0397   0.0004   0.0342   0.0238   0.0182
  0.0336  -0.0408   0.0142   0.0347   0.0216   0.0158
  0.0374  -0.0298   0.0036   0.0501  -0.0016  -0.0005
  0.0398  -0.0329  -0.0094   0.0272   0.0208   0.0093
  0.0376  -0.0219   0.0151   0.0430   0.0031   0.0023
  0.0327  -0.0287   0.0049   0.0538   0.0019  -0.0031
  0.0319  -0.0235  -0.0027   0.0178   0.0305   0.0100
  0.0376  -0.0139   0.0166   0.0541  -0.0040  -0.0035
  0.0271  -0.0139  -0.0089   0.0813  -0.0126  -0.0244
  0.0221  -0.0185  -0.0105   0.0522   0.0272  -0.0174
  0.0193  -0.0165  -0.0007   0.0930  -0.0101  -0.0304
  0.0235  -0.0176  -0.0090   0.0668  -0.0019  -0.0287
  0.0201  -0.0179   0.0024   0.0381   0.0152  -0.0193
  0.0178  -0.0197  -0.0063   0.0538  -0.0167  -0.0283
  0.0127  -0.0222  -0.0031   0.0188   0.0125  -0.0157
  0.0177  -0.0258   0.0091   0.0334   0.0004  -0.0222
  0.0117  -0.0167  -0.0055   0.0352  -0.0116  -0.0326
  0.0123  -0.0199  -0.0069   0.0102   0.0131  -0.0182
  0.0098  -0.0221   0.0158   0.0318  -0.0203  -0.0150
  0.0104  -0.0208  -0.0165   0.0195   0.0028  -0.0087
  0.0043  -0.0013   0.0269  -0.0208   0.0119   0.0186
  0.0036  -0.0304  -0.0193  -0.1031   0.0322   0.0374
  0.0121   0.0089   0.0232  -0.0561  -0.0448   0.0184
  0.0138   0.0305  -0.0050  -0.0559  -0.0101   0.0229
  0.0150   0.0092   0.0258  -0.0485  -0.0186   0.0294
  0.0016   0.0232  -0.0045  -0.0138  -0.0204   0.0029
 -0.0024   0.0239  -0.0125  -0.0377   0.0220   0.0028
 -0.0037   0.0126  -0.0010  -0.0257   0.0039   0.0006
 -0.0034   0.0152  -0.0028   0.0126  -0.0096  -0.0221
 -0.0060   0.0099  -0.0058  -0.0192   0.0192   0.0021
 -0.0029   0.0102   0.0134   0.0073   0.0065   0.0035
 -0.0009   0.0248  -0.0019   0.0331  -0.0049  -0.0176
 -0.0098   0.0156  -0.0108  -0.0044   0.0337  -0.0030
 -0.0076   0.0179   0.0175   0.0225   0.0095  -0.0032
 -0.0049   0.0123   0.0081   0.0274  -0.0006  -0.0126
 -0.0133   0.0261  -0.0086  -0.0138   0.0377   0.0043
 -0.0180   0.0243   0.0058  -0.0221   0.0362   0.0038
 -0.0113   0.0213   0.0100   0.0152   0.0107  -0.0155
 -0.0144   0.0236  -0.0073  -0.0131   0.0352  -0.0024
 -0.0157   0.0257   0.0056  -0.0307   0.0477   0.0020
 -0.0155   0.0333   0.0057   0.0013   0.0112  -0.0134
 -0.0181   0.0365  -0.0068  -0.0138   0.0350  -0.0013
 -0.0099   0.0266   0.0035  -0.0124   0.0337  -0.0007
 -0.0160   0.0380  -0.0075   0.0183   0.0141  -0.0189
 -0.0177   0.0292  -0.0161  -0.0152   0.0348  -0.0103
 -0.0284   0.0157   0.0105  -0.0230   0.0128  -0.0043
 -0.0433   0.0239  -0.0057  -0.0109   0.0017  -0.0157
 -0.0376   0.0273  -0.0145  -0.0110   0.0234  -0.0189
 -0.0418   0.0275   0.0069  -0.0069   0.0240  -0.0097
 -0.0345   0.0232   0.0031   0.0053   0.0133  -0.0228
 -0.0379   0.0273  -0.0057  -0.0174   0.0421  -0.0269
 -0.0402   0.0269   0.0093  -0.0126   0.0294  -0.0203
 -0.0472   0.0351  -0.0051  -0.0003   0.0193  -0.0252
 -0.0465   0.0246  -0.0030  -0.0274   0.0469  -0.0119
 -0.0498   0.0449   0.0074   0.0020   0.0261  -0.0286
 -0.0461   0.0445  -0.0139   0.0130   0.0339  -0.0360
 -0.0479   0.0396  -0.0096  -0.0156   0.0566  -0.0197
 -0.0353   0.0380  -0.0032   0.0019   0.0412  -0.0208
 -0.0404   0.0357  -0.0107  -0.0281   0.0496  -0.0101
 -0.0455   0.0429   0.0102  -0.0443   0.0488  -0.0120
 -0.0347   0.0306   0.0092  -0.0141   0.0203  -0.0120
 -0.0403   0.0286   0.0158  -0.0286   0.0461  -0.0050
 -0.0426   0.0279   0.0183  -0.0337   0.0411   0.0021
 -0.0460   0.0329   0.0044  -0.0065   0.0140  -0.0145
 -0.0470   0.0347   0.0009  -0.0233   0.0461  -0.0163
 -0.0517   0.0247   0.0107  -0.0146   0.0391  -0.0166
 -0.0551   0.0406  -0.0008   0.0051   0.0218  -0.0374
 -0.0478   0.0403   0.0097  -0.0348   0.0423  -0.0254
 -0.0570   0.0371   0.0099  -0.0198   0.0239  -0.0225
 -0.0626   0.0406  -0.0043  -0.0003   0.0089  -0.0438
 -0.0652   0.0428  -0.0042  -0.0125   0.0329  -0.0343
 -0.0624   0.0418   0.0102  -0.0118   0.0252  -0.0318
 -0.0607   0.0449  -0.0030   0.0036   0.0117  -0.0456
 -0.0705   0.0573  -0.0027  -0.0080   0.0316  -0.0375
 -0.0582   0.0486   0.0188  -0.0033   0.0102  -0.0352
 -0.0635   0.0521  -0.0045   0.0176  -0.0046  -0.0538
 -0.0651   0.0479  -0.0036  -0.0204   0.0354  -0.0365
 -0.0668   0.0518   0.0109   0.0097  -0.0120  -0.0502
 -0.0716   0.0554  -0.0083   0.0061   0.0154  -0.0570
 -0.0722   0.0518   0.0095  -0.0085   0.0209  -0.0438
 -0.0686   0.0543   0.0085   0.0258  -0.0083  -0.0602
 -0.0702   0.0587   0.0025  -0.0143   0.0369  -0.0484
 -0.0693   0.0481   0.0147   0.0027   0.0173  -0.0474
 -0.0717   0.0347   0.0018  -0.0476   0.0575  -0.0156
 -0.0807   0.0454   0.0190  -0.0541   0.0426  -0.0226
 -0.0745   0.0593   0.0221  -0.0347   0.0362  -0.0261
 -0.0735   0.0995  -0.0070   0.0051   0.0209  -0.0553
 -0.0799   0.0758   0.0233  -0.0190   0.0371  -0.0518
 -0.0839   0.0735   0.0290   0.0066  -0.0114  -0.0573
 -0.0826   0.0763   0.0125  -0.0368   0.0351  -0.0510
 -0.0745   0.0707   0.0300  -0.0554   0.0058  -0.0324
 -0.0832   0.0780   0.0160  -0.0282  -0.0054  -0.0465
 -0.0797   0.0949   0.0187  -0.0369   0.0285  -0.0399
 -0.0698   0.0804   0.0290  -0.0363   0.0203  -0.0383
 -0.0797   0.0860   0.0221  -0.0440   0.0217  -0.0321
 -0.0797   0.0936   0.0093  -0.0551   0.0404  -0.0364
 -0.0789   0.0983   0.0250  -0.0558   0.0324  -0.0423
 -0.0849   0.0996   0.0080  -0.0176   0.0004  -0.0664
 -0.0831   0.0939   0.0128  -0.0665   0.0354  -0.0430
 -0.0803   0.0907   0.0160  -0.0518  -0.0029  -0.0460
 -0.0856   0.0929   0.0071  -0.0573   0.0008  -0.0594
 -0.0822   0.0865   0.0299  -0.0854   0.0139  -0.0326
 -0.0829   0.1051   0.0084  -0.0391  -0.0155  -0.0496
 -0.0796   0.0955   0.0136  -0.0950   0.0295  -0.0305
 -0.0820   0.0994   0.0253  -0.0417  -0.0117  -0.0506
 -0.0897   0.1063   0.0066  -0.0488   0.0093  -0.0545
 -0.0865   0.1002   0.0119  -0.0677   0.0190  -0.0483
 -0.0892   0.1150   0.0188  -0.0421  -0.0060  -0.0567
 -0.0875   0.1138   0.0149  -0.0269  -0.0091  -0.0663
 -0.0908   0.1127   0.0032  -0.0410   0.0121  -0.0631
 -0.0966   0.1171   0.0120  -0.0390   0.0096  -0.0585
 -0.0985   0.1164   0.0124  -0.0264  -0.0063  -0.0745
 -0.1006   0.1186   0.0127  -0.0244  -0.0259  -0.0782
 -0.1068   0.1159   0.0052  -0.0423   0.0180  -0.0668
 -0.1000   0.1248   0.0211  -0.0298  -0.0083  -0.0645
 -0.0996   0.1276   0.0067  -0.0146  -0.0111  -0.0687
