  0.1759   2.5181   0.3497  -1.2605   0.0194  -0.2855
  0.2109   2.4186   0.3598  -1.2120   0.0407  -0.2687
  0.1752   2.4073   0.2853  -1.2195   0.0035  -0.2598
  0.1877   2.3257   0.1843  -1.2376   0.0083  -0.2597
  0.1237   2.3923   0.0629  -1.2269  -0.0231  -0.2727
  0.0489   2.2240   0.0954  -1.1907  -0.0650  -0.2597
  0.0402   2.0662   0.0986  -1.1223  -0.0704  -0.2910
  0.0592   2.0772   0.1137  -1.1230  -0.0313  -0.2842
  0.0621   2.0584   0.0960  -1.1203  -0.0330  -0.2785
  0.0514   2.0122   0.0875  -1.0967  -0.0437  -0.2853
  0.0302   1.9936   0.0779  -1.1162  -0.0452  -0.3126
  0.5448   2.4754  -0.1550  -1.2998   0.2179  -0.3667
  0.4337   2.2166  -0.0298  -1.1605   0.2288  -0.1432
  0.1225   0.8147   0.1453  -0.5044   0.1431  -0.1396
  0.0195   0.6700   0.1403  -0.3900   0.0853  -0.1369
 -0.0560   0.5193   0.1767  -0.2843   0.0398  -0.1243
 -0.0715   0.2325   0.2127  -0.0485   0.0791  -0.0274
 -0.2263  -0.0135   0.2256   0.1578  -0.0058   0.0380
 -0.3187  -0.1221   0.1970   0.2199  -0.0451   0.0781
 -0.3815  -0.2087   0.1585   0.2630  -0.0849   0.0750
 -0.4259  -0.2174   0.0985   0.2586  -0.1191   0.0771
 -0.4825  -0.2488   0.0864   0.2769  -0.1545   0.0845
 -0.4525  -0.5197   0.1829   0.4571  -0.1012   0.0683
 -0.5020  -1.9544   0.6088   1.3255   0.1224   0.2550
 -0.4788  -2.1924   0.5545   1.4835   0.1178   0.2447
 -0.6214  -1.9252   0.4336   1.2670  -0.0141   0.2070
 -0.6032  -1.6884   0.2834   1.0972  -0.0688   0.1432
 -0.4677  -1.6546   0.2315   1.1092  -0.0282   0.1677
 -0.4514  -2.6170   0.4747   1.8032   0.1140   0.3977
 -0.4566  -2.7472   0.4007   1.7631   0.0875   0.3033
 -0.5160  -2.5467   0.3195   1.6468   0.0000   0.3003
 -0.4708  -1.9729   0.1132   1.2072  -0.0519   0.1306
  0.0348  -0.6789   0.1349   0.5732   0.2026   0.1483
 -0.1419  -0.8166   0.2533   0.5392  -0.0047   0.0169
 -0.2637  -1.1581   0.3015   0.7507  -0.0748   0.1228
 -0.2332  -1.1385   0.2425   0.7501  -0.0661   0.0938
  0.0074  -1.1682   0.0873   0.8141   0.0300   0.1671
 -0.0048  -1.3069  -0.1052   0.9310  -0.0102   0.1071
  0.0928  -1.2866  -0.2165   0.9106   0.0226   0.1041
  0.0811  -1.1679  -0.2096   0.8133   0.0208   0.1129
  0.0647  -0.0814  -0.2001   0.0107  -0.0294  -0.0340
  0.1185   0.7500  -0.2594  -0.4931  -0.0479  -0.0213
  0.0886   0.6564  -0.2666  -0.4259  -0.0543  -0.0019
  0.0876   0.6817  -0.2874  -0.4405  -0.0665   0.0062
 -0.0819   0.4618  -0.3102  -0.3571  -0.1616   0.0173
 -0.0692   0.4885  -0.3053  -0.3381  -0.1554  -0.0202
  0.0371   0.5948  -0.2900  -0.4440  -0.0937  -0.0434
  0.0522   0.6973  -0.2380  -0.4929  -0.0973  -0.1096
 -0.0207   0.6227  -0.2537  -0.4430  -0.1543  -0.0229
 -0.0769  -0.0181  -0.1845   0.0241  -0.0895   0.0573
 -0.0219  -2.5686   0.0367   1.5097   0.0700   0.4352
  0.3980  -1.7763   0.0101   0.9348   0.2774   0.1529
  0.5517  -0.7581  -0.0280   0.3595   0.3220   0.0052
  0.5805   0.0666  -0.1435  -0.1675   0.3133   0.0421
  0.7034   0.1131  -0.0595  -0.1871   0.3945   0.0520
  0.6559   0.8713  -0.1532  -0.5178   0.3625  -0.0549
  0.6855   0.9798  -0.2217  -0.5768   0.3268   0.0456
  0.7214   0.9736  -0.2510  -0.5566   0.3224  -0.0470
  0.9603   2.2485  -0.4643  -1.2118   0.3902  -0.1662
  0.7577   2.5321  -0.5042  -1.2906   0.3313  -0.0223
  0.6271   2.8865  -0.2855  -1.4635   0.1707  -0.2540
  0.7353   1.5614  -0.2197  -0.8355   0.3541  -0.0295
  0.1368   0.6086  -0.0436  -0.3500   0.0749   0.0017
 -0.0355   0.2573  -0.0309  -0.1464  -0.1397   0.0541
 -0.1096  -1.3493   0.4619   0.7926   0.0959   0.2122
 -0.2273  -1.2322   0.4946   0.7006   0.0098   0.1808
 -0.3573  -1.1154   0.5907   0.6438  -0.1100   0.1702
 -0.5935  -0.3736   0.8685   0.3908  -0.0676  -0.0530
 -0.2137  -1.4911   0.8731   1.0582   0.1976   0.4074
 -0.3578  -1.7296   0.7051   1.0773  -0.0046   0.1634
 -0.4913  -1.6817   0.6698   1.1087  -0.1232   0.0116
 -0.1657   0.6748  -0.2550  -0.4275  -0.2538  -0.0017
 -0.2104   0.3667  -0.1417  -0.1945  -0.2421   0.0517
 -0.2764   0.2085  -0.0768  -0.0938  -0.2586   0.0434
 -0.2504  -0.0598   0.0996   0.0617  -0.1989   0.0190
 -0.2452  -0.1615  -0.0200   0.0957  -0.2437   0.0054
 -0.2458  -0.2357  -0.0543   0.1466  -0.2441   0.0169
 -0.2878  -0.3135   0.0198   0.2205  -0.2590   0.0260
 -0.3225  -0.3938   0.0673   0.2642  -0.2795   0.0300
 -0.3839  -0.4563   0.0411   0.2820  -0.3292   0.0152
 -0.0382  -1.0544  -0.1098   0.7341  -0.0793   0.0813
 -0.0543  -1.0278  -0.1104   0.4535  -0.1556  -0.2091
  0.0390   0.6028  -0.2491  -0.3589  -0.1158   0.1502
 -0.2753  -2.0022   0.5505   1.0976  -0.0210   0.1941
  0.0165  -0.2127   0.1572   0.0199  -0.0729  -0.0810
  0.3566  -0.2405   0.1489  -0.0376   0.0677  -0.1552
  0.4504  -0.0471  -0.1001  -0.0098   0.1983   0.0497
  0.1994  -0.8530   0.3222   0.5722   0.1187  -0.2620
  0.4768   2.2091  -0.2023  -1.2562   0.2217  -0.1048
  0.6424   3.0401   0.3643  -1.6861   0.2120  -0.0403
  0.3523   0.4611   0.1251  -0.2020   0.2785   0.3023
  0.2483   0.0217  -0.0416  -0.1793   0.1249  -0.0239
  0.3040   0.2358  -0.0647  -0.3134   0.1511  -0.0348
  0.3734   0.2722  -0.0556  -0.3354   0.1944  -0.0118
  0.3307   0.2489  -0.0637  -0.3156   0.1744   0.0089
  0.2988   0.1921  -0.0884  -0.2743   0.1396  -0.0139
  0.2625   0.1687  -0.0969  -0.2655   0.1173  -0.0218
  0.2573   0.1752  -0.1241  -0.2768   0.1189  -0.0126
  0.2097   0.1859  -0.1788  -0.2964   0.0585  -0.0396
  0.1758   0.1972  -0.1769  -0.3029   0.0367  -0.0443
  0.1943   0.1363  -0.1751  -0.2537   0.0450  -0.0303
  0.1582   0.0933  -0.1918  -0.2311   0.0397  -0.0113
  0.1122   0.0157  -0.1907  -0.1838   0.0230   0.0086
  0.1099   0.0026  -0.1878  -0.1417   0.0254   0.0216
  0.1024  -0.0151  -0.2069  -0.1313   0.0174   0.0118
  0.0887  -0.0996  -0.2212  -0.0936   0.0145   0.0242
  0.0868  -0.2191  -0.2306  -0.0123   0.0259   0.0129
  0.0526  -0.2336  -0.2413   0.0166   0.0130   0.0367
  0.0046  -0.2716  -0.2279   0.0505  -0.0224   0.0288
 -0.0140  -0.2833  -0.1836   0.0697  -0.0218   0.0447
 -0.0281  -0.3149  -0.1807   0.1001  -0.0347   0.0507
 -0.0627  -0.3602  -0.1748   0.1412  -0.0478   0.0762
 -0.1228  -0.3938  -0.1742   0.1695  -0.0790   0.0799
 -0.1703  -0.4232  -0.1805   0.1913  -0.1153   0.0673
 -0.2236  -0.4415  -0.1990   0.1970  -0.1567   0.0742
 -0.3055  -0.4592  -0.2242   0.1809  -0.2413   0.0464
 -0.3204  -0.4185  -0.2346   0.1531  -0.2760   0.0398
 -0.3567  -0.3942  -0.1883   0.1916  -0.3315  -0.0041
 -0.4055  -0.4804  -0.1654   0.2872  -0.3580  -0.0101
 -0.3883  -0.5702  -0.1225   0.3579  -0.3273   0.0459
