 -0.0072  -0.4597   0.0301   0.2224   0.0652   0.1163
 -0.0057  -0.4289   0.0333   0.2230   0.0629   0.1210
  0.0027  -0.3839   0.0381   0.2507   0.0617   0.1052
  0.0101  -0.3621   0.0402   0.2702   0.0642   0.0660
 -0.0048  -0.4162   0.0413   0.3025   0.0663   0.0083
 -0.0082  -0.4128   0.0310   0.2789   0.0544   0.0523
 -0.0065  -0.3776   0.0314   0.2877   0.0558   0.0654
  0.0042  -0.3731   0.0355   0.2978   0.0599   0.0299
  0.0066  -0.3884   0.0322   0.3051   0.0596   0.0305
 -0.0092  -0.4324   0.0323   0.2904   0.0646  -0.0257
 -0.0106  -0.3983   0.0299   0.2723   0.0601   0.0548
  0.0043  -0.3674   0.0320   0.2691   0.0575   0.0461
  0.0010  -0.3726   0.0244   0.2792   0.0567   0.0393
 -0.0144  -0.4091   0.0262   0.2380   0.0552  -0.0017
 -0.0113  -0.3726   0.0240   0.2380   0.0550   0.0884
  0.0036  -0.3527   0.0264   0.2648   0.0560   0.0448
 -0.0054  -0.3847   0.0312   0.2781   0.0587  -0.0061
 -0.0164  -0.4373   0.0212   0.2602   0.0486   0.0060
 -0.0134  -0.3907   0.0180   0.2701   0.0488   0.1296
 -0.0069  -0.3815   0.0217   0.3007   0.0508   0.0333
 -0.0180  -0.4101   0.0205   0.2697   0.0513   0.0077
 -0.0034  -0.3942   0.0189   0.2436   0.0504   0.1245
  0.0043  -0.3627   0.0250   0.2657   0.0564   0.0748
 -0.0087  -0.3995   0.0096   0.2587   0.0533   0.0101
 -0.0078  -0.3536   0.0077   0.2291   0.0556   0.1422
  0.0377  -0.3665   0.0309   0.2384   0.0716   0.0766
  0.0293  -0.3534   0.0286   0.2530   0.0737  -0.0121
  0.0233  -0.3453   0.0316   0.2511   0.0760  -0.0070
  0.0142  -0.3866   0.0263   0.2697   0.0777  -0.0414
  0.0093  -0.3776   0.0233   0.2452   0.0668   0.0031
  0.0186  -0.3424   0.0215   0.2564   0.0664   0.0618
  0.0181  -0.3347   0.0167   0.2628   0.0601   0.0525
  0.0113  -0.3685   0.0224   0.2726   0.0640  -0.0099
  0.0012  -0.4053   0.0198   0.2376   0.0625  -0.0161
  0.0125  -0.3437   0.0222   0.2359   0.0599   0.0798
  0.0112  -0.3275   0.0266   0.2415   0.0606   0.0175
  0.0052  -0.3823   0.0271   0.2635   0.0658  -0.0652
 -0.0031  -0.4361   0.0118   0.2344   0.0645  -0.0102
 -0.0152  -0.3794   0.0015   0.2002   0.0464   0.1230
 -0.0019  -0.3409   0.0127   0.2393   0.0497   0.0709
  0.0130  -0.3192   0.0165   0.2324   0.0594   0.0495
  0.0162  -0.3218   0.0151   0.2548   0.0603   0.0419
  0.0120  -0.3255   0.0096   0.2685   0.0612  -0.0014
  0.0048  -0.3447   0.0037   0.2556   0.0579  -0.0228
  0.0053  -0.3058   0.0039   0.2262   0.0521   0.0860
  0.0140  -0.2941   0.0124   0.2426   0.0526   0.0611
  0.0166  -0.2965   0.0142   0.2311   0.0508   0.0411
  0.0137  -0.3021   0.0181   0.2255   0.0512   0.0607
 -0.0003  -0.3361   0.0180   0.2564   0.0502   0.0017
 -0.0057  -0.3391   0.0149   0.2306   0.0454   0.0350
 -0.0011  -0.2978   0.0152   0.2080   0.0378   0.1306
  0.0068  -0.2883   0.0169   0.2202   0.0375   0.0813
  0.0092  -0.2914   0.0157   0.2182   0.0390   0.0582
  0.0076  -0.2839   0.0165   0.2084   0.0379   0.0930
  0.0032  -0.3214   0.0220   0.2367   0.0472  -0.0055
 -0.0013  -0.3267   0.0154   0.2003   0.0441   0.0245
  0.0019  -0.2776   0.0193   0.1964   0.0374   0.0917
 -0.0009  -0.2904   0.0185   0.2047   0.0377   0.0188
 -0.0031  -0.3270   0.0172   0.2028   0.0459  -0.0212
  0.0024  -0.3081   0.0148   0.1770   0.0490   0.0595
  0.0145  -0.2794   0.0198   0.1880   0.0541   0.0475
 -0.0047  -0.3248   0.0173   0.2109   0.0573  -0.0472
 -0.0068  -0.3106   0.0127   0.1784   0.0489   0.0457
 -0.0040  -0.2517   0.0181   0.1544   0.0351   0.0884
 -0.0031  -0.2607   0.0200   0.1851   0.0425   0.0002
 -0.0040  -0.2680   0.0101   0.1484   0.0425  -0.0045
  0.0074  -0.2442   0.0023   0.1699   0.0430   0.1486
  0.0317  -0.2465   0.0145   0.1943   0.0656   0.0700
  0.0341  -0.2648   0.0182   0.1964   0.0593  -0.0267
  0.0201  -0.2690   0.0174   0.1963   0.0556   0.0275
  0.0057  -0.2999   0.0242   0.1785   0.0545  -0.0316
  0.0086  -0.2695   0.0249   0.1520   0.0493   0.0620
  0.0171  -0.2607   0.0242   0.1773   0.0486   0.0327
  0.0138  -0.2439   0.0195   0.1751   0.0428   0.0067
  0.0108  -0.2562   0.0201   0.1945   0.0443  -0.0067
  0.0037  -0.3046   0.0153   0.1922   0.0444  -0.0440
  0.0114  -0.2504   0.0177   0.1850   0.0425   0.0703
  0.0171  -0.2378   0.0115   0.2087   0.0415   0.0433
  0.0153  -0.2559   0.0217   0.2123   0.0431   0.0062
  0.0161  -0.3185   0.0093   0.2117   0.0390  -0.0218
  0.0130  -0.2689   0.0118   0.1768   0.0440   0.0584
  0.0170  -0.2283   0.0272   0.1811   0.0456   0.0314
  0.0144  -0.2535   0.0262   0.1950   0.0454   0.0035
  0.0058  -0.3078   0.0198   0.1886   0.0419  -0.0230
  0.0101  -0.2531   0.0217   0.1546   0.0466   0.0591
  0.0156  -0.2358   0.0241   0.1737   0.0436   0.0283
  0.0128  -0.2629   0.0265   0.1976   0.0460  -0.0374
  0.0058  -0.3028   0.0185   0.1711   0.0461  -0.0447
  0.0099  -0.2635   0.0113   0.1630   0.0410   0.0813
  0.0228  -0.2499   0.0116   0.1889   0.0385   0.0578
  0.0217  -0.2541   0.0114   0.2026   0.0439   0.0149
  0.0246  -0.2962   0.0006   0.2117   0.0325  -0.0114
  0.0250  -0.2682  -0.0102   0.1543   0.0319   0.0556
  0.0256  -0.1974   0.0034   0.1464   0.0369   0.1424
  0.0411  -0.1976   0.0023   0.1589   0.0430   0.0913
  0.0523  -0.1983   0.0071   0.1647   0.0392   0.0152
  0.0292  -0.2032   0.0090   0.1643   0.0289   0.0351
  0.0173  -0.2029   0.0018   0.1518   0.0360   0.0223
  0.0240  -0.1469   0.0033   0.1317   0.0370   0.1032
  0.0201  -0.1333   0.0030   0.1329   0.0283   0.0298
  0.0156  -0.1209   0.0024   0.1340   0.0259   0.0097
  0.0097  -0.0973  -0.0137   0.1345   0.0220  -0.0145
  0.0050  -0.0590  -0.0159   0.0775   0.0052   0.0828
  0.0088  -0.0833  -0.0052   0.1143   0.0096   0.0445
  0.0203  -0.1278   0.0024   0.1612   0.0230  -0.0364
  0.0192  -0.1743   0.0055   0.2021   0.0260  -0.0541
  0.0165  -0.1696   0.0007   0.1738   0.0224   0.0142
  0.0234  -0.1460   0.0032   0.1874   0.0235   0.0339
  0.0243  -0.1396   0.0090   0.1829   0.0247   0.0067
  0.0160  -0.1760   0.0074   0.1895   0.0220  -0.0107
  0.0086  -0.1567   0.0056   0.1342   0.0228   0.0043
  0.0122  -0.1257   0.0114   0.1354   0.0271   0.0439
  0.0066  -0.1266   0.0097   0.1354   0.0232  -0.0119
  0.0012  -0.1585   0.0125   0.1652   0.0354  -0.0680
  0.0034  -0.1329   0.0077   0.1130   0.0288   0.0090
  0.0066  -0.1118   0.0052   0.1271   0.0223   0.0612
  0.0052  -0.1127   0.0078   0.1436   0.0230  -0.0023
 -0.0022  -0.1606   0.0119   0.1653   0.0287  -0.0720
 -0.0112  -0.1390   0.0041   0.1191   0.0145  -0.0003
 -0.0094  -0.0914   0.0048   0.1272   0.0105   0.0559
 -0.0080  -0.1027   0.0139   0.1452   0.0133  -0.0186
 -0.0061  -0.1412   0.0039   0.1312   0.0091  -0.0086
 -0.0086  -0.0998   0.0074   0.1057   0.0089   0.0722
 -0.0082  -0.0931   0.0091   0.1215   0.0114  -0.0030
 -0.0084  -0.1276   0.0076   0.1246   0.0126  -0.0594
 -0.0100  -0.1117   0.0056   0.0947   0.0058   0.0373
 -0.0127  -0.0797   0.0092   0.1063   0.0046   0.0215
 -0.0103  -0.1090   0.0092   0.1218   0.0071  -0.0513
 -0.0111  -0.1108   0.0093   0.0957   0.0058  -0.0084
 -0.0097  -0.0735   0.0073   0.1026   0.0033   0.0282
 -0.0101  -0.0766   0.0038   0.1210   0.0010  -0.0051
 -0.0112  -0.1113   0.0054   0.1133   0.0064  -0.0417
 -0.0116  -0.0758   0.0041   0.0784   0.0059   0.0493
 -0.0070  -0.0543   0.0051   0.0998   0.0070   0.0398
 -0.0043  -0.0581   0.0052   0.1075   0.0088  -0.0127
 -0.0086  -0.0994   0.0126   0.1066   0.0117  -0.0502
 -0.0118  -0.0955   0.0100   0.0883   0.0106  -0.0025
 -0.0088  -0.0714   0.0066   0.1162   0.0052   0.0124
 -0.0040  -0.0723   0.0037   0.1237  -0.0006   0.0179
 -0.0103  -0.0488   0.0073   0.1035   0.0092  -0.0298
 -0.0146  -0.0994   0.0030   0.0672   0.0065  -0.0106
 -0.0032  -0.0662  -0.0005   0.1037   0.0020   0.0769
 -0.0003  -0.0496   0.0039   0.1101   0.0017   0.0190
 -0.0047  -0.0625   0.0053   0.1095   0.0025   0.0033
 -0.0092  -0.0893   0.0038   0.0803  -0.0003  -0.0098
 -0.0092  -0.0504   0.0009   0.0788  -0.0013   0.0727
 -0.0058  -0.0284   0.0075   0.0829   0.0031   0.0024
 -0.0063  -0.0344   0.0125   0.0722  -0.0007  -0.0223
 -0.0085  -0.0902   0.0138   0.0770  -0.0035  -0.0300
 -0.0022  -0.0663   0.0109   0.0822  -0.0045   0.0337
 -0.0017  -0.0402   0.0128   0.0792  -0.0064   0.0016
 -0.0064  -0.0568   0.0163   0.0959  -0.0064  -0.0154
 -0.0067  -0.0979   0.0153   0.0878  -0.0015  -0.0457
 -0.0082  -0.0695   0.0092   0.0728  -0.0053   0.0536
 -0.0043  -0.0547   0.0105   0.0922  -0.0067   0.0262
 -0.0040  -0.0582   0.0112   0.0961  -0.0027  -0.0144
 -0.0027  -0.0937   0.0113   0.0981   0.0004  -0.0588
 -0.0059  -0.0560   0.0090   0.0737  -0.0007   0.0287
 -0.0029  -0.0422   0.0113   0.0997  -0.0005   0.0215
 -0.0080  -0.0794   0.0090   0.1053   0.0020  -0.0540
 -0.0150  -0.0695   0.0048   0.0624  -0.0022   0.0328
 -0.0114  -0.0371   0.0040   0.0600  -0.0116   0.0606
 -0.0149  -0.0392   0.0178   0.0658  -0.0100  -0.0188
 -0.0194  -0.0605   0.0147   0.0333  -0.0094  -0.0728
 -0.0197  -0.0233   0.0124   0.0246  -0.0149   0.0352
 -0.0106  -0.0020   0.0187   0.0340  -0.0093  -0.0085
 -0.0179  -0.0390   0.0187   0.0527  -0.0114  -0.0525
 -0.0227  -0.0524   0.0108   0.0214  -0.0138  -0.0141
 -0.0146  -0.0096   0.0101   0.0170  -0.0136   0.0564
 -0.0109  -0.0053   0.0152   0.0400  -0.0128  -0.0178
 -0.0216  -0.0421   0.0155   0.0389  -0.0179  -0.0679
 -0.0215  -0.0346   0.0204   0.0158  -0.0170  -0.0084
 -0.0178  -0.0025   0.0222   0.0379  -0.0166  -0.0049
 -0.0152  -0.0093   0.0229   0.0448  -0.0165  -0.0576
 -0.0184  -0.0396   0.0203   0.0330  -0.0196  -0.0636
 -0.0156  -0.0006   0.0172   0.0049  -0.0188   0.0071
 -0.0096  -0.0000   0.0132   0.0344  -0.0165  -0.0062
 -0.0208  -0.0344   0.0168   0.0402  -0.0188  -0.0772
 -0.0229  -0.0323   0.0170  -0.0060  -0.0144  -0.0413
 -0.0174  -0.0060   0.0128   0.0158  -0.0111   0.0200
 -0.0098  -0.0159   0.0100   0.0382  -0.0106  -0.0135
 -0.0178  -0.0583   0.0148   0.0260  -0.0097  -0.0485
 -0.0207  -0.0447   0.0080   0.0045  -0.0113   0.0247
 -0.0126  -0.0211   0.0059   0.0309  -0.0153   0.0285
 -0.0132  -0.0143   0.0067   0.0277  -0.0082  -0.0128
 -0.0179  -0.0604   0.0126   0.0147  -0.0062  -0.0827
 -0.0188  -0.0335   0.0082   0.0047  -0.0063  -0.0108
 -0.0117  -0.0191   0.0080   0.0259  -0.0113   0.0068
 -0.0095  -0.0086   0.0087   0.0265  -0.0082  -0.0208
 -0.0186  -0.0388   0.0087   0.0346  -0.0068  -0.0810
 -0.0195  -0.0241   0.0074   0.0208  -0.0084  -0.0198
 -0.0133  -0.0018   0.0044   0.0309  -0.0115   0.0081
 -0.0088  -0.0038   0.0049   0.0263  -0.0096  -0.0071
 -0.0124  -0.0124   0.0108   0.0378  -0.0086  -0.0320
 -0.0135  -0.0526   0.0104   0.0421  -0.0073  -0.1064
 -0.0112  -0.0165   0.0101   0.0333  -0.0110   0.0005
 -0.0016   0.0040   0.0071   0.0429  -0.0135  -0.0005
  0.0019   0.0073   0.0114   0.0353  -0.0116  -0.0246
 -0.0045  -0.0233   0.0150   0.0523  -0.0102  -0.0677
 -0.0127  -0.0374   0.0144   0.0352  -0.0104  -0.0584
 -0.0028  -0.0069   0.0045   0.0475  -0.0187   0.0494
 -0.0052  -0.0049   0.0096   0.0442  -0.0190   0.0145
 -0.0067  -0.0513   0.0124   0.0561  -0.0111  -0.0823
 -0.0024  -0.0456   0.0059   0.0196  -0.0115   0.0398
  0.0022  -0.0017   0.0150   0.0299  -0.0021   0.0949
  0.0165  -0.0017   0.0209   0.0112   0.0009   0.0111
  0.0075  -0.0132   0.0102   0.0072  -0.0136   0.0188
 -0.0037  -0.0364   0.0156   0.0021  -0.0109  -0.0273
 -0.0084  -0.0283   0.0122  -0.0239  -0.0166   0.0404
  0.0011   0.0029   0.0159  -0.0008  -0.0155   0.0486
  0.0038   0.0041   0.0201   0.0140  -0.0149  -0.0036
  0.0014  -0.0210   0.0104   0.0267  -0.0169  -0.0260
 -0.0047  -0.0286   0.0126   0.0056  -0.0173  -0.0200
  0.0034   0.0033   0.0098   0.0210  -0.0187   0.0312
  0.0100   0.0142   0.0073   0.0177  -0.0184   0.0152
 -0.0012   0.0077   0.0187   0.0144  -0.0148  -0.0414
 -0.0060  -0.0177   0.0159  -0.0085  -0.0154  -0.0610
 -0.0025   0.0079   0.0169   0.0040  -0.0176   0.0397
  0.0066   0.0128   0.0158   0.0128  -0.0158   0.0042
  0.0021  -0.0167   0.0165   0.0234  -0.0185  -0.0123
 -0.0018  -0.0296   0.0101   0.0016  -0.0181  -0.0114
  0.0031  -0.0071   0.0113   0.0167  -0.0198   0.0470
  0.0014   0.0001   0.0110   0.0202  -0.0225   0.0160
 -0.0058  -0.0301   0.0161   0.0100  -0.0223  -0.0417
 -0.0030  -0.0007   0.0107  -0.0196  -0.0239   0.0550
  0.0042   0.0248   0.0100  -0.0092  -0.0211   0.0540
 -0.0003   0.0230   0.0180  -0.0128  -0.0166  -0.0331
 -0.0099  -0.0014   0.0236  -0.0408  -0.0174  -0.0610
 -0.0087   0.0265   0.0219  -0.0356  -0.0216   0.0275
 -0.0004   0.0187   0.0147  -0.0058  -0.0219   0.0003
 -0.0086  -0.0084   0.0211  -0.0224  -0.0187  -0.0480
 -0.0078   0.0106   0.0180  -0.0362  -0.0190   0.0014
  0.0002   0.0153   0.0203  -0.0187  -0.0186  -0.0053
 -0.0071  -0.0139   0.0224  -0.0120  -0.0197  -0.0531
 -0.0109   0.0074   0.0211  -0.0517  -0.0195  -0.0216
 -0.0011   0.0298   0.0166  -0.0371  -0.0182   0.0283
 -0.0097  -0.0224   0.0235  -0.0098  -0.0163  -0.0818
 -0.0087   0.0001   0.0171  -0.0720  -0.0317   0.0385
 -0.0027   0.1064   0.0152  -0.1066  -0.0296   0.0924
 -0.0007   0.1049   0.0197  -0.0860  -0.0209   0.0060
 -0.0130   0.0392   0.0212  -0.0697  -0.0194  -0.0855
 -0.0108   0.0444   0.0164  -0.0857  -0.0236   0.0056
 -0.0021   0.0596   0.0098  -0.0590  -0.0282   0.0422
 -0.0025   0.0525   0.0220  -0.0562  -0.0250  -0.0102
 -0.0089   0.0224   0.0171  -0.0661  -0.0342  -0.0235
 -0.0074   0.0769   0.0108  -0.0939  -0.0426   0.0683
 -0.0003   0.0876   0.0056  -0.0820  -0.0401   0.0565
 -0.0093   0.0584   0.0172  -0.0589  -0.0330  -0.0534
 -0.0154   0.0407   0.0209  -0.0910  -0.0308  -0.0451
 -0.0061   0.0797   0.0148  -0.0880  -0.0349   0.0355
 -0.0027   0.0845   0.0151  -0.0710  -0.0305  -0.0035
 -0.0141   0.0417   0.0157  -0.0556  -0.0283  -0.0749
 -0.0145   0.0505   0.0108  -0.0853  -0.0293  -0.0144
 -0.0025   0.0887   0.0072  -0.0777  -0.0283   0.0300
 -0.0039   0.0926   0.0165  -0.0525  -0.0214  -0.0517
  0.0046   0.0264   0.0056  -0.0349  -0.0230  -0.0564
  0.0136   0.0769  -0.0021  -0.0631  -0.0058   0.0583
  0.0370   0.0786   0.0212  -0.0876  -0.0027   0.0767
  0.0286   0.0960   0.0004  -0.0662  -0.0240  -0.0348
  0.0112   0.0769   0.0037  -0.0521  -0.0209  -0.0144
  0.0024   0.0517   0.0061  -0.0678  -0.0188  -0.0648
  0.0008   0.0811   0.0118  -0.0845  -0.0189   0.0379
  0.0129   0.0919   0.0096  -0.0590  -0.0199   0.0104
  0.0178   0.0855   0.0137  -0.0516  -0.0183  -0.0152
  0.0189   0.0909   0.0167  -0.0572  -0.0196  -0.0303
  0.0111   0.0590   0.0151  -0.0426  -0.0207  -0.0681
  0.0041   0.0656   0.0105  -0.0599  -0.0259  -0.0438
  0.0143   0.0938   0.0103  -0.0372  -0.0221  -0.0153
  0.0177   0.0968   0.0096  -0.0249  -0.0285  -0.0399
  0.0059   0.0806   0.0038  -0.0212  -0.0305  -0.0528
 -0.0082   0.0474  -0.0105  -0.0514  -0.0335  -0.0810
 -0.0070   0.0894  -0.0092  -0.0476  -0.0303   0.0236
  0.0035   0.1035  -0.0040  -0.0365  -0.0365   0.0069
  0.0040   0.0920  -0.0026  -0.0389  -0.0387   0.0056
 -0.0066   0.0494  -0.0064  -0.0489  -0.0388  -0.0324
 -0.0022   0.0707  -0.0108  -0.0675  -0.0431   0.0574
  0.0090   0.0943  -0.0046  -0.0421  -0.0388   0.0605
  0.0018   0.0743  -0.0062  -0.0324  -0.0368  -0.0046
 -0.0114   0.0324  -0.0054  -0.0371  -0.0371  -0.0536
 -0.0206   0.0442  -0.0240  -0.0959  -0.0422   0.0568
 -0.0142   0.0944  -0.0176  -0.1035  -0.0415   0.1335
  0.0005   0.1216  -0.0028  -0.0913  -0.0310   0.0221
  0.0074   0.0737   0.0081  -0.0651  -0.0182  -0.0739
  0.0237   0.0940   0.0161  -0.0670  -0.0049  -0.0848
  0.0124   0.1169   0.0053  -0.1180  -0.0158   0.1011
 -0.0089   0.1476   0.0047  -0.1396  -0.0163   0.0857
  0.0017   0.1621   0.0104  -0.1228  -0.0106   0.0344
  0.0032   0.1473   0.0054  -0.1043  -0.0042  -0.0233
  0.0030   0.1280   0.0016  -0.1038  -0.0064  -0.0263
  0.0077   0.1430   0.0035  -0.0912  -0.0056   0.0064
  0.0198   0.1535   0.0042  -0.0855  -0.0026  -0.0181
  0.0163   0.1419   0.0003  -0.0730  -0.0033  -0.0274
  0.0085   0.1393  -0.0022  -0.0944  -0.0039  -0.0425
  0.0086   0.1606  -0.0027  -0.0861  -0.0072  -0.0000
  0.0141   0.1642  -0.0001  -0.0688  -0.0081  -0.0325
  0.0129   0.1672   0.0018  -0.0703  -0.0107  -0.0341
  0.0077   0.1396  -0.0007  -0.0676  -0.0097  -0.0784
  0.0082   0.1752   0.0023  -0.1225  -0.0226   0.0039
  0.0075   0.1965   0.0006  -0.1431  -0.0314   0.0188
  0.0071   0.1922  -0.0016  -0.1333  -0.0319  -0.0083
 -0.0051   0.1472  -0.0036  -0.0997  -0.0265  -0.0728
  0.0036   0.2132  -0.0161  -0.1364  -0.0297  -0.0013
  0.0119   0.2284  -0.0157  -0.1230  -0.0208   0.0257
  0.0141   0.2200  -0.0125  -0.1164  -0.0190  -0.0345
  0.0144   0.2058  -0.0110  -0.1024  -0.0187  -0.0462
  0.0049   0.1617  -0.0072  -0.0934  -0.0236  -0.0848
  0.0011   0.1960  -0.0099  -0.1204  -0.0248   0.0125
  0.0067   0.2090  -0.0078  -0.1023  -0.0219  -0.0251
  0.0034   0.1960  -0.0065  -0.0921  -0.0228  -0.0545
 -0.0069   0.1670  -0.0082  -0.1120  -0.0268  -0.0630
 -0.0074   0.1905  -0.0055  -0.1178  -0.0292  -0.0034
 -0.0030   0.2085  -0.0051  -0.1373  -0.0395  -0.0027
 -0.0077   0.1808  -0.0010  -0.1202  -0.0413  -0.0183
 -0.0117   0.1505  -0.0042  -0.1236  -0.0400  -0.0813
 -0.0127   0.1939  -0.0071  -0.1431  -0.0411   0.0458
 -0.0055   0.2089  -0.0081  -0.1330  -0.0378   0.0056
 -0.0087   0.1841  -0.0061  -0.1346  -0.0369  -0.0139
 -0.0181   0.1535  -0.0014  -0.1548  -0.0257  -0.0800
 -0.0216   0.1857  -0.0036  -0.1729  -0.0296   0.0021
 -0.0124   0.2120  -0.0030  -0.1518  -0.0278  -0.0046
 -0.0087   0.2010  -0.0046  -0.1482  -0.0236  -0.0293
 -0.0162   0.1607  -0.0041  -0.1519  -0.0225  -0.0920
 -0.0101   0.2026  -0.0064  -0.2215  -0.0274   0.0006
 -0.0032   0.2450  -0.0096  -0.2450  -0.0312   0.0900
 -0.0106   0.1972  -0.0021  -0.1453  -0.0174  -0.1021
 -0.0161   0.1576  -0.0028  -0.1459  -0.0161  -0.1165
 -0.0188   0.2158  -0.0028  -0.1885  -0.0206   0.0324
 -0.0177   0.2279  -0.0005  -0.1726  -0.0245  -0.0093
 -0.0172   0.1788   0.0019  -0.1427  -0.0200  -0.1095
 -0.0188   0.1799   0.0028  -0.1515  -0.0183  -0.0744
 -0.0095   0.2122   0.0008  -0.1366  -0.0125  -0.0194
  0.0066   0.1528   0.0043  -0.1309  -0.0000  -0.0160
  0.0046   0.1881   0.0058  -0.1386  -0.0128  -0.1114
 -0.0024   0.1399  -0.0121  -0.1010  -0.0194  -0.0235
 -0.0076   0.1502  -0.0190  -0.1477  -0.0235   0.0135
 -0.0056   0.1835  -0.0155  -0.1497  -0.0267   0.0861
  0.0026   0.1942  -0.0130  -0.1464  -0.0262   0.0158
  0.0067   0.2038  -0.0157  -0.1406  -0.0262   0.0137
  0.0037   0.1859  -0.0132  -0.1206  -0.0255  -0.0450
 -0.0060   0.1579  -0.0154  -0.1461  -0.0234  -0.1200
 -0.0096   0.2033  -0.0124  -0.1651  -0.0234   0.0054
 -0.0001   0.2276  -0.0075  -0.1413  -0.0230  -0.0362
  0.0044   0.2280  -0.0065  -0.1536  -0.0243  -0.0348
  0.0001   0.2182  -0.0059  -0.1495  -0.0197  -0.0449
 -0.0159   0.1739  -0.0081  -0.1514  -0.0178  -0.1361
 -0.0225   0.1709  -0.0172  -0.2122  -0.0178  -0.0623
 -0.0110   0.2175  -0.0236  -0.1955  -0.0223   0.0718
  0.0001   0.2371  -0.0147  -0.1708  -0.0215  -0.0060
  0.0041   0.2398  -0.0134  -0.1824  -0.0207  -0.0156
  0.0019   0.2402  -0.0128  -0.1898  -0.0187  -0.0187
 -0.0011   0.1948  -0.0168  -0.1238  -0.0159  -0.1046
 -0.0056   0.1638  -0.0264  -0.1309  -0.0218  -0.0824
 -0.0079   0.2178  -0.0285  -0.1961  -0.0386   0.1013
 -0.0003   0.2376  -0.0229  -0.1851  -0.0354   0.0527
  0.0042   0.2394  -0.0131  -0.1881  -0.0263  -0.0112
  0.0047   0.2413  -0.0119  -0.2036  -0.0221  -0.0186
  0.0060   0.2437  -0.0172  -0.2178  -0.0201  -0.0123
 -0.0067   0.1986  -0.0285  -0.1698  -0.0294  -0.0437
 -0.0102   0.1803  -0.0328  -0.1842  -0.0338  -0.0325
 -0.0098   0.2424  -0.0325  -0.1781  -0.0355   0.0762
 -0.0040   0.2507  -0.0294  -0.1687  -0.0366   0.0189
 -0.0033   0.2471  -0.0284  -0.1692  -0.0364   0.0198
 -0.0018   0.2449  -0.0316  -0.1727  -0.0389   0.0205
 -0.0058   0.2192  -0.0335  -0.1391  -0.0368  -0.0152
 -0.0024   0.1784  -0.0355  -0.0870  -0.0353  -0.0973
  0.0220   0.1781  -0.0263  -0.0406  -0.0264  -0.0870
 -0.0002   0.2267  -0.0227  -0.1121  -0.0246  -0.0004
 -0.0020   0.2504  -0.0185  -0.1301  -0.0193  -0.0136
  0.0230   0.2789  -0.0134  -0.1959  -0.0016   0.0366
  0.0288   0.2506  -0.0481  -0.2041   0.0049  -0.0197
  0.0225   0.2529  -0.0534  -0.2064  -0.0024   0.0274
  0.0107   0.2537  -0.0440  -0.2073  -0.0004  -0.0100
  0.0002   0.2235  -0.0356  -0.2059  -0.0097  -0.0732
  0.0118   0.2520  -0.0383  -0.2246  -0.0168   0.0584
  0.0143   0.2523  -0.0389  -0.2058  -0.0154   0.0334
  0.0123   0.2606  -0.0402  -0.2084  -0.0155   0.0231
  0.0010   0.2249  -0.0456  -0.1786  -0.0151  -0.0062
 -0.0026   0.2197  -0.0484  -0.1979  -0.0159  -0.0087
  0.0105   0.2869  -0.0414  -0.2608  -0.0258   0.0788
 -0.0041   0.2538  -0.0381  -0.2020  -0.0305   0.0163
  0.0047   0.2000  -0.0377  -0.1158  -0.0248  -0.1064
 -0.0103   0.2349  -0.0491  -0.1935  -0.0237   0.0269
 -0.0022   0.2977  -0.0269  -0.2507  -0.0237   0.0521
  0.0002   0.2740  -0.0315  -0.2484  -0.0273   0.0161
  0.0019   0.2614  -0.0339  -0.2488  -0.0238   0.0382
 -0.0075   0.2349  -0.0392  -0.2041  -0.0187  -0.0176
 -0.0138   0.2233  -0.0407  -0.2188  -0.0262  -0.0370
 -0.0037   0.2601  -0.0387  -0.2180  -0.0258   0.0849
  0.0063   0.2589  -0.0422  -0.2072  -0.0191   0.0480
  0.0306   0.2125  -0.0486  -0.2413   0.0044   0.0358
  0.0166   0.2489  -0.0584  -0.2450  -0.0048   0.0180
  0.0055   0.2555  -0.0474  -0.2602  -0.0199   0.0690
 -0.0035   0.2289  -0.0499  -0.2175  -0.0162  -0.0032
 -0.0027   0.2648  -0.0426  -0.2840  -0.0208  -0.0123
  0.0138   0.3029  -0.0406  -0.2550  -0.0176   0.0795
  0.0123   0.3027  -0.0391  -0.2491  -0.0156   0.0113
  0.0064   0.3031  -0.0372  -0.2503  -0.0095  -0.0293
 -0.0039   0.2387  -0.0415  -0.2116  -0.0068  -0.1056
 -0.0104   0.2426  -0.0445  -0.2489  -0.0173  -0.0269
 -0.0018   0.2905  -0.0413  -0.2411  -0.0149   0.0453
  0.0063   0.2958  -0.0383  -0.2465  -0.0115   0.0117
  0.0023   0.2948  -0.0407  -0.2608  -0.0121  -0.0070
 -0.0029   0.2510  -0.0448  -0.2020  -0.0066  -0.0698
 -0.0054   0.2238  -0.0485  -0.2368  -0.0108  -0.0797
 -0.0080   0.2740  -0.0459  -0.2411  -0.0174   0.0520
  0.0020   0.2918  -0.0388  -0.2432  -0.0158   0.0133
 -0.0015   0.2783  -0.0394  -0.2441  -0.0195  -0.0107
 -0.0070   0.2320  -0.0446  -0.2269  -0.0205  -0.0609
 -0.0097   0.2724  -0.0402  -0.2626  -0.0217   0.0067
  0.0003   0.2804  -0.0386  -0.2385  -0.0183  -0.0074
  0.0050   0.2795  -0.0396  -0.2361  -0.0180  -0.0186
  0.0015   0.2632  -0.0372  -0.2150  -0.0165  -0.0533
 -0.0072   0.2420  -0.0407  -0.2446  -0.0236  -0.0836
 -0.0048   0.2845  -0.0392  -0.2681  -0.0263   0.0386
  0.0012   0.2969  -0.0343  -0.2530  -0.0215  -0.0152
 -0.0023   0.2629  -0.0293  -0.2341  -0.0190  -0.0738
 -0.0110   0.2462  -0.0327  -0.2596  -0.0209  -0.0595
 -0.0126   0.2883  -0.0327  -0.2534  -0.0277   0.0334
 -0.0067   0.2930  -0.0326  -0.2456  -0.0285  -0.0090
 -0.0150   0.2611  -0.0367  -0.2569  -0.0250  -0.0547
 -0.0187   0.2598  -0.0388  -0.2736  -0.0282   0.0080
 -0.0095   0.2820  -0.0310  -0.2472  -0.0296  -0.0034
 -0.0071   0.2929  -0.0375  -0.2524  -0.0304   0.0108
 -0.0095   0.2534  -0.0315  -0.2327  -0.0221  -0.0790
 -0.0140   0.2544  -0.0351  -0.2539  -0.0262  -0.0616
 -0.0183   0.3004  -0.0297  -0.2614  -0.0333   0.0597
 -0.0133   0.3132  -0.0324  -0.2651  -0.0344   0.0060
 -0.0156   0.2736  -0.0277  -0.2559  -0.0314  -0.0471
 -0.0199   0.2770  -0.0329  -0.2915  -0.0370   0.0032
 -0.0135   0.3138  -0.0342  -0.2891  -0.0328   0.0248
 -0.0098   0.3144  -0.0328  -0.2777  -0.0260  -0.0154
 -0.0115   0.2741  -0.0313  -0.2588  -0.0259  -0.0761
 -0.0189   0.2824  -0.0361  -0.2790  -0.0321  -0.0352
