 -0.2059  -0.9432   0.0939   0.6290  -0.0405   0.5161
 -0.1026  -0.8728   0.0531   0.7117  -0.0817   0.3286
 -0.0778  -0.8367   0.0250   0.7011  -0.0835   0.2632
 -0.0751  -0.7827  -0.0010   0.7138  -0.0841   0.2457
 -0.0883  -0.7934  -0.0060   0.6904  -0.0942   0.2478
 -0.0810  -0.8110  -0.0117   0.6558  -0.0949   0.2507
 -0.0437  -0.7765  -0.0260   0.5975  -0.0810   0.2534
 -0.0456  -0.7629  -0.0287   0.5990  -0.0931   0.2382
 -0.0791  -0.7121  -0.0867   0.5795  -0.1319   0.2394
 -0.0649  -0.6403  -0.0505   0.6131  -0.1191   0.2125
 -0.0776  -0.6159  -0.0540   0.6298  -0.0974   0.1963
 -0.0021  -0.6002  -0.0254   0.6218  -0.0917   0.1638
  0.0146  -0.5733  -0.0294   0.6222  -0.0610   0.1461
 -0.0426  -0.5537  -0.0419   0.5954  -0.0495   0.1283
 -0.0664  -0.5192   0.0124   0.6679  -0.0824   0.0886
 -0.0431  -0.4793  -0.0706   0.6245  -0.0768   0.0770
 -0.0635  -0.4602  -0.0770   0.6160  -0.0825   0.0854
 -0.0232  -0.4132  -0.0741   0.6690  -0.1080   0.0622
 -0.0589  -0.3907  -0.0953   0.6703  -0.1164   0.0392
 -0.0540  -0.4000  -0.0861   0.6504  -0.0774   0.0428
 -0.0469  -0.3840  -0.0520   0.6439  -0.1163   0.0300
 -0.0600  -0.4082  -0.0652   0.6545  -0.1106   0.0246
 -0.0694  -0.4529  -0.0988   0.6059  -0.0756   0.0381
 -0.1643  -0.4470  -0.1505   0.5597  -0.1625   0.0452
 -0.2046  -0.4536  -0.1636   0.5929  -0.1709   0.0571
 -0.2223  -0.5000  -0.1946   0.5658  -0.1576   0.0819
 -0.2141  -0.4880  -0.1815   0.5431  -0.1701   0.0749
 -0.1687  -0.4447  -0.1647   0.5508  -0.1594   0.0598
 -0.1510  -0.4209  -0.1368   0.5432  -0.1210   0.0627
 -0.1208  -0.3507  -0.0817   0.4792  -0.1221   0.0399
 -0.1234  -0.3265  -0.1226   0.4714  -0.1197   0.0483
 -0.1281  -0.3242  -0.1343   0.5165  -0.0946   0.0340
 -0.1057  -0.3507  -0.0938   0.5424  -0.0913   0.0300
 -0.0855  -0.3349  -0.1164   0.5455  -0.1018   0.0171
 -0.1424  -0.3506  -0.1324   0.5236  -0.0927   0.0313
 -0.1183  -0.2926  -0.0907   0.4626  -0.0711   0.0277
 -0.1312  -0.2487  -0.1044   0.4366  -0.0980   0.0461
 -0.1676  -0.2658  -0.1658   0.3627  -0.1009   0.0392
 -0.1956  -0.2773  -0.1938   0.3900  -0.1567   0.0323
 -0.1707  -0.2369  -0.1593   0.3662  -0.0766   0.0253
 -0.1473  -0.2244  -0.1172   0.4024  -0.1069   0.0074
 -0.1391  -0.2406  -0.1485   0.3882  -0.0730   0.0062
 -0.1348  -0.2084  -0.1129   0.3750  -0.0777   0.0084
 -0.1365  -0.2014  -0.1355   0.3826  -0.0903  -0.0046
 -0.1429  -0.1932  -0.1159   0.3807  -0.0598  -0.0039
 -0.1509  -0.2159  -0.0583   0.4270  -0.0968  -0.0120
 -0.1584  -0.2041  -0.0449   0.4094  -0.0533  -0.0161
 -0.1550  -0.1997  -0.0638   0.3905  -0.0508  -0.0136
 -0.1256  -0.1772  -0.0654   0.3488  -0.0579  -0.0057
 -0.1254  -0.1396  -0.0292   0.3439  -0.0421  -0.0089
 -0.1185  -0.1499  -0.0056   0.3419  -0.0177  -0.0007
 -0.0809  -0.1748   0.0154   0.3629  -0.0365  -0.0211
 -0.0866  -0.1907   0.0008   0.3931  -0.0296  -0.0295
 -0.0858  -0.2064  -0.0116   0.3461  -0.0144  -0.0084
 -0.1037  -0.1935  -0.0167   0.3406  -0.0160  -0.0012
 -0.1056  -0.1951   0.0023   0.3378  -0.0320  -0.0099
 -0.1136  -0.1348  -0.0226   0.3002   0.0007   0.0054
 -0.1014  -0.0788   0.0470   0.2899  -0.0427  -0.0252
 -0.0725  -0.0217   0.0258   0.2871  -0.0044  -0.0458
 -0.0303  -0.0339   0.0025   0.2712   0.0164  -0.0406
 -0.0391  -0.0555  -0.0096   0.3176  -0.0045  -0.0492
 -0.0546  -0.0810  -0.0178   0.3052   0.0162  -0.0437
 -0.0423  -0.1035  -0.0017   0.3241  -0.0082  -0.0631
 -0.0331  -0.0761  -0.0538   0.2651  -0.0150  -0.0435
 -0.0368  -0.0789  -0.0671   0.2744   0.0115  -0.0291
 -0.0295  -0.1092  -0.0338   0.2819  -0.0392  -0.0611
 -0.0152  -0.0819  -0.0468   0.2848  -0.0040  -0.0641
 -0.0562  -0.1071  -0.1325   0.1332  -0.0421  -0.0059
 -0.0944  -0.1292  -0.1912   0.0663  -0.1025  -0.0088
 -0.0762  -0.0926  -0.1698   0.0747  -0.0689  -0.0134
 -0.0459  -0.0696  -0.1464   0.1123  -0.0619  -0.0405
 -0.0519  -0.0550  -0.1688   0.1068  -0.0304  -0.0428
 -0.0434  -0.0706  -0.1509   0.1015  -0.0618  -0.0387
 -0.0615  -0.0543  -0.1735   0.1108  -0.0713  -0.0416
 -0.0449  -0.0527  -0.1562   0.0634  -0.0355  -0.0293
 -0.0868  -0.0846  -0.1806   0.1048  -0.0879  -0.0441
 -0.0864  -0.1130  -0.1743   0.0839  -0.0708  -0.0246
 -0.1508  -0.2119  -0.1766   0.1157  -0.0397  -0.0107
 -0.1333  -0.3338  -0.1891   0.1723  -0.0766  -0.0181
 -0.0944  -0.2577  -0.2113   0.1100  -0.0832  -0.0136
 -0.0969  -0.2528  -0.2341   0.0564  -0.0729   0.0064
 -0.0832  -0.0923  -0.1951  -0.0283  -0.0503   0.0236
 -0.0821  -0.1486  -0.1541  -0.0342  -0.0649   0.0212
 -0.0838  -0.1507  -0.1918  -0.0113  -0.0900   0.0102
 -0.0759  -0.1560  -0.1989  -0.0912  -0.0772   0.0437
 -0.0688  -0.1461  -0.1829  -0.0728  -0.0799   0.0363
 -0.0600  -0.0804  -0.1822  -0.1469  -0.0207   0.0596
 -0.0540  -0.0612  -0.1343  -0.1783  -0.0580   0.0605
 -0.0510  -0.1086  -0.1230  -0.1851  -0.0366   0.0709
  0.0012  -0.1731  -0.1012  -0.1488  -0.0276   0.0500
 -0.0142  -0.1264  -0.1215  -0.1580  -0.0008   0.0608
 -0.0055  -0.1698  -0.0888  -0.1725  -0.0214   0.0698
  0.0074  -0.1305  -0.1088  -0.1595  -0.0117   0.0632
  0.0093  -0.0385  -0.1067  -0.2281   0.0105   0.0707
 -0.0271   0.0236  -0.0729  -0.2529  -0.0449   0.0602
 -0.0417  -0.0679  -0.0914  -0.2258  -0.0426   0.0642
  0.0223  -0.0696  -0.0312  -0.2533   0.0059   0.0656
  0.0428  -0.0840  -0.0219  -0.2118  -0.0211   0.0438
  0.0067  -0.1066  -0.0452  -0.2585  -0.0257   0.0673
  0.0125  -0.0597  -0.0253  -0.2988  -0.0274   0.0825
  0.0237  -0.0467  -0.0350  -0.2674  -0.0569   0.0622
  0.0150  -0.0353  -0.0617  -0.3149  -0.0427   0.0558
  0.0078   0.1647  -0.0565  -0.4105  -0.0100   0.0777
  0.0330   0.0738  -0.0111  -0.3245  -0.0527   0.0603
  0.0443   0.0855  -0.0060  -0.3459  -0.0287   0.0568
  0.0365   0.0983   0.0042  -0.3307  -0.0097   0.0423
  0.0527   0.0558   0.0232  -0.3211  -0.0175   0.0438
  0.0264  -0.0092   0.0210  -0.2652  -0.0137   0.0118
 -0.0037   0.0537  -0.0238  -0.2905   0.0328   0.0297
  0.0477   0.0720   0.0515  -0.2813   0.0086  -0.0031
  0.1081   0.1086   0.1392  -0.2558   0.0757  -0.0145
  0.1112   0.0790   0.0964  -0.2258   0.0374  -0.0078
  0.0709   0.0772   0.0533  -0.2677   0.0413   0.0047
  0.0661   0.0744   0.0884  -0.2609   0.0454   0.0280
  0.0683   0.0600   0.0584  -0.2410   0.0228   0.0033
  0.0673   0.0746   0.0721  -0.2793   0.0711   0.0218
  0.0666   0.0968   0.1025  -0.2643   0.0467  -0.0052
  0.0649   0.0911   0.1062  -0.2694   0.0580  -0.0036
  0.0659   0.1080   0.0945  -0.2272   0.0324  -0.0214
  0.0572   0.0791   0.0713  -0.2592   0.0414  -0.0170
  0.0432   0.1032   0.0772  -0.2702   0.0352  -0.0009
  0.0776   0.1015   0.0703  -0.2645   0.0250  -0.0195
  0.0752   0.1075   0.0856  -0.2633   0.0724  -0.0025
  0.0948   0.0778   0.0825  -0.2689   0.0195  -0.0142
  0.0828   0.0800   0.0687  -0.2626   0.0450  -0.0106
  0.0645   0.0855   0.0854  -0.3175   0.0675   0.0148
  0.0681   0.0791   0.0851  -0.2622   0.0374  -0.0060
  0.1004   0.0519   0.1049  -0.2744   0.0769  -0.0063
  0.0704   0.0038   0.0758  -0.2554   0.0617   0.0077
  0.0870   0.0217   0.0822  -0.2727   0.0407  -0.0009
  0.0716   0.0640   0.0673  -0.2938   0.0731   0.0165
  0.0787   0.0096   0.0780  -0.2847   0.0471   0.0118
  0.0766   0.0319   0.0745  -0.2812   0.0645   0.0158
  0.0717   0.0316   0.0769  -0.2821   0.0544   0.0084
  0.0741   0.0364   0.0700  -0.2368   0.0586  -0.0208
  0.0674   0.0801   0.0480  -0.2667   0.0720  -0.0230
  0.0705   0.1113   0.0656  -0.2665   0.0660  -0.0139
  0.1071   0.1019   0.0568  -0.2628   0.0512  -0.0326
  0.1065   0.1425   0.0579  -0.2683   0.0808  -0.0232
  0.1085   0.1276   0.0913  -0.3144   0.0702   0.0017
  0.1192   0.1423   0.0814  -0.2713   0.0690  -0.0135
  0.1315   0.1643   0.0784  -0.3019   0.0943  -0.0195
  0.1053   0.2223   0.0838  -0.2962   0.1170  -0.0244
  0.1108   0.2159   0.0756  -0.2695   0.1027  -0.0574
  0.0875   0.2560   0.0411  -0.2941   0.1247  -0.0315
  0.1242   0.2157   0.0564  -0.2617   0.0885  -0.0688
  0.0901   0.2342   0.0325  -0.2993   0.1101  -0.0485
  0.1061   0.2070   0.0543  -0.3175   0.0785  -0.0428
  0.1257   0.2212   0.0404  -0.3062   0.0983  -0.0496
  0.0832   0.2034   0.0217  -0.3244   0.0855  -0.0409
  0.0075   0.3020   0.0992  -0.3050   0.0038  -0.0582
  0.0426   0.4010   0.0901  -0.3898   0.0738  -0.0643
  0.0780   0.4740   0.1062  -0.4794   0.0792  -0.0574
  0.0992   0.4486   0.0976  -0.4655   0.1425  -0.0693
  0.1766   0.4370   0.0789  -0.4239   0.1608  -0.1643
  0.1517   0.3483   0.1274  -0.3675   0.1680  -0.0963
  0.1708   0.2705   0.1646  -0.3550   0.1610  -0.0828
  0.1788   0.3717   0.1241  -0.3940   0.1247  -0.0862
  0.1426   0.4632   0.1404  -0.4387   0.1559  -0.0877
  0.1495   0.4733   0.1465  -0.4674   0.1244  -0.0752
  0.0961   0.4563   0.2080  -0.4496   0.1027  -0.0797
  0.1611   0.4700   0.2028  -0.4121   0.1450  -0.0823
  0.1642   0.3962   0.2388  -0.3591   0.1448  -0.1628
  0.1018   0.9585   0.3742  -0.5717   0.1378  -0.1870
  0.2130   1.0611   0.2722  -0.5954   0.1464  -0.2387
  0.1431   1.0672   0.3530  -0.5998   0.1254  -0.2023
  0.1162  -0.0415   0.1882  -0.3058   0.1014  -0.0111
  0.1524   0.3835   0.1703  -0.4016   0.1309  -0.1404
  0.2067   1.2393   0.2748  -0.6956   0.2213  -0.2560
  0.2123   1.6608   0.3376  -0.9229   0.1684  -0.2934
  0.2091   1.5989   0.3712  -0.9070   0.1834  -0.2942
  0.2182   1.5180   0.3597  -0.8641   0.2058  -0.2774
  0.2543   1.3663   0.2975  -0.8518   0.1800  -0.2584
  0.2110   1.3187   0.3048  -0.8388   0.1857  -0.2450
  0.2351   1.4227   0.3535  -0.7960   0.1678  -0.2923
  0.2210   1.5304   0.3456  -0.8237   0.2393  -0.3122
  0.2598   1.5046   0.3446  -0.7535   0.2051  -0.3370
  0.2291   1.4753   0.3010  -0.8205   0.2050  -0.3167
  0.2582   1.4129   0.3325  -0.7707   0.2229  -0.3138
  0.2834   1.4110   0.2942  -0.7602   0.1978  -0.3309
