  0.5150  -0.9060   0.8104   1.2313   0.3475  -0.5427
  0.6523  -0.9043   0.9274   1.3700   0.4359  -0.5653
  0.6149  -0.9024   0.8414   1.3181   0.3833  -0.5759
  0.4733  -0.8551   0.8224   1.1990   0.3279  -0.4985
  0.4101  -0.5185   0.7739   1.0534   0.3416  -0.5686
  0.3875  -0.7295   0.6028   0.9793   0.3415  -0.3269
  0.3414  -0.6628   0.5453   0.8581   0.3187  -0.3011
  0.3295  -0.6494   0.4292   0.7528   0.2424  -0.2510
  0.3063  -0.6160   0.4270   0.6000   0.2068  -0.2421
  0.5606   0.7865   0.6981  -0.5880   0.3073  -0.1035
  0.6579   1.1661   0.7405  -0.6113   0.3410   0.2859
  0.5496   0.9217   0.6284  -0.6662   0.2727   0.4068
  0.5039   1.0740   0.6946  -0.6187   0.3578   0.1945
  0.5212   0.6817   0.6721  -0.1565   0.4334  -0.0345
  0.4344   0.8093   0.6156  -0.2356   0.2770   0.0105
  0.2716   0.7244   0.4820  -0.3725   0.1574   0.2829
  0.2955   0.7827   0.4520  -0.3957   0.1875   0.1487
  0.2360   0.9499   0.4748  -0.4662   0.1582  -0.0291
  0.1149   0.9225   0.4780  -0.4317   0.0994   0.0654
  0.1362   0.7590   0.4641  -0.4021   0.1142   0.0557
  0.1350   0.7104   0.4996  -0.4153   0.1314   0.1658
  0.0866   1.1951   0.7210  -0.6243   0.1485   0.2282
  0.0793   0.9612   0.5317  -0.7756   0.0866  -0.3947
 -0.0714   0.6015   0.3980  -0.7476  -0.0095   0.0526
 -0.0618   0.2686   0.3021  -0.4182   0.0179   0.3022
 -0.0447   0.2101   0.2656  -0.3564   0.0309   0.1685
 -0.0738   0.1494   0.2523  -0.3497   0.0229   0.2343
 -0.0412   0.1254   0.3080  -0.3523   0.0473  -0.0637
 -0.0044   0.1009   0.3278  -0.2979   0.0691   0.1976
 -0.0869   0.2055   0.3182  -0.3723   0.0220   0.1873
 -0.2538   0.0940   0.3136  -0.3023  -0.0443   0.2271
 -0.1261   0.0706   0.2551  -0.2705   0.0206   0.1606
 -0.1048   0.0738   0.2536  -0.2581   0.0178   0.1806
 -0.1043   0.0405   0.2889  -0.2097   0.0470   0.1198
 -0.1056   0.8846  -0.6545  -0.4042  -0.1165  -0.0787
 -0.0289   0.8239  -0.5342  -0.5575  -0.1213   0.2711
 -0.2476   0.6217  -0.5046  -0.0374  -0.1189  -0.4022
 -0.2050   0.1746  -0.3745  -0.2619  -0.1371   0.4282
 -0.1111  -0.0884  -0.4459  -0.0631  -0.0660   0.1542
 -0.1516   0.0732  -0.4003  -0.1093  -0.0685  -0.0347
 -0.3097   0.2989  -0.3450  -0.0388  -0.0941  -0.2298
 -0.2799   0.4636  -0.0950  -0.0228  -0.0107  -0.2503
 -0.1405   0.3598  -0.0156   0.5544   0.0736  -0.5908
  0.0421  -0.0114   0.0042   0.8390   0.1750  -0.4968
  0.4842  -0.2510   0.0522   0.7569   0.3621  -0.2221
  0.4499   0.1599   0.2389   0.4613   0.5351  -0.5238
  0.7885  -0.1510   0.0780   0.6874   0.4749  -0.3208
  0.2447  -0.6238  -0.2262  -0.2685   0.0652   0.7933
  0.3040  -0.4438  -0.0248   0.0588   0.1951   0.1117
  0.3533  -0.5423   0.0175   0.1934   0.1705   0.2232
  0.3613  -0.5275   0.0202   0.1644   0.1714   0.1589
  0.3792  -0.5611   0.0213   0.1572   0.1854   0.1884
  0.3494  -0.5739   0.0137   0.1540   0.1704   0.1862
  0.2879  -0.3983  -0.0438   0.0741   0.1561   0.1171
  0.2549  -0.4862  -0.0161   0.1258   0.1295   0.2251
  0.2867  -0.5142   0.0035   0.1217   0.1529   0.2185
  0.2508  -0.4520  -0.0184   0.0452   0.1217   0.2231
  0.2608  -0.4363  -0.0164   0.0557   0.1440   0.2250
  0.2492  -0.4813  -0.0154   0.1175   0.1487   0.1825
  0.2543  -0.5172  -0.0034   0.1009   0.1397   0.2237
  0.3540  -0.4682   0.0836   0.2379   0.1945   0.0170
  0.4393   0.1040  -0.9113   0.8682   0.0540  -0.8366
  0.3466  -0.4336  -0.6468   0.6248   0.0143  -0.0563
  0.3429  -0.5265  -0.5928   0.5203   0.0076  -0.0008
  0.1955  -0.6417  -0.5583   0.4914  -0.0452   0.0349
  0.0911  -0.3329  -0.4819   0.3334  -0.0631  -0.0593
  0.1477  -0.3126  -0.4298   0.2602  -0.0267  -0.0526
  0.0770  -0.3142  -0.4067   0.1221  -0.1004   0.1882
  0.1064  -0.2785  -0.3609  -0.0157  -0.0849   0.0606
  0.0080   0.2185  -0.1739  -0.1848  -0.0364  -0.2478
  0.0282   0.0848  -0.1436  -0.0923  -0.0270  -0.2261
  0.0405   0.0882  -0.1296  -0.0978  -0.0148  -0.0690
 -0.0052   0.0933  -0.1738  -0.1238  -0.0615  -0.0500
 -0.0339   0.0719  -0.1849  -0.1499  -0.0672   0.0950
 -0.0392   0.0636  -0.1797  -0.1006  -0.0627  -0.0633
 -0.1973   0.1276  -0.2250  -0.1829  -0.1504   0.0840
 -0.2323   0.1953  -0.1384  -0.1462  -0.1321  -0.0069
 -0.1624  -0.0838  -0.1190  -0.0418  -0.1534   0.0470
 -0.1109  -0.0917  -0.1743  -0.0484  -0.1317   0.0420
 -0.1165  -0.0420  -0.1621  -0.0986  -0.1286   0.0659
 -0.1441   0.0168  -0.1388  -0.1228  -0.1258  -0.0015
 -0.1480  -0.0214  -0.1288  -0.0210  -0.1197  -0.0007
 -0.1505   0.0196  -0.1569  -0.0513  -0.1282   0.0779
 -0.1996  -0.0875  -0.1351   0.0296  -0.1346  -0.0627
 -0.2212  -0.0286  -0.0901  -0.0592  -0.1354   0.1022
 -0.2267  -0.0764  -0.1615  -0.0503  -0.1667   0.0525
 -0.2955  -0.0795  -0.2146  -0.0352  -0.2150  -0.0292
 -0.2505  -0.1441  -0.2130  -0.1006  -0.2373   0.0843
 -0.2026  -0.2459  -0.1332   0.0357  -0.2260   0.0318
 -0.2544  -0.2709  -0.0778  -0.0084  -0.2522   0.0592
 -0.2143  -0.1399  -0.0969  -0.1344  -0.2469   0.1215
 -0.2479  -0.0875  -0.0880  -0.1978  -0.2649   0.1163
 -0.2302  -0.0829  -0.0525  -0.1554  -0.2430   0.0977
 -0.2535  -0.0050  -0.0580  -0.1907  -0.2008   0.0557
 -0.3166  -0.0718  -0.1134  -0.2413  -0.2482   0.2241
 -0.2847   0.0999  -0.1000  -0.2808  -0.2170   0.1447
 -0.2843   0.1237  -0.1083  -0.2866  -0.2083   0.1506
 -0.2968   0.1623  -0.1133  -0.2927  -0.2195   0.1530
 -0.3114   0.1526  -0.1250  -0.3043  -0.2218   0.1664
 -0.3367   0.0920  -0.1541  -0.3000  -0.2387   0.2145
 -0.3276   0.1457  -0.1731  -0.2910  -0.2223   0.1365
 -0.3125   0.1364  -0.1632  -0.2812  -0.2128   0.1850
 -0.3095   0.1846  -0.1581  -0.2959  -0.2083   0.1493
 -0.2564   0.3845  -0.1215  -0.3047  -0.1747  -0.2040
 -0.2818   0.3793  -0.1031  -0.1801  -0.1419  -0.0856
 -0.0989   0.0153  -0.0721   0.2376   0.0069  -0.2948
 -0.2661   0.0865  -0.1510   0.0652  -0.1333  -0.1640
 -0.3651   0.1167  -0.1944   0.0259  -0.1996  -0.1331
 -0.2844  -0.0855  -0.1985   0.1612  -0.1265  -0.1565
 -0.2965  -0.3353  -0.2374   0.3178  -0.1025  -0.2210
 -0.2827  -0.3881  -0.2748   0.2543  -0.1371  -0.1134
 -0.2833  -0.4038  -0.2587   0.2217  -0.1382  -0.0849
 -0.2799  -0.3483  -0.2420   0.1952  -0.1360  -0.0590
 -0.2222  -0.0432  -0.1428  -0.0223  -0.1396   0.0764
 -0.1949  -0.1304  -0.1774  -0.0200  -0.1408  -0.0987
 -0.4602  -0.0973  -0.1922  -0.1262  -0.2924   0.1203
 -0.3147  -0.0353  -0.1910  -0.0253  -0.1692  -0.0471
 -0.2684  -0.0436  -0.1646   0.0172  -0.1415  -0.0416
 -0.2713  -0.0090  -0.1709  -0.0142  -0.1411  -0.0204
 -0.2673  -0.0057  -0.1948  -0.0266  -0.1296  -0.0253
