 -0.0997   0.0784  -0.0484   0.4867  -0.0033   0.0758
 -0.0952   0.0526  -0.0575   0.6273   0.0465   0.0653
 -0.1005   0.0283  -0.0867   0.6450   0.0425   0.0576
 -0.0861   0.0219  -0.1187   0.6392   0.0376   0.0653
 -0.1158   0.0502  -0.0701   0.6203   0.0268   0.0897
 -0.0800   0.1149  -0.0750   0.5954   0.0615   0.0435
 -0.0709   0.1088  -0.0534   0.5625   0.0640   0.0495
 -0.0775   0.0990  -0.0697   0.6059   0.0094   0.0278
 -0.0849   0.0981  -0.0693   0.5806   0.0152   0.0405
 -0.0750   0.1197  -0.0526   0.5750   0.0279   0.0869
 -0.0801   0.0758  -0.0384   0.6443   0.0212   0.0608
 -0.0818   0.0517  -0.0710   0.6368   0.0217   0.0458
 -0.0728   0.0499  -0.0663   0.6580   0.0140   0.0951
 -0.0659   0.0285  -0.0579   0.6522   0.0310   0.0729
 -0.0736   0.0442  -0.0732   0.6693   0.0446   0.0341
 -0.0709   0.0387  -0.0707   0.6556   0.0515   0.0914
 -0.0688   0.0331  -0.0738   0.6464   0.0505   0.0762
 -0.0250   0.0305  -0.1308   0.6728   0.0614   0.0713
 -0.0368   0.0603  -0.1473   0.6073   0.0749   0.0838
 -0.0568   0.0451  -0.1141   0.6478   0.0533   0.0483
 -0.0528   0.0274  -0.0983   0.6940   0.0151   0.0666
 -0.0458   0.0416  -0.0777   0.6956   0.0085   0.0900
 -0.0622   0.0341  -0.0803   0.7116   0.0343   0.0634
 -0.0503   0.0431  -0.0731   0.6885   0.0291   0.1099
 -0.0330   0.0348  -0.0715   0.6791   0.0305   0.0804
 -0.0406   0.0370  -0.0801   0.6675   0.0367   0.0489
 -0.0401   0.0354  -0.0698   0.6850   0.0299   0.0699
 -0.0276   0.0465  -0.0667   0.6732   0.0347   0.1200
 -0.0290   0.0268  -0.0795   0.7124   0.0359   0.0561
 -0.0689   0.0786  -0.0612   0.6677   0.0189   0.0850
 -0.1419   0.1206   0.0165   0.5852   0.0144   0.1052
 -0.0748   0.0682  -0.0667   0.6228   0.1060   0.0425
 -0.0024  -0.1393  -0.0901   0.8463   0.0904   0.0006
 -0.0246  -0.0821  -0.0695   0.7707   0.0834   0.0725
 -0.0463  -0.0179  -0.0556   0.7762   0.0710   0.0801
 -0.0258  -0.0007  -0.0428   0.7432   0.0902   0.1011
 -0.0357  -0.0301  -0.0472   0.7637   0.0643   0.0719
 -0.0424  -0.0273  -0.0532   0.7690   0.0531   0.1074
 -0.0434  -0.0280  -0.0476   0.7343   0.0700   0.0893
 -0.0485  -0.0506  -0.0324   0.8063   0.0815   0.0628
 -0.0410  -0.0374  -0.0207   0.7813   0.0770   0.1215
 -0.0352  -0.0532  -0.0478   0.7813   0.0815   0.0785
 -0.0167  -0.0895  -0.0619   0.8325   0.0192   0.0780
 -0.0217  -0.0798  -0.0368   0.7880   0.0076   0.1251
 -0.0185  -0.0892  -0.0372   0.7997   0.0194   0.0763
 -0.0282  -0.0899  -0.0236   0.7586   0.0025   0.0836
 -0.0247  -0.0700  -0.0017   0.7169  -0.0154   0.1082
 -0.0304  -0.0744  -0.0008   0.7117  -0.0063   0.0469
 -0.0237  -0.0660   0.0106   0.7325   0.0203   0.0453
 -0.0313   0.0387   0.0265   0.6943  -0.0020   0.0518
  0.0055   0.0636   0.0465   0.6779   0.0462   0.0986
 -0.0024   0.0146   0.0258   0.5748   0.0190   0.0660
 -0.0124   0.0381   0.0039   0.6233   0.0091   0.0179
 -0.0065   0.0210   0.0145   0.6109   0.0120   0.0558
 -0.0086  -0.0257   0.0143   0.6601   0.0123   0.0351
 -0.0026  -0.0289   0.0256   0.6635  -0.0038   0.0601
 -0.0030  -0.0367   0.0269   0.6737   0.0016   0.0623
 -0.0140  -0.0601   0.0133   0.7433  -0.0168   0.0660
 -0.0037  -0.0388   0.0246   0.7245  -0.0021   0.1147
 -0.0051  -0.0730   0.0132   0.7427   0.0106   0.0636
 -0.0012  -0.0617   0.0012   0.7641   0.0299   0.0854
  0.0028  -0.0454   0.0098   0.7470   0.0410   0.1045
 -0.0000  -0.0530   0.0182   0.7214   0.0389   0.1001
 -0.0025  -0.0731   0.0051   0.7555   0.0248   0.0654
 -0.0023  -0.0611  -0.0146   0.7128   0.0070   0.0541
  0.0025  -0.0482   0.0119   0.7257   0.0100   0.1054
  0.0063  -0.0770   0.0040   0.7547   0.0020   0.0824
 -0.0125   0.0053   0.0136   0.7539  -0.0222   0.0717
 -0.0849   0.0569   0.1092   0.7052  -0.0337   0.1559
  0.0003  -0.0500   0.0698   0.7616   0.0242   0.0922
 -0.0654  -0.0475   0.0452   0.7806  -0.0385   0.1601
  0.0322  -0.0997   0.1586   0.8356   0.0600   0.1113
  0.4895  -0.0746  -0.8285   0.7820  -0.0128   0.1441
  0.4037   0.0800  -0.9295   0.7466   0.0066   0.0751
  0.1149   0.0212  -0.5737   0.7650  -0.1172   0.0446
  0.1223  -0.0658  -0.6852   0.8475  -0.1738   0.0796
  0.1461  -0.0664  -0.6088   0.7634  -0.0945   0.1677
  0.1146  -0.0276  -0.5771   0.7031  -0.0938   0.1298
  0.0638   0.0031  -0.5694   0.7374  -0.1396   0.1328
  0.0557  -0.0343  -0.5177   0.4871  -0.1328   0.1639
  0.0648   0.0261  -0.6063  -0.5241  -0.1315   0.0547
  0.0243   0.0284  -0.6669  -0.1121  -0.0841  -0.0148
 -0.0118  -0.1996  -0.6258   1.0199  -0.0924  -0.0155
 -0.0128   0.4106  -0.1970   1.5887   0.0232   0.3437
 -0.0272   0.7472  -0.0789   1.7468   0.1116   0.7294
 -0.0080   0.7736  -0.0599   0.3535   0.1119   0.8886
 -0.0167   0.3639  -0.1586   0.9694   0.1299   0.4922
 -0.1353   0.0945  -0.0497   1.2600   0.1310   0.9408
 -0.2417   1.0965   0.0008   0.6524  -0.2226   1.4756
 -0.0425   0.8608   0.0391   0.8848  -0.1668   1.0458
 -0.0537   0.5543   0.0825   0.3171  -0.3298   0.7605
 -0.0791   0.3232   0.1028   0.3336  -0.3502   0.5646
 -0.0940   0.3301   0.1928  -0.4483  -0.0367   0.0888
 -0.0591   0.5703   0.2759  -0.4256   0.2057   0.0757
 -0.0319   0.4542   0.2717  -0.5904   0.2907   0.0229
  0.0350   0.3802   0.1148  -0.5523   0.2790   0.0192
  0.0597   0.3079   0.0256  -0.5228   0.3017  -0.0076
  0.0609   0.2643   0.0555  -0.5025   0.3049   0.0330
  0.0540   0.2308   0.0480  -0.4745   0.3097  -0.0149
  0.0441   0.2058   0.0358  -0.4370   0.3173  -0.0252
  0.0384   0.2099   0.0340  -0.5380   0.2051  -0.0229
  0.0305   0.1284   0.1060  -0.8204   0.0540  -0.1079
 -0.0454   0.1352   0.0474  -0.9270  -0.0835  -0.0983
 -0.0171   0.0996  -0.0851  -0.9778  -0.1117  -0.0867
 -0.0857   0.1542  -0.1933  -0.9256  -0.1825  -0.0441
 -0.0883   0.0313  -0.1975  -0.9744   0.0106  -0.0197
 -0.0593   0.0288  -0.2300  -0.9183  -0.0116  -0.1151
 -0.0310  -0.0789  -0.2143  -0.8004  -0.0086  -0.0494
 -0.0203  -0.0995  -0.2032  -0.8133  -0.0038  -0.0621
 -0.0185  -0.1403  -0.1867  -0.7014  -0.0021  -0.1150
 -0.0373  -0.0660  -0.1428  -0.7287  -0.0028  -0.0411
 -0.0260  -0.0625  -0.0906  -0.7713  -0.0136  -0.0605
 -0.0495  -0.0697  -0.0755  -0.6332  -0.0341  -0.0359
 -0.0324  -0.0638  -0.0952  -0.6838  -0.0111   0.0027
 -0.0218  -0.0763  -0.1291  -0.7901   0.0221  -0.0602
 -0.0100  -0.0392  -0.0871  -0.7874   0.0134  -0.0971
 -0.0249   0.0289  -0.0352  -0.7756   0.0145  -0.1262
 -0.0158   0.1219   0.0032  -0.9877  -0.0037  -0.1480
 -0.0204   0.1663   0.0263  -0.9804   0.0118  -0.1223
 -0.0713   0.1629   0.0227  -0.9386  -0.0375  -0.1415
 -0.0533   0.1509   0.0551  -0.8897  -0.0415  -0.1421
 -0.0179   0.1588   0.0248  -0.8730  -0.0193  -0.1430
 -0.0220   0.2353   0.0449  -0.8859  -0.0224  -0.0867
 -0.0343   0.2577   0.0539  -0.9297  -0.0303  -0.1129
 -0.0363   0.2085   0.0469  -0.8722  -0.0372  -0.1030
 -0.0339   0.1793   0.0330  -0.8229  -0.0521  -0.0962
 -0.0248   0.2112   0.0331  -0.8415  -0.0579  -0.0656
  0.0047   0.1185   0.0319  -0.7893  -0.0663  -0.1171
  0.0062   0.1007   0.0768  -0.7553   0.0282  -0.0691
  0.0220   0.0858   0.0440  -0.7845   0.0124  -0.0876
 -0.0026   0.0682   0.0205  -0.7418  -0.0133  -0.1018
 -0.0035   0.1738   0.0294  -0.7459   0.0060  -0.0047
 -0.0025   0.2058   0.0202  -0.7523  -0.0075  -0.0260
 -0.0079   0.1893   0.0335  -0.8054  -0.0240  -0.0554
  0.0256   0.1330   0.0763  -0.6738   0.0347  -0.1237
  0.0225   0.0251   0.0519  -0.6450   0.0223  -0.1303
  0.0303  -0.0381   0.1003  -0.5707   0.0203  -0.1967
  0.0319   0.0672   0.1055  -0.6730  -0.0070  -0.1530
  0.0224   0.0506   0.0524  -0.6253  -0.0273  -0.1083
  0.0176   0.0388   0.0486  -0.6642  -0.0510  -0.1962
  0.0003   0.0503   0.0544  -0.6635  -0.0542  -0.1305
  0.0091   0.0280   0.0688  -0.6727  -0.0592  -0.1374
  0.0113   0.0201   0.0733  -0.6194  -0.0577  -0.1487
  0.0372  -0.0209   0.1067  -0.6038  -0.0264  -0.1514
  0.0415  -0.0220   0.1076  -0.6036  -0.0238  -0.1397
  0.0497  -0.0307   0.1085  -0.5887  -0.0204  -0.1276
  0.0250  -0.0499   0.0965  -0.5784  -0.0444  -0.1588
  0.0304  -0.0720   0.0798  -0.6222  -0.0493  -0.1915
  0.0408  -0.0853   0.0724  -0.6481  -0.0177  -0.1957
  0.0435  -0.1066   0.0839  -0.6210   0.0014  -0.1957
  0.0418  -0.1202   0.1024  -0.5627  -0.0100  -0.1918
  0.0289  -0.0633   0.1214  -0.5871  -0.0078  -0.1789
  0.0230  -0.0921   0.1209  -0.5898  -0.0186  -0.1632
  0.0256  -0.0981   0.1307  -0.5694  -0.0338  -0.1671
  0.0369  -0.1100   0.1241  -0.5460  -0.0395  -0.1712
  0.0509  -0.0901   0.1108  -0.5844  -0.0491  -0.1809
  0.0609  -0.0866   0.1310  -0.5754  -0.0470  -0.1736
  0.0563  -0.0846   0.1499  -0.5557  -0.0308  -0.1481
  0.0534  -0.1025   0.1171  -0.5042   0.0253  -0.1675
  0.0420  -0.1212   0.1193  -0.4996  -0.0214  -0.1690
  0.0584  -0.0864   0.1469  -0.5106  -0.0278  -0.1331
  0.0596  -0.0491   0.1477  -0.5319  -0.0128  -0.0870
  0.0515  -0.0841   0.1450  -0.4856  -0.0403  -0.1248
  0.0566  -0.0920   0.1481  -0.4792  -0.0293  -0.1124
  0.0509  -0.0780   0.1379  -0.4708  -0.0294  -0.0847
  0.0486  -0.1238   0.1439  -0.4514  -0.0477  -0.1220
  0.0284  -0.1348   0.1313  -0.3986  -0.0637  -0.1518
  0.0268  -0.1311   0.1366  -0.3804  -0.0733  -0.1026
  0.0387  -0.1288   0.1502  -0.4281  -0.0591  -0.1051
  0.0368  -0.1825   0.1367  -0.4850  -0.0291  -0.2410
  0.0358  -0.1460   0.1450  -0.4566  -0.0183  -0.1532
  0.0335  -0.1266   0.1416  -0.4407  -0.0350  -0.1421
  0.0482  -0.1450   0.1435  -0.3819  -0.0590  -0.1607
  0.0517  -0.1376   0.1501  -0.3951  -0.0313  -0.1415
  0.0494  -0.0762   0.1482  -0.4594  -0.0446  -0.1441
  0.0446  -0.1046   0.1442  -0.4523  -0.0573  -0.2023
  0.0558  -0.1277   0.1388  -0.3811  -0.0663  -0.1883
  0.0508  -0.1222   0.1579  -0.4036  -0.0655  -0.1595
  0.0535  -0.1229   0.1772  -0.4177  -0.0518  -0.1480
  0.0579  -0.1423   0.1647  -0.3930  -0.0848  -0.2008
  0.0542  -0.1343   0.1910  -0.3784  -0.0730  -0.1559
 -0.0009  -0.2509   0.1530  -0.4183   0.0084  -0.1725
  0.0354  -0.5523   0.2206  -0.2153   0.0104  -0.1639
  0.0454  -0.4430   0.1817  -0.2582  -0.0123  -0.1721
  0.0401  -0.4098   0.1773  -0.2452  -0.0482  -0.0949
  0.0472  -0.2121   0.1758  -0.3877  -0.0393  -0.1281
  0.0331  -0.1209   0.1862  -0.4322  -0.0383  -0.1518
  0.0369  -0.1593   0.1700  -0.3779  -0.0459  -0.1588
  0.0390  -0.1876   0.1704  -0.3801  -0.0600  -0.1691
  0.0381  -0.1818   0.1719  -0.3711  -0.0641  -0.1484
  0.0454  -0.2016   0.1932  -0.3195  -0.0679  -0.1646
  0.0364  -0.2259   0.1749  -0.2835  -0.0813  -0.1652
  0.0433  -0.2545   0.1357  -0.3501  -0.0459  -0.1707
  0.0522  -0.2472   0.0897  -0.3848  -0.0480  -0.1688
  0.0490  -0.2274   0.1021  -0.3939  -0.0481  -0.1611
  0.0455  -0.1957   0.1259  -0.5044  -0.0148  -0.1752
  0.0496  -0.2279   0.1307  -0.4736  -0.0124  -0.2412
  0.0552  -0.2472   0.1362  -0.4465  -0.0233  -0.2298
  0.0613  -0.2291   0.1484  -0.4446  -0.0325  -0.1979
  0.0642  -0.2191   0.1259  -0.4189  -0.0027  -0.1899
