  0.0259  -0.1339   0.0922   0.0190   0.0082   0.1296
  0.0334  -0.1701   0.1252   0.0290  -0.0007   0.0683
  0.0064  -0.1645   0.1224   0.1025   0.0001   0.0488
 -0.0106  -0.1577   0.1371   0.0599   0.0030   0.0590
 -0.0406   0.0327   0.1385   0.0479   0.0169   0.0821
 -0.0214   0.0516   0.1193   0.0824   0.0139   0.0395
 -0.0275  -0.0258   0.1342   0.0686  -0.0000   0.0437
 -0.0384  -0.0156   0.1311   0.0738  -0.0061   0.0803
  0.0096  -0.0545   0.1356   0.0353   0.0095   0.0740
 -0.0133  -0.1001   0.1231   0.0936   0.0080   0.0143
 -0.0136  -0.1361   0.1230   0.0838   0.0078   0.1099
 -0.0102  -0.1628   0.1278   0.1127   0.0008   0.0228
 -0.0162  -0.1552   0.1101   0.1099  -0.0017   0.0637
 -0.0383  -0.0628   0.0942   0.0435  -0.0120   0.0296
 -0.0568  -0.0204   0.0969   0.0722  -0.0219   0.0975
 -0.0213  -0.0467   0.0911   0.0417  -0.0133   0.0464
 -0.0435  -0.1109   0.0948   0.1072  -0.0261   0.0110
 -0.0231  -0.0847   0.0696   0.1171  -0.0119   0.0078
 -0.0334  -0.1087   0.0925   0.0860  -0.0212   0.0899
 -0.0323  -0.0473   0.0976   0.1039  -0.0130   0.0814
  0.0486   0.4012   0.0363   0.1199   0.0234   0.0703
 -0.0091   0.1354   0.0441   0.1363   0.0037  -0.0158
  0.0032   0.0919   0.0535   0.1070   0.0174  -0.0762
 -0.0240   0.1771   0.0155   0.0786   0.0202  -0.0283
 -0.0283   0.1436  -0.0057   0.1014   0.0139  -0.0367
 -0.0428   0.1191   0.0031   0.1160   0.0098  -0.0584
 -0.0413   0.1192  -0.0018   0.0515   0.0153   0.0195
 -0.0297   0.1602   0.0018   0.0718   0.0138   0.0736
 -0.0690   0.4297  -0.0104   0.0808   0.0187  -0.0001
 -0.0045   0.3120  -0.0321   0.0263   0.0320  -0.0096
  0.0207   0.2047  -0.0219   0.1271   0.0310  -0.0370
  0.0015   0.1715  -0.0269   0.1353   0.0250   0.0122
  0.0105   0.1476  -0.0176   0.1261   0.0272  -0.0117
  0.0327   0.1327  -0.0096   0.0923   0.0254  -0.0033
  0.0091   0.1403   0.0185   0.1265   0.0287  -0.0243
 -0.0086   0.2033  -0.0461   0.0678   0.0579  -0.0296
 -0.0364   0.4251  -0.0154   0.1407   0.0298  -0.0817
  0.0143   0.3422  -0.0404   0.0772   0.0375   0.0061
  0.0123   0.2841  -0.0273   0.0773   0.0313  -0.0633
  0.0339   0.2332  -0.0266   0.0861   0.0348  -0.0622
  0.0168   0.1803  -0.0159   0.0981   0.0257  -0.0439
  0.0294   0.1635  -0.0058   0.1086   0.0325  -0.0207
  0.0337   0.1051   0.0223   0.0883   0.0265   0.0231
  0.0454   0.1207   0.0218   0.0888   0.0265  -0.0252
  0.0345   0.0745   0.0575   0.0684   0.0165   0.0108
  0.0372   0.0906   0.0562   0.0636   0.0151   0.0124
  0.0238   0.0554   0.0737   0.0506   0.0138   0.0192
  0.0444   0.0756   0.0751   0.0615   0.0203  -0.0178
  0.0302   0.0408   0.0706   0.0561   0.0182  -0.0192
  0.0194   0.0426   0.0997   0.0677   0.0240   0.0239
 -0.0337   0.1284   0.0454   0.0715  -0.0010   0.0787
 -0.0025   0.1889   0.0174   0.0899   0.0304   0.0078
  0.0032   0.1448   0.0428   0.0682   0.0183  -0.0364
 -0.0208   0.1804   0.0243   0.0447   0.0090   0.0060
 -0.0091   0.5231  -0.0477   0.1251   0.0177  -0.1003
 -0.0254   0.6414  -0.1360   0.1194   0.0321  -0.0351
 -0.0227   0.4330  -0.0827   0.0881   0.0165   0.0492
 -0.0258   0.3171  -0.0802   0.0789   0.0150  -0.0726
  0.0016   0.2626  -0.0672   0.0837   0.0221  -0.0263
 -0.0210   0.1905  -0.0626   0.0863   0.0203  -0.0452
 -0.0255   0.1695  -0.0439   0.0709   0.0118  -0.0590
  0.0198   0.1623  -0.0278   0.0635   0.0225  -0.0623
  0.0229   0.1232  -0.0282   0.0739   0.0268  -0.0138
  0.0138   0.1053  -0.0256   0.0317   0.0148   0.0202
  0.0073   0.0807  -0.0189   0.0448   0.0175   0.0048
  0.0460   0.0973  -0.0402   0.0212   0.0328   0.0391
  0.0250   0.0777  -0.0319   0.0432   0.0222  -0.0144
  0.0416   0.0798  -0.0349   0.0348   0.0265  -0.0362
 -0.0048   0.0284   0.0040   0.0525   0.0101  -0.0261
  0.0193   0.0459  -0.0076   0.0411   0.0190  -0.0070
  0.0107   0.0203   0.0112   0.0261   0.0166   0.0225
  0.0025   0.0049   0.0023   0.0196   0.0094  -0.0140
  0.0123   0.0006   0.0059   0.0002   0.0144  -0.0382
  0.0330   0.0194   0.0091   0.0268   0.0189  -0.0042
  0.0407   0.0140   0.0042  -0.0045   0.0261  -0.0035
  0.0353  -0.0179   0.0318  -0.0110   0.0253  -0.0037
  0.0228  -0.0264   0.0294   0.0105   0.0108   0.0155
  0.0371  -0.0136   0.0177   0.0165   0.0158   0.0024
  0.0386  -0.0061   0.0168   0.0123   0.0153   0.0306
  0.0482   0.0093   0.0523   0.0101   0.0347  -0.0490
  0.0525  -0.0003   0.0643   0.0133   0.0268  -0.0359
  0.0539  -0.0053   0.0494   0.0097   0.0254   0.0102
  0.0338  -0.0180   0.0452   0.0153   0.0115  -0.0386
  0.0366  -0.0178   0.0578  -0.0236   0.0165  -0.0505
  0.0306  -0.0156   0.0499  -0.0397   0.0158  -0.0740
  0.0370  -0.0100   0.0520  -0.0421   0.0085  -0.0293
  0.0500  -0.0054   0.0471  -0.0620   0.0119   0.0003
  0.0506  -0.0250   0.0308  -0.0726   0.0107  -0.0143
  0.0381  -0.0269   0.0465  -0.0419   0.0015  -0.0266
  0.0179  -0.0193   0.0162  -0.0348  -0.0050   0.0091
  0.0224  -0.0288   0.0157  -0.0389  -0.0021   0.0196
  0.0288  -0.0434   0.0146  -0.0368   0.0002   0.0004
  0.0185  -0.0462   0.0094  -0.0283  -0.0044  -0.0036
  0.0352  -0.0454   0.0037  -0.0420   0.0048  -0.0378
  0.0337  -0.0410   0.0072  -0.0313   0.0013  -0.0298
  0.0320  -0.0711   0.0099  -0.0520   0.0018  -0.0172
  0.0270  -0.0498  -0.0108  -0.0280   0.0016  -0.0011
  0.0352  -0.0511  -0.0328  -0.0324   0.0181   0.0245
  0.0195  -0.0625  -0.0327  -0.0354   0.0129   0.0144
  0.0055  -0.0935  -0.0220  -0.0488   0.0061   0.0476
  0.0139  -0.0477  -0.0282  -0.0212   0.0077   0.0533
  0.0232  -0.0663  -0.0284  -0.0504   0.0140   0.0093
  0.0045  -0.0750  -0.0222  -0.0483   0.0037  -0.0205
  0.0043  -0.0714  -0.0210  -0.0485   0.0045   0.0301
  0.0038  -0.0560  -0.0159  -0.0396   0.0032   0.0295
  0.0110  -0.0712  -0.0310  -0.0683   0.0071   0.0348
 -0.0009  -0.0707  -0.0356  -0.0457   0.0071  -0.0245
 -0.0038  -0.0956  -0.0265  -0.0576   0.0030  -0.0349
 -0.0077  -0.0723  -0.0311  -0.0330   0.0011   0.0297
 -0.0007  -0.0701  -0.0481  -0.0292   0.0155  -0.0241
 -0.0104  -0.0733  -0.0317  -0.0347   0.0023  -0.0338
 -0.0164  -0.0864  -0.0418  -0.0512  -0.0048   0.0199
 -0.0141  -0.0500  -0.0316  -0.0248  -0.0049   0.0182
 -0.0083  -0.0564  -0.0429  -0.0361   0.0008  -0.0118
 -0.0116  -0.0768  -0.0429  -0.0374  -0.0012   0.0003
 -0.0126  -0.0918  -0.0401  -0.0388  -0.0020  -0.0480
 -0.0068  -0.0539  -0.0451  -0.0168   0.0014   0.0023
 -0.0050  -0.0800  -0.0488  -0.0357   0.0062   0.0306
 -0.0005  -0.0638  -0.0335  -0.0400  -0.0017  -0.0525
  0.0107  -0.0631  -0.0498  -0.0447   0.0077  -0.0035
  0.0224  -0.0515  -0.0437  -0.0518   0.0078   0.0013
  0.0274  -0.0580  -0.0361  -0.0712   0.0029   0.0012
  0.0296  -0.0501  -0.0353  -0.0720   0.0080   0.0178
  0.0306  -0.0625  -0.0301  -0.0681   0.0053  -0.0274
  0.0293  -0.0684  -0.0446  -0.0601   0.0029   0.0082
  0.0348  -0.0787  -0.0377  -0.0642   0.0077   0.0021
  0.0314  -0.0785  -0.0224  -0.0567  -0.0051  -0.0609
  0.0115  -0.1041  -0.0177  -0.0631  -0.0062  -0.0142
  0.0139  -0.1119  -0.0278  -0.0643  -0.0093   0.0327
  0.0098  -0.1140  -0.0340  -0.0426  -0.0131   0.0283
  0.0093  -0.1183  -0.0390  -0.0626  -0.0083   0.0595
  0.0084  -0.1153  -0.0437  -0.0787  -0.0123  -0.0293
  0.0047  -0.1269  -0.0308  -0.0788  -0.0219  -0.0183
 -0.0051  -0.1397  -0.0339  -0.0770  -0.0231  -0.0501
 -0.0153  -0.1415  -0.0378  -0.0787  -0.0320  -0.0193
 -0.0199  -0.1393  -0.0506  -0.0861  -0.0324  -0.0149
 -0.0122  -0.1154  -0.0486  -0.0959  -0.0324  -0.0127
 -0.0233  -0.1376  -0.0428  -0.0994  -0.0389  -0.0175
 -0.0338  -0.1542  -0.0577  -0.0873  -0.0367   0.0354
 -0.0268  -0.1415  -0.0692  -0.0738  -0.0287   0.0131
 -0.0164  -0.1494  -0.0770  -0.0776  -0.0314  -0.0114
 -0.0447  -0.1769  -0.0722  -0.1045  -0.0422   0.0265
 -0.0499  -0.1492  -0.0679  -0.1218  -0.0418  -0.0118
 -0.0319  -0.1238  -0.0661  -0.0985  -0.0409  -0.0224
 -0.0373  -0.1664  -0.0761  -0.0937  -0.0392  -0.0110
 -0.0488  -0.1545  -0.0604  -0.1111  -0.0472  -0.0219
 -0.0514  -0.1248  -0.0543  -0.1145  -0.0571   0.0010
 -0.0422  -0.1233  -0.0649  -0.0911  -0.0480  -0.0191
 -0.0353  -0.1373  -0.0591  -0.1329  -0.0486   0.0155
 -0.0506  -0.1391  -0.0496  -0.1376  -0.0567  -0.0039
 -0.0458  -0.1254  -0.0535  -0.1267  -0.0526   0.0600
 -0.0297  -0.1402  -0.0585  -0.1404  -0.0588  -0.0204
 -0.0406  -0.1635  -0.0483  -0.1263  -0.0603   0.0193
 -0.0353  -0.1240  -0.0499  -0.1156  -0.0578   0.0023
 -0.0394  -0.1636  -0.0574  -0.1622  -0.0573   0.0500
 -0.0482  -0.1526  -0.0452  -0.1315  -0.0641  -0.0128
 -0.0439  -0.1456  -0.0477  -0.1347  -0.0608  -0.0654
 -0.0407  -0.1326  -0.0399  -0.1345  -0.0636   0.0025
 -0.0573  -0.1671  -0.0393  -0.1410  -0.0698  -0.0245
 -0.0525  -0.1362  -0.0366  -0.1399  -0.0695   0.0031
 -0.0368  -0.1441  -0.0487  -0.1621  -0.0625  -0.0201
 -0.0394  -0.1555  -0.0385  -0.1531  -0.0680  -0.0664
