  0.0055   0.0215   0.0180  -0.0232  -0.0093  -0.0113
 -0.0074  -0.0105  -0.0029   0.0595  -0.0161  -0.0566
 -0.0024   0.0221  -0.0046   0.1239   0.0057  -0.0653
 -0.0152  -0.0212  -0.0185   0.0773  -0.0073  -0.0857
 -0.0296  -0.0410  -0.0235   0.0646  -0.0161  -0.0842
 -0.0284  -0.0710  -0.0175   0.0855  -0.0078  -0.0018
 -0.0192  -0.0332  -0.0200  -0.0108   0.0092  -0.0043
 -0.0321  -0.0508  -0.0285   0.0353  -0.0002   0.0056
 -0.0390  -0.0622  -0.0316   0.0666   0.0088  -0.0064
  0.0009  -0.0592  -0.0302   0.0068   0.0073   0.0071
 -0.0018  -0.0244  -0.0273   0.0317   0.0005   0.0157
  0.0036  -0.0546  -0.0145   0.0412   0.0055   0.0142
  0.0036  -0.0659  -0.0257  -0.0120   0.0133   0.0175
  0.0065  -0.0258  -0.0223  -0.0038   0.0199   0.0241
  0.0212  -0.0509  -0.0239   0.0033   0.0292   0.0380
  0.0272  -0.0143  -0.0385   0.0116   0.0304   0.0195
  0.0233  -0.0140  -0.0073  -0.0009   0.0176  -0.0305
  0.0228  -0.0002  -0.0176  -0.0085   0.0175   0.0288
  0.0219  -0.0067  -0.0231   0.0107   0.0203  -0.0089
  0.0022  -0.0030  -0.0229   0.0205   0.0128   0.0271
 -0.0013  -0.0036  -0.0205   0.0134   0.0079  -0.0154
 -0.0089  -0.0215  -0.0206  -0.0248   0.0038   0.0432
 -0.0122  -0.0167  -0.0297   0.0225  -0.0106  -0.0189
 -0.0105   0.0028  -0.0137   0.0029  -0.0154  -0.0153
  0.0029  -0.0252  -0.0181  -0.0244  -0.0172  -0.0122
  0.0011  -0.0109  -0.0121   0.0101  -0.0204   0.0062
  0.0046  -0.0268  -0.0106   0.0197  -0.0135   0.0110
 -0.0008  -0.0347  -0.0152   0.0281  -0.0278   0.0271
 -0.0004   0.0150  -0.0209  -0.0302  -0.0208   0.0383
 -0.0202  -0.0252  -0.0106   0.0440  -0.0346   0.0642
 -0.0771  -0.0108   0.0477   0.2067   0.0011   0.1314
 -0.0557  -0.0533   0.0200   0.1332  -0.0105   0.1131
  0.0431  -0.0769  -0.0025   0.0047  -0.0081  -0.0292
  0.0517   0.0289   0.0204  -0.0387  -0.0320  -0.0439
  0.0494   0.0405  -0.0027  -0.0289  -0.0245  -0.0269
  0.0170   0.0235  -0.0194  -0.0335  -0.0113  -0.0524
  0.0454  -0.0013  -0.0180   0.0447  -0.0109  -0.0373
  0.0103  -0.0125  -0.0248   0.0525  -0.0066  -0.0475
  0.0620  -0.0060  -0.0293  -0.0498  -0.0106  -0.0451
  0.0298  -0.0180  -0.0133  -0.0422   0.0052  -0.0657
  0.0378  -0.0242  -0.0165  -0.0233   0.0084  -0.0579
  0.0418  -0.0042  -0.0274  -0.0160   0.0128  -0.0058
  0.0284   0.0110  -0.0227  -0.0325   0.0061  -0.0686
  0.0334   0.0059  -0.0443  -0.0433   0.0127  -0.0178
  0.0186   0.0079  -0.0388   0.0088   0.0047   0.0067
  0.0075   0.0295  -0.0356  -0.0213  -0.0030   0.0167
  0.0093   0.0162  -0.0261  -0.0004  -0.0167   0.0272
  0.0124  -0.0028  -0.0318   0.0474  -0.0184   0.0429
  0.0134  -0.0235  -0.0267   0.0834  -0.0027   0.0419
  0.0041  -0.0103  -0.0169  -0.0155  -0.0125  -0.0220
  0.0099   0.0155  -0.0126  -0.0211  -0.0076  -0.0264
  0.0275   0.0111  -0.0225  -0.0724  -0.0006  -0.0276
  0.0344   0.0321   0.0051  -0.0351   0.0124   0.0356
  0.0300  -0.0515   0.0109   0.0552  -0.0077   0.0085
  0.0287  -0.0011   0.0124  -0.0145  -0.0040  -0.0631
  0.0376   0.0038   0.0148  -0.0188   0.0122  -0.0009
  0.0472  -0.0253   0.0204  -0.0167   0.0320   0.0099
  0.0660  -0.1046   0.0487   0.0752   0.0559  -0.0111
  0.0702  -0.0494   0.0359   0.0492  -0.0031  -0.0125
 -0.0029   0.0343   0.0353  -0.0527  -0.0198   0.0290
  0.0021   0.0264   0.0445  -0.0410  -0.0039   0.0238
 -0.0011   0.0161   0.0361  -0.0185  -0.0054  -0.0330
 -0.0167   0.0135   0.0383  -0.0429  -0.0195   0.0033
 -0.0163   0.0340   0.0145  -0.0831  -0.0167  -0.0453
 -0.0103   0.0437   0.0277  -0.0577  -0.0031   0.0170
 -0.0195   0.0115   0.0280   0.0383  -0.0165  -0.0209
 -0.0161   0.0138   0.0289  -0.0262  -0.0183   0.0329
 -0.0163  -0.0069   0.0250  -0.0037  -0.0188  -0.0023
 -0.0144   0.0020   0.0282  -0.0135  -0.0016  -0.0046
 -0.0099   0.0040   0.0227  -0.0033   0.0066  -0.0088
 -0.0065   0.0232   0.0078  -0.0206   0.0248  -0.0007
 -0.0093   0.0343   0.0132  -0.0134   0.0284   0.0104
  0.0034   0.0351   0.0193  -0.0446   0.0433  -0.0012
 -0.0126   0.0571   0.0077  -0.0445   0.0294   0.0065
 -0.0273   0.0523   0.0040  -0.0648  -0.0469   0.0026
 -0.0290   0.0527   0.0081  -0.0698   0.0061   0.0034
  0.0035   0.0148   0.0115   0.0073  -0.0536   0.0132
 -0.0039   0.0392   0.0033  -0.0054  -0.0112   0.0223
 -0.0065   0.0361  -0.0018  -0.0013  -0.0099   0.0290
 -0.0162   0.0433   0.0015   0.0101  -0.0058   0.0373
 -0.0162   0.0256   0.0082   0.0356  -0.0032  -0.0023
 -0.0114   0.0283  -0.0001   0.0111   0.0016   0.0015
 -0.0080   0.0199   0.0082  -0.0437   0.0148  -0.0071
 -0.0022   0.0023   0.0152   0.0117   0.0302  -0.0071
 -0.0023   0.0083   0.0151  -0.0469   0.0349   0.0118
 -0.0029  -0.0077   0.0124   0.0448   0.0249   0.0178
 -0.0421   0.0303   0.0223  -0.0060  -0.0454   0.0333
 -0.0465   0.0547   0.0164  -0.0321  -0.0121   0.0244
  0.0131   0.0498   0.0082  -0.0341  -0.0748  -0.0298
 -0.0013   0.0451  -0.0025   0.0057  -0.0392   0.0464
 -0.0076   0.0460   0.0002  -0.0152  -0.0614  -0.0101
 -0.0070   0.0660   0.0033  -0.0107  -0.0545  -0.0153
 -0.0150   0.0657  -0.0110  -0.0285  -0.0052  -0.0033
 -0.0116   0.0107  -0.0165  -0.0384  -0.0034   0.0070
 -0.0132   0.0136  -0.0036  -0.0190  -0.0027   0.0193
 -0.0142   0.0058  -0.0124  -0.0383  -0.0020   0.0187
 -0.0127  -0.0173  -0.0004  -0.0205  -0.0048   0.0154
 -0.0157  -0.0157  -0.0073  -0.0025   0.0033   0.0163
 -0.0128  -0.0208   0.0019  -0.0137  -0.0015   0.0173
 -0.0070  -0.0171   0.0154  -0.0054   0.0070   0.0186
 -0.0021  -0.0165   0.0166  -0.0098   0.0054   0.0183
 -0.0057  -0.0083   0.0220  -0.0036   0.0057   0.0225
 -0.0027   0.0112   0.0158  -0.0141   0.0215   0.0293
 -0.0062   0.0029   0.0179  -0.0051   0.0137   0.0616
 -0.0099   0.0036   0.0158   0.0192   0.0195   0.0293
 -0.0123   0.0101   0.0112   0.0071   0.0159   0.0248
 -0.0104   0.0601   0.0151  -0.0558   0.0084  -0.0268
 -0.0143   0.0657   0.0264  -0.0743   0.0028  -0.0089
 -0.0106  -0.0110   0.0273   0.0647   0.0185   0.0225
 -0.0161  -0.0085   0.0284   0.0621   0.0351   0.0055
 -0.0215   0.0156   0.0165  -0.0564   0.0406  -0.0036
 -0.0155  -0.0113   0.0153  -0.0259   0.0043   0.0127
 -0.0070  -0.0263   0.0042   0.0068   0.0133   0.0306
 -0.0193  -0.0532  -0.0037   0.0654   0.0124   0.0260
 -0.0125   0.0011   0.0102   0.0027   0.0153  -0.0519
 -0.0002  -0.0005   0.0039  -0.0900   0.0245  -0.0417
 -0.0041  -0.0408   0.0040   0.0607   0.0211  -0.0322
 -0.0078  -0.0484   0.0036   0.0514   0.0243  -0.0366
 -0.0117   0.0294   0.0061  -0.0457   0.0182  -0.0423
 -0.0049   0.0100   0.0150  -0.0446   0.0253  -0.0357
