  0.1865   0.7716   0.2756  -0.4747   0.0884  -0.4852
  0.2148   0.7861   0.1744  -0.4850   0.0907  -0.4957
  0.1584   0.7080   0.1743  -0.4898   0.0532  -0.4813
  0.1434   0.7290   0.1599  -0.4573   0.0443  -0.4690
  0.1363   0.7329   0.1676  -0.4291   0.0602  -0.4532
  0.1272   0.7413   0.1640  -0.4202   0.0589  -0.4370
  0.1200   0.6648   0.1768  -0.3593   0.0358  -0.4488
  0.0981   0.6104   0.1842  -0.3870   0.0496  -0.4456
  0.0801   0.5987   0.1662  -0.3349   0.0371  -0.4413
  0.0790   0.4905   0.1486  -0.3200   0.0263  -0.4095
  0.0844   0.5869   0.1486  -0.3658   0.0174  -0.4041
  0.0866   0.5393   0.1432  -0.3482   0.0028  -0.3793
  0.0884   0.4692   0.1475  -0.3170   0.0155  -0.3931
  0.0905   0.4685   0.1389  -0.3336   0.0211  -0.4104
  0.0892   0.5412   0.1517  -0.3412   0.0218  -0.4035
  0.0813   0.5152   0.1424  -0.3234   0.0150  -0.4075
  0.0802   0.5009   0.1296  -0.3427   0.0100  -0.3867
  0.0833   0.5455   0.1311  -0.3676   0.0063  -0.3515
  0.0809   0.5345   0.1371  -0.3327  -0.0022  -0.3643
  0.0774   0.4855   0.1279  -0.3233  -0.0017  -0.3714
  0.0498   0.4890   0.1110  -0.3272  -0.0087  -0.3676
  0.0520   0.4937   0.1053  -0.3035   0.0160  -0.3717
  0.0680   0.3959   0.1295  -0.2527  -0.0112  -0.3149
  0.0628   0.4455   0.1045  -0.2713  -0.0104  -0.3202
  0.0737   0.4100   0.0811  -0.2313   0.0129  -0.3306
  0.0304   0.3300   0.0447  -0.2009  -0.0110  -0.3172
 -0.0194   0.3358   0.0304  -0.2203  -0.0222  -0.2888
  0.0330   0.2833   0.0180  -0.1497  -0.0357  -0.2544
 -0.0290   0.2575  -0.0345  -0.1455  -0.1007  -0.2740
 -0.0787   0.1541  -0.0184  -0.1842  -0.1086  -0.3147
  0.0452   0.1953  -0.0573  -0.1329  -0.0423  -0.3180
  0.1445   0.1830  -0.0117  -0.3579   0.0036  -0.2716
  0.1202   0.0955  -0.0336  -0.2464  -0.0426  -0.3016
  0.1307  -0.1272  -0.0639  -0.1603  -0.0439  -0.3020
  0.0962  -0.1016  -0.1052  -0.1463  -0.0472  -0.2522
  0.0690  -0.0743  -0.1089  -0.1169  -0.0405  -0.2406
  0.0627  -0.0879  -0.1184  -0.1252  -0.0495  -0.2493
 -0.0037   0.0207  -0.1254  -0.1338  -0.0627  -0.2277
  0.0873   0.0575  -0.1150  -0.1489  -0.0084  -0.2262
  0.0477   0.0167  -0.1195  -0.1215  -0.0492  -0.2504
 -0.0013  -0.0311  -0.1575  -0.0396  -0.0730  -0.2330
 -0.0273  -0.0490  -0.1545  -0.0714  -0.0703  -0.2204
 -0.0378  -0.0342  -0.1491  -0.1120  -0.0762  -0.1859
 -0.0328   0.0090  -0.1384  -0.1155  -0.0774  -0.1707
 -0.0428  -0.0098  -0.1213  -0.0717  -0.0786  -0.1802
 -0.0409  -0.0085  -0.0888  -0.0834  -0.0625  -0.1584
 -0.0482  -0.0124  -0.0924  -0.1109  -0.0761  -0.1334
 -0.0662  -0.0307  -0.0813  -0.1394  -0.1075  -0.0978
 -0.0982  -0.0109  -0.1061  -0.0787  -0.1266  -0.1383
 -0.1629   0.0283  -0.0506  -0.1617  -0.1052  -0.1024
 -0.1175   0.1500  -0.0132  -0.2337  -0.0994  -0.1108
 -0.2108   0.0648  -0.0782  -0.1488  -0.1399  -0.1009
 -0.1553  -0.0445  -0.0007  -0.1250  -0.1008  -0.1023
 -0.0385  -0.1011   0.0129  -0.1177  -0.0671  -0.0972
 -0.0740  -0.0971  -0.0116  -0.1090  -0.0865  -0.0928
 -0.1059  -0.1031  -0.0252  -0.0932  -0.0873  -0.0655
 -0.1178  -0.1478   0.0839   0.0080  -0.0532  -0.0400
 -0.1011  -0.1443   0.1048   0.0213  -0.0359  -0.0584
 -0.1046  -0.2401   0.1264   0.0730  -0.0530  -0.0403
 -0.1307  -0.1625   0.2017  -0.0261  -0.0174   0.0004
 -0.0644  -0.1955   0.1656  -0.0952  -0.0109  -0.0503
 -0.1440  -0.1888   0.1519   0.0038  -0.0738   0.0151
 -0.1872  -0.1551   0.1274  -0.0265  -0.1050   0.0199
 -0.2003  -0.1685   0.0782  -0.0383  -0.1052  -0.0007
 -0.1789  -0.1822   0.0781  -0.0185  -0.1142  -0.0162
 -0.1377  -0.2613   0.2038  -0.0603  -0.0708   0.0363
 -0.3786  -0.0806   0.1421  -0.1425  -0.2179   0.0264
 -0.2927   0.1388   0.3278  -0.0926  -0.0502   0.0349
 -0.4122  -0.0142   0.4033  -0.0471  -0.1028   0.0186
 -0.3336  -0.0857   0.5167   0.2165  -0.0814   0.1046
  0.2134  -0.3904   0.8282   0.6035   0.0092   0.3775
  0.1073  -0.5818   0.6543  -0.1664   0.0416   0.0950
  0.1379  -0.4813   0.6315  -0.0105   0.0695   0.1241
  0.2162  -0.6160   0.6078   0.0726   0.1419   0.1016
  0.1696  -0.6420   0.4690   0.1694   0.1290   0.1428
  0.0087  -0.6047   0.3907   0.1400   0.0245   0.1485
 -0.0278  -0.4846   0.4343   0.0929   0.0229   0.1535
 -0.0611  -0.4309   0.5234   0.1151   0.0327   0.1690
 -0.0111  -0.3325   0.4933   0.1256   0.0133   0.1700
 -0.0759  -0.2317   0.5226   0.0425   0.0080   0.1517
 -0.1103  -0.0862   0.4769  -0.0203  -0.0076   0.1600
 -0.1231  -0.1025   0.4322  -0.0881  -0.0313   0.1846
 -0.1597  -0.0442   0.4105  -0.2608  -0.1047   0.1534
 -0.1568  -0.0950   0.4025  -0.0758  -0.0785   0.1915
 -0.1264  -0.2091   0.4628  -0.0135  -0.0432   0.1940
 -0.0903  -0.2427   0.4413  -0.0450  -0.0327   0.2084
 -0.2572  -0.3968   0.6059   0.0455  -0.1162   0.1975
 -0.0986  -0.3876   0.4395   0.3358   0.0054   0.1946
 -0.0709  -0.1998   0.3759   0.4130   0.0879   0.2433
 -0.1372  -0.2312   0.3450   0.2571   0.1013   0.2423
 -0.1083  -0.1992   0.4035   0.3061   0.1464   0.2661
 -0.0385  -0.1083   0.4190   0.2116   0.1338   0.2474
 -0.0842   0.1793   0.2275   0.1296   0.1161   0.1990
  0.8848   1.5149  -1.0887   0.0209   0.3740   0.0999
  0.7338   0.7316  -1.3651   0.3037   0.3877   0.2223
  0.2269   0.6578  -1.2136   0.8790   0.1452   0.1579
  0.1664   0.3803  -0.9769   0.4249   0.1057   0.2149
  0.1350   0.3667  -0.9420   0.4435   0.0769   0.2266
  0.1163   0.3224  -0.9381   0.4209   0.0845   0.2387
  0.0720   0.3097  -0.9799   0.4461   0.0443   0.2375
 -0.0599   0.2870  -1.0327   0.4638  -0.0009   0.3005
  0.0031   0.2190  -0.8907   0.2558  -0.0117   0.2946
  0.0752   0.1581  -0.7636   0.2805   0.0344   0.3029
  0.0250   0.1021  -0.7678   0.2797  -0.0019   0.3173
 -0.0020   0.0573  -0.7579   0.3345  -0.0202   0.3378
 -0.0582   0.0142  -0.7098   0.3367  -0.0374   0.3371
 -0.0364  -0.0572  -0.6843   0.3760  -0.0447   0.3489
 -0.0090  -0.0129  -0.6382   0.3369   0.0087   0.3560
 -0.0209   0.2250  -0.5261   0.0868  -0.0133   0.3955
  0.0150   0.1384  -0.4201   0.0478  -0.0338   0.3652
  0.0009   0.0548  -0.3972  -0.0673   0.0093   0.3211
  0.0963  -0.1480  -0.4194   0.2871   0.0364   0.3675
  0.0837  -0.3459  -0.4151   0.0943   0.0012   0.3310
 -0.1077  -0.5326  -0.3290   0.3163  -0.2080   0.3587
  0.0890  -1.8675  -0.2617   0.8433  -0.0522   0.5821
  0.1603  -2.1531  -0.2169   0.7462   0.0523   0.7756
  0.1031  -2.2380  -0.2771   0.8066   0.0594   0.7089
  0.0846  -2.0496  -0.2130   0.7134   0.0643   0.6683
  0.1119  -1.7877  -0.1509   0.7107   0.0912   0.6531
  0.1176  -1.2487  -0.0765   0.4551   0.1547   0.5242
  0.0247  -0.1645   0.1148   0.1174   0.1206   0.4270
 -0.0004  -0.2349   0.0873   0.1196   0.0925   0.4476
  0.0057  -0.3080   0.0670   0.2417   0.1010   0.4704
  0.0016  -0.4250   0.0710   0.2974   0.0995   0.4919
  0.0024  -0.4005   0.0359   0.2459   0.0963   0.5226
 -0.0215  -0.4070   0.0242   0.3813   0.1084   0.5472
 -0.0423  -0.3738  -0.0744   0.4182   0.1024   0.5871
 -0.0543  -0.3809  -0.0420   0.3736   0.0812   0.5971
