  0.0206  -0.4942   0.3548   0.6942   0.0264   0.2256
  0.0098  -0.4964   0.3589   0.6825   0.0231   0.2293
  0.0070  -0.4871   0.3491   0.6762   0.0187   0.2305
 -0.0091  -0.4698   0.3530   0.6519   0.0264   0.2254
 -0.0142  -0.4259   0.3390   0.5838   0.0286   0.2040
 -0.0162  -0.3916   0.3254   0.5514   0.0275   0.1874
 -0.0180  -0.3960   0.3089   0.5713   0.0088   0.1966
 -0.0191  -0.4157   0.3228   0.5873   0.0147   0.1950
 -0.0161  -0.4014   0.3290   0.5614   0.0292   0.1786
 -0.0125  -0.4249   0.3454   0.6088   0.0373   0.1917
 -0.0182  -0.4422   0.3373   0.6216   0.0309   0.1826
 -0.0213  -0.4194   0.3297   0.5763   0.0147   0.1821
 -0.0232  -0.4161   0.3420   0.5933   0.0124   0.1973
 -0.0226  -0.4132   0.3368   0.5879   0.0196   0.2058
 -0.0156  -0.4191   0.3349   0.5904   0.0228   0.2002
 -0.0163  -0.4182   0.3373   0.6113   0.0177   0.2015
 -0.0183  -0.3804   0.3267   0.5754   0.0258   0.2013
 -0.0108  -0.3956   0.3095   0.5808   0.0272   0.1840
 -0.0059  -0.3977   0.3451   0.5961   0.0299   0.1910
  0.0004  -0.4033   0.3395   0.5677   0.0382   0.1803
 -0.0059  -0.3897   0.3326   0.5512   0.0314   0.1681
 -0.0017  -0.3944   0.3255   0.5430   0.0322   0.1781
 -0.0002  -0.3818   0.3248   0.5599   0.0338   0.1912
  0.0036  -0.3818   0.3369   0.5029   0.0378   0.1667
 -0.0101  -0.3526   0.3482   0.4810   0.0536   0.1641
 -0.0167  -0.3033   0.3001   0.4449   0.0393   0.1607
 -0.0067  -0.2896   0.2884   0.4239   0.0470   0.1382
 -0.0119  -0.2968   0.3029   0.4442   0.0423   0.1319
 -0.0116  -0.2653   0.2623   0.3795   0.0389   0.1141
 -0.0332  -0.2494   0.2597   0.4034   0.0239   0.1125
 -0.0340  -0.2664   0.2761   0.4263   0.0326   0.1217
 -0.0346  -0.2328   0.2669   0.3894   0.0319   0.1155
 -0.0368  -0.2051   0.2459   0.3348   0.0384   0.1097
 -0.0287  -0.2099   0.2582   0.3646   0.0470   0.1120
 -0.0292  -0.1950   0.2621   0.3554   0.0577   0.1012
 -0.0127  -0.2215   0.2593   0.3356   0.0711   0.0992
 -0.0144  -0.2198   0.2514   0.3364   0.0706   0.0941
 -0.0178  -0.2203   0.2486   0.3490   0.0618   0.0886
 -0.0315  -0.2020   0.2476   0.3266   0.0538   0.0923
 -0.0317  -0.1958   0.2517   0.3384   0.0704   0.1053
 -0.0143  -0.1791   0.2500   0.3350   0.0647   0.1039
  0.0088  -0.1736   0.2528   0.3318   0.0695   0.1002
 -0.0073  -0.1856   0.2346   0.3074   0.0575   0.0962
 -0.0143  -0.1852   0.2206   0.3028   0.0551   0.0930
 -0.0089  -0.1907   0.2327   0.3099   0.0555   0.0965
 -0.0132  -0.2013   0.2309   0.3167   0.0525   0.1003
  0.0041  -0.2029   0.2237   0.2777   0.0502   0.0794
 -0.0053  -0.2174   0.2306   0.3061   0.0527   0.0959
 -0.0055  -0.2063   0.2311   0.3143   0.0437   0.1013
 -0.0000  -0.2177   0.2155   0.3146   0.0350   0.0994
 -0.0044  -0.2063   0.2074   0.3119   0.0223   0.1152
 -0.0118  -0.1909   0.1918   0.2871   0.0134   0.1091
 -0.0071  -0.1928   0.1908   0.2859   0.0135   0.1071
 -0.0067  -0.1892   0.1874   0.2726   0.0132   0.1136
 -0.0194  -0.1820   0.1679   0.2445   0.0013   0.1036
 -0.0224  -0.1686   0.1677   0.2352   0.0025   0.0985
 -0.0169  -0.1821   0.1571   0.2185   0.0088   0.1073
  0.0013  -0.2028   0.1892   0.2734   0.0124   0.1261
  0.0009  -0.1687   0.1946   0.2670   0.0243   0.1092
  0.0005  -0.1657   0.1836   0.2792   0.0103   0.1078
  0.0167  -0.1605   0.1773   0.2701   0.0179   0.1056
  0.0100  -0.1565   0.1673   0.2638   0.0146   0.1114
  0.0094  -0.1747   0.1807   0.2793   0.0156   0.1104
  0.0055  -0.1711   0.1701   0.2651   0.0042   0.1173
 -0.0059  -0.1574   0.1600   0.2475   0.0048   0.1147
 -0.0122  -0.1599   0.1406   0.2372   0.0008   0.1051
 -0.0177  -0.1472   0.1273   0.2099  -0.0118   0.0995
 -0.0057  -0.1418   0.1340   0.2290  -0.0117   0.0978
 -0.0028  -0.1348   0.1317   0.2363  -0.0202   0.1018
 -0.0010  -0.1446   0.1371   0.2256  -0.0235   0.0995
 -0.0028  -0.1434   0.1284   0.2010  -0.0337   0.0817
  0.0054  -0.1332   0.1213   0.1609  -0.0240   0.0729
  0.0041  -0.1193   0.1328   0.1533  -0.0064   0.0585
  0.0158  -0.1317   0.1384   0.1662  -0.0100   0.0558
  0.0130  -0.1408   0.1327   0.1862  -0.0188   0.0712
  0.0135  -0.1560   0.1368   0.1648  -0.0151   0.0677
  0.0262  -0.1508   0.1351   0.1783  -0.0127   0.0633
  0.0399  -0.1619   0.1345   0.2235  -0.0035   0.0726
  0.0358  -0.1604   0.1256   0.2019  -0.0160   0.0782
  0.0404  -0.1649   0.1235   0.1825  -0.0091   0.0726
  0.0610  -0.1666   0.1172   0.1638   0.0022   0.0687
  0.0449  -0.1581   0.1235   0.1859  -0.0096   0.0709
  0.0403  -0.1531   0.1247   0.1747   0.0048   0.0801
  0.0380  -0.1513   0.1259   0.1841  -0.0058   0.0806
  0.0334  -0.1499   0.1229   0.1592  -0.0109   0.0829
  0.0330  -0.1430   0.1311   0.1637  -0.0194   0.0692
  0.0339  -0.1406   0.1297   0.1594  -0.0132   0.0694
  0.0272  -0.1381   0.1266   0.1600  -0.0133   0.0608
  0.0262  -0.1403   0.1241   0.1428  -0.0171   0.0660
  0.0312  -0.1437   0.1287   0.1469  -0.0001   0.0749
  0.0213  -0.1224   0.1422   0.1443  -0.0002   0.0593
  0.0101  -0.1129   0.1246   0.1326  -0.0028   0.0750
  0.0131  -0.0996   0.1074   0.0973  -0.0043   0.0544
  0.0145  -0.1070   0.1090   0.0956  -0.0119   0.0598
  0.0137  -0.1028   0.1137   0.0806  -0.0141   0.0493
  0.0068  -0.1043   0.1250   0.0948  -0.0007   0.0544
  0.0004  -0.1025   0.1128   0.0869   0.0034   0.0531
  0.0045  -0.0972   0.0990   0.0735   0.0079   0.0500
  0.0226  -0.1043   0.0956   0.0531   0.0111   0.0411
  0.0217  -0.1033   0.0970   0.0727   0.0099   0.0471
  0.0153  -0.0952   0.0979   0.0858   0.0038   0.0404
  0.0200  -0.0924   0.1066   0.0918   0.0040   0.0352
  0.0172  -0.0984   0.1087   0.0914   0.0093   0.0361
  0.0132  -0.0945   0.1050   0.0863   0.0135   0.0495
  0.0061  -0.0919   0.1025   0.0963   0.0052   0.0643
  0.0098  -0.0894   0.0998   0.0850   0.0003   0.0562
  0.0112  -0.0810   0.1014   0.0477   0.0113   0.0339
  0.0143  -0.0917   0.0997   0.0657   0.0074   0.0333
  0.0116  -0.0906   0.1012   0.0757  -0.0017   0.0551
  0.0187  -0.0923   0.0898   0.0704  -0.0122   0.0510
  0.0093  -0.1018   0.0941   0.0621  -0.0057   0.0514
  0.0313  -0.0897   0.1257   0.0918   0.0351   0.0482
  0.0477  -0.0981   0.1393   0.1157   0.0311   0.0313
  0.0540  -0.1080   0.1461   0.1340   0.0276   0.0283
  0.0525  -0.1171   0.1290   0.1243   0.0181   0.0467
  0.0328  -0.1113   0.1047   0.1017   0.0080   0.0505
  0.0359  -0.1002   0.0894   0.0631   0.0141   0.0368
  0.0353  -0.0867   0.0700   0.0249   0.0072   0.0212
  0.0384  -0.0587   0.0598  -0.0142   0.0114  -0.0035
  0.0287  -0.0566   0.0555  -0.0134  -0.0043   0.0093
  0.0351  -0.0989   0.0659   0.0523  -0.0141   0.0191
  0.0409  -0.0673  -0.0205  -0.0906  -0.0147   0.0384
  0.0514  -0.0674   0.0265  -0.0304   0.0115   0.0143
  0.0590  -0.0411   0.0387  -0.0536   0.0163  -0.0137
  0.0484  -0.0409   0.0296  -0.0511   0.0118  -0.0100
  0.0584  -0.0582   0.0458   0.0560   0.0068   0.0218
  0.0623   0.0018   0.0388  -0.0186   0.0180   0.0282
  0.0523  -0.0186   0.0357  -0.0160   0.0113   0.0141
  0.0422  -0.0207   0.0236   0.0219  -0.0126   0.0066
  0.0331  -0.0090   0.0103   0.0084  -0.0087   0.0204
  0.0210   0.0153  -0.0074  -0.0359  -0.0103   0.0040
  0.0191   0.0044  -0.0106  -0.0508  -0.0205   0.0130
  0.0205  -0.0176  -0.0278  -0.0083  -0.0315   0.0322
  0.0385  -0.0207  -0.0324   0.0148  -0.0457   0.0315
  0.0292  -0.0205  -0.0298   0.0152  -0.0475   0.0345
  0.0434  -0.0115  -0.0090   0.0339  -0.0264   0.0128
  0.0309   0.0010   0.0041   0.0245  -0.0061   0.0160
  0.0169  -0.0037  -0.0113  -0.0131  -0.0320   0.0133
  0.0227  -0.0324   0.0010   0.0227  -0.0205   0.0416
  0.0215  -0.0042   0.0062  -0.0285  -0.0174   0.0232
  0.0328  -0.0160   0.0145  -0.0302  -0.0141   0.0035
  0.0315  -0.0138  -0.0045  -0.0137  -0.0371   0.0121
  0.0192  -0.0164  -0.0153   0.0040  -0.0383   0.0176
  0.0179   0.0006  -0.0091  -0.0282  -0.0361   0.0153
  0.0154  -0.0142  -0.0244  -0.0132  -0.0417   0.0151
  0.0107   0.0036  -0.0226  -0.0694  -0.0201   0.0116
  0.0216   0.0092  -0.0101  -0.0582  -0.0209   0.0065
  0.0176   0.0031  -0.0141  -0.0720  -0.0099  -0.0013
  0.0168   0.0127  -0.0252  -0.0474  -0.0104   0.0003
  0.0099   0.0071  -0.0258  -0.0902  -0.0055   0.0052
  0.0112   0.0215  -0.0343  -0.0788  -0.0170   0.0010
  0.0009   0.0250  -0.0485  -0.0648  -0.0291   0.0056
  0.0018   0.0037  -0.0365  -0.0191  -0.0129   0.0325
  0.0166  -0.0005  -0.0227   0.0028  -0.0192   0.0202
 -0.0056   0.0425  -0.0315  -0.0486  -0.0102   0.0187
  0.0041   0.0194  -0.0345  -0.0549  -0.0187   0.0136
  0.0058   0.0309  -0.0224   0.0069  -0.0007   0.0121
  0.0151   0.0459  -0.0186  -0.0058  -0.0049   0.0063
  0.0145   0.0556  -0.0226  -0.0250   0.0073   0.0071
  0.0084   0.0487  -0.0233  -0.0314  -0.0019   0.0169
  0.0039   0.0397  -0.0423  -0.0420  -0.0114   0.0210
  0.0062   0.0308  -0.0464  -0.0292  -0.0210   0.0025
  0.0083   0.0556  -0.0734  -0.0884  -0.0114  -0.0116
 -0.0142   0.0706  -0.0700  -0.1097  -0.0076  -0.0104
 -0.0117   0.0628  -0.0895  -0.1768   0.0135  -0.0152
 -0.0114   0.0553  -0.0876  -0.1629   0.0073  -0.0044
  0.0021   0.0613  -0.0892  -0.1450  -0.0052  -0.0170
  0.0141   0.0590  -0.0723  -0.0894   0.0048  -0.0076
  0.0140   0.0803  -0.0705  -0.1800   0.0215  -0.0096
  0.0196   0.0836  -0.0839  -0.1662   0.0176  -0.0040
  0.0206   0.0845  -0.0520  -0.1549   0.0445   0.0039
  0.0208   0.1065  -0.0560  -0.1377   0.0335  -0.0022
  0.0004   0.1046  -0.0653  -0.1465   0.0150  -0.0067
  0.0199   0.1060  -0.0597  -0.1345   0.0343  -0.0062
  0.0130   0.0937  -0.0666  -0.1599   0.0238   0.0082
  0.0116   0.1064  -0.0724  -0.1727   0.0339  -0.0081
  0.0110   0.1039  -0.0866  -0.1575   0.0257  -0.0050
 -0.0025   0.1052  -0.0818  -0.2065   0.0478  -0.0104
 -0.0044   0.1108  -0.0841  -0.2280   0.0576  -0.0262
 -0.0125   0.1018  -0.0945  -0.2227   0.0390  -0.0288
 -0.0177   0.0983  -0.0965  -0.2336   0.0375  -0.0286
 -0.0175   0.0915  -0.0971  -0.2301   0.0428  -0.0282
 -0.0192   0.0744  -0.1145  -0.2376   0.0524  -0.0125
 -0.0279   0.0831  -0.1243  -0.2653   0.0450  -0.0087
 -0.0190   0.0752  -0.1207  -0.2588   0.0351  -0.0061
 -0.0303   0.0746  -0.1374  -0.2573   0.0151  -0.0211
 -0.0251   0.1059  -0.1287  -0.2584   0.0101  -0.0433
 -0.0414   0.0944  -0.1308  -0.2950   0.0009  -0.0462
 -0.0367   0.0970  -0.1348  -0.2826   0.0022  -0.0519
 -0.0270   0.1130  -0.1386  -0.2482  -0.0104  -0.0560
 -0.0236   0.0890  -0.1314  -0.2224  -0.0087  -0.0328
 -0.0077   0.0768  -0.1335  -0.2036  -0.0023  -0.0326
  0.0012   0.0771  -0.1027  -0.1772  -0.0053  -0.0178
  0.0013   0.0687  -0.1017  -0.1753   0.0026  -0.0029
 -0.0047   0.0613  -0.1170  -0.1926   0.0061  -0.0101
 -0.0028   0.0718  -0.1038  -0.1762   0.0049  -0.0146
 -0.0075   0.0635  -0.1186  -0.1652  -0.0161  -0.0373
 -0.0047   0.0662  -0.1217  -0.1491  -0.0165  -0.0285
 -0.0056   0.0761  -0.1119  -0.1209  -0.0059  -0.0100
 -0.0109   0.0815  -0.1329  -0.1553  -0.0212  -0.0126
 -0.0133   0.0722  -0.1252  -0.1356  -0.0083  -0.0119
 -0.0155   0.0720  -0.1196  -0.1525  -0.0280  -0.0158
  0.0034   0.0919  -0.1270  -0.1846  -0.0095  -0.0297
 -0.0071   0.0851  -0.1171  -0.1779  -0.0243  -0.0290
 -0.0124   0.0936  -0.1341  -0.2052  -0.0154  -0.0282
 -0.0072   0.0988  -0.1272  -0.1798  -0.0165  -0.0092
 -0.0052   0.0840  -0.1241  -0.1929  -0.0063  -0.0109
 -0.0120   0.0891  -0.1144  -0.2113  -0.0119  -0.0339
 -0.0149   0.0764  -0.1319  -0.1925  -0.0220  -0.0165
 -0.0126   0.0991  -0.1441  -0.2249  -0.0208  -0.0467
 -0.0219   0.0963  -0.1543  -0.2239  -0.0341  -0.0415
 -0.0281   0.1073  -0.1739  -0.2459  -0.0336  -0.0459
 -0.0391   0.1233  -0.1899  -0.2709  -0.0439  -0.0513
 -0.0517   0.1198  -0.1919  -0.2739  -0.0453  -0.0556
 -0.0531   0.1121  -0.1693  -0.2575  -0.0384  -0.0635
 -0.0413   0.1031  -0.1489  -0.2246  -0.0433  -0.0644
 -0.0337   0.0926  -0.1462  -0.2253  -0.0319  -0.0651
 -0.0437   0.1026  -0.1642  -0.2240  -0.0453  -0.0522
 -0.0273   0.0853  -0.1908  -0.2558  -0.0468  -0.0700
 -0.0530   0.1024  -0.1611  -0.2537  -0.0279  -0.0656
 -0.0641   0.1208  -0.1770  -0.2875  -0.0298  -0.0793
 -0.0535   0.1426  -0.1321  -0.2683  -0.0155  -0.0937
 -0.0267   0.1603  -0.1386  -0.2559  -0.0363  -0.1174
 -0.0236   0.1478  -0.1406  -0.2213  -0.0240  -0.0970
 -0.0281   0.1415  -0.1418  -0.2266  -0.0295  -0.0885
 -0.0314   0.1552  -0.1471  -0.2355  -0.0296  -0.0862
 -0.0384   0.1195  -0.1403  -0.1935  -0.0523  -0.1004
 -0.0413   0.1357  -0.1378  -0.2130  -0.0417  -0.1016
 -0.0475   0.1378  -0.1381  -0.2022  -0.0506  -0.0940
 -0.0412   0.1399  -0.1300  -0.1959  -0.0469  -0.0905
 -0.0597   0.1264  -0.1483  -0.1785  -0.0638  -0.0719
 -0.0637   0.1403  -0.1620  -0.2150  -0.0539  -0.0812
 -0.0690   0.1406  -0.1722  -0.2292  -0.0580  -0.0829
 -0.0637   0.1528  -0.1802  -0.2418  -0.0557  -0.0950
 -0.0654   0.1433  -0.1761  -0.2417  -0.0599  -0.0899
 -0.0616   0.1557  -0.1686  -0.2370  -0.0579  -0.0947
 -0.0615   0.1609  -0.1548  -0.2512  -0.0552  -0.0945
 -0.0573   0.1583  -0.1436  -0.2499  -0.0426  -0.1025
 -0.0610   0.1620  -0.1526  -0.2475  -0.0389  -0.1092
 -0.0584   0.1807  -0.1585  -0.2437  -0.0414  -0.1066
 -0.0617   0.1904  -0.1714  -0.2651  -0.0470  -0.1086
 -0.0443   0.1816  -0.1445  -0.2248  -0.0459  -0.1022
 -0.0449   0.1912  -0.1650  -0.2640  -0.0440  -0.1123
 -0.0441   0.1799  -0.1697  -0.2586  -0.0419  -0.1095
 -0.0454   0.1833  -0.1833  -0.2762  -0.0353  -0.1058
 -0.0339   0.1831  -0.1859  -0.2482  -0.0395  -0.1076
 -0.0043   0.1755  -0.2670  -0.3587  -0.0266  -0.0920
 -0.0040   0.1897  -0.2248  -0.2909  -0.0444  -0.1199
 -0.0248   0.1966  -0.2406  -0.2319  -0.0704  -0.1109
 -0.0277   0.2479  -0.2532  -0.2304  -0.0886  -0.1129
 -0.0239   0.2317  -0.2389  -0.2294  -0.0780  -0.1101
 -0.0365   0.2092  -0.2394  -0.2622  -0.0706  -0.1081
 -0.0235   0.2043  -0.2367  -0.2431  -0.0638  -0.1090
 -0.0121   0.2122  -0.2134  -0.2272  -0.0286  -0.1133
 -0.0296   0.2233  -0.2224  -0.2642  -0.0372  -0.1358
  0.0083   0.1975  -0.2484  -0.2420  -0.0396  -0.1327
 -0.0079   0.2255  -0.2205  -0.2245  -0.0323  -0.1263
 -0.0158   0.2333  -0.2111  -0.1970  -0.0316  -0.1436
 -0.0169   0.2431  -0.1967  -0.2009  -0.0264  -0.1417
 -0.0099   0.2503  -0.1932  -0.2028  -0.0045  -0.1314
 -0.0067   0.2584  -0.2026  -0.2401  -0.0048  -0.1511
 -0.0008   0.2503  -0.2156  -0.2438  -0.0053  -0.1534
  0.0080   0.2451  -0.1841  -0.2423   0.0140  -0.1686
 -0.0096   0.2503  -0.1847  -0.2612   0.0058  -0.1642
 -0.0141   0.2486  -0.1985  -0.2374  -0.0030  -0.1583
 -0.0092   0.2524  -0.1950  -0.2267  -0.0004  -0.1464
 -0.0098   0.2568  -0.2035  -0.2708   0.0073  -0.1498
  0.0001   0.2454  -0.2121  -0.2807  -0.0114  -0.1491
  0.0038   0.2304  -0.1994  -0.2583   0.0065  -0.1466
  0.0176   0.2387  -0.1947  -0.2627   0.0043  -0.1594
  0.0059   0.2278  -0.1957  -0.2928   0.0154  -0.1613
  0.0054   0.2631  -0.2262  -0.3281   0.0139  -0.1637
  0.0173   0.2751  -0.2279  -0.3461   0.0246  -0.1693
  0.0109   0.2852  -0.2347  -0.3541   0.0209  -0.1739
  0.0128   0.2743  -0.2395  -0.3680  -0.0019  -0.1647
  0.0045   0.2479  -0.2439  -0.3636  -0.0010  -0.1670
  0.0043   0.2319  -0.2497  -0.3283  -0.0041  -0.1610
 -0.0121   0.2721  -0.2713  -0.3810  -0.0100  -0.1686
 -0.0033   0.2710  -0.2609  -0.3388  -0.0163  -0.1724
 -0.0003   0.2445  -0.2404  -0.2665  -0.0136  -0.1484
  0.0316   0.2386  -0.2266  -0.2670  -0.0024  -0.1486
  0.0244   0.2416  -0.2247  -0.2485   0.0107  -0.1413
  0.0199   0.2364  -0.2236  -0.2810   0.0021  -0.1569
  0.0101   0.2344  -0.2239  -0.2572  -0.0094  -0.1467
  0.0013   0.2411  -0.2119  -0.2363  -0.0073  -0.1373
  0.0148   0.2459  -0.2158  -0.2360   0.0021  -0.1570
  0.0159   0.2687  -0.1955  -0.2332   0.0161  -0.1650
  0.0046   0.2807  -0.1965  -0.2374   0.0054  -0.1710
  0.0132   0.2645  -0.1876  -0.2351   0.0133  -0.1672
 -0.0045   0.3035  -0.1841  -0.2283   0.0166  -0.1576
 -0.0116   0.3026  -0.1820  -0.2544   0.0195  -0.1650
 -0.0123   0.2958  -0.1705  -0.2516   0.0330  -0.1699
 -0.0113   0.3368  -0.1835  -0.2391   0.0364  -0.1632
  0.0006   0.3462  -0.1872  -0.2785   0.0432  -0.1782
  0.0024   0.3565  -0.1963  -0.2920   0.0309  -0.1958
  0.0155   0.3338  -0.2056  -0.2536   0.0157  -0.1876
  0.0234   0.3455  -0.1889  -0.2637   0.0329  -0.1792
  0.0164   0.3347  -0.1881  -0.2696   0.0324  -0.1838
  0.0130   0.3664  -0.1880  -0.2742   0.0247  -0.1987
  0.0215   0.3820  -0.1950  -0.2850   0.0229  -0.2034
