 -0.0790  -0.2447   0.1159   0.0660   0.0292  -0.5234
 -0.0838  -0.1902   0.1399   0.0360   0.0563  -0.5353
 -0.0809  -0.1790   0.1629   0.0031   0.0758  -0.5387
 -0.0865  -0.3209   0.1686   0.0809   0.0650  -0.5478
 -0.0513  -0.4010   0.1366   0.0913   0.0432  -0.5189
 -0.0763  -0.2547   0.1660   0.0979   0.0500  -0.4647
 -0.0574  -0.2048   0.1809   0.1656   0.0547  -0.4622
 -0.0256  -0.1892   0.1663   0.1359   0.0556  -0.4515
 -0.0273  -0.1847   0.1679   0.1322   0.0557  -0.4466
 -0.0261  -0.1447   0.1680   0.0880   0.0530  -0.4598
 -0.0132  -0.1422   0.1702   0.0093   0.0575  -0.4901
 -0.0277  -0.1376   0.1847   0.0642   0.0440  -0.4975
 -0.0216  -0.0866   0.1605   0.0651   0.0410  -0.4726
 -0.0250  -0.0879   0.1703   0.0430   0.0373  -0.5082
 -0.0247  -0.0815   0.1616   0.1326   0.0249  -0.4574
 -0.0207  -0.0365   0.1084   0.1088   0.0156  -0.4511
 -0.0403  -0.0330   0.0760   0.1486  -0.0004  -0.4393
 -0.0498  -0.0257   0.0756   0.1869  -0.0068  -0.4083
 -0.0517   0.0018   0.0833   0.1854  -0.0114  -0.3999
 -0.0510  -0.0031   0.0862   0.1455  -0.0065  -0.4009
 -0.0561  -0.0447   0.0645   0.1645  -0.0019  -0.3937
 -0.0584  -0.0005   0.0343   0.1261  -0.0032  -0.4271
 -0.0644  -0.0775   0.0214   0.2348  -0.0260  -0.3918
 -0.0720  -0.0796   0.0202   0.1792  -0.0221  -0.3857
 -0.0635  -0.0531   0.0536   0.2345  -0.0172  -0.3556
 -0.0542  -0.0493   0.0619   0.2078  -0.0128  -0.3820
 -0.0475   0.0004   0.0652   0.2070  -0.0070  -0.3744
 -0.0432  -0.0513   0.0556   0.1379  -0.0059  -0.3910
 -0.0392  -0.1259   0.0388  -0.0213  -0.0008  -0.4673
 -0.0256  -0.0752   0.0432   0.0460   0.0134  -0.4500
 -0.0197  -0.0334   0.0498   0.0595   0.0089  -0.4230
 -0.0039   0.0143   0.0405   0.0429   0.0130  -0.4267
 -0.0062   0.0117   0.0373   0.0238  -0.0048  -0.4193
 -0.0334  -0.0120   0.0464   0.0833   0.0053  -0.3908
 -0.0205   0.0037   0.0510   0.1497   0.0099  -0.3640
 -0.0314  -0.0201   0.0360   0.1945  -0.0027  -0.3293
 -0.0392  -0.0106   0.0377   0.1837  -0.0023  -0.3187
 -0.0301   0.0030   0.0436   0.1099   0.0085  -0.3546
 -0.0235   0.0071   0.0437   0.0752   0.0137  -0.3508
 -0.0270   0.0247   0.0374   0.0561   0.0090  -0.3175
 -0.0124   0.0562   0.0048   0.0184   0.0196  -0.3332
 -0.0131   0.0505   0.0108   0.0600   0.0156  -0.3196
  0.0005   0.0661  -0.0090  -0.0225   0.0204  -0.3371
 -0.0116   0.0567   0.0018  -0.0072   0.0152  -0.3135
 -0.0011   0.0460  -0.0201  -0.0545   0.0042  -0.3294
 -0.0020   0.0121  -0.0040  -0.1007  -0.0027  -0.3613
 -0.0034   0.0186   0.0127  -0.1048   0.0051  -0.3573
 -0.0061   0.0266   0.0095  -0.1340   0.0046  -0.3595
  0.0007  -0.0034   0.0121  -0.1449   0.0068  -0.3674
  0.0124  -0.0138   0.0282  -0.1490   0.0041  -0.3580
  0.0258  -0.0191   0.0385  -0.1006   0.0045  -0.3467
  0.0264   0.0149   0.0456  -0.0925   0.0168  -0.3417
  0.0219   0.0353   0.0433  -0.0956   0.0264  -0.3279
  0.0229   0.0296   0.0637  -0.0901   0.0273  -0.2957
  0.0123   0.0325   0.0504  -0.0665   0.0212  -0.2709
  0.0101   0.0330   0.0584  -0.0385   0.0250  -0.2551
  0.0067   0.0287   0.0478  -0.0360   0.0228  -0.2526
 -0.0066   0.0349   0.0433   0.0047   0.0175  -0.2250
 -0.0044   0.0156   0.0425   0.0160   0.0172  -0.2084
 -0.0105  -0.0107   0.0511   0.0019   0.0194  -0.2124
 -0.0117  -0.0185   0.0159   0.0308   0.0220  -0.2128
  0.0006   0.0101   0.0285   0.0453   0.0216  -0.2029
  0.0023   0.0226   0.0131   0.0258   0.0228  -0.2047
  0.0217   0.0028   0.0232   0.0076   0.0303  -0.1771
  0.0095  -0.0115   0.0182   0.0207   0.0277  -0.1547
 -0.0205  -0.0327   0.0098  -0.0267   0.0287  -0.1792
  0.0024  -0.0052  -0.0050  -0.0006   0.0414  -0.1746
  0.0268   0.0023   0.0033   0.0125   0.0425  -0.1428
  0.0126   0.0274   0.0228   0.0088   0.0461  -0.1290
  0.0123   0.0369   0.0231   0.0126   0.0433  -0.1039
  0.0179   0.0187   0.0285   0.0390   0.0412  -0.0797
  0.0108   0.0045   0.0326   0.0322   0.0383  -0.0596
  0.0165   0.0052   0.0133   0.0362   0.0320  -0.0522
 -0.0053  -0.0235   0.0002   0.0087   0.0317  -0.0589
  0.0079  -0.0089   0.0062   0.0031   0.0331  -0.0394
  0.0017   0.0016   0.0078  -0.0058   0.0376  -0.0484
  0.0020   0.0096  -0.0018   0.0190   0.0424  -0.0188
  0.0120   0.0039  -0.0019  -0.0282   0.0489  -0.0395
  0.0068  -0.0018   0.0068  -0.0109   0.0436  -0.0227
  0.0141   0.0096   0.0220  -0.0452   0.0459  -0.0216
  0.0120   0.0200   0.0240  -0.0667   0.0385  -0.0190
  0.0103   0.0119   0.0161  -0.0953   0.0312  -0.0193
  0.0060   0.0194   0.0183  -0.1375   0.0335  -0.0213
  0.0015   0.0299   0.0309  -0.1277   0.0235  -0.0214
 -0.0095   0.0107   0.0330  -0.0894   0.0277   0.0090
 -0.0388  -0.0351   0.0225  -0.0682   0.0124   0.0282
 -0.0527  -0.0462   0.0253  -0.1053   0.0149   0.0129
 -0.0484  -0.0717   0.0111  -0.1122   0.0158   0.0093
 -0.0461  -0.0406  -0.0029  -0.0699   0.0078   0.0200
 -0.0383  -0.0314  -0.0103  -0.0417   0.0061   0.0309
 -0.0279   0.0076  -0.0052  -0.0384   0.0101   0.0497
 -0.0280   0.0135   0.0009  -0.0141   0.0092   0.0786
 -0.0274  -0.0100  -0.0078  -0.0175   0.0072   0.0879
 -0.0125  -0.0333  -0.0465  -0.0378  -0.0009   0.0632
 -0.0130   0.0209  -0.0534  -0.0370  -0.0092   0.0908
 -0.0223   0.0521  -0.0573  -0.0433  -0.0095   0.0735
 -0.0207   0.0502  -0.0526  -0.0524  -0.0170   0.0904
 -0.0204   0.0636  -0.0367  -0.0207  -0.0182   0.1239
 -0.0219   0.0776  -0.0391  -0.0243  -0.0215   0.1441
 -0.0333   0.0570  -0.0346   0.0186  -0.0252   0.1696
 -0.0314   0.0479  -0.0361   0.0095  -0.0249   0.1864
 -0.0530   0.0332  -0.0359   0.0181  -0.0299   0.1806
 -0.0360   0.0912  -0.0407   0.0103  -0.0308   0.1700
 -0.0504   0.0729  -0.0452   0.0518  -0.0281   0.1849
 -0.0398   0.1034  -0.0795   0.0856  -0.0309   0.1942
 -0.0455   0.1343  -0.0701   0.0891  -0.0441   0.2243
 -0.0339   0.1441  -0.0516   0.0950  -0.0437   0.2520
 -0.0474   0.1128  -0.0555   0.1433  -0.0525   0.2617
 -0.0554   0.0890  -0.0649   0.1190  -0.0660   0.2542
 -0.0197   0.1466  -0.0919   0.0549  -0.0472   0.2401
 -0.0059   0.1485  -0.0751   0.0568  -0.0459   0.2553
 -0.0129   0.1614  -0.0720   0.0631  -0.0511   0.2900
 -0.0053   0.1613  -0.0845   0.0457  -0.0465   0.3022
  0.0112   0.1379  -0.0853   0.0411  -0.0391   0.3129
  0.0216   0.1219  -0.0744   0.0393  -0.0303   0.3079
  0.0267   0.1218  -0.0782   0.0224  -0.0332   0.3148
  0.0292   0.1320  -0.0926   0.0091  -0.0418   0.2924
  0.0344   0.1537  -0.0867  -0.0361  -0.0396   0.3032
  0.0369   0.1416  -0.0911  -0.0717  -0.0464   0.2966
  0.0384   0.1647  -0.0919  -0.0812  -0.0525   0.3287
  0.0276   0.1543  -0.0920  -0.0358  -0.0565   0.3617
  0.0230   0.1324  -0.0996   0.0055  -0.0566   0.3771
  0.0165   0.1047  -0.1061   0.0199  -0.0601   0.3943
  0.0298   0.1295  -0.0973  -0.0062  -0.0566   0.3948
  0.0349   0.1008  -0.1045  -0.0136  -0.0579   0.4203
  0.0555  -0.0429  -0.2631  -0.1177  -0.0192   0.3522
  0.0436  -0.0464  -0.2276  -0.1417  -0.0230   0.3491
  0.0424  -0.0221  -0.1760  -0.0642  -0.0217   0.3899
  0.0465   0.0119  -0.1508  -0.0822  -0.0124   0.4133
  0.0389  -0.0305  -0.1551  -0.1041  -0.0233   0.4116
  0.0370  -0.0341  -0.1440  -0.1214  -0.0093   0.4133
  0.0382  -0.0318  -0.1354  -0.0870  -0.0128   0.4406
  0.0536  -0.0505  -0.1259  -0.0796  -0.0126   0.4590
  0.0628  -0.0113  -0.1160  -0.0999  -0.0076   0.4458
  0.0767   0.0298  -0.1061  -0.0903  -0.0028   0.4584
  0.0646   0.0206  -0.1115  -0.0427  -0.0092   0.4899
  0.0688   0.0217  -0.0937  -0.0954  -0.0074   0.4948
  0.0807   0.0217  -0.0756  -0.1271  -0.0043   0.4994
  0.0803   0.0158  -0.0702  -0.1327  -0.0104   0.5081
  0.0864   0.0126  -0.0550  -0.0992  -0.0142   0.5240
  0.0535   0.0067  -0.0890  -0.0246  -0.0332   0.5582
  0.0521   0.0208  -0.0885  -0.0026  -0.0306   0.5975
  0.0532   0.0178  -0.0665  -0.0185  -0.0407   0.6130
  0.0600   0.0156  -0.0548  -0.0056  -0.0474   0.6293
  0.0569  -0.0300  -0.0545  -0.0978  -0.0383   0.6253
  0.0657  -0.0391  -0.0383  -0.1668  -0.0399   0.6092
  0.0788  -0.0388  -0.0198  -0.1437  -0.0303   0.6166
  0.0817  -0.0652  -0.0158  -0.1061  -0.0289   0.6521
  0.0753  -0.0782  -0.0062  -0.0990  -0.0364   0.6444
  0.0729  -0.0533  -0.0073  -0.1018  -0.0353   0.6532
  0.0774  -0.0265   0.0068  -0.1199  -0.0362   0.6678
  0.0743  -0.0223   0.0033  -0.1404  -0.0339   0.6702
  0.0841  -0.0112   0.0051  -0.1322  -0.0311   0.6941
  0.0810   0.0004   0.0152  -0.1688  -0.0325   0.7064
  0.0843  -0.0087   0.0121  -0.1166  -0.0337   0.7334
  0.0774  -0.0296   0.0121  -0.0987  -0.0387   0.7451
