 -0.0496  -0.0056  -0.0174   0.0903  -0.0200  -0.1237
 -0.0340  -0.0195   0.0026   0.0791  -0.0234  -0.1218
 -0.0373  -0.0188  -0.0108   0.0869  -0.0183  -0.1180
 -0.0326  -0.0154  -0.0099   0.0642  -0.0223  -0.1028
 -0.0389  -0.0093  -0.0131   0.0555  -0.0221  -0.1055
 -0.0353  -0.0125   0.0038   0.0670  -0.0144  -0.1011
 -0.0231  -0.0075   0.0140   0.0640  -0.0096  -0.1051
 -0.0259   0.0058   0.0100   0.0615  -0.0104  -0.1234
 -0.0282  -0.0065   0.0221   0.0805  -0.0114  -0.1141
 -0.0271  -0.0223   0.0339   0.0793  -0.0079  -0.1016
 -0.0308  -0.0109   0.0244   0.0705  -0.0130  -0.1313
 -0.0306  -0.0293   0.0398   0.0714  -0.0043  -0.1190
 -0.0208  -0.0441   0.0445   0.0641   0.0070  -0.0743
 -0.0159  -0.0543   0.0515   0.0692   0.0167  -0.0954
 -0.0172  -0.0604   0.0431   0.0581   0.0132  -0.0627
 -0.0230  -0.0539   0.0399   0.0344   0.0118  -0.0668
 -0.0227  -0.0529   0.0443   0.0319   0.0125  -0.0660
 -0.0215  -0.0457   0.0417   0.0455   0.0096  -0.0601
 -0.0143  -0.0283   0.0467   0.0322   0.0128  -0.0427
 -0.0131   0.0128   0.0517   0.0212   0.0150  -0.0750
 -0.0149   0.0166   0.0334   0.0324   0.0113  -0.0678
 -0.0078   0.0115   0.0423   0.0224   0.0116  -0.0450
 -0.0134   0.0162   0.0420   0.0330   0.0122  -0.0440
  0.0030   0.0052   0.0542   0.0437   0.0091  -0.0345
 -0.0041  -0.0058   0.0482   0.0359   0.0077  -0.0337
 -0.0038  -0.0203   0.0433   0.0312   0.0047  -0.0214
  0.0090  -0.0093   0.0476   0.0183   0.0068  -0.0103
  0.0180   0.0070   0.0397   0.0010   0.0075  -0.0294
  0.0262  -0.0212   0.0438   0.0194   0.0109  -0.0354
  0.0438   0.0046   0.0331   0.0280   0.0259  -0.0324
  0.0147  -0.0071   0.0354   0.0154   0.0144  -0.0208
 -0.0002   0.0083   0.0344   0.0131   0.0074  -0.0018
  0.0061   0.0088   0.0172   0.0063   0.0072  -0.0128
 -0.0201   0.0233   0.0199   0.0073  -0.0005  -0.0065
 -0.0079   0.0167   0.0251   0.0317   0.0024   0.0088
  0.0030  -0.0001   0.0213   0.0166   0.0019   0.0187
 -0.0014   0.0016   0.0323   0.0312   0.0014  -0.0271
  0.0105  -0.0105   0.0255   0.0392   0.0062  -0.0062
  0.0247  -0.0105   0.0287   0.0335   0.0080   0.0069
  0.0203  -0.0180   0.0343   0.0363   0.0164   0.0357
  0.0205  -0.0212   0.0348   0.0291   0.0232   0.0455
  0.0149  -0.0062   0.0355   0.0112   0.0089   0.0255
  0.0145  -0.0049   0.0321   0.0121   0.0073   0.0155
  0.0115  -0.0095   0.0272   0.0173   0.0067   0.0108
 -0.0600   0.0704   0.0638   0.0480   0.0374   0.0065
 -0.1407   0.0957  -0.0223  -0.0978  -0.0313   0.0740
 -0.0737   0.1185  -0.0279  -0.0575  -0.0115   0.0286
 -0.0464   0.0834  -0.0237  -0.0358   0.0032  -0.0050
 -0.0359   0.0816  -0.0228  -0.0202  -0.0001  -0.0085
 -0.0388   0.0901  -0.0202  -0.0269  -0.0092  -0.0204
 -0.0240   0.1024   0.0041  -0.0075  -0.0001   0.0058
 -0.0232   0.1122   0.0166  -0.0190  -0.0025   0.0113
 -0.0172   0.0996   0.0055  -0.0303  -0.0008   0.0162
 -0.0195   0.1029   0.0123  -0.0296  -0.0006   0.0132
 -0.0158   0.1103   0.0097  -0.0319   0.0009   0.0098
 -0.0140   0.1020   0.0071  -0.0356  -0.0028   0.0172
 -0.0176   0.0996   0.0138  -0.0555   0.0021   0.0042
 -0.0260   0.0828  -0.0022  -0.0390  -0.0002   0.0295
 -0.0281   0.0638  -0.0089  -0.0362  -0.0040   0.0389
 -0.0099   0.0544  -0.0071  -0.0291  -0.0051   0.0266
 -0.0067   0.0483  -0.0114  -0.0391  -0.0035   0.0232
  0.0070   0.0663  -0.0145  -0.0371   0.0021   0.0332
  0.0033   0.0752  -0.0114  -0.0527   0.0016   0.0165
 -0.0056   0.0710  -0.0051  -0.0476   0.0027   0.0250
  0.0041   0.0507  -0.0074  -0.0304   0.0022   0.0302
  0.0071   0.0484  -0.0006  -0.0479  -0.0009   0.0754
 -0.0280  -0.0358  -0.0334  -0.1098  -0.0190   0.0514
  0.0338  -0.0304  -0.0075  -0.0524   0.0004   0.0378
  0.0391  -0.0473  -0.0397  -0.0299  -0.0046   0.0331
  0.0438  -0.0583  -0.0562  -0.0421  -0.0028   0.0375
  0.0594  -0.0637  -0.0490  -0.0401   0.0009   0.0451
  0.0443  -0.0902  -0.0621  -0.0562  -0.0097   0.0574
  0.0374  -0.0636  -0.0746  -0.0389  -0.0085   0.0545
  0.0510  -0.0810  -0.0705  -0.0446  -0.0080   0.0686
  0.0431  -0.0650  -0.0732  -0.0355  -0.0063   0.0772
  0.0473  -0.0781  -0.0693  -0.0570  -0.0045   0.1085
  0.0696  -0.0724  -0.0598  -0.0316  -0.0075   0.0944
  0.0683  -0.0603  -0.0678  -0.0413  -0.0011   0.0869
  0.0690  -0.0621  -0.0630  -0.0571   0.0003   0.0888
  0.0638  -0.0707  -0.0876  -0.0570  -0.0010   0.1108
  0.0746  -0.0780  -0.0846  -0.0598  -0.0010   0.1290
  0.0594  -0.0746  -0.0762  -0.0653  -0.0123   0.1380
  0.0464  -0.0824  -0.0851  -0.0777  -0.0272   0.1304
  0.0752  -0.1494  -0.0688  -0.0870   0.0035   0.2071
  0.0602  -0.0948  -0.1133  -0.0464  -0.0094   0.1444
