 -0.6641   1.2479   0.1306  -0.5037  -0.3906   0.1115
 -0.6570   1.2035   0.1606  -0.4777  -0.3739   0.1849
 -0.6434   1.1746   0.1470  -0.4724  -0.3734   0.0302
 -0.6399   1.1543   0.1581  -0.4567  -0.3512   0.0941
 -0.6235   1.1266   0.1336  -0.3535  -0.3726   0.1277
 -0.6420   1.1004   0.1382  -0.3613  -0.3861   0.0069
 -0.6425   1.1666   0.1406  -0.4183  -0.3694   0.1298
 -0.6021   1.0609   0.1242  -0.3429  -0.3487   0.0119
 -0.6139   0.9878   0.1140  -0.2772  -0.3606   0.0320
 -0.6015   0.9375   0.1186  -0.2859  -0.3418   0.2350
 -0.5851   0.8493   0.1068  -0.1930  -0.3655   0.0255
 -0.6016   0.9126   0.0878  -0.1896  -0.3812   0.2271
 -0.5448   0.9071   0.0578  -0.1675  -0.3729   0.0077
 -0.5198   0.8755   0.0772  -0.1408  -0.3533   0.1249
 -0.5084   0.8119   0.0511  -0.0844  -0.3523  -0.0720
 -0.5074   0.7053   0.0807  -0.0163  -0.2861   0.0853
 -0.5260   0.6868   0.0511   0.0035  -0.3255   0.0064
 -0.5218   0.6887   0.0525   0.0495  -0.3163  -0.0025
 -0.5197   0.6670   0.0428   0.0709  -0.3339   0.1188
 -0.5045   0.6222   0.0306   0.0831  -0.3323  -0.0685
 -0.4943   0.5869   0.0360   0.1347  -0.3414   0.0853
 -0.4831   0.5422   0.0170   0.0853  -0.3424   0.0080
 -0.4731   0.5923   0.0463   0.1675  -0.3113  -0.0226
 -0.4377   0.6044   0.0504   0.1846  -0.3170  -0.0198
 -0.4466   0.5473   0.0412   0.1737  -0.3277  -0.0921
 -0.4476   0.4863   0.0532   0.2184  -0.3134   0.0755
 -0.4461   0.4666   0.0317   0.1922  -0.3180  -0.1468
 -0.4341   0.4777   0.0437   0.1728  -0.3102   0.1411
 -0.4078   0.4051   0.0355   0.1487  -0.2917  -0.0440
 -0.4232   0.4145   0.0266   0.1597  -0.3028   0.0479
 -0.4018   0.3431   0.0302   0.1845  -0.3095  -0.0348
 -0.4284   0.3555   0.0202   0.1876  -0.3237  -0.0656
 -0.4199   0.3590   0.0333   0.2256  -0.3110   0.1055
 -0.4259   0.3354   0.0305   0.2764  -0.3292  -0.0912
 -0.4103   0.3362   0.0579   0.2909  -0.3088   0.0958
 -0.3950   0.3507   0.0685   0.2961  -0.2908   0.0078
 -0.3956   0.3808   0.0625   0.3353  -0.2526   0.0221
 -0.3645   0.3327   0.0289   0.2641  -0.2628  -0.0214
 -0.3663   0.3654   0.0663   0.2109  -0.2702   0.1245
 -0.3770   0.3359   0.0592   0.2042  -0.2647  -0.0057
 -0.3773   0.3332   0.0584   0.2861  -0.2663  -0.0292
 -0.3829   0.6492   0.0665   0.1657  -0.2578   0.0339
 -0.2483   0.7594   0.0756   0.1892  -0.1871  -0.2082
 -0.2410   0.5893   0.0970   0.2347  -0.1656   0.0122
 -0.3260   0.5541   0.0928   0.1469  -0.2413  -0.1940
 -0.2815   0.5413   0.0688   0.1806  -0.1975   0.2417
 -0.2551   0.4081   0.0976   0.2109  -0.2106  -0.0444
 -0.2991   0.4648   0.1326   0.1893  -0.1985   0.2342
 -0.2637   0.2339   0.1214   0.3408  -0.1722  -0.0465
 -0.2932   0.2344   0.1399   0.3211  -0.1727   0.3425
 -0.2587   0.1320   0.1637   0.4162  -0.1945   0.0129
 -0.2363   0.1858   0.1983   0.4501  -0.1560   0.0823
 -0.2112   0.3653   0.1970   0.3662  -0.1692   0.0785
 -0.2784   0.6763   0.0596  -0.0358  -0.1002   0.6449
 -0.2204   0.4774   0.0487  -0.0233  -0.0822   0.0177
 -0.1929   0.5513   0.0412  -0.0328  -0.1414   0.2050
 -0.2207   0.4290   0.0788   0.0004  -0.1415   0.0615
 -0.2179   0.4122   0.0820  -0.0160  -0.1415   0.0913
 -0.1687   0.3304   0.1048   0.0407  -0.0933   0.0782
 -0.1724   0.3427   0.1020   0.0606  -0.0773   0.0879
 -0.1593   0.3856   0.0873   0.0046  -0.0504   0.0893
 -0.1738   0.3832   0.0287  -0.0719  -0.0641   0.1069
 -0.1801   0.3959  -0.0173  -0.0714  -0.0984   0.0154
 -0.1889   0.3394  -0.0052  -0.0882  -0.0947  -0.0538
 -0.1781   0.3490  -0.0232  -0.0909  -0.0900   0.1166
 -0.1942   0.3438  -0.0253  -0.2559  -0.1061  -0.2021
  0.2199  -0.2462  -0.1686  -0.1707  -0.1650  -0.0226
  0.8688  -0.0025  -0.2543  -0.2576   0.0723  -0.1265
  0.4894   0.0341  -0.2065  -0.2439   0.0365  -0.1114
  0.3612   0.1046  -0.1463  -0.3919   0.0807  -0.0212
  0.3420   0.0469  -0.1210  -0.3170   0.0825  -0.0550
  0.3499  -0.1023  -0.1403  -0.3028   0.0825   0.0221
  0.3539  -0.1476  -0.1326  -0.2416   0.0760  -0.1060
  0.3528  -0.1668  -0.1282  -0.2566   0.0861   0.0237
  0.3443  -0.1836  -0.1186  -0.1858   0.0860  -0.1056
  0.3287  -0.2112  -0.1132  -0.2225   0.1049   0.0051
  0.3315  -0.2152  -0.1146  -0.1716   0.0995  -0.1159
  0.3098  -0.1884  -0.0868  -0.1876   0.1310   0.0074
  0.3311  -0.1836  -0.0296  -0.1121   0.1483  -0.1217
  0.3321  -0.2064  -0.0390  -0.1444   0.1410  -0.0584
  0.3271  -0.2430  -0.0521  -0.0664   0.1261  -0.1233
  0.3213  -0.2435  -0.0486  -0.1354   0.1454  -0.0907
  0.3174  -0.2387  -0.0244  -0.0792   0.1569  -0.1074
  0.2853  -0.1883   0.0526  -0.0754   0.2187  -0.1110
  0.2896  -0.1655   0.0795  -0.0282   0.2266  -0.1301
  0.3018  -0.1961   0.0418  -0.0859   0.2148  -0.0297
  0.3201  -0.1949   0.0512  -0.0393   0.2088  -0.1420
  0.3314  -0.1428   0.0647  -0.0013   0.2086  -0.1169
  0.3079  -0.1369   0.0884   0.0170   0.2287  -0.2153
  0.2829  -0.1162   0.0916   0.0236   0.2501  -0.0725
  0.3028  -0.1222   0.1025   0.0861   0.2596  -0.2304
  0.2886  -0.1087   0.1109   0.0944   0.2637  -0.0624
  0.2942  -0.1387   0.0910   0.1013   0.2493  -0.2695
  0.2767  -0.1752   0.0657   0.0346   0.2540  -0.0260
  0.2942  -0.2144   0.0454   0.0407   0.2254  -0.2672
  0.2839  -0.2488   0.0183   0.0103   0.2080  -0.0256
  0.2885  -0.3684   0.0304   0.0765   0.1981  -0.1696
  0.3559  -0.2940   0.0300   0.0489   0.2353   0.0723
  0.3090  -0.2108  -0.0083  -0.0752   0.2257  -0.1053
  0.2812  -0.1167  -0.0081  -0.2165   0.2537   0.1390
  0.2563  -0.2341  -0.0448  -0.0773   0.2320  -0.1365
  0.2632  -0.2929  -0.0285  -0.1012   0.2498   0.1278
  0.2454  -0.3469  -0.0378  -0.0633   0.2362  -0.0630
  0.2519  -0.3509  -0.0107  -0.0193   0.2413   0.0589
  0.2470  -0.3753  -0.0305  -0.0842   0.2277   0.0424
  0.2545  -0.3634  -0.0229  -0.0033   0.2310  -0.0593
  0.2609  -0.3633  -0.0070  -0.0332   0.2469   0.1040
  0.2492  -0.4017   0.0001   0.0127   0.2422  -0.0986
  0.2286  -0.3644  -0.0096  -0.0882   0.2714   0.1260
  0.2414  -0.3536  -0.0082  -0.0714   0.2652  -0.0845
  0.2458  -0.3483  -0.0045  -0.0575   0.2628   0.0592
  0.2348  -0.4057  -0.0207  -0.0817   0.2469  -0.0395
  0.2402  -0.4115  -0.0370  -0.0760   0.2223   0.0205
  0.2302  -0.4519  -0.0887  -0.1716   0.1943   0.0782
  0.2353  -0.4815  -0.0829  -0.1126   0.1818  -0.0526
  0.2551  -0.5290  -0.0499  -0.1055   0.2093   0.1184
  0.2732  -0.4466   0.0031   0.0846   0.2365  -0.1595
  0.2891  -0.4857   0.0085   0.0191   0.2341   0.0503
  0.2845  -0.5225   0.0117   0.0736   0.2280  -0.0995
  0.2730  -0.5158   0.0113   0.0442   0.2460   0.0407
  0.2804  -0.5374   0.0027   0.0591   0.2426  -0.1125
  0.2859  -0.5595  -0.0187   0.0416   0.2336   0.0323
  0.2797  -0.5620  -0.0108   0.0466   0.2423  -0.0909
  0.2728  -0.5592  -0.0253   0.0362   0.2493   0.0546
  0.2653  -0.5895  -0.0395   0.0451   0.2408  -0.1064
  0.2591  -0.5959  -0.0511   0.0368   0.2456   0.0763
  0.2435  -0.6217  -0.0690   0.0175   0.2374  -0.0447
  0.2314  -0.6343  -0.1115   0.0051   0.2142   0.0270
  0.2098  -0.6749  -0.1393  -0.0410   0.1927   0.0333
  0.2187  -0.6827  -0.1415   0.0299   0.1799  -0.0443
  0.2097  -0.6686  -0.1171   0.0598   0.2091  -0.0143
  0.2130  -0.6697  -0.1184   0.0819   0.2107  -0.1107
  0.2114  -0.6944  -0.1315   0.0734   0.2044  -0.0139
  0.2025  -0.6920  -0.1546   0.1002   0.1825  -0.0722
  0.2109  -0.7228  -0.1590   0.0802   0.1705  -0.0964
  0.2085  -0.7069  -0.1640   0.0782   0.1652  -0.0367
  0.2094  -0.7364  -0.1569   0.0686   0.1738  -0.1068
  0.2120  -0.7091  -0.1534   0.0687   0.1786  -0.0151
  0.2091  -0.7475  -0.1582   0.0819   0.1752  -0.1211
  0.2010  -0.7388  -0.1591   0.0912   0.1723  -0.0139
  0.2022  -0.7472  -0.1615   0.0932   0.1755  -0.1336
  0.2039  -0.7204  -0.1468   0.0609   0.1877   0.0138
  0.2065  -0.8001  -0.1619   0.0841   0.1700  -0.2242
  0.2227  -0.7556  -0.1509   0.0861   0.1779   0.0620
  0.2227  -0.8211  -0.1769   0.0754   0.1657  -0.1307
  0.3038  -0.8422  -0.1555   0.0598   0.1592   0.1262
  0.3448  -1.0000  -0.2945   0.0704   0.1774  -0.0070
  0.2913  -0.7612  -0.1892  -0.0077   0.1749  -0.0002
  0.2962  -0.7543  -0.1971   0.0306   0.1914  -0.0018
  0.2880  -0.7833  -0.1973   0.1109   0.1941  -0.0680
  0.2921  -0.8077  -0.1951   0.0897   0.2035   0.0472
