  0.1576  -0.2101   0.2118  -0.2308   0.0265   0.3791
  0.1862  -0.2354   0.1979  -0.2181   0.0310   0.3503
  0.1763  -0.2002   0.1943  -0.1421   0.0380   0.2928
  0.1771  -0.1559   0.1700  -0.1634   0.0232   0.3073
  0.1522  -0.1967   0.1718  -0.1831   0.0176   0.3168
  0.1545  -0.1922   0.1575  -0.1301   0.0125   0.3047
  0.1496  -0.1410   0.1627  -0.1301   0.0219   0.3106
  0.1525  -0.1704   0.1714  -0.1634   0.0152   0.2569
  0.1694  -0.1498   0.1631  -0.1063   0.0261   0.2355
  0.1780  -0.1020   0.1477  -0.0882   0.0307   0.1977
  0.1608  -0.1204   0.1626  -0.1220   0.0266   0.2172
  0.1699  -0.1340   0.1198  -0.1027   0.0008   0.1845
  0.1565  -0.0922   0.1141  -0.0946   0.0204   0.2451
  0.1464  -0.0749   0.1107  -0.1055   0.0276   0.2226
  0.1343  -0.0972   0.1113  -0.0865   0.0333   0.1430
  0.1397  -0.0977   0.1026  -0.0651   0.0339   0.1666
  0.1304  -0.0609   0.1065  -0.0507   0.0093   0.1915
  0.1440  -0.0752   0.1129  -0.0755   0.0103   0.1509
  0.1483  -0.0745   0.1158  -0.0580   0.0227   0.1760
  0.1436  -0.0424   0.1276  -0.0717   0.0290   0.2172
  0.1490  -0.0338   0.0995  -0.0281   0.0249   0.1535
  0.1457  -0.0549   0.0853  -0.0443   0.0179   0.1691
  0.1319  -0.0748   0.0861  -0.0586   0.0045   0.2012
  0.1176  -0.1029   0.0795  -0.0698   0.0068   0.1790
  0.1056  -0.0848   0.0415  -0.0345  -0.0150   0.1366
  0.0862  -0.0648   0.0467  -0.0357  -0.0177   0.0938
  0.0961  -0.0971   0.0389  -0.0036  -0.0026   0.0415
  0.0686  -0.0625   0.0375   0.0040   0.0013   0.0824
  0.0777  -0.1082   0.0812  -0.0036   0.0207   0.0751
  0.0662  -0.1146   0.0643   0.0098   0.0125   0.1210
  0.0463  -0.0875   0.0594   0.0271   0.0099   0.1172
  0.0657  -0.0835   0.0817  -0.0097   0.0213   0.1099
  0.0576  -0.1205   0.0755   0.0179   0.0223   0.0615
  0.0452  -0.0962   0.0733   0.0925   0.0122   0.1306
  0.0403  -0.0675   0.0786   0.0539   0.0119   0.0405
  0.0535  -0.0840   0.0836   0.0468   0.0299   0.0881
  0.0536  -0.0941   0.0809   0.0550   0.0273   0.0165
  0.0497  -0.0730   0.0769   0.0317   0.0251   0.0411
  0.0571  -0.0859   0.0810   0.0776   0.0266   0.0193
  0.0489  -0.0708   0.0922   0.0634   0.0304   0.0287
  0.0507  -0.0672   0.0899   0.0137   0.0294   0.0765
  0.0459  -0.0800   0.0840   0.0403   0.0349   0.0306
  0.0439  -0.0543   0.0852   0.0382   0.0324   0.0071
  0.0387  -0.0729   0.0837   0.0105   0.0309   0.0574
  0.0257  -0.0734   0.0663   0.0566   0.0258   0.0338
  0.0058  -0.0239   0.0680   0.0399   0.0257   0.0047
  0.0159  -0.0486   0.0612   0.0314   0.0235   0.0214
  0.0278  -0.0378   0.0697   0.0880   0.0063   0.0186
  0.0296  -0.0524   0.0778   0.0779   0.0019   0.0214
  0.0294  -0.0667   0.0705   0.0654   0.0087  -0.0910
  0.0297   0.1486   0.0815  -0.0147   0.0402   0.0694
  0.0367  -0.0074   0.0528   0.0144   0.0189  -0.0445
  0.0255   0.0367   0.0383   0.0590   0.0168  -0.0506
  0.0229   0.1052   0.0202   0.0423   0.0014  -0.0907
  0.0099   0.0701   0.0153   0.1205  -0.0146  -0.0886
  0.0181   0.0200   0.0119   0.0679  -0.0012   0.0001
  0.0242  -0.0345   0.0218   0.0270   0.0024  -0.0273
  0.0295  -0.0078   0.0183   0.0201   0.0151  -0.0528
  0.0160   0.0276   0.0082   0.0271   0.0140  -0.0524
  0.0164   0.0400   0.0144  -0.0089   0.0200  -0.0390
  0.0047   0.0138   0.0034   0.0293   0.0089  -0.0754
 -0.0233   0.0343  -0.0086   0.0261  -0.0027  -0.0190
 -0.0283   0.0231  -0.0151   0.0509  -0.0066  -0.0488
 -0.0446   0.0404  -0.0164   0.0883  -0.0290  -0.0343
 -0.0555   0.0547  -0.0185   0.0622  -0.0207  -0.0409
 -0.0442   0.0102  -0.0131   0.0709  -0.0167  -0.0741
 -0.0487   0.0124  -0.0359   0.0976  -0.0251  -0.0915
 -0.0506   0.0597  -0.0406   0.0512  -0.0333  -0.0742
 -0.0431   0.0361  -0.0296   0.0139  -0.0281  -0.0439
 -0.0259   0.0287  -0.0395   0.0277  -0.0197  -0.0141
 -0.0457   0.0435  -0.0454   0.0238  -0.0290  -0.0291
 -0.0309   0.0554  -0.0422   0.0347  -0.0232  -0.0173
 -0.0364   0.0515  -0.0494   0.0323  -0.0242  -0.0093
 -0.0417   0.0498  -0.0538   0.0518  -0.0271  -0.0423
 -0.0500   0.0689  -0.0591   0.0600  -0.0311  -0.0681
 -0.0207   0.0358  -0.0539   0.0225  -0.0233  -0.0169
 -0.0157   0.0270  -0.0466  -0.0264  -0.0185  -0.0088
 -0.0390   0.0858  -0.0658  -0.0011  -0.0359   0.0372
 -0.0461   0.0698  -0.0579   0.0213  -0.0286  -0.0213
 -0.0473   0.0359  -0.0519   0.0410  -0.0232  -0.1146
 -0.0613   0.0798  -0.0721   0.0449  -0.0368  -0.1043
 -0.0545   0.0544  -0.0578   0.0140  -0.0317  -0.0551
 -0.0453   0.0400  -0.0448   0.0094  -0.0173  -0.0266
 -0.0515   0.0772  -0.0578   0.0268  -0.0257  -0.0524
 -0.0531   0.0540  -0.0454   0.0089  -0.0251  -0.0426
 -0.0480   0.0459  -0.0424   0.0255  -0.0394  -0.0594
 -0.0185   0.0477  -0.0748  -0.0409  -0.0312  -0.0831
 -0.0199   0.0695  -0.0849  -0.0060  -0.0477  -0.0592
 -0.0176   0.0636  -0.0805   0.0034  -0.0405  -0.0129
 -0.0188   0.0567  -0.0779   0.0283  -0.0278  -0.1086
 -0.0094   0.1737  -0.0530  -0.0159  -0.0087  -0.0638
  0.0120   0.0550  -0.0520  -0.0286   0.0040  -0.1384
 -0.0215   0.0991  -0.0718   0.0286  -0.0149  -0.0759
 -0.0272   0.0800  -0.0683   0.0269  -0.0196  -0.0517
 -0.0276   0.0497  -0.0793   0.0376  -0.0135  -0.1079
 -0.0476   0.1098  -0.0922   0.0433  -0.0293  -0.0878
 -0.0493   0.0637  -0.0828  -0.0056  -0.0289  -0.0812
 -0.0543   0.0653  -0.1004   0.0759  -0.0356  -0.0972
 -0.0669   0.0825  -0.0873   0.0604  -0.0413  -0.1179
 -0.0603   0.0497  -0.0788   0.0417  -0.0335  -0.0852
 -0.0596   0.0678  -0.0614   0.0821  -0.0272  -0.1155
 -0.0622   0.0862  -0.0785   0.0815  -0.0273  -0.0906
 -0.0487   0.0581  -0.0654   0.0969  -0.0214  -0.0769
 -0.0571   0.0504  -0.0805   0.0967  -0.0208  -0.1579
 -0.0674   0.0938  -0.0875   0.0888  -0.0249  -0.1513
 -0.0563   0.0433  -0.0642   0.0843  -0.0124  -0.1452
 -0.0741   0.0413  -0.0844   0.1080  -0.0224  -0.1512
 -0.0806   0.0467  -0.0783   0.0965  -0.0223  -0.1239
 -0.0769   0.0132  -0.0836   0.1148  -0.0223  -0.1986
 -0.0630   0.0566  -0.0781   0.0927  -0.0256  -0.1000
 -0.0475   0.0457  -0.0620   0.0198  -0.0296  -0.1089
 -0.0453   0.0439  -0.0712   0.0564  -0.0141  -0.1041
 -0.0398   0.0762  -0.0606   0.0511   0.0014  -0.1199
 -0.0394   0.0378  -0.0577   0.0403  -0.0022  -0.1401
 -0.0444   0.0528  -0.0712   0.0815  -0.0089  -0.1182
 -0.0595   0.0776  -0.0721   0.0811  -0.0080  -0.1370
 -0.0481   0.0663  -0.0642   0.0726   0.0079  -0.1199
 -0.0486   0.0403  -0.0734   0.0951   0.0079  -0.1483
 -0.0587   0.0808  -0.0806   0.0937   0.0064  -0.1617
 -0.0624   0.0564  -0.0740   0.0700   0.0081  -0.1233
 -0.0659   0.0390  -0.0673   0.0628   0.0073  -0.1388
 -0.0748   0.0689  -0.0727   0.0842  -0.0004  -0.1309
 -0.0618   0.0465  -0.0552   0.0376   0.0037  -0.1240
 -0.0716   0.0396  -0.0668   0.0312   0.0027  -0.0907
 -0.0749   0.0731  -0.0670   0.0323  -0.0038  -0.1074
 -0.0528   0.0439  -0.0388  -0.0333   0.0281  -0.0936
 -0.0533   0.0502  -0.0453   0.0123   0.0182  -0.0868
 -0.0125   0.0382  -0.0565  -0.1892   0.0217   0.0147
 -0.0221   0.0445  -0.0466  -0.0999   0.0170  -0.0459
 -0.0377   0.0653  -0.0493  -0.0761   0.0234   0.0183
 -0.0442   0.0588  -0.0505  -0.1019   0.0189  -0.0218
 -0.0368   0.0130  -0.0523  -0.1083   0.0322  -0.0957
 -0.0541   0.0451  -0.0547  -0.0631   0.0320  -0.0521
 -0.0734   0.0530  -0.0635  -0.0995   0.0242   0.0097
 -0.0690   0.0184  -0.0646  -0.0878   0.0142  -0.0254
 -0.0797   0.0222  -0.0617  -0.0749   0.0145  -0.0055
 -0.0984   0.0301  -0.0661  -0.1057   0.0160  -0.0307
 -0.0931  -0.0024  -0.0646  -0.0602   0.0046  -0.0681
 -0.1014   0.0383  -0.0642  -0.0724   0.0061  -0.0307
 -0.0967   0.0055  -0.0584  -0.0757   0.0218  -0.0680
 -0.1001   0.0061  -0.0692  -0.0460   0.0143  -0.0786
 -0.1346   0.0400  -0.0546  -0.0562  -0.0066  -0.0420
 -0.1099   0.0343  -0.0592  -0.0777  -0.0060  -0.0922
 -0.1186   0.0216  -0.0523  -0.0498  -0.0324  -0.0265
 -0.1302   0.0260  -0.0581  -0.0506  -0.0230  -0.0323
 -0.1306   0.0031  -0.0587  -0.0074  -0.0150  -0.0348
 -0.1500   0.0304  -0.0720  -0.0167  -0.0236  -0.0298
 -0.1397   0.0114  -0.0587  -0.0572  -0.0192  -0.0144
 -0.1305  -0.0143  -0.0532  -0.0481  -0.0146  -0.0138
 -0.1287   0.0190  -0.0494  -0.0576  -0.0019   0.0108
