  0.0397   0.0880  -0.2566  -0.3224   0.0823   0.1098
  0.0412   0.0119  -0.2787  -0.2512   0.1106   0.0377
  0.0016  -0.0026  -0.2790  -0.1591   0.0858   0.1874
  0.0093  -0.0129  -0.2725  -0.1368   0.0927   0.1349
  0.0019  -0.0337  -0.2872  -0.1357   0.0830   0.1177
  0.0012  -0.0355  -0.2729  -0.0993   0.0914   0.1940
 -0.0171  -0.0163  -0.2664  -0.1335   0.0864   0.0959
 -0.0373  -0.0425  -0.2793  -0.0912   0.0759   0.1852
 -0.0841   0.1864  -0.2766  -0.2724   0.0788   0.2024
 -0.1121  -0.0899  -0.2929  -0.1612   0.0515   0.2373
 -0.1504  -0.1587  -0.2965  -0.1577  -0.0391   0.2221
 -0.1284  -0.1674  -0.3093  -0.1148   0.0028   0.1640
 -0.1458  -0.1158  -0.3007  -0.1563  -0.0235   0.3319
 -0.1258  -0.1463  -0.3406  -0.1788  -0.0296   0.1961
 -0.2064  -0.1094  -0.3150  -0.1956  -0.0428   0.3342
 -0.1987  -0.1933  -0.3536  -0.1330  -0.0828   0.2647
 -0.2480  -0.2165  -0.2584  -0.0793  -0.0764   0.1531
 -0.2750  -0.2732  -0.1822  -0.0216  -0.0084   0.3543
 -0.2921  -0.2720  -0.1424   0.0416  -0.0370   0.3768
 -0.2750  -0.3169  -0.1774  -0.0244  -0.0717   0.3748
 -0.2466  -0.2401  -0.2745  -0.1649  -0.0665   0.2631
 -0.3733  -0.0937  -0.3454  -0.3712  -0.0624   0.4373
 -0.3414  -0.2315  -0.3455  -0.2793  -0.1163   0.3475
 -0.3208  -0.3212  -0.3501  -0.1939  -0.1116   0.1826
 -0.3374  -0.3811  -0.3336  -0.1198  -0.1063   0.3014
 -0.3288  -0.4143  -0.3265  -0.1271  -0.1114   0.2826
 -0.3323  -0.3939  -0.2916  -0.1448  -0.0892   0.3203
 -0.3007  -0.3447  -0.2882  -0.0863  -0.0675   0.3932
 -0.3502  -0.1166  -0.2563  -0.2979  -0.0484   0.3158
 -0.3409  -0.1915  -0.2614  -0.2372  -0.0807   0.2639
 -0.3231  -0.2832  -0.2465  -0.1737  -0.0850   0.2738
 -0.2901  -0.3075  -0.2547  -0.1616  -0.0751   0.2420
  0.2323   0.6455  -0.2095  -0.6037  -0.1890  -0.6082
 -0.0254   0.3086  -0.3396  -0.3850  -0.0793  -0.2903
 -0.0984   0.0096  -0.2973  -0.3119  -0.1128  -0.1509
 -0.0627   0.0178  -0.3106  -0.3063  -0.0833  -0.2388
 -0.0511   0.0180  -0.2863  -0.2405  -0.0651  -0.2167
 -0.0755  -0.0352  -0.2873  -0.1433  -0.0685  -0.1082
 -0.0806  -0.0943  -0.3282  -0.1439  -0.0669  -0.2088
 -0.0910  -0.0765  -0.3111  -0.1062  -0.0647  -0.0852
 -0.0799  -0.1079  -0.2897  -0.0882  -0.0442  -0.1280
 -0.0720  -0.1298  -0.2975  -0.0525  -0.0316  -0.1592
 -0.0871  -0.1118  -0.2557   0.0137  -0.0088  -0.0852
 -0.0819  -0.1223  -0.2624   0.0231   0.0235  -0.1537
 -0.1029  -0.1010  -0.2552   0.0247   0.0132  -0.0742
 -0.0591  -0.1379  -0.2315   0.0129   0.0591  -0.1674
 -0.0656  -0.1042  -0.1945   0.0432   0.0593  -0.0535
 -0.0703  -0.1261  -0.2112   0.0368   0.0544  -0.1385
 -0.0736  -0.1026  -0.1909   0.0675   0.0414  -0.0470
 -0.0761  -0.1009  -0.1854   0.0178   0.0367  -0.1027
 -0.0775  -0.0946  -0.1844   0.0250   0.0269  -0.0662
 -0.0804  -0.0444  -0.1807   0.0058   0.0268  -0.0605
 -0.1119  -0.0644  -0.2238  -0.0175   0.0097  -0.0874
 -0.1054  -0.0859  -0.2218  -0.0449   0.0153  -0.1280
 -0.0957  -0.0540  -0.1831  -0.0433   0.0114  -0.0729
 -0.1067  -0.0275  -0.1383  -0.0683  -0.0098  -0.0413
 -0.0943  -0.0408  -0.1344  -0.0323  -0.0138  -0.1094
 -0.0985  -0.0078  -0.1156  -0.0258  -0.0129  -0.0147
 -0.0936  -0.0132  -0.1593  -0.1296  -0.0006  -0.1449
 -0.1507   0.0810  -0.1456  -0.2252  -0.0296   0.0293
 -0.1056   0.0040  -0.1322  -0.0954  -0.0030  -0.0982
 -0.0960   0.0432  -0.1300  -0.0911   0.0204  -0.0200
 -0.1118   0.0278  -0.1542  -0.0973  -0.0116  -0.1241
 -0.1141   0.0437  -0.1462  -0.0702  -0.0184  -0.0369
 -0.1097   0.0115  -0.1441  -0.0703  -0.0195  -0.1102
 -0.0965   0.0202  -0.1331  -0.0365  -0.0059  -0.0819
 -0.0983   0.0130  -0.1269  -0.0566  -0.0063  -0.0845
 -0.0961  -0.0010  -0.1233  -0.0172  -0.0114  -0.0738
 -0.1137   0.0126  -0.1208  -0.0250  -0.0221  -0.0222
 -0.1036   0.0341  -0.1322  -0.0979  -0.0358  -0.1255
 -0.0995   0.0508  -0.1199  -0.1468  -0.0448  -0.1074
 -0.1099   0.0820  -0.1107  -0.1393  -0.0520  -0.0191
 -0.0973   0.0653  -0.1213  -0.1406  -0.0339  -0.1236
 -0.0905   0.0783  -0.1173  -0.1012  -0.0126  -0.0805
 -0.0908   0.0513  -0.1182  -0.0897  -0.0092  -0.1080
 -0.0823   0.0524  -0.1181  -0.0828  -0.0059  -0.1106
 -0.0895   0.0480  -0.1225  -0.0549  -0.0066  -0.0838
 -0.0712   0.0434  -0.1001  -0.0607   0.0082  -0.1220
 -0.0650   0.0481  -0.0848  -0.0316   0.0084  -0.0499
 -0.0494   0.0354  -0.0602  -0.0337   0.0250  -0.0965
 -0.0413   0.0444  -0.0448   0.0183   0.0196  -0.0938
 -0.0557   0.0311  -0.0481  -0.0099   0.0204  -0.0846
 -0.0485   0.0259  -0.0332  -0.0045   0.0252  -0.1069
 -0.0597   0.0419  -0.0313   0.0218   0.0156  -0.0403
 -0.0669   0.0169  -0.0475  -0.0471   0.0094  -0.1668
 -0.0782   0.0363  -0.0386  -0.0232  -0.0137  -0.0330
 -0.0776   0.0190  -0.0397  -0.0446  -0.0120  -0.1029
 -0.0787   0.0131  -0.0477  -0.0190  -0.0198  -0.0732
 -0.0705   0.0407  -0.0380  -0.0065  -0.0040  -0.0336
 -0.0603   0.0207  -0.0468  -0.0292   0.0069  -0.1552
 -0.0544   0.0487  -0.0268   0.0019   0.0150  -0.0139
 -0.0408   0.0457  -0.0186  -0.0025   0.0204  -0.1041
 -0.0475   0.0416  -0.0374  -0.0025   0.0106  -0.1228
 -0.0510   0.0471  -0.0388   0.0104   0.0078  -0.0585
 -0.0535   0.0609  -0.0314   0.0080   0.0131  -0.1109
 -0.0452   0.0491  -0.0407   0.0054   0.0294  -0.1564
 -0.0464   0.0692  -0.0124   0.0451   0.0401  -0.0656
 -0.0094   0.0531   0.0433   0.0657   0.0771  -0.1027
 -0.0015   0.0392   0.0616   0.0811   0.0844  -0.1038
  0.0087   0.0388   0.0931   0.1253   0.1005  -0.0484
  0.0064   0.0340   0.1028   0.1221   0.1041  -0.0904
 -0.0079   0.0278   0.0592   0.0679   0.0949  -0.1295
  0.0046   0.0431   0.0464   0.0612   0.0966  -0.0905
  0.0033  -0.0189   0.0371   0.0154   0.1006   0.0093
 -0.0054   0.0056   0.0142   0.0650   0.0659  -0.0930
 -0.0305  -0.0004   0.0217   0.0447   0.0534  -0.0699
 -0.0323   0.0107   0.0138   0.0434   0.0473  -0.0868
 -0.0479   0.0189   0.0148   0.0625   0.0296  -0.0444
 -0.0469   0.0179   0.0071   0.0481   0.0348  -0.1351
 -0.0517   0.0205   0.0050   0.0547   0.0267  -0.0725
 -0.0629  -0.0090  -0.0033   0.0090   0.0147  -0.1159
 -0.0604   0.0232  -0.0105   0.0470   0.0064  -0.0614
 -0.0647  -0.0047  -0.0117   0.0215   0.0148  -0.1223
 -0.0616   0.0034  -0.0211   0.0210   0.0137  -0.0999
 -0.0655   0.0160  -0.0099   0.0434   0.0135  -0.0525
 -0.0619  -0.0030  -0.0154   0.0247   0.0185  -0.1495
 -0.0673   0.0194  -0.0131   0.0429   0.0145  -0.0571
 -0.0593  -0.0011  -0.0161   0.0362   0.0197  -0.1358
 -0.0522  -0.0104  -0.0224   0.0558   0.0144  -0.1140
 -0.0559  -0.0039  -0.0018   0.0542   0.0229  -0.0470
 -0.0564  -0.0067  -0.0164   0.0244   0.0283  -0.1211
 -0.0524   0.0232  -0.0181   0.0264   0.0212  -0.0728
 -0.0542   0.0247  -0.0032   0.0227   0.0187  -0.0579
 -0.0503  -0.0011  -0.0127   0.0202   0.0147  -0.1443
 -0.0403   0.0009  -0.0098   0.0524   0.0242  -0.0889
 -0.0377   0.0047  -0.0054   0.0311   0.0307  -0.0892
 -0.0335   0.0080  -0.0162   0.0231   0.0294  -0.1103
 -0.0475   0.0439  -0.0107   0.0148   0.0125  -0.0536
 -0.0248   0.0149  -0.0166  -0.0005   0.0173  -0.1796
 -0.0453   0.0366  -0.0181  -0.0057   0.0177  -0.0783
 -0.0540   0.0186  -0.0124   0.0114   0.0115  -0.0993
 -0.0431   0.0432  -0.0121   0.0119   0.0129  -0.1288
 -0.0522   0.0402   0.0062   0.0126   0.0148  -0.0712
 -0.0478  -0.0003  -0.0154  -0.0216   0.0135  -0.1922
 -0.0562   0.0360   0.0076   0.0134   0.0155  -0.0605
 -0.0410   0.0087   0.0079  -0.0002   0.0262  -0.1614
 -0.0420   0.0291   0.0345   0.0273   0.0296  -0.0714
 -0.0457   0.0438   0.0446   0.0253   0.0264  -0.1065
 -0.0447   0.0326   0.0464   0.0048   0.0338  -0.1619
 -0.0491   0.0701   0.0673   0.0280   0.0410  -0.0649
 -0.0428   0.0636   0.0685   0.0293   0.0433  -0.1444
 -0.0353   0.0505   0.0550   0.0142   0.0447  -0.1416
 -0.0423   0.0603   0.0672   0.0030   0.0380  -0.0773
 -0.0360   0.0432   0.0580  -0.0017   0.0316  -0.1679
 -0.0428   0.0658   0.0690   0.0386   0.0220  -0.0513
 -0.0453   0.0241   0.0612   0.0307   0.0263  -0.1571
 -0.0502   0.0392   0.0577   0.0306   0.0246  -0.0908
 -0.0586   0.0523   0.0669  -0.0092   0.0354  -0.1417
 -0.0674   0.0698   0.0338  -0.0686   0.0232  -0.1075
 -0.1291   0.1985   0.0618  -0.1697   0.0003  -0.0514
 -0.1042   0.1383   0.0602  -0.1357   0.0009  -0.1460
 -0.0011   0.1545  -0.0271  -0.1179  -0.0140  -0.0958
  0.1879   0.1571  -0.1686  -0.0641  -0.0429  -0.1464
  0.0755  -0.0210  -0.1164  -0.0252  -0.0297  -0.1540
  0.0365   0.0028  -0.1184   0.0230  -0.0823  -0.1619
  0.0364  -0.0337  -0.1120   0.0417  -0.0817  -0.1646
  0.0439  -0.0378  -0.1285   0.0457  -0.0773  -0.1878
  0.0466  -0.0276  -0.1058   0.0671  -0.0701  -0.1630
  0.0456  -0.0475  -0.1113   0.0867  -0.0653  -0.1594
  0.0641  -0.0445  -0.1088   0.0743  -0.0509  -0.1859
  0.0664  -0.0219  -0.0936   0.0820  -0.0433  -0.1763
  0.0451  -0.0090  -0.0711   0.0930  -0.0542  -0.1273
  0.0417  -0.0349  -0.0904   0.0638  -0.0684  -0.1836
  0.0416  -0.0232  -0.0762   0.0838  -0.0637  -0.1153
  0.0324  -0.0293  -0.0791   0.0663  -0.0642  -0.1684
  0.0422  -0.0295  -0.0748   0.0529  -0.0591  -0.1503
  0.0280  -0.0126  -0.0532   0.0770  -0.0634  -0.1052
  0.0400  -0.0255  -0.0652   0.0906  -0.0611  -0.1691
  0.0271  -0.0125  -0.0319   0.0952  -0.0515  -0.1026
  0.0032  -0.0371  -0.0571  -0.0236  -0.0423  -0.1664
 -0.0290   0.0003  -0.0029   0.0044  -0.0492  -0.0088
 -0.0132   0.0028  -0.0034  -0.0251  -0.0396  -0.1658
 -0.0020   0.0639   0.0019   0.0018  -0.0414  -0.1022
 -0.0071   0.0515  -0.0023  -0.0064  -0.0515  -0.1295
  0.0017   0.0284   0.0022   0.0076  -0.0544  -0.1327
  0.0044   0.0755   0.0169   0.0070  -0.0535  -0.0634
  0.0143   0.0693   0.0140  -0.0345  -0.0470  -0.1687
  0.0047   0.0675  -0.0046  -0.0071  -0.0471  -0.1394
 -0.0000   0.0739   0.0004  -0.0017  -0.0476  -0.1278
  0.0089   0.0775  -0.0128  -0.0137  -0.0524  -0.1732
  0.0109   0.0682  -0.0127   0.0218  -0.0723  -0.1140
  0.0081   0.0465  -0.0422  -0.0157  -0.0877  -0.1888
 -0.0009   0.0481  -0.0365  -0.0177  -0.0942  -0.1676
  0.0052   0.0480  -0.0176   0.0133  -0.0804  -0.1156
  0.0043   0.0309  -0.0268   0.0042  -0.0862  -0.1664
  0.0093   0.0094  -0.0345  -0.0205  -0.0798  -0.2000
  0.0237   0.0359  -0.0170   0.0081  -0.0628  -0.1021
  0.0055   0.0298  -0.0126   0.0203  -0.0794  -0.1176
  0.0079   0.0175  -0.0182  -0.0011  -0.0807  -0.2007
  0.0016   0.0254  -0.0117   0.0247  -0.0925  -0.1008
 -0.0058   0.0192  -0.0029   0.0410  -0.1001  -0.0883
 -0.0035   0.0153  -0.0078   0.0360  -0.1064  -0.1617
  0.0146   0.0428   0.0166   0.0552  -0.0835  -0.1195
  0.0253   0.0605   0.0477   0.0484  -0.0729  -0.1182
  0.0220   0.0688   0.0906   0.0689  -0.0710  -0.1005
  0.0059   0.0704   0.1069   0.0736  -0.0767  -0.0954
  0.0044   0.0798   0.1272   0.0918  -0.0856  -0.0916
  0.0408   0.0691   0.1516   0.0879  -0.0640  -0.1101
  0.0923   0.0698   0.2217   0.0722  -0.0353  -0.0698
  0.1050   0.0706   0.2546   0.0683  -0.0229  -0.0497
  0.1104   0.0731   0.2769   0.0554   0.0062  -0.1290
  0.1352   0.1059   0.3063   0.0561   0.0219  -0.0370
  0.1415   0.0943   0.3069   0.0305   0.0270  -0.1041
  0.1266   0.1138   0.3070   0.0171   0.0156  -0.0447
  0.1502   0.1235   0.3437  -0.0341   0.0430  -0.0834
  0.1861   0.0992   0.3857  -0.0133   0.0589  -0.0363
  0.1626   0.0832   0.4080  -0.0359   0.0321   0.0245
  0.1703   0.0204   0.3772  -0.0567  -0.0188   0.0470
  0.1650   0.0303   0.3587  -0.0696  -0.1017   0.2927
  0.1855   0.0021   0.3407  -0.0042  -0.1183   0.2448
  0.1938   0.0407   0.3643  -0.0040  -0.1172   0.3790
  0.1763   0.0666   0.3550  -0.0444  -0.0903   0.2109
  0.1938   0.0904   0.3799   0.0115  -0.0756   0.3270
  0.2372   0.0587   0.4158   0.0720  -0.0471   0.2936
  0.2752   0.0658   0.4477   0.1594  -0.0115   0.3220
  0.2900   0.0440   0.4450   0.2251  -0.0171   0.4158
  0.3179  -0.0067   0.4336   0.2767   0.0046   0.3625
  0.3274  -0.0022   0.4745   0.2784   0.0185   0.5165
  0.3697  -0.0042   0.4995   0.2796   0.0590   0.4127
  0.3787   0.0408   0.5173   0.2682   0.0440   0.4990
  0.4151  -0.0050   0.5237   0.2664   0.0787   0.4194
  0.4675  -0.0346   0.5884   0.2906   0.1030   0.5086
  0.4897  -0.0337   0.6018   0.2917   0.0905   0.5711
  0.5180  -0.0632   0.6643   0.3652   0.1342   0.4862
  0.4752   0.0241   0.6382   0.2658   0.1311   0.5210
  0.4711   0.0090   0.6442   0.2815   0.1469   0.3993
  0.4500   0.0333   0.6367   0.2753   0.1185   0.5081
  0.4532   0.0339   0.5974   0.2197   0.1404   0.3560
  0.4215   0.0600   0.5014   0.1706   0.1104   0.4576
  0.4113  -0.0251   0.5059   0.2378   0.1593   0.2096
  0.4305   0.0357   0.5558   0.2654   0.1559   0.4065
  0.4615   0.0733   0.6210   0.2325   0.1856   0.3858
  0.4597   0.0819   0.6450   0.2850   0.1876   0.3369
  0.4396   0.0545   0.5922   0.2371   0.1590   0.3588
  0.4375   0.0308   0.5631   0.2237   0.1699   0.3025
  0.4244   0.0460   0.5670   0.2424   0.1478   0.3676
  0.4095   0.0521   0.5545   0.2240   0.1326   0.3449
  0.4005   0.0275   0.5391   0.2311   0.1411   0.2690
  0.4015   0.0639   0.5433   0.2277   0.1100   0.3998
  0.3963   0.0394   0.5375   0.2165   0.1028   0.3329
