  0.7358   0.3544   0.2434  -1.5682  -0.0323   0.6912
  0.7961   0.2426   0.2221  -1.5206   0.0359   0.5221
  0.8163   0.1788   0.2200  -1.4360   0.0602   0.5330
  0.8202   0.1503   0.2333  -1.3815   0.0641   0.5188
  0.8160   0.1137   0.2483  -1.3182   0.0570   0.5394
  0.8886   0.2287   0.3543  -1.4555   0.1319   0.5055
  0.8799   0.0226   0.3172  -1.3697   0.0924   0.5942
  0.8578  -0.0821   0.2361  -1.2631   0.0761   0.5912
  0.8382  -0.1123   0.2130  -1.1805   0.0871   0.5433
  0.8896  -0.2714   0.1819  -1.0622   0.1039   0.6852
  0.8064   0.8328   0.4493  -1.8444   0.0968   0.6328
  0.8658   0.0734   0.3026  -1.5237   0.0597   0.6214
  0.8336  -0.1144   0.2059  -1.2643   0.0729   0.5367
  0.8454  -0.3208   0.1964  -1.0826   0.0766   0.5444
  0.8390  -0.4174   0.1620  -1.0384   0.0764   0.5523
  0.8481  -0.5007   0.1429  -1.0201   0.0532   0.6104
  0.8628  -0.5479   0.1438  -0.9470   0.0568   0.6539
  0.8701  -0.4938   0.1211  -0.9922   0.0582   0.6774
  0.8234  -0.3506   0.1049  -1.1606   0.0128   0.6996
  0.8332  -0.3844   0.1266  -1.0832   0.0267   0.6841
  0.8478  -0.4937   0.1239  -0.9908   0.0450   0.6776
  0.8478  -0.5170   0.1250  -0.9855   0.0413   0.6677
  0.8698  -0.5919   0.1017  -0.9620   0.0373   0.6941
  0.8264  -0.4317   0.1023  -1.1253   0.0118   0.6456
  0.7972  -0.3806   0.0722  -1.1459   0.0011   0.6310
  0.8651  -0.6451   0.0937  -0.9972   0.0143   0.7108
  0.8265  -0.5631   0.1264  -0.9891   0.0245   0.6361
  0.8548  -0.6287   0.0786  -0.8622   0.0542   0.6554
  0.8943  -0.7883   0.0935  -0.7897   0.0638   0.7366
  0.8323   0.3933   0.1701  -1.7366   0.0005   0.7399
  0.8716  -0.6110   0.1066  -0.9564   0.0451   0.7000
  0.8971  -0.7223   0.1077  -0.8972   0.0556   0.6922
  0.9209  -0.7691   0.1027  -0.8847   0.0624   0.7601
  0.9020  -0.7661   0.1008  -0.9166   0.0406   0.7466
  0.9225  -0.8127   0.0988  -0.8608   0.0620   0.7673
  0.9371  -0.8462   0.1003  -0.8321   0.0704   0.7915
  0.8761  -0.7725   0.0878  -0.8692   0.0376   0.7065
  0.8842  -0.7947   0.0964  -0.8819   0.0403   0.7132
  0.9013  -0.8525   0.0914  -0.8526   0.0412   0.7486
  0.8941  -0.8121   0.0928  -0.8649   0.0373   0.7332
  0.8931  -0.7928   0.0890  -0.8571   0.0432   0.7418
  0.8963  -0.8207   0.0689  -0.8456   0.0427   0.7564
  0.8998  -0.8271   0.0773  -0.8349   0.0466   0.7546
  0.8722  -0.6154   0.1086  -1.0297   0.0174   0.7612
  0.8962  -0.6666   0.1075  -1.0161   0.0306   0.7750
  0.8793  -0.6554   0.1016  -1.0071   0.0200   0.7623
  0.8871  -0.6757   0.0989  -0.9804   0.0335   0.7635
  0.8629  -0.6697   0.0926  -0.9976   0.0129   0.7173
  0.8084   0.2162   0.4210  -1.6428   0.0645   0.6263
 -0.0798   6.1033   0.2283  -3.7782  -0.3939  -0.4024
 -1.5161   2.5347   0.2377   1.3606  -0.3574  -0.4013
 -1.7589   1.9522   0.4209   0.4437  -0.2819  -0.7806
 -1.8888   2.6253   0.5175  -0.3619  -0.3500  -1.0272
 -1.8165   2.4293   0.6074  -0.5185  -0.3042  -0.9513
 -1.9196   3.2236   0.7475  -0.9911  -0.3421  -1.0845
 -1.9293   3.0978   0.7038  -0.9669  -0.3376  -1.0940
 -1.8656   2.8325   0.6824  -0.8419  -0.3275  -1.1084
 -1.8569   2.7195   0.6780  -0.7143  -0.3048  -1.1117
 -1.8939   2.7325   0.6491  -0.7090  -0.3207  -1.1379
 -1.8253   2.7191   0.6728  -0.6791  -0.2448  -1.1468
 -1.8754   2.6741   0.6693  -0.6578  -0.3084  -1.1383
 -1.8518   2.5953   0.6407  -0.6565  -0.3071  -1.1318
 -1.8621   2.5818   0.6243  -0.6347  -0.3037  -1.1481
 -1.8630   2.5651   0.6304  -0.6211  -0.3100  -1.1633
 -1.8720   2.5617   0.6377  -0.6316  -0.3233  -1.1842
 -2.0026   2.9308   0.6250  -0.7854  -0.3838  -1.4424
 -1.9788   2.8677   0.6297  -0.7694  -0.3675  -1.4157
 -1.9165   2.8724   0.6897  -0.8305  -0.3188  -1.3733
 -1.6764   0.7990   0.4025  -0.0911  -0.2639  -0.8218
 -1.0661  -8.6918  -1.3768   3.4018  -0.4284   2.2539
 -0.7351  -8.7973  -0.7284   2.7907  -0.0590   1.5352
 -0.8068  -7.1446  -0.5121   3.2046  -0.1091   1.3918
 -1.9203   4.2070   0.6391  -3.6685  -0.6593  -0.7734
 -1.7905   2.9644   0.4796  -3.0501  -0.6636  -0.5850
 -1.7291   2.2310   0.3460  -2.5562  -0.6358  -0.6133
 -0.9927  -1.1708   0.1399  -1.1398  -0.3474   0.1259
  1.8222 -13.0723   0.7497   4.2320   2.0802   4.6043
 -0.1206  -6.5818   0.1958   0.6270   0.7124   0.3536
 -0.5296  -4.2337  -0.0976  -0.4128   0.1931   0.1997
 -0.3525  -5.3620  -0.1899  -0.1409   0.2439   0.5801
 -0.4201  -5.4587  -0.2119   0.1806   0.2584   0.3142
 -0.3293  -5.9787  -0.2244   0.2924   0.2609   0.5360
 -0.3016  -5.9987  -0.2696   0.4882   0.3030   0.6011
 -0.3022  -5.9311  -0.2888   0.5617   0.3102   0.6396
 -0.3084  -5.8322  -0.2800   0.5791   0.3106   0.6627
 -0.3370  -5.6446  -0.2818   0.5575   0.3038   0.6458
 -0.3446  -5.5413  -0.2727   0.5387   0.2991   0.6354
 -0.3133  -5.6169  -0.2766   0.5549   0.3108   0.7372
 -0.3256  -5.4978  -0.2751   0.5461   0.3040   0.7041
 -0.3466  -5.3624  -0.2661   0.5191   0.2970   0.6744
 -0.3601  -5.1800  -0.2645   0.5413   0.3049   0.6524
 -0.3748  -4.9155  -0.2623   0.5628   0.3130   0.6027
 -0.3743  -4.8336  -0.2406   0.5737   0.3108   0.5744
 -0.4225  -3.9347  -0.2048   0.5666   0.3124   0.3816
  0.2462  -6.5809  -0.1621  -1.5681   0.5924   0.6803
  0.9016  -7.7140  -0.1384  -0.4600   0.8858   1.0082
  0.2856  -6.7826  -0.5667   0.3484   0.4189   1.0596
  0.1514  -5.7788  -0.7247  -0.3500   0.2507   0.8201
  0.1347  -6.3341  -0.6397   0.1388   0.3213   0.8372
 -0.8543   3.0911   0.2966  -4.1991  -0.3513  -1.0367
 -1.3902  11.8325  -1.9663  -5.8385  -0.6553  -2.0843
 -1.1662   9.7908  -1.5512  -4.9514  -0.6256  -1.9732
 -1.0454   2.6331  -0.7598  -2.1846  -0.8900  -1.1256
 -1.2787   1.7225  -0.7029  -1.3977  -0.9014  -1.2794
 -1.3066   1.8658  -0.7322  -1.5699  -0.9201  -1.2825
 -1.5630   3.3321  -1.5301  -2.0992  -1.2611  -1.9139
 -2.2402   7.4537  -2.5787  -2.5236  -1.5513  -2.5562
 -1.6076   4.0367  -1.8820  -1.8753  -1.3535  -2.1291
 -1.4736   3.0081  -1.5487  -1.3114  -1.2932  -1.9081
 -1.5205   2.4945  -1.4414  -1.0446  -1.3345  -1.8956
 -1.5126   2.1665  -1.3906  -0.9317  -1.3171  -1.8478
 -1.5078   2.0087  -1.3384  -0.9132  -1.3085  -1.7825
 -1.5068   1.9379  -1.3164  -0.8444  -1.2997  -1.7754
 -1.5705   1.9587  -1.3335  -0.8310  -1.3279  -1.8914
 -1.6485   1.4342  -1.3379  -0.5025  -1.3556  -2.0143
 -1.6154   0.9503  -1.2677  -0.1425  -1.3048  -1.9408
 -1.6234   0.8173  -1.2530  -0.0687  -1.3007  -1.9135
 -1.6196   0.9854  -1.1477  -0.2799  -1.2984  -1.9068
 -1.3902   0.0827  -1.2216   1.7879  -0.9980  -1.5876
 -1.2706   0.6893  -0.8679   1.3325  -0.8054  -1.7182
 -1.3313  -3.2604  -1.4794  14.2365  -1.1102   1.5641
  0.1158  -9.9771  -1.5615  22.7489  -0.8747  16.2020
  7.8391 -16.7260   0.4554  32.0780   4.1255  45.9585
  9.6503 -15.5079  -1.1122  29.6441   0.5070  33.5661
  5.7137 -12.6624   1.8121  17.3349   5.0926   8.9873
  7.6763 -13.8822   1.7395  35.1949   6.7715  14.5824
  7.7806  -7.6575   0.5283  49.9229   7.5026  14.5893
  5.4418  -5.2822  -1.5003  31.2711   5.3236   1.9032
  6.3275 -11.1602  -0.2247  40.7039   7.5701   9.9949
  5.7778 -12.4909  -0.4103  38.0837   6.5762   9.5359
  7.2631 -13.8603   0.1442  44.1439   8.0999  12.1924
  4.8357  -8.2720  -0.5359  35.1955   5.4027   3.3631
  1.9737   7.0342   0.3427  12.6335   3.2322  -7.2323
  2.3513  10.1498   4.8706   4.2504   5.0975  -6.8586
  2.1386   9.7601   4.7352   6.1378   4.8463  -5.9748
  2.0235  -3.7918   0.7375  47.3953   9.2050   0.8711
 -4.3202  51.3708   9.0497 -12.6693  -1.0600  -5.9243
  4.0984  -1.1111   1.4035  58.6930   5.3216   2.2522
  2.8774  -2.9009   2.2680  56.1407   8.1197   4.3407
-10.8534  76.2437  -8.8928  -8.2474   1.2550  -8.4235
-11.6394  76.1128  -9.2822  -8.7352   1.3393  -8.5622
-15.5900  75.5374 -22.4999  -5.2302   2.1013 -10.1374
 -0.1581   3.5381   5.5920  30.3051  10.0006  -8.8871
 -0.9066  -0.6071   3.9813  34.6432   8.5746  -5.5390
  2.4210 -12.6837   6.3877  49.5500  14.5831   5.7072
  5.8623  12.7375   4.4588 -24.4950  -0.0277   0.3306
  8.8403 -15.0577   0.4113 -30.8048  -0.0434   0.8479
  6.5204   7.2798   3.7798 -26.6988  -0.0196   0.4764
  6.1668   9.8318   4.3734 -25.7168  -0.0002   0.0616
 -6.9654  11.9252  -5.2140 -28.2629  -0.4210  -0.1545
  9.0152 -17.9523  -8.9830 -15.9808 -14.3820 -14.3493
  8.9975  17.9918  -8.9653 -31.9652  -0.0159  -0.0158
  9.0189 -17.9505  -8.9738 -15.9663  14.3651 -14.3464
  9.1734 -16.7158   0.1383 -31.2805  -0.0218   0.4646
  9.0093 -17.9590  -8.9787 -15.9765 -14.3845 -14.3512
  9.1652 -16.7081   0.1666 -31.2561  -0.0209   0.4629
 -8.4356  -3.2748  -0.6531 -29.1973   0.2407   0.8666
  8.9916 -17.9609   0.0067 -15.9817 -14.3785 -14.3535
  8.9949  17.9911  -8.9745 -31.9652  -0.0156  -0.0128
  9.0028 -17.9991  -9.0021  -0.0115 -28.7550   0.0060
