  0.0042  -0.4633  -0.0717   0.3311  -0.0011   0.1523
  0.0249  -0.4586  -0.1064   0.3405  -0.0614   0.0957
  0.0200  -0.4471  -0.0531   0.3005  -0.0811   0.0752
  0.0282  -0.4751  -0.0447   0.3504  -0.0735   0.0652
  0.1230  -0.7330  -0.1356   0.4744   0.0279   0.1167
  0.0435  -0.6129  -0.1183   0.3907  -0.0510   0.0974
  0.0938  -0.4215  -0.1257   0.2770  -0.0228   0.0639
  0.0671  -0.4710  -0.1684   0.2684  -0.0191   0.0667
  0.0214  -0.5156  -0.1709   0.3123  -0.0306   0.0779
  0.0301  -0.4654  -0.1421   0.3031  -0.0273   0.0697
  0.0299  -0.4604  -0.1262   0.3108  -0.0702   0.0622
  0.0147  -0.3608  -0.1229   0.3092  -0.0465   0.0479
  0.0829  -0.2766  -0.1451   0.5541  -0.0414   0.0200
  0.0566  -0.3263  -0.1820  -0.4022   0.0371   0.2745
  0.0563  -0.3435  -0.1719  -0.1260   0.0104   0.2122
 -0.0418  -0.1597  -0.1639   0.7343  -0.0830  -0.1849
 -0.0329  -0.0216  -0.1011   0.7829  -0.0244  -0.2147
 -0.0042  -0.2348  -0.1102   0.8478  -0.0046  -0.1953
 -0.0027  -0.2595  -0.0961   0.8315  -0.0100  -0.1881
  0.0098  -0.2569  -0.0594   0.7746  -0.0073  -0.1705
  0.0272  -0.2982  -0.0716   0.7321  -0.0015  -0.1556
 -0.0151  -0.3012  -0.0812   0.6116  -0.0130  -0.0977
  0.0309  -0.3175  -0.1182   0.3643   0.0132  -0.0456
 -0.0306  -0.2423  -0.0934   0.3631  -0.0828  -0.0815
 -0.1408   0.1485  -0.0486   0.2787  -0.1053  -0.1372
 -0.0204   0.7129   0.0992   0.0633  -0.0171  -0.2447
  0.0194   0.7449   0.1630   0.0552   0.0051  -0.2488
  0.0230   0.5964   0.1485   0.0694   0.0078  -0.2234
  0.0653   0.5601   0.0437   0.0054   0.0288  -0.1873
  0.0401   0.3938   0.1090   0.0724   0.0065  -0.1529
  0.0192   0.3469   0.0961   0.1093  -0.0026  -0.1558
  0.0193   0.3628   0.0707   0.1336   0.0066  -0.1674
  0.0855   0.2279   0.1351   0.1509   0.0456  -0.1191
  0.0229   0.1651   0.0961   0.1549   0.0170  -0.1041
  0.0541   0.1598   0.0482   0.1480   0.0201  -0.1155
  0.0809   0.1335   0.0583   0.1505   0.0420  -0.0955
  0.0499   0.0933   0.0499   0.1491   0.0373  -0.0766
  0.0559   0.0303   0.0420   0.1408   0.0372  -0.0667
  0.0741   0.0760   0.0368   0.1339   0.0323  -0.0769
  0.0666   0.0519   0.0345   0.1586   0.0278  -0.0877
  0.0569   0.0751   0.0589   0.1141   0.0084  -0.0739
  0.0855   0.0993   0.0316   0.1038   0.0366  -0.0726
  0.0520   0.1086   0.0374   0.0950   0.0080  -0.0710
  0.0162   0.1269   0.0810   0.0832  -0.0211  -0.0744
  0.0649   0.1712   0.0335   0.0229   0.0206  -0.0665
  0.0260   0.1528   0.0217  -0.0094  -0.0295  -0.0515
 -0.0243   0.2172   0.0255  -0.0155  -0.0400  -0.0433
  0.0695  -0.0586   0.0545   0.1340   0.0337  -0.0444
  0.0569  -0.0204   0.0353   0.1425   0.0003  -0.0443
  0.0580   0.0147   0.0401   0.1208   0.0043  -0.0496
  0.0690  -0.0195   0.0508   0.1502  -0.0153  -0.0483
  0.0666  -0.0182   0.0743   0.1333  -0.0063  -0.0464
  0.0761   0.0082   0.0448   0.1132   0.0120  -0.0455
  0.0815  -0.0387   0.0149   0.1081   0.0309  -0.0324
  0.0683  -0.0646   0.0316   0.1450   0.0017  -0.0228
  0.0765  -0.0602   0.0363   0.1414  -0.0007  -0.0328
  0.0063  -0.0850   0.0930   0.1663  -0.0181  -0.0226
  0.0663  -0.0258   0.0453   0.1544   0.0098  -0.0493
  0.0751  -0.0116   0.0350   0.1258   0.0301  -0.0322
 -0.0044   0.0265   0.0635   0.0593  -0.0279  -0.0275
 -0.0776  -0.0428   0.2042   0.1172  -0.0444  -0.0040
  0.0322  -0.0126   0.1364   0.0836  -0.0493  -0.0313
  0.0536   0.0525   0.0423   0.0507  -0.0047  -0.0452
  0.0855   0.0572   0.0333   0.0505   0.0271  -0.0491
  0.0640   0.1259   0.0280   0.0180   0.0244  -0.0537
  0.0650   0.0910   0.0313   0.0257   0.0158  -0.0457
  0.0465   0.0722   0.0500   0.0428   0.0102  -0.0488
  0.0206   0.1951   0.0823   0.2100  -0.0239  -0.1385
  0.0402   0.2192  -0.0086  -0.0179   0.0212  -0.0603
  0.0495   0.1715   0.0251   0.0291   0.0204  -0.0586
  0.0370   0.1539   0.0232   0.0346  -0.0074  -0.0530
  0.0326   0.1333   0.0356   0.0440  -0.0241  -0.0564
  0.0329   0.1385   0.0342   0.0566  -0.0195  -0.0584
  0.0208   0.1042   0.0616   0.0696  -0.0322  -0.0681
  0.0052   0.1092   0.0679   0.0294  -0.0049  -0.0462
  0.0418   0.2014  -0.0446  -0.0538   0.0278  -0.0395
  0.0293   0.1662   0.0193  -0.0253  -0.0029  -0.0463
  0.0608   0.1096   0.0036   0.0263   0.0285  -0.0504
  0.0225   0.0720   0.0138   0.0462  -0.0024  -0.0475
  0.0256   0.0756   0.0458   0.0374   0.0031  -0.0427
  0.0346   0.1329   0.0185  -0.0022   0.0137  -0.0517
  0.0283   0.1000   0.0074  -0.0057   0.0120  -0.0395
  0.0275   0.1166   0.0179  -0.0087   0.0022  -0.0456
  0.0247   0.1299   0.0332  -0.0148   0.0058  -0.0384
  0.0467   0.1254   0.0343   0.0085   0.0129  -0.0435
 -0.0413   0.1305  -0.0450  -0.0136  -0.0605  -0.0401
 -0.0737   0.3643  -0.0923  -0.2047  -0.0467  -0.0306
  0.0009   0.2596  -0.0426  -0.1591   0.0022  -0.0317
 -0.0135   0.2101  -0.0371  -0.1293   0.0082  -0.0175
 -0.0373   0.0995  -0.0131  -0.0931  -0.0140   0.0031
 -0.0306   0.1188  -0.0036  -0.0863  -0.0212  -0.0052
 -0.0140   0.1183  -0.0234  -0.0893  -0.0146  -0.0083
 -0.0446   0.0826  -0.0110  -0.0804  -0.0315  -0.0059
 -0.0327   0.0974  -0.0016  -0.0832  -0.0203  -0.0169
 -0.0077   0.1632  -0.0599  -0.0936  -0.0113  -0.0247
 -0.0163   0.1904  -0.0338  -0.1432  -0.0120  -0.0123
 -0.0250   0.1417  -0.0078  -0.0903  -0.0133  -0.0340
  0.0028   0.1235  -0.0148  -0.0770   0.0035  -0.0236
 -0.0218   0.1349  -0.0138  -0.0835   0.0029  -0.0087
 -0.0173   0.1037   0.0081  -0.0675  -0.0233  -0.0105
  0.0061   0.1213  -0.0088  -0.1003   0.0122  -0.0130
 -0.0123   0.0804  -0.0008  -0.1065   0.0243   0.0200
  0.0092   0.0738  -0.0123  -0.0734   0.0257   0.0014
 -0.0231   0.1014  -0.0106  -0.0940   0.0017  -0.0027
  0.0019   0.0813  -0.0268  -0.0847   0.0100  -0.0064
  0.0062   0.0616  -0.0163  -0.0637   0.0315   0.0119
 -0.1152   0.4163  -0.0009  -0.2586  -0.0591  -0.0532
 -0.0892   0.5406  -0.0444  -0.3565  -0.0211  -0.0225
 -0.0352   0.3964  -0.0330  -0.2646  -0.0153  -0.0420
 -0.0357   0.3676  -0.0576  -0.2609  -0.0044  -0.0256
 -0.0417   0.3602  -0.0300  -0.2588   0.0053  -0.0272
 -0.0074   0.3869   0.0542  -0.2623   0.0658  -0.0295
  0.0360   0.3718   0.0684  -0.2380   0.0567  -0.0299
  0.0270   0.3578   0.0055  -0.2487   0.0426  -0.0183
  0.0065   0.2615   0.0216  -0.1818   0.0228  -0.0274
  0.0154   0.2866  -0.0018  -0.1862   0.0445  -0.0275
  0.0124   0.3078  -0.0144  -0.2280   0.0482  -0.0118
  0.0005   0.2877   0.0030  -0.2257   0.0345  -0.0126
 -0.0092   0.2215  -0.0416  -0.1487   0.0188  -0.0221
 -0.0127   0.0912  -0.0318  -0.1084   0.0356   0.0029
 -0.0189   0.1135  -0.0028  -0.1622   0.0296   0.0078
 -0.0353   0.1356  -0.0467  -0.1513   0.0156  -0.0031
 -0.0569   0.1454   0.0006  -0.1776   0.0117   0.0141
 -0.0641   0.1352   0.0156  -0.1954   0.0181   0.0298
  0.0039   0.0014  -0.0445  -0.1092   0.0546   0.0344
  0.0098   0.0150  -0.0337  -0.1241   0.0593   0.0386
 -0.0751   0.0160   0.0316  -0.1639   0.0156   0.0591
 -0.0188   0.0413  -0.0001  -0.1601   0.0543   0.0567
 -0.0186  -0.0392  -0.0553  -0.1464   0.0148   0.0523
 -0.0687  -0.0601  -0.0507  -0.1547  -0.0103   0.0666
 -0.0323  -0.0580  -0.0386  -0.1412   0.0121   0.0691
 -0.0716  -0.0402  -0.0393  -0.1829   0.0076   0.0863
 -0.1364  -0.0864   0.0748  -0.1666  -0.0693   0.0840
 -0.0528  -0.0397  -0.0037  -0.1879  -0.0033   0.0624
 -0.0264  -0.0113   0.0371  -0.1742  -0.0384   0.0432
 -0.0395   0.0539   0.0067  -0.2073   0.0051   0.0511
 -0.0100   0.0040   0.0172  -0.1865   0.0135   0.0570
 -0.0084   0.0445  -0.0100  -0.1871   0.0221   0.0413
 -0.0097   0.0129   0.0511  -0.1677   0.0248   0.0497
  0.0071  -0.0457   0.0182  -0.1182   0.0452   0.0435
  0.0013  -0.0281  -0.0219  -0.1344   0.0477   0.0540
 -0.0265  -0.0501  -0.0119  -0.1373   0.0196   0.0731
 -0.0258  -0.0881   0.0124  -0.1214   0.0144   0.0580
 -0.0088  -0.0336  -0.0048  -0.1525   0.0238   0.0547
 -0.0070  -0.0499   0.0212  -0.1294   0.0182   0.0570
 -0.0221  -0.0566   0.0205  -0.1369   0.0030   0.0635
 -0.0328  -0.0604   0.0185  -0.1435  -0.0037   0.0660
 -0.0322  -0.0747   0.0378  -0.1522  -0.0099   0.0737
 -0.0149  -0.0581   0.0346  -0.1574   0.0111   0.0664
 -0.0239  -0.0130  -0.0236  -0.1994   0.0111   0.0741
 -0.0881  -0.1661   0.0397  -0.1295  -0.0377   0.0923
 -0.0298  -0.1213   0.0039  -0.1239   0.0114   0.0824
 -0.0310  -0.1478   0.0031  -0.1288  -0.0037   0.0891
 -0.0511  -0.1782   0.0240  -0.1368  -0.0160   0.0978
 -0.0618  -0.3769  -0.0210  -0.0348   0.0030   0.1121
 -0.0836  -0.3545   0.0181  -0.0244  -0.0252   0.0993
 -0.0519  -0.3298   0.0012  -0.0289  -0.0126   0.0888
 -0.0320  -0.3140  -0.0118  -0.0657  -0.0022   0.1013
 -0.0381  -0.3262  -0.0317  -0.0839   0.0134   0.1287
 -0.0731  -0.3342   0.0079  -0.0729  -0.0187   0.1188
 -0.0517  -0.3282  -0.0244  -0.0956  -0.0031   0.1231
 -0.0282  -0.3326  -0.0306  -0.1032  -0.0076   0.1194
 -0.0508  -0.2265  -0.0867  -0.2065  -0.0152   0.1323
 -0.0408  -0.2944  -0.0343  -0.1704   0.0054   0.1411
 -0.0225  -0.2679  -0.0425  -0.1290   0.0115   0.1159
 -0.0316  -0.2500  -0.0228  -0.1453   0.0123   0.1248
 -0.0289  -0.2656  -0.0061  -0.1473   0.0092   0.1295
 -0.0222  -0.2469  -0.0264  -0.1548   0.0027   0.1119
 -0.0029  -0.1787  -0.0349  -0.2169   0.0176   0.1267
 -0.0311  -0.1678  -0.0243  -0.2050   0.0033   0.1131
 -0.0388  -0.1978  -0.0012  -0.1710  -0.0130   0.1122
 -0.0354  -0.2108   0.0048  -0.1680  -0.0048   0.1175
 -0.0464  -0.2627   0.0234  -0.1473  -0.0112   0.1176
 -0.0096  -0.2198   0.0557  -0.0916   0.0173   0.0835
 -0.0357  -0.2033   0.0519  -0.0929  -0.0033   0.0881
 -0.0389  -0.1792   0.0342  -0.1598  -0.0221   0.0955
 -0.0556  -0.1728   0.0206  -0.1927  -0.0302   0.1058
 -0.0816  -0.1429   0.0223  -0.2305  -0.0351   0.1117
 -0.1584  -0.0466  -0.0162  -0.2994  -0.0534   0.1226
 -0.1419   0.1234  -0.0094  -0.4245  -0.0453   0.1311
