 -0.0191  -0.1788  -0.0174  -1.0464  -0.0402   0.8766
 -0.0367  -0.1269  -0.0408  -0.8991  -0.0917   0.8301
 -0.0276  -0.0576  -0.0373  -0.8925  -0.0920   0.8438
 -0.0310  -0.1206  -0.0574  -0.9300  -0.0881   0.8350
 -0.0479  -0.1164  -0.0676  -0.7351  -0.0886   0.8034
 -0.0499  -0.0917  -0.0997  -0.7526  -0.0938   0.7809
 -0.0365  -0.1032  -0.0791  -0.7770  -0.0999   0.7676
 -0.0493  -0.0844  -0.0719  -0.8497  -0.0992   0.7836
 -0.0595  -0.1665  -0.1085  -0.8062  -0.0895   0.7858
 -0.0582  -0.1406  -0.1166  -0.6856  -0.0904   0.7702
 -0.0696  -0.1660  -0.1198  -0.4405  -0.0950   0.7186
 -0.0709  -0.1273  -0.1477  -0.5196  -0.1013   0.7361
 -0.0608  -0.1426  -0.1500  -0.5581  -0.0844   0.7486
 -0.0731  -0.2035  -0.1103  -0.4914  -0.0675   0.7299
 -0.0561  -0.1693  -0.1020  -0.4972  -0.0654   0.7164
 -0.0428  -0.1492  -0.0826  -0.5056  -0.0700   0.7238
 -0.0476  -0.1428  -0.0843  -0.5503  -0.0715   0.7226
 -0.0548  -0.1412  -0.0901  -0.5721  -0.0634   0.7207
 -0.0561  -0.1138  -0.1005  -0.5870  -0.0764   0.7106
 -0.0541  -0.0930  -0.0953  -0.6005  -0.0734   0.7139
 -0.0606  -0.0927  -0.1153  -0.6706  -0.0654   0.7297
 -0.1097  -0.0305  -0.1315  -0.5712  -0.0887   0.6903
 -0.0987  -0.0063  -0.1157  -0.3516  -0.0801   0.6577
 -0.1366  -0.1128  -0.0993  -0.2341  -0.0718   0.6446
 -0.0887  -0.0461  -0.0889  -0.4100  -0.0869   0.6025
 -0.0517   0.0216  -0.0884  -0.3946  -0.0624   0.5957
 -0.0320   0.0693  -0.1210  -0.4845  -0.0430   0.5976
 -0.0265   0.1490  -0.1412  -0.4584  -0.0144   0.5638
 -0.0049   0.1477  -0.1179  -0.4324  -0.0285   0.5516
  0.0015   0.1382  -0.1409  -0.4377  -0.0467   0.5601
 -0.0071   0.1176  -0.1532  -0.4895  -0.0360   0.5815
 -0.0020   0.1107  -0.1542  -0.4623  -0.0156   0.5528
  0.0035   0.1587  -0.1823  -0.5042  -0.0270   0.5590
 -0.0193   0.1221  -0.1802  -0.5465  -0.0232   0.5620
  0.0352  -0.0410  -0.1207  -0.7516   0.0400   0.5738
  0.0599  -0.1097  -0.1261  -0.7067   0.0252   0.5031
  0.0503   0.0183  -0.1356  -0.5000   0.0219   0.5753
  0.0345   0.0660  -0.1142  -0.5330   0.0504   0.4800
  0.0172   0.0304  -0.1197  -0.5077   0.0149   0.4714
  0.0027   0.0155  -0.1478  -0.6286   0.0003   0.4918
  0.0390  -0.0236  -0.1631  -0.7387   0.0002   0.4481
  0.0087  -0.0358  -0.1785  -0.7047  -0.0295   0.4288
 -0.0291  -0.0428  -0.1662  -0.6917  -0.0408   0.3875
  0.0136  -0.0442  -0.1216  -0.6775  -0.0458   0.3766
  0.0256  -0.0484  -0.1087  -0.7038  -0.0385   0.3898
  0.0382  -0.0259  -0.1004  -0.6871  -0.0212   0.3758
  0.0520  -0.0457  -0.0853  -0.6453  -0.0019   0.3883
  0.0667  -0.1018  -0.0584  -0.6147  -0.0054   0.4076
  0.0630  -0.1094  -0.0560  -0.6245   0.0064   0.3893
  0.0755  -0.1540  -0.0553  -0.6351   0.0036   0.4032
  0.0807  -0.1236  -0.0660  -0.5911  -0.0036   0.3682
  0.0820  -0.1119  -0.0969  -0.6487  -0.0182   0.3736
 -0.0031  -0.0635  -0.0448  -0.3725   0.0305   0.3161
  0.0362  -0.0641  -0.0201  -0.4813   0.0284   0.4028
  0.0567  -0.0671  -0.0429  -0.4439   0.0044   0.3794
  0.0795  -0.0177  -0.0485  -0.4564   0.0060   0.3701
  0.0892  -0.0475  -0.0438  -0.4580   0.0154   0.3781
  0.0783  -0.0421  -0.0385  -0.3834   0.0156   0.3391
  0.0980  -0.0400  -0.0202  -0.3710   0.0071   0.3490
  0.1047  -0.0456  -0.0087  -0.3833   0.0127   0.3615
  0.0986  -0.0818   0.0066  -0.3661   0.0247   0.3646
  0.1077  -0.0762  -0.0023  -0.3492   0.0293   0.3650
  0.1084  -0.0618   0.0037  -0.3820   0.0266   0.3631
  0.1016  -0.0494  -0.0107  -0.3760   0.0284   0.3530
  0.0759  -0.0785  -0.0211  -0.3890   0.0319   0.3558
  0.0800  -0.0519  -0.0166  -0.3675   0.0270   0.3422
  0.0869  -0.0252  -0.0134  -0.3481   0.0238   0.3381
  0.0938  -0.0029  -0.0106  -0.3322   0.0200   0.3363
  0.1000   0.0207  -0.0213  -0.3387   0.0224   0.3250
  0.0956   0.0171  -0.0161  -0.3048   0.0247   0.3090
  0.1113   0.0492  -0.0230  -0.3154   0.0237   0.2878
  0.0924   0.0759  -0.0451  -0.3456   0.0220   0.2972
  0.0764   0.0594  -0.0453  -0.3398   0.0238   0.2965
  0.0807   0.0867  -0.0374  -0.3372   0.0132   0.2792
  0.0769   0.1201  -0.0431  -0.3789   0.0252   0.2800
  0.0619   0.1233  -0.0407  -0.2752   0.0581   0.3130
  0.0874   0.1744  -0.0441  -0.2844   0.0336   0.3150
  0.0870   0.2161  -0.0403  -0.3025   0.0263   0.3194
  0.1029   0.2134  -0.0008  -0.4460   0.0500   0.3518
  0.0784   0.1657  -0.0073  -0.3745   0.0245   0.3440
  0.0834   0.2271  -0.0326  -0.3662   0.0089   0.3256
  0.0576   0.2179  -0.0299  -0.4242   0.0024   0.3280
  0.0549   0.1850  -0.0280  -0.3687   0.0216   0.3128
  0.0572   0.1983  -0.0404  -0.3234   0.0064   0.2899
  0.0620   0.1753  -0.0454  -0.3698   0.0098   0.2957
  0.0352   0.1437  -0.0523  -0.3274   0.0340   0.2859
  0.0307   0.1414  -0.0063  -0.2689   0.0406   0.2759
  0.0410   0.1313   0.0369  -0.3396   0.0473   0.2952
  0.0308   0.1577   0.0096  -0.3463   0.0444   0.2806
  0.0297   0.1563   0.0047  -0.2664   0.0455   0.2556
  0.0439   0.1757   0.0108  -0.3186   0.0377   0.2612
 -0.0036   0.1101   0.0236  -0.1331   0.0848   0.2339
 -0.0195   0.0794   0.0368   0.0379   0.0856   0.1864
 -0.0174   0.0951   0.0245   0.0185   0.0874   0.1859
 -0.0068   0.0917   0.0183  -0.0043   0.0888   0.1857
  0.0083   0.0455   0.0075   0.0457   0.0921   0.1721
  0.0140   0.0772   0.0196   0.0725   0.0887   0.1563
  0.0047   0.1109   0.0161   0.0399   0.0905   0.1628
  0.0249   0.0367   0.0046   0.0214   0.0948   0.1905
  0.0364  -0.0168   0.0304   0.0903   0.1147   0.1495
  0.0464  -0.0238   0.0258   0.1021   0.1043   0.1309
  0.0449  -0.0170   0.0324   0.0609   0.1026   0.1562
  0.0479  -0.0129   0.0439   0.0603   0.0939   0.1636
  0.0241   0.0129   0.0396   0.0643   0.1036   0.1550
  0.0170  -0.0162   0.0406   0.0501   0.1092   0.1619
  0.0022  -0.0163   0.0542   0.1059   0.1125   0.1550
 -0.0077   0.0235   0.0506   0.0905   0.1012   0.1611
  0.0044   0.0184   0.0512   0.0599   0.0945   0.1536
 -0.0021  -0.0077   0.0286  -0.0050   0.1044   0.1492
  0.0283  -0.0201   0.0743  -0.2755   0.1014   0.2325
  0.0083  -0.0088   0.0785  -0.2031   0.0678   0.2257
  0.0171   0.0071   0.0482  -0.1448   0.0596   0.2122
  0.0299  -0.0234   0.0543  -0.0914   0.0553   0.1842
  0.0329  -0.0590   0.0597  -0.0555   0.0868   0.1645
  0.0328  -0.0668   0.0519  -0.1279   0.0701   0.1603
  0.0445  -0.0516   0.0816  -0.0929   0.0570   0.1341
  0.0398  -0.0421   0.0617  -0.0932   0.0453   0.1150
  0.0204  -0.0020   0.0528  -0.1387   0.0346   0.1259
 -0.0159   0.0106   0.0514  -0.1076   0.0522   0.1342
  0.0202  -0.0359   0.0595  -0.0724   0.0618   0.1023
  0.0390   0.0217   0.0348  -0.1469   0.0367   0.0867
  0.0383   0.0220   0.0130  -0.1901   0.0256   0.1050
  0.0355  -0.0172   0.0298  -0.1482   0.0489   0.1108
 -0.0155  -0.0804   0.0053  -0.0576   0.0266   0.1618
  0.0353   0.0060   0.0438  -0.0395   0.0550   0.1472
  0.0520   0.0475   0.0279  -0.0636   0.0493   0.1497
  0.0490   0.0061   0.0439  -0.0356   0.0694   0.1291
  0.0650   0.0200   0.0702   0.0119   0.0810   0.1332
  0.0838   0.0249   0.0666  -0.0007   0.0776   0.1318
  0.0867   0.0299   0.0817   0.0104   0.0745   0.1082
  0.1082   0.0216   0.0864   0.0214   0.0735   0.1003
  0.1014   0.0202   0.0866  -0.0141   0.0763   0.1123
  0.0864  -0.0130   0.0777   0.0052   0.0884   0.1148
  0.0984  -0.0148   0.0957   0.0046   0.0970   0.1037
  0.0864  -0.0047   0.0835   0.0109   0.0835   0.0953
  0.0911  -0.0041   0.0923  -0.1236   0.0822   0.1347
  0.0997   0.0043   0.0979  -0.1104   0.0996   0.1256
  0.0905   0.0085   0.0924  -0.1418   0.0970   0.1295
  0.0977   0.0518   0.0948  -0.1015   0.0948   0.1003
  0.1182   0.0559   0.1013  -0.0889   0.1039   0.0889
  0.1302   0.0581   0.0952  -0.0838   0.1180   0.0800
  0.1406   0.0711   0.1009  -0.1455   0.1093   0.0731
  0.1060   0.0758   0.1078  -0.3408   0.1392   0.1850
  0.1315   0.1400   0.1903  -0.2775   0.1497   0.2685
  0.1028   0.0593   0.1631  -0.2860   0.0917   0.3395
  0.1520   0.0827   0.1712  -0.0934   0.1310   0.2567
  0.1251   0.0776   0.1040   0.0876   0.1210   0.1864
  0.1362   0.0604   0.0959   0.1268   0.1244   0.1562
  0.1661   0.0300   0.0904   0.0952   0.1274   0.1595
  0.1537  -0.0222   0.0793   0.0104   0.1357   0.1777
  0.1448  -0.0180   0.0860   0.0461   0.1388   0.1606
  0.1353   0.0023   0.0854   0.0634   0.1424   0.1495
  0.1429   0.0148   0.0708   0.0564   0.1311   0.1249
  0.1357   0.0282   0.0749   0.0306   0.1201   0.1367
  0.1140   0.0203   0.0674  -0.0218   0.1107   0.1569
  0.0915   0.0147   0.0593  -0.0222   0.1086   0.1592
  0.0560   0.0326   0.0650   0.0242   0.1092   0.1447
  0.0563   0.0492   0.0673   0.0270   0.0723   0.1663
  0.0622   0.0994   0.0760   0.0838   0.0703   0.1409
  0.0324   0.1234   0.1395   0.1373   0.1478   0.0180
 -0.0548  -0.0152   0.0901   0.1464   0.0812   0.1798
  0.0210   0.0920   0.0810   0.0348   0.0316   0.1543
  0.0602   0.1567   0.0102   0.0275   0.0544   0.0969
  0.0567   0.2117   0.0056  -0.0056   0.0452   0.0854
  0.0612   0.1794   0.0006   0.0045   0.0425   0.0800
  0.0560   0.1617  -0.0189   0.0262   0.0399   0.0659
  0.0729   0.1338   0.0061   0.0263   0.0366   0.0777
  0.0934   0.1545   0.0039   0.0398   0.0485   0.0683
  0.0435   0.2183  -0.0228   0.0558   0.0428   0.0655
  0.0716   0.2756  -0.0080   0.1321   0.0946   0.0438
  0.0680   0.3850  -0.0150   0.1411   0.0921   0.0259
  0.0928   0.2978   0.0092   0.1515   0.0911   0.0430
  0.1117   0.2686   0.0133   0.1325   0.0827   0.0634
  0.0977   0.1659   0.0167   0.1173   0.1064   0.0857
  0.0835   0.1395   0.0115   0.2217   0.0851   0.0111
  0.0490   0.1149   0.0597   0.5779   0.1326   0.0275
  0.0591  -0.0123   0.0484   0.4427   0.1042   0.0602
  0.0596   0.0273   0.0719   0.3568   0.1003   0.0499
  0.0758   0.0862   0.0505   0.2596   0.0778   0.0590
  0.0660   0.1590   0.0096   0.1842   0.0595   0.0603
  0.0715   0.1241   0.0128   0.1859   0.0565   0.0608
  0.0666   0.1328   0.0077   0.2154   0.0487   0.0380
  0.0706   0.1479   0.0173   0.1554   0.0324   0.0640
  0.0718   0.1269   0.0204   0.1373   0.0381   0.0632
  0.0606   0.1874   0.0046   0.1240   0.0404   0.0515
  0.0861   0.1566  -0.0093   0.0993   0.0210   0.0643
  0.0966   0.2009  -0.0013  -0.1744  -0.0086   0.1419
  0.1441   0.2527   0.0224  -0.2465  -0.0266   0.1615
  0.1187   0.1656   0.0120  -0.1909  -0.0158   0.1404
  0.1582   0.1729   0.0256  -0.0880   0.0018   0.1124
  0.1467   0.1557  -0.0164  -0.1063  -0.0071   0.1667
  0.0633   0.1538  -0.0213   0.4440  -0.0708  -0.0218
  0.0826  -0.1427   0.0187   0.7891  -0.1076  -0.0604
  0.1628  -0.2883   0.0497   0.5919  -0.0918  -0.0876
  0.1302  -0.1540   0.0628   0.5994  -0.0879  -0.0935
  0.0947  -0.1425   0.1009   0.5689  -0.0489  -0.1924
  0.0010   0.1559   0.0049   0.3062  -0.0819  -0.1993
  0.0001   0.1178   0.0072   0.3863  -0.1107  -0.2839
 -0.0007   0.1431  -0.0029   0.2695  -0.1528  -0.2580
 -0.0101   0.0877  -0.0026   0.2215  -0.1283  -0.2658
 -0.0116   0.1419  -0.0186   0.1447  -0.1260  -0.2628
 -0.0052   0.1390  -0.0486   0.1938  -0.1284  -0.2667
 -0.0054   0.1271  -0.1020   0.1570  -0.1654  -0.2483
 -0.0097   0.1106  -0.0971   0.1176  -0.1852  -0.2479
 -0.0246   0.0559  -0.0843   0.0975  -0.1783  -0.2518
 -0.0418   0.0305  -0.0696   0.1075  -0.1660  -0.2752
 -0.0423   0.0078  -0.0502   0.0652  -0.1688  -0.2442
 -0.0564   0.0198  -0.0563   0.0794  -0.1588  -0.2822
 -0.0617  -0.0364  -0.0412   0.1922  -0.1211  -0.2898
 -0.0352  -0.0037  -0.0312   0.0835  -0.1211  -0.2923
 -0.0297  -0.0130  -0.0271  -0.0065  -0.1080  -0.2426
  0.0122   0.1097   0.0124   0.1137  -0.1212  -0.1434
  0.0574  -0.1520   0.0003   0.0414  -0.0640  -0.1394
 -0.1048  -0.0056  -0.0516  -0.2151  -0.0761  -0.1323
 -0.1361  -0.0108  -0.0615  -0.1015  -0.0865  -0.1766
 -0.1439  -0.0024  -0.0335  -0.1090  -0.0818  -0.1926
 -0.0856   0.0284  -0.0975  -0.1420  -0.0938  -0.2609
 -0.0682   0.0127  -0.0932  -0.1754  -0.1077  -0.3031
 -0.0732   0.0291  -0.0790  -0.1895  -0.1192  -0.3684
 -0.0764   0.0447  -0.0522  -0.1957  -0.1311  -0.4152
 -0.0752   0.0615  -0.0472  -0.1740  -0.1424  -0.4667
 -0.0626   0.0497  -0.0403  -0.2013  -0.1368  -0.5062
 -0.0954   0.0791  -0.0261   0.0586  -0.1278  -0.5650
 -0.2154  -0.0367  -0.0968   0.6988  -0.1420  -0.3963
 -0.2229  -0.2127  -0.0987   0.8478  -0.1804  -0.3909
 -0.2542  -0.2729  -0.0906   0.8778  -0.1970  -0.4083
 -0.2806  -0.2311  -0.1057   0.7642  -0.1632  -0.4471
 -0.2288  -0.2519  -0.1379   0.8670  -0.1874  -0.4457
 -0.2114  -0.2328  -0.1188   0.8477  -0.1927  -0.4614
 -0.1956  -0.2027  -0.1090   0.7790  -0.1953  -0.4638
 -0.1766  -0.2819  -0.1078   0.7373  -0.1778  -0.4279
 -0.1748  -0.3232  -0.1289   1.0116  -0.1909  -0.4480
 -0.1662  -0.3110  -0.0833   0.8891  -0.1566  -0.4551
 -0.1587  -0.2824  -0.1220   1.0493  -0.1821  -0.5353
 -0.1907  -0.2561  -0.0870   0.8023  -0.1410  -0.5033
 -0.1619  -0.1936  -0.1353   0.6806  -0.1806  -0.4382
 -0.1151  -0.2606  -0.1010   0.6638  -0.1709  -0.4060
 -0.1256  -0.2749  -0.1010   0.8204  -0.1542  -0.4574
 -0.1029  -0.2249  -0.0757   0.6789  -0.1609  -0.4456
 -0.1098  -0.1063  -0.0990   0.6248  -0.1671  -0.4753
 -0.1198  -0.0832  -0.0860   0.6047  -0.1499  -0.5159
 -0.1434  -0.1643  -0.0949   0.5702  -0.1460  -0.5241
 -0.1473  -0.1389  -0.0740   0.6296  -0.1482  -0.5548
 -0.1206  -0.1505  -0.0449   0.5395  -0.1253  -0.5185
 -0.1282  -0.1896  -0.0329   0.5736  -0.1107  -0.5439
 -0.1313  -0.1354  -0.0264   0.5666  -0.1187  -0.5513
 -0.1505  -0.1170  -0.0076   0.4873  -0.1059  -0.5373
 -0.1644  -0.1738  -0.0040   0.5387  -0.0952  -0.5568
 -0.0670  -0.0969   0.0398   0.4135  -0.0736  -0.7774
 -0.0724  -0.0889   0.0158   0.7032  -0.0325  -0.7643
 -0.0863  -0.1577  -0.0017   0.5644  -0.0546  -0.7165
 -0.1544  -0.1893  -0.0255   0.5419  -0.0667  -0.7141
 -0.1523  -0.2147  -0.0107   0.5021  -0.0430  -0.7032
 -0.1488  -0.2216  -0.0165   0.5747  -0.0384  -0.7247
 -0.1198  -0.2066   0.0041   0.5327  -0.0340  -0.7341
 -0.1196  -0.2016   0.0154   0.4933  -0.0280  -0.7384
 -0.1144  -0.2156   0.0270   0.5126  -0.0235  -0.7332
 -0.0903  -0.2164   0.0343   0.5156  -0.0192  -0.7339
 -0.0965  -0.1888   0.0384   0.4925  -0.0155  -0.7383
 -0.1012  -0.2057   0.0440   0.4506  -0.0123  -0.7352
 -0.1300  -0.2238   0.0463   0.4799  -0.0132  -0.7146
 -0.1101  -0.2460   0.0703   0.4498   0.0001  -0.7112
 -0.1181  -0.2024   0.0833   0.4601  -0.0213  -0.7320
 -0.0976  -0.1875   0.0722   0.5164  -0.0438  -0.7229
 -0.1129  -0.2195   0.0323   0.5270  -0.0025  -0.7786
 -0.1542  -0.1680   0.0453   0.5662  -0.0512  -0.8045
 -0.1352  -0.1772   0.0293   0.4713  -0.0253  -0.7685
 -0.1279  -0.1828   0.0364   0.4286  -0.0527  -0.7943
 -0.1512  -0.2434   0.0528   0.6447  -0.0626  -0.8373
 -0.1425  -0.2257   0.0546   0.4284  -0.0382  -0.8058
 -0.1241  -0.1006   0.0448   0.3565  -0.0478  -0.8190
 -0.1274  -0.0213   0.0426   0.2951  -0.0415  -0.8536
 -0.1485  -0.2599   0.0749   0.3374   0.0243  -0.6418
 -0.0577  -0.5370   0.0956   0.4732   0.0334  -0.4532
 -0.1387  -0.4063   0.1022   0.4854  -0.0489  -0.5071
 -0.1941  -0.1064  -0.0017   0.5927  -0.1480  -0.6344
 -0.1812  -0.0111   0.0359   0.6310  -0.0787  -0.7058
 -0.1256  -0.0506   0.0313   0.5515  -0.0199  -0.7046
 -0.1524  -0.0943   0.0479   0.4478  -0.0306  -0.7570
 -0.1640   0.0065   0.0366   0.4398  -0.0327  -0.8748
 -0.1534   0.0963   0.0383   0.2395  -0.0683  -0.8961
 -0.1623   0.0122  -0.0252   0.3674  -0.0586  -0.9212
 -0.1626   0.0431  -0.0206   0.2231  -0.0668  -0.9174
 -0.1872   0.0138  -0.0095   0.2321  -0.0942  -0.9410
 -0.1844   0.0447  -0.0192   0.2679  -0.0811  -0.9000
 -0.1816  -0.0000  -0.0051   0.3871  -0.0477  -0.8758
 -0.1119  -0.0257   0.0422   0.1496   0.0480  -0.6796
 -0.1552  -0.1760   0.0539   0.2226   0.0635  -0.7174
 -0.1815  -0.1886  -0.1022   0.0799   0.0475  -0.5773
 -0.1673  -0.1135  -0.0117   0.0539   0.0789  -0.6271
 -0.1965  -0.0534  -0.0170  -0.0143   0.0844  -0.6769
 -0.2186  -0.1125  -0.0035  -0.0348   0.1236  -0.6977
 -0.2259  -0.2195   0.0557   0.2253   0.1791  -0.7473
 -0.2282  -0.6039   0.0438   0.3540   0.2091  -0.4013
 -0.1884  -0.6320   0.0842   0.7871   0.1319  -0.3742
 -0.1192  -0.4673   0.0783   0.5118   0.2073  -0.3631
  0.0870   0.3113   0.2020   0.2111   0.1987  -0.4265
  0.1540  -0.2932   0.0841   0.2887   0.2051  -0.3381
  0.0744   0.4512  -0.0785   0.3220   0.0523  -0.3056
 -0.0328  -0.1121  -0.1730   1.1380   0.0002  -0.3293
