  0.0772  -0.0707   0.0302   0.1670   0.0461  -0.1480
  0.0703  -0.0759   0.0268   0.1946   0.0409  -0.1688
  0.0741  -0.0711   0.0319   0.1883   0.0304  -0.1621
  0.0788  -0.0771   0.0274   0.1955   0.0332  -0.1642
  0.0886  -0.0712   0.0268   0.1949   0.0355  -0.1701
  0.0899  -0.0675   0.0344   0.1905   0.0414  -0.1766
  0.0832  -0.0708   0.0335   0.1999   0.0541  -0.1919
  0.0848  -0.0730   0.0392   0.1800   0.0493  -0.1739
  0.0713  -0.0745   0.0313   0.1691   0.0477  -0.1556
  0.0668  -0.0739   0.0343   0.1644   0.0366  -0.1620
  0.0784  -0.0775   0.0482   0.1655   0.0491  -0.1562
  0.0717  -0.0835   0.0441   0.1536   0.0444  -0.1662
  0.0675  -0.0762   0.0440   0.1525   0.0425  -0.1751
  0.0768  -0.0654   0.0270   0.1070   0.0417  -0.1693
  0.0835  -0.0819   0.0483   0.1306   0.0478  -0.1403
  0.0838  -0.0720   0.0629   0.1608   0.0608  -0.1415
  0.0885  -0.0783   0.0519   0.1640   0.0599  -0.1709
  0.0875  -0.0772   0.0596   0.1631   0.0592  -0.1609
  0.0769  -0.0814   0.0441   0.1707   0.0415  -0.1419
  0.0651  -0.0866   0.0353   0.1628   0.0396  -0.1378
  0.0695  -0.0771   0.0357   0.1428   0.0324  -0.1516
  0.0735  -0.0912   0.0306   0.1338   0.0328  -0.1424
  0.0690  -0.0793   0.0376   0.1388   0.0344  -0.1247
  0.0656  -0.0877   0.0278   0.1321   0.0316  -0.1297
  0.0640  -0.0887   0.0193   0.1055   0.0374  -0.1105
  0.0658  -0.0785   0.0326   0.1256   0.0372  -0.1085
  0.0593  -0.0897   0.0233   0.1231   0.0337  -0.1173
  0.0506  -0.0758   0.0194   0.1227   0.0307  -0.1216
  0.0577  -0.0763   0.0209   0.1326   0.0336  -0.1231
  0.0566  -0.0884   0.0201   0.1455   0.0313  -0.1156
  0.0636  -0.0889   0.0209   0.1369   0.0341  -0.1061
  0.0784  -0.0807   0.0342   0.1161   0.0482  -0.1086
  0.0812  -0.0881   0.0314   0.1210   0.0506  -0.0995
  0.0892  -0.0799   0.0402   0.1146   0.0507  -0.1115
  0.0563  -0.1036   0.0255   0.1063   0.0360  -0.1104
  0.0356  -0.1031   0.0195   0.1247   0.0427  -0.1024
  0.0414  -0.0872   0.0273   0.1221   0.0399  -0.1106
  0.0391   0.0059   0.0497   0.0589   0.0391  -0.0277
  0.0383  -0.0340   0.0412   0.0245   0.0369  -0.0811
 -0.0007   0.1083   0.0086  -0.0250   0.0132   0.1477
 -0.0306   0.1141  -0.0161  -0.0882  -0.0012   0.0244
 -0.0102   0.0849  -0.0177  -0.0152   0.0162  -0.0067
 -0.0024   0.0683  -0.0176   0.0254   0.0235  -0.0089
 -0.0303   0.1276  -0.0042   0.0036   0.0014   0.0034
 -0.0255   0.0778  -0.0042   0.0234   0.0232  -0.0169
 -0.0341   0.0685  -0.0002   0.0013   0.0184  -0.0155
 -0.0456   0.0659  -0.0002   0.0002   0.0153  -0.0067
 -0.0300   0.0788   0.0128   0.0145   0.0285  -0.0208
 -0.0376   0.0765   0.0103   0.0153   0.0190  -0.0491
 -0.0374   0.0681   0.0064  -0.0016   0.0154  -0.0199
 -0.0317   0.0661   0.0067  -0.0032   0.0162  -0.0201
 -0.0238   0.0671   0.0147   0.0011   0.0190  -0.0065
 -0.0214   0.0537   0.0123  -0.0002   0.0051  -0.0011
 -0.0017   0.0299   0.0152  -0.0044  -0.0082   0.0099
 -0.0003   0.0438   0.0101  -0.0019  -0.0164  -0.0078
 -0.0181   0.0468  -0.0003  -0.0143  -0.0239  -0.0125
 -0.0227   0.0434  -0.0054  -0.0212  -0.0214  -0.0043
 -0.0243   0.0442  -0.0001  -0.0483  -0.0282   0.0152
 -0.0226   0.0373   0.0056  -0.0320  -0.0173   0.0326
 -0.0268   0.0357   0.0028  -0.0306  -0.0098   0.0384
 -0.0185   0.0251   0.0061  -0.0205  -0.0173   0.0308
 -0.0279   0.0174   0.0007  -0.0290  -0.0168   0.0414
 -0.0178   0.0186   0.0060  -0.0284  -0.0099   0.0509
 -0.0152   0.0178   0.0044  -0.0458  -0.0154   0.0416
 -0.0127   0.0223  -0.0018  -0.0391  -0.0139   0.0459
 -0.0174   0.0149   0.0024  -0.0452  -0.0173   0.0437
 -0.0221   0.0154  -0.0038  -0.0313  -0.0158   0.0476
 -0.0253   0.0314   0.0067  -0.0328  -0.0165   0.0379
 -0.0258   0.0148   0.0011  -0.0249  -0.0166   0.0408
 -0.0234   0.0118  -0.0092  -0.0269  -0.0156   0.0433
 -0.0349   0.0065  -0.0015  -0.0245  -0.0192   0.0401
 -0.0354   0.0151  -0.0045  -0.0235  -0.0210   0.0361
 -0.0350   0.0082  -0.0043  -0.0310  -0.0196   0.0468
 -0.0610  -0.0140  -0.0156  -0.0028  -0.0386   0.0228
 -0.0598  -0.0134  -0.0047  -0.0272  -0.0647   0.0292
 -0.0500  -0.0168   0.0034  -0.0391  -0.0484   0.0599
 -0.0401  -0.0123   0.0025  -0.0396  -0.0450   0.0466
 -0.0357  -0.0125   0.0041  -0.0474  -0.0380   0.0678
 -0.0362  -0.0061  -0.0067  -0.0515  -0.0397   0.0446
 -0.0239  -0.0098   0.0004  -0.0440  -0.0356   0.0636
 -0.0159   0.0121   0.0095  -0.0740  -0.0278   0.0387
 -0.0318   0.0144  -0.0004  -0.0742  -0.0363   0.0513
 -0.0291   0.0180  -0.0005  -0.0629  -0.0301   0.0689
 -0.0335   0.0049  -0.0031  -0.0562  -0.0264   0.0614
 -0.0444   0.0032  -0.0056  -0.0489  -0.0274   0.0581
 -0.0396   0.0108  -0.0040  -0.0506  -0.0292   0.0612
 -0.0361   0.0034  -0.0122  -0.0695  -0.0204   0.0581
 -0.0356   0.0092   0.0017  -0.0842  -0.0138   0.0732
 -0.0408   0.0019  -0.0057  -0.0647  -0.0188   0.1024
 -0.0621   0.0395   0.0082  -0.0780  -0.0234   0.0341
 -0.0725   0.0321  -0.0102  -0.1012  -0.0263   0.0575
 -0.0628   0.0492  -0.0065  -0.1353  -0.0244   0.0827
 -0.0822   0.1968  -0.0042  -0.1993  -0.0150   0.3737
 -0.0991   0.1741  -0.0462  -0.2679  -0.0286   0.1861
 -0.0698   0.1529  -0.0678  -0.2305  -0.0020   0.1737
 -0.0633   0.1238  -0.0682  -0.2133  -0.0033   0.1951
 -0.0654   0.1244  -0.0575  -0.1873  -0.0112   0.1605
 -0.0347   0.1211  -0.0359  -0.1069  -0.0056   0.0732
  0.0070   0.1039  -0.0566  -0.1381   0.0063   0.0638
  0.0082   0.0832  -0.0459  -0.1343   0.0046   0.1028
 -0.0154   0.0467  -0.0676  -0.1137  -0.0132   0.1132
 -0.0140   0.0384  -0.0547  -0.1159  -0.0137   0.1163
 -0.0199   0.0298  -0.0436  -0.1083  -0.0231   0.1269
 -0.0188   0.0222  -0.0431  -0.1254  -0.0193   0.1236
 -0.0192   0.0339  -0.0335  -0.1173  -0.0240   0.1190
 -0.0212   0.0344  -0.0299  -0.1058  -0.0275   0.1009
 -0.0146   0.0131  -0.0446  -0.1041  -0.0247   0.0963
 -0.0126   0.0140  -0.0393  -0.1138  -0.0228   0.1060
 -0.0226   0.0017  -0.0500  -0.1144  -0.0194   0.1122
 -0.0337  -0.0071  -0.0600  -0.1280  -0.0276   0.1188
 -0.0397  -0.0049  -0.0503  -0.1295  -0.0335   0.1188
 -0.0669  -0.0156  -0.0578  -0.1062  -0.0444   0.1219
 -0.0527  -0.0104  -0.0511  -0.1003  -0.0384   0.1186
 -0.0603  -0.0085  -0.0495  -0.1216  -0.0438   0.0981
 -0.0255   0.0040  -0.0508  -0.1046  -0.0431   0.1090
 -0.0227  -0.0008  -0.0485  -0.0867  -0.0422   0.1072
 -0.0372  -0.0077  -0.0451  -0.0889  -0.0508   0.1128
 -0.0540  -0.0032  -0.0607  -0.0809  -0.0710   0.1075
 -0.0922  -0.0135  -0.0529  -0.1488  -0.0982   0.1730
 -0.0807  -0.0255  -0.0157  -0.1735  -0.0974   0.0813
