  0.0668  -0.0660  -0.2491  -0.1175   0.1756  -0.0244
  0.0276  -0.0788  -0.2397  -0.0620   0.1461  -0.1055
  0.0139  -0.1157  -0.2733   0.0172   0.1412   0.0940
 -0.0122  -0.1740  -0.2701   0.0429   0.1325   0.0047
 -0.0580  -0.4268  -0.2904   0.1346   0.1224  -0.0482
 -0.0239  -0.3087  -0.2745   0.1406   0.1102   0.1003
 -0.0276  -0.1950  -0.2222   0.0587   0.1217   0.0673
  0.0385   0.1138  -0.2052  -0.1773   0.1262   0.0450
  0.0084   0.0290  -0.2189  -0.1480   0.1277   0.0505
  0.0170   0.0106  -0.2306  -0.1481   0.1247   0.0644
  0.0511   0.0300  -0.2134  -0.5083   0.1369   0.0828
  0.0643   0.1443  -0.2247  -0.9957   0.1447  -0.0137
  0.0733   0.1165  -0.1636  -0.8128   0.1435  -0.1290
  0.0919   0.3355  -0.1906  -1.0516   0.1586  -0.0204
  0.0909   0.1247  -0.1310  -0.3605   0.1722  -0.2226
  0.0605  -0.0061  -0.0896   0.2636   0.1619  -0.1881
  0.0343  -0.0794  -0.1219   0.2703   0.1462  -0.0570
  0.0332  -0.0345  -0.1383   0.2484   0.1511   0.0522
 -0.0023  -0.0297  -0.0813   0.1844   0.1289   0.0679
  0.0330  -0.0454  -0.1251   0.2163   0.1225  -0.0129
  0.0147  -0.1501  -0.1434   0.3061   0.1144   0.0028
  0.0219  -0.1659  -0.1541   0.1441   0.1095   0.0316
  0.0070  -0.1616  -0.1405   0.3920   0.1042  -0.1056
  0.0073  -0.1717  -0.1417   0.3776   0.0985  -0.0072
  0.0089  -0.1050  -0.1472   0.0228   0.0690   0.0904
  0.0113  -0.0752  -0.1666  -0.2115   0.0953   0.1008
  0.0157  -0.0551  -0.1846  -0.2029   0.1053  -0.0288
  0.0205  -0.0796  -0.1805   0.0389   0.1110  -0.0997
  0.0045  -0.0944  -0.1637   0.0675   0.1025  -0.0146
  0.0107  -0.0736  -0.1702   0.0881   0.0989   0.0409
  0.0075  -0.0741  -0.1576   0.2085   0.1019  -0.0170
  0.0201   0.0209  -0.1680  -0.1146   0.1065   0.0212
  0.0199   0.0424  -0.1667  -0.1862   0.1068   0.0470
  0.0172   0.0461  -0.1669  -0.1979   0.1084  -0.0033
  0.0171   0.0288  -0.1681  -0.1836   0.0965  -0.0048
 -0.0410  -0.1762  -0.1773  -0.1881   0.0855  -0.0513
 -0.0313   0.2109  -0.0607  -0.2916   0.1422   0.0712
 -0.0383   0.2282  -0.0364  -0.4551   0.1219  -0.0216
 -0.0022   0.1800  -0.0557  -0.3087   0.1043  -0.0234
  0.0586   0.1997  -0.1456  -0.2761   0.0997  -0.0550
  0.0526   0.3264  -0.1577  -0.4220   0.1121   0.1001
  0.0063   0.4900  -0.0575  -0.4164   0.1109  -0.0413
  0.0113   0.4701  -0.0872  -0.3651   0.0962  -0.0046
  0.0018   0.4915  -0.0797  -0.3955   0.0978  -0.0434
  0.0121   0.3212  -0.1093  -0.3760   0.0971  -0.0945
  0.0284   0.2177  -0.1588  -0.2444   0.0957   0.0119
  0.0004   0.1765  -0.1277  -0.2533   0.1213   0.0248
  0.0206   0.1364  -0.1147  -0.2913   0.1078  -0.0085
  0.0058   0.1065  -0.2723  -0.2365   0.1011   0.0467
 -0.0287  -0.0348  -0.1686  -0.1931   0.0905  -0.0535
 -0.0357  -0.0649  -0.1629  -0.1366   0.0708   0.0022
 -0.0080  -0.0441  -0.1376  -0.1387   0.0544   0.0808
 -0.0168   0.0309  -0.3492  -0.2700   0.1070   0.0215
  0.0310   0.1917  -0.1800  -0.4200   0.1015   0.0069
  0.0533   0.0790  -0.0823  -0.2875   0.0316  -0.0464
 -0.0093   0.1540  -0.0642  -0.2680   0.0516  -0.0636
  0.0253   0.3811   0.0979   0.6784   0.0580  -0.1631
  0.0332   0.4037   0.0705   0.5564   0.0209   0.1323
  0.0420   0.2813   0.0626   0.4730   0.0016   0.1055
 -0.0271   0.0494   0.0468   0.0948  -0.0496   0.0777
 -0.0423  -0.0370  -0.0172   0.1008  -0.0425   0.0404
 -0.0399  -0.0839  -0.0267   0.1299  -0.0302   0.0431
 -0.0390  -0.0961  -0.0308   0.1337  -0.0244   0.0472
 -0.0460  -0.1434  -0.0196   0.1031  -0.0183  -0.0002
 -0.0535  -0.1147  -0.0207   0.0661  -0.0094   0.0865
 -0.0685  -0.1620  -0.0138   0.0618  -0.0071  -0.0006
 -0.0815  -0.1316  -0.0014   0.0631  -0.0017   0.0477
 -0.0785  -0.1582   0.0017   0.1223  -0.0263  -0.0051
 -0.0486  -0.1491  -0.0349  -0.0329  -0.0188   0.0038
  0.0198   0.0800   0.1659  -0.2700  -0.1050  -0.0902
  0.0126   0.0027   0.1862   0.0169  -0.1063  -0.0363
  0.0155   0.0326   0.2314   0.0346  -0.1092   0.0382
  0.0092   0.0178   0.2083   0.0144  -0.1009   0.0065
  0.0093   0.0140   0.2147   0.0217  -0.1021   0.0124
  0.0099   0.0469   0.2073   0.0348  -0.0930   0.0781
  0.0101   0.0178   0.2085   0.0260  -0.0925   0.0147
  0.0041   0.0138   0.2217   0.0163  -0.0951  -0.0025
  0.0062   0.0303   0.2078   0.0291  -0.0962   0.0463
  0.0147   0.0267   0.2073   0.0340  -0.0986   0.0299
  0.0113   0.0039   0.2152   0.0395  -0.0974   0.0079
  0.0087   0.0296   0.2140   0.0388  -0.1006   0.0414
  0.0091   0.0363   0.2131   0.0301  -0.0993   0.0484
  0.0077   0.0234   0.2136   0.0293  -0.0996   0.0139
  0.0054   0.0326   0.2114   0.0416  -0.0956   0.0243
  0.0064   0.0359   0.2067   0.0371  -0.0918   0.0314
  0.0009   0.0335   0.2118   0.0251  -0.0902   0.0090
 -0.0029  -0.0385   0.2355   0.0159  -0.1015  -0.0716
 -0.0140   0.0328   0.2279   0.0292  -0.0979   0.0768
 -0.0931  -0.2107   0.2295   0.0923  -0.1635  -0.0617
 -0.0119  -0.0688   0.2036   0.0294  -0.1071   0.0721
 -0.0090   0.0353   0.2367   0.0288  -0.1010   0.0618
  0.0259   0.0593   0.1837  -0.0027  -0.1005   0.0581
  0.0099  -0.0390   0.1698   0.0256  -0.1255  -0.0225
 -0.0010  -0.0442   0.1728   0.0632  -0.1233   0.0755
  0.0013  -0.0646   0.1808   0.0518  -0.1238   0.0187
 -0.0057  -0.0562   0.1834   0.0604  -0.1271   0.0483
 -0.0044  -0.0478   0.1837   0.0640  -0.1297   0.0500
 -0.0094  -0.0606   0.1840   0.0518  -0.1274   0.0288
 -0.0127  -0.0745   0.1877   0.0516  -0.1220   0.0187
 -0.0123  -0.0764   0.1844   0.0489  -0.1204   0.0104
 -0.0100  -0.0957   0.1882   0.0811  -0.1041  -0.0148
 -0.0097  -0.0923   0.1719   0.0902  -0.1082  -0.0126
 -0.0281  -0.2318  -0.1626   0.2689  -0.0195  -0.0735
 -0.0292  -0.0435   0.0200   0.1089  -0.1200   0.0333
 -0.0240  -0.0752   0.0501   0.1504  -0.1049  -0.0631
 -0.0234  -0.1323   0.0643   0.2475  -0.0905  -0.2607
 -0.0321  -0.3147   0.0868   0.7546  -0.1503  -0.1343
 -0.0437  -0.2427   0.1374   0.7384  -0.1561  -0.1309
 -0.1202  -0.2470   0.2146   0.3349  -0.2194   0.0230
  0.0138  -0.0327   0.1381   0.2780  -0.1574   0.0137
  0.0324   0.1927   0.1647   0.1332  -0.1603  -0.0147
 -0.0099   0.0399   0.1432   0.0370  -0.1731   0.0841
 -0.0151  -0.0584   0.1616   0.0896  -0.1716  -0.0593
 -0.0332  -0.0485   0.1667   0.1367  -0.1711   0.0037
 -0.0183  -0.0282   0.1520   0.1489  -0.1576   0.0294
 -0.0145  -0.0630   0.1495   0.1318  -0.1561  -0.0192
 -0.0116  -0.0114   0.1269  -0.1008  -0.1539   0.0218
  0.0055   0.0428   0.1345   0.2730  -0.1438  -0.1244
  0.0086  -0.0257   0.1313   0.5127  -0.1029  -0.0678
 -0.0017  -0.0631   0.1379   0.5828  -0.1105  -0.0375
