  0.1122   0.4753  -0.0333  -0.0385  -0.0141  -0.0650
  0.1118   0.4488  -0.0923  -0.0559  -0.0054  -0.0503
  0.1017   0.4063  -0.0937  -0.0415  -0.0180  -0.0347
  0.0999   0.4373  -0.0818  -0.0495  -0.0218  -0.0522
  0.0999   0.4284  -0.0831  -0.0453  -0.0199  -0.0523
  0.1000   0.4596  -0.0815  -0.0550  -0.0190  -0.0542
  0.0953   0.5611  -0.0694  -0.0954  -0.0222  -0.0732
  0.0770   0.5634  -0.0860  -0.0886  -0.0264  -0.0634
  0.0748   0.6018  -0.0865  -0.0974  -0.0256  -0.0685
  0.0861   0.6052  -0.0862  -0.0777  -0.0271  -0.0709
  0.0851   0.6008  -0.0795  -0.0842  -0.0253  -0.0909
  0.0817   0.6317  -0.0750  -0.0624  -0.0170  -0.0904
  0.1031   0.6528  -0.0809  -0.1171  -0.0184  -0.0989
  0.0992   0.6389  -0.0705  -0.1020  -0.0154  -0.0867
  0.0906   0.6282  -0.0653  -0.0683  -0.0174  -0.0881
  0.0743   0.6243  -0.0891  -0.1102  -0.0191  -0.0732
  0.0655   0.5794  -0.0458  -0.0990  -0.0168  -0.0558
  0.0556   0.5876  -0.0496  -0.1092  -0.0171  -0.0585
  0.0630   0.5332  -0.0520  -0.0935  -0.0206  -0.0342
  0.0685   0.5406  -0.0648  -0.0857  -0.0278  -0.0345
  0.0548   0.3795  -0.0645  -0.0075  -0.0277  -0.0416
  0.0631   0.4937  -0.0599  -0.0589  -0.0247  -0.0544
  0.0116   0.4729  -0.0546   0.0155  -0.0587  -0.0634
 -0.0288   0.4332  -0.0169  -0.3471  -0.1311   0.0060
  0.0196   0.4400  -0.0363  -0.2547  -0.0525  -0.0075
  0.0317   0.4443  -0.0605  -0.2336  -0.0293  -0.0143
  0.0295   0.5178  -0.0448  -0.1641  -0.0305   0.0247
  0.0528   0.5024  -0.0962   0.0496  -0.0392   0.0440
  0.0068   0.2899   0.0100   0.1931  -0.0469   0.0278
 -0.0284   0.1977   0.0244   0.2544  -0.0184  -0.0415
 -0.0059   0.2456  -0.0613   0.3055  -0.0347   0.0037
 -0.0426   0.1331  -0.0879   0.5433  -0.0837   0.0433
 -0.0119   0.1144  -0.0366   0.3127  -0.0365  -0.0364
  0.0725   0.3062   0.0597  -0.2154   0.0254  -0.0704
 -0.0474  -0.1013   0.1565  -0.0064  -0.0123   0.0212
 -0.0590   0.0137   0.1516  -0.0013  -0.0017   0.0030
 -0.0375   0.0669   0.1382   0.0315   0.0034  -0.0008
  0.0028   0.0618   0.1405   0.0597   0.0140   0.0073
 -0.0261   0.0224   0.1977   0.0276   0.0123   0.0351
 -0.0181   0.0247   0.1881   0.0275   0.0092   0.0312
 -0.0231   0.0668   0.1946   0.0097   0.0083   0.0530
 -0.0228   0.1173   0.1850   0.0047   0.0154   0.0280
 -0.0383   0.1725   0.1884  -0.0262   0.0179   0.0117
 -0.0445   0.1995   0.1917  -0.0332   0.0173   0.0352
 -0.0389   0.1339   0.1716  -0.0571   0.0070   0.0350
 -0.0459   0.0940   0.1755  -0.0947   0.0137   0.0082
 -0.0349   0.0920   0.1621  -0.0828   0.0092   0.0099
 -0.0412   0.0854   0.1596  -0.0889   0.0155   0.0068
 -0.0401   0.0868   0.1538  -0.0618   0.0155   0.0235
 -0.0573   0.0717   0.1455  -0.0523   0.0044   0.0077
 -0.0290   0.0134   0.0689  -0.0706   0.0041   0.0229
 -0.0565   0.0475   0.1087  -0.0788   0.0053   0.0367
 -0.0280   0.0577   0.1023  -0.1395   0.0055   0.0425
 -0.0064   0.0662   0.0806  -0.1265   0.0046   0.0074
  0.0225  -0.0140   0.0358  -0.0577   0.0006   0.0260
 -0.0039  -0.0486   0.0513  -0.0573  -0.0001   0.0210
 -0.0242  -0.0478   0.0355  -0.0611  -0.0027   0.0289
 -0.0116  -0.0437   0.0334  -0.0607  -0.0060   0.0295
 -0.0243  -0.0982   0.0172  -0.0944  -0.0039   0.0329
 -0.0243  -0.1056   0.0034  -0.1196   0.0010   0.0340
 -0.0185  -0.1283  -0.0040  -0.1087   0.0030   0.0392
 -0.0199  -0.2329  -0.0218  -0.1079   0.0028   0.0452
 -0.0238  -0.2716  -0.0244  -0.1005  -0.0055   0.0606
 -0.0207  -0.3044  -0.0286  -0.0910  -0.0104   0.0597
 -0.0214  -0.3011  -0.0394  -0.1802  -0.0007   0.0454
 -0.0266  -0.2668  -0.0331  -0.1188  -0.0059   0.0496
 -0.0305  -0.3070  -0.0423  -0.0681  -0.0039   0.0471
 -0.0226  -0.2817  -0.0235  -0.0740  -0.0127   0.0275
 -0.0271  -0.1859  -0.0297  -0.0475  -0.0110   0.0179
 -0.0458  -0.2621  -0.0202  -0.0988  -0.0071   0.0225
 -0.0167  -0.4246  -0.0537  -0.0239  -0.0213   0.0531
 -0.0062  -0.4843  -0.1068   0.0125  -0.0245   0.0718
 -0.0131  -0.4929  -0.0876   0.0087  -0.0302   0.0703
 -0.0329  -0.4937  -0.0939  -0.0014  -0.0312   0.0652
 -0.0377  -0.4832  -0.0960   0.0009  -0.0323   0.0626
 -0.0393  -0.4527  -0.0960  -0.0206  -0.0349   0.0465
 -0.0456  -0.4314  -0.0976  -0.0562  -0.0347   0.0501
 -0.0373  -0.4511  -0.0907  -0.0367  -0.0362   0.0665
 -0.0377  -0.4625  -0.1057  -0.0369  -0.0343   0.0345
 -0.0481  -0.4101  -0.0953  -0.0610  -0.0329   0.0326
 -0.0449  -0.3731  -0.0928  -0.0626  -0.0352   0.0292
 -0.0455  -0.3566  -0.0957  -0.0512  -0.0330   0.0319
 -0.0406  -0.3468  -0.0914  -0.0769  -0.0274   0.0264
 -0.0399  -0.3509  -0.0949  -0.0830  -0.0275   0.0118
 -0.0507  -0.3708  -0.0983  -0.0814  -0.0430   0.0223
 -0.1124  -0.3948  -0.1408  -0.1048  -0.1451   0.0080
 -0.0722  -0.4360  -0.1132  -0.0794  -0.0573   0.0312
 -0.0660  -0.4116  -0.1176  -0.0692  -0.0470   0.0155
 -0.1128   0.2615  -0.1615  -0.1774  -0.0379  -0.0265
 -0.0710   0.0684  -0.1181  -0.1589  -0.0448  -0.0157
 -0.0831  -0.0081  -0.1122  -0.1508  -0.0403  -0.0060
 -0.0961  -0.0345  -0.1215  -0.1527  -0.0423  -0.0246
 -0.0918  -0.0287  -0.1278  -0.1725  -0.0362  -0.0415
 -0.0664  -0.0507  -0.1327  -0.1548  -0.0316  -0.0392
 -0.0747  -0.0416  -0.1310  -0.1593  -0.0343  -0.0223
 -0.0764  -0.0665  -0.1274  -0.1157  -0.0321  -0.0092
 -0.0842  -0.0659  -0.1180  -0.1234  -0.0347  -0.0124
 -0.0666  -0.1249  -0.1028  -0.1202  -0.0390  -0.0193
 -0.0433  -0.1509  -0.0847  -0.1075  -0.0380  -0.0150
 -0.0641  -0.0712  -0.1319  -0.1358  -0.0284  -0.0061
 -0.0659  -0.0950  -0.1380  -0.1068  -0.0310  -0.0031
 -0.0578  -0.1234  -0.1341  -0.1083  -0.0395   0.0023
 -0.0687  -0.1170  -0.1276  -0.1155  -0.0403  -0.0055
 -0.0726  -0.1471  -0.1382  -0.1097  -0.0426  -0.0063
 -0.0755  -0.1165  -0.1487  -0.1168  -0.0413  -0.0113
 -0.0687  -0.1432  -0.1504  -0.1114  -0.0456  -0.0180
 -0.0787  -0.1695  -0.1572  -0.1009  -0.0365  -0.0063
 -0.0819  -0.1748  -0.1603  -0.0888  -0.0393   0.0056
 -0.0711  -0.2068  -0.1665  -0.1005  -0.0473   0.0008
 -0.0736  -0.2091  -0.1731  -0.1502  -0.0386  -0.0048
 -0.0708  -0.2571  -0.1755  -0.0932  -0.0519   0.0080
 -0.0701  -0.2676  -0.1808  -0.0818  -0.0472   0.0119
 -0.0235  -0.3022  -0.1631   0.0170  -0.0246  -0.0070
 -0.0387  -0.3295  -0.2015   0.7981   0.0067   0.1221
 -0.1416  -0.1347  -0.2412   0.9289   0.0427   0.1125
 -0.3654   0.1207  -0.0147   0.6648   0.0398  -0.0691
 -0.2726   0.3224   0.1568   0.4300   0.0385  -0.1232
 -0.0754   2.6450  -0.1870  -0.1845   0.0965  -0.3556
 -0.0724   0.7650   0.0399  -0.2677   0.0003  -0.1301
 -0.0395   0.3759   0.2111  -0.1385   0.0747  -0.1029
 -0.0345   0.6061   0.2722  -0.0446   0.0959  -0.0978
  0.0024   0.6927   0.2602   0.0003   0.0909  -0.0772
 -0.0036   0.5439   0.3029   0.0841   0.0968  -0.0984
  0.0037   0.3829   0.2900   0.0779   0.0954  -0.0618
  0.0218   0.2514   0.2117   0.0688   0.0875  -0.0704
 -0.0029   0.2870   0.2251   0.1014   0.0925  -0.0447
 -0.0027   0.2477   0.2490   0.1149   0.0761  -0.0194
  0.0096   0.1090   0.2068   0.1062   0.0730   0.0001
  0.0014   0.0532   0.1909   0.0817   0.0706   0.0117
  0.0298  -0.0363   0.1813   0.0913   0.0699   0.0325
  0.0303  -0.0813   0.1595   0.0663   0.0717   0.0221
  0.0378  -0.1472   0.1521   0.0439   0.0620   0.0208
  0.0358  -0.1749   0.1430   0.0621   0.0658   0.0144
  0.0342  -0.2135   0.1340   0.0665   0.0647   0.0310
  0.0312  -0.3807   0.1424   0.1342   0.0558   0.0759
  0.0422  -0.3836   0.0836   0.1735   0.0486   0.0706
  0.0384  -0.3638   0.0419   0.1729   0.0460   0.0718
  0.0397  -0.3190   0.0640   0.1230   0.0429   0.0459
  0.0591  -0.2572   0.0524   0.1363   0.0431   0.0461
  0.0690  -0.2575   0.0549   0.1728   0.0379   0.0384
  0.0659  -0.2227   0.0619   0.1154   0.0373   0.0352
  0.0618  -0.1651   0.0730   0.0894   0.0381   0.0277
  0.0585  -0.0979   0.0707   0.0554   0.0388   0.0019
  0.0932   0.1111   0.0881  -0.0023   0.0610  -0.0603
  0.0753   0.1037   0.0865   0.0653   0.0527  -0.0402
  0.0575   0.0226   0.0739   0.0878   0.0198  -0.0206
  0.0389   0.1641   0.0682   0.0273   0.0199  -0.0646
  0.0436   0.3291   0.0410   0.0128   0.0217  -0.0447
  0.0561   0.2323   0.0351  -0.0131   0.0355  -0.0656
  0.0763   0.1095   0.0278   0.0482   0.0487  -0.0278
  0.0621   0.0522   0.0636   0.0469   0.0396  -0.0143
  0.0595  -0.0043   0.0543   0.0871   0.0400  -0.0013
  0.0604  -0.0875   0.0462   0.0233   0.0348  -0.0047
  0.0718  -0.1357   0.0146   0.0348   0.0349  -0.0004
  0.0530  -0.1358   0.0253   0.0602   0.0444   0.0057
  0.0616  -0.0953   0.0410   0.0683   0.0471  -0.0046
  0.0535  -0.0977   0.0240   0.0728   0.0459  -0.0079
  0.0513  -0.0994   0.0342   0.0492   0.0470  -0.0155
  0.0650  -0.1035   0.0251   0.0664   0.0400  -0.0125
  0.0645  -0.0956   0.0202   0.0640   0.0411  -0.0255
  0.0405  -0.1240   0.0243   0.0734   0.0048  -0.0007
  0.0455  -0.1681   0.0050   0.1197  -0.0078   0.0137
  0.0355  -0.2092   0.0366   0.1250  -0.0098   0.0179
  0.0705  -0.1857   0.0341   0.1508   0.0245   0.0105
  0.0734  -0.2265   0.0123   0.1156   0.0180   0.0166
  0.0729  -0.2052   0.0104   0.1054   0.0223   0.0073
  0.0765  -0.2167   0.0093   0.0901   0.0158   0.0106
  0.0707  -0.2394   0.0071   0.0878   0.0104   0.0115
  0.0501  -0.2023   0.0080   0.0612   0.0217   0.0154
  0.0558  -0.2127   0.0067   0.0749   0.0228   0.0132
  0.0515  -0.2430  -0.0071   0.0652   0.0186   0.0154
  0.0438  -0.3121  -0.0317   0.0954   0.0234   0.0273
  0.0486  -0.3623  -0.0429   0.0734   0.0170   0.0396
  0.0470  -0.3578  -0.0311   0.1255   0.0193   0.0460
  0.0015  -0.3684  -0.0383   0.1413  -0.0584   0.0422
  0.0220  -0.4313  -0.0452   0.1355  -0.0180   0.0468
  0.0346  -0.5268  -0.0396   0.1433  -0.0032   0.0726
  0.0371  -0.5690  -0.0416   0.1516  -0.0018   0.0600
  0.0395  -0.5000  -0.0471   0.1299   0.0073   0.0611
  0.0493  -0.4755  -0.0463   0.0983   0.0083   0.0509
