 -0.0485  -0.2345  -0.0475   0.0585  -0.0600   0.1424
  0.0161  -0.2696   0.0099   0.1282   0.0036   0.0442
 -0.0031  -0.3020   0.0160   0.2126  -0.0124   0.0230
 -0.0717  -0.2844  -0.0131   0.2284  -0.0743   0.1123
 -0.0249  -0.3694   0.0329   0.2510  -0.0614   0.0513
 -0.0232  -0.3848   0.0043   0.2235  -0.0221   0.0101
  0.0031  -0.3460  -0.0242   0.2197  -0.0112   0.0194
  0.0278  -0.3996  -0.0295   0.3284   0.0148   0.0234
  0.0310  -0.4015  -0.0244   0.3493   0.0200   0.0309
  0.0290  -0.3816  -0.0255   0.3295   0.0332   0.0279
  0.0206  -0.3694  -0.0912   0.2779   0.0220   0.0208
  0.0006  -0.3313  -0.0517   0.2673  -0.0043   0.0452
  0.0078  -0.4298  -0.0111   0.3847  -0.0063   0.0590
  0.0287  -0.4255  -0.0259   0.3731   0.0111   0.0895
  0.0282  -0.4157  -0.0442   0.2940   0.0063   0.0465
  0.0215  -0.4629  -0.0570   0.3830  -0.0040   0.0575
  0.0257  -0.4590  -0.0720   0.3673   0.0056   0.0415
  0.0091  -0.4227  -0.0858   0.3418  -0.0105   0.0290
  0.0015  -0.4511  -0.1647   0.4005  -0.0336   0.0291
 -0.0054  -0.4584  -0.2101   0.4046  -0.0397   0.0380
  0.0074  -0.4525  -0.1700   0.3410  -0.0102   0.0263
  0.0074  -0.4659  -0.1585   0.3846  -0.0176   0.0230
  0.0090  -0.4861  -0.1486   0.4808  -0.0118   0.0788
  0.0086  -0.4959  -0.1417   0.4608  -0.0197   0.0308
 -0.0106  -0.5291  -0.1634   0.5463  -0.0389   0.0664
 -0.0243  -0.5505  -0.1636   0.5191  -0.0484   0.0178
 -0.0163  -0.5576  -0.1590   0.5497  -0.0417   0.0600
 -0.0524  -0.5403  -0.1980   0.4766  -0.0726   0.0273
 -0.0669  -0.5407  -0.2202   0.5034  -0.0800   0.0669
 -0.0747  -0.4797  -0.1981   0.4438  -0.0858   0.0468
 -0.0758  -0.4500  -0.1810   0.4656  -0.0828   0.0696
 -0.0572  -0.2611  -0.0459   0.1392  -0.0665   0.0346
 -0.0219   0.0437  -0.0124  -0.0784  -0.0491   0.0271
 -0.0243   0.1705   0.0442  -0.2543  -0.0163   0.0750
 -0.0589   0.0714   0.0079  -0.1742  -0.0429   0.0623
 -0.0144   0.0215   0.0086  -0.1838  -0.0096   0.0195
  0.0270  -0.1679  -0.0460   0.1299   0.0210   0.0568
  0.0079  -0.0335   0.0036  -0.0888   0.0059   0.0385
  0.0490  -0.2740   0.0443   0.2031   0.0283   0.0293
  0.0081   0.0278   0.0499  -0.0915   0.0111   0.0194
  0.0260   0.1854   0.0281  -0.3036  -0.0189   0.0080
  0.0040   0.1578   0.1244  -0.1135   0.0059   0.0459
 -0.0319   0.2389   0.0474  -0.3011   0.0059   0.0447
  0.0103  -0.1930   0.2494   0.2165   0.0300   0.0895
  0.0308  -0.4650   0.1134   0.3376   0.0224   0.1129
  0.0161  -0.5767   0.1132   0.7933  -0.0199   0.2392
 -0.0114   0.2789   0.2618  -0.4110  -0.0175   0.0417
 -0.0994   0.5426   0.2141  -0.6705  -0.0823   0.0428
 -0.0820   0.7671   0.1385  -0.7295  -0.0262   0.0104
 -0.0473   0.3913   0.1448  -0.4219  -0.0036   0.0343
 -0.0421   1.0244   0.1513  -0.6312  -0.0663   0.0867
 -0.0656   0.8585   0.0654  -0.5098  -0.0697   0.0790
  0.0170   1.2978  -0.0158  -0.7747  -0.0087   0.1976
 -0.0341   0.6157   0.0500  -0.5861  -0.0076   0.1356
 -0.0491   0.5510   0.0134  -0.5903  -0.0316   0.0487
  0.0434   0.1525  -0.0149  -0.1600   0.0427  -0.0015
  0.0066   0.1241  -0.0064  -0.2222   0.0057  -0.0230
  0.0298   0.1228   0.0135  -0.1797   0.0123   0.0343
 -0.0343   0.6581  -0.0354  -0.5761  -0.0280   0.0907
 -0.0056   0.5802   0.0480  -0.4418  -0.0177   0.1391
  0.0572   0.4716   0.0899  -0.6098   0.0345  -0.0366
 -0.0469   0.7620   0.2275  -0.6236   0.0140   0.0944
 -0.0572   0.5278   0.1368  -0.5787  -0.0287   0.0156
 -0.0217   0.2187  -0.0491  -0.2500  -0.0052   0.0011
 -0.0471   0.4634   0.0606  -0.4127  -0.0059   0.0458
 -0.0087   0.2423   0.1116  -0.2853   0.0225   0.0493
  0.0314   0.1784   0.1276  -0.3097   0.0548   0.0250
  0.0347   0.2198   0.1153  -0.3315   0.0465   0.0239
 -0.0275   0.2499   0.1234  -0.3251   0.0053   0.0400
  0.0435   0.1782   0.1224  -0.3160   0.0898  -0.0257
  0.0311   0.0499   0.1201  -0.1412   0.0585   0.0154
 -0.0322   0.1208   0.1769  -0.2185  -0.0054   0.0130
 -0.0911   0.7713   0.1706  -0.6217  -0.0846   0.0319
 -0.0253   0.4758   0.1384  -0.5122  -0.0066   0.0161
  0.0458  -0.2073   0.3789   0.3173   0.0356   0.0298
 -0.0263   0.1977   0.2420  -0.2343  -0.0107   0.0419
  0.0183   0.2009   0.1869  -0.3332   0.0310  -0.0284
  0.0465   0.1572   0.1513  -0.1621   0.0338   0.0072
 -0.0301   0.5772  -0.0124  -0.3297  -0.0466   0.0449
 -0.0437   0.8532   0.0259  -0.5873  -0.0573   0.0096
 -0.0357   0.5151   0.0773  -0.3494  -0.0184   0.0112
 -0.0594   0.2156   0.0035  -0.2699  -0.0303   0.0346
 -0.0684   0.1271   0.0389  -0.2272  -0.0361   0.0369
 -0.0249   0.2472   0.0061  -0.2392  -0.0169  -0.0035
  0.0338  -0.1103   0.1522   0.1213   0.0121  -0.0507
  0.0181  -0.0536   0.0912   0.1082  -0.0022  -0.0461
  0.1219   0.9535  -0.0427  -0.5974   0.0204   0.0166
 -0.1249   1.2871  -0.3393  -0.5567  -0.1510  -0.0000
 -0.0185   0.1224  -0.0506  -0.0658  -0.0281   0.0084
  0.0122   0.1288  -0.0234  -0.0652   0.0028  -0.0270
 -0.1296   1.1875  -0.4163  -0.5381  -0.1586   0.0264
  0.0011   0.5357  -0.2208  -0.1525  -0.0165  -0.0026
  0.0535  -0.3949  -0.0388   0.3674  -0.0089  -0.0515
 -0.0505  -0.2761  -0.0067   0.2779  -0.0895  -0.0238
 -0.0237  -0.1332  -0.0807   0.3076  -0.0622   0.0311
 -0.0451   0.6586  -0.0926  -0.5386  -0.0321  -0.0673
  0.0072   0.7504   0.1425  -0.8321   0.0396  -0.0089
  0.0301   0.5507   0.0346  -0.5138   0.0371   0.0312
 -0.0687   1.1036  -0.1195  -0.7552  -0.0773   0.0446
  0.0334   0.7614  -0.0089  -0.6604   0.0132   0.0467
 -0.0184   0.4251   0.1285  -0.2497  -0.0560  -0.0498
 -0.0322   0.2587   0.0289  -0.2357  -0.0142  -0.0338
  0.0066  -0.0214   0.0395  -0.1477   0.0248  -0.0499
 -0.0109   0.0102   0.0792  -0.0409   0.0139  -0.0090
 -0.0229   0.0937   0.1040  -0.0985   0.0072  -0.0183
 -0.0470   0.1594   0.0934  -0.1169  -0.0260  -0.0305
  0.0396  -0.3174   0.0538   0.3166   0.0793  -0.0117
 -0.0517  -0.3023   0.0386   0.2600  -0.0110  -0.0013
 -0.0815  -0.2640  -0.0295   0.2317  -0.0335   0.0414
 -0.0392  -0.1507   0.0191   0.1280   0.0022   0.0322
 -0.1267   0.3896   0.0572  -0.3759  -0.0699  -0.0351
 -0.1014   0.8024  -0.0597  -0.4040  -0.0621   0.0653
 -0.1025   0.5573  -0.0207  -0.4891  -0.0553   0.0060
 -0.0503   0.3659   0.0319  -0.1953  -0.0053   0.0252
  0.0204  -0.0461   0.1066  -0.0558   0.0408  -0.0390
 -0.0485   0.3069   0.0755  -0.3989   0.0047  -0.0353
  0.0160   0.5665   0.1015  -0.4493   0.0396  -0.0122
 -0.0225  -0.1545   0.1188   0.1610  -0.0420  -0.0475
  0.0865  -0.4980   0.0861   0.4156   0.0596  -0.0153
  0.0624  -0.4419   0.0427   0.3572   0.0429  -0.0875
  0.0920  -0.4351  -0.0071   0.3449   0.0614  -0.0967
  0.1070  -0.4252  -0.0081   0.4490   0.0820  -0.0206
  0.1116  -0.3963  -0.0176   0.3389   0.0923  -0.0352
  0.0829  -0.4281   0.0061   0.3037   0.0687  -0.0313
  0.0690  -0.4066   0.0084   0.2977   0.0355  -0.0707
  0.0098  -0.4083   0.0439   0.4082   0.0007  -0.0202
 -0.0515  -0.3528   0.0644   0.2898  -0.0684   0.0101
 -0.0844  -0.3548   0.0863   0.3105  -0.1109  -0.0123
 -0.0520  -0.4674   0.0835   0.6595  -0.0694  -0.0013
  0.1431   0.0450  -0.2304   0.1659   0.0737  -0.0064
 -0.0083  -0.1707  -0.1217   0.1485   0.0010  -0.0115
  0.0250   0.0185  -0.0492   0.0168   0.0287  -0.1411
 -0.0031  -0.0372  -0.0535   0.0377   0.0105  -0.1132
 -0.0263   0.0385  -0.0931   0.0191  -0.0132  -0.0588
 -0.0492   0.1099  -0.1195  -0.0504  -0.0373  -0.0859
 -0.0470   0.0843  -0.1488  -0.0003  -0.0318  -0.0986
 -0.0422   0.0641  -0.1504  -0.0026  -0.0288  -0.1264
 -0.0474  -0.0180  -0.1713   0.0557  -0.0346  -0.0574
 -0.0366  -0.0632  -0.1490   0.0589  -0.0291  -0.0733
 -0.0319  -0.1326  -0.1543   0.1537  -0.0149  -0.0462
 -0.0300  -0.1257  -0.1324   0.1241  -0.0087  -0.0928
  0.1887  -0.1094  -0.0181   0.0950   0.3510  -0.1508
  0.0557  -0.2575  -0.0450   0.1923   0.0931  -0.0618
  0.0675  -0.2632  -0.0419   0.1584   0.0878  -0.0873
  0.0622  -0.2552  -0.0524   0.1858   0.0909  -0.0360
  0.0584  -0.2648  -0.0488   0.1587   0.0830  -0.0811
  0.0605  -0.3245  -0.0523   0.2610   0.0720  -0.0435
  0.0548  -0.3278  -0.0504   0.2511   0.0598  -0.0645
  0.0656  -0.3528  -0.0423   0.2667   0.0716  -0.0591
  0.0796  -0.3127  -0.0481   0.2511   0.0771  -0.0555
  0.1989  -0.2350  -0.0477   0.2167   0.1386  -0.2021
  0.1097  -0.4209  -0.0535   0.3709   0.0792  -0.0795
  0.0981  -0.3522  -0.0575   0.2701   0.0945  -0.1186
  0.1554  -0.2224  -0.0618   0.2305   0.1135  -0.2082
  0.0434  -0.2304   0.0458   0.2102   0.0038  -0.2141
 -0.0370  -0.2964   0.1764   0.2483  -0.0361  -0.1472
  0.0473  -0.3146   0.0660   0.2698   0.0546  -0.0578
  0.1012  -0.1591  -0.0740   0.1437   0.0964  -0.0000
  0.0571  -0.1438  -0.0277   0.1251   0.0614  -0.0658
  0.0269  -0.1018  -0.0658   0.1061   0.0295  -0.1148
