 -0.0308  -0.2411  -0.0232   0.1137  -0.1171   0.2151
 -0.0256  -0.1499  -0.0636   0.2491  -0.0813   0.1063
 -0.0199  -0.1665  -0.0683   0.2343  -0.0801   0.0588
 -0.0213  -0.1910  -0.0712   0.2309  -0.0809   0.0488
 -0.0149  -0.1766  -0.0676   0.2379  -0.0712   0.0499
 -0.0238  -0.1657  -0.0634   0.2273  -0.0656   0.0400
 -0.0269  -0.1841  -0.0663   0.2269  -0.0773   0.0346
 -0.0234  -0.1788  -0.0698   0.2381  -0.0774   0.0484
 -0.0285  -0.1616  -0.0658   0.2202  -0.0627   0.0540
 -0.0303  -0.1786  -0.0689   0.2061  -0.0757   0.0515
 -0.0183  -0.1557  -0.0615   0.2155  -0.0609   0.0557
 -0.0257  -0.1583  -0.0700   0.2383  -0.0514   0.0401
 -0.0152  -0.1756  -0.0598   0.2149  -0.0595   0.0326
 -0.0070  -0.1629  -0.0709   0.2249  -0.0568   0.0469
 -0.0178  -0.1561  -0.0676   0.2243  -0.0591   0.0361
 -0.0198  -0.1547  -0.0623   0.2053  -0.0613   0.0300
 -0.0181  -0.1539  -0.0617   0.2224  -0.0590   0.0419
 -0.0064  -0.1504  -0.0635   0.2050  -0.0499   0.0419
 -0.0095  -0.1511  -0.0653   0.2041  -0.0549   0.0420
 -0.0180  -0.1507  -0.0695   0.2222  -0.0428   0.0409
 -0.0236  -0.1536  -0.0650   0.1921  -0.0471   0.0267
 -0.0077  -0.1512  -0.0763   0.2183  -0.0482   0.0322
 -0.0126  -0.1541  -0.0783   0.1947  -0.0515   0.0271
 -0.0143  -0.1434  -0.0814   0.1969  -0.0553   0.0322
 -0.0373  -0.1446  -0.0672   0.1832  -0.0464   0.0114
 -0.0186  -0.1225  -0.0601   0.1948  -0.0480   0.0172
 -0.0423  -0.1274  -0.0622   0.2031  -0.0493   0.0066
 -0.0267  -0.1359  -0.0650   0.1386  -0.0653   0.0264
 -0.0189  -0.1459  -0.0497   0.1431  -0.0726   0.0218
 -0.0434  -0.1201  -0.0458   0.1603  -0.0441   0.0324
 -0.0357  -0.1075  -0.0528   0.1628  -0.0335   0.0167
 -0.0307  -0.1165  -0.0547   0.1659  -0.0498   0.0034
 -0.0277  -0.0985  -0.0569   0.1778  -0.0403  -0.0001
 -0.0151  -0.0951  -0.0499   0.1438  -0.0338   0.0009
 -0.0147  -0.1001  -0.0383   0.1638  -0.0374   0.0099
 -0.0090  -0.0810  -0.0489   0.1546  -0.0287   0.0046
 -0.0065  -0.1063  -0.0362   0.1311  -0.0391   0.0107
 -0.0092  -0.0974  -0.0392   0.1685  -0.0237   0.0155
 -0.0099  -0.0991  -0.0289   0.1391  -0.0270   0.0087
 -0.0072  -0.1102  -0.0323   0.1521  -0.0281   0.0136
 -0.0136  -0.0823  -0.0418   0.1518  -0.0230   0.0027
 -0.0040  -0.0986  -0.0400   0.1518  -0.0253   0.0024
  0.0008  -0.0880  -0.0430   0.1526  -0.0216   0.0131
 -0.0006  -0.0954  -0.0293   0.1302  -0.0236   0.0161
  0.0053  -0.0854  -0.0382   0.1637  -0.0192   0.0187
 -0.0082  -0.0820  -0.0409   0.1553  -0.0075   0.0055
 -0.0011  -0.1035  -0.0313   0.1488  -0.0138  -0.0024
 -0.0009  -0.0892  -0.0394   0.1677  -0.0137  -0.0044
 -0.0141  -0.0786  -0.0373   0.1555  -0.0106  -0.0044
 -0.0107  -0.0878  -0.0308   0.1457  -0.0194  -0.0086
 -0.0107  -0.0814  -0.0365   0.1578  -0.0253   0.0004
 -0.0119  -0.0698  -0.0305   0.1483  -0.0123   0.0116
 -0.0174  -0.0878  -0.0302   0.1307  -0.0091  -0.0001
 -0.0285  -0.0627  -0.0127   0.1538  -0.0358  -0.0012
 -0.0163  -0.0492   0.0003   0.0787  -0.0205   0.0242
 -0.0067  -0.0400   0.0220   0.0736  -0.0174   0.0281
 -0.0028  -0.0026  -0.0105   0.0972   0.0055   0.0366
  0.0004  -0.0114  -0.0143   0.1077  -0.0051   0.0077
  0.0297  -0.0202  -0.0390   0.1126   0.0210  -0.0155
  0.0137  -0.0526  -0.0268   0.1281  -0.0057  -0.0285
  0.0002  -0.0589  -0.0227   0.1412  -0.0063  -0.0132
 -0.0044  -0.0847  -0.0042   0.1128  -0.0223  -0.0139
 -0.0014  -0.0489  -0.0101   0.1160  -0.0091   0.0029
  0.0002  -0.0532  -0.0070   0.0929  -0.0130  -0.0058
 -0.0107  -0.0447  -0.0169   0.1160  -0.0106   0.0019
 -0.0088  -0.0368  -0.0177   0.0856  -0.0011  -0.0123
 -0.0001  -0.0652  -0.0214   0.0905  -0.0078  -0.0176
 -0.0074  -0.0422  -0.0172   0.0837   0.0053  -0.0008
  0.0083  -0.0861  -0.0100   0.0834  -0.0022  -0.0058
  0.0068  -0.0706  -0.0175   0.0781   0.0100   0.0107
  0.0164  -0.0833  -0.0135   0.0685   0.0026  -0.0063
  0.0044  -0.0731  -0.0215   0.0771   0.0016   0.0068
  0.0127  -0.0704  -0.0070   0.0557  -0.0008  -0.0008
  0.0105  -0.0590  -0.0115   0.0680  -0.0046   0.0081
  0.0091  -0.0580  -0.0094   0.0491   0.0040  -0.0069
  0.0010  -0.0588  -0.0183   0.0783   0.0083   0.0040
  0.0035  -0.0544  -0.0004   0.0454  -0.0020  -0.0160
 -0.0037  -0.0410   0.0129  -0.0055  -0.0387   0.0080
 -0.0106  -0.0138   0.0366  -0.0252  -0.0563   0.0337
  0.0233  -0.0358   0.0016  -0.0314   0.0196   0.0233
  0.0031  -0.0239   0.0222  -0.0157   0.0005   0.0170
  0.0320  -0.0194  -0.0172   0.0008   0.0263  -0.0021
  0.0370   0.0017  -0.0291   0.0157   0.0277  -0.0230
  0.0396  -0.0086  -0.0351   0.0255   0.0310  -0.0315
  0.0254  -0.0085  -0.0351   0.0258   0.0407  -0.0282
  0.0291  -0.0297  -0.0287   0.0243   0.0361  -0.0406
  0.0270  -0.0433  -0.0190   0.0233   0.0210  -0.0330
  0.0163  -0.0266  -0.0199   0.0234   0.0220  -0.0132
  0.0257  -0.0456  -0.0132  -0.0007   0.0160  -0.0142
  0.0265  -0.0256  -0.0159   0.0139   0.0250  -0.0023
  0.0230  -0.0281  -0.0123   0.0102   0.0308  -0.0077
  0.0278  -0.0471   0.0004   0.0211   0.0219  -0.0030
  0.0226  -0.0387   0.0153  -0.0046   0.0191  -0.0046
  0.0234  -0.0373   0.0024   0.0075   0.0234   0.0005
  0.0258  -0.0313   0.0024  -0.0127   0.0186  -0.0057
  0.0172  -0.0256  -0.0030   0.0006   0.0207  -0.0014
  0.0109  -0.0230   0.0026  -0.0186   0.0222  -0.0142
  0.0175  -0.0168  -0.0056   0.0048   0.0113  -0.0064
  0.0213  -0.0185  -0.0106   0.0019   0.0128  -0.0204
  0.0164  -0.0415  -0.0078  -0.0144   0.0111  -0.0141
  0.0159  -0.0340   0.0030  -0.0214   0.0205  -0.0167
  0.0092  -0.0356   0.0029  -0.0154   0.0176  -0.0049
  0.0122  -0.0156  -0.0008  -0.0172   0.0246  -0.0127
  0.0182  -0.0427  -0.0017  -0.0291   0.0176  -0.0132
  0.0207  -0.0237  -0.0007  -0.0038   0.0157  -0.0094
  0.0124  -0.0190  -0.0033  -0.0418   0.0231  -0.0062
 -0.0445   0.0598   0.0259  -0.0583  -0.0185  -0.0078
 -0.0251   0.1274   0.0726  -0.1395   0.0212   0.0089
 -0.0144   0.2087   0.0786  -0.1904   0.0187   0.0374
 -0.0125   0.1986   0.0459  -0.1430   0.0222   0.0241
 -0.0063   0.1942   0.0319  -0.1254   0.0308   0.0034
 -0.0127   0.1795   0.0325  -0.1157   0.0355  -0.0102
 -0.0023   0.1529   0.0392  -0.1380   0.0284  -0.0046
  0.0004   0.1425   0.0297  -0.1212   0.0324   0.0044
  0.0022   0.1296   0.0357  -0.1346   0.0319  -0.0016
 -0.0021   0.1318   0.0477  -0.1302   0.0305   0.0048
  0.0043   0.1436   0.0480  -0.1451   0.0379   0.0043
  0.0186   0.1106   0.0263  -0.1445   0.0344  -0.0003
  0.0100   0.1176   0.0376  -0.1192   0.0419   0.0007
  0.0160   0.0938   0.0467  -0.1459   0.0351  -0.0172
  0.0103   0.1084   0.0441  -0.1156   0.0363  -0.0017
  0.0085   0.1040   0.0373  -0.1216   0.0373  -0.0182
  0.0132   0.0764   0.0364  -0.1347   0.0303  -0.0140
  0.0086   0.0985   0.0400  -0.1207   0.0358  -0.0038
  0.0110   0.0851   0.0428  -0.1339   0.0377  -0.0150
  0.0157   0.0764   0.0395  -0.1226   0.0354  -0.0047
  0.0144   0.0859   0.0426  -0.1338   0.0422  -0.0116
  0.0106   0.0848   0.0460  -0.1285   0.0296  -0.0018
 -0.0015   0.0889   0.0441  -0.1458   0.0370  -0.0121
  0.0009   0.1150   0.0417  -0.1329   0.0353   0.0031
  0.0019   0.1104   0.0407  -0.1274   0.0359  -0.0042
 -0.0022   0.1085   0.0423  -0.1600   0.0313  -0.0057
  0.0081   0.1236   0.0489  -0.1642   0.0122  -0.0050
  0.0072   0.1058   0.0450  -0.1973   0.0124   0.0170
 -0.0036   0.1458   0.0451  -0.1594   0.0292  -0.0063
 -0.0067   0.1325   0.0484  -0.1618   0.0280  -0.0216
 -0.0003   0.1536   0.0435  -0.1551   0.0304  -0.0134
 -0.0047   0.1307   0.0303  -0.1511   0.0299  -0.0300
 -0.0032   0.1264   0.0496  -0.1660   0.0313  -0.0282
 -0.0031   0.1319   0.0413  -0.1856   0.0263  -0.0117
  0.0016   0.1192   0.0388  -0.1838   0.0239  -0.0095
 -0.0016   0.1335   0.0420  -0.1597   0.0236  -0.0183
 -0.0029   0.1395   0.0433  -0.1648   0.0289  -0.0265
  0.0025   0.1209   0.0465  -0.1721   0.0227  -0.0292
 -0.0002   0.1423   0.0375  -0.1538   0.0248  -0.0278
 -0.0044   0.1470   0.0324  -0.1534   0.0370  -0.0273
 -0.0060   0.1313   0.0466  -0.1660   0.0253  -0.0208
  0.0009   0.1512   0.0413  -0.1481   0.0269  -0.0140
  0.0065   0.1438   0.0360  -0.1752   0.0206  -0.0125
 -0.0039   0.1307   0.0546  -0.1702   0.0243  -0.0102
  0.0053   0.1501   0.0420  -0.1600   0.0258  -0.0066
 -0.0093   0.1546   0.0489  -0.1576   0.0266  -0.0140
  0.0036   0.1410   0.0354  -0.1853   0.0316  -0.0180
 -0.0001   0.1579   0.0331  -0.1447   0.0215  -0.0279
 -0.0034   0.1374   0.0397  -0.1684   0.0173  -0.0349
 -0.0039   0.1427   0.0405  -0.1591   0.0194  -0.0344
 -0.0015   0.1371   0.0427  -0.1663   0.0246  -0.0184
 -0.0011   0.1259   0.0520  -0.1998   0.0270  -0.0345
  0.0051   0.1171   0.0491  -0.1804   0.0265  -0.0090
  0.0051   0.1072   0.0400  -0.2007   0.0244  -0.0161
 -0.0013   0.1218   0.0381  -0.1843   0.0235  -0.0198
  0.0013   0.1115   0.0534  -0.1951   0.0097  -0.0073
  0.0011   0.0300   0.0856  -0.1708   0.0040  -0.0333
  0.0049   0.0808   0.0750  -0.2047   0.0122  -0.0023
  0.0151   0.0851   0.0617  -0.1954   0.0113  -0.0171
  0.0058   0.1020   0.0452  -0.1821   0.0468  -0.0304
  0.0233   0.0959   0.0343  -0.1908   0.0420  -0.0342
  0.0276   0.0810   0.0211  -0.1722   0.0352  -0.0541
  0.0282   0.0974   0.0236  -0.1612   0.0364  -0.0479
  0.0195   0.0942   0.0274  -0.1632   0.0365  -0.0478
  0.0275   0.0829   0.0354  -0.1795   0.0367  -0.0524
  0.0229   0.1047   0.0328  -0.1685   0.0432  -0.0413
  0.0233   0.0973   0.0315  -0.1592   0.0333  -0.0448
  0.0192   0.0947   0.0446  -0.1809   0.0335  -0.0555
  0.0215   0.1031   0.0388  -0.1719   0.0320  -0.0412
  0.0102   0.1014   0.0395  -0.1696   0.0355  -0.0419
  0.0109   0.1129   0.0406  -0.1989   0.0352  -0.0531
  0.0083   0.1388   0.0636  -0.2061   0.0188  -0.0347
  0.0057   0.1634   0.0627  -0.2136   0.0236  -0.0415
  0.0030   0.1337   0.0543  -0.2165   0.0273  -0.0413
