  0.1567   0.2671  -0.0472  -0.3982   0.1008  -0.3166
  0.1241   0.2386  -0.0304  -0.3635   0.0894  -0.3003
  0.1485   0.2105  -0.0538  -0.3633   0.0931  -0.2810
  0.1450   0.1924  -0.0600  -0.3719   0.0889  -0.2706
  0.1428   0.1641  -0.0603  -0.3142   0.0867  -0.2682
  0.1292   0.1832  -0.0636  -0.3854   0.0930  -0.2863
  0.1362   0.1742  -0.0627  -0.3782   0.0930  -0.2652
  0.1543   0.1321  -0.0503  -0.3297   0.0873  -0.2308
  0.1164   0.1406  -0.0137  -0.3201   0.0703  -0.2098
  0.0780   0.1348  -0.0076  -0.2938   0.0546  -0.2380
  0.0901   0.0904  -0.0210  -0.2365   0.0582  -0.2153
  0.0984  -0.0291  -0.0149  -0.2073   0.0660  -0.1774
  0.0777  -0.0130  -0.0060  -0.1988   0.0484  -0.1754
  0.0851   0.0311  -0.0356  -0.2405   0.0640  -0.1983
  0.0656   0.0711  -0.0596  -0.2590   0.0652  -0.1983
  0.0653   0.0298  -0.0600  -0.2504   0.0685  -0.1812
  0.0680   0.0172  -0.0398  -0.1920   0.0652  -0.1664
  0.0640   0.0387  -0.0324  -0.2058   0.0597  -0.1646
  0.0962   0.0506  -0.0469  -0.2351   0.0540  -0.1623
  0.1006   0.0081  -0.0610  -0.2417   0.0616  -0.1876
  0.0650   0.0069  -0.0702  -0.2554   0.0591  -0.1844
  0.0867  -0.0042  -0.0670  -0.2676   0.0701  -0.1617
  0.0995  -0.0257  -0.0723  -0.2609   0.0602  -0.1607
  0.1005   0.0967  -0.0692  -0.2496   0.0731  -0.1733
  0.0652   0.0620  -0.0667  -0.1188   0.0578  -0.1840
  0.0863   0.0491  -0.0743  -0.0634   0.0382  -0.1667
  0.1004   0.0671  -0.0845  -0.1412   0.0381  -0.1568
  0.0801   0.0630  -0.0724  -0.1450   0.0366  -0.1729
  0.0634   0.0824  -0.0641  -0.1422   0.0353  -0.1849
  0.0644   0.0763  -0.0345  -0.2160   0.0408  -0.1889
  0.0522   0.0466  -0.0061  -0.1558   0.0394  -0.1637
  0.0489   0.0584  -0.0048  -0.1486   0.0363  -0.1637
  0.0448   0.0683  -0.0175  -0.1617   0.0391  -0.1614
  0.0491   0.0658  -0.0072  -0.1622   0.0408  -0.1553
  0.0395   0.0643   0.0059  -0.1628   0.0426  -0.1502
  0.0463   0.0776   0.0195  -0.1804   0.0515  -0.1585
  0.0427   0.0675   0.0097  -0.1673   0.0353  -0.1697
  0.0289   0.0476  -0.0034  -0.2000   0.0407  -0.1666
  0.0222   0.0422   0.0026  -0.1916   0.0453  -0.1506
  0.0347   0.0433   0.0182  -0.1783   0.0503  -0.1543
  0.0356   0.0224   0.0170  -0.1492   0.0471  -0.1413
  0.0463   0.0313   0.0046  -0.1202   0.0551  -0.1549
  0.0428   0.0186   0.0087  -0.1261   0.0493  -0.1585
  0.0433  -0.0048   0.0098  -0.1517   0.0504  -0.1537
  0.0400  -0.0137   0.0119  -0.1228   0.0419  -0.1340
  0.0392  -0.0070   0.0259  -0.0883   0.0447  -0.1221
  0.0498   0.0194   0.0202  -0.0787   0.0401  -0.1238
  0.0337   0.0212   0.0226  -0.0724   0.0261  -0.0971
  0.0237   0.1121  -0.0649  -0.2117   0.0265  -0.0918
 -0.0072   0.1297  -0.0178  -0.2897   0.0435  -0.1344
  0.0052   0.0699  -0.0253  -0.2104   0.0336  -0.1232
  0.0408   0.0155  -0.0257  -0.1584   0.0215  -0.1146
  0.0261   0.0202  -0.0201  -0.1745   0.0297  -0.1106
  0.0308  -0.0132  -0.0043  -0.0806   0.0302  -0.0969
  0.0314  -0.0269   0.0091  -0.0021   0.0249  -0.0838
  0.0345   0.0005   0.0147  -0.0097   0.0236  -0.0963
  0.0116   0.0061   0.0228  -0.0285   0.0191  -0.0897
  0.0157   0.0283  -0.0015   0.0557   0.0073  -0.0831
 -0.0158   0.0402  -0.0136  -0.0199   0.0115  -0.0906
 -0.0275   0.0550   0.0064  -0.0345   0.0217  -0.0704
 -0.0024   0.0588   0.0135  -0.0558   0.0249  -0.0709
 -0.0073   0.0613   0.0213  -0.0393   0.0244  -0.0863
  0.0098   0.0695   0.0107   0.0030   0.0120  -0.0966
  0.0192   0.0765  -0.0086  -0.0548   0.0148  -0.1094
 -0.0028   0.0628   0.0012  -0.1138   0.0125  -0.1015
 -0.0061   0.0710   0.0181  -0.1358   0.0127  -0.1014
  0.0077   0.0473   0.0037  -0.1108   0.0145  -0.0776
 -0.0084   0.0164   0.0202  -0.1104   0.0219  -0.0703
 -0.0116   0.0478   0.0026  -0.1787   0.0158  -0.0824
  0.0050   0.0608  -0.0153  -0.1931   0.0200  -0.0901
 -0.0039   0.0364   0.0177  -0.0934   0.0179  -0.0663
 -0.0049   0.0986   0.0316  -0.1321   0.0138  -0.0871
 -0.0018   0.0523   0.0344  -0.0960   0.0126  -0.0734
 -0.0106   0.0472   0.0174  -0.0813   0.0004  -0.0456
 -0.0027   0.0581   0.0055  -0.0561  -0.0095  -0.0508
 -0.0205   0.0609   0.0155  -0.0561  -0.0031  -0.0577
 -0.0171   0.0441   0.0175  -0.0798  -0.0024  -0.0457
 -0.0061   0.0390  -0.0068  -0.1051  -0.0025  -0.0500
 -0.0246   0.0262  -0.0151  -0.0881  -0.0142  -0.0371
 -0.0369   0.0792  -0.0168  -0.1587  -0.0051  -0.0601
 -0.0463   0.1141  -0.0015  -0.1841   0.0023  -0.0746
 -0.0324   0.1483   0.0160  -0.1566  -0.0011  -0.0800
 -0.0236   0.1359  -0.0154  -0.1515  -0.0058  -0.0606
 -0.0309   0.1341  -0.0018  -0.1131  -0.0069  -0.0452
 -0.0388   0.1643  -0.0004  -0.1495  -0.0150  -0.0375
 -0.0220   0.1456  -0.0077  -0.1714  -0.0060  -0.0347
 -0.0242   0.1380   0.0076  -0.1101  -0.0063  -0.0218
 -0.0094   0.0960  -0.0011  -0.0468  -0.0138   0.0094
 -0.0064   0.0810  -0.0125  -0.0587  -0.0165   0.0273
 -0.0078   0.0818  -0.0166  -0.0583  -0.0181   0.0200
 -0.0131   0.0693  -0.0118  -0.0537  -0.0142   0.0176
 -0.0122   0.1036  -0.0001  -0.0603  -0.0151   0.0101
 -0.0266   0.1001   0.0120  -0.1226  -0.0104  -0.0048
 -0.0360   0.0686   0.0139  -0.0075  -0.0029   0.0182
 -0.0334   0.0739  -0.0025  -0.0372  -0.0100   0.0120
 -0.0438   0.1110   0.0149  -0.0793  -0.0096   0.0038
 -0.0386   0.1318   0.0319  -0.0774  -0.0058  -0.0142
 -0.0453   0.1860   0.0310  -0.1011  -0.0113  -0.0145
 -0.0465   0.1703   0.0320  -0.0957  -0.0117   0.0073
 -0.0527   0.1462   0.0280  -0.0954  -0.0142   0.0353
 -0.0359   0.0850   0.0156  -0.0344  -0.0169   0.0387
 -0.0327   0.1110   0.0096  -0.1165  -0.0190   0.0367
 -0.0401   0.1498   0.0224  -0.0875  -0.0215   0.0353
 -0.0345   0.1087  -0.0108  -0.0492  -0.0175   0.0395
 -0.0353   0.0278   0.0166   0.0305  -0.0199   0.0576
 -0.0407   0.1310   0.0283  -0.0895  -0.0237   0.0278
 -0.0489   0.1182   0.0302  -0.0706  -0.0222   0.0357
 -0.0715   0.0727   0.0516   0.0785  -0.0160   0.0684
 -0.0678   0.1444   0.0307   0.0751  -0.0272   0.0621
 -0.0550   0.0815   0.0067   0.1276  -0.0310   0.0831
 -0.0704   0.1506   0.0339   0.0101  -0.0251   0.0611
 -0.0453   0.0837   0.0208   0.0635  -0.0249   0.0760
 -0.0129   0.0368   0.0014   0.1487  -0.0400   0.0942
 -0.0240  -0.0404  -0.0068   0.1479  -0.0322   0.1062
 -0.0497   0.0131   0.0258   0.1899  -0.0388   0.1261
 -0.0577   0.0186   0.0334   0.2921  -0.0369   0.1364
 -0.0531   0.0458   0.0296   0.2746  -0.0382   0.1284
 -0.0356   0.0080   0.0040   0.3317  -0.0372   0.1513
 -0.0468   0.0165   0.0162   0.3260  -0.0465   0.1558
 -0.0356  -0.0445  -0.0265   0.3138  -0.0518   0.1476
 -0.0254  -0.0742  -0.0426   0.3334  -0.0504   0.1398
 -0.0208  -0.1519  -0.0227   0.3769  -0.0549   0.1596
 -0.0296  -0.1718   0.0060   0.3740  -0.0450   0.1879
 -0.0343  -0.2272   0.0199   0.4113  -0.0558   0.2006
 -0.0068  -0.5187  -0.0640   0.5390  -0.0757   0.3090
 -0.0090  -0.6280  -0.0547   0.6116  -0.0770   0.3585
 -0.0284  -0.6770  -0.0631   0.5776  -0.0816   0.3831
 -0.0743  -0.3341   0.0260   0.3661  -0.0647   0.3116
 -0.0813  -0.2625   0.0550   0.3113  -0.0592   0.2659
 -0.0761  -0.2721   0.0586   0.3451  -0.0604   0.2567
 -0.0715  -0.2651   0.0505   0.3590  -0.0616   0.2870
 -0.0740  -0.2749   0.0553   0.4032  -0.0601   0.2937
 -0.0816  -0.2532   0.0702   0.4207  -0.0588   0.3083
 -0.0686  -0.2628   0.0612   0.4468  -0.0577   0.2978
 -0.0739  -0.2618   0.0753   0.4161  -0.0664   0.3079
 -0.0784  -0.2312   0.0677   0.3630  -0.0636   0.2844
 -0.0761  -0.2304   0.0721   0.3763  -0.0620   0.2880
 -0.0896  -0.2168   0.0712   0.3424  -0.0597   0.2608
 -0.0899  -0.2240   0.0748   0.3603  -0.0678   0.2738
 -0.0555  -0.2444   0.0063   0.3285  -0.0817   0.2868
 -0.0567  -0.2669   0.0101   0.3820  -0.0802   0.3093
 -0.0652  -0.2948   0.0139   0.4019  -0.0762   0.3219
 -0.0881  -0.2309   0.0408   0.3336  -0.0650   0.3282
 -0.0836  -0.1414   0.0275   0.2851  -0.0735   0.2892
 -0.0924  -0.1365   0.0247   0.2981  -0.0693   0.2897
 -0.0830  -0.1732   0.0204   0.3566  -0.0732   0.2927
 -0.0857  -0.1765   0.0061   0.3464  -0.0720   0.2913
 -0.0662  -0.3581  -0.0164   0.4295  -0.0777   0.3480
 -0.0641  -0.3016  -0.0101   0.4087  -0.0866   0.3165
 -0.0545  -0.3808  -0.0300   0.4122  -0.0932   0.3500
 -0.0843  -0.2448   0.0137   0.2973  -0.0749   0.3368
 -0.0969  -0.1875   0.0272   0.2643  -0.0740   0.2966
 -0.0848  -0.2345   0.0204   0.3253  -0.0824   0.3162
 -0.0658  -0.3928  -0.0102   0.4706  -0.0969   0.3982
 -0.0747  -0.3247   0.0201   0.3906  -0.0780   0.3532
 -0.0990  -0.1800   0.0490   0.3002  -0.0814   0.3381
