 -0.1658  -0.6955  -0.0967  -0.0025  -0.0283   0.4759
 -0.1178  -0.6724  -0.1310   0.0183  -0.0935   0.4316
 -0.0788  -0.7380  -0.1049   0.0760  -0.0821   0.4202
 -0.0728  -0.7083  -0.1003   0.0892  -0.0844   0.3946
 -0.0784  -0.7418  -0.1221   0.0775  -0.0826   0.4056
 -0.0841  -0.7468  -0.1249   0.0495  -0.0904   0.4007
 -0.0961  -0.7623  -0.1258   0.0506  -0.0830   0.4078
 -0.0969  -0.8032  -0.1233   0.0258  -0.0835   0.4236
 -0.1153  -0.7936  -0.1089   0.0535  -0.0969   0.4232
 -0.1148  -0.7905  -0.1160   0.0492  -0.0895   0.4196
 -0.1142  -0.8154  -0.1139   0.0849  -0.1122   0.4259
 -0.1168  -0.8058  -0.1288   0.0715  -0.1078   0.4204
 -0.1129  -0.7836  -0.1181   0.0581  -0.0977   0.4204
 -0.1001  -0.7499  -0.1206   0.0455  -0.0748   0.4135
 -0.0850  -0.7833  -0.1120   0.0609  -0.0903   0.4201
 -0.0904  -0.7849  -0.1063   0.0884  -0.0955   0.4127
 -0.0869  -0.7710  -0.1073   0.0599  -0.0863   0.4012
 -0.1088  -0.7844  -0.1030   0.0705  -0.0865   0.4155
 -0.1218  -0.7744  -0.1009   0.1074  -0.0993   0.4083
 -0.1077  -0.7149  -0.1043   0.0824  -0.0905   0.3830
 -0.0838  -0.6780  -0.0613   0.0989  -0.0866   0.3590
 -0.0789  -0.6090  -0.0787   0.0713  -0.0716   0.3353
 -0.1097  -0.5401  -0.0547   0.0878  -0.0756   0.2977
 -0.0672  -0.4714  -0.0624   0.0596  -0.0579   0.2661
 -0.0855  -0.4971  -0.0608   0.0712  -0.0894   0.2748
 -0.0983  -0.5014  -0.0643   0.0364  -0.0468   0.2836
 -0.0955  -0.5214  -0.0417   0.0511  -0.0628   0.2885
 -0.1020  -0.4947  -0.0452   0.0465  -0.0553   0.2776
 -0.1038  -0.4693  -0.0470   0.0459  -0.0489   0.2650
 -0.0775  -0.3566  -0.0614   0.0978  -0.0868   0.2067
 -0.0762  -0.3036  -0.0615   0.0751  -0.0469   0.1853
 -0.0765  -0.2857  -0.0527   0.0427  -0.0635   0.1722
 -0.0599  -0.2637  -0.0567   0.0462  -0.0665   0.1579
 -0.0516  -0.2134  -0.0688   0.0075  -0.0471   0.1404
 -0.0209  -0.2229  -0.0467   0.0184  -0.0690   0.1420
 -0.0297  -0.1948  -0.0626  -0.0369  -0.0320   0.1322
 -0.0188  -0.2140  -0.0607  -0.0074  -0.0413   0.1430
  0.0037  -0.2041  -0.0484   0.0013  -0.0503   0.1341
 -0.0136  -0.1913  -0.0328   0.0530  -0.0774   0.1273
 -0.0161  -0.1701  -0.0457   0.0120  -0.0454   0.1168
 -0.0352  -0.1968  -0.0242   0.0282  -0.0675   0.1289
 -0.0224  -0.1961  -0.0422   0.0054  -0.0207   0.1297
 -0.0253  -0.1733  -0.0373  -0.0030  -0.0190   0.1223
 -0.0235  -0.1644  -0.0222  -0.0048  -0.0324   0.1159
 -0.0194  -0.1400  -0.0286  -0.0043  -0.0131   0.1097
 -0.0147  -0.1522  -0.0233  -0.0048  -0.0059   0.1239
 -0.0063  -0.1380  -0.0231   0.0104   0.0002   0.1138
  0.0022  -0.1413  -0.0171   0.0395  -0.0208   0.1078
 -0.0012  -0.1162  -0.0273   0.0105  -0.0044   0.0996
 -0.0094  -0.1179  -0.0102   0.0466  -0.0255   0.0921
  0.0105  -0.0700   0.0090   0.0470  -0.0040   0.0740
  0.0277  -0.0642   0.0138   0.0534  -0.0049   0.0663
  0.0180  -0.0799  -0.0008   0.0531  -0.0023   0.0665
  0.0308  -0.0465  -0.0138   0.0266   0.0054   0.0599
  0.0221  -0.0534   0.0093   0.0893  -0.0017   0.0572
  0.0384  -0.0259   0.0031   0.0666   0.0211   0.0492
  0.0317  -0.0211   0.0094   0.1058  -0.0046   0.0419
  0.0328   0.0163  -0.0087   0.0848   0.0340   0.0328
  0.0371   0.0287  -0.0081   0.0675   0.0344   0.0265
  0.1273   0.0234   0.0537   0.1354   0.0429  -0.0110
  0.1460   0.0633   0.0425   0.0907   0.0649  -0.0327
  0.1235   0.1127   0.0509   0.1570   0.0266  -0.0826
  0.1498   0.1449   0.0340   0.1141   0.0419  -0.0971
  0.1420   0.1218   0.0542   0.1547   0.0183  -0.0871
  0.1356   0.0947   0.0268   0.0834   0.0685  -0.0424
  0.1359   0.0626   0.0524   0.1226   0.0459  -0.0269
  0.1104   0.0677   0.0065   0.0725   0.0796  -0.0219
  0.1117   0.0433   0.0186   0.0715   0.0347  -0.0212
  0.0989   0.0683  -0.0036  -0.0433   0.0542  -0.0163
  0.0638   0.0964   0.0165   0.0095   0.0608  -0.0173
  0.1129   0.0916   0.0617   0.0610   0.0583  -0.0218
  0.0712   0.0672   0.0526   0.0994   0.0497  -0.0201
 -0.0125   0.0531   0.0641   0.0600   0.0514  -0.0017
 -0.0081  -0.0090   0.1146   0.0107   0.0783   0.0260
  0.0318   0.0254   0.0838   0.0633   0.0502   0.0053
  0.0231  -0.0180   0.0702   0.0487   0.0488   0.0250
  0.0369  -0.0010   0.0416  -0.0073   0.0542   0.0208
  0.0424  -0.0005   0.0387  -0.0169   0.0371   0.0210
  0.0504  -0.0020   0.0342  -0.0051   0.0492   0.0196
  0.0089  -0.0269   0.0317  -0.0046   0.0265   0.0241
  0.0257  -0.0254   0.0253  -0.0477   0.0477   0.0248
  0.0147  -0.0438   0.0369  -0.0412   0.0295   0.0350
 -0.0075  -0.0599   0.0228  -0.0391   0.0340   0.0358
  0.0256  -0.0294   0.0265  -0.0491   0.0509   0.0306
  0.0073  -0.0125   0.0246  -0.0459   0.0397   0.0164
  0.0060   0.0324   0.0181  -0.0068   0.0026  -0.0163
  0.0219   0.0555  -0.0035  -0.0447   0.0283  -0.0250
  0.0268   0.0319   0.0168   0.0036  -0.0001  -0.0139
  0.0200   0.0252   0.0115   0.0242  -0.0091  -0.0200
  0.0322   0.0539   0.0178   0.0305   0.0115  -0.0292
  0.0380   0.0813   0.0303   0.0440  -0.0032  -0.0543
  0.0246   0.0921   0.0109   0.0133   0.0170  -0.0645
  0.0251   0.1026   0.0159  -0.0051   0.0031  -0.0650
  0.0161   0.0897   0.0189   0.0256   0.0046  -0.0565
  0.0128   0.1130   0.0164  -0.0018   0.0175  -0.0731
  0.0299   0.1221   0.0285   0.0429  -0.0254  -0.0898
  0.0254   0.1346   0.0154   0.0399  -0.0190  -0.0945
  0.0306   0.1590   0.0194   0.0068  -0.0033  -0.0964
  0.0348   0.1604   0.0267   0.0353  -0.0136  -0.1003
  0.0168   0.1654   0.0139  -0.0003   0.0120  -0.1045
  0.0256   0.1470   0.0319   0.0251  -0.0141  -0.0964
  0.0283   0.1838   0.0001  -0.0015   0.0016  -0.1162
  0.0290   0.1664   0.0225   0.0487  -0.0226  -0.1128
  0.0472   0.1639   0.0074   0.0366   0.0045  -0.1085
  0.0544   0.1531   0.0262   0.0254   0.0042  -0.1000
  0.0515   0.1824   0.0305   0.0362   0.0060  -0.1114
  0.0618   0.1812   0.0312   0.0228   0.0257  -0.1114
  0.0600   0.1922   0.0328   0.0403   0.0095  -0.1185
  0.0614   0.1704   0.0285   0.0378   0.0385  -0.1075
  0.0471   0.1985   0.0129   0.0097   0.0427  -0.1169
  0.0506   0.1908   0.0404   0.0788   0.0126  -0.1232
  0.0461   0.1958   0.0317   0.0573   0.0408  -0.1260
  0.0744   0.2033   0.0447   0.0162   0.0519  -0.1243
  0.0643   0.2020   0.0465   0.0731   0.0248  -0.1298
  0.0413   0.2478   0.0195   0.0477   0.0214  -0.1621
  0.0359   0.3190   0.0200   0.0663   0.0018  -0.1930
  0.0235   0.3148  -0.0093   0.0378   0.0181  -0.1854
  0.0355   0.3084   0.0039   0.0446   0.0146  -0.1800
  0.0125   0.2986  -0.0079   0.0808  -0.0152  -0.1802
  0.0082   0.3437  -0.0401   0.0307  -0.0041  -0.1869
  0.0070   0.3127  -0.0176   0.0814  -0.0198  -0.1765
  0.0192   0.3345  -0.0349   0.0459  -0.0018  -0.1889
  0.0184   0.3128  -0.0128   0.1098  -0.0302  -0.1943
  0.0129   0.3352  -0.0212   0.0822  -0.0198  -0.1887
  0.0153   0.3647  -0.0067   0.0690  -0.0176  -0.2015
  0.0074   0.3421  -0.0262   0.0969  -0.0303  -0.2024
 -0.0009   0.3405  -0.0315   0.0382  -0.0083  -0.1902
 -0.0110   0.2899  -0.0233   0.0941  -0.0252  -0.1788
 -0.0085   0.3380  -0.0249   0.0468   0.0037  -0.1943
 -0.0009   0.2943  -0.0007   0.0630  -0.0074  -0.1888
  0.0015   0.3176   0.0007   0.0459   0.0202  -0.1931
 -0.0015   0.2902   0.0078   0.0733  -0.0149  -0.1880
 -0.1096   0.2924  -0.1146   0.0413  -0.0708  -0.1791
 -0.0421   0.3171  -0.0540  -0.0012  -0.0300  -0.1771
 -0.0313   0.3022  -0.0650   0.0069  -0.0188  -0.1754
 -0.0329   0.3159  -0.0621  -0.0128  -0.0381  -0.1706
 -0.0353   0.2767  -0.0417   0.0754  -0.0266  -0.1592
 -0.0290   0.2821  -0.0422  -0.0007  -0.0024  -0.1490
 -0.0128   0.2440  -0.0100   0.0700  -0.0162  -0.1386
 -0.0238   0.2430  -0.0160   0.0353   0.0154  -0.1311
 -0.0008   0.2327   0.0098   0.0135   0.0119  -0.1235
 -0.0118   0.2206   0.0110   0.0003   0.0244  -0.1228
 -0.0141   0.2359   0.0003  -0.0841   0.0045  -0.1304
 -0.0315   0.1893   0.0161   0.0135  -0.0233  -0.1278
 -0.0395   0.2384   0.0158  -0.0503  -0.0306  -0.1339
 -0.0229   0.2317   0.0256   0.0518  -0.0103  -0.1419
 -0.0364   0.2472   0.0122  -0.0182   0.0129  -0.1514
 -0.0351   0.2019   0.0131   0.0033   0.0041  -0.1363
 -0.0392   0.2194   0.0053  -0.0492   0.0180  -0.1350
 -0.0199   0.2083   0.0232  -0.0577   0.0097  -0.1292
 -0.0205   0.1859   0.0290  -0.1125   0.0209  -0.1201
 -0.0111   0.1741   0.0432  -0.1519   0.0085  -0.1020
  0.0015   0.1677   0.0636  -0.0847   0.0108  -0.1034
  0.0027   0.1746   0.0441  -0.2053   0.0329  -0.0911
 -0.0029   0.1642   0.0521  -0.1127   0.0359  -0.0974
 -0.0111   0.1781   0.0436  -0.1613   0.0488  -0.0986
 -0.0097   0.2026   0.0249  -0.0826   0.0092  -0.1090
 -0.0114   0.2370   0.0537  -0.3052   0.0533  -0.1105
  0.0219   0.2354   0.0805  -0.2573   0.0550  -0.1283
  0.0163   0.2619   0.0720  -0.2180   0.0392  -0.1586
  0.0273   0.2716   0.0635  -0.2585   0.0474  -0.1593
  0.0177   0.2622   0.0820  -0.1990   0.0369  -0.1635
  0.0101   0.2795   0.0652  -0.2242   0.0653  -0.1665
  0.0263   0.2858   0.0786  -0.2256   0.0491  -0.1734
  0.0263   0.2886   0.0777  -0.2115   0.0638  -0.1827
  0.0334   0.2948   0.0912  -0.2184   0.0798  -0.1863
  0.0272   0.2701   0.0896  -0.1620   0.0718  -0.1907
  0.0297   0.3066   0.0676  -0.1724   0.0841  -0.1980
  0.0318   0.2819   0.0764  -0.1243   0.0689  -0.1929
  0.0356   0.3107   0.0803  -0.1936   0.0802  -0.1930
  0.0391   0.2816   0.0939  -0.1157   0.0668  -0.1920
  0.0362   0.3330   0.0771  -0.2794   0.0707  -0.1874
  0.0362   0.2884   0.0892  -0.1840   0.0665  -0.1807
  0.0008   0.2980   0.0813  -0.3188   0.1027  -0.1612
  0.0402   0.2666   0.1071  -0.1567   0.0889  -0.1729
  0.0157   0.2958   0.0759  -0.2483   0.1035  -0.1791
  0.0181   0.2576   0.0859  -0.2404   0.0617  -0.1614
  0.0058   0.2716   0.0872  -0.2550   0.0754  -0.1648
  0.0404   0.2621   0.1071  -0.2249   0.0731  -0.1659
  0.0250   0.2677   0.0967  -0.2018   0.0784  -0.1661
