 -0.1259   0.2811  -0.0361   0.2062  -0.0875   0.0220
 -0.0779   0.2311  -0.0596   0.2543  -0.0302  -0.0418
 -0.0645   0.2349  -0.0487   0.3018  -0.0236  -0.0377
 -0.0653   0.2314  -0.0570   0.2629  -0.0240  -0.0648
 -0.0725   0.2610  -0.0671   0.2057  -0.0462  -0.0645
 -0.0688   0.2928  -0.0568   0.2175  -0.0431  -0.0631
 -0.0738   0.2739  -0.0620   0.2629  -0.0364  -0.0469
 -0.0722   0.2954  -0.0566   0.2225  -0.0380  -0.0387
 -0.0651   0.2977  -0.0566   0.1972  -0.0339  -0.0763
 -0.0622   0.2733  -0.0623   0.2383  -0.0311  -0.0781
 -0.0592   0.2893  -0.0488   0.2471  -0.0226  -0.0625
 -0.0670   0.2841  -0.0536   0.2101  -0.0266  -0.0763
 -0.0728   0.2803  -0.0579   0.1462  -0.0377  -0.0854
 -0.0662   0.2351  -0.0532   0.2131  -0.0267  -0.0720
 -0.0805   0.2229  -0.0754   0.1136  -0.0522  -0.0405
 -0.0851   0.1488  -0.1034   0.1580  -0.0654  -0.0138
 -0.0720   0.0988  -0.0838   0.2278  -0.0447   0.0180
 -0.0752   0.1084  -0.0857   0.2349  -0.0427   0.0379
 -0.0808   0.1510  -0.0886   0.1881  -0.0466   0.0054
 -0.0814   0.1488  -0.0873   0.2311  -0.0461  -0.0150
 -0.0758   0.1993  -0.0890   0.2244  -0.0480  -0.0016
 -0.0611   0.1894  -0.0803   0.2823  -0.0361   0.0087
 -0.0694   0.2331  -0.0876   0.2066  -0.0393  -0.0381
 -0.0764   0.2110  -0.0985   0.1883  -0.0521  -0.0469
 -0.0616   0.1897  -0.0947   0.1520  -0.0476  -0.0128
 -0.0641   0.2006  -0.0784   0.1312  -0.0530  -0.0179
 -0.0448   0.1887  -0.0695   0.1720  -0.0323  -0.0518
 -0.0411   0.1836  -0.0741   0.1593  -0.0354  -0.0425
 -0.0371   0.1792  -0.0667   0.1722  -0.0312  -0.0264
 -0.0514   0.1891  -0.0667   0.1434  -0.0254  -0.0129
 -0.0192   0.1611  -0.0619   0.0470  -0.0146  -0.0094
 -0.0365   0.1806  -0.0604   0.0513  -0.0393  -0.0275
 -0.0259   0.1343  -0.0298   0.1564  -0.0244   0.0041
 -0.0266   0.0639  -0.0335   0.2293  -0.0237   0.0503
 -0.0495   0.0949  -0.0330   0.2156  -0.0360   0.0045
 -0.0464   0.0894  -0.0344   0.1873  -0.0403  -0.0068
 -0.0364   0.0882  -0.0154   0.1821  -0.0288  -0.0031
 -0.0419   0.0925  -0.0217   0.2044  -0.0368   0.0066
 -0.0081   0.2758   0.0052   0.0266  -0.0263  -0.0073
 -0.0315   0.1532  -0.0088   0.0373  -0.0421  -0.0160
 -0.0252   0.1151  -0.0186   0.0562  -0.0467  -0.0153
 -0.0293   0.1762  -0.0451   0.0573  -0.0493  -0.0366
 -0.0464   0.1839  -0.0325   0.0389  -0.0507  -0.0313
 -0.0679   0.3785  -0.0176  -0.0529  -0.0486  -0.0731
 -0.0398   0.2997  -0.0302  -0.1069  -0.0572  -0.0611
 -0.0499   0.2750  -0.0569  -0.0744  -0.0596  -0.0789
 -0.0346   0.1288  -0.0500   0.0530  -0.0270  -0.0482
 -0.0387   0.1147  -0.0344   0.1248  -0.0038  -0.0465
 -0.0373   0.1175  -0.0351   0.1426  -0.0140  -0.0465
 -0.0292   0.1247  -0.0228   0.1167  -0.0126  -0.0572
 -0.0126   0.1158  -0.0129   0.1572   0.0060  -0.0316
 -0.0279   0.1113  -0.0221   0.1047  -0.0003  -0.0150
 -0.0423   0.0916  -0.0172   0.0810  -0.0143  -0.0158
 -0.0444   0.0900  -0.0175   0.0584  -0.0198  -0.0323
 -0.0445   0.0891  -0.0304   0.0586  -0.0135  -0.0252
 -0.0462   0.0925  -0.0382   0.0582  -0.0291  -0.0042
 -0.0387   0.0982  -0.0225   0.0722  -0.0267  -0.0218
 -0.0317   0.0946  -0.0156   0.0828  -0.0161  -0.0552
 -0.0346   0.0925  -0.0130   0.0037  -0.0077  -0.0512
 -0.0420   0.0585  -0.0337  -0.0353  -0.0122  -0.0122
 -0.0172   0.0666  -0.0266  -0.1499   0.0209   0.0059
 -0.0399   0.0446  -0.0213  -0.0969  -0.0025  -0.0479
 -0.0519  -0.0204  -0.0135   0.0086  -0.0474   0.0117
 -0.0116  -0.0028  -0.0158  -0.0195  -0.0010   0.0234
 -0.0050  -0.0279  -0.0171   0.0074  -0.0017   0.0296
 -0.0054  -0.0358  -0.0390  -0.0287   0.0019   0.0039
 -0.0051  -0.0477  -0.0159   0.0436   0.0281   0.0038
  0.0191  -0.0788  -0.0071   0.0775   0.0449   0.0217
  0.0342  -0.0587  -0.0000   0.0322   0.0485   0.0119
  0.0131  -0.0601  -0.0093   0.0155   0.0154   0.0047
  0.0046  -0.0560  -0.0214  -0.0222   0.0084   0.0012
 -0.0055  -0.0690  -0.0216  -0.0367   0.0010   0.0012
  0.0240  -0.0634  -0.0225   0.0422   0.0331   0.0215
 -0.0088  -0.0724  -0.0550   0.0361  -0.0165   0.0290
 -0.0084  -0.0272  -0.0611  -0.0377  -0.0192   0.0112
  0.0049  -0.0360  -0.0246  -0.0644  -0.0095   0.0249
  0.0013  -0.0501  -0.0070  -0.0228   0.0217   0.0190
  0.0129  -0.1312  -0.0377   0.0622   0.0218   0.0398
 -0.0304  -0.1877  -0.0174   0.1932   0.0089  -0.0224
 -0.0432  -0.0561  -0.0336   0.1334   0.0299   0.0415
 -0.0175  -0.0728  -0.0255   0.0643   0.0119   0.0041
 -0.0100  -0.0938  -0.0240   0.0584   0.0039   0.0065
 -0.0142  -0.0946  -0.0264   0.0586  -0.0143   0.0108
 -0.0097  -0.0898  -0.0208   0.0297  -0.0093   0.0310
  0.0058  -0.0624  -0.0006  -0.0188   0.0034   0.0190
 -0.0013  -0.0688   0.0060  -0.0480   0.0102   0.0043
 -0.0019  -0.0844   0.0051  -0.0626   0.0036  -0.0007
  0.0048  -0.0997   0.0139   0.1078   0.0096  -0.0075
  0.0083  -0.0835   0.0129   0.0994   0.0036   0.0317
  0.0403  -0.0901   0.0440  -0.0063   0.0530   0.0125
  0.0517  -0.1067   0.0410   0.0050   0.0542   0.0092
  0.0651  -0.0934   0.0317   0.0409   0.0601   0.0543
  0.0622  -0.0754   0.0310  -0.0136   0.0532   0.0275
  0.0620  -0.0967   0.0393  -0.0246   0.0588   0.0151
  0.0588  -0.0768   0.0292   0.0088   0.0538   0.0199
  0.0326  -0.0208   0.0279  -0.0309   0.0316   0.0318
  0.0286  -0.0487   0.0301  -0.0322   0.0213   0.0160
  0.0331  -0.0462   0.0327  -0.0364   0.0275   0.0088
  0.0210  -0.0613   0.0205  -0.0207   0.0244   0.0258
  0.0173  -0.0529   0.0220  -0.0241   0.0203   0.0212
  0.0203  -0.0555   0.0260  -0.0468   0.0244   0.0117
  0.0255  -0.0627   0.0177  -0.0985   0.0203  -0.0062
  0.0446  -0.0528   0.0416  -0.0999   0.0374   0.0055
  0.0542  -0.0817   0.0432  -0.0527   0.0380   0.0354
  0.0572  -0.0934   0.0515  -0.0740   0.0443   0.0384
  0.0618  -0.0954   0.0573  -0.0836   0.0338   0.0259
  0.0801  -0.0846   0.0680  -0.1237   0.0497   0.0141
  0.1059  -0.0984   0.0956  -0.1259   0.0830   0.0575
  0.0418  -0.1162   0.0362  -0.2727   0.0314   0.0303
  0.0403  -0.0777   0.0332  -0.2959   0.0249   0.0327
  0.0301  -0.0959   0.0358  -0.1277   0.0163   0.0328
  0.0300  -0.0902   0.0314  -0.1585   0.0167   0.0419
  0.0363  -0.0570   0.0164  -0.2583   0.0155   0.0168
  0.0496  -0.0558   0.0276  -0.2305   0.0375   0.0048
  0.0479  -0.0743   0.0281  -0.1914   0.0309   0.0262
  0.0479  -0.0572   0.0358  -0.2397   0.0334   0.0329
  0.0378  -0.0475   0.0225  -0.2906   0.0258  -0.0043
  0.0302  -0.0567   0.0229  -0.2723   0.0239   0.0053
  0.0410  -0.0482   0.0215  -0.2552   0.0255   0.0154
  0.0247  -0.0589   0.0173  -0.2228   0.0157   0.0253
  0.0324  -0.0669   0.0189  -0.2426   0.0161   0.0007
  0.0294  -0.0741   0.0210  -0.2322   0.0107   0.0018
  0.0371  -0.0821   0.0251  -0.2128   0.0167   0.0248
  0.0394  -0.0789   0.0361  -0.2029   0.0118   0.0319
  0.0261  -0.0857   0.0224  -0.2211  -0.0025   0.0285
 -0.0052  -0.1780  -0.0201  -0.0990  -0.0248   0.0513
 -0.0116  -0.1222  -0.0274  -0.1121  -0.0372   0.0876
  0.0220  -0.1511  -0.0417  -0.0966  -0.0130   0.0466
  0.0298  -0.1949   0.0171  -0.0988   0.0117   0.0175
  0.0083  -0.1238   0.0410  -0.1015   0.0136  -0.0354
  0.0421  -0.1309   0.0238  -0.1776   0.0471   0.0081
  0.0367  -0.1456   0.0364  -0.1711   0.0285  -0.0132
  0.0351  -0.1636   0.0350  -0.1131   0.0220   0.0202
  0.0385  -0.1615   0.0404  -0.0930   0.0114   0.0309
  0.0435  -0.1649   0.0404  -0.1287   0.0126   0.0087
  0.0447  -0.1642   0.0455  -0.1329   0.0167   0.0156
  0.0453  -0.1624   0.0590  -0.1017   0.0164   0.0278
  0.0647  -0.1546   0.0622  -0.0738   0.0170   0.0119
  0.0578  -0.1416   0.0755  -0.1155   0.0045   0.0009
  0.0660  -0.1410   0.0699  -0.0964   0.0185   0.0081
  0.0552  -0.1494   0.0770  -0.0846   0.0040   0.0267
  0.0365  -0.1475   0.0729  -0.1253   0.0003   0.0018
  0.0403  -0.1615   0.0864  -0.1037   0.0062  -0.0057
  0.0410  -0.1596   0.0848  -0.0753   0.0114   0.0167
  0.0385  -0.1606   0.0946  -0.1239   0.0042   0.0180
  0.0489  -0.1440   0.0763  -0.1977   0.0112  -0.0022
  0.0632  -0.1698   0.0809  -0.1082   0.0184   0.0227
  0.0694  -0.1553   0.0916  -0.0925   0.0158   0.0188
  0.0526  -0.1565   0.1032  -0.1125   0.0059   0.0052
  0.0578  -0.1725   0.0904  -0.1435   0.0154  -0.0024
  0.0596  -0.1555   0.1049  -0.1353   0.0174   0.0009
  0.0513  -0.1634   0.0997  -0.1338   0.0273   0.0269
  0.0821  -0.1732   0.1065  -0.1484   0.0439   0.0395
  0.0802  -0.1744   0.1160  -0.1681   0.0494   0.0148
  0.0967  -0.1929   0.1254  -0.2135   0.0714   0.0004
  0.0966  -0.2056   0.1108  -0.1561   0.0577   0.0228
  0.0948  -0.2131   0.1192  -0.1191   0.0469   0.0467
  0.0839  -0.2111   0.1127  -0.1862   0.0447   0.0209
  0.1075  -0.2394   0.1152  -0.1346   0.0649   0.0292
  0.0704  -0.3070   0.0927  -0.1094   0.0225   0.0328
