  0.0374   0.7518  -0.1870  -1.0725  -0.0722  -0.2614
  0.0317   0.5844  -0.1143  -0.7059  -0.0781  -0.1977
  0.0304   0.5717  -0.0712  -0.5947  -0.0509  -0.1689
  0.0220   0.5211  -0.0986  -0.4129  -0.0462  -0.1179
  0.0502   0.5272  -0.0683  -0.5977  -0.0357  -0.0751
  0.0166   0.3990  -0.0569  -0.2573  -0.0121  -0.0302
  0.0469   0.3668  -0.0471  -0.5227  -0.0189  -0.1471
  0.0127   0.4793  -0.0370  -0.5538  -0.0338  -0.2890
  0.0197   0.5255  -0.0378  -0.5726  -0.0316  -0.2955
  0.0579   0.3455  -0.0369  -0.5321   0.0037  -0.0484
  0.0324   0.2519  -0.0428  -0.3847  -0.0143  -0.0314
  0.0317   0.4162  -0.0756  -0.6420  -0.0412  -0.0981
  0.0095   0.5089  -0.0618  -0.6227  -0.0557  -0.0985
  0.0537   0.3747  -0.0444  -0.5122  -0.0235  -0.0634
  0.1582   0.1659  -0.1918  -0.4452   0.0379  -0.0475
  0.0316   0.0592  -0.0419  -0.3311   0.0244  -0.0474
  0.0499   0.0474  -0.0809  -0.3335   0.0062  -0.0993
  0.0283  -0.0011  -0.0557  -0.2712   0.0059  -0.0487
  0.0222  -0.0444  -0.0577  -0.2122   0.0071  -0.0696
  0.0360   0.0233  -0.0731  -0.1729   0.0204  -0.0190
 -0.0074   0.1994  -0.0762  -0.3788  -0.0099  -0.0539
  0.0858  -0.0463  -0.0669  -0.2664   0.0303   0.0279
  0.0974  -0.2266  -0.1223  -0.1941   0.0090   0.0197
  0.0294  -0.3030  -0.0273  -0.1314   0.0117   0.0093
  0.0314  -0.1857  -0.0551  -0.2472   0.0413   0.0474
  0.0134  -0.1665  -0.0640  -0.2268   0.0116  -0.0990
  0.0154  -0.1852  -0.0399  -0.1967   0.0174  -0.0505
 -0.0487   0.0824  -0.0571  -0.2031   0.0212  -0.0532
 -0.0172   0.0319  -0.0336  -0.1881   0.0070  -0.0093
 -0.0082   0.0121  -0.0087  -0.2381   0.0173  -0.0656
 -0.0030   0.0141  -0.0339  -0.2146   0.0231   0.0131
  0.0024   0.0022  -0.0279  -0.2052   0.0194  -0.0497
 -0.0032  -0.0001  -0.0325  -0.1748   0.0215  -0.0431
 -0.0029  -0.0279  -0.0350  -0.1583   0.0264  -0.0224
  0.0002  -0.0398  -0.0247  -0.1976   0.0250  -0.0247
 -0.0110  -0.0245  -0.0238  -0.1774   0.0246  -0.0044
 -0.0232  -0.0068  -0.0184  -0.1815   0.0225  -0.0943
 -0.0116  -0.0100  -0.0251  -0.1917   0.0239  -0.0151
 -0.0155   0.0108  -0.0362  -0.1878   0.0160  -0.0550
 -0.0786   0.0493  -0.0791  -0.1374   0.0078  -0.1789
 -0.0078  -0.2258   0.0117   0.0067   0.0009   0.0340
 -0.1123   0.0569  -0.0132  -0.0624  -0.0191  -0.3806
 -0.0754   0.0240  -0.0053  -0.0804  -0.0148  -0.2562
 -0.0472  -0.0086   0.0046  -0.0706  -0.0162  -0.2166
 -0.0933   0.0322  -0.0059  -0.0502  -0.0291  -0.3151
 -0.1646   0.1922  -0.0483  -0.1279  -0.0225  -0.2853
 -0.0820   0.1316  -0.0419  -0.2180  -0.0123  -0.1768
 -0.0449  -0.0013  -0.0106  -0.1576  -0.0038  -0.0860
 -0.0195  -0.0080  -0.0026  -0.1867   0.0049  -0.0308
 -0.0242  -0.0049  -0.0165  -0.2041   0.0002  -0.0448
 -0.0126  -0.0654  -0.0392  -0.2012   0.0014  -0.0878
 -0.0252  -0.0677  -0.0053  -0.0598  -0.0033  -0.0391
  0.0039  -0.0936  -0.0092  -0.0051   0.0050   0.0022
 -0.0556   0.0117  -0.0056   0.0635  -0.0333  -0.1172
 -0.0661   0.1390  -0.0535  -0.0861  -0.0251  -0.2814
 -0.0236   0.0163  -0.0371  -0.0570   0.0121  -0.0710
 -0.0266  -0.0470  -0.0217   0.0128   0.0254  -0.0556
  0.0155  -0.0205  -0.0549  -0.0072  -0.0193   0.1045
  0.0385   0.0679  -0.0732  -0.1569   0.0041   0.0476
  0.0047  -0.0123  -0.0257  -0.0612  -0.0033   0.0590
  0.0008  -0.0572  -0.0279   0.0065   0.0051   0.0721
  0.0714  -1.5992   0.0294   0.8335   0.0340   0.6041
  0.0703  -1.7251   0.0515   1.0217   0.0617   0.6093
  0.2246  -3.5909   0.2997   1.8848   0.2727   1.6074
  0.2620  -3.7348   0.2678   1.9135   0.2754   1.6061
  0.2610  -3.2763   0.2940   1.7269   0.2509   1.4419
  0.1448  -2.2105   0.1611   1.3655   0.1052   0.9109
  0.0686  -1.0595   0.1472   0.7574   0.0686   0.5439
  0.0478  -0.7025   0.1562   0.6004   0.0652   0.3816
  0.0457  -0.7166   0.1471   0.6507   0.0629   0.3735
  0.0417  -0.7476   0.1442   0.6707   0.0611   0.3920
  0.0437  -0.7636   0.1506   0.6748   0.0634   0.3462
  0.0279  -0.7011   0.1441   0.6524   0.0622   0.2665
  0.0423  -0.7348   0.1584   0.5848   0.0545   0.3056
  0.0743  -0.4864   0.1518   0.2681   0.1673   0.3139
  0.0720  -0.3687   0.1011   0.0988   0.1300   0.2062
  0.0398  -0.3545   0.0993   0.1883   0.0689   0.1366
  0.0464  -0.4139   0.0895   0.2224   0.0886   0.1508
  0.0522  -0.4276   0.0685   0.2622   0.1043   0.1897
  0.0466  -0.4307   0.0697   0.3100   0.1142   0.1908
  0.0414  -0.4649   0.0711   0.3423   0.1224   0.2013
  0.0395  -0.4560   0.0659   0.3672   0.1231   0.2291
  0.0348  -0.4440   0.0695   0.3495   0.1181   0.1655
  0.0396  -0.4428   0.0681   0.3880   0.1175   0.2002
  0.0351  -0.4165   0.0465   0.3748   0.1272   0.1976
  0.0313  -0.4774   0.0616   0.4232   0.0911   0.2001
  0.0249  -0.4955   0.0706   0.4401   0.0951   0.2040
  0.0288  -0.4637   0.0516   0.4110   0.1007   0.2340
  0.0446  -0.4629   0.0608   0.3688   0.0861   0.1192
  0.0473  -0.5089   0.0721   0.4071   0.0999   0.2011
  0.0495  -0.4801   0.0749   0.4043   0.0873   0.2101
  0.0496  -0.4651   0.0657   0.3779   0.0910   0.1838
  0.0329  -0.4718   0.0790   0.4270   0.0849   0.1813
  0.0408  -0.4616   0.0811   0.3953   0.0802   0.1873
  0.0341  -0.4592   0.0695   0.3736   0.0851   0.1878
  0.0228  -0.4719   0.0712   0.4076   0.0909   0.1741
  0.0292  -0.4806   0.0689   0.3985   0.0873   0.1787
  0.0579  -0.4871   0.0606   0.2915   0.0883   0.2236
  0.0236  -0.4191   0.0763   0.2439   0.0711   0.1028
  0.0247  -0.3726   0.0708   0.2236   0.0555   0.1602
  0.0223  -0.2542   0.0580   0.1444   0.0463   0.1036
  0.0173  -0.2934   0.0664   0.1950   0.0513   0.0905
 -0.0172  -0.2125   0.0510   0.2007   0.0448   0.1325
 -0.0388   0.2265  -0.0027  -0.3798  -0.0019   0.0094
 -0.0645   0.6391  -0.0095  -0.6362  -0.0278  -0.0000
 -0.0913   0.9316  -0.0233  -0.8395  -0.0439  -0.0601
 -0.0492   0.6784  -0.0143  -0.6595  -0.0264  -0.1120
 -0.0642   0.6348  -0.0049  -0.5671  -0.0301  -0.1977
 -0.0562   0.5986   0.0003  -0.5613  -0.0255  -0.1206
 -0.0535   0.5414   0.0077  -0.5132  -0.0186  -0.1002
 -0.0505   0.4711   0.0135  -0.4146  -0.0098  -0.0757
 -0.0822   0.3308   0.0472  -0.0812   0.0014  -0.0608
 -0.0599   0.2181   0.0449  -0.1790   0.0206  -0.0065
 -0.0637   0.3396   0.0058  -0.3073  -0.0111  -0.0386
 -0.0469   0.2953   0.0319  -0.2722   0.0020   0.0124
 -0.0546   0.2798   0.0344  -0.2543  -0.0072  -0.1104
 -0.0594   0.2782   0.0372  -0.2600  -0.0004  -0.1406
 -0.0861   0.2286   0.0045  -0.1137   0.0071  -0.2234
 -0.0701   0.1680   0.0102  -0.0887   0.0379  -0.1185
 -0.0325   0.4583  -0.0506  -0.4161   0.0157  -0.0651
 -0.0117   1.0578  -0.2423  -0.7988  -0.0483  -0.0111
  0.0227   0.7782  -0.1940  -0.6089  -0.0305  -0.0659
  0.0117   0.7939  -0.1890  -0.6523  -0.0449  -0.0865
  0.0061   0.7510  -0.1667  -0.6119  -0.0477  -0.0613
  0.0091   0.7362  -0.1662  -0.6237  -0.0493  -0.0405
  0.0091   0.7348  -0.1583  -0.6270  -0.0530  -0.0729
  0.0055   0.6829  -0.1446  -0.5706  -0.0491  -0.0720
 -0.0204   0.6407  -0.1452  -0.3550  -0.0203  -0.0887
 -0.0263   0.6500  -0.1634  -0.4253   0.0130  -0.0305
 -0.0135   0.5763  -0.1431  -0.3196   0.0063  -0.0542
 -0.0303   0.6182  -0.1556  -0.3206  -0.0216  -0.0020
 -0.0205   0.5934  -0.1473  -0.3543  -0.0093   0.0094
 -0.0214   0.6046  -0.1501  -0.3745  -0.0107  -0.0071
 -0.0243   0.5921  -0.1418  -0.3523  -0.0142   0.0079
 -0.0120   0.5985  -0.1443  -0.3609  -0.0151   0.0175
 -0.0170   0.6095  -0.1315  -0.3367  -0.0215  -0.0174
 -0.0353   0.5652  -0.1341  -0.2328  -0.0302  -0.0061
 -0.0432   0.6275  -0.1415  -0.3328  -0.0331  -0.0706
 -0.0284   0.6488  -0.1351  -0.4246  -0.0407   0.0168
 -0.0359   0.7250  -0.1444  -0.5158  -0.0323  -0.0182
  0.0054   0.6273  -0.1474  -0.5012   0.0013   0.0660
 -0.0359   0.7266  -0.1571  -0.5343  -0.0408  -0.0814
  0.0104   0.4406  -0.1008  -0.3331  -0.0423  -0.0046
  0.0182   0.3659  -0.0774  -0.2309  -0.0450  -0.0784
  0.0088   0.3614  -0.0690  -0.2076  -0.0422  -0.0563
 -0.0053   0.3677  -0.0681  -0.1160  -0.0389  -0.0202
 -0.0123   0.3863  -0.0876  -0.0967   0.0019   0.0047
 -0.0075   0.3799  -0.0865  -0.1126   0.0042   0.0205
 -0.0147   0.3997  -0.0864  -0.0976   0.0004   0.0134
 -0.0127   0.3885  -0.0858  -0.0744  -0.0011   0.0248
  0.0214   0.3515  -0.0541  -0.0345   0.0075   0.2633
  0.0912  -0.0994  -0.0227   0.1544  -0.0065  -0.1228
  0.0130  -0.0944  -0.0250   0.2226  -0.0283   0.0619
 -0.0100   0.0537  -0.0248   0.1113  -0.0244   0.0572
 -0.0194   0.0202   0.0224   0.1483  -0.0269   0.0338
 -0.0155  -0.0071   0.0100   0.1247  -0.0347   0.0248
 -0.0029  -0.0379   0.0011   0.1182  -0.0683  -0.0127
  0.0062  -0.0487   0.0059   0.2248  -0.0629   0.0221
 -0.0011  -0.0454  -0.0009   0.2325  -0.0583   0.0316
 -0.0060  -0.0582   0.0065   0.2744  -0.0571   0.0480
 -0.0231  -0.0456   0.0238   0.3102  -0.0652   0.0253
 -0.0110  -0.0702   0.0112   0.1712  -0.0264   0.0830
 -0.0265   0.0117  -0.0138   0.0971  -0.0582   0.0316
 -0.0178   0.0348  -0.0190   0.0709  -0.0653   0.0279
 -0.0086  -0.0118  -0.0151   0.1341  -0.0594   0.0502
 -0.0110  -0.0195  -0.0065   0.1245  -0.0592   0.0249
 -0.0046  -0.0175  -0.0093   0.1450  -0.0581   0.0274
 -0.0065  -0.0244  -0.0041   0.1669  -0.0604   0.0281
 -0.0048  -0.0363  -0.0021   0.1610  -0.0496   0.0390
 -0.0036  -0.0360   0.0015   0.1553  -0.0566   0.0099
 -0.0052  -0.0121   0.0042   0.1355  -0.0307   0.0091
 -0.0937   0.0010   0.0414   0.1113   0.0227  -0.1586
 -0.0281  -0.0580   0.0217   0.1020  -0.0134  -0.1497
 -0.0157  -0.0811   0.0466   0.1358  -0.0066  -0.0419
 -0.0007  -0.0803   0.0298   0.1201  -0.0164  -0.0478
  0.0064  -0.0651   0.0174   0.1153  -0.0106  -0.0577
 -0.0052  -0.0669   0.0194   0.1711  -0.0094  -0.0346
 -0.0020  -0.0808   0.0121   0.1645  -0.0160  -0.0379
  0.0017  -0.0795   0.0067   0.1772  -0.0104  -0.0433
 -0.0112  -0.0791   0.0276   0.2391  -0.0179  -0.0159
 -0.0024  -0.0922   0.0289   0.2086  -0.0254  -0.0119
  0.0033  -0.0803   0.0165   0.1487  -0.0234  -0.0496
 -0.0082  -0.0918   0.0295   0.1814  -0.0312  -0.0304
  0.0004  -0.0821   0.0293   0.1845  -0.0347   0.0020
 -0.0035  -0.0831   0.0157   0.1465  -0.0295  -0.0279
 -0.0016  -0.0835   0.0056   0.1244  -0.0212  -0.0376
 -0.0180  -0.0783   0.0041   0.1976  -0.0114  -0.0099
 -0.0013  -0.0722   0.0020   0.1571  -0.0107  -0.0143
 -0.0040  -0.0646   0.0008   0.1453  -0.0155  -0.0226
 -0.0097  -0.0682   0.0129   0.2170  -0.0186  -0.0174
 -0.0046  -0.0597   0.0156   0.1808  -0.0342  -0.0203
 -0.0085  -0.0767   0.0333   0.1994  -0.0302  -0.0404
 -0.0104  -0.0899   0.0318   0.1928  -0.0301  -0.0049
 -0.0030  -0.0760   0.0287   0.1424  -0.0172  -0.0248
  0.0014  -0.0806   0.0274   0.1506  -0.0199  -0.0311
 -0.0030  -0.0787   0.0360   0.1628  -0.0155  -0.0146
 -0.0084  -0.0503   0.0407   0.1428  -0.0256  -0.0152
  0.0020  -0.0485   0.0445   0.1189  -0.0140  -0.0563
 -0.0016  -0.0675   0.0497   0.1642  -0.0215  -0.0427
 -0.0041  -0.0589   0.0549   0.1606  -0.0363  -0.0437
  0.0002  -0.0498   0.0578   0.1494  -0.0357  -0.0717
 -0.0106  -0.0612   0.0717   0.1741  -0.0377  -0.0680
 -0.0118  -0.0574   0.0644   0.1699  -0.0288  -0.0553
 -0.0095  -0.0619   0.0604   0.1610  -0.0344  -0.0873
 -0.0180  -0.0786   0.0728   0.2007  -0.0532  -0.0787
 -0.0157  -0.0585   0.0569   0.1614  -0.0353  -0.0673
 -0.0200  -0.0766   0.0581   0.1795  -0.0455  -0.0894
 -0.0164  -0.0821   0.0642   0.1774  -0.0466  -0.0570
 -0.0222  -0.0591   0.0617   0.1267  -0.0388  -0.0789
 -0.0222  -0.0859   0.0738   0.1543  -0.0518  -0.0799
 -0.0244  -0.0610   0.0609   0.1394  -0.0447  -0.0516
 -0.0136  -0.0654   0.0615   0.1356  -0.0372  -0.0885
 -0.0157  -0.0659   0.0699   0.1839  -0.0425  -0.0682
 -0.0061  -0.0580   0.0638   0.1464  -0.0354  -0.0592
 -0.0082  -0.1221   0.0702   0.1956  -0.0370  -0.0640
  0.0162  -0.1186   0.0554   0.1412   0.0052   0.0155
  0.0111  -0.1495   0.0515   0.1765  -0.0051  -0.0696
  0.0036  -0.1231   0.0571   0.1573  -0.0124  -0.0206
  0.0062  -0.0961   0.0596   0.1290  -0.0092  -0.0380
  0.0029  -0.1088   0.0688   0.1505  -0.0156  -0.0462
 -0.0008  -0.1027   0.0725   0.1624  -0.0177  -0.0038
  0.0020  -0.0953   0.0718   0.1407  -0.0145  -0.0324
 -0.0029  -0.1104   0.0810   0.1562  -0.0165  -0.0390
 -0.0006  -0.1197   0.0751   0.1508  -0.0104  -0.0320
  0.0067  -0.0900   0.0556   0.1210  -0.0153  -0.0528
  0.0053  -0.1068   0.0560   0.1283  -0.0165  -0.0521
  0.0075  -0.1118   0.0523   0.1241  -0.0175  -0.0482
  0.0038  -0.1039   0.0479   0.1197  -0.0197  -0.0482
 -0.0008  -0.0481   0.0409   0.0857  -0.0267  -0.1914
 -0.0055  -0.0979   0.0457   0.1096  -0.0219  -0.0455
  0.0012  -0.0891   0.0392   0.1134  -0.0166  -0.0411
 -0.0010  -0.0733   0.0359   0.0495  -0.0196  -0.0947
 -0.0009   0.0205   0.0293   0.0054  -0.0313  -0.0729
  0.0031  -0.0416   0.0280   0.0619  -0.0206  -0.0556
  0.0042  -0.0076   0.0168  -0.0008  -0.0171  -0.0915
  0.0184  -0.0730   0.0240   0.0878  -0.0209  -0.0767
  0.0014  -0.0558   0.0290   0.0826  -0.0305  -0.0497
  0.0044  -0.0693   0.0327   0.0865  -0.0245  -0.0771
 -0.0057  -0.0649   0.0486   0.1113  -0.0247  -0.0568
 -0.0033  -0.0687   0.0403   0.0876  -0.0213  -0.0622
