  0.1333   0.1386   0.0916  -0.0364   0.1985  -0.4225
  0.0260   0.3316   0.0714  -0.0411   0.1682  -0.4284
  0.0184   0.1937   0.0612  -0.0246   0.1477  -0.4060
  0.0441   0.1826   0.0672  -0.0416   0.1532  -0.4057
  0.0727   0.2729   0.0795  -0.1498   0.1526  -0.4341
  0.0553   0.1597   0.0778  -0.0663   0.1531  -0.3961
  0.0483   0.1271   0.0528  -0.0912   0.1476  -0.3987
  0.0546   0.0824   0.0735  -0.0354   0.1443  -0.3802
  0.0729   0.0821   0.0664  -0.0636   0.1519  -0.3943
  0.0770   0.0905   0.0459  -0.1388   0.1440  -0.4278
  0.0708   0.0294   0.0265  -0.1119   0.1268  -0.4399
  0.0658   0.0169   0.0086  -0.0922   0.1164  -0.4240
  0.0509  -0.0126  -0.0056  -0.0787   0.1082  -0.4025
  0.0960  -0.1262   0.0269  -0.3099   0.1262  -0.5737
  0.0967  -0.1549   0.0106  -0.0801   0.0948  -0.4353
  0.0561  -0.0856   0.0880  -0.0807   0.1008  -0.4321
  0.0430  -0.0595   0.1162  -0.1182   0.0947  -0.4458
  0.0146  -0.0417   0.1003  -0.1254   0.0884  -0.4415
 -0.0016  -0.0474   0.0923  -0.1051   0.0769  -0.4411
 -0.0340  -0.0727   0.1086  -0.0717   0.0804  -0.4238
  0.0279  -0.0773   0.1631  -0.0149   0.1337  -0.3706
  0.0359  -0.0594   0.1179   0.0656   0.1101  -0.3557
  0.0344  -0.0447   0.1307   0.0270   0.0888  -0.3578
  0.0052  -0.1658   0.1270   0.1821   0.1278  -0.3119
  0.0919   0.1030   0.1266   0.0530   0.1196  -0.3289
  0.0838   0.0812   0.1221   0.0898   0.1156  -0.3197
  0.0775   0.0744   0.1215   0.0842   0.1116  -0.3141
  0.0615   0.0686   0.1126   0.0940   0.1170  -0.2915
  0.0380   0.0247   0.0966   0.0409   0.1163  -0.3066
  0.0408   0.0443   0.1216   0.0506   0.1120  -0.2995
  0.0551   0.0046   0.1316   0.1140   0.1231  -0.2891
  0.0830   0.1919   0.1338   0.0374   0.1277  -0.3659
  0.0486   0.1722   0.1004  -0.0494   0.1366  -0.3780
  0.0844   0.1042   0.0751   0.0474   0.1201  -0.3261
  0.0786   0.0853   0.0883   0.0869   0.1146  -0.3064
  0.0852   0.1094   0.0714  -0.0042   0.1035  -0.3254
  0.0721   0.1151   0.0570  -0.0151   0.0882  -0.3253
  0.0754   0.1102   0.0072  -0.0287   0.0702  -0.3256
  0.0926   0.0616   0.0182  -0.0206   0.0856  -0.3184
  0.0891   0.0496   0.0279   0.0088   0.0869  -0.2889
  0.0934   0.0287   0.0470   0.0042   0.1059  -0.2865
  0.0858   0.0262   0.0480  -0.0177   0.1027  -0.3012
  0.0775   0.0186   0.0377   0.0082   0.0864  -0.2817
  0.0696   0.0348   0.0422   0.0377   0.0723  -0.2607
  0.0707   0.0179   0.0362   0.0317   0.0728  -0.2581
  0.0880  -0.0208   0.0463   0.0169   0.0764  -0.2622
  0.0780  -0.0283   0.0238  -0.0225   0.0818  -0.2569
  0.0646  -0.0420   0.0176   0.0120   0.0828  -0.2483
  0.0439  -0.0707   0.0005   0.0308   0.0767  -0.2507
  0.0549   0.0883  -0.0111  -0.0625   0.0697  -0.2649
  0.0612   0.0705  -0.0129  -0.0325   0.0743  -0.2420
  0.0762   0.2860  -0.0003  -0.2204   0.0816  -0.3093
  0.1063   0.2186  -0.0215  -0.1980   0.0749  -0.2748
  0.1109   0.0274  -0.0401  -0.0973   0.0536  -0.2498
  0.1100   0.0147  -0.0319  -0.0346   0.0570  -0.2157
  0.0776   0.0257  -0.0683  -0.0734   0.0349  -0.2211
  0.0787   0.0094  -0.0669  -0.1047   0.0390  -0.2212
  0.0643  -0.0320  -0.0699  -0.1094   0.0515  -0.2209
  0.0663  -0.0135  -0.0693  -0.1031   0.0329  -0.2004
  0.0802  -0.0085  -0.0470  -0.0746   0.0303  -0.1881
  0.0752  -0.0501  -0.0441  -0.0859   0.0161  -0.1998
  0.0687  -0.0632  -0.0526  -0.0516   0.0130  -0.1765
  0.0535  -0.0766  -0.0675  -0.0598   0.0070  -0.1790
  0.0685  -0.0636  -0.0629  -0.0607   0.0133  -0.1747
  0.0720  -0.0529  -0.0579  -0.0666   0.0201  -0.1843
  0.0881  -0.0675  -0.0532  -0.1047   0.0267  -0.1945
  0.0639  -0.0159  -0.0687  -0.1339   0.0044  -0.1970
  0.0680  -0.0167  -0.0584  -0.1155  -0.0189  -0.1717
  0.0729  -0.0255  -0.0470  -0.1196  -0.0150  -0.1668
  0.0597  -0.0146  -0.0408  -0.1098   0.0032  -0.1630
  0.0751  -0.0355  -0.0293  -0.0998   0.0170  -0.1422
  0.1584   0.0807   0.0225  -0.3041   0.0621  -0.2478
  0.0821  -0.0218   0.0347   0.1378  -0.0190  -0.0304
  0.0407   0.0282   0.0020   0.0520  -0.0368  -0.0632
  0.0443   0.0544   0.0063  -0.0028  -0.0179  -0.0636
  0.0270   0.0560  -0.0006   0.0313  -0.0223  -0.0499
  0.0206   0.0412  -0.0066   0.0831  -0.0353  -0.0329
  0.0197   0.0170  -0.0064   0.1412  -0.0408   0.0008
  0.0196   0.0232  -0.0170   0.1166  -0.0371  -0.0007
  0.0127   0.0500  -0.0119   0.0641  -0.0401   0.0117
  0.0093   0.0560   0.0020   0.0640  -0.0450   0.0162
 -0.0154   0.0313   0.0162   0.0960  -0.0517   0.0171
 -0.0295   0.0600   0.0188   0.1235  -0.0477   0.0423
 -0.0234   0.0233   0.0071   0.1189  -0.0552   0.0432
 -0.0196   0.0056  -0.0006   0.1145  -0.0488   0.0503
 -0.0067  -0.0080  -0.0489   0.0914  -0.0547   0.0414
 -0.0045  -0.0471  -0.0274   0.1491  -0.0491   0.0494
 -0.0530  -0.0348  -0.0310   0.1064  -0.0712   0.0239
 -0.0555  -0.0700  -0.0399   0.0986  -0.0712   0.0342
 -0.0516  -0.0540  -0.0422   0.0855  -0.0687   0.0433
 -0.0614  -0.0633  -0.0493   0.0964  -0.0618   0.0524
 -0.0606  -0.0523  -0.0540   0.0693  -0.0621   0.0376
 -0.0604  -0.0424  -0.0553   0.0939  -0.0634   0.0836
 -0.0544  -0.0211  -0.0509   0.0926  -0.0628   0.0763
 -0.0467   0.0192  -0.0528   0.0495  -0.0619   0.0764
 -0.0411   0.0243  -0.0680   0.0191  -0.0596   0.0779
 -0.0654   0.0315  -0.0806   0.0219  -0.0783   0.0875
 -0.0865  -0.0284  -0.1024   0.0611  -0.0864   0.1089
 -0.1019  -0.0461  -0.1033   0.0900  -0.0892   0.1469
 -0.1086  -0.0512  -0.1105   0.0975  -0.1090   0.1593
 -0.0972  -0.0403  -0.1100   0.1014  -0.1013   0.1652
 -0.0954  -0.0318  -0.1150   0.1187  -0.1209   0.1782
 -0.1073  -0.0205  -0.1185   0.0717  -0.1236   0.1795
 -0.0707  -0.0260  -0.1050   0.0710  -0.1127   0.1918
 -0.0708   0.0105  -0.1051   0.0986  -0.1249   0.2209
 -0.0737  -0.0197  -0.1077   0.1288  -0.1241   0.2450
 -0.0717  -0.0510  -0.1013   0.1374  -0.1251   0.2582
 -0.0734  -0.0599  -0.1107   0.1241  -0.1223   0.2578
 -0.0856  -0.0693  -0.1212   0.1120  -0.1259   0.2639
 -0.0887  -0.0662  -0.1131   0.1058  -0.1240   0.2579
 -0.0875  -0.0585  -0.1143   0.1074  -0.1275   0.2590
 -0.0802  -0.0279  -0.1138   0.0854  -0.1284   0.2699
 -0.0835  -0.0194  -0.1099   0.0709  -0.1291   0.2793
 -0.0875   0.0133  -0.1155   0.0558  -0.1263   0.2896
 -0.0478   0.2341  -0.1014  -0.2479  -0.0642   0.1833
 -0.0306   0.1794  -0.1039  -0.1939  -0.0347   0.2253
 -0.0539   0.0875  -0.1117  -0.0541  -0.0654   0.2619
 -0.0526   0.0828  -0.1067  -0.0210  -0.0812   0.2843
 -0.0729   0.0466  -0.1136  -0.0473  -0.0817   0.2882
 -0.0940   0.0085  -0.1275  -0.0465  -0.0811   0.2747
 -0.0787   0.0485  -0.1170  -0.0612  -0.0895   0.2861
 -0.0871   0.0084  -0.1253  -0.0892  -0.0891   0.2772
 -0.0912   0.0242  -0.1324  -0.0846  -0.0842   0.2891
 -0.0823   0.0598  -0.1304  -0.1372  -0.0901   0.2909
 -0.0846   0.0718  -0.1265  -0.1974  -0.0947   0.2941
 -0.0987   0.0354  -0.1403  -0.1631  -0.1001   0.3251
 -0.1208   0.0204  -0.1664  -0.1093  -0.1234   0.3423
 -0.1170   0.0146  -0.1462  -0.0598  -0.1220   0.3685
 -0.1347  -0.0310  -0.1558  -0.0461  -0.1227   0.3722
 -0.1392  -0.0391  -0.1474  -0.0258  -0.1330   0.4014
 -0.1163  -0.2422  -0.0647   0.2168  -0.1128   0.4395
 -0.0584  -0.2279  -0.0426  -0.0528  -0.0710   0.3181
 -0.0354   0.1011   0.0285  -0.4592  -0.0529   0.2166
 -0.0270  -0.0923   0.1053  -0.0750  -0.0031   0.4003
 -0.0455  -0.0816   0.0713   0.0176  -0.0346   0.4116
 -0.0454  -0.0679   0.0851  -0.0035  -0.0359   0.4203
 -0.0566  -0.0987   0.0821   0.0710  -0.0503   0.4689
 -0.0514  -0.1471   0.0841   0.1001  -0.0550   0.4619
 -0.0300  -0.1679   0.0970   0.1195  -0.0499   0.4903
 -0.0444  -0.1439   0.0807   0.0929  -0.0564   0.4853
 -0.0398  -0.1478   0.0653   0.0974  -0.0610   0.4937
 -0.0421  -0.1446   0.0794   0.1300  -0.0569   0.5043
 -0.0430  -0.1208   0.0780   0.0858  -0.0565   0.4916
 -0.0465  -0.1144   0.0826   0.0999  -0.0612   0.5071
 -0.0591  -0.1091   0.0791   0.1052  -0.0643   0.5347
 -0.0569  -0.0825   0.0734   0.1175  -0.0714   0.5584
 -0.0784  -0.1141   0.0630   0.1624  -0.0739   0.5894
 -0.0777  -0.1416   0.0609   0.1476  -0.0792   0.5757
 -0.0852  -0.1497   0.0559   0.1238  -0.0744   0.5845
 -0.0871   0.0653   0.0811  -0.0648  -0.0815   0.5262
 -0.0831  -0.0342   0.0488   0.0380  -0.0874   0.5730
 -0.1442   0.0826   0.2524  -0.1313  -0.0138   0.5024
 -0.0626  -0.1373   0.1673  -0.0451  -0.0364   0.5433
 -0.0804  -0.1476   0.1305   0.0274  -0.0559   0.5827
 -0.0860  -0.1914   0.1377   0.0786  -0.0583   0.6074
 -0.0846  -0.1678   0.1265   0.0267  -0.0560   0.5959
