  0.2564  -0.0975   0.1602   0.1866   0.1448   0.0816
  0.2059  -0.0457   0.1457   0.1770   0.1158   0.1113
  0.2327  -0.0713   0.1392   0.1621   0.1318   0.0904
  0.2101  -0.0528   0.1263   0.2440   0.1342   0.0830
  0.1944  -0.0365   0.1202   0.1329   0.0965   0.1232
  0.1997  -0.0967   0.1434   0.1726   0.1089   0.0959
  0.2329  -0.1071   0.1192   0.1852   0.1076   0.1013
  0.2560  -0.3015   0.1258   0.2935   0.1119   0.0009
  0.2123  -0.1708   0.0962   0.2482   0.0892   0.0601
  0.2163  -0.2001   0.1390   0.2390   0.0880  -0.0202
  0.2296  -0.1351   0.1008   0.2632   0.1024   0.0762
  0.2329  -0.1614   0.1099   0.2605   0.1045   0.0558
  0.2421  -0.1362   0.0918   0.2529   0.1166   0.0601
  0.2321  -0.1091   0.0905   0.2697   0.1148   0.0259
  0.2303  -0.1200   0.0969   0.2315   0.1085   0.0080
  0.2187  -0.1282   0.0961   0.2493   0.1062   0.0397
  0.2179  -0.1081   0.0860   0.1915   0.0970   0.0067
  0.2003  -0.1088   0.0970   0.2352   0.1016   0.0529
  0.1949  -0.0593   0.0834   0.2087   0.0869   0.0500
  0.2149  -0.1105   0.1041   0.2409   0.0890  -0.0139
  0.1989  -0.0808   0.0826   0.1920   0.0861   0.0311
  0.1909  -0.1152   0.0763   0.1969   0.0927   0.0498
  0.1562  -0.0584   0.0701   0.2034   0.0807   0.0229
  0.1741  -0.0833   0.0779   0.1843   0.0873   0.0237
  0.1616  -0.0796   0.0617   0.1747   0.0895   0.0608
  0.1711  -0.0689   0.0492   0.1156   0.0979   0.0087
  0.1548  -0.0607   0.0516   0.1751   0.1059   0.0444
  0.1540  -0.0290   0.0571   0.1365   0.0809   0.0540
  0.1359  -0.0947   0.0684   0.1611   0.0676   0.0505
  0.1144  -0.0167   0.0362   0.1300   0.0692   0.0290
  0.1114  -0.0591   0.0700   0.1101   0.0663   0.0172
  0.0887  -0.0009   0.0396   0.1454   0.0598   0.0841
  0.1151   0.0166   0.0073  -0.0053   0.0362   0.0614
  0.0522  -0.0111   0.0214   0.0374   0.0062   0.0819
  0.0422   0.0440   0.0149   0.0314  -0.0074   0.0889
  0.0684  -0.0250   0.0301   0.0424   0.0122   0.0567
  0.0325   0.0337   0.0063   0.0885   0.0043   0.0747
  0.0431   0.0125   0.0100   0.0642  -0.0032   0.0664
  0.0136   0.0187   0.0120   0.0742  -0.0033   0.0585
  0.0225   0.0244   0.0024   0.0326   0.0033  -0.0022
  0.0163  -0.0253   0.0199   0.1035   0.0094   0.0419
  0.0253   0.0130   0.0061   0.0552   0.0140   0.0230
  0.0051   0.0222   0.0178   0.0859   0.0048   0.0463
  0.0054   0.0197  -0.0128   0.0330  -0.0105   0.0715
  0.0133  -0.0298   0.0165   0.0742  -0.0108   0.0172
 -0.0026   0.0232  -0.0049   0.0442  -0.0061   0.0090
  0.0090   0.0042   0.0148   0.1007   0.0011   0.0538
 -0.0032   0.0289  -0.0111   0.0597  -0.0149   0.0476
  0.0082  -0.0403   0.0024   0.0687  -0.0115  -0.0040
 -0.0183   0.0087  -0.0139   0.0257  -0.0144   0.0545
 -0.0151  -0.0193   0.0115   0.0805  -0.0092   0.0335
 -0.0234   0.0240  -0.0214   0.0512  -0.0084   0.0522
 -0.0077  -0.0417   0.0003   0.0405   0.0102   0.0232
 -0.0257  -0.0017  -0.0125   0.0387  -0.0057   0.0257
 -0.0088  -0.0335   0.0042   0.0406   0.0087   0.0010
 -0.0412   0.0220  -0.0190   0.0262  -0.0172   0.0852
 -0.0156  -0.0068  -0.0233  -0.0038  -0.0005  -0.0025
 -0.0253  -0.0124  -0.0165   0.0434   0.0015   0.0019
 -0.0279  -0.0136  -0.0281  -0.0023  -0.0081   0.0176
 -0.0452  -0.0073  -0.0131   0.0190  -0.0198   0.0277
 -0.0538   0.0173  -0.0312   0.0286  -0.0259   0.0117
 -0.0372  -0.0637  -0.0117   0.0184  -0.0088  -0.0365
 -0.0623  -0.0161  -0.0213   0.0042  -0.0214   0.0541
 -0.0503  -0.0700  -0.0168  -0.0367  -0.0106   0.0113
 -0.0690  -0.0270  -0.0133   0.0077  -0.0248   0.0542
 -0.0532  -0.0140  -0.0241  -0.0513  -0.0206   0.0366
 -0.0633  -0.0300  -0.0146   0.0123  -0.0301   0.0012
 -0.0510  -0.0122  -0.0301  -0.0435  -0.0284   0.0052
 -0.0516  -0.0550  -0.0132  -0.0207  -0.0355   0.0057
 -0.0760   0.0077  -0.0336  -0.0091  -0.0376  -0.0055
 -0.0542  -0.0126  -0.0285  -0.0621  -0.0287  -0.0017
 -0.0756  -0.0199  -0.0261  -0.0265  -0.0385   0.0333
 -0.0623  -0.0005  -0.0170  -0.0961  -0.0507   0.0342
 -0.0525  -0.0546  -0.0052  -0.0642  -0.0270  -0.0195
 -0.0541   0.0237  -0.0124  -0.0587  -0.0331   0.0517
 -0.0331  -0.0465   0.0059  -0.0444  -0.0164   0.0287
 -0.0551   0.0092  -0.0096  -0.0311  -0.0325   0.0503
 -0.0347  -0.0192  -0.0097  -0.0747  -0.0143   0.0264
 -0.0606  -0.0322  -0.0159  -0.0306  -0.0240   0.0214
 -0.0751  -0.0056  -0.0208  -0.0775  -0.0324   0.0682
 -0.0479  -0.0470  -0.0045  -0.0572  -0.0157  -0.0042
 -0.0773   0.0140  -0.0257  -0.0608  -0.0355   0.0595
 -0.0379  -0.0948   0.0048  -0.0548  -0.0116  -0.0183
 -0.0826  -0.0443  -0.0060  -0.0305  -0.0413   0.0366
 -0.0615   0.0169   0.0356  -0.0970  -0.0151  -0.0342
 -0.0846   0.0692   0.0349  -0.1027  -0.0315   0.0512
 -0.0514   0.0448   0.0280  -0.1513  -0.0370   0.0329
 -0.0607   0.0228   0.0049  -0.1119  -0.0406   0.0883
 -0.0573  -0.1166   0.0133  -0.0692  -0.0387  -0.0609
 -0.0293  -0.0716   0.0108  -0.0415  -0.0080  -0.0410
 -0.0003  -0.0378   0.0211  -0.1254  -0.0046   0.0574
 -0.0177  -0.0504   0.0091  -0.0937  -0.0097  -0.0072
 -0.0247  -0.0254  -0.0022  -0.0740  -0.0013  -0.0223
 -0.0216  -0.0672   0.0078  -0.0618  -0.0092  -0.0809
 -0.0410  -0.0318  -0.0233  -0.0551  -0.0085  -0.0075
 -0.0581  -0.0703  -0.0236  -0.0002  -0.0085  -0.0950
 -0.0628   0.0361  -0.0183   0.0401  -0.0139  -0.0791
 -0.0882   0.0503  -0.0199   0.0912  -0.0368  -0.1955
 -0.0894   0.0922  -0.0444   0.0746  -0.0381  -0.1073
 -0.0702   0.0480  -0.0814   0.0499  -0.0138  -0.0660
 -0.0458  -0.0406  -0.0180  -0.0651  -0.0391  -0.0569
 -0.0479   0.0254  -0.0452  -0.0717  -0.0493  -0.0771
 -0.0424  -0.0041  -0.0236  -0.0486  -0.0429  -0.0683
 -0.0305   0.0403  -0.0491  -0.0450  -0.0403  -0.0504
 -0.0317  -0.0199  -0.0359  -0.0528  -0.0367  -0.0644
 -0.0359   0.0205  -0.0343  -0.0816  -0.0442  -0.0459
 -0.0485  -0.0071  -0.0405  -0.0728  -0.0462  -0.0437
 -0.0521   0.0361  -0.0395  -0.0708  -0.0417  -0.0595
 -0.0530  -0.0016  -0.0324  -0.0633  -0.0470  -0.0543
 -0.0639   0.0419  -0.0592  -0.1088  -0.0652  -0.0625
 -0.0623   0.0054  -0.0336  -0.0907  -0.0470  -0.0573
 -0.0704   0.0671  -0.0541  -0.1126  -0.0430  -0.0111
 -0.0718   0.0142  -0.0402  -0.0691  -0.0522  -0.0531
 -0.0693   0.0580  -0.0505  -0.0928  -0.0555  -0.0232
 -0.0724   0.0143  -0.0436  -0.0899  -0.0557  -0.0831
 -0.0747   0.0532  -0.0442  -0.1104  -0.0474  -0.0028
 -0.0534   0.0407  -0.0248  -0.1172  -0.0386  -0.0869
 -0.0711   0.1091  -0.0501  -0.1031  -0.0432  -0.0406
 -0.0674   0.0438  -0.0312  -0.1234  -0.0429  -0.0655
 -0.0777   0.0783  -0.0401  -0.0645  -0.0447  -0.0263
 -0.0919   0.0467  -0.0459  -0.1093  -0.0495  -0.0631
 -0.1005   0.0638  -0.0664  -0.0510  -0.0399  -0.0316
 -0.0837   0.0646  -0.0558  -0.1520  -0.0444  -0.0589
 -0.0904   0.0520  -0.0626  -0.0898  -0.0424  -0.0591
 -0.0858   0.0629  -0.0551  -0.1244  -0.0309  -0.0271
 -0.0821   0.0736  -0.0578  -0.0709  -0.0367  -0.0793
 -0.0881   0.0899  -0.0649  -0.1356  -0.0463  -0.0031
 -0.1040   0.0649  -0.0626  -0.0923  -0.0429  -0.0422
 -0.0932   0.0931  -0.0728  -0.1319  -0.0485  -0.0448
 -0.1066   0.0699  -0.0580  -0.0740  -0.0527  -0.0702
 -0.1079   0.0841  -0.0583  -0.1481  -0.0470  -0.0887
 -0.1142   0.0792  -0.0492  -0.0837  -0.0528  -0.1264
 -0.0992   0.0778  -0.0670  -0.1295  -0.0339  -0.0469
 -0.1000   0.0583  -0.0558  -0.0985  -0.0344  -0.1005
 -0.1089   0.1070  -0.0662  -0.1523  -0.0335  -0.0853
 -0.1194   0.1014  -0.0586  -0.0895  -0.0355  -0.0966
 -0.1070   0.1465  -0.0660  -0.1654  -0.0283  -0.0399
 -0.1181   0.0790  -0.0655  -0.1082  -0.0403  -0.0863
 -0.1128   0.1279  -0.0653  -0.1656  -0.0268  -0.0408
 -0.1276   0.1051  -0.0599  -0.1128  -0.0377  -0.0911
 -0.1226   0.1446  -0.0689  -0.1450  -0.0251  -0.0612
 -0.1175   0.1018  -0.0657  -0.1088  -0.0307  -0.0456
 -0.1008   0.1352  -0.0695  -0.1574  -0.0225  -0.0350
 -0.0786   0.0778  -0.0387  -0.2185  -0.0265  -0.0108
 -0.0849   0.1612  -0.0540  -0.1864  -0.0407  -0.0125
 -0.0904   0.0932  -0.0413  -0.1870  -0.0402  -0.0452
 -0.1078   0.2380  -0.0553  -0.2810  -0.0482   0.0351
 -0.0791   0.1555  -0.0518  -0.3168  -0.0428  -0.0369
 -0.0912   0.1679  -0.0515  -0.2625  -0.0482  -0.0176
 -0.0924   0.1708  -0.0631  -0.2985  -0.0436  -0.0139
