  0.0422  -0.0422   0.2070   0.2363  -0.0273  -0.3166
  0.0238  -0.0614   0.1979   0.2914  -0.0401  -0.3132
  0.0321  -0.0797   0.1866   0.2964  -0.0343  -0.3090
  0.0299  -0.1121   0.1940   0.3063  -0.0341  -0.3100
  0.0349  -0.0952   0.2026   0.3238  -0.0351  -0.3392
  0.0330  -0.0820   0.1936   0.3394  -0.0287  -0.3317
  0.0258  -0.0773   0.1989   0.3339  -0.0279  -0.3264
  0.0408  -0.0785   0.2279   0.3235  -0.0103  -0.3301
  0.0230  -0.0774   0.2003   0.3618  -0.0288  -0.3267
  0.0187  -0.1033   0.1899   0.3733  -0.0249  -0.3228
  0.0271  -0.1298   0.1828   0.3338  -0.0265  -0.3053
  0.0415  -0.1159   0.1717   0.3705  -0.0474  -0.3093
  0.0212  -0.0527   0.1922   0.3101  -0.0313  -0.2956
  0.0383  -0.0332   0.1650   0.1916  -0.0221  -0.3005
  0.0094  -0.0792   0.1407   0.2734  -0.0309  -0.3008
  0.0118  -0.1331   0.1412   0.3526  -0.0522  -0.3218
 -0.0437  -0.0082   0.1335   0.1506  -0.1054  -0.2638
 -0.0020  -0.0590   0.1317   0.1892  -0.0550  -0.2901
  0.0023  -0.0897   0.1270   0.1991  -0.0428  -0.2875
 -0.0053  -0.1348   0.1161   0.2154  -0.0297  -0.2911
  0.0050  -0.1271   0.1036   0.2185  -0.0228  -0.2907
 -0.0048  -0.1298   0.1047   0.2190  -0.0312  -0.2785
 -0.0024  -0.1480   0.1047   0.2096  -0.0374  -0.2716
 -0.0112  -0.1744   0.0955   0.2381  -0.0413  -0.2652
 -0.0092  -0.1807   0.0909   0.2468  -0.0501  -0.2624
 -0.0146  -0.1915   0.0856   0.2268  -0.0427  -0.2547
 -0.0112  -0.1856   0.0835   0.2721  -0.0383  -0.2669
 -0.0240  -0.1566   0.0739   0.2549  -0.0458  -0.2543
 -0.0297  -0.1452   0.0868   0.2247  -0.0410  -0.2541
 -0.0231  -0.1721   0.0785   0.2422  -0.0263  -0.2288
 -0.0136  -0.1654   0.0813   0.2441  -0.0248  -0.2358
 -0.0118  -0.1635   0.0872   0.2306  -0.0217  -0.2364
 -0.0171  -0.1698   0.0864   0.1966  -0.0267  -0.2285
 -0.0137  -0.1678   0.0818   0.1922  -0.0202  -0.2209
 -0.0159  -0.1430   0.0717   0.1399  -0.0271  -0.2162
 -0.0262  -0.1346   0.0744   0.1062  -0.0297  -0.2129
 -0.0293  -0.1506   0.0723   0.1521  -0.0277  -0.1977
 -0.0254  -0.1480   0.0652   0.1193  -0.0216  -0.1925
 -0.0340  -0.1679   0.0659   0.1415  -0.0292  -0.1849
 -0.0364  -0.1863   0.0623   0.1685  -0.0265  -0.1874
 -0.0371  -0.1875   0.0597   0.1591  -0.0299  -0.1894
 -0.0369  -0.1800   0.0593   0.1637  -0.0340  -0.1881
 -0.0435  -0.1840   0.0616   0.1680  -0.0381  -0.1823
 -0.0481  -0.1844   0.0628   0.1269  -0.0313  -0.1689
 -0.0522  -0.1775   0.0509   0.1350  -0.0302  -0.1710
 -0.0442  -0.1673   0.0483   0.1440  -0.0196  -0.1686
 -0.0422  -0.1588   0.0411   0.1382  -0.0225  -0.1754
 -0.0318  -0.1436   0.0353   0.1270  -0.0119  -0.1732
 -0.0346  -0.1550   0.0408   0.1166  -0.0130  -0.1658
 -0.0309  -0.1565   0.0458   0.1789  -0.0039  -0.1540
 -0.0242  -0.1500   0.0534   0.2206  -0.0074  -0.1433
 -0.0324  -0.1608   0.0373   0.2526  -0.0147  -0.1647
 -0.0446  -0.1412   0.0342   0.2836  -0.0103  -0.1635
 -0.0434  -0.1379   0.0328   0.2772  -0.0097  -0.1505
 -0.0445  -0.1190   0.0328   0.2324  -0.0034  -0.1383
 -0.0393  -0.1063   0.0296   0.1872  -0.0011  -0.1266
 -0.0516  -0.1165   0.0277   0.2463  -0.0076  -0.1273
 -0.0630  -0.1490   0.0181   0.2938  -0.0144  -0.1161
 -0.0558  -0.1515   0.0221   0.2559  -0.0120  -0.1232
 -0.0207  -0.0819  -0.0004   0.0422   0.0167  -0.1136
 -0.0345  -0.1013  -0.0341   0.0233  -0.0101  -0.1041
 -0.0238  -0.1172  -0.0199   0.1095  -0.0001  -0.0922
 -0.0307  -0.1360  -0.0331   0.1506  -0.0069  -0.1006
 -0.0527  -0.1255  -0.0391   0.1217  -0.0140  -0.1083
 -0.0432  -0.1087  -0.0335   0.1112  -0.0055  -0.1080
 -0.0466  -0.1086  -0.0396   0.0888  -0.0074  -0.1057
 -0.0519  -0.1256  -0.0408   0.1168  -0.0146  -0.0847
 -0.0474  -0.1325  -0.0454   0.1311  -0.0104  -0.0850
 -0.0479  -0.1360  -0.0497   0.1386  -0.0108  -0.0806
 -0.0436  -0.1180  -0.0559   0.1120   0.0009  -0.0881
 -0.0396  -0.1105  -0.0570   0.0733   0.0053  -0.0829
 -0.0451  -0.1098  -0.0558   0.0608  -0.0011  -0.0651
 -0.0457  -0.1269  -0.0519   0.0550   0.0055  -0.0528
 -0.0383  -0.1322  -0.0574   0.0604   0.0080  -0.0380
 -0.0490  -0.1422  -0.0628   0.0702   0.0044  -0.0461
 -0.0280  -0.1499  -0.0561   0.0728   0.0138  -0.0250
 -0.0435  -0.1379  -0.0740   0.1070   0.0023  -0.0291
 -0.0200  -0.1092  -0.0779   0.1328   0.0122  -0.0245
 -0.0141  -0.1157  -0.0718   0.0573   0.0181  -0.0238
 -0.0137  -0.1118  -0.0766   0.0570   0.0210  -0.0036
 -0.0081  -0.0995  -0.0812   0.0261   0.0255  -0.0070
 -0.0145  -0.1124  -0.0908   0.0503   0.0194   0.0044
 -0.0205  -0.1056  -0.0870   0.0441   0.0178   0.0092
 -0.0192  -0.1067  -0.0809   0.0581   0.0224   0.0125
 -0.0245  -0.1233  -0.1010   0.0849   0.0143   0.0184
 -0.0351  -0.1307  -0.1062   0.1290   0.0144   0.0174
 -0.0385  -0.1213  -0.1028   0.1345   0.0176   0.0193
 -0.0324  -0.1198  -0.1023   0.1238   0.0198   0.0267
 -0.0245  -0.1033  -0.1049   0.0724   0.0261   0.0211
 -0.0298  -0.1031  -0.0977   0.0763   0.0168   0.0345
 -0.0247  -0.1126  -0.0881   0.0706   0.0175   0.0641
 -0.0573  -0.0830  -0.0919   0.0035  -0.0329   0.0515
 -0.0856   0.0957  -0.0530  -0.0683  -0.0494   0.0817
 -0.0823   0.1636  -0.0505  -0.2775  -0.0397   0.0253
 -0.0884   0.4117  -0.0424  -0.3412  -0.0639   0.1319
 -0.1077   0.3244  -0.0196  -0.3299  -0.0935   0.0950
 -0.0737   0.3843   0.0012  -0.3109  -0.0693   0.0850
 -0.0696   0.3806  -0.0109  -0.3164  -0.0530   0.0985
 -0.0779   0.3863   0.0279  -0.4774  -0.0372   0.1751
 -0.0160   0.3210  -0.0069  -0.4952   0.0031   0.1626
 -0.0489   0.3003  -0.0286  -0.4284  -0.0359   0.1283
 -0.0284   0.2720  -0.0385  -0.3524  -0.0129   0.1415
 -0.0156   0.3110  -0.0538  -0.3676   0.0059   0.1219
 -0.0071   0.3347  -0.0564  -0.3872   0.0131   0.1244
  0.0144   0.2941  -0.0309  -0.3795   0.0087   0.1553
  0.0122   0.3302  -0.0173  -0.3055   0.0235   0.1709
  0.0015   0.3912  -0.0546  -0.3885   0.0181   0.1358
  0.0084   0.3651  -0.0608  -0.3594   0.0344   0.1333
  0.0111   0.3393  -0.0638  -0.3609   0.0354   0.1393
  0.0187   0.3278  -0.0426  -0.3130   0.0458   0.1571
  0.0268   0.3581  -0.0406  -0.3562   0.0173   0.1542
  0.0242   0.3425  -0.0543  -0.3461   0.0349   0.1513
  0.0154   0.3387  -0.0656  -0.3352   0.0351   0.1540
  0.0092   0.3164  -0.0578  -0.2676   0.0271   0.1684
  0.0014   0.3076  -0.0675  -0.2389   0.0242   0.1776
  0.0034   0.3062  -0.0748  -0.1861   0.0170   0.1527
  0.0040   0.3244  -0.0753  -0.2345   0.0241   0.1554
  0.0017   0.3172  -0.0669  -0.2482   0.0200   0.1692
 -0.0016   0.3158  -0.0612  -0.2700   0.0222   0.1701
 -0.0031   0.3157  -0.0672  -0.2714   0.0254   0.1908
 -0.0026   0.3047  -0.0741  -0.2484   0.0219   0.1835
 -0.0024   0.3083  -0.0771  -0.2276   0.0157   0.1868
  0.0426   0.2375  -0.0404  -0.2246   0.0407   0.2191
  0.0944   0.2230  -0.0102  -0.2309   0.0657   0.2088
  0.0244   0.2985  -0.0338  -0.2976   0.0282   0.2278
  0.0157   0.2569  -0.0525  -0.3022   0.0327   0.2240
  0.0463   0.1682  -0.0161  -0.2689   0.0508   0.2240
  0.0512   0.1496  -0.0473  -0.1339   0.0362   0.2464
  0.0373   0.1243  -0.0602  -0.1739   0.0319   0.2710
  0.0531   0.0594  -0.0640  -0.2056   0.0362   0.2617
  0.0586   0.0735  -0.0712  -0.1751   0.0441   0.2661
  0.0572   0.0751  -0.0705  -0.1530   0.0364   0.2452
  0.0736   0.0690  -0.0704  -0.1727   0.0502   0.2826
  0.0799   0.0484  -0.0721  -0.2207   0.0572   0.2767
  0.0769   0.0433  -0.0768  -0.2229   0.0602   0.2830
  0.0749   0.0033  -0.0764  -0.1932   0.0557   0.3002
  0.0695  -0.0061  -0.0782  -0.1661   0.0491   0.3009
  0.0564  -0.0008  -0.0932  -0.1718   0.0541   0.3052
  0.0614   0.0092  -0.0828  -0.1616   0.0490   0.3047
  0.0808   0.0230  -0.0719  -0.1638   0.0599   0.3091
  0.0720   0.0425  -0.0780  -0.2046   0.0483   0.3250
  0.0771   0.0376  -0.0694  -0.2200   0.0419   0.3334
  0.0680   0.0337  -0.0664  -0.2023   0.0298   0.3481
  0.0739   0.0168  -0.0642  -0.2122   0.0326   0.3591
  0.0890   0.0266  -0.0789  -0.2212   0.0393   0.3654
  0.1003   0.0093  -0.0609  -0.2660   0.0276   0.3659
  0.0893   0.0189  -0.0578  -0.2653   0.0313   0.3894
  0.1139   0.0434  -0.0727  -0.1470   0.0603   0.3646
  0.0955   0.0615  -0.0673  -0.2062   0.0516   0.3744
  0.0880   0.0544  -0.0677  -0.1971   0.0450   0.3871
  0.0888   0.0489  -0.0710  -0.1908   0.0436   0.3905
  0.0909   0.0488  -0.0602  -0.2126   0.0343   0.4086
  0.0842   0.0440  -0.0644  -0.1951   0.0348   0.4098
  0.0800   0.0519  -0.0711  -0.1896   0.0221   0.4165
  0.0780   0.0510  -0.0689  -0.1617   0.0163   0.4097
  0.0813   0.0368  -0.0657  -0.1736   0.0246   0.4223
