 -0.1238   0.0106  -0.2666  -0.0830  -0.0625   0.1016
 -0.1000   0.0868  -0.2328  -0.2307  -0.0758   0.0900
 -0.0945   0.0498  -0.2188  -0.2721  -0.0172   0.0624
 -0.1072   0.0225  -0.2413  -0.1570  -0.0521   0.0890
 -0.0940   0.0205  -0.2019  -0.1389  -0.0313   0.0954
 -0.0745  -0.0627  -0.1552  -0.2556   0.0929   0.0621
 -0.0650  -0.0398  -0.1496  -0.2460   0.0651   0.0651
 -0.0709  -0.0359  -0.1554  -0.2002   0.0496   0.0947
 -0.0918  -0.0383  -0.1710  -0.2552   0.0583   0.1221
 -0.0758  -0.0240  -0.1760  -0.1512   0.0418   0.1292
 -0.0902  -0.0744  -0.1745  -0.1660   0.0771   0.1006
 -0.0761  -0.1281  -0.1588  -0.0465   0.0548   0.0921
 -0.0593  -0.1667  -0.1597   0.0499   0.0180   0.0992
 -0.0847  -0.0061  -0.0975   0.4555  -0.1747   0.1973
 -0.1020  -0.0801  -0.2189  -0.0143  -0.1382   0.0643
 -0.0709  -0.1977  -0.1392  -0.0263  -0.0972   0.0990
 -0.0613  -0.1916  -0.0909   0.1333  -0.0911   0.1093
 -0.0557  -0.1736  -0.0821   0.1153  -0.1011   0.0947
 -0.0478  -0.1778  -0.0868   0.1275  -0.0983   0.1123
 -0.0428  -0.1447  -0.0933  -0.0515  -0.0782   0.0995
 -0.0474  -0.1518  -0.0913   0.0247  -0.1096   0.0406
 -0.0284  -0.1481  -0.0460   0.1642  -0.1010   0.1091
 -0.0206  -0.1511  -0.0278   0.0438  -0.0989   0.0840
 -0.0096  -0.1797  -0.0469   0.0456  -0.0822   0.1024
 -0.0044  -0.1575  -0.0300   0.0519  -0.0783   0.0793
 -0.0058  -0.1402  -0.0018  -0.0360  -0.0841  -0.0049
 -0.0247  -0.0443  -0.0408  -0.1087  -0.0852   0.0185
 -0.0309  -0.1064  -0.0159  -0.1459  -0.0483  -0.0092
 -0.0151  -0.1486   0.0264  -0.0066  -0.0574   0.0191
  0.0021  -0.2049   0.0380   0.0622  -0.0601   0.0458
  0.0058  -0.1880   0.0317   0.1379  -0.0474   0.0621
 -0.0002  -0.1149  -0.0183   0.0599  -0.0846   0.0510
  0.0210   0.3874   0.0424  -0.1780   0.0470  -0.0704
  0.0390   0.2234   0.1303  -0.0898   0.0925  -0.0735
  0.0535   0.2168   0.1023  -0.0179   0.0680  -0.0660
  0.0700   0.2136   0.1212   0.0099   0.0740  -0.0499
  0.0840   0.1809   0.0903  -0.0167   0.0649  -0.0314
  0.0765   0.2467   0.0779  -0.1063   0.0578  -0.1067
  0.0770   0.3060   0.0787  -0.2250   0.0686  -0.0945
  0.0933   0.3311   0.0577  -0.2148   0.0687  -0.1028
  0.1078   0.2896   0.0680  -0.2515   0.0668  -0.0937
  0.0991   0.2662   0.0528  -0.2444   0.0695  -0.0846
  0.0962   0.2531   0.0281  -0.1474   0.0401  -0.0685
  0.1238   0.2394   0.0497  -0.1109   0.0450  -0.0437
  0.1311   0.2266   0.0594  -0.0902   0.0500  -0.0310
  0.1304   0.2059   0.0627  -0.1061   0.0536  -0.0247
  0.1277   0.2378   0.0830  -0.1482   0.0475  -0.0463
  0.1405   0.2271   0.1187  -0.1606   0.0534  -0.0625
  0.1272   0.2192   0.1180  -0.1319   0.0562  -0.0464
  0.1351   0.2139   0.1561  -0.1834   0.0612  -0.0503
  0.1362   0.2342   0.1306  -0.1986   0.0695  -0.0317
  0.1193   0.2468   0.1621  -0.2086   0.0571  -0.0671
  0.1182   0.2229   0.1629  -0.1793   0.0643  -0.0815
  0.1128   0.1978   0.1472  -0.1822   0.0582  -0.0652
  0.1083   0.1810   0.1483  -0.1898   0.0525  -0.0472
  0.0950   0.1840   0.1410  -0.1941   0.0555  -0.0521
  0.0921   0.1844   0.1359  -0.2106   0.0660  -0.0252
  0.0968   0.1667   0.1700  -0.2425   0.0674   0.0137
  0.0984   0.1957   0.1628  -0.2968   0.0573  -0.0200
  0.0708   0.2583   0.1657  -0.3165   0.0505  -0.0537
 -0.2367  -1.7987   0.4400   1.4123  -0.0296   0.5564
 -0.1098   0.2977  -0.1568   0.0482   0.0687  -0.0583
 -0.1298   0.1566  -0.1815  -0.5734   0.0634  -0.0244
 -0.1080   0.0884  -0.1510  -0.3653   0.0442  -0.0382
 -0.0648   0.0347  -0.1357  -0.3389   0.0161  -0.0393
 -0.0216   0.0312  -0.0845  -0.2958   0.0018  -0.1782
  0.0024   0.0097  -0.0464  -0.1828  -0.0203  -0.1493
  0.0273   0.0023  -0.0342  -0.1052   0.0048  -0.1027
  0.0182  -0.1445  -0.0018   0.1060   0.0023  -0.0396
 -0.0460  -0.6223   0.4773   1.0714   0.0153   0.1906
 -0.0449  -0.4766   0.3433   0.0377   0.0716   0.0590
 -0.0177  -0.6207   0.3021   0.4258   0.0516   0.0904
  0.0269  -0.6266   0.3358   0.5640   0.0509   0.1033
  0.0393  -0.5970   0.2936   0.5911   0.0513   0.1078
  0.0264  -0.4657   0.2581   0.6345   0.0188   0.0957
  0.0379  -0.3661   0.2037   0.5758  -0.0154   0.0624
  0.0543  -0.4726   0.2362   0.5685   0.0137   0.1161
  0.0581  -0.4629   0.2859   0.5792   0.0458   0.1065
  0.0369  -0.3160   0.2231   0.4763   0.0246  -0.0638
 -0.1285   0.1143  -0.0123   0.0636  -0.0524   0.0526
 -0.1834   0.1982  -0.3510   0.1954  -0.1100  -0.2169
 -0.1462   1.7247  -0.5027   0.1603  -0.1899  -0.6659
 -0.1431   0.0297  -0.2900   0.2354  -0.0909  -0.1631
 -0.1278   0.0105  -0.2986   0.3161  -0.0974  -0.1926
 -0.0854  -0.0070  -0.2727   0.3653  -0.0865  -0.2079
