 -0.0726   1.3275   0.5534  -1.1187   0.1448  -0.3507
 -0.0182   1.3311   0.5319  -0.9361   0.2429  -0.3866
  0.0011   1.2913   0.5155  -0.9173   0.2500  -0.4286
 -0.0007   1.2661   0.5282  -0.8450   0.2537  -0.4330
 -0.0072   1.2773   0.5257  -0.8960   0.2514  -0.4263
 -0.0020   1.3071   0.5159  -0.8757   0.2437  -0.4606
 -0.0043   1.2867   0.5300  -0.8064   0.2622  -0.4062
 -0.0071   1.2742   0.5082  -0.8997   0.2340  -0.4286
 -0.0136   1.2604   0.5145  -0.8708   0.2338  -0.3754
 -0.0176   1.2689   0.4806  -0.8794   0.2306  -0.3746
 -0.0111   1.1574   0.4263  -0.7335   0.2237  -0.3679
 -0.0041   1.0745   0.4209  -0.7716   0.2102  -0.3003
 -0.0051   1.0527   0.3995  -0.8135   0.1944  -0.3339
 -0.0029   1.0025   0.4087  -0.6773   0.2145  -0.2921
  0.0129   0.9573   0.3924  -0.6666   0.2129  -0.2973
  0.0185   0.8860   0.3919  -0.5765   0.2129  -0.2498
  0.0106   0.9239   0.3694  -0.6718   0.1975  -0.2685
  0.0083   0.8847   0.3622  -0.5997   0.1939  -0.2676
  0.0136   0.8611   0.3566  -0.6039   0.1985  -0.2311
  0.0126   0.8568   0.3340  -0.6293   0.1884  -0.2551
  0.0242   0.8032   0.3339  -0.5640   0.2039  -0.1899
  0.0505   0.6658   0.3308  -0.5493   0.2005  -0.1979
  0.0512   0.6152   0.3647  -0.4860   0.2123  -0.1552
  0.0603   0.5323   0.3658  -0.5182   0.2098  -0.1541
  0.0701   0.3772   0.3389  -0.4100   0.2023  -0.1095
  0.0443   0.3574   0.3511  -0.3655   0.1952  -0.0741
 -0.0301   0.3353   0.2353  -0.3845   0.1110  -0.1421
 -0.0116   1.0700   0.0864  -0.7373   0.1314  -0.2784
 -0.0209   0.7719   0.1379  -0.6291   0.0929  -0.2319
  0.0119   0.5920   0.2252  -0.5707   0.1280  -0.1383
  0.0680   0.2309   0.2506  -0.5966   0.1410  -0.0582
  0.0807   0.0488   0.2354  -0.3496   0.1426  -0.0258
  0.0892  -0.0071   0.2551  -0.3307   0.1563  -0.0099
  0.1021  -0.0296   0.2609  -0.3512   0.1662  -0.0362
  0.1064  -0.1059   0.2576  -0.2556   0.1596   0.0109
  0.1134  -0.0824   0.2786  -0.3391   0.1701   0.0032
  0.1347  -0.1406   0.2815  -0.2656   0.1825   0.0062
  0.1367  -0.2130   0.2724  -0.1486   0.1976   0.0696
  0.1496  -0.3769   0.2383  -0.3035   0.1403   0.1119
  0.1258  -0.3724   0.2109  -0.1634   0.1352   0.1064
  0.1301  -0.3573   0.2192  -0.2538   0.1347   0.1046
 -0.0235   0.1393   0.1524  -0.4149   0.0712  -0.0797
 -0.1820   0.3962  -0.0066  -0.7430  -0.0755  -0.1657
 -0.1682   0.5165  -0.4612  -0.8128  -0.2428  -0.1179
 -0.1023   0.2373  -0.4447  -0.0909  -0.1704   0.0762
  0.0445  -0.1855  -0.0404  -0.0800   0.0104   0.0488
  0.0855  -0.3310   0.0640  -0.0587   0.0594   0.1052
  0.0898  -0.3348   0.0852  -0.0477   0.0607   0.1159
  0.0773  -0.3164   0.0973  -0.1261   0.0585   0.0499
  0.0905  -0.3331   0.0958  -0.1380   0.0720   0.0434
  0.0875  -0.3379   0.0721  -0.0627   0.0870   0.0817
 -0.1974   0.1367  -0.2584   0.1731  -0.1623  -0.0466
  0.0619  -0.3487   0.0705   0.2077   0.0475   0.0817
  0.0715  -0.4184   0.1136   0.1953   0.0690   0.1552
  0.0626  -0.3912   0.1094   0.1290   0.0633   0.1068
  0.0716  -0.4155   0.1051   0.1661   0.0649   0.0920
  0.0704  -0.4026   0.1072   0.1605   0.0677   0.0878
  0.0788  -0.4037   0.1026   0.1728   0.0683   0.1036
  0.0828  -0.4264   0.1078   0.1977   0.0651   0.2109
  0.0818  -0.4073   0.1075   0.0754   0.0533   0.1307
  0.0789  -0.4315   0.1193   0.1300   0.0630   0.1621
  0.0770  -0.4119   0.1216   0.0930   0.0562   0.1074
  0.0959  -0.4488   0.1586   0.1170   0.0809   0.1451
  0.0984  -0.4722   0.1350   0.1008   0.0721   0.1229
  0.0991  -0.4985   0.1261   0.1567   0.0806   0.1703
  0.0987  -0.5090   0.1124   0.0573   0.0597   0.1468
  0.0555  -0.5148   0.0709   0.1239   0.0297   0.1507
 -0.0485  -0.3691   0.0038   0.0373  -0.0242   0.0963
 -0.0215  -0.6077  -0.0646   0.3107  -0.0372   0.1839
  0.0396  -0.6382   0.0196   0.3281   0.0100   0.2132
  0.0472  -0.6112   0.0326   0.2046   0.0161   0.1451
  0.0537  -0.6580   0.0420   0.3022   0.0254   0.2102
  0.0634  -0.6472   0.0152   0.2277   0.0191   0.1695
 -0.0330  -0.5760  -0.2002   0.2827  -0.1156   0.2199
 -0.0129  -0.4459  -0.0964   0.1115  -0.0618   0.1454
  0.0202  -0.6258  -0.0939   0.3103  -0.0427   0.1755
  0.0310  -0.6189  -0.0555   0.2741  -0.0252   0.1951
  0.0464  -0.6501   0.0040   0.1747  -0.0090   0.1596
  0.0178  -0.6498  -0.0223   0.2064  -0.0228   0.2183
  0.0919  -0.5302  -0.0631   0.1454   0.0412   0.1309
  0.0490  -0.5048  -0.0356  -0.0553  -0.0043   0.1301
  0.0705  -0.6816  -0.0432   0.2550  -0.0002   0.2274
  0.0669  -0.6618  -0.0199   0.2033  -0.0069   0.2009
  0.0370  -0.7474   0.0004   0.3342  -0.0259   0.2286
  0.0366  -0.7137   0.0154   0.3019  -0.0341   0.2622
  0.0690  -0.7024  -0.0104   0.3042  -0.0095   0.2236
  0.0781  -0.7921  -0.0008   0.3551   0.0181   0.2922
  0.0851  -0.8032   0.0123   0.3042   0.0208   0.2395
  0.0845  -0.8496   0.0042   0.3480   0.0164   0.2659
  0.0767  -0.8394  -0.0094   0.3315   0.0148   0.2621
  0.0886  -0.8416  -0.0185   0.3548   0.0143   0.2324
  0.0733  -0.7978  -0.0305   0.3527   0.0134   0.2742
  0.0290  -0.7313  -0.1585   0.3067  -0.0731   0.2395
  0.0636  -0.7702  -0.1060   0.3624  -0.0232   0.2436
  0.0679  -0.7750  -0.0872   0.3587  -0.0245   0.2243
  0.0713  -0.8006  -0.0770   0.4188  -0.0144   0.2779
  0.0196  -0.5153  -0.2335   0.3410  -0.1139   0.2299
 -0.1404  -0.1309  -0.6422   0.5262  -0.3910   0.0740
 -0.0941  -0.1763  -0.6259   0.2510  -0.3003   0.0741
 -0.0005  -0.7726  -0.4535   0.5613  -0.2183   0.2871
  0.0056  -0.7131  -0.4346   0.5088  -0.2086   0.2468
  0.0371  -0.7712  -0.3886   0.5948  -0.1701   0.2720
  0.0068  -0.7446  -0.3727   0.5080  -0.1829   0.2505
 -0.3715   0.1629  -0.6832   0.1114  -0.4643  -0.0155
 -0.4833   2.0236  -0.4882  -0.4321  -0.2814  -0.6077
 -0.3040   1.2942  -0.4218   0.2645  -0.1623  -0.4234
 -0.1930   0.5400  -0.5048   0.5311  -0.2171  -0.1864
 -0.1544   0.1254  -0.5702   0.8439  -0.2673  -0.0678
 -0.1342   0.2184  -0.5505   0.8999  -0.2558  -0.0546
 -0.2280   0.4221  -0.4784   0.3045  -0.2605  -0.1545
 -0.1755   0.3375  -0.3210   0.2016  -0.2094  -0.1031
 -0.1374   0.0487  -0.3366   0.4281  -0.1942  -0.0182
 -0.1167  -0.0184  -0.3225   0.2479  -0.1929  -0.0446
 -0.0930  -0.2142  -0.3327   0.4807  -0.1809   0.0659
 -0.0724  -0.2572  -0.3265   0.4081  -0.1837   0.0682
 -0.0669  -0.3869  -0.3555   0.5562  -0.1835   0.1063
 -0.0633  -0.3963  -0.3493   0.5933  -0.1808   0.1613
 -0.0575  -0.4268  -0.3384   0.6035  -0.1896   0.1301
 -0.0456  -0.4799  -0.3052   0.6425  -0.1674   0.1547
 -0.0496  -0.4642  -0.3004   0.5941  -0.1680   0.1387
 -0.0314  -0.5042  -0.2985   0.6686  -0.1591   0.1293
 -0.0369  -0.5130  -0.3197   0.7059  -0.1546   0.1619
 -0.0405  -0.4518  -0.3165   0.6017  -0.1519   0.1391
 -0.0344  -0.4989  -0.3926   0.7155  -0.1822   0.1633
 -0.0769  -0.3760  -0.4561   0.5919  -0.2077   0.1617
 -0.1533   0.2989  -0.5138   0.2671  -0.2880  -0.0997
 -0.0512  -0.1527  -0.2089   0.3277  -0.1513  -0.0423
 -0.1081  -0.2375  -0.3684   0.4437  -0.1923   0.1118
 -0.0956  -0.2754  -0.4925   0.5172  -0.2470   0.0637
 -0.0598  -0.3913  -0.4378   0.6938  -0.1939   0.1424
 -0.0579  -0.3297  -0.4613   0.6347  -0.2044   0.0747
 -0.0798  -0.4759  -0.5121   1.0597  -0.2365   0.2947
  0.0357  -0.8142  -0.3171   0.6408  -0.1508   0.2701
 -0.0369  -0.0778  -0.0078  -0.7444  -0.0782  -0.1451
 -0.0058   0.1531   0.2068  -1.7510   0.0398  -0.1809
  0.0217  -0.6478  -0.1465   0.0353  -0.0558   0.2500
  0.0318  -0.7157  -0.2313   0.2308  -0.0348   0.1925
  0.0656  -0.6358  -0.2324   0.2635   0.0143   0.1095
  0.0673  -0.5963  -0.2752   0.2185  -0.0693   0.2532
  0.0408  -0.8133  -0.2851   0.3799  -0.0919   0.3056
  0.0246  -0.6006  -0.1742   0.1651  -0.0505   0.2438
 -0.2350   2.3295   0.2708  -0.6554   0.0469  -0.7161
 -0.2081   2.2540   0.2763  -0.6913  -0.0551  -0.6851
 -0.2170   2.2207   0.3552  -0.8293   0.0175  -0.6156
 -0.1390   1.7034   0.2622  -0.6236   0.0240  -0.4897
 -0.0981   1.3124   0.2096  -0.2353   0.0355  -0.3495
 -0.0765   0.9254   0.0968  -0.1296  -0.0099  -0.2579
 -0.0891   0.7213  -0.0455  -0.0725  -0.0752  -0.1330
  0.0050   0.7546  -0.3095  -0.1363  -0.1494  -0.0606
 -0.0422   0.7555  -0.0207  -0.3271  -0.0740  -0.2216
  0.0058   0.5022   0.0217  -0.0594  -0.0211  -0.1226
  0.0322   0.3859  -0.0111   0.0162  -0.0280  -0.1158
  0.0286   0.2431  -0.0472   0.1947  -0.0360  -0.0173
  0.0359   0.2630  -0.0214   0.0583  -0.0396  -0.0845
  0.0619   0.1031   0.0897   0.1132   0.0042   0.0046
  0.0849   0.0137   0.1161   0.0815   0.0109  -0.0254
  0.1021  -0.1291   0.1199   0.1961   0.0202   0.0433
  0.1032  -0.1592   0.0964   0.2285   0.0173   0.0590
  0.1105  -0.2090   0.0838   0.3433   0.0176   0.0716
  0.1181  -0.1335   0.1063   0.2986   0.0298   0.0802
