 -0.0290  -0.2237   0.1336  -0.0397   0.0260   0.0619
 -0.0357  -0.1948  -0.0372   0.0043  -0.0010   0.0842
 -0.0340  -0.1711  -0.0339   0.0648  -0.0023  -0.0243
 -0.0417  -0.1585  -0.0315   0.0043   0.0085   0.1614
  0.0174  -0.1222  -0.0612   0.1484  -0.0227  -0.1921
  0.0870   0.3048   0.0737   0.4171  -0.0879  -0.0428
  0.1014   0.8600   0.0988   0.4496  -0.0445   0.2095
  0.0051  -0.0170   0.0240   0.0987  -0.0070   0.3011
 -0.0219  -0.1280   0.0164  -0.1813   0.0013   0.1424
 -0.0325   0.1153   0.0384  -0.1221  -0.0009   0.0552
 -0.0198   0.2391   0.0486   0.0589  -0.0107   0.0030
 -0.0179   0.2094   0.0374   0.0118  -0.0008   0.0916
  0.0248   0.2538  -0.0037   0.1631  -0.0142  -0.0640
 -0.0061   0.2495   0.0243   0.2172  -0.0202   0.1697
 -0.0110   0.1102  -0.0424  -0.0507   0.0060   0.0884
 -0.0113   0.0944  -0.0311  -0.1097   0.0028   0.1089
 -0.0006   0.1101  -0.0142  -0.0687   0.0073   0.0391
 -0.0188   0.1131  -0.0284  -0.0212   0.0090   0.0271
 -0.0208   0.1315  -0.0324  -0.0383  -0.0012   0.1009
  0.0042   0.0681  -0.0453   0.0364   0.0174   0.0517
  0.0100  -0.0326  -0.0973   0.1147   0.0117  -0.0565
 -0.0304   0.0148  -0.0602   0.0491   0.0071   0.1275
 -0.0252   0.1080  -0.0951   0.0034  -0.0028   0.0965
 -0.0130   0.0370  -0.1053   0.1270  -0.0054  -0.0581
 -0.0260   0.0682  -0.1021   0.1134   0.0075   0.1107
 -0.0281   0.3003  -0.0475   0.3833   0.0101  -0.1554
 -0.0134   0.5763  -0.0751   0.4707   0.0109   0.1787
  0.0058   0.1320  -0.0483  -0.0988  -0.0111   0.3681
  0.0089   0.0445  -0.0138  -0.0994   0.0128   0.0884
  0.0230  -0.0283   0.0079   0.1344   0.0170  -0.0757
  0.0198  -0.0331  -0.0046   0.1585   0.0225   0.0676
  0.0077   0.0374   0.0190   0.0990   0.0062   0.1225
 -0.0066  -0.0408   0.0099   0.0973   0.0240  -0.0061
 -0.0169   0.0930  -0.0087   0.1190   0.0190   0.0340
 -0.0047   0.1912  -0.0056   0.1277   0.0162   0.0163
 -0.0259   0.0189  -0.0014  -0.0722   0.0028   0.0765
 -0.0072   0.0632   0.0060   0.0243   0.0130  -0.0190
 -0.0051   0.1989  -0.0720   0.2292  -0.0423  -0.0326
 -0.0148   0.4083  -0.0250   0.5127   0.0035  -0.0604
  0.0035   0.7514   0.0775   0.6812   0.0018   0.2035
 -0.0203   0.1278   0.0460   0.4442  -0.0014   0.2731
  0.0199   0.2204   0.0329  -0.0270  -0.0335   0.1278
  0.0176   0.2595   0.0697  -0.1491  -0.0391   0.0440
  0.0404   0.1609   0.0257   0.0007  -0.0155  -0.1088
  0.0050   0.0394  -0.0439  -0.0152   0.0136  -0.0132
  0.0008   0.0432  -0.0261  -0.0087   0.0010   0.0602
  0.0107   0.0485  -0.0046   0.0180   0.0010  -0.0113
 -0.0217   0.0301   0.1104   0.0784   0.0228   0.0916
  0.0172   0.0074   0.0032  -0.0283   0.0132  -0.1078
 -0.0060   0.0244   0.0063  -0.0272  -0.0084   0.0382
 -0.0320  -0.1265  -0.0059  -0.0956   0.0087  -0.0018
 -0.0156  -0.1064   0.0249  -0.0638   0.0020  -0.1446
 -0.0137  -0.0693   0.0429  -0.1083  -0.0004   0.0014
  0.0071  -0.0451   0.0596  -0.1098  -0.0125  -0.0445
  0.0315  -0.0258   0.0257  -0.1129  -0.0062  -0.0681
  0.0233   0.0119   0.0303  -0.1578  -0.0005   0.0548
  0.0224   0.0279   0.0361  -0.1418   0.0002  -0.0257
  0.0409   0.0011   0.0307  -0.0509  -0.0118  -0.1505
  0.0100  -0.0123   0.0363  -0.0701  -0.0180   0.0680
  0.0074   0.0009   0.0317  -0.0616  -0.0108  -0.0078
 -0.0010   0.0194   0.0496  -0.1185  -0.0078   0.0325
  0.0041  -0.0113   0.0384  -0.0980  -0.0063  -0.0682
  0.0017   0.0168   0.0311  -0.0968   0.0031   0.0288
  0.0064   0.0003   0.0247  -0.0707  -0.0007  -0.0524
  0.0211  -0.0237   0.0314  -0.0075  -0.0069  -0.0791
  0.0235  -0.0382   0.0218   0.0394  -0.0197  -0.0178
 -0.0011  -0.0240   0.0623  -0.0547   0.0078   0.1327
  0.0035  -0.0417   0.0594   0.0525   0.0162  -0.1914
 -0.0025   0.3998   0.0480   0.2986   0.0298  -0.1823
 -0.0033   0.4636  -0.0017   0.2308   0.0237   0.1812
 -0.0118   0.2283  -0.0159  -0.0211   0.0059   0.2127
 -0.0220  -0.0327  -0.0169  -0.0929   0.0142  -0.0471
 -0.0340   0.0745  -0.0201  -0.0583   0.0200   0.0301
 -0.0270  -0.0025  -0.0094  -0.0393   0.0104  -0.1211
 -0.0391  -0.1026   0.0205  -0.1787  -0.0154   0.0342
 -0.0254  -0.0890   0.0234  -0.1066  -0.0142  -0.0786
 -0.0228  -0.0376   0.0303  -0.1144   0.0003  -0.0051
  0.0137   0.0107   0.0141  -0.0900  -0.0223  -0.1634
  0.0064   0.1809  -0.0680   0.2595   0.0066  -0.1803
  0.0332   0.6685   0.0083   0.4688   0.0095   0.0481
 -0.0309  -0.2987   0.0126  -0.1648   0.0215   0.2890
  0.0098  -0.1807   0.0014  -0.1519   0.0227   0.0203
  0.0182  -0.1661  -0.0019  -0.0712   0.0131  -0.0661
  0.0074  -0.1388  -0.0094  -0.0640   0.0185   0.0348
  0.0065  -0.1295  -0.0152  -0.0591   0.0234  -0.0073
  0.0161  -0.1503  -0.0046  -0.0260   0.0208  -0.1094
  0.0049  -0.1335  -0.0167  -0.0500   0.0214   0.0284
  0.0014  -0.1211  -0.0193  -0.0738   0.0195   0.0011
  0.0009  -0.1119  -0.0127  -0.0939   0.0221  -0.0340
  0.0025  -0.2483   0.0065   0.0638   0.0086  -0.2065
  0.0219  -0.2209   0.0068  -0.1378  -0.0351  -0.1111
 -0.0080  -0.2213   0.0040  -0.1484  -0.0186   0.0548
 -0.0068  -0.1967  -0.0129  -0.1472  -0.0082  -0.0462
  0.0026  -0.1834  -0.0196  -0.0942   0.0068  -0.0588
  0.0092  -0.2006  -0.0058   0.0010   0.0062  -0.2048
 -0.0063  -0.1738  -0.0021  -0.0487   0.0052   0.0243
  0.0057  -0.1766  -0.0154  -0.0820   0.0147  -0.0872
 -0.0037  -0.1721  -0.0321  -0.0995   0.0106  -0.1191
 -0.0020  -0.1263  -0.0243  -0.0964   0.0103  -0.0239
  0.0053  -0.1322  -0.0336  -0.0838   0.0068  -0.0318
  0.0069  -0.1293  -0.0317  -0.0797   0.0029  -0.1532
  0.0015  -0.0973  -0.0177  -0.1068   0.0006   0.0057
  0.0007  -0.0617  -0.0130  -0.1038   0.0090  -0.0069
  0.0023  -0.0413   0.0032  -0.0817  -0.0066  -0.1819
 -0.0188  -0.1086   0.0008  -0.1073   0.0134  -0.0603
 -0.0100  -0.1051   0.0020  -0.1127   0.0003  -0.0445
 -0.0053  -0.0719   0.0046  -0.1149  -0.0035  -0.0303
  0.0050  -0.0877   0.0046  -0.0591  -0.0137  -0.1574
 -0.0033  -0.0878  -0.0053  -0.0428  -0.0125  -0.0979
 -0.0058  -0.1060   0.0023  -0.1107  -0.0232   0.0792
 -0.0030  -0.1848  -0.0178  -0.0985  -0.0038  -0.0343
  0.0113  -0.1531  -0.0181  -0.0719  -0.0052  -0.1538
  0.0005  -0.1203  -0.0076  -0.0763  -0.0075  -0.0493
 -0.0021  -0.1050  -0.0062  -0.1168  -0.0104  -0.0595
  0.0048  -0.0996  -0.0108  -0.0934  -0.0184  -0.0142
  0.0053  -0.0720  -0.0023  -0.1032  -0.0180  -0.0435
  0.0243  -0.1763  -0.0043  -0.0996  -0.0238  -0.2201
  0.0022  -0.2398  -0.0022  -0.1727  -0.0094   0.0315
  0.0250  -0.1863  -0.0280  -0.0252  -0.0016  -0.1584
  0.0091  -0.1909  -0.0224   0.0319   0.0009  -0.0015
