  0.1223  -0.1052  -0.0919   0.0058  -0.0187   0.0697
  0.1254  -0.0707  -0.1043  -0.0018  -0.0081   0.0625
  0.1175  -0.1110  -0.0996   0.0147  -0.0121   0.0053
  0.0745  -0.0440  -0.0968  -0.0104  -0.0147   0.1097
  0.0663  -0.0562  -0.0901  -0.0073   0.0045   0.0430
  0.0403  -0.0468  -0.0841  -0.0078  -0.0027   0.1043
  0.0387  -0.0587  -0.0751   0.0408  -0.0111   0.0179
  0.0353  -0.0220  -0.0797   0.0478  -0.0126   0.0713
  0.0462  -0.0559  -0.0824   0.0631  -0.0077   0.0008
  0.0512  -0.0268  -0.0914   0.0730  -0.0206   0.0793
  0.0419  -0.0695  -0.0846   0.0699  -0.0200   0.0521
  0.0346  -0.0648  -0.0843   0.0379  -0.0347   0.1215
  0.0072  -0.0514  -0.0907   0.0014  -0.0747   0.0917
  0.0255  -0.0703  -0.0967   0.0241  -0.0519   0.0165
  0.0277  -0.0482  -0.0978   0.0327  -0.0526   0.0630
  0.0399  -0.0618  -0.1010   0.0314  -0.0391   0.0303
  0.0445  -0.0645  -0.1096   0.0299  -0.0384   0.0296
  0.0739  -0.0823  -0.1090   0.0196  -0.0125   0.0117
  0.0631  -0.0751  -0.1273   0.0496  -0.0287   0.0076
  0.0676  -0.0587  -0.1193   0.0093  -0.0244   0.0511
  0.0646  -0.0731  -0.1111   0.0063  -0.0206   0.0193
  0.0707  -0.0847  -0.1013   0.0225  -0.0198   0.0126
  0.0730  -0.0672  -0.1069   0.0380  -0.0181   0.0506
  0.0751  -0.0948  -0.0986   0.0715  -0.0097  -0.0430
  0.0755  -0.0494  -0.1093   0.0759  -0.0109   0.0346
  0.0758  -0.0807  -0.0996   0.0800  -0.0171  -0.0302
  0.0708  -0.0701  -0.0879   0.0587  -0.0119   0.0233
  0.0705  -0.0517  -0.0994   0.0719  -0.0100   0.0099
  0.0734  -0.0900  -0.0909   0.0604  -0.0058  -0.0339
  0.0659  -0.0540  -0.0907   0.0639  -0.0070   0.0378
  0.0670  -0.0827  -0.0796   0.0561   0.0034  -0.0238
  0.0647  -0.0511  -0.0820   0.0361   0.0106   0.0421
  0.0825  -0.0932  -0.0883   0.0561  -0.0215  -0.0118
  0.0727  -0.0584  -0.0951   0.0368  -0.0267   0.0584
  0.0753  -0.0789  -0.0808   0.0469  -0.0135  -0.0072
  0.0753  -0.0463  -0.0958   0.0318  -0.0242   0.0450
  0.0771  -0.0608  -0.0928   0.0570  -0.0217  -0.0330
  0.0774  -0.0463  -0.0966   0.0567  -0.0161   0.0127
  0.0774  -0.0468  -0.1042   0.0538  -0.0151   0.0070
  0.0766  -0.0599  -0.0974   0.0639  -0.0081  -0.0358
  0.0731  -0.0269  -0.1048   0.0093  -0.0084   0.0696
  0.0598  -0.0603  -0.1019   0.0260  -0.0070   0.0284
  0.0456  -0.0313  -0.1019  -0.0154   0.0032   0.0856
  0.0379  -0.0551  -0.0894   0.0029   0.0031   0.0058
  0.0304  -0.0203  -0.0807  -0.0160   0.0161   0.0810
  0.0485  -0.0260  -0.1147   0.0081   0.0080   0.0113
  0.0246  -0.0118  -0.1020   0.0275  -0.0045   0.0502
  0.0287  -0.0425  -0.0848   0.0504   0.0173  -0.0225
  0.0286  -0.0307  -0.0943   0.0461   0.0067   0.0448
  0.0320  -0.0117  -0.1019   0.0112   0.0014  -0.0094
  0.0251  -0.0222  -0.1079  -0.0075  -0.0203   0.0333
  0.0287  -0.0499  -0.0877  -0.0002  -0.0229  -0.0153
  0.0120  -0.0119  -0.0940   0.0115  -0.0347   0.0491
 -0.0069  -0.0206  -0.0764   0.0820  -0.0130  -0.0647
 -0.0271  -0.0166  -0.0724   0.0368  -0.0335   0.0594
 -0.0290  -0.0158  -0.0520  -0.0169  -0.0645   0.0249
 -0.0317   0.0110  -0.0484  -0.0344  -0.0702   0.0898
 -0.0258  -0.0052  -0.0420  -0.0099  -0.0464   0.0181
 -0.0286   0.0193  -0.0377   0.0042  -0.0472   0.0659
 -0.0273  -0.0042  -0.0308   0.0180  -0.0635   0.0058
 -0.0314   0.0136  -0.0312   0.0231  -0.0624   0.0455
 -0.0247  -0.0122  -0.0377   0.0341  -0.0652  -0.0122
 -0.0243   0.0039  -0.0281  -0.0030  -0.0510   0.0417
 -0.0202  -0.0170  -0.0293  -0.0002  -0.0544   0.0119
 -0.0278  -0.0013  -0.0185  -0.0328  -0.0476   0.0756
 -0.0187  -0.0288  -0.0116  -0.0450  -0.0455   0.0303
 -0.0270   0.0019  -0.0093  -0.0433  -0.0512   0.0685
 -0.0286  -0.0121  -0.0115  -0.0231  -0.0485   0.0210
 -0.0384   0.0236  -0.0032  -0.0461  -0.0422   0.0674
 -0.0331  -0.0053   0.0134  -0.0376  -0.0218   0.0233
 -0.0330   0.0116  -0.0077  -0.0359  -0.0522   0.0420
 -0.0469   0.0107  -0.0105  -0.0071  -0.0717   0.0405
 -0.0481  -0.0148  -0.0054  -0.0242  -0.0761   0.0361
 -0.0610   0.0234  -0.0268  -0.0675  -0.0591   0.0886
 -0.0611  -0.0406   0.0060  -0.0429  -0.0169  -0.0133
 -0.0607  -0.0068  -0.0044  -0.0700  -0.0029   0.0622
 -0.0585   0.0193  -0.0158  -0.0840  -0.0303   0.0525
 -0.0512   0.0241  -0.0290  -0.0367  -0.0491   0.0308
 -0.0469   0.0015  -0.0302  -0.0336  -0.0561   0.0048
 -0.0570   0.0294  -0.0342  -0.0129  -0.0460   0.0306
 -0.0319   0.0215  -0.0303  -0.0348  -0.0409   0.0085
 -0.0260   0.0137  -0.0242  -0.0512  -0.0313   0.0388
 -0.0208   0.0126  -0.0163  -0.0726  -0.0195   0.0443
 -0.0202  -0.0148  -0.0180  -0.0913   0.0052   0.0349
 -0.0304  -0.0052  -0.0233  -0.0724   0.0067   0.0382
 -0.0010  -0.0735  -0.0317  -0.0648  -0.0196  -0.0152
 -0.0201  -0.0231  -0.0279  -0.0584  -0.0016   0.0290
 -0.0226  -0.0450  -0.0330  -0.0577  -0.0145  -0.0067
 -0.0349  -0.0469  -0.0325  -0.0261  -0.0168   0.0027
  0.0684  -0.2852  -0.1214  -0.1384  -0.0428  -0.0671
  0.1398  -0.1203  -0.0504  -1.1481   0.0516   0.6592
  0.0058   0.1031   0.0617  -0.0482   0.0339  -0.2351
 -0.0154   0.1204   0.0972  -0.0176   0.0019  -0.0897
 -0.0241   0.1320   0.0831  -0.0382  -0.0001  -0.0863
 -0.0336   0.1239   0.0669   0.0269  -0.0045  -0.1032
 -0.0329   0.1300   0.0569   0.0732  -0.0270  -0.1008
 -0.0366   0.1302   0.0677   0.0932  -0.0366  -0.1158
 -0.0403   0.1247   0.0748   0.1020  -0.0342  -0.1235
 -0.0324   0.1082   0.0754   0.0784  -0.0380  -0.0833
 -0.0368   0.1191   0.0822   0.0640  -0.0222  -0.0701
 -0.0360   0.0889   0.0891   0.0481  -0.0037  -0.0771
 -0.0267   0.0368   0.0733  -0.0587   0.0097   0.0032
 -0.0136  -0.0572   0.0704  -0.1092   0.0485   0.0593
 -0.0228  -0.0089   0.1198  -0.0111   0.0859  -0.0609
 -0.0377   0.0142   0.1049  -0.0479   0.0814   0.0144
 -0.0204   0.0252   0.1078  -0.0588   0.0614   0.0044
 -0.0418   0.0275   0.1022  -0.0006   0.0627  -0.0316
 -0.0466   0.0261   0.1026   0.0056   0.0597  -0.0693
 -0.0307   0.0303   0.0958   0.0152   0.0652  -0.0551
 -0.0331   0.0146   0.0899   0.0380   0.0619  -0.0489
 -0.0338   0.0243   0.0963   0.0196   0.0655  -0.0510
 -0.0305   0.0173   0.0785   0.0251   0.0454  -0.0411
 -0.0375   0.0403   0.0793   0.0127   0.0396  -0.0040
 -0.0260   0.0083   0.0808   0.0086   0.0329  -0.0715
 -0.0307   0.0560   0.0830   0.0003   0.0353   0.0014
 -0.0225   0.0302   0.0800  -0.0056   0.0246  -0.0606
 -0.0271   0.0599   0.0832   0.0077   0.0244  -0.0147
 -0.0201   0.0390   0.0819   0.0114   0.0209  -0.0490
 -0.0247   0.0516   0.0956   0.0086   0.0346  -0.0419
 -0.0238   0.0493   0.0963   0.0218   0.0379  -0.0485
 -0.0277   0.0438   0.0951   0.0392   0.0453  -0.0507
 -0.0354   0.0542   0.1008   0.0153   0.0482  -0.0385
 -0.0291   0.0478   0.0944   0.0284   0.0411  -0.0524
 -0.0297   0.0650   0.0987   0.0083   0.0345  -0.0249
 -0.0282   0.0451   0.1014   0.0096   0.0375  -0.0531
 -0.0324   0.0621   0.1048  -0.0016   0.0384  -0.0283
 -0.0311   0.0604   0.1062   0.0268   0.0482  -0.0461
 -0.0350   0.0552   0.1186   0.0137   0.0539  -0.0552
 -0.0407   0.0745   0.1048   0.0221   0.0507  -0.0307
 -0.0256   0.0334   0.1000   0.0081   0.0479  -0.0787
 -0.0327   0.0483   0.1025  -0.0080   0.0444  -0.0507
 -0.0345   0.0503   0.1107  -0.0205   0.0357  -0.0461
 -0.0332   0.0567   0.1100   0.0090   0.0318  -0.0516
 -0.0369   0.0607   0.1218  -0.0129   0.0371  -0.0522
 -0.0353   0.0559   0.1123   0.0113   0.0375  -0.0561
 -0.0303   0.0760   0.1213  -0.0107   0.0379  -0.0511
 -0.0275   0.0570   0.1082   0.0214   0.0342  -0.0823
 -0.0361   0.0758   0.1153   0.0102   0.0462  -0.0332
 -0.0424   0.0654   0.1212   0.0409   0.0516  -0.0871
 -0.0444   0.0805   0.1260   0.0151   0.0479  -0.0480
 -0.0442   0.0561   0.1226   0.0148   0.0422  -0.0547
 -0.0492   0.0875   0.1266  -0.0137   0.0328  -0.0234
 -0.0463   0.0486   0.1368  -0.0090   0.0482  -0.0611
 -0.0493   0.0705   0.1316   0.0120   0.0501  -0.0477
 -0.0470   0.0516   0.1328   0.0059   0.0460  -0.0625
 -0.0489   0.0534   0.1361   0.0049   0.0488  -0.0582
 -0.0555   0.0585   0.1516  -0.0052   0.0673  -0.0524
 -0.0502   0.0670   0.1577   0.0092   0.0691  -0.0695
 -0.0560   0.0812   0.1402  -0.0131   0.0590  -0.0251
 -0.0469   0.0555   0.1290   0.0070   0.0523  -0.0706
 -0.0519   0.0819   0.1444  -0.0108   0.0470  -0.0319
