  0.2036  -0.1887   0.1335   0.1797   0.0831   0.0089
  0.2605  -0.1237   0.1579   0.2914   0.0918   0.0232
  0.2483  -0.1330   0.1537   0.2857   0.1042   0.0170
  0.2545  -0.1412   0.1624   0.3185   0.0928   0.0122
  0.2534  -0.1376   0.1583   0.2926   0.1109   0.0126
  0.2574  -0.1418   0.1666   0.2988   0.1080   0.0057
  0.2534  -0.1382   0.1632   0.2974   0.1057   0.0060
  0.2436  -0.1249   0.1593   0.2743   0.1239   0.0034
  0.2447  -0.1220   0.1640   0.3033   0.1076  -0.0102
  0.2348  -0.1253   0.1593   0.2879   0.1147   0.0010
  0.2306  -0.1037   0.1560   0.2553   0.1229  -0.0066
  0.2401  -0.1217   0.1622   0.2791   0.1103  -0.0051
  0.2357  -0.1216   0.1557   0.2848   0.1037  -0.0009
  0.2237  -0.1172   0.1475   0.2629   0.1137   0.0078
  0.2292  -0.1294   0.1613   0.2777   0.1039   0.0061
  0.2227  -0.1092   0.1545   0.2836   0.1038   0.0038
  0.2117  -0.1011   0.1507   0.2572   0.1089   0.0124
  0.2071  -0.0990   0.1422   0.2386   0.1032   0.0154
  0.2135  -0.0981   0.1479   0.2688   0.0942   0.0064
  0.1928  -0.0886   0.1415   0.2417   0.1121   0.0078
  0.2030  -0.1042   0.1572   0.2485   0.1073   0.0105
  0.2048  -0.0989   0.1553   0.2741   0.0939   0.0109
  0.1883  -0.0904   0.1457   0.2598   0.1153   0.0214
  0.2012  -0.0915   0.1580   0.2615   0.1048   0.0079
  0.1962  -0.0959   0.1555   0.2633   0.1103   0.0063
  0.1908  -0.0929   0.1607   0.2474   0.1157   0.0147
  0.1926  -0.1011   0.1601   0.2754   0.1061   0.0140
  0.1876  -0.0853   0.1449   0.2639   0.1012   0.0086
  0.1833  -0.0890   0.1459   0.2355   0.1158   0.0175
  0.1880  -0.0892   0.1557   0.2689   0.1024   0.0129
  0.1751  -0.0836   0.1486   0.2490   0.1115   0.0183
  0.1856  -0.0851   0.1484   0.2419   0.1081   0.0249
  0.1869  -0.0828   0.1524   0.2649   0.0959   0.0125
  0.1691  -0.0717   0.1490   0.2341   0.1041   0.0175
  0.1574  -0.0640   0.1456   0.2159   0.1004   0.0184
  0.1466  -0.0491   0.1102   0.2278   0.0664  -0.0101
  0.1613  -0.0552   0.1007   0.2051   0.0664  -0.0142
  0.1500  -0.0622   0.1204   0.1878   0.0833  -0.0027
  0.1462  -0.0548   0.1203   0.2115   0.0685  -0.0088
  0.1394  -0.0236   0.1100   0.1745   0.0780  -0.0030
  0.1805  -0.1075   0.1686   0.1835   0.0942   0.0865
  0.3259  -0.4705   0.2256   0.1347   0.1551   0.1204
  0.1989  -0.3214   0.1837   0.1419   0.1018   0.1077
  0.1720  -0.2877   0.1703   0.1417   0.0990   0.0975
  0.1626  -0.2544   0.1523   0.1174   0.1011   0.0927
  0.1710  -0.2650   0.1594   0.1374   0.0989   0.0873
  0.1593  -0.2558   0.1522   0.1448   0.0987   0.0922
  0.1518  -0.2273   0.1550   0.1204   0.1010   0.0866
  0.1483  -0.2261   0.1408   0.1318   0.0827   0.0657
  0.1284  -0.1790   0.1110   0.1015   0.0803   0.0650
  0.1223  -0.1720   0.1094   0.0948   0.0857   0.0558
  0.1185  -0.1763   0.1086   0.1058   0.0703   0.0410
  0.1139  -0.1603   0.0953   0.0639   0.0667   0.0332
  0.1078  -0.1615   0.0920   0.0706   0.0523   0.0242
  0.0922  -0.1589   0.0710   0.0780   0.0365   0.0229
  0.0780  -0.1636   0.0575   0.0482   0.0349   0.0298
  0.0748  -0.1638   0.0598   0.0577   0.0249   0.0297
  0.0606  -0.1466   0.0111   0.0362   0.0035   0.0431
  0.0484  -0.1614   0.0208   0.0571   0.0107   0.0476
  0.0562  -0.1614   0.0440   0.0605   0.0012   0.0584
  0.0565  -0.1433   0.0438   0.0523   0.0022   0.0565
  0.0499  -0.1120   0.0487   0.0503   0.0357   0.0624
  0.0520  -0.1142   0.0538   0.0552   0.0307   0.0719
  0.0539  -0.1078   0.0429   0.0822   0.0148   0.0563
  0.0502  -0.1052   0.0433   0.0689   0.0249   0.0580
  0.0589  -0.0876   0.0487   0.0660   0.0288   0.0578
  0.0570  -0.0921   0.0463   0.0846   0.0094   0.0508
  0.0522  -0.0665   0.0383   0.0774   0.0165   0.0442
  0.0428  -0.0621   0.0389   0.0603   0.0297   0.0403
  0.0414  -0.0550   0.0403   0.0604   0.0169   0.0292
  0.0433  -0.0458   0.0351   0.0473   0.0179   0.0276
  0.0335  -0.0408   0.0427   0.0386   0.0271   0.0226
  0.0486  -0.2375   0.0640   0.1046   0.0200   0.0851
  0.0274  -0.3574   0.0589   0.1208   0.0109   0.0951
  0.0283  -0.2769   0.0652   0.0834   0.0185   0.0789
  0.0256  -0.2239   0.0649   0.0882   0.0132   0.0651
  0.0122  -0.2030   0.0496   0.0769   0.0147   0.0706
  0.0061  -0.1856   0.0456   0.0853   0.0027   0.0642
 -0.0078  -0.1630   0.0393   0.0833   0.0196   0.0559
  0.0065  -0.1604   0.0358   0.0731  -0.0029   0.0352
 -0.0085  -0.1120   0.0302   0.0369   0.0065   0.0322
 -0.0191  -0.0991   0.0134   0.0343  -0.0053   0.0195
 -0.0288  -0.1088  -0.0028   0.0379  -0.0319   0.0212
 -0.0370  -0.1128   0.0010   0.0339  -0.0258   0.0226
 -0.0217  -0.0906   0.0174   0.0485  -0.0291   0.0025
 -0.0310  -0.0447   0.0112   0.0412  -0.0181   0.0073
 -0.0320  -0.0348   0.0031   0.0518  -0.0167   0.0049
 -0.0206  -0.0403   0.0141   0.0459  -0.0176   0.0126
 -0.0216   0.0014   0.0161   0.0394  -0.0160  -0.0020
 -0.0223   0.0020   0.0068   0.0432  -0.0095   0.0018
 -0.0322   0.0048  -0.0107   0.0553  -0.0273  -0.0246
 -0.0337   0.0240  -0.0077   0.0591  -0.0246  -0.0460
 -0.0341   0.0127  -0.0039   0.0349  -0.0273  -0.0319
 -0.0405   0.0221   0.0056   0.0196  -0.0173  -0.0325
 -0.0413   0.0281   0.0015   0.0318  -0.0224  -0.0401
 -0.0474   0.0151  -0.0175  -0.0087  -0.0137  -0.0259
 -0.0529   0.0011  -0.0173  -0.0304  -0.0146  -0.0252
 -0.0635  -0.0071  -0.0344  -0.0261  -0.0424  -0.0227
 -0.0683   0.0024  -0.0249  -0.0563  -0.0343  -0.0164
 -0.0712   0.0108  -0.0227  -0.0122  -0.0495  -0.0261
 -0.0682   0.0327  -0.0308   0.0082  -0.0497  -0.0230
 -0.0712   0.0161  -0.0203  -0.0039  -0.0438  -0.0279
 -0.0687   0.0093  -0.0225  -0.0198  -0.0464  -0.0276
 -0.0786   0.0260  -0.0354  -0.0193  -0.0510  -0.0318
 -0.0805   0.0225  -0.0313  -0.0386  -0.0502  -0.0370
 -0.0780   0.0477  -0.0192  -0.0341  -0.0517  -0.0333
 -0.0773   0.0688  -0.0179  -0.0109  -0.0474  -0.0379
 -0.0800   0.0767  -0.0279   0.0087  -0.0451  -0.0371
 -0.0756   0.0772  -0.0314  -0.0157  -0.0363  -0.0296
 -0.0757   0.0564  -0.0350   0.0118  -0.0505  -0.0411
 -0.0852   0.0552  -0.0352  -0.0094  -0.0528  -0.0392
 -0.0939   0.0767  -0.0286  -0.0018  -0.0407  -0.0383
 -0.0847   0.0852  -0.0193   0.0185  -0.0479  -0.0503
 -0.0887   0.0944  -0.0472  -0.0791  -0.0256  -0.0341
 -0.0914   0.0821  -0.0430  -0.0582  -0.0358  -0.0416
 -0.0940   0.0845  -0.0666  -0.0713  -0.0463  -0.0425
 -0.0980   0.0750  -0.0589  -0.0937  -0.0412  -0.0400
 -0.0983   0.0662  -0.0565  -0.0661  -0.0586  -0.0472
 -0.1005   0.0758  -0.0661  -0.1131  -0.0395  -0.0402
 -0.1015   0.0723  -0.0499  -0.1128  -0.0372  -0.0515
 -0.1043   0.0807  -0.0792  -0.1244  -0.0510  -0.0436
 -0.1111   0.0983  -0.0841  -0.1652  -0.0393  -0.0297
 -0.1150   0.0933  -0.0783  -0.1210  -0.0692  -0.0394
 -0.1130   0.1010  -0.0692  -0.1203  -0.0716  -0.0334
 -0.1206   0.1310  -0.0879  -0.1521  -0.0502  -0.0276
 -0.1215   0.1100  -0.0679  -0.0885  -0.0600  -0.0237
 -0.1228   0.0988  -0.0865  -0.1218  -0.0559  -0.0246
 -0.1228   0.1059  -0.0891  -0.1655  -0.0482  -0.0235
 -0.1353   0.1053  -0.0816  -0.1106  -0.0715  -0.0468
 -0.1274   0.1317  -0.0772  -0.1447  -0.0569  -0.0335
 -0.1256   0.1443  -0.0934  -0.1601  -0.0536  -0.0251
 -0.1297   0.1336  -0.1057  -0.1742  -0.0528  -0.0137
 -0.1308   0.1291  -0.1127  -0.1640  -0.0604  -0.0190
 -0.1445   0.1263  -0.1120  -0.1733  -0.0651  -0.0240
 -0.1443   0.1303  -0.1032  -0.1640  -0.0707  -0.0245
 -0.1394   0.1528  -0.1123  -0.1688  -0.0623  -0.0260
 -0.1443   0.1581  -0.1148  -0.2065  -0.0507  -0.0130
 -0.1441   0.1395  -0.1340  -0.2316  -0.0569  -0.0039
 -0.1393   0.1318  -0.1321  -0.1877  -0.0730  -0.0274
 -0.1460   0.1565  -0.1252  -0.2112  -0.0639  -0.0265
 -0.1488   0.1566  -0.1263  -0.2190  -0.0578  -0.0218
 -0.1519   0.1488  -0.1259  -0.2167  -0.0713  -0.0358
 -0.1454   0.1557  -0.1361  -0.2532  -0.0589  -0.0152
 -0.1393   0.1431  -0.1326  -0.2320  -0.0724  -0.0109
 -0.1387   0.1425  -0.1272  -0.2229  -0.0747  -0.0154
 -0.1455   0.1447  -0.1328  -0.2498  -0.0688  -0.0105
 -0.1474   0.1407  -0.1283  -0.2407  -0.0717  -0.0149
 -0.1468   0.1409  -0.1329  -0.2477  -0.0712  -0.0089
 -0.1537   0.1614  -0.1410  -0.2574  -0.0792  -0.0165
 -0.1529   0.1595  -0.1385  -0.2716  -0.0941  -0.0217
 -0.1457   0.1827  -0.1415  -0.2600  -0.0969  -0.0235
 -0.1554   0.1905  -0.1473  -0.2322  -0.0789  -0.0166
 -0.1579   0.2004  -0.1428  -0.2387  -0.0761  -0.0209
 -0.1529   0.1960  -0.1464  -0.2175  -0.0843  -0.0279
 -0.1583   0.1967  -0.1490  -0.2261  -0.0807  -0.0304
 -0.1655   0.2095  -0.1403  -0.2459  -0.0696  -0.0335
 -0.1607   0.2077  -0.1451  -0.2214  -0.0784  -0.0386
 -0.1632   0.2124  -0.1450  -0.2519  -0.0664  -0.0365
 -0.1628   0.1876  -0.1501  -0.2554  -0.0708  -0.0393
 -0.1660   0.1906  -0.1560  -0.2721  -0.0737  -0.0451
 -0.1616   0.2113  -0.1482  -0.2773  -0.0693  -0.0406
 -0.1516   0.2017  -0.1581  -0.2301  -0.0743  -0.0468
 -0.1666   0.2103  -0.1766  -0.2885  -0.0703  -0.0285
 -0.1616   0.2181  -0.1934  -0.2717  -0.0990  -0.0353
 -0.1625   0.2186  -0.1855  -0.2593  -0.1024  -0.0477
 -0.1681   0.2339  -0.1666  -0.2795  -0.0858  -0.0459
 -0.1646   0.2248  -0.1719  -0.2677  -0.0875  -0.0427
 -0.1720   0.2176  -0.1883  -0.2812  -0.0760  -0.0394
 -0.1796   0.2268  -0.1928  -0.3293  -0.0767  -0.0278
 -0.1712   0.2221  -0.1827  -0.2958  -0.0844  -0.0283
 -0.1812   0.2205  -0.1907  -0.3189  -0.0788  -0.0264
 -0.1785   0.2166  -0.1908  -0.2986  -0.0866  -0.0252
 -0.1750   0.2260  -0.2014  -0.2709  -0.1106  -0.0446
 -0.1801   0.2505  -0.1990  -0.2949  -0.0943  -0.0503
 -0.1834   0.2522  -0.2041  -0.2864  -0.1092  -0.0436
 -0.1732   0.2479  -0.1932  -0.2575  -0.1184  -0.0474
 -0.1784   0.2610  -0.2001  -0.2581  -0.0974  -0.0459
 -0.1773   0.2657  -0.1969  -0.2839  -0.0892  -0.0329
 -0.1794   0.2448  -0.1910  -0.2752  -0.1007  -0.0271
 -0.1972   0.2373  -0.1929  -0.3208  -0.0840  -0.0103
