 -0.0899   0.0197  -0.1909   0.0147   0.0444   0.0258
 -0.0628   0.0462  -0.1577  -0.0216   0.0232   0.0195
 -0.0591   0.0308  -0.1443  -0.0012   0.0138   0.0387
 -0.0376   0.0481  -0.1207  -0.0021   0.0092   0.0227
 -0.0228   0.0071  -0.1169   0.0662   0.0110  -0.0154
 -0.0154  -0.0183  -0.0678   0.1038   0.0482  -0.0052
 -0.0204   0.0041  -0.0582   0.0377   0.0424   0.0124
 -0.0300   0.0125  -0.0428   0.0764   0.0480  -0.0029
 -0.0245  -0.0239   0.0168  -0.0020   0.0174   0.0577
 -0.0985   0.0729  -0.2103  -0.0502  -0.0320   0.0214
 -0.0573   0.0788  -0.1150  -0.0386   0.0032  -0.0370
 -0.0655  -0.0090  -0.0606   0.0118  -0.0056   0.0301
 -0.0429  -0.0104  -0.0756   0.0178   0.0038   0.0148
 -0.0579  -0.0339  -0.1162   0.0085   0.0122   0.0402
 -0.0553  -0.0413  -0.1236  -0.0317   0.0052   0.0376
 -0.0479  -0.0385  -0.1342  -0.0086   0.0195   0.0320
 -0.0483  -0.0500  -0.1583  -0.0297   0.0089   0.0326
 -0.0445  -0.0315  -0.1509  -0.0648  -0.0034   0.0309
 -0.0506  -0.0521  -0.1456  -0.0586   0.0163   0.0081
 -0.0523  -0.0261  -0.1103   0.0614   0.0735  -0.0456
 -0.1111  -0.0527  -0.1479   0.0476   0.1088  -0.0123
 -0.0251  -0.0054  -0.1193  -0.1127   0.0065   0.2376
 -0.0260   0.1142  -0.1139  -0.0463  -0.0052  -0.0171
  0.0106  -0.0183  -0.1137  -0.0018   0.0256  -0.0472
  0.0064   0.0228  -0.1198   0.0459   0.0183   0.0475
 -0.0243   0.0820  -0.1892   0.0986   0.0384   0.0105
  0.0056   0.0885  -0.1942   0.0204   0.0273   0.0759
  0.0059   0.0304  -0.0599  -0.1101   0.0014   0.0856
  0.0228   0.0143  -0.0738  -0.0529  -0.0020  -0.0246
  0.0224   0.0363  -0.0759  -0.0155   0.0065  -0.0002
  0.0274   0.0359  -0.0807  -0.0303   0.0027   0.0248
  0.0256   0.0410  -0.0699  -0.0109   0.0099   0.0204
  0.0372  -0.0231  -0.0508   0.0047   0.0177   0.0078
  0.0497  -0.1000  -0.0454   0.0123   0.0193  -0.0192
  0.0375  -0.0074  -0.0400  -0.0301  -0.0020   0.0519
  0.0456   0.0195  -0.0442  -0.0514   0.0012   0.0300
  0.0445   0.0380  -0.0331  -0.0630  -0.0034  -0.0022
  0.0600  -0.0103  -0.0242  -0.0595   0.0074  -0.0221
  0.0662  -0.0004  -0.0203  -0.0516   0.0015   0.0279
  0.0589   0.0182  -0.0276  -0.0567  -0.0083   0.0374
  0.0258   0.0171  -0.0367  -0.0600  -0.0032  -0.0037
  0.0292   0.0325  -0.0413  -0.0507  -0.0068   0.0231
  0.0327  -0.0048  -0.0219  -0.0271   0.0088   0.0070
  0.0326   0.0438  -0.0074  -0.0309  -0.0034  -0.0065
  0.0330   0.0285  -0.0139  -0.0477  -0.0057   0.0044
  0.0274   0.0169  -0.0227  -0.0528  -0.0120   0.0043
  0.0249   0.0230  -0.0080  -0.0462  -0.0139  -0.0248
  0.0164   0.0243   0.0341  -0.0696  -0.0184  -0.0056
  0.0379  -0.0005   0.0438  -0.0288  -0.0062  -0.0270
 -0.0110  -0.0535   0.0516   0.0403   0.0008  -0.1380
  0.0209   0.0062   0.0251  -0.0637  -0.0064  -0.0642
  0.0173   0.0338   0.0135  -0.0662  -0.0052  -0.0235
  0.0240   0.0211   0.0214  -0.0487  -0.0038  -0.0378
  0.0231   0.0169   0.0147  -0.0602  -0.0029  -0.0405
  0.0362   0.0042   0.0153  -0.0385  -0.0037  -0.0426
  0.0319   0.0049  -0.0056  -0.0459  -0.0001  -0.0316
  0.0252   0.0282   0.0283  -0.0497   0.0107  -0.0267
  0.0184   0.0382   0.0513  -0.0536  -0.0048  -0.0296
  0.0213   0.0374   0.0180  -0.0419  -0.0048  -0.0112
 -0.0835  -0.0331  -0.0299   0.1584  -0.0014  -0.0549
 -0.1349  -0.0755   0.0703   0.2904   0.0111  -0.0908
 -0.2157  -0.7758  -0.0109   0.3140  -0.0114   0.2642
 -0.1047  -0.2677  -0.0898   0.0818   0.0020   0.0321
 -0.0717  -0.1868   0.0136   0.0616   0.0273  -0.0009
 -0.0566  -0.1672   0.0213   0.0509   0.0272   0.0338
 -0.0588  -0.1663   0.0216   0.0676   0.0111   0.0304
 -0.0537  -0.1622   0.0401   0.0520   0.0081   0.0419
 -0.0357  -0.1595   0.0435   0.0392   0.0030   0.0350
 -0.0327  -0.1865   0.0369   0.0426   0.0110   0.0587
 -0.0729  -0.4180   0.0175   0.3726   0.0068  -0.0080
 -0.0290  -0.1926  -0.0761   0.1293   0.0002   0.0769
 -0.0158  -0.1968  -0.0411  -0.0848  -0.0316   0.1411
 -0.0149  -0.1670  -0.0250   0.0210  -0.0190   0.0376
 -0.0110  -0.1043  -0.0246   0.1460  -0.0182   0.0603
  0.0162  -0.0452  -0.0130   0.3436   0.0023   0.0197
  0.0304   0.0137   0.0063   0.3293   0.0354   0.0202
  0.0257   0.0396  -0.0201   0.1887   0.0294   0.0350
  0.0107   0.0439  -0.0320   0.1369   0.0190   0.0208
  0.0101   0.0252  -0.0533   0.0673  -0.0062   0.0089
  0.0305  -0.0355  -0.0191   0.0857  -0.0018   0.0103
  0.0629  -0.0140   0.0362   0.0488   0.0004   0.0427
  0.1187   0.0071   0.0356  -0.1810  -0.0216   0.0905
  0.0640  -0.0132  -0.0069  -0.0238   0.0128  -0.0857
  0.0584  -0.0008   0.0700  -0.0156  -0.0120  -0.0004
  0.0679   0.0521   0.0910  -0.0137  -0.0283  -0.0063
  0.0426   0.0297   0.0440   0.0085  -0.0620  -0.0093
  0.0464   0.0163   0.0597  -0.0212  -0.0548  -0.0146
  0.0442   0.0234   0.0813  -0.0384  -0.0367  -0.0119
  0.0461   0.0263   0.1093  -0.0699  -0.0292  -0.0174
  0.0258   0.0296   0.1107  -0.0519   0.0014  -0.0115
  0.0241   0.0221   0.1002  -0.0561  -0.0024  -0.0310
  0.0166   0.0575   0.0988  -0.0247  -0.0053  -0.0359
 -0.0008   0.0239   0.0918   0.0186   0.0038  -0.0658
 -0.0147   0.0172   0.0918   0.0256   0.0098  -0.0559
 -0.0031   0.0108   0.1033   0.0075   0.0101  -0.0543
  0.0024   0.0292   0.0926  -0.0158   0.0045  -0.0486
  0.0035   0.0361   0.0979  -0.0250   0.0035  -0.0364
  0.0118   0.0430   0.1086  -0.0090   0.0045  -0.0318
  0.0085   0.0454   0.1034  -0.0111   0.0046  -0.0344
  0.0122   0.0533   0.0950  -0.0205   0.0066  -0.0393
  0.0165   0.0571   0.1061  -0.0186   0.0050  -0.0356
  0.0368   0.0688   0.1106  -0.0545  -0.0021  -0.0297
  0.0356   0.0963   0.0956  -0.0549  -0.0160  -0.0198
  0.0330   0.0980   0.1086  -0.0490  -0.0108  -0.0168
  0.0261   0.1046   0.1372  -0.0507  -0.0030  -0.0100
  0.0214   0.1087   0.1320  -0.0382   0.0021  -0.0226
  0.0298   0.0946   0.1276  -0.0311  -0.0001  -0.0395
  0.0150   0.0877   0.1192  -0.0334  -0.0017  -0.0309
  0.0312   0.0629   0.1363  -0.0319  -0.0087  -0.0180
  0.0358   0.0686   0.1450  -0.0472  -0.0092  -0.0269
  0.0425   0.0890   0.1384  -0.0288  -0.0055  -0.0401
  0.0392   0.0990   0.1470  -0.0499  -0.0092  -0.0248
  0.0420   0.1026   0.1395  -0.0751  -0.0133  -0.0222
  0.0457   0.1197   0.1787  -0.0792  -0.0097  -0.0279
  0.0512   0.1294   0.1936  -0.1214  -0.0224  -0.0553
  0.0401   0.0405   0.1608  -0.0664  -0.0320  -0.0282
 -0.0332   0.0905   0.1665  -0.0971  -0.1043  -0.0375
 -0.0611   0.0931  -0.0744  -0.0900  -0.0723  -0.0385
 -0.0540   0.1437  -0.0024  -0.0593  -0.0773  -0.0434
 -0.0177   0.1344   0.0277  -0.0534  -0.0565  -0.0362
