 -0.0697  -0.2515  -0.0251  -0.0134   0.0013   0.2880
 -0.0413  -0.1895  -0.0448  -0.0714  -0.0189   0.2036
 -0.0372  -0.2325  -0.0700  -0.0761  -0.0144   0.1794
 -0.0295  -0.1501  -0.0260  -0.0701   0.0148   0.1786
 -0.0427  -0.1572  -0.0118  -0.0101  -0.0080   0.1439
 -0.0338  -0.1972  -0.0209  -0.0046  -0.0210   0.1291
 -0.0564  -0.1646  -0.0094  -0.0237  -0.0057   0.1465
 -0.0900  -0.0055   0.0125  -0.0471  -0.0122   0.1582
 -0.0572  -0.0515   0.0028  -0.0686   0.0045   0.1632
 -0.0700  -0.0830  -0.0016  -0.0447  -0.0394   0.1461
  0.1121  -0.0308  -0.0374  -0.0371   0.0417   0.1342
 -0.0038  -0.1136   0.0957  -0.0458  -0.0426   0.1418
  0.0313  -0.1722  -0.0658  -0.1927   0.0339   0.2115
  0.0094  -0.1508  -0.0188  -0.0565  -0.0172   0.1536
  0.0042  -0.1553  -0.0017   0.0241  -0.0336   0.1107
 -0.0136  -0.1698  -0.0055  -0.0417  -0.0148   0.1251
 -0.0269  -0.1565   0.0055  -0.0321  -0.0164   0.1363
 -0.0368  -0.1573   0.0012   0.0148  -0.0318   0.1012
 -0.0334  -0.1546   0.0071   0.0120  -0.0176   0.1036
 -0.0304  -0.1488   0.0260   0.0001  -0.0344   0.1037
 -0.0361  -0.1809   0.0258   0.0044  -0.0561   0.0947
 -0.0502  -0.2059  -0.0114  -0.0299  -0.0460   0.1044
 -0.0527  -0.1815   0.0151  -0.0167  -0.0470   0.1193
 -0.0587  -0.1585   0.0331  -0.0176  -0.0368   0.1261
 -0.0523  -0.1625   0.0331   0.0197  -0.0545   0.1010
 -0.0514  -0.1572   0.0225  -0.0159  -0.0367   0.1201
 -0.0184  -0.1486   0.0141  -0.0456  -0.0192   0.1297
 -0.0363  -0.1614   0.0261  -0.0479  -0.0258   0.1389
 -0.0487  -0.1623   0.0287  -0.0563  -0.0277   0.1377
 -0.0509  -0.1549   0.0106  -0.0265  -0.0322   0.1241
 -0.0461  -0.1616   0.0047  -0.0312  -0.0334   0.1265
 -0.0584  -0.1798   0.0111  -0.0420  -0.0312   0.1281
 -0.0396  -0.1811   0.0093  -0.0669  -0.0302   0.1339
 -0.0439  -0.1789   0.0097  -0.0508  -0.0252   0.1262
 -0.0531  -0.1662   0.0150  -0.0668  -0.0015   0.1386
 -0.0590  -0.1695   0.0164  -0.0407  -0.0093   0.1331
 -0.0448  -0.1484  -0.0051  -0.0103  -0.0364   0.1017
 -0.0546  -0.1737  -0.0161  -0.0254  -0.0343   0.1077
 -0.0615  -0.1617  -0.0140  -0.0355  -0.0270   0.1125
 -0.0649  -0.1540  -0.0182  -0.0454  -0.0190   0.1217
 -0.0693  -0.1468  -0.0017  -0.0347  -0.0256   0.1117
 -0.0720  -0.1400  -0.0191  -0.0305  -0.0277   0.1087
 -0.0596  -0.1563  -0.0326  -0.0595  -0.0119   0.1343
 -0.0383  -0.1482   0.0064  -0.0310  -0.0468   0.1053
 -0.0435  -0.1167  -0.0059   0.0070  -0.0357   0.0889
 -0.0404  -0.1177  -0.0352  -0.0435   0.0165   0.1216
 -0.0592  -0.1340  -0.0448  -0.0377   0.0066   0.1181
 -0.0864  -0.1387  -0.0572  -0.0133  -0.0736   0.0905
 -0.0773  -0.1617   0.0059   0.0018  -0.0480   0.0828
 -0.0764  -0.1211  -0.0020   0.0086  -0.0228   0.0837
 -0.0798  -0.0919  -0.0220   0.0136  -0.0335   0.0680
 -0.0754  -0.1218  -0.0236  -0.0196  -0.0325   0.0758
 -0.0794  -0.1260  -0.0169   0.0069  -0.0247   0.0703
 -0.0796  -0.0936  -0.0074   0.0088  -0.0114   0.0565
 -0.0814  -0.0912  -0.0031  -0.0011  -0.0203   0.0694
 -0.0796  -0.0947  -0.0070  -0.0069  -0.0221   0.0830
 -0.0766  -0.0932  -0.0071   0.0030  -0.0232   0.0724
 -0.0846  -0.1152  -0.0413  -0.0663   0.0017   0.0958
 -0.0719  -0.1233  -0.0562  -0.1178   0.0216   0.1223
 -0.0324  -0.1239  -0.0707  -0.1105   0.0092   0.1096
 -0.0687  -0.1437  -0.0857  -0.1227   0.0222   0.1275
 -0.0716  -0.1160  -0.0694  -0.1084   0.0303   0.1357
 -0.0652  -0.1121  -0.0494  -0.0331  -0.0052   0.0885
 -0.0635  -0.1122  -0.0460  -0.0285  -0.0080   0.0890
 -0.0679  -0.1137  -0.0565  -0.0445   0.0101   0.1033
 -0.0711  -0.0870  -0.0610   0.0060   0.0096   0.0672
 -0.0762  -0.1009  -0.0493  -0.0303   0.0188   0.1123
 -0.0747  -0.0981  -0.0673  -0.0163   0.0294   0.0933
 -0.0776  -0.1095  -0.0796  -0.0414   0.0186   0.1009
 -0.0888  -0.1286  -0.0835  -0.0851   0.0294   0.1304
 -0.0915  -0.1221  -0.1071  -0.1182   0.0475   0.1274
 -0.0687  -0.1291  -0.0769  -0.0770   0.0055   0.1158
 -0.0755  -0.1231  -0.1048  -0.1055   0.0233   0.1266
 -0.0796  -0.1096  -0.0982  -0.1362   0.0465   0.1333
 -0.0660  -0.0767  -0.0707  -0.0326  -0.0047   0.0763
 -0.0818   0.0781  -0.0892  -0.0235  -0.0448  -0.0143
 -0.2375   1.0261   0.3006  -0.2401   0.0036   0.1502
 -0.1383   0.2495   0.1108  -0.0553   0.0652  -0.0560
 -0.0885   0.0841   0.0475  -0.2140  -0.0077   0.1024
 -0.1253   0.2719   0.0416  -0.1229  -0.0107   0.0227
 -0.0152   0.1481  -0.0171  -0.1622   0.0307   0.0560
 -0.0389   0.0991  -0.0847  -0.1539   0.0445   0.0620
 -0.0093   0.1039  -0.0427  -0.1451   0.0462   0.0636
 -0.0241   0.0839  -0.1161  -0.2502   0.0842   0.0958
 -0.0305   0.1532  -0.0453  -0.1179   0.0421   0.0470
 -0.0304   0.1556  -0.0316  -0.1288   0.0467   0.0397
 -0.0210   0.1612  -0.0469  -0.0943   0.0426   0.0115
 -0.0390   0.1610  -0.0455  -0.0895   0.0411   0.0125
 -0.0420   0.1943  -0.0217  -0.0646   0.0400   0.0084
  0.0053   0.2685  -0.0014   0.2110   0.0147  -0.1349
 -0.0162   0.2786  -0.0726   0.1272   0.0373  -0.0873
 -0.0388   0.2072  -0.0922   0.1100   0.0052  -0.0808
 -0.0584   0.2248  -0.0896   0.1152  -0.0005  -0.0752
 -0.0957   0.1651  -0.1137   0.0204  -0.0035  -0.0255
 -0.0721   0.2017  -0.1039   0.0985   0.0003  -0.0732
 -0.0552   0.2040  -0.0985   0.1193  -0.0009  -0.0867
 -0.0659   0.1895  -0.1050   0.0945   0.0138  -0.0877
 -0.0520   0.1788  -0.0933   0.1183  -0.0105  -0.0833
 -0.0564   0.1658  -0.0974   0.1080  -0.0030  -0.0796
 -0.0896   0.1203  -0.0999  -0.0414   0.0291  -0.0278
 -0.0702   0.1542  -0.0846   0.0204   0.0335  -0.0433
 -0.0360   0.1698  -0.0849   0.0867   0.0079  -0.0778
 -0.0498   0.1766  -0.0729   0.0790   0.0208  -0.0606
 -0.0582   0.1940  -0.0789   0.0702   0.0199  -0.0635
 -0.0773   0.1609  -0.0921   0.0889   0.0170  -0.0903
 -0.0683   0.1716  -0.0837   0.0822   0.0130  -0.0894
 -0.0645   0.1842  -0.0767   0.0786   0.0107  -0.0772
 -0.0452   0.1904  -0.0844   0.1213  -0.0132  -0.1068
 -0.0615   0.2124  -0.0943   0.1293   0.0115  -0.1054
 -0.0654   0.1959  -0.0775   0.1765   0.0188  -0.1377
 -0.0043   0.1124  -0.0378   0.0646  -0.0043  -0.0986
  0.0304   0.0904  -0.0246   0.0942  -0.0177  -0.1281
  0.0091   0.0783  -0.0244   0.1307  -0.0137  -0.1297
  0.0368  -0.0033  -0.0618  -0.0464   0.0016  -0.0774
  0.0358   0.0328  -0.0468   0.0697  -0.0055  -0.1129
  0.0516   0.0850  -0.0342   0.1442   0.0070  -0.1565
  0.0631   0.0616  -0.0259   0.1535   0.0004  -0.1395
  0.0599  -0.0540  -0.0804  -0.1220   0.0350  -0.0138
  0.0250  -0.0553  -0.0945  -0.1466   0.0406   0.0109
  0.0480  -0.0520  -0.1047  -0.1133   0.0400  -0.0171
  0.0522  -0.0496  -0.1058  -0.1106   0.0439  -0.0204
  0.0560  -0.0648  -0.0954  -0.0755   0.0380  -0.0437
  0.0480  -0.0043  -0.0562  -0.0076   0.0382  -0.0615
  0.0508   0.0155  -0.0456   0.0452   0.0017  -0.0967
  0.0422   0.0071  -0.0318  -0.0044   0.0336  -0.0731
  0.0950  -0.0591  -0.0597  -0.0796   0.0507  -0.0205
  0.1794  -0.1805  -0.0583  -0.1092   0.0293  -0.0396
  0.2024  -0.4370  -0.0060  -0.1347   0.0900  -0.0377
  0.1987  -0.2612  -0.0085  -0.1466   0.0792  -0.0058
  0.2894  -0.1755  -0.0532  -0.1014   0.0838  -0.0353
  0.2155  -0.1796  -0.0648  -0.0707   0.0341  -0.0624
  0.2029  -0.0619  -0.1187  -0.0947   0.0501  -0.0487
  0.1780   0.2839   0.0937  -0.0633   0.0152  -0.0519
  0.1994   0.2290   0.2321   0.0536   0.0069  -0.1126
  0.1598   0.1747   0.1322  -0.0442   0.0174  -0.0739
  0.1281   0.1547   0.1045  -0.0240   0.0380  -0.0571
  0.1450   0.1274   0.0926   0.0360   0.0151  -0.0976
  0.1430   0.1231   0.0763   0.0189   0.0253  -0.0815
  0.1335   0.1281   0.0808   0.0390   0.0205  -0.1017
  0.1340   0.1210   0.0742   0.0555   0.0054  -0.1046
  0.1320   0.1216   0.0716   0.0719   0.0092  -0.1188
  0.1225   0.1065   0.0590   0.0632   0.0091  -0.1319
  0.1125   0.1197   0.0783   0.0545   0.0154  -0.1164
  0.1128   0.1275   0.0869   0.0729   0.0058  -0.1276
  0.1192   0.1230   0.0837   0.0684   0.0033  -0.1387
  0.1080   0.0988   0.0774   0.0394   0.0071  -0.1163
  0.0966   0.1202   0.0752   0.0432   0.0057  -0.1202
  0.1020   0.0990   0.0917   0.0673  -0.0110  -0.1334
  0.0746   0.1427   0.1111   0.0804  -0.0213  -0.1292
  0.0877   0.1187   0.0980   0.0675  -0.0255  -0.1374
  0.0771   0.1318   0.1285   0.1324  -0.0411  -0.1482
  0.0714   0.1227   0.1102   0.1115  -0.0443  -0.1616
  0.0553   0.0974   0.1152   0.1200  -0.0385  -0.1519
  0.1065   0.0205   0.1362   0.1049  -0.0480  -0.1649
  0.0949   0.0579   0.1219   0.1014  -0.0357  -0.1661
  0.0699   0.0805   0.1260   0.0984  -0.0340  -0.1550
  0.0736   0.0876   0.1264   0.1203  -0.0381  -0.1756
  0.0820   0.0810   0.1089   0.1241  -0.0397  -0.1865
  0.0526   0.0722   0.0872   0.0573  -0.0145  -0.1493
  0.0665   0.1187   0.0919   0.0772   0.0116  -0.1504
  0.0559   0.0925   0.0669   0.0575   0.0223  -0.1420
  0.0574   0.0840   0.0833   0.1041   0.0191  -0.1571
  0.0651   0.1023   0.0854   0.0897  -0.0021  -0.1617
  0.0658   0.1010   0.0842   0.0621   0.0113  -0.1356
  0.0379   0.0793   0.0911   0.0345  -0.0038  -0.1237
  0.0663   0.0767   0.0763   0.0780  -0.0062  -0.1528
  0.0615   0.0755   0.0868   0.1000  -0.0111  -0.1664
  0.0548   0.0849   0.0982   0.0807   0.0021  -0.1518
  0.0409   0.1002   0.0820   0.0780   0.0051  -0.1673
  0.0457   0.0813   0.0910   0.0933  -0.0085  -0.1640
  0.0578   0.0775   0.0961   0.0952  -0.0219  -0.1644
  0.0529   0.0737   0.0977   0.0842  -0.0106  -0.1623
  0.0465   0.0632   0.0756   0.0351   0.0110  -0.1518
  0.0443   0.0767   0.0829   0.0763  -0.0035  -0.1533
  0.0473   0.0727   0.0870   0.0817  -0.0099  -0.1473
  0.0568   0.0824   0.0945   0.1292  -0.0288  -0.1716
  0.0413   0.0915   0.0870   0.0868  -0.0096  -0.1499
  0.0296   0.0853   0.0829   0.0649  -0.0196  -0.1509
  0.0465   0.0812   0.0887   0.0967  -0.0308  -0.1648
  0.0509   0.0913   0.0789   0.1248  -0.0225  -0.1792
