 -0.1274  -0.1517   0.1150  -1.2282  -0.2617  -0.3751
 -0.1108  -0.2147   0.1146  -1.1252  -0.2578  -0.5236
 -0.0938  -0.2183   0.0975  -1.1316  -0.1935  -0.2748
 -0.0975  -0.2481   0.1135  -1.0729  -0.2064  -0.4318
 -0.0691  -0.2983   0.0991  -1.1210  -0.1385  -0.3314
 -0.0778  -0.2542   0.0793  -1.0249  -0.1666  -0.2712
 -0.0594  -0.2889   0.0634  -0.8740  -0.1711  -0.4210
 -0.1155  -0.1779   0.0557  -0.8504  -0.2565  -0.1653
 -0.1162  -0.1746   0.0876  -0.7235  -0.3016  -0.3445
 -0.1184  -0.1088   0.0790  -0.6734  -0.2922  -0.2013
 -0.1281  -0.0686   0.0929  -0.5783  -0.2917  -0.1554
 -0.0880  -0.1298   0.0902  -0.4744  -0.2590  -0.3705
 -0.0718  -0.0896   0.0769  -0.5386  -0.2072  -0.0878
 -0.0700  -0.0620   0.0836  -0.4518  -0.1978  -0.1043
 -0.1127  -0.0536   0.0726  -0.4582  -0.2757  -0.1114
 -0.0814  -0.0304   0.0839  -0.4507  -0.2443  -0.0904
 -0.0544  -0.0905   0.0714  -0.4152  -0.2040  -0.3001
 -0.0359  -0.0063   0.0610  -0.4555  -0.1607  -0.0062
 -0.0197  -0.0066   0.0573  -0.3981  -0.1515  -0.0722
 -0.0022  -0.1004   0.0625  -0.3248  -0.1245  -0.3146
 -0.0085  -0.0209   0.0212  -0.3606  -0.1196  -0.0127
 -0.0325  -0.0311   0.0436  -0.2904  -0.1667  -0.1006
 -0.0105  -0.0268   0.0387  -0.4399  -0.0992  -0.0811
 -0.0072  -0.0253   0.0371  -0.3945  -0.0928  -0.0671
 -0.0160  -0.0148   0.0368  -0.3817  -0.1155  -0.0590
 -0.0142  -0.0055   0.0409  -0.3590  -0.1102  -0.0609
 -0.0359   0.0264   0.0384  -0.3496  -0.1553  -0.0643
 -0.0251   0.0364   0.0231  -0.2722  -0.1476  -0.0366
 -0.0353   0.0494   0.0264  -0.2617  -0.1478  -0.0869
 -0.0453   0.0096   0.0155  -0.2952  -0.1436  -0.2514
 -0.0461   0.0932   0.0107  -0.3608  -0.1570   0.0838
 -0.0446   0.0821   0.0127  -0.3140  -0.1780  -0.0098
 -0.0674   0.0594  -0.0058  -0.3066  -0.1594  -0.2514
 -0.0474   0.1338  -0.0169  -0.3736  -0.1281  -0.0205
 -0.0548   0.1348  -0.0006  -0.2868  -0.1469   0.0376
 -0.0572   0.0848   0.0015  -0.3231  -0.1416  -0.1452
 -0.0544   0.1394   0.0029  -0.2922  -0.1391   0.0568
 -0.0499   0.0969   0.0129  -0.2181  -0.1482  -0.1322
 -0.0766   0.1363  -0.0129  -0.2325  -0.1987   0.0022
 -0.1367   0.1776  -0.0124  -0.1409  -0.2850   0.0207
 -0.1786   0.1706   0.0319  -0.1443  -0.3508   0.0071
 -0.1149   0.1718   0.0376  -0.0506  -0.2367   0.0004
 -0.1339   0.1902   0.0288  -0.0292  -0.2501   0.0300
 -0.0982   0.1533   0.0302  -0.0785  -0.2172  -0.0661
 -0.0690   0.1125   0.0355  -0.0841  -0.1754  -0.1960
 -0.0413   0.1522   0.0544  -0.0203  -0.1231   0.1274
 -0.0222   0.0363   0.0497   0.0563  -0.0725  -0.2029
 -0.0489   0.1997   0.0079   0.1132  -0.1043   0.1151
 -0.0655   0.1311   0.0094   0.1686  -0.1604  -0.0304
 -0.0764   0.1014   0.0311   0.0896  -0.1651  -0.0702
 -0.0605   0.1602   0.0270   0.0057  -0.1207   0.1249
 -0.0462   0.1142   0.0179   0.1220  -0.1111  -0.0981
 -0.0388   0.1383   0.0115  -0.0213  -0.0702   0.0302
  0.0388   0.0798   0.0534  -0.0774   0.0034   0.0666
  0.0227   0.1063   0.0206  -0.1425   0.0589  -0.0164
  0.0175   0.0878  -0.0287  -0.0832   0.0490  -0.2228
  0.0828   0.1580  -0.0414  -0.0653   0.1163   0.1090
  0.1011   0.1348  -0.0452   0.0382   0.1322  -0.1934
  0.0898   0.1741  -0.0540  -0.0133   0.1513   0.1678
  0.0978   0.1433  -0.0738   0.1086   0.1528   0.0375
  0.0913   0.1257  -0.0698   0.0385   0.1404   0.0243
  0.0836   0.1559  -0.0644   0.0267   0.1373   0.1149
  0.0831   0.1417  -0.0664   0.0317   0.1302   0.0430
  0.0865   0.1264  -0.0659   0.0445   0.1354   0.0365
  0.0930   0.1443  -0.0655   0.0381   0.1354   0.0627
  0.0917   0.0959  -0.0670   0.0521   0.1339   0.0366
  0.0827   0.1279  -0.0661   0.0407   0.1197   0.0583
  0.0689   0.1417  -0.0685   0.0431   0.1021   0.0593
  0.0618   0.1364  -0.0682   0.0861   0.0921   0.0304
  0.0388   0.0812  -0.0577   0.0304   0.0678  -0.1279
  0.0502   0.1276  -0.0644  -0.0697   0.0703   0.0991
  0.0212   0.1493  -0.0459   0.0714   0.0519  -0.0350
  0.0428   0.1731  -0.0428  -0.0706   0.0763   0.0276
  0.0688   0.1839  -0.0675   0.0067   0.0929   0.1525
  0.0544   0.1899  -0.0722   0.0502   0.0485   0.1051
  0.0324   0.1082   0.0628   0.1974   0.0656   0.1324
  0.0360   0.0625   0.0700   0.2257   0.0724   0.1241
  0.0402   0.0816   0.0250   0.0978   0.0532  -0.0143
  0.0424   0.1119   0.0034   0.0664   0.0627   0.1086
  0.0394   0.1117   0.0026  -0.0069   0.0429   0.0122
  0.0477   0.1408  -0.0183   0.0661   0.0637   0.0753
  0.0297   0.1769  -0.0176  -0.1296   0.0349   0.0159
  0.0106   0.1050  -0.0093  -0.0103   0.0019   0.0155
  0.0761  -0.6909   0.1777  -0.2702   0.2000  -0.2611
  0.0012  -0.6049  -0.0176  -0.5785   0.0997   0.2006
  0.0133  -0.6006  -0.0304  -0.5112   0.0649  -0.1125
  0.0266  -0.5848  -0.0497  -0.5720   0.0913   0.0510
  0.0932  -0.7159  -0.0201  -0.5834   0.1018  -0.2037
  0.0453  -0.6594  -0.0238  -0.6667   0.0772   0.0082
  0.0568  -0.6932  -0.0388  -0.4696   0.0714  -0.0959
  0.0540  -0.6542  -0.0305  -0.5607   0.0898   0.0715
  0.0716  -0.6795  -0.0388  -0.4013   0.0979  -0.0387
  0.0584  -0.6237  -0.0251  -0.5462   0.0931   0.0125
  0.0893  -0.6521  -0.0406  -0.4036   0.1111  -0.0383
  0.0810  -0.5876  -0.0378  -0.4605   0.1226   0.0200
  0.0917  -0.5280  -0.0408  -0.3679   0.1389   0.0483
  0.0509  -0.4293  -0.0149  -0.3332   0.0425  -0.0335
  0.0242  -0.2564   0.0147  -0.1363   0.0111   0.1124
  0.0433  -0.2680   0.0046  -0.1285   0.0335   0.0246
  0.0614  -0.3518  -0.0191  -0.1179   0.0670  -0.0838
  0.0407  -0.3004  -0.0451  -0.0530   0.0399  -0.1194
 -0.0241  -0.1796  -0.0446   0.0464   0.0404   0.0605
  0.0193  -0.2155  -0.0215   0.0419   0.1014  -0.0360
  0.0300  -0.3215   0.0021   0.1357   0.1667  -0.1944
  0.0783  -0.2447  -0.0284   0.0022   0.1671   0.0916
  0.0879  -0.2293  -0.0287   0.0243   0.1586   0.0922
  0.0612  -0.1965  -0.0215   0.0389   0.1241   0.0214
  0.0458  -0.1721  -0.0153   0.0542   0.1208   0.0097
  0.0364  -0.2359  -0.0194   0.0429   0.1367  -0.1504
  0.0333  -0.1719  -0.0101  -0.0525   0.1175   0.0775
  0.1287  -0.1999  -0.0140   0.1477   0.2711   0.0455
 -0.1037  -0.1544  -0.1472   0.1382  -0.1478  -0.0108
 -0.1835  -0.0992  -0.0417   0.1128  -0.2490   0.0034
 -0.6981  -0.0699  -0.2513   0.2849  -1.0304  -0.2156
 -0.3241  -0.1170  -0.0297  -0.0046  -0.4030  -0.2615
 -0.1927  -0.1075  -0.0298  -0.0966  -0.1958  -0.1032
 -0.1519  -0.0967  -0.0545   0.0033  -0.1430   0.0699
 -0.1506  -0.0118  -0.0622  -0.0692  -0.1614  -0.0891
 -0.1283   0.0535  -0.0664  -0.2746  -0.0678   0.0487
 -0.0410  -0.0628  -0.0779  -0.2458   0.0138  -0.2919
 -0.0313  -0.0022  -0.0879  -0.3475   0.0379   0.0631
  0.0439  -0.0339  -0.0746  -0.2999   0.1163  -0.3140
  0.0045  -0.0248  -0.1199  -0.3298   0.0935  -0.0575
 -0.0093  -0.0117  -0.1150  -0.2890   0.0808   0.1159
 -0.0278  -0.1009  -0.1230  -0.1643   0.0213  -0.1673
 -0.0818   0.0056  -0.1274  -0.1758  -0.0767   0.0410
 -0.1264   0.0524  -0.0094   0.1623  -0.1690   0.1316
 -0.2020   0.0702  -0.0301   0.3553  -0.3174   0.0970
 -0.3031   0.0248  -0.0101   0.4594  -0.4368  -0.0019
 -0.1493  -0.0846  -0.0812   0.2538  -0.1887  -0.0914
 -0.0748   0.0170  -0.0488   0.2678  -0.0694   0.1257
  0.0007   0.0915   0.0381   0.5040   0.0082   0.0747
 -0.0665   0.2354   0.0476   0.4623  -0.0709   0.0194
 -0.0919   0.1642   0.0375   0.4597  -0.1415   0.0884
 -0.0506   0.0752   0.0009   0.2898  -0.0348  -0.0653
 -0.0368   0.0723  -0.0179   0.1346  -0.0087  -0.0737
 -0.0350   0.1145  -0.0124   0.2249  -0.0048   0.1146
  0.0028   0.0387  -0.0196   0.2329   0.0266  -0.1718
 -0.1194   0.0882  -0.0809   0.3516  -0.2213  -0.0138
 -0.0155   0.1138  -0.0075   0.4387  -0.0062   0.1940
 -0.0772   0.1848   0.0222   0.5742  -0.1282   0.1960
 -0.0277   0.1797   0.0563   0.5929  -0.0609   0.2324
  0.0662   0.0331   0.0195   0.5970   0.1402  -0.0575
  0.0522   0.0672  -0.0039   0.3995   0.1161   0.0537
 -0.0004   0.0934   0.0080   0.5733   0.0179   0.2173
  0.0065   0.0876  -0.0016   0.5152   0.0531   0.0834
  0.0073   0.0973   0.0208   0.5317   0.0206   0.1080
 -0.0320   0.2087   0.0354   0.6503  -0.0443   0.2179
 -0.1216   0.2736   0.1040   0.7092  -0.1098   0.2201
 -0.0468   0.1865   0.0549   0.4756   0.0465  -0.0040
  0.0037   0.1589   0.0139   0.3478   0.1065   0.0507
 -0.0199   0.2147   0.0040   0.4076   0.0707   0.2656
  0.2057   0.0249  -0.0060   0.6725   0.3113   0.1548
  0.0676   0.1145   0.0093   0.4699   0.1916  -0.0204
  0.0502   0.1421   0.0131   0.4340   0.1908   0.0225
 -0.0451   0.1857  -0.0226   0.6011   0.0047   0.2303
 -0.0116   0.1804   0.0148   0.4737   0.0493   0.0625
  0.0516   0.0905  -0.0011   0.4290   0.1440  -0.0724
  0.0147   0.1672  -0.0039   0.4938   0.1077   0.2772
  0.0038   0.2130   0.0270   0.4950   0.0756   0.1971
  0.0096   0.2234   0.0441   0.5093   0.0708   0.1418
  0.0388   0.2277   0.0587   0.5074   0.1081   0.0991
  0.0097   0.2135   0.0452   0.4779   0.0417   0.1241
  0.0217   0.1684   0.0382   0.4518   0.0559   0.1110
  0.0613   0.1075   0.0420   0.2740   0.1070  -0.1920
  0.0805   0.1372   0.0150   0.2248   0.1474   0.0906
  0.0773   0.1634   0.0156   0.2915   0.1459   0.1939
  0.0594   0.1842   0.0208   0.3017   0.1142   0.1276
  0.0735   0.2277   0.0470   0.4298   0.1064   0.1330
  0.0825   0.2535   0.0449   0.5888   0.0893   0.0995
 -0.1517   0.2058   0.0098   0.5688  -0.2483   0.2262
 -0.1245   0.1214   0.0156   0.4348  -0.1801   0.2041
 -0.0038   0.0948  -0.0144   0.3702   0.0372  -0.0556
  0.0250   0.1783  -0.0126   0.3109   0.0599   0.1749
 -0.0288   0.2466   0.0132   0.3460  -0.0605   0.2153
 -0.0101   0.3002   0.0817   0.3713  -0.0408   0.2091
  0.0388   0.3318   0.0810   0.4542   0.0418   0.1797
  0.0269   0.3227   0.0758   0.4624   0.0396   0.1796
  0.0567   0.2334   0.0882   0.4129   0.1112  -0.0417
  0.0854   0.2475   0.0584   0.2844   0.1586   0.0615
  0.0801   0.2146   0.0606   0.3650   0.1580   0.1067
  0.0869   0.2190   0.0435   0.2943   0.1781   0.0200
  0.0735   0.2718   0.0320   0.3898   0.1725   0.2173
  0.0643   0.2954   0.0403   0.4389   0.1294   0.1578
  0.0704   0.2816   0.0404   0.4621   0.0867   0.1378
  0.0389   0.2956   0.0558   0.4146   0.0596   0.1606
  0.0723   0.2175   0.0507   0.3431   0.1530   0.0476
  0.0933   0.2109   0.0467   0.2153   0.2142   0.0210
  0.0725   0.1593   0.0013   0.2655   0.1905   0.0721
  0.0799   0.1556  -0.0025   0.2248   0.1890  -0.0539
  0.0831   0.2020   0.0629   0.3852   0.2053   0.1640
  0.1746  -0.0089   0.1025   0.3342   0.3616  -0.0509
  0.4068  -0.3755   0.1350   0.0426   0.5091  -0.0696
  0.3079  -0.6630  -0.0087  -0.0246   0.4561   0.1624
  0.2877  -0.6238  -0.0504   0.0596   0.4987  -0.0228
  0.2077  -0.5133  -0.0997  -0.1238   0.3805   0.2457
  0.1859  -0.4747  -0.0663  -0.1044   0.3123   0.0736
  0.1941  -0.5017  -0.0862  -0.0456   0.3384  -0.0571
  0.1747  -0.3316  -0.0839  -0.0704   0.3216   0.2078
  0.1774  -0.2408  -0.0827  -0.0278   0.3109   0.1356
