 -0.0408  -0.4592   0.0272  -0.1324  -0.0834   0.2889
  0.0002  -0.4074  -0.0061   0.0463  -0.0527   0.1677
  0.0204  -0.3688   0.0032   0.1113  -0.0345   0.1157
  0.0085  -0.3802  -0.0071   0.1471  -0.0566   0.0938
  0.0214  -0.3824   0.0053   0.0853  -0.0324   0.1321
  0.0254  -0.3927  -0.0000   0.1061  -0.0558   0.1174
  0.0239  -0.3596  -0.0093   0.0626  -0.0277   0.1364
  0.0290  -0.3337   0.0320   0.0935  -0.0596   0.1129
  0.0237  -0.3455   0.0178   0.0701  -0.0203   0.1366
  0.0275  -0.3637   0.0266   0.0731  -0.0345   0.1445
  0.0168  -0.3469   0.0226   0.0775  -0.0274   0.1353
  0.0074  -0.3518   0.0391   0.0544  -0.0274   0.1379
  0.0106  -0.3444   0.0361   0.0740  -0.0587   0.1275
  0.0146  -0.3673  -0.0080   0.0289  -0.0359   0.1412
  0.0852  -0.2161  -0.0334   0.1255  -0.0426   0.0706
  0.0102  -0.3358  -0.0164   0.0670  -0.0488   0.1049
  0.0287  -0.3245  -0.0115   0.1113  -0.0697   0.0920
  0.0148  -0.3489  -0.0280   0.1190  -0.0585   0.0860
  0.0236  -0.3332  -0.0639   0.0764  -0.0310   0.1043
  0.0094  -0.3643  -0.0757   0.0462  -0.0567   0.1170
 -0.0224  -0.3322  -0.0483   0.0035  -0.0345   0.1460
 -0.0141  -0.3237  -0.0599   0.0252  -0.0705   0.1220
  0.0018  -0.2611  -0.0550  -0.0192  -0.0362   0.1242
 -0.0047  -0.2229  -0.0164   0.0568  -0.0704   0.0639
 -0.0031  -0.1864  -0.0388   0.0120  -0.0374   0.0846
  0.0240  -0.1618  -0.0257   0.0143  -0.0559   0.0775
  0.0183  -0.1726  -0.0388  -0.0190  -0.0357   0.1072
  0.0371  -0.1619  -0.0086   0.0148  -0.0602   0.1012
  0.0153  -0.2052  -0.0150   0.0073  -0.0575   0.0982
  0.0102  -0.2078  -0.0098  -0.0022  -0.0511   0.1118
  0.0147  -0.1875  -0.0175   0.0196  -0.0795   0.1073
  0.0044  -0.1767  -0.0333  -0.0282  -0.0565   0.1200
  0.0354  -0.1599   0.0145  -0.0061  -0.0869   0.1025
 -0.0027  -0.1587  -0.0145   0.0022  -0.0764   0.1064
  0.0013  -0.1609  -0.0076  -0.0284  -0.0745   0.1141
 -0.0073  -0.1705  -0.0044  -0.0064  -0.0943   0.0869
  0.0071  -0.1480   0.0122   0.0018  -0.0756   0.0771
  0.0015  -0.1905  -0.0116   0.0246  -0.0895   0.0680
  0.0037  -0.1977  -0.0097  -0.0084  -0.0469   0.0864
 -0.0015  -0.1860  -0.0160   0.0200  -0.0649   0.0724
  0.0072  -0.1744  -0.0288  -0.0039  -0.0347   0.0740
  0.0462  -0.1663  -0.0348   0.0180  -0.0812   0.0569
  0.0587  -0.1719  -0.0675   0.0285  -0.0376   0.0612
  0.0322  -0.1266  -0.0134   0.0415  -0.0506   0.0507
  0.0384  -0.1033  -0.0164   0.0033  -0.0257   0.0672
  0.0614  -0.0504  -0.0218  -0.0011  -0.0013   0.0600
  0.0815  -0.0748  -0.0207   0.0242  -0.0236   0.0340
  0.0698  -0.0666  -0.0157  -0.0070   0.0032   0.0482
  0.0791  -0.0759   0.0125   0.0043  -0.0264   0.0320
  0.0652  -0.0984  -0.0019  -0.0310  -0.0140   0.0558
  0.0763  -0.0586   0.0272  -0.0327  -0.0212   0.0516
  0.0831  -0.0347   0.0001  -0.0125  -0.0288   0.0428
  0.0716  -0.0342  -0.0022  -0.0358  -0.0029   0.0556
  0.0684  -0.0828   0.0279   0.0025  -0.0306   0.0520
  0.0475  -0.0500  -0.0312   0.0316  -0.0198   0.0327
  0.0622  -0.0267  -0.0177  -0.0118   0.0031   0.0477
  0.0827  -0.0097  -0.0097  -0.0052  -0.0088   0.0356
  0.1040  -0.0128  -0.0254   0.0009   0.0363   0.0601
  0.0921   0.0179  -0.0317   0.0813  -0.0504  -0.0044
  0.0803  -0.0274  -0.0556   0.0726  -0.0337   0.0155
  0.0915  -0.0492  -0.0339   0.1171  -0.0454  -0.0132
  0.0814  -0.0436  -0.0293   0.0407   0.0009   0.0306
  0.0858  -0.0660  -0.0174   0.0769  -0.0196   0.0127
  0.0921  -0.0655  -0.0243   0.0981  -0.0410   0.0013
  0.0615  -0.0412  -0.0108   0.0314  -0.0129   0.0270
  0.0537   0.0102  -0.0177   0.1488  -0.0246  -0.0272
  0.0235  -0.0135  -0.0312   0.0872   0.0266   0.0044
  0.0542  -0.0176  -0.0368   0.0679  -0.0391   0.0066
  0.0534   0.0096  -0.0402   0.0343  -0.0160   0.0290
  0.0715   0.0012  -0.0292   0.0897  -0.0390  -0.0020
  0.0513   0.0360  -0.0343   0.0442  -0.0096  -0.0005
  0.0715   0.0547  -0.0436   0.0278  -0.0082  -0.0014
  0.0590   0.0636  -0.0345   0.0696  -0.0301  -0.0320
  0.0552   0.1083  -0.0473   0.0396   0.0061  -0.0162
  0.0572   0.1296  -0.0275   0.0627  -0.0135  -0.0393
  0.0695   0.1462  -0.0342   0.0313   0.0030  -0.0385
  0.0564   0.1276  -0.0085   0.0512  -0.0019  -0.0417
  0.0453   0.1164  -0.0326   0.0716   0.0102  -0.0581
  0.0216   0.1081  -0.0309   0.0668   0.0179  -0.0360
  0.0064   0.1558  -0.0392   0.0512   0.0038  -0.0577
  0.0215   0.1551  -0.0451   0.0518  -0.0010  -0.0417
  0.0253   0.1289  -0.0328   0.0840  -0.0248  -0.0485
  0.0302   0.1294  -0.0281   0.0337   0.0188  -0.0352
  0.0440   0.1675   0.0045   0.0643  -0.0048  -0.0567
  0.0330   0.1711   0.0000   0.0171   0.0234  -0.0360
  0.0415   0.1865   0.0226   0.0169   0.0087  -0.0364
  0.0242   0.1500  -0.0148  -0.0160   0.0373  -0.0273
  0.0345   0.1602  -0.0019   0.0018   0.0070  -0.0423
  0.0283   0.1714  -0.0092  -0.0106   0.0215  -0.0388
  0.0159   0.1686   0.0023   0.0235   0.0295  -0.0452
  0.0165   0.1449   0.0049   0.0296   0.0046  -0.0597
  0.0233   0.1494   0.0147  -0.0382   0.0390  -0.0230
  0.0297   0.1407   0.0036  -0.0200  -0.0090  -0.0416
  0.0179   0.1600  -0.0075  -0.0323   0.0259  -0.0219
  0.0281   0.1863  -0.0240   0.0054   0.0360  -0.0374
  0.0312   0.1480  -0.0247   0.0037   0.0331  -0.0404
  0.0172   0.1319  -0.0535  -0.0177   0.0349  -0.0307
  0.0146   0.1741  -0.0580  -0.0282   0.0410  -0.0309
  0.0058   0.1108  -0.0162  -0.0030  -0.0076  -0.0499
  0.0078   0.1114  -0.0376  -0.0579   0.0278  -0.0147
 -0.0130   0.0742   0.0264  -0.0324   0.0160  -0.0235
 -0.0193   0.0725   0.0127  -0.0542   0.0257  -0.0099
 -0.0375   0.0602  -0.0199   0.0453  -0.0008  -0.0484
 -0.0166   0.1078  -0.0320   0.0030   0.0434  -0.0406
  0.0103   0.1447   0.0177  -0.0257   0.0187  -0.0404
  0.0082   0.1241  -0.0041  -0.0205   0.0266  -0.0419
  0.0076   0.1092   0.0133  -0.0628   0.0385  -0.0035
  0.0068   0.1135   0.0100  -0.0674  -0.0094  -0.0164
  0.0071   0.1537   0.0055  -0.0728   0.0293  -0.0184
 -0.0132   0.1820   0.0028  -0.0582   0.0335  -0.0304
 -0.0209   0.1436   0.0291  -0.0293   0.0095  -0.0255
 -0.0107   0.0919   0.0633  -0.0453   0.0264   0.0003
  0.0001   0.0891   0.0845   0.0140  -0.0129  -0.0457
  0.0036   0.1157   0.0642  -0.0171   0.0355  -0.0288
  0.0174   0.1028   0.0749  -0.0543   0.0230  -0.0199
 -0.0180   0.0903   0.0499   0.0068   0.0224  -0.0548
 -0.0055   0.1289   0.0578  -0.0290   0.0330  -0.0430
 -0.0102   0.1257   0.0656  -0.0103   0.0220  -0.0468
  0.0059   0.1278   0.0485   0.0039   0.0612  -0.0505
  0.0237   0.1377   0.0351   0.0118   0.0729  -0.0399
  0.0354   0.0759   0.0447   0.0074   0.1184  -0.0394
 -0.0070   0.1390   0.0965  -0.0445   0.0716  -0.0385
 -0.0038   0.1715   0.0755  -0.0477   0.0560  -0.0621
  0.0086   0.2520   0.0773  -0.0448   0.0750  -0.0604
  0.0135   0.2386   0.0673  -0.0412   0.0530  -0.0744
  0.0381   0.2519   0.0357  -0.0653   0.1157  -0.0634
  0.0653   0.2415   0.0578  -0.0049   0.0779  -0.1070
  0.0222   0.1943   0.0956  -0.0199   0.0997  -0.0937
  0.0001   0.1539   0.1239  -0.0004   0.0559  -0.1019
  0.0121   0.2341   0.0895  -0.0465   0.0891  -0.0826
  0.0411   0.2479   0.0892  -0.0418   0.0911  -0.0795
  0.0289   0.1916   0.0542  -0.0204   0.0506  -0.0746
  0.0125   0.1078   0.0095  -0.0045   0.0651  -0.0620
  0.0178   0.1481  -0.0079  -0.0343   0.0363  -0.0540
  0.0310   0.1493  -0.0203  -0.0568   0.0791  -0.0464
  0.0345   0.1971  -0.0105  -0.0482   0.0618  -0.0654
 -0.0113   0.1580  -0.0409  -0.0763   0.0609  -0.0419
 -0.0163   0.1228   0.0091  -0.0805   0.0697  -0.0489
 -0.0254   0.1682  -0.0205  -0.0512   0.0640  -0.0646
 -0.0104   0.1460  -0.0134  -0.0349   0.0534  -0.0712
 -0.0444   0.1803  -0.0162  -0.0100   0.0433  -0.0845
 -0.0173   0.1803   0.0086  -0.0199   0.0675  -0.0662
 -0.0289   0.1774  -0.0145  -0.0167   0.0412  -0.0737
 -0.0299   0.1646  -0.0141  -0.0255   0.0533  -0.0631
 -0.0252   0.1700  -0.0197  -0.0365   0.0508  -0.0609
 -0.0058   0.1756  -0.0146  -0.0665   0.0863  -0.0390
  0.0217   0.2200  -0.0320  -0.0249   0.0777  -0.0873
  0.0279   0.2476   0.0139  -0.0055   0.0311  -0.0868
 -0.0238   0.1109   0.0016   0.0124   0.0287  -0.0838
 -0.0568   0.0944  -0.0155  -0.0349   0.0658  -0.0602
 -0.0585   0.0717   0.0186  -0.0242   0.0121  -0.0691
 -0.0647   0.0621   0.0072  -0.0820   0.0191  -0.0494
 -0.0640   0.0723   0.0090  -0.0591   0.0033  -0.0464
 -0.0729   0.0909   0.0109  -0.0423  -0.0020  -0.0668
 -0.0937   0.0476   0.0176  -0.0792   0.0404  -0.0353
 -0.0754   0.0646  -0.0044  -0.0603   0.0253  -0.0473
 -0.0873   0.0614  -0.0126  -0.0935   0.0495  -0.0333
 -0.0970   0.0545  -0.0026  -0.1135   0.0239  -0.0288
 -0.0982   0.0467  -0.0174  -0.0729   0.0015  -0.0645
 -0.1004   0.0703  -0.0248  -0.0970   0.0354  -0.0492
 -0.1026   0.0212   0.0025  -0.0419   0.0010  -0.0717
 -0.1120   0.0168  -0.0061  -0.0806   0.0265  -0.0490
 -0.1076   0.0395   0.0232  -0.0920   0.0076  -0.0531
 -0.1112   0.0028   0.0140  -0.0638  -0.0149  -0.0567
 -0.1117  -0.0061   0.0388  -0.0637  -0.0155  -0.0505
 -0.1205  -0.0068   0.0446   0.0005  -0.0164  -0.0773
 -0.1131  -0.0079   0.0258  -0.0049   0.0218  -0.0583
 -0.1175  -0.0048   0.0160  -0.0084  -0.0165  -0.0704
 -0.1055   0.0530   0.0253  -0.0721   0.0105  -0.0535
 -0.1201   0.0971   0.0187  -0.0624  -0.0187  -0.0821
 -0.1302   0.1074  -0.0087  -0.1233   0.0231  -0.0462
 -0.1349   0.1242   0.0229  -0.0796  -0.0416  -0.0534
 -0.1297   0.0766  -0.0068  -0.0687  -0.0102  -0.0401
 -0.1377   0.0492  -0.0243  -0.0015  -0.0146  -0.0721
 -0.1317   0.0308   0.0045  -0.0427  -0.0155  -0.0536
 -0.1494   0.0013   0.0036   0.0202  -0.0361  -0.0875
 -0.1349   0.0400   0.0287   0.0017  -0.0046  -0.0997
 -0.1288   0.0605   0.0613   0.0493  -0.0505  -0.1124
 -0.1417   0.0278   0.0269  -0.0126  -0.0062  -0.0822
 -0.1457  -0.0477   0.0424   0.0403  -0.0353  -0.0979
