  0.1851  -0.4376   0.1518   0.2240   0.1149   0.1379
  0.1606  -0.4165   0.1428   0.1810   0.1056   0.1282
  0.1371  -0.3895   0.1679   0.1424   0.0999   0.0939
  0.1516  -0.3651   0.1663   0.2264   0.1033   0.1077
  0.1518  -0.3567   0.1757   0.1705   0.0983   0.0868
  0.1494  -0.3696   0.1815   0.1444   0.0901   0.0856
  0.1265  -0.3637   0.1720   0.0755   0.0962   0.0911
  0.1479  -0.3575   0.1608   0.1280   0.1020   0.0832
  0.1147  -0.3587   0.1763   0.0702   0.0884   0.0481
  0.1389  -0.3319   0.1647   0.1831   0.1001   0.0803
  0.1417  -0.3259   0.1707   0.1645   0.0981   0.0696
  0.1210  -0.3366   0.1703   0.0852   0.0946   0.0520
  0.1293  -0.3225   0.1583   0.0693   0.0893   0.0675
  0.1145  -0.2816   0.0963   0.1317   0.0599   0.0739
  0.0885  -0.2457   0.1258   0.1106   0.0648   0.0515
  0.0945  -0.2714   0.1516   0.1587   0.0710   0.0791
  0.0818  -0.2916   0.1580   0.1051   0.0634   0.0578
  0.0642  -0.2055   0.1154   0.0983   0.0751   0.0529
  0.0978  -0.2224   0.1225   0.1857   0.0496   0.0661
  0.2179  -0.1770   0.0828   0.3798   0.0537   0.1080
  0.1392  -0.1810   0.0964   0.2888   0.0603   0.0430
  0.1113  -0.1612   0.0676   0.2416   0.0447   0.0529
  0.1033  -0.1700   0.0749   0.1248   0.0400   0.0191
  0.1010  -0.1763   0.0919   0.1020   0.0435   0.0223
  0.0972  -0.1578   0.0832   0.1094   0.0528   0.0241
  0.1011  -0.1469   0.0813   0.1826   0.0580   0.0371
  0.1012  -0.1435   0.0991   0.1280   0.0590   0.0079
  0.1013  -0.1486   0.0925   0.0922   0.0585   0.0251
  0.0997  -0.1412   0.0810   0.1226   0.0595   0.0314
  0.0924  -0.1562   0.0859   0.0977   0.0510   0.0314
  0.0862  -0.1354   0.0906   0.0752   0.0497   0.0202
  0.0869  -0.1350   0.0743   0.1151   0.0514   0.0337
  0.1396  -0.1217   0.1160   0.1611   0.0738   0.0254
  0.0878  -0.1349   0.1104   0.1015   0.0577   0.0179
  0.0780  -0.1279   0.0854   0.0875   0.0444   0.0303
  0.0876  -0.1246   0.0772   0.1348   0.0353   0.0369
  0.0699  -0.1303   0.0969   0.1287   0.0411   0.0083
  0.0804  -0.1199   0.0941   0.1309   0.0460   0.0314
  0.0833  -0.1447   0.0709   0.1631   0.0372   0.0438
  0.0792  -0.1247   0.0520   0.1419   0.0298   0.0337
  0.0655  -0.1262   0.0549   0.1275   0.0338   0.0264
  0.0651  -0.1111   0.0565   0.1366   0.0336   0.0472
  0.0445  -0.1153   0.0619   0.1484   0.0432   0.0139
  0.0324  -0.1113   0.0185   0.1766  -0.0029   0.0477
  0.0397  -0.0996   0.0383   0.1612   0.0039   0.0327
  0.0165  -0.1188   0.0526   0.1810  -0.0061   0.0119
  0.0477  -0.1048   0.0387   0.1510   0.0186   0.0419
  0.0537  -0.0920   0.0415   0.1626   0.0146   0.0509
  0.0560  -0.0911   0.0473   0.1138   0.0132   0.0287
  0.0490  -0.0801   0.0644   0.0922  -0.0032   0.0034
  0.0124  -0.0348   0.0608   0.0717  -0.0150   0.0223
  0.0387  -0.0780   0.0463   0.0865   0.0165  -0.0007
  0.0854  -0.1379   0.0870   0.1220   0.0536  -0.0093
  0.0693  -0.0814   0.0532   0.0800   0.0404   0.0407
  0.0468  -0.2263   0.0310   0.1129  -0.0137   0.0394
  0.1953   0.0388   0.0766   0.2050  -0.0568   0.1185
  0.0984  -0.0385   0.0662   0.1435  -0.0515   0.0247
  0.0890   0.0258   0.0625   0.1470  -0.0150   0.0350
  0.0893   0.0319   0.0555   0.1372  -0.0088   0.0184
  0.0742   0.0323   0.0732   0.1251  -0.0112  -0.0078
  0.0746   0.0424   0.0703   0.1202  -0.0031   0.0110
  0.0752   0.0363   0.0504   0.1153  -0.0089   0.0062
  0.0665   0.0483   0.0631   0.0680  -0.0095  -0.0107
  0.0701   0.0572   0.0634   0.0734  -0.0020  -0.0108
  0.0781   0.0658   0.0489   0.0982   0.0010   0.0052
  0.0873   0.0544   0.0467   0.0926   0.0085   0.0026
  0.0775   0.0753   0.0395   0.0684   0.0089  -0.0159
  0.0833   0.0768   0.0376   0.0885   0.0080   0.0001
  0.0854   0.0830   0.0265   0.1142   0.0088   0.0060
  0.0631   0.0903   0.0279   0.0706  -0.0033  -0.0049
  0.0433   0.0864   0.0113   0.0823  -0.0062  -0.0158
  0.0511   0.1079   0.0213   0.0876  -0.0045   0.0035
  0.0517   0.1025   0.0234   0.0606  -0.0023  -0.0170
  0.0567   0.1093   0.0236   0.0554   0.0207  -0.0298
  0.0793   0.1506  -0.0242   0.1525   0.0054   0.0570
  0.0727   0.1473   0.0407   0.1361   0.0241   0.0313
  0.0656   0.1265   0.0912   0.0671   0.0367  -0.0811
  0.1112   0.0501   0.0799   0.0476   0.0731  -0.1050
  0.0631   0.1101   0.0720   0.0172   0.0486  -0.0814
  0.0832   0.0788   0.0504  -0.1276   0.0260  -0.0235
  0.0756   0.0756   0.0021  -0.0470   0.0209  -0.0181
  0.0376   0.0073  -0.0071   0.0303  -0.0039   0.0096
  0.0165   0.0598  -0.0138  -0.0148   0.0047  -0.0267
 -0.0069   0.1003  -0.0085  -0.0743  -0.0115  -0.0531
 -0.0012   0.1217  -0.0184  -0.0227  -0.0019  -0.0236
 -0.0183   0.1884   0.0173  -0.1058   0.0070  -0.0417
 -0.0425   0.1967   0.0140  -0.1363  -0.0006  -0.0664
 -0.0014   0.1775   0.0225  -0.0607   0.0187  -0.0473
  0.0096   0.1471   0.0553  -0.0869   0.0259  -0.0491
 -0.0110   0.1355   0.0587  -0.0723   0.0156  -0.0576
 -0.0046   0.1449   0.0378  -0.0442   0.0090  -0.0335
 -0.0124   0.1309   0.0319  -0.0625   0.0136  -0.0383
 -0.0068   0.0759   0.0226  -0.0863   0.0002  -0.0140
  0.0529   0.0430   0.0045  -0.0833   0.0025  -0.0157
  0.0455   0.1303   0.0030  -0.0649  -0.0010   0.0006
  0.0339   0.1204  -0.0246  -0.0784  -0.0080  -0.0150
  0.0270   0.1249  -0.0123  -0.0594  -0.0044  -0.0376
  0.0193   0.1448  -0.0295  -0.0838   0.0003  -0.0254
  0.0265   0.1648  -0.0411  -0.0702  -0.0041  -0.0185
  0.0220   0.1527  -0.0348  -0.0921  -0.0004  -0.0178
 -0.0018   0.1530  -0.0436  -0.1152  -0.0155  -0.0252
  0.0099   0.1560  -0.0535  -0.0981  -0.0133   0.0017
  0.0181   0.1643  -0.0504  -0.0623  -0.0067   0.0081
 -0.0078   0.1986   0.0009  -0.1274   0.0198  -0.0493
  0.0292   0.1543   0.0009  -0.1082   0.0320  -0.0705
  0.0736   0.0997  -0.0376  -0.0871   0.0487  -0.0593
  0.0560   0.1318  -0.0338  -0.1016   0.0336  -0.0365
  0.0045   0.1756  -0.0376  -0.1214   0.0038  -0.0054
  0.0332   0.0932  -0.0551  -0.1102   0.0135  -0.0161
  0.0252   0.0953  -0.0357  -0.1498   0.0072  -0.0334
  0.0148   0.0930  -0.0367  -0.1420   0.0108  -0.0313
  0.0051   0.0423  -0.0282  -0.0708  -0.0019  -0.0026
 -0.0153   0.0090  -0.0180  -0.1362  -0.0226  -0.0197
 -0.0397   0.0792  -0.0060  -0.1355  -0.0125  -0.0433
 -0.0124   0.0969  -0.0266  -0.0689  -0.0091  -0.0105
 -0.0033   0.1224  -0.0230  -0.1062   0.0090  -0.0154
  0.0213   0.0642  -0.0042  -0.0276   0.0398  -0.0087
 -0.0390  -0.0378  -0.0129  -0.3680   0.0138   0.0040
 -0.0963  -0.1545  -0.0801  -0.5451  -0.0461   0.0083
 -0.1175   0.0375  -0.0719  -0.1024  -0.0375   0.0177
 -0.1530   0.0089  -0.1342  -0.1847  -0.0553   0.0281
 -0.1097   0.0720  -0.0719  -0.1035  -0.0350  -0.0020
 -0.0844   0.0740  -0.0659  -0.1080  -0.0260  -0.0029
 -0.0964   0.0157  -0.0415  -0.1180  -0.0182  -0.0293
 -0.0204  -0.0603  -0.0762  -0.0490   0.0025  -0.0133
 -0.0648  -0.0694  -0.0626  -0.0597  -0.0222  -0.0189
 -0.0536  -0.0540  -0.0677  -0.0525  -0.0152   0.0193
 -0.0582  -0.1428  -0.1004  -0.0418  -0.0251   0.0128
 -0.0909  -0.0856  -0.0937  -0.0670  -0.0480  -0.0036
 -0.0946  -0.0668  -0.0875  -0.2004  -0.0571   0.0073
 -0.1055  -0.0179  -0.0636  -0.1701  -0.0495  -0.0365
 -0.0947   0.0585  -0.0636  -0.1518  -0.0391  -0.0246
 -0.0849   0.0636  -0.0723  -0.1578  -0.0473  -0.0162
 -0.1080   0.0785  -0.0650  -0.2099  -0.0500  -0.0259
 -0.0829   0.0844  -0.0875  -0.0866  -0.0481   0.0036
 -0.0863   0.0662  -0.0892  -0.0814  -0.0347  -0.0091
 -0.1108   0.0960  -0.0806  -0.1315  -0.0314  -0.0454
 -0.1088   0.1010  -0.0794  -0.1553  -0.0449  -0.0020
 -0.0981   0.0652  -0.0649  -0.1703  -0.0527  -0.0124
 -0.0830   0.0749  -0.0291  -0.1297  -0.0590  -0.0170
 -0.0948   0.0750  -0.0880  -0.0732  -0.0442  -0.0216
 -0.1233   0.0581  -0.0417   0.0383  -0.0440  -0.0212
 -0.1388   0.1052  -0.0405  -0.0087  -0.0476  -0.0301
 -0.1303   0.0985  -0.0570  -0.0091  -0.0450  -0.0112
 -0.1615   0.1316  -0.1232  -0.0607  -0.0902  -0.0224
 -0.1566   0.1233  -0.1092  -0.0508  -0.0768  -0.0195
 -0.1345   0.1270  -0.0940  -0.0673  -0.0661  -0.0060
 -0.1524   0.0922  -0.1020  -0.1292  -0.0815  -0.0177
 -0.1677   0.0892  -0.0895  -0.1546  -0.0937  -0.0358
 -0.1995   0.0729  -0.1224  -0.1843  -0.1100  -0.0395
 -0.1816   0.0885  -0.1596  -0.1111  -0.0794  -0.0302
 -0.2656   0.1208  -0.1383  -0.1697  -0.1100  -0.0500
 -0.2787   0.1399  -0.1304  -0.1197  -0.1631  -0.0291
 -0.1874   0.1063  -0.1224  -0.0567  -0.1102  -0.0063
 -0.1956   0.1156  -0.1137  -0.1350  -0.0992  -0.0184
 -0.1753   0.1311  -0.1116  -0.0266  -0.0919  -0.0051
 -0.1356   0.1119  -0.1170  -0.0738  -0.0684  -0.0335
 -0.1125   0.1394  -0.1492  -0.0781  -0.0286  -0.0253
 -0.1161   0.1490  -0.1463  -0.0528  -0.0237  -0.0320
 -0.1288   0.1349  -0.1311  -0.1032  -0.0292  -0.0527
 -0.1324   0.1412  -0.1235  -0.1099  -0.0310  -0.0297
 -0.1316   0.1316  -0.0929  -0.1366  -0.0456  -0.0550
 -0.1114   0.0673  -0.1048  -0.1032  -0.0424  -0.0677
 -0.0825   0.0051  -0.1313  -0.0494  -0.0334  -0.0207
 -0.0835   0.0182  -0.1319  -0.0246  -0.0360  -0.0147
 -0.1040   0.0383  -0.1314  -0.1198  -0.0423  -0.0463
 -0.1047   0.0804  -0.1214  -0.0732  -0.0433  -0.0250
 -0.1096   0.0545  -0.1280  -0.0727  -0.0469  -0.0333
 -0.1244   0.0569  -0.1194  -0.0835  -0.0502  -0.0546
 -0.1194   0.1066  -0.1329  -0.0775  -0.0476  -0.0403
 -0.1170   0.0920  -0.1353  -0.1015  -0.0479  -0.0477
 -0.1303   0.1129  -0.1281  -0.1061  -0.0398  -0.0670
 -0.1247   0.1156  -0.1244  -0.0575  -0.0438  -0.0281
 -0.1319   0.1037  -0.1258  -0.1077  -0.0497  -0.0341
 -0.1421   0.1250  -0.1153  -0.1014  -0.0529  -0.0392
 -0.1257   0.1486  -0.1283  -0.0483  -0.0519  -0.0192
 -0.1339   0.1397  -0.1123  -0.0696  -0.0506  -0.0310
 -0.1363   0.1550  -0.1140  -0.0793  -0.0460  -0.0320
 -0.1232   0.1509  -0.1210  -0.0616  -0.0414  -0.0146
 -0.1330   0.1418  -0.1212  -0.1624  -0.0393  -0.0399
