  0.3016   0.1112  -0.2750   2.1860   0.0696  -0.7273
  0.2983   0.0034  -0.4069   1.5143   0.0941  -0.1193
  0.2656  -0.2899  -0.3420   1.4534   0.1088   0.1184
  0.2596  -0.2069  -0.3473   1.3455   0.1274   0.1003
  0.3229  -0.2973  -0.4242   1.1696   0.1573   0.0911
  0.2104  -0.1298  -0.1505   0.1495   0.1776   0.0701
  0.1622  -0.0704  -0.1528  -0.2337   0.0274  -0.1023
  0.1038   0.1040  -0.1668  -0.0737   0.1631   0.0644
  0.1735  -0.0965  -0.0896  -0.0387   0.0325   0.0001
  0.0579  -0.1814  -0.0576  -0.1431  -0.0778  -0.0354
  0.0705  -0.1547  -0.0158  -0.1432  -0.0150  -0.0421
  0.1029  -0.2090   0.0091  -0.0201   0.0397  -0.0082
  0.1442  -0.1752  -0.0578  -0.0352   0.0587  -0.0298
  0.2121  -0.1141  -0.1489   0.0952   0.1009   0.0306
  0.1719  -0.0487  -0.0891   0.0063   0.1275   0.0142
  0.0635  -0.1210  -0.0502   0.1145   0.0284   0.0579
  0.1767   0.1541  -0.1220   0.0048   0.0096  -0.0484
  0.1746   0.2044  -0.0982   0.0737  -0.0040   0.0066
  0.1342   0.1566  -0.0969   0.0505   0.0307  -0.0067
  0.1237   0.1158  -0.0536   0.1006   0.0448   0.0607
  0.1239   0.0889  -0.0270   0.1805   0.0429   0.0435
  0.1211   0.0750  -0.0384   0.2342   0.0553   0.0973
  0.1750  -0.0330  -0.0240   0.1014   0.1539   0.0327
  0.1555  -0.0410  -0.0018   0.1159   0.1227  -0.0341
  0.1665  -0.0081   0.0079   0.3008   0.0974   0.0706
  0.1661  -0.0381  -0.0408   0.4097   0.1355   0.1353
  0.1771   0.0347  -0.0111   0.0619   0.1367   0.0375
 -0.0227  -0.0530   0.0672   0.2857  -0.0105   0.0758
  0.0116  -0.0422   0.1012   0.4251   0.0279   0.1929
  0.0494  -0.0310   0.0896   0.3676   0.0500   0.1787
  0.0611  -0.0130   0.0584   0.3497   0.0622   0.1686
  0.0756  -0.0110   0.0674   0.3652   0.0652   0.1622
  0.0808  -0.0023   0.0641   0.3844   0.0720   0.1699
  0.0779   0.0200   0.0557   0.3507   0.0559   0.1649
  0.0744  -0.0176   0.0536   0.3477   0.0406   0.1423
  0.0765  -0.0092   0.0561   0.3321   0.0495   0.1602
  0.0244  -0.0015   0.1100   0.3533   0.0500   0.1580
  0.0806  -0.0218   0.0978   0.4997   0.0656   0.1685
  0.2686  -0.2640  -0.3370   0.6484   0.0061   0.1480
  0.1872  -0.1804  -0.2535   0.5674   0.0213   0.1659
  0.1746  -0.1442  -0.0878   0.3183   0.1262   0.1618
  0.1414  -0.1853  -0.0343   0.3300   0.1086   0.1583
  0.1453  -0.1603  -0.0260   0.3008   0.1129   0.1401
  0.1118  -0.1892  -0.0088   0.2757   0.1194   0.1208
  0.0875  -0.1675   0.0193   0.1145   0.1423   0.0531
 -0.0158  -0.0986  -0.0112   0.3085  -0.0385   0.0666
 -0.0559  -0.1170  -0.0322   0.2261  -0.0224   0.1044
 -0.0274  -0.1364   0.0085   0.2689  -0.0051   0.1228
  0.0063  -0.1088  -0.0260   0.2078   0.0281   0.0985
  0.0032  -0.1242  -0.0874   0.1431   0.0369   0.0406
 -0.0078  -0.1459  -0.0748   0.2092   0.0234   0.1035
  0.0314  -0.0574  -0.0684   0.1198   0.0381   0.0699
  0.0277  -0.1700  -0.0157   0.2775  -0.0207  -0.0343
  0.0141  -0.1112  -0.1827   0.3155   0.0571   0.1134
 -0.0005  -0.0424  -0.2107  -0.0550  -0.0145  -0.0078
  0.0222   0.0877  -0.2048  -0.1532   0.0282   0.0089
 -0.0132   0.1807  -0.2020  -0.2893  -0.0058  -0.0431
 -0.0733   0.0168  -0.0392  -0.0865   0.0502   0.0447
 -0.0525  -0.0053  -0.0505  -0.0689   0.0281   0.0447
 -0.0027  -0.0606  -0.1141  -0.0740   0.0585   0.0275
  0.0044  -0.0559  -0.0835  -0.0436   0.0568   0.0323
  0.0191  -0.0298  -0.1025  -0.0425   0.0630   0.0214
 -0.0112  -0.0350  -0.0783  -0.0739   0.0399   0.0222
  0.0012  -0.0056  -0.0816  -0.0809   0.0427   0.0324
 -0.0036   0.0157  -0.0779  -0.0899   0.0352   0.0505
  0.0071   0.0252  -0.0665  -0.0756   0.0375   0.0621
  0.0089   0.0084  -0.0515  -0.0533   0.0288   0.0504
  0.0113   0.0129  -0.0487  -0.0325   0.0346   0.0457
  0.0146   0.0130  -0.0403  -0.0305   0.0395   0.0396
  0.0078   0.0005  -0.0228  -0.0476   0.0364   0.0364
 -0.0243   0.0113  -0.0117  -0.0118   0.0192   0.0617
 -0.0238   0.0156  -0.0082  -0.0065   0.0255   0.0605
 -0.0211   0.0408  -0.0067  -0.0138   0.0300   0.0697
 -0.0175   0.0354  -0.0193  -0.0061   0.0257   0.0662
  0.0191   0.0168  -0.0690   0.0121   0.0224   0.0569
  0.0546   0.0103  -0.0348   0.0347   0.0422   0.0528
  0.0139   0.0364  -0.0474   0.0087   0.0386   0.0335
  0.0238   0.0174  -0.0534  -0.0541   0.0106   0.0221
  0.0130   0.0302  -0.0365  -0.0112   0.0351   0.0523
  0.0074   0.1102  -0.0433  -0.0194   0.0164   0.0556
 -0.0142   0.1032  -0.0527  -0.1294   0.0409  -0.0047
 -0.0129   0.1545  -0.1044  -0.0702   0.0653   0.0190
 -0.0199   0.1443  -0.0926  -0.0227   0.0746   0.0594
  0.0094   0.1648  -0.0675  -0.0082   0.0672   0.0456
 -0.0176   0.1518  -0.0780  -0.0566   0.0549   0.0579
  0.0490   0.1438  -0.0184   0.0201  -0.0115   0.0153
 -0.0030   0.1836  -0.0509  -0.0451   0.0205   0.0255
  0.0052   0.2192  -0.0501  -0.0218   0.0244   0.0373
  0.0071   0.2301  -0.0486  -0.0074   0.0177   0.0519
  0.0152   0.2352  -0.0471  -0.0032   0.0174   0.0631
  0.0092   0.2352  -0.0316  -0.0118   0.0184   0.0636
  0.0129   0.2108  -0.0513  -0.0477   0.0266   0.0407
  0.0154   0.2069  -0.0399  -0.0619   0.0153   0.0396
  0.0297   0.2105  -0.0624  -0.0472   0.0317   0.0454
  0.0236   0.2222  -0.0640  -0.0652   0.0337   0.0479
  0.0169   0.2560  -0.0934  -0.0917   0.0285   0.0514
  0.0128   0.2385  -0.0555  -0.0681   0.0287   0.0502
  0.0352   0.2051  -0.0652  -0.0397   0.0476   0.0431
  0.0301   0.1974  -0.0634  -0.0375   0.0295   0.0412
  0.0141   0.2138  -0.0477  -0.0400   0.0088   0.0666
  0.0103   0.1721  -0.0670   0.0061  -0.0060   0.0617
  0.0057   0.1701  -0.0566  -0.0178  -0.0011   0.0548
 -0.0077   0.1894  -0.0575  -0.0114  -0.0101   0.0558
 -0.0067   0.1694  -0.0911   0.0131  -0.0374   0.0559
  0.0110   0.1532  -0.1090   0.0528  -0.0409   0.0668
  0.0145   0.1256  -0.1133   0.0406  -0.0492   0.0716
 -0.0284   0.1395  -0.0600   0.0062  -0.1120   0.0310
 -0.0125   0.1479  -0.0662   0.0071  -0.0776   0.0428
 -0.0101   0.1305  -0.0723   0.0444  -0.0688   0.0536
 -0.0370   0.1111  -0.0513   0.0371  -0.0832   0.0586
 -0.0134  -0.0281   0.0003   0.1739  -0.0583   0.0520
 -0.0349   0.0408  -0.0956   0.0237  -0.0200   0.0400
  0.0079   0.1838  -0.1333   0.0282  -0.0001   0.0170
  0.0144   0.1784  -0.1150   0.0768  -0.0023   0.0443
 -0.0057   0.0989  -0.1391  -0.0508  -0.0241  -0.0016
  0.0108   0.1538  -0.0968   0.0645  -0.0219   0.0209
  0.0168   0.2150  -0.0772   0.1323   0.0125   0.0845
 -0.0049   0.1691  -0.1376   0.2655  -0.0775   0.0892
  0.0161   0.0872  -0.1800   0.0588   0.0013   0.0803
  0.0264   0.1351  -0.1411  -0.0542   0.0103   0.0437
  0.0104   0.1489  -0.1307  -0.0675  -0.0043   0.0210
  0.0160   0.1095  -0.0954   0.0120   0.0232   0.0776
  0.0044   0.0640  -0.0625   0.0713  -0.0218   0.0716
  0.0105   0.0704  -0.0720   0.0327  -0.0124   0.0389
 -0.0127   0.1032  -0.0466   0.0401  -0.0344   0.0551
  0.0010   0.1857  -0.0716   0.0314  -0.0264   0.0764
 -0.0448   0.2075  -0.1213   0.0316  -0.0549   0.0766
 -0.0232   0.1999  -0.1155   0.0079  -0.0426   0.0704
 -0.0038   0.2010  -0.1373  -0.0084  -0.0296   0.0541
  0.0060   0.1941  -0.1325   0.0054  -0.0191   0.0540
 -0.0143   0.1687  -0.1112  -0.0129  -0.0214   0.0507
 -0.0148   0.1787  -0.0835  -0.0400  -0.0172   0.0234
 -0.0112   0.1510  -0.0641  -0.0121  -0.0341   0.0254
 -0.0043   0.1237  -0.0608   0.0263  -0.0381   0.0207
 -0.0328   0.1271  -0.0511   0.0723  -0.0022   0.0640
 -0.0360   0.1829  -0.0472   0.0506  -0.0079   0.0573
 -0.0558   0.1831  -0.0755   0.0403  -0.0123   0.0738
 -0.0246   0.1475  -0.0818  -0.0247  -0.0175   0.0352
 -0.0183   0.1702  -0.0685   0.0168  -0.0186   0.0401
 -0.0141   0.1660  -0.0761   0.0481  -0.0316   0.0615
 -0.0257   0.1316  -0.0856   0.0907  -0.0355   0.0745
 -0.0340   0.1363  -0.0908   0.0624  -0.0417   0.0498
 -0.0293   0.1388  -0.1114   0.1057  -0.0553   0.0591
 -0.0365   0.1335  -0.1029   0.0242  -0.0640   0.0595
 -0.0289   0.1059  -0.0784   0.0350  -0.0549   0.0483
 -0.0165   0.1015  -0.0752   0.0492  -0.0372   0.0467
 -0.0189   0.1406  -0.1144  -0.0558  -0.0342   0.0252
 -0.0333   0.1017  -0.1137  -0.0088  -0.0282   0.0393
 -0.0364   0.0887  -0.0797   0.0800  -0.0172   0.0640
 -0.0398   0.2077  -0.1069   0.0964   0.0157   0.1292
 -0.0461   0.2214  -0.1032   0.0659   0.0524   0.1689
 -0.0501   0.0243  -0.0422   0.0609  -0.0210   0.0727
 -0.0439  -0.0552  -0.0287   0.1058  -0.0378   0.0589
 -0.0843  -0.0237  -0.0466   0.1011  -0.0633   0.0290
 -0.0766   0.0011  -0.0062   0.1591  -0.0844   0.0742
 -0.0464  -0.0026   0.0165   0.2141  -0.0758   0.0775
 -0.0139   0.0497   0.0110   0.2399  -0.0356   0.0854
 -0.0130   0.0203   0.0133   0.1740  -0.0156   0.0498
  0.0175   0.0792  -0.0798  -0.0563  -0.0391  -0.0070
  0.0584   0.0405  -0.0062   0.0109  -0.0375  -0.0112
  0.0361  -0.0070   0.0327   0.1393  -0.0591   0.0214
  0.0546   0.0507   0.0816   0.0315   0.0040   0.0526
  0.0679  -0.0133   0.0242  -0.0583   0.0819  -0.0271
  0.0425  -0.0038   0.0732  -0.0052   0.0815   0.0076
  0.0143   0.1870   0.1179   0.1335   0.0852   0.0526
 -0.0008  -0.0354   0.1547  -0.0171   0.0058   0.0129
 -0.0353  -0.0708   0.1697  -0.0428  -0.0597  -0.0904
 -0.0038  -0.0575   0.1467  -0.0408  -0.0579  -0.0558
 -0.0014   0.0471   0.1540  -0.0575  -0.0253  -0.0343
  0.0153  -0.0635   0.0992   0.0221   0.0784  -0.0422
  0.0039  -0.0381   0.1006   0.0650   0.0564  -0.0262
  0.0031  -0.0074   0.0992   0.0754   0.0584  -0.0101
 -0.0165  -0.0309   0.0929   0.0427   0.0484  -0.0055
 -0.0235  -0.0386   0.0910   0.0241   0.0396  -0.0288
 -0.0235  -0.0193   0.1012   0.0388   0.0373  -0.0017
 -0.0232   0.0005   0.0882   0.0329   0.0362   0.0019
 -0.0334  -0.0070   0.0918   0.0324   0.0187   0.0045
 -0.0237   0.0021   0.1060  -0.0346   0.0534  -0.0241
 -0.0238   0.0483   0.0571  -0.0800   0.0789  -0.0154
 -0.0271   0.0824   0.0703  -0.0806   0.0769  -0.0053
 -0.0473   0.0696   0.1054  -0.0409   0.0672   0.0012
 -0.0395   0.1142   0.0402  -0.1254   0.0126   0.0047
 -0.0218   0.1256   0.0028  -0.0452  -0.0037  -0.0146
 -0.0005   0.1983   0.0145  -0.1600   0.0271  -0.0248
 -0.0156   0.1784   0.0369  -0.1039   0.0262   0.0025
 -0.0114   0.1317   0.0555  -0.0557   0.0279   0.0017
 -0.0061   0.1498   0.0004  -0.0732   0.0160  -0.0033
 -0.0093   0.1512  -0.0009  -0.0526   0.0267   0.0007
 -0.0134   0.1149   0.0181  -0.0350   0.0261  -0.0007
 -0.0216   0.1111   0.0317  -0.0473   0.0365   0.0034
 -0.0165   0.1382   0.0461  -0.0658   0.0364   0.0096
 -0.0269   0.1365   0.0464  -0.0408   0.0211   0.0018
 -0.0312   0.2125   0.0155  -0.0920   0.0287  -0.0131
 -0.0105   0.0910   0.1019  -0.0027   0.0934   0.0048
 -0.0160   0.1202   0.0611   0.0146   0.0358   0.0066
 -0.0027   0.1739   0.0636   0.0064   0.0468   0.0178
 -0.0134   0.1235   0.0827   0.0092   0.0483   0.0191
 -0.0203   0.0909   0.0910   0.0252   0.0433   0.0124
 -0.0218   0.0780   0.0877   0.0525   0.0559   0.0263
 -0.0274   0.0697   0.0953   0.0646   0.0650   0.0428
 -0.0339   0.0240   0.0918   0.0786   0.0651   0.0496
 -0.0426   0.0379   0.0987   0.0866   0.0643   0.0494
 -0.0465   0.0253   0.1029   0.1080   0.0604   0.0678
 -0.0604   0.0186   0.1096   0.1018   0.0663   0.0763
 -0.0371  -0.0126   0.0693   0.0772   0.0727   0.0485
 -0.0496  -0.0191   0.0783   0.0717   0.0615   0.0402
 -0.0411   0.0111   0.0666   0.0004   0.0523   0.0350
  0.0105  -0.0517   0.0487  -0.1736  -0.0351  -0.1018
  0.0148  -0.0664   0.0999  -0.1539  -0.0309  -0.0947
  0.0244  -0.0572   0.1453   0.0275   0.1166  -0.0496
  0.0116   0.0617   0.0856  -0.0201   0.1190  -0.0318
  0.0831  -0.0091   0.0409   0.0278   0.1175  -0.0409
  0.0482   0.0583   0.0108   0.0155   0.1258  -0.0252
  0.0489   0.0686   0.0036  -0.0115   0.1476  -0.0002
  0.0416   0.0715  -0.0002  -0.0172   0.1458   0.0011
  0.0181   0.0451  -0.0029  -0.0284   0.1314  -0.0128
  0.0259   0.0366  -0.0029  -0.0319   0.1362  -0.0097
  0.0208   0.0231   0.0184   0.0025   0.1333   0.0008
  0.0125   0.0010   0.0346   0.0006   0.1217   0.0106
  0.0222   0.0282   0.0157  -0.0245   0.1000   0.0120
  0.0519   0.1028   0.0188  -0.2148  -0.0006  -0.0669
  0.0833   0.1111   0.0292  -0.3113  -0.0792  -0.1561
  0.0097   0.0362   0.0444  -0.1318   0.0338  -0.0428
 -0.0083   0.0260   0.0198  -0.1523   0.0211  -0.0600
 -0.0125   0.0408  -0.0536  -0.2181   0.0157  -0.0811
 -0.0184  -0.0002   0.0024  -0.1499  -0.0000  -0.0612
  0.0583  -0.0050   0.0186  -0.0692   0.0622  -0.0574
  0.0396   0.0087  -0.0162  -0.1267   0.0478  -0.0741
  0.0304   0.0200  -0.0312  -0.0755   0.0556  -0.0686
  0.0031   0.0000   0.0326  -0.0755   0.0742  -0.0313
  0.0039   0.0057   0.0477  -0.0873   0.0677  -0.0466
  0.0037  -0.0069   0.0443  -0.0752   0.0716  -0.0552
  0.0009  -0.0411   0.0711  -0.0848   0.0695  -0.0492
  0.0109  -0.0297   0.0685  -0.0890   0.0727  -0.0532
  0.0190  -0.0196   0.0670  -0.0913   0.0725  -0.0397
  0.0142  -0.0336   0.0662  -0.0901   0.0781  -0.0527
  0.0180  -0.0301   0.0647  -0.0788   0.0758  -0.0510
  0.0134  -0.0194   0.0590  -0.0601   0.0772  -0.0334
  0.0393   0.0219   0.0674  -0.0927   0.0660  -0.0445
  0.0472   0.0999  -0.0295   0.0174  -0.0440  -0.0604
  0.0227   0.0292   0.0145  -0.0992   0.0241  -0.0460
  0.0306   0.0406  -0.0026  -0.0667   0.0431  -0.0701
  0.0057   0.0052   0.1029  -0.0857   0.0642  -0.0143
  0.0107  -0.1020   0.1218  -0.0729   0.0606  -0.0700
  0.0062  -0.0710   0.1190  -0.0117   0.0710  -0.0496
  0.0106  -0.0667   0.1193   0.0498   0.0935  -0.0110
  0.0303  -0.0644   0.1362   0.0017   0.0600  -0.0772
 -0.0319  -0.2039   0.1750   0.0724  -0.0454  -0.0698
 -0.0384  -0.1718   0.1468  -0.0914  -0.0368  -0.0970
 -0.0300  -0.1660   0.1518  -0.0698  -0.0234  -0.0763
 -0.0081  -0.1273   0.1592  -0.1367  -0.0040  -0.0937
 -0.0326  -0.2270   0.2752  -0.0742  -0.0210  -0.1305
  0.0800   0.0713   0.0565  -0.2165   0.0369  -0.1128
 -0.0240  -0.1123   0.0255  -0.1895  -0.0398  -0.1081
 -0.0571  -0.1325  -0.0128  -0.1549  -0.0838  -0.1333
 -0.0742  -0.1343  -0.0204  -0.1051  -0.0822  -0.0866
 -0.0757  -0.1660  -0.0243  -0.0465  -0.1008  -0.1047
 -0.0554  -0.1796  -0.0306  -0.0536  -0.0867  -0.0855
 -0.0530  -0.1647  -0.0324  -0.0800  -0.0718  -0.0694
 -0.0133  -0.1533  -0.0326  -0.1596  -0.0090  -0.1054
 -0.0643  -0.1793  -0.0164  -0.1020  -0.1046  -0.0899
 -0.0752  -0.5543   0.0053   0.1090  -0.2286  -0.1182
 -0.0600  -0.1874  -0.0464   0.0048  -0.0041  -0.0237
 -0.0638  -0.3574   0.0666   0.2201  -0.1218  -0.1120
 -0.1550  -0.2924   0.1352   0.0210  -0.2883  -0.0925
 -0.1430  -0.3186   0.0449  -0.2414  -0.2750  -0.1443
 -0.1821  -0.2049   0.0039  -0.0516  -0.2225  -0.0386
 -0.1686  -0.1745   0.0531   0.8317  -0.1745   0.2134
 -0.0867   0.1476   0.0254   0.2934  -0.2126   0.3208
 -0.1578  -0.7503   0.1370   1.2885  -0.2851   0.1761
 -0.1755  -0.4626   0.0885   0.0284  -0.3354  -0.1273
 -0.1728  -0.3341   0.1223  -0.0275  -0.2197  -0.0993
 -0.1676  -0.0572   0.0986  -0.3545  -0.0621  -0.0933
 -0.1343  -0.2290   0.0581  -0.4518  -0.0801  -0.1725
 -0.0815  -0.0916  -0.0060  -0.6851  -0.1657  -0.1817
 -0.1055  -0.2493   0.1319  -0.6011  -0.1737  -0.2049
 -0.0861  -0.3409   0.1129  -0.4984  -0.1412  -0.1904
 -0.0933  -0.3487   0.0847  -0.5232  -0.1366  -0.1982
 -0.1111  -0.4240   0.1191  -0.5132  -0.1584  -0.1848
 -0.1016  -0.4711   0.1866  -0.5074  -0.1766  -0.1984
 -0.1135  -0.4807   0.2219  -0.4973  -0.1628  -0.1798
 -0.1091  -0.4572   0.2160  -0.5250  -0.1655  -0.2059
 -0.1150  -0.4313   0.2159  -0.5585  -0.1891  -0.2205
 -0.1455  -0.4603   0.2165  -0.5569  -0.2105  -0.2067
 -0.1417  -0.4016   0.2226  -0.5383  -0.2215  -0.2154
 -0.1296  -0.4122   0.1985  -0.5496  -0.2053  -0.1877
 -0.1502  -0.4583   0.2340  -0.5287  -0.2076  -0.2067
 -0.1452  -0.4467   0.2336  -0.5222  -0.1956  -0.2066
 -0.1566  -0.4639   0.2407  -0.5078  -0.1981  -0.1942
 -0.1634  -0.4813   0.2651  -0.5222  -0.1969  -0.2023
 -0.1497  -0.4547   0.2430  -0.5263  -0.1911  -0.2036
 -0.1543  -0.4585   0.2478  -0.5241  -0.1940  -0.1902
 -0.1559  -0.4649   0.2806  -0.5299  -0.1867  -0.1939
 -0.1418  -0.4465   0.2664  -0.5230  -0.1796  -0.2032
 -0.1588  -0.4627   0.2574  -0.5319  -0.2112  -0.2388
 -0.1478  -0.4335   0.2667  -0.5957  -0.1908  -0.2151
 -0.1778  -0.2862   0.0856  -0.4693  -0.1153  -0.2382
 -0.1321  -0.3007  -0.0035  -0.4488  -0.0101  -0.1474
 -0.1307  -0.2469   0.0013  -0.3283  -0.0791  -0.1178
 -0.1527  -0.2767   0.2590  -0.5228  -0.1269  -0.1341
