  0.2652   1.5024  -0.5601  -0.4012   0.1285  -0.2404
  0.2540   1.4301  -0.5297  -0.4041   0.1462  -0.2023
  0.2685   1.4497  -0.5559  -0.4463   0.1409  -0.2129
  0.2699   1.5855  -0.6953  -0.5354   0.1163  -0.2417
  0.2648   1.4969  -0.6911  -0.5360   0.0900  -0.2149
  0.2389   1.5419  -0.6386  -0.5448   0.1151  -0.1854
  0.2544   1.6527  -0.7048  -0.5731   0.1120  -0.2368
  0.2803   1.5927  -0.7685  -0.5036   0.1219  -0.2394
  0.2967   1.5549  -0.6696  -0.5193   0.1388  -0.2524
  0.2796   1.5956  -0.7168  -0.4903   0.1109  -0.2729
  0.2982   1.5907  -0.7071  -0.5071   0.1222  -0.2692
  0.2850   1.6177  -0.6789  -0.5021   0.1280  -0.2671
  0.2671   1.6083  -0.6749  -0.5282   0.1326  -0.2196
  0.2310   1.5043  -0.6497  -0.5447   0.1365  -0.1947
  0.2385   1.4742  -0.6551  -0.5468   0.1364  -0.1692
  0.2561   1.4520  -0.6252  -0.5157   0.1383  -0.1875
  0.2532   1.4534  -0.6119  -0.4903   0.1417  -0.1696
  0.3194   1.4643  -0.7206  -0.4634   0.1480  -0.2385
  0.0993   1.7792  -1.4585  -0.7275  -0.1702  -0.2345
  0.2846   1.8637  -1.4797  -0.7379   0.0598  -0.2907
  0.2922   1.8864  -1.3344  -0.7394   0.0616  -0.2758
  0.2744   1.8601  -1.3227  -0.7137   0.0495  -0.2739
  0.2605   1.8639  -1.2894  -0.7524   0.0562  -0.2863
  0.2810   1.9679  -1.3254  -0.7771   0.0454  -0.3136
  0.2750   1.9970  -1.3528  -0.7946   0.0511  -0.3193
  0.2732   1.9257  -1.2696  -0.7440   0.0502  -0.3295
  0.3084   2.0184  -1.2547  -0.7512   0.0407  -0.3654
  0.3035   2.0298  -1.2763  -0.8130   0.0510  -0.3480
  0.3318   2.0899  -1.2823  -0.8310   0.0723  -0.3878
  0.2988   1.9951  -1.1889  -0.7597   0.0692  -0.3097
  0.3020   1.8930  -1.1172  -0.7106   0.0728  -0.3110
  0.2804   1.7747  -1.0453  -0.6613   0.0797  -0.2589
  0.2922   1.7929  -1.0490  -0.6858   0.0813  -0.2612
  0.2588   1.7321  -1.0051  -0.6346   0.0726  -0.2381
  0.2612   1.7078  -0.9873  -0.6379   0.0818  -0.2465
  0.2674   1.6800  -0.9314  -0.7175   0.0967  -0.2008
  0.2741   1.7149  -0.9261  -0.6498   0.0880  -0.2308
  0.2276   1.6391  -0.8979  -0.5918   0.0776  -0.2534
  0.2393   1.6075  -0.8738  -0.6042   0.0788  -0.2016
  0.2293   1.5795  -0.8703  -0.5705   0.0797  -0.2016
  0.2397   1.5321  -0.8393  -0.5463   0.0735  -0.2447
  0.2369   1.5411  -0.8252  -0.5479   0.0593  -0.2647
  0.2437   1.5684  -0.8449  -0.5401   0.0505  -0.2617
  0.2290   1.5611  -0.8496  -0.5547   0.0522  -0.2783
  0.2382   1.6295  -0.8784  -0.5741   0.0564  -0.2727
  0.2299   1.7044  -0.9096  -0.6357   0.0598  -0.2770
  0.2256   1.7278  -0.9266  -0.6287   0.0591  -0.2575
  0.2600   1.6890  -0.8725  -0.6042   0.0773  -0.2758
  0.2632   1.6289  -0.8469  -0.5648   0.0927  -0.2619
  0.3067   1.5513  -0.7534  -0.4680   0.0620  -0.2816
  0.2987   1.5569  -0.7575  -0.5013   0.0641  -0.2994
  0.2634   1.5646  -0.7760  -0.5044   0.0562  -0.2965
  0.2850   1.6326  -0.7908  -0.5255   0.0681  -0.3059
  0.3190   1.6139  -0.7891  -0.5065   0.0733  -0.3041
  0.3477   1.6778  -0.8483  -0.5769   0.0987  -0.3182
  0.3441   1.8145  -0.9151  -0.6829   0.0784  -0.2656
  0.5475   2.2424  -1.0144  -0.7394   0.1702  -0.5100
  0.4046   1.9454  -0.9144  -0.6744   0.1028  -0.3874
  0.3653   1.8374  -0.8717  -0.6146   0.0924  -0.3798
  0.3257   1.8506  -0.8802  -0.6168   0.0893  -0.3526
  0.3751   1.8134  -0.8588  -0.5813   0.1037  -0.3421
  0.2269   1.8221  -0.7603  -0.6129   0.0669  -0.2843
  0.3892   2.8189  -1.2089  -0.8965   0.3245  -0.5344
  0.6355   2.4917  -0.6955  -0.7416   0.2639  -0.5277
  0.5122   3.2020  -1.0152  -0.9274   0.1486  -0.6001
  0.4072   2.5327  -0.9918  -0.6910   0.0746  -0.5040
  0.3401   2.1560  -0.9469  -0.7202   0.0828  -0.3446
  0.3260   1.6393  -0.7230  -0.4900   0.0796  -0.3152
  0.2257   1.6423  -0.9132  -0.8827   0.0962  -0.0560
  0.1944   1.3525  -0.7909  -0.6647   0.0965  -0.0972
  0.2326   1.3477  -0.6640  -0.5615   0.0827  -0.1677
  0.2480   1.3603  -0.6574  -0.5327   0.1187  -0.1323
  0.2615   1.3760  -0.7176  -0.5534   0.0491  -0.1603
  0.2031   2.2638  -2.4643  -1.1699   0.0087  -0.3580
 -0.5671   2.6563  -0.2239  -0.6664  -0.3725  -0.2207
  0.6131   2.4036  -1.5585  -0.8312   0.6061  -0.4761
  0.3655   1.4925  -0.3659  -0.4652   0.1870  -0.2638
  0.0498   2.7402  -0.6360  -1.0255  -0.1123  -0.3105
  0.0786   3.2394  -0.9673  -1.1544  -0.1697  -0.5199
 -0.0287   2.9693  -0.9219  -1.2145  -0.1979  -0.3672
  0.1635   2.7979  -0.8262  -1.1602  -0.0988  -0.3309
  0.1061   2.6098  -0.7681  -0.9687  -0.0873  -0.2986
  0.0185   2.5676  -0.7344  -0.9221  -0.0530  -0.2530
 -0.0385   2.2625  -0.6700  -0.8142  -0.1089  -0.2152
 -0.0590   2.1892  -0.7238  -0.8149  -0.1154  -0.2053
 -0.0813   2.1071  -0.7269  -0.7461  -0.1192  -0.2446
 -0.1224   2.0609  -0.7427  -0.7412  -0.1696  -0.2282
 -0.2319   1.7305  -0.7012  -0.7765  -0.2055  -0.0817
 -0.1452   1.7552  -0.6800  -0.9205  -0.1142  -0.0447
  0.0791   1.4284  -0.4461  -0.6425   0.0235  -0.0805
 -0.0906   1.5387  -0.5820  -0.5684  -0.1191  -0.1455
 -0.0820   1.5340  -0.5921  -0.5143  -0.1307  -0.1841
 -0.0196   1.4558  -0.5025  -0.4736  -0.1275  -0.2060
 -0.0497   1.4497  -0.5065  -0.4767  -0.1475  -0.1958
 -0.0285   1.4315  -0.5143  -0.4081  -0.1405  -0.2045
 -0.0364   1.4366  -0.5163  -0.5045  -0.1355  -0.1620
 -0.0358   1.5701  -0.5583  -0.8758  -0.1290   0.0302
 -0.0545   1.4442  -0.6554  -0.5559  -0.2265  -0.1431
  0.1979   2.0688  -0.5019  -0.3923   0.3149  -0.5065
  0.2940   3.2723  -0.1934  -0.6254   0.0376  -0.6698
  0.1311   2.3479  -0.3371  -0.4319  -0.0530  -0.4728
  0.0771   2.1065  -0.3880  -0.4317  -0.0910  -0.4098
  0.0355   1.7706  -0.3133  -0.3637  -0.0757  -0.3195
  0.0372   1.7046  -0.2606  -0.3572  -0.0789  -0.2709
  0.0082   1.6100  -0.2806  -0.3236  -0.0914  -0.2629
 -0.0818   1.5513  -0.3863  -0.6591  -0.1163  -0.0814
 -0.0785   1.5813  -0.4745  -0.5475  -0.1004  -0.1634
 -0.0512   1.5287  -0.4159  -0.4776  -0.0705  -0.1815
 -0.0774   1.4294  -0.3942  -0.4349  -0.0972  -0.1725
 -0.1183   1.4667  -0.4473  -0.4389  -0.1250  -0.2002
 -0.1011   1.3970  -0.4147  -0.4211  -0.1138  -0.1871
 -0.0654   1.4134  -0.3999  -0.4175  -0.0918  -0.1923
 -0.1008   1.3516  -0.3806  -0.4235  -0.1105  -0.1661
 -0.0610   1.3485  -0.3554  -0.4067  -0.0813  -0.1725
 -0.0594   1.3815  -0.3675  -0.4190  -0.0918  -0.1954
 -0.0492   1.4764  -0.4109  -0.4494  -0.0663  -0.1973
 -0.0565   1.3818  -0.3663  -0.4842  -0.0584  -0.1796
 -0.0883   1.3349  -0.3345  -0.5815  -0.0518  -0.0608
 -0.0613   1.3213  -0.2868  -0.5031  -0.0493  -0.1134
 -0.0459   1.3085  -0.2800  -0.4657  -0.0467  -0.1076
 -0.0578   1.3214  -0.3059  -0.4891  -0.0548  -0.1278
 -0.0541   1.3360  -0.3157  -0.4867  -0.0587  -0.1316
  0.0511   1.4448  -0.3616  -0.5503   0.0089  -0.1979
  0.0277   1.3635  -0.1900  -0.4935  -0.0028  -0.1207
  0.1938   1.5552  -0.1334  -0.7319   0.0107  -0.1779
  0.4474   1.6395   0.2647  -0.3564   0.1697  -0.2822
  0.5917  -4.2561   1.6286   4.5533   0.0923  -0.8182
 -0.2913  -1.4916   0.8557   0.5587  -0.3926  -0.1657
 -0.4303   0.0589   0.1138   0.0589  -0.2557   0.1169
 -0.3608  -0.0900   0.2296  -0.1966  -0.2248   0.2940
 -0.4381  -0.4795   0.2348   0.1859  -0.2188   0.1995
 -0.3678  -0.5927   0.2706   0.1864  -0.2173   0.2050
 -0.2354  -0.5655   0.2077   0.1552  -0.2316   0.1314
 -0.3745  -0.4589   0.1067   0.1370  -0.2185   0.2168
 -0.2369  -0.4750   0.1370   0.2465  -0.1809   0.1057
 -0.3150  -0.3154  -0.0215   0.1396  -0.3080   0.1194
 -0.3564  -0.3797  -0.0482   0.1927  -0.2862   0.1322
 -0.3127  -0.4719  -0.0353   0.1008  -0.2666   0.1956
 -0.2824  -0.3330   0.0184   0.1638  -0.2270   0.0960
 -0.3050  -0.4042  -0.0109   0.2569  -0.2661   0.1312
 -0.2623  -0.4652   0.0565   0.2578  -0.2391   0.1154
 -0.2955  -0.8451  -0.0686   0.0757  -0.1392   0.3356
 -0.2814  -0.7909  -0.0189   0.2219  -0.1699   0.2225
 -0.3518  -0.6994  -0.0773   0.2964  -0.2477   0.1538
 -0.7637  -0.6180  -1.1413   0.1016  -0.4255   0.2106
  1.3386  -0.7809   3.1414   1.2670   0.7323  -0.4127
  0.5320  -0.3794   1.0055   0.5908   0.2962  -0.1814
  0.4200  -0.4960   0.8103   0.3552   0.3224  -0.0401
  0.3754  -0.5521   0.8185   0.2299   0.3031   0.0857
  0.2373  -0.6738   0.7794   0.2280   0.2648   0.1652
  0.1567  -0.7926   0.7957   0.3797   0.2224   0.1351
  0.1360  -0.8561   0.7952   0.4336   0.1945   0.1362
  0.1235  -0.9653   0.8156   0.4733   0.1759   0.1490
  0.1073  -1.0769   0.8731   0.5408   0.1706   0.1443
  0.1667  -1.1119   0.9466   0.6271   0.1967   0.1161
  0.1954  -1.1311   0.8913   0.4127   0.1606   0.2048
  0.1025  -0.9799   0.7317   0.2733   0.1746   0.2346
  0.1675  -0.9843   0.8512   0.3344   0.2095   0.2080
  0.1034  -1.1169   0.8122   0.4435   0.1853   0.2101
  0.0960  -1.1019   0.7850   0.4234   0.1718   0.1875
  0.0832  -1.1686   0.8482   0.4812   0.1829   0.2060
  0.0416  -1.1681   0.8115   0.4873   0.1538   0.1976
  0.0490  -1.1093   0.8101   0.4199   0.1533   0.2050
  0.0939  -1.2171   0.8772   0.4500   0.1885   0.2224
  0.1163  -1.2009   0.8884   0.5154   0.1759   0.1759
  0.0911  -1.2846   0.9607   0.5475   0.1870   0.1829
  0.1876  -1.1676   0.9819   0.4928   0.2032   0.2181
  0.1691  -1.2878   0.9998   0.5406   0.2088   0.2263
  0.1136  -1.4434   0.9852   0.5712   0.2042   0.2755
  0.1013  -1.5781   1.0569   0.6992   0.2108   0.2504
  0.0794  -1.5698   1.0766   0.7163   0.2394   0.2449
  0.0811  -1.5486   1.0379   0.6815   0.2129   0.1897
  0.0662  -1.4480   1.0083   0.6440   0.2018   0.2168
  0.1070  -1.3786   0.9742   0.6601   0.2090   0.1799
  0.0876  -1.3755   0.9522   0.5858   0.2008   0.2007
  0.0486  -1.4797   0.9785   0.6370   0.2257   0.2572
  0.0963  -1.5021   1.0428   0.7477   0.2080   0.2067
  0.0636  -1.1124   0.8725   0.6617   0.1328   0.0361
  0.1035  -0.8429   0.7773   0.5825   0.1197   0.0112
  0.0978  -0.9277   0.8279   0.5988   0.1398   0.0755
  0.0695  -1.0587   0.8376   0.6347   0.1062   0.0882
 -0.0596  -0.9748   0.6825   0.2907   0.1129   0.2023
  0.0103  -0.9000   0.6425   0.3971   0.0716   0.1141
  0.0259  -0.9454   0.6536   0.4709   0.1005   0.0961
  0.0392  -1.0101   0.7015   0.5196   0.1099   0.1153
  0.0434  -1.0147   0.6979   0.4951   0.1149   0.1102
  0.0430  -1.0246   0.7156   0.5223   0.1124   0.1002
  0.0297  -0.9487   0.6827   0.5080   0.0954   0.0725
  0.0414  -0.9540   0.6807   0.5134   0.1003   0.0592
  0.0370  -0.9555   0.6879   0.5076   0.0974   0.0697
  0.0393  -0.6693   0.6046   0.3930   0.0663   0.0216
  0.0037  -0.5947   0.5010   0.3454   0.0559   0.0164
  0.0124  -0.6895   0.5172   0.4136   0.0530   0.0033
  0.0155  -0.7577   0.4357   0.3373   0.0321   0.0776
  0.0135  -1.0679   0.3218   0.3110   0.1005   0.1542
  0.0190  -1.0995   0.4180   0.2871   0.0816   0.1770
  0.0288  -1.0556   0.4782   0.2361   0.1126   0.1893
  0.0164  -0.9994   0.5744   0.3301   0.1061   0.1308
  0.0353  -0.9685   0.5656   0.3953   0.1242   0.1230
  0.0123  -1.0357   0.5642   0.3829   0.1194   0.1559
  0.0176  -1.0719   0.5491   0.4000   0.1212   0.1623
  0.0486  -1.2505   0.5606   0.4189   0.1309   0.1585
  0.0470  -1.2099   0.5677   0.4811   0.1175   0.0987
  0.0385  -1.1171   0.6166   0.4566   0.1173   0.1324
  0.0854  -0.7739   0.7587   1.2313   0.0348  -0.4914
  0.0601  -0.7231   0.5804   0.5398   0.0624  -0.0640
  0.0130  -0.9340   0.5362   0.4531   0.0787   0.0666
  0.0090  -1.0602   0.5606   0.4895   0.0924   0.1304
  0.0254  -1.0193   0.5681   0.5127   0.1178   0.1108
  0.0240  -1.0106   0.5431   0.5610   0.0864   0.0413
  0.0274  -0.9779   0.5277   0.4638   0.0971   0.0679
  0.0585  -1.0257   0.5872   0.5736   0.0946   0.0406
  0.0640  -1.0433   0.5813   0.5294   0.1039   0.0356
  0.1524  -1.2630   0.4560   0.7967   0.0327   0.1829
  1.8038  -5.3115  -0.5907   3.5725   0.8284  -0.2797
  2.5340  -7.6756  -1.1892   4.2771   1.2299   0.0175
  3.8172  -6.9636  -4.0908   4.3877   1.3853  -1.0161
  1.5363  -3.3136  -1.3966   1.7740   0.4924  -0.5421
  1.2464  -2.8741  -1.3854   1.5862   0.4644  -0.1662
  0.8936  -2.1000  -1.1027   1.0628   0.4784   0.3270
  0.8421  -3.4237  -0.5709   1.1282   0.4819   0.4331
  0.8754  -4.3700  -0.7715   1.1087   0.4114   0.8038
  0.9604  -4.7632  -0.7209   1.2549   0.5817   0.6765
  1.2402  -4.8754  -0.4993   1.3587   0.7048   0.6267
  1.1070  -4.9182  -0.4106   1.3603   0.6698   0.6688
  1.0953  -4.8911  -0.2994   1.4711   0.6664   0.6640
  1.1279  -4.8896  -0.2071   1.4894   0.6691   0.6412
  1.0721  -4.8394  -0.2597   1.2936   0.6819   0.6317
  1.1810  -4.6744  -0.0054   0.6604   0.7726   0.7857
  0.7822  -3.9130  -0.4631   0.1741   0.4070   0.7045
  0.5748  -1.6877  -0.7046  -0.3299   0.3866   0.3762
 -0.1960  -1.4609  -0.6782  -0.2286  -0.0734   0.4667
 -0.1723  -1.0278  -0.2132  -0.0347  -0.1273   0.3245
 -0.1689  -1.1401  -0.3178  -0.0503  -0.0336   0.3424
 -0.0057  -1.2580  -0.1535   0.0146  -0.1031   0.3166
 -0.0641  -1.1933  -0.5342   0.0616   0.1571   0.2801
  0.1965  -0.5161   0.0004   0.0190   0.0943   0.0183
 -0.2345  -0.8349  -0.4921  -0.0095  -0.1066   0.1655
 -0.1325  -0.9789  -0.2554   0.0043  -0.2432   0.2579
  0.1493   0.0711  -0.1692  -0.1895  -0.0573  -0.3987
 -0.2637  -0.4340  -0.0301   0.0875  -0.1273   0.1651
 -0.3938  -0.4610  -0.1553   0.1669  -0.2875   0.0499
 -0.5938  -0.5377  -0.0717   0.1322  -0.2885   0.1533
 -0.5526  -0.7514  -0.1064   0.1592  -0.2643   0.2020
 -0.2327  -1.2240  -0.0920   0.3216  -0.1208   0.1416
 -1.0668  -0.7653  -0.1497   0.0453  -0.4976   0.3099
 -1.3745  -0.8558  -0.0504   0.1019  -0.6512   0.3489
 -0.9752  -1.0182   0.1361   0.1081  -0.4660   0.4079
 -0.8868  -1.2670   0.2562   0.2059  -0.4195   0.4084
 -0.8919  -1.3264   0.2763   0.2541  -0.4126   0.4028
 -0.5609  -0.9376   0.3555   0.3138  -0.3185   0.1684
 -0.6554  -1.0346   0.1974   0.2068  -0.3293   0.2399
 -0.6697  -1.0076   0.2744   0.2046  -0.3608   0.2678
 -0.6848  -1.1160   0.2584   0.2319  -0.3492   0.2809
 -0.7178  -1.1931   0.3249   0.3110  -0.3628   0.2692
 -0.6564  -1.1853   0.4077   0.3747  -0.3365   0.2315
 -0.6406  -1.1860   0.4037   0.3415  -0.3236   0.2626
 -0.6274  -1.2215   0.4156   0.3731  -0.3202   0.2591
 -0.6056  -1.2611   0.4286   0.3549  -0.2979   0.2895
 -0.6125  -1.3282   0.4551   0.4217  -0.2965   0.2727
 -0.6478  -1.3170   0.4341   0.4051  -0.2932   0.2606
 -0.6510  -1.2505   0.4252   0.3620  -0.3154   0.2919
 -0.6174  -1.2271   0.4069   0.3475  -0.3056   0.2797
 -0.6648  -1.2566   0.3581   0.3656  -0.3354   0.2854
 -0.7137  -1.2997   0.2388   0.1899  -0.3133   0.3273
 -0.5368  -0.8317   0.2088   0.0632  -0.3887   0.3859
 -0.6631  -0.8648   0.5449   0.5987  -0.4125   0.1409
 -0.4096  -1.2676   0.2874   0.2950  -0.2707  -0.0044
 -0.3035   0.5376   0.5405  -0.7956  -0.1368   0.3206
  0.0503  -0.8190   0.5216  -0.2660  -0.0321   0.2413
 -0.2102  -0.6145   0.5621  -0.2327  -0.1702   0.2648
 -0.1773  -0.5020   0.4883  -0.4381  -0.1397   0.3342
  0.0318  -0.8450   0.5888  -0.4525  -0.0384   0.4523
 -0.1092  -0.6766   0.3899  -0.5493  -0.1186   0.4271
 -0.0351  -1.0387   0.4530  -0.2083  -0.0553   0.4053
 -0.0511  -1.1286   0.6030  -0.1493  -0.0524   0.3888
 -0.0293  -1.1725   0.5907   0.0618  -0.0705   0.2967
 -0.4667  -1.1720   0.0632  -0.2233  -0.2258   0.4612
 -0.2321  -1.4516   0.2985  -0.1653  -0.0781   0.4448
 -0.0695  -1.3004   0.4629  -0.3290  -0.0767   0.4742
 -0.0087  -1.5099   0.6151   0.2124   0.0375   0.3281
  0.1507  -0.9805   0.4918   0.5508   0.0138  -0.1615
 -0.0268  -0.5174   0.4641   0.1973  -0.1105  -0.0124
 -0.1609  -0.9366   0.8758   0.0615   0.0532   0.0058
 -0.2358  -0.9767   0.6981   0.3045  -0.0929   0.0717
 -0.2515  -0.9631   0.5861   0.4171  -0.1142   0.0261
 -0.2001  -0.9720   0.5461   0.4634  -0.0862   0.0169
 -0.1875  -1.1454   0.5838   0.5631  -0.0700   0.0197
 -0.1725  -0.8244   0.6629   0.5287  -0.1164  -0.1083
 -0.0946  -0.6557   0.5218   0.4396  -0.1230  -0.2057
  0.3570   0.0366   0.2021   0.1776  -0.0870  -0.3992
  0.7485   0.4233  -0.3665   0.1689   0.1240  -0.5943
 -1.1904   0.2828   1.2545   0.4457  -0.7886  -0.0511
  0.2557  -0.2788  -0.1248   0.2833  -0.0272  -0.2999
 -0.0266  -0.1353   0.0663   0.2911  -0.1514  -0.2532
 -0.0018  -0.3031   0.1430   0.3698  -0.1311  -0.2343
 -0.0652  -0.4507   0.1823   0.2306  -0.1685  -0.1112
 -0.0763  -0.4831   0.1664   0.0539  -0.1455  -0.0041
 -0.1364  -0.5498   0.1548   0.2178  -0.1534  -0.0408
 -0.0602  -0.6195   0.2053   0.3109  -0.1173  -0.1009
