  0.1286  -0.2798   0.0489   0.1684   0.2336  -0.0308
  0.1355  -0.3131   0.0538   0.2221   0.2368  -0.0099
  0.1330  -0.2916   0.0501   0.1828   0.2434   0.0164
  0.1271  -0.3089   0.0414   0.2166   0.2264  -0.0466
  0.1335  -0.2729   0.0409   0.1745   0.2380   0.0506
  0.1343  -0.2786   0.0416   0.1946   0.2288  -0.0425
  0.1233  -0.2923   0.0361   0.1862   0.2178   0.0383
  0.1165  -0.2756   0.0317   0.2105   0.2111  -0.0432
  0.1212  -0.2981   0.0333   0.1922   0.2125   0.0712
  0.1226  -0.2676   0.0311   0.2109   0.2128  -0.0170
  0.1271  -0.3074   0.0347   0.1984   0.2100   0.0326
  0.1247  -0.2868   0.0264   0.2035   0.2173   0.0159
  0.1267  -0.2999   0.0303   0.2338   0.2163  -0.0211
  0.1272  -0.2949   0.0258   0.1928   0.2115   0.0864
  0.1295  -0.2902   0.0208   0.2072   0.2118   0.0018
  0.1243  -0.3152   0.0226   0.2082   0.1977   0.0631
  0.1258  -0.2717   0.0241   0.1988   0.2094   0.0218
  0.1239  -0.2982   0.0260   0.2296   0.1929  -0.0048
  0.1208  -0.2649   0.0105   0.1758   0.1959   0.0422
  0.1250  -0.2887   0.0154   0.2191   0.1869  -0.0169
  0.1219  -0.2641   0.0060   0.1681   0.1830   0.0157
  0.1188  -0.2736   0.0190   0.2378   0.1768  -0.0238
  0.1138  -0.2628   0.0014   0.1891   0.1778   0.0181
  0.1137  -0.2679   0.0175   0.2314   0.1618  -0.0528
  0.1104  -0.2755   0.0111   0.2000   0.1667   0.0411
  0.1086  -0.2615   0.0135   0.2165   0.1667  -0.0731
  0.1191  -0.2840   0.0215   0.2084   0.1768   0.0291
  0.1175  -0.2588   0.0226   0.2007   0.1694  -0.0436
  0.1170  -0.2906   0.0197   0.2396   0.1684  -0.0053
  0.1138  -0.2517   0.0194   0.2248   0.1625  -0.0173
  0.1069  -0.2672   0.0224   0.2520   0.1537   0.0133
  0.1096  -0.2599   0.0136   0.2374   0.1615  -0.0019
  0.1068  -0.2643   0.0136   0.2724   0.1436  -0.0711
  0.0943  -0.2584   0.0083   0.2170   0.1389   0.0154
  0.0977  -0.2618   0.0151   0.2678   0.1336  -0.0387
  0.0971  -0.2574   0.0120   0.2069   0.1404   0.0568
  0.1030  -0.2497   0.0146   0.2617   0.1308  -0.0560
  0.1088  -0.2605   0.0083   0.2322   0.1466  -0.0091
  0.1064  -0.2425   0.0019   0.2641   0.1376  -0.0538
  0.1044  -0.2492   0.0026   0.2313   0.1436   0.0084
  0.1095  -0.2122  -0.0047   0.2388   0.1323  -0.0657
  0.1046  -0.2472   0.0035   0.2367   0.1304  -0.0528
  0.0966  -0.2053  -0.0001   0.2469   0.1173  -0.0601
  0.1002  -0.2484   0.0010   0.2529   0.1224   0.0016
  0.0966  -0.1912  -0.0063   0.2361   0.1180  -0.0303
  0.0908  -0.2323  -0.0019   0.2468   0.1093  -0.0222
  0.0931  -0.1986  -0.0018   0.2225   0.1190  -0.0288
  0.0924  -0.2307   0.0008   0.2574   0.1168  -0.0378
  0.0893  -0.2063  -0.0059   0.2273   0.1200  -0.0226
  0.0902  -0.2303   0.0050   0.2606   0.1156  -0.0412
  0.0876  -0.1989  -0.0075   0.1979   0.1178  -0.0271
  0.0894  -0.2237   0.0035   0.2439   0.1091  -0.0060
  0.0878  -0.2031  -0.0060   0.2221   0.1080  -0.0161
  0.0884  -0.2276   0.0021   0.2626   0.0998  -0.0454
  0.0906  -0.2124  -0.0042   0.2214   0.1094   0.0371
  0.0878  -0.2185   0.0024   0.2618   0.1032  -0.0453
  0.0808  -0.2187  -0.0007   0.2256   0.0997   0.0557
  0.0759  -0.2104  -0.0030   0.2455   0.0994  -0.0490
  0.0762  -0.2351  -0.0004   0.2421   0.1006   0.0164
  0.0756  -0.2032  -0.0113   0.2310   0.1034  -0.0317
  0.0781  -0.2321  -0.0043   0.2587   0.0990   0.0330
  0.0761  -0.1984  -0.0096   0.2097   0.1082  -0.0567
  0.0732  -0.2168  -0.0041   0.2408   0.1020  -0.0355
  0.0720  -0.1944  -0.0081   0.2121   0.0996   0.0017
  0.0759  -0.1880  -0.0008   0.2499   0.0877  -0.0470
  0.0712  -0.2172  -0.0037   0.2335   0.0937   0.0404
  0.0737  -0.1849  -0.0050   0.2393   0.0940  -0.0570
  0.0791  -0.2194  -0.0024   0.2449   0.0933  -0.0157
  0.0801  -0.1681  -0.0001   0.2293   0.0932  -0.0669
  0.0746  -0.2130  -0.0021   0.2480   0.0824  -0.0168
  0.0682  -0.1701  -0.0131   0.2370   0.0820  -0.0426
  0.0642  -0.2101  -0.0023   0.2733   0.0646  -0.0486
  0.0618  -0.1586  -0.0120   0.2121   0.0765  -0.0202
  0.0606  -0.2000  -0.0093   0.2483   0.0564  -0.0545
  0.0614  -0.1499  -0.0116   0.2112   0.0747  -0.0270
  0.0629  -0.1982  -0.0045   0.2659   0.0652  -0.0346
  0.0603  -0.1663  -0.0069   0.1571   0.0831   0.0341
  0.0518  -0.1700   0.0067   0.1265   0.0710  -0.0174
  0.0521  -0.1902   0.0072   0.1628   0.0535   0.0744
  0.0478  -0.1597   0.0139   0.1398   0.0496  -0.0307
  0.0437  -0.1811   0.0142   0.1898   0.0362   0.0052
  0.0458  -0.1539   0.0179   0.1620   0.0417   0.0376
  0.0462  -0.1532   0.0127   0.1702   0.0442  -0.0452
  0.0462  -0.1696  -0.0018   0.1684   0.0477   0.0167
  0.0449  -0.1357  -0.0015   0.1487   0.0495  -0.0250
  0.0431  -0.1827  -0.0027   0.1708   0.0397   0.0097
  0.0399  -0.1423  -0.0051   0.1449   0.0429  -0.0050
  0.0414  -0.1770  -0.0013   0.1888   0.0343  -0.0184
  0.0358  -0.1392  -0.0155   0.1187   0.0416  -0.0122
  0.0310  -0.1597  -0.0107   0.1810   0.0294  -0.0604
  0.0334  -0.1332  -0.0163   0.1190   0.0363   0.0597
  0.0356  -0.1717  -0.0130   0.1819   0.0333  -0.0533
  0.0431  -0.1295  -0.0157   0.1315   0.0540  -0.0201
  0.0354  -0.1761  -0.0195   0.1680   0.0373  -0.0270
  0.0271  -0.1396  -0.0224   0.1458   0.0342  -0.0326
  0.0232  -0.1749  -0.0193   0.1906   0.0195  -0.0647
  0.0249  -0.1425  -0.0199   0.1283   0.0396  -0.0165
  0.0249  -0.1808  -0.0166   0.2012   0.0304  -0.0367
  0.0258  -0.1469  -0.0249   0.1368   0.0537  -0.0211
  0.0235  -0.1636  -0.0252   0.1697   0.0408  -0.0436
  0.0172  -0.1525  -0.0256   0.1338   0.0374  -0.0055
  0.0135  -0.1515  -0.0296   0.1608   0.0217  -0.0585
  0.0128  -0.1272  -0.0279   0.1205   0.0277   0.0183
  0.0076  -0.1374  -0.0325   0.1439   0.0131  -0.0723
  0.0052  -0.1375  -0.0261   0.1183   0.0173  -0.0256
 -0.0047  -0.1315  -0.0292   0.1549   0.0010  -0.0684
 -0.0068  -0.1223  -0.0246   0.1243   0.0138   0.0104
 -0.0018  -0.1119  -0.0266   0.1298   0.0075  -0.0229
 -0.0031  -0.1319  -0.0320   0.1259   0.0056  -0.0035
 -0.0086  -0.1164  -0.0275   0.1496  -0.0061  -0.0653
 -0.0134  -0.1377  -0.0296   0.1247  -0.0037   0.0165
 -0.0129  -0.0960  -0.0309   0.1463  -0.0012  -0.0471
 -0.0126  -0.1351  -0.0327   0.1330  -0.0080  -0.0393
 -0.0159  -0.1145  -0.0361   0.1343  -0.0128  -0.0820
 -0.0111  -0.1453  -0.0439   0.1225  -0.0061   0.0301
 -0.0174  -0.1035  -0.0517   0.1320  -0.0208  -0.0411
 -0.0252  -0.1356  -0.0496   0.1462  -0.0400   0.0393
 -0.0260  -0.0921  -0.0527   0.1211  -0.0331  -0.0377
 -0.0268  -0.1292  -0.0521   0.1429  -0.0372  -0.0153
 -0.0278  -0.0815  -0.0506   0.1271  -0.0452  -0.0079
 -0.0309  -0.1314  -0.0500   0.1456  -0.0544   0.0338
 -0.0293  -0.0917  -0.0536   0.1163  -0.0466  -0.0371
 -0.0306  -0.1277  -0.0469   0.1359  -0.0397   0.0035
 -0.0358  -0.0965  -0.0502   0.0999  -0.0419   0.0009
 -0.0373  -0.1335  -0.0462   0.1213  -0.0481   0.0365
 -0.0341  -0.0780  -0.0513   0.0876  -0.0421   0.0132
 -0.0325  -0.1285  -0.0517   0.1412  -0.0367   0.0106
 -0.0345  -0.0900  -0.0529   0.1067  -0.0293  -0.0032
 -0.0300  -0.1219  -0.0581   0.1353  -0.0323  -0.0077
 -0.0329  -0.0711  -0.0543   0.0855  -0.0277  -0.0197
 -0.0331  -0.1127  -0.0491   0.1358  -0.0340  -0.0496
 -0.0312  -0.0797  -0.0394   0.1100  -0.0244   0.0250
 -0.0193  -0.0815  -0.0423   0.1442  -0.0194  -0.0516
 -0.0230  -0.1135  -0.0466   0.1240  -0.0233   0.0280
 -0.0235  -0.0709  -0.0471   0.1359  -0.0245  -0.0632
 -0.0217  -0.0990  -0.0427   0.1529  -0.0265   0.0186
 -0.0273  -0.0639  -0.0458   0.1213  -0.0275  -0.0072
 -0.0218  -0.0816  -0.0459   0.1425  -0.0272   0.0037
 -0.0246  -0.0705  -0.0482   0.1096  -0.0218   0.0025
 -0.0257  -0.0721  -0.0482   0.1346  -0.0247  -0.0735
 -0.0254  -0.0713  -0.0438   0.1072  -0.0259   0.0398
 -0.0197  -0.0608  -0.0443   0.1333  -0.0215  -0.1011
 -0.0190  -0.0791  -0.0366   0.1220  -0.0259  -0.0098
 -0.0181  -0.0398  -0.0403   0.1200  -0.0205  -0.0631
 -0.0162  -0.0779  -0.0337   0.1369  -0.0201  -0.0427
 -0.0151  -0.0493  -0.0434   0.1008  -0.0187   0.0027
 -0.0160  -0.0686  -0.0363   0.1395  -0.0220  -0.0634
 -0.0179  -0.0440  -0.0422   0.1079  -0.0166  -0.0658
 -0.0186  -0.0509  -0.0414   0.1329  -0.0261  -0.0565
 -0.0225  -0.0526  -0.0404   0.1281  -0.0251   0.0322
 -0.0225  -0.0324  -0.0382   0.1187  -0.0291  -0.0530
 -0.0171  -0.0592  -0.0455   0.1215  -0.0203  -0.0204
 -0.0233  -0.0259  -0.0443   0.1208  -0.0227  -0.0546
 -0.0249  -0.0504  -0.0443   0.1101  -0.0205  -0.0066
 -0.0234  -0.0126  -0.0402   0.1085  -0.0291  -0.0568
 -0.0309  -0.0448  -0.0368   0.1052  -0.0370  -0.0361
 -0.0332   0.0144  -0.0359   0.0752  -0.0420  -0.0524
 -0.0380  -0.0266  -0.0360   0.0867  -0.0402   0.0260
 -0.0371   0.0126  -0.0359   0.0659  -0.0394  -0.0261
 -0.0457  -0.0290  -0.0323   0.0870  -0.0543   0.0229
 -0.0382   0.0260  -0.0298   0.0314  -0.0457  -0.0126
 -0.0445  -0.0223  -0.0334   0.1027  -0.0509  -0.0092
 -0.0440   0.0289  -0.0446   0.0494  -0.0494  -0.0206
 -0.0458   0.0020  -0.0359   0.0862  -0.0604  -0.0241
 -0.0554   0.0338  -0.0396   0.0454  -0.0638  -0.0085
 -0.0541   0.0140  -0.0345   0.0962  -0.0706  -0.0248
 -0.0526   0.0299  -0.0374   0.0354  -0.0600   0.0455
 -0.0563   0.0260  -0.0283   0.0451  -0.0727  -0.0503
 -0.0634   0.0355  -0.0439   0.0054  -0.0719   0.0011
 -0.0677   0.0375  -0.0418   0.0547  -0.0843  -0.0689
 -0.0716   0.0289  -0.0349  -0.0112  -0.0781   0.0365
 -0.0767   0.0497  -0.0402   0.0272  -0.0974  -0.0280
 -0.0778   0.0446  -0.0417  -0.0226  -0.0860   0.0318
 -0.0772   0.0584  -0.0378  -0.0087  -0.0997  -0.0560
 -0.0817   0.0521  -0.0287  -0.0565  -0.0910   0.0635
 -0.0718   0.0866  -0.0263  -0.0587  -0.0951   0.0091
 -0.0671   0.0615  -0.0209  -0.0708  -0.0874   0.0570
 -0.0647   0.1024  -0.0137  -0.0774  -0.0849  -0.0553
 -0.0576   0.0607  -0.0109  -0.0588  -0.0871   0.0363
 -0.0526   0.1140  -0.0133  -0.0981  -0.0767   0.0427
 -0.0560   0.0907  -0.0111  -0.0565  -0.0879  -0.0042
 -0.0603   0.1188  -0.0181  -0.1217  -0.0764   0.0093
 -0.0614   0.1029  -0.0043  -0.0679  -0.0882  -0.0334
 -0.0651   0.1099  -0.0069  -0.1249  -0.0883   0.0636
 -0.0551   0.1364   0.0080  -0.1449  -0.0884  -0.0186
 -0.0552   0.1184   0.0165  -0.0881  -0.1148   0.0313
 -0.0505   0.1929   0.0016  -0.1457  -0.1066  -0.0414
 -0.0527   0.1875   0.0122  -0.1400  -0.1123  -0.0076
 -0.0484   0.2154   0.0048  -0.2018  -0.0862   0.0421
 -0.0455   0.2258   0.0009  -0.1806  -0.0921  -0.0352
 -0.0602   0.2088  -0.0068  -0.2288  -0.0922   0.0053
 -0.0573   0.2417  -0.0032  -0.2174  -0.0999   0.0028
 -0.0616   0.2090  -0.0029  -0.2311  -0.0990   0.0829
 -0.0577   0.2536   0.0014  -0.2161  -0.1039  -0.0348
 -0.0624   0.1995  -0.0055  -0.1947  -0.1036   0.0322
 -0.0608   0.2769   0.0089  -0.3179  -0.0653   0.0539
 -0.0430   0.2585   0.0420  -0.3372  -0.0458   0.0074
 -0.0484   0.2538   0.0498  -0.2840  -0.0704   0.0998
 -0.0492   0.3118   0.0359  -0.3502  -0.0694   0.0345
 -0.0474   0.2681   0.0388  -0.2918  -0.0732   0.0680
 -0.0429   0.3209   0.0281  -0.3461  -0.0591   0.0870
 -0.0466   0.2963   0.0387  -0.2854  -0.0790   0.0172
 -0.0508   0.3324   0.0373  -0.3295  -0.0788   0.0443
 -0.0469   0.3249   0.0384  -0.3172  -0.0775  -0.0128
 -0.0395   0.3243   0.0322  -0.3674  -0.0514   0.0581
 -0.0390   0.3595   0.0384  -0.3472  -0.0621  -0.0039
 -0.0549   0.3449   0.0402  -0.3810  -0.0821   0.0695
 -0.0563   0.3820   0.0390  -0.3903  -0.0862  -0.0456
 -0.0572   0.3403   0.0429  -0.3694  -0.0911   0.0358
 -0.0683   0.4107   0.0372  -0.4254  -0.0934   0.0073
 -0.0699   0.3563   0.0303  -0.3686  -0.1053   0.0086
 -0.0717   0.4059   0.0250  -0.4242  -0.1019   0.0044
 -0.0777   0.3764   0.0373  -0.3921  -0.1215   0.0169
 -0.0962   0.3894   0.0504  -0.4346  -0.1384   0.1003
 -0.0955   0.3837   0.0398  -0.3950  -0.1482   0.0191
 -0.0955   0.3894   0.0420  -0.4192  -0.1394   0.0132
 -0.0968   0.4178   0.0500  -0.4413  -0.1566   0.0205
 -0.1042   0.3964   0.0579  -0.4546  -0.1537   0.1073
 -0.0906   0.4239   0.0598  -0.4639  -0.1392   0.0487
 -0.1001   0.3933   0.0582  -0.4506  -0.1474   0.0498
 -0.1063   0.4617   0.0566  -0.5357  -0.1549   0.0506
 -0.1124   0.4117   0.0637  -0.4631  -0.1695   0.0241
 -0.1114   0.4531   0.0606  -0.5395  -0.1627   0.0478
 -0.1185   0.4742   0.0655  -0.5197  -0.1891  -0.0393
 -0.1050   0.4885   0.0576  -0.5640  -0.1730   0.0544
 -0.1178   0.5442   0.0676  -0.5818  -0.2032  -0.0096
 -0.1192   0.4956   0.0698  -0.5686  -0.1967   0.1220
 -0.1196   0.5506   0.0636  -0.6178  -0.1866   0.0150
 -0.0960   0.4988   0.0703  -0.5099  -0.1607   0.0057
 -0.1104   0.5384   0.0687  -0.5755  -0.1644   0.0288
 -0.1084   0.5132   0.0781  -0.5081  -0.1668   0.0540
 -0.1097   0.5498   0.0622  -0.5859  -0.1587   0.0841
 -0.1114   0.5277   0.0710  -0.5260  -0.1714   0.0066
 -0.1107   0.5495   0.0631  -0.5726  -0.1584   0.0731
 -0.1222   0.5333   0.0628  -0.5246  -0.1852   0.0191
 -0.1255   0.5635   0.0598  -0.5762  -0.1739   0.0442
 -0.1230   0.5424   0.0637  -0.5266  -0.1820   0.0271
 -0.1258   0.5662   0.0555  -0.5761  -0.1735   0.0843
 -0.1403   0.5847   0.0582  -0.6118  -0.1912  -0.0069
 -0.1372   0.6200   0.0626  -0.6572  -0.1950   0.1031
 -0.1438   0.5610   0.0613  -0.6149  -0.1925   0.0430
 -0.1493   0.5967   0.0560  -0.6168  -0.2035   0.0358
 -0.1506   0.5797   0.0606  -0.6374  -0.1940   0.0742
 -0.1528   0.6137   0.0503  -0.6312  -0.2069  -0.0056
 -0.1584   0.5939   0.0572  -0.6624  -0.2040   0.1088
 -0.1656   0.6340   0.0563  -0.6897  -0.2130   0.0173
 -0.1770   0.6029   0.0583  -0.6810  -0.2207   0.0967
 -0.1776   0.6489   0.0568  -0.6979  -0.2272   0.0688
 -0.1753   0.6012   0.0626  -0.6695  -0.2188   0.0935
 -0.1717   0.6340   0.0524  -0.7049  -0.2095   0.0360
