  0.0136  -0.2303  -0.0061  -0.0056  -0.0453  -0.0062
  0.0147  -0.2195  -0.0076  -0.0116  -0.0496  -0.0062
  0.0162  -0.2136   0.0011   0.0018  -0.0483  -0.0145
  0.0139  -0.2136  -0.0037  -0.0160  -0.0501  -0.0562
  0.0105  -0.1836  -0.0052  -0.0282  -0.0460   0.0049
  0.0175  -0.1633  -0.0002  -0.0092  -0.0509   0.0236
  0.0192  -0.1933   0.0034  -0.0123  -0.0534  -0.0351
  0.0139  -0.1801  -0.0029  -0.0209  -0.0601   0.0084
  0.0177  -0.1713  -0.0021  -0.0003  -0.0567   0.0052
  0.0161  -0.1726   0.0004   0.0094  -0.0541   0.0022
  0.0127  -0.1839  -0.0001   0.0057  -0.0585  -0.0309
  0.0046  -0.1908  -0.0025   0.0079  -0.0546  -0.0428
  0.0040  -0.1729  -0.0044  -0.0029  -0.0561   0.0321
  0.0037  -0.1787  -0.0021  -0.0122  -0.0506   0.0003
  0.0038  -0.1609  -0.0066  -0.0069  -0.0480   0.0140
 -0.0013  -0.1536  -0.0137   0.0334  -0.0385  -0.0307
  0.0058  -0.1431  -0.0128   0.0297  -0.0307   0.0381
  0.0008  -0.1427  -0.0142   0.0057  -0.0267  -0.0531
  0.0012  -0.1052  -0.0064  -0.0054  -0.0255   0.0255
  0.0087  -0.0902  -0.0059  -0.0199  -0.0196   0.0447
  0.0056  -0.1000  -0.0168  -0.0184  -0.0183  -0.0448
  0.0029  -0.0873  -0.0148  -0.0516  -0.0128   0.0143
  0.0041  -0.0691  -0.0107  -0.0429  -0.0155   0.0421
  0.0038  -0.0844  -0.0159  -0.0143  -0.0106   0.0145
  0.0105  -0.0887  -0.0152  -0.0111  -0.0107  -0.0087
  0.0112  -0.0785  -0.0115  -0.0288  -0.0141   0.0064
  0.0066  -0.0724  -0.0168  -0.0124  -0.0085   0.0044
  0.0051  -0.0537  -0.0138  -0.0374  -0.0093   0.0074
  0.0088  -0.0437  -0.0166  -0.0494  -0.0099   0.0250
  0.0141  -0.0389  -0.0152  -0.0669  -0.0134   0.0094
  0.0077  -0.0275  -0.0106  -0.0430  -0.0122   0.0034
  0.0097  -0.0278  -0.0147  -0.0424  -0.0116   0.0081
  0.0053  -0.0151  -0.0233  -0.0509  -0.0153   0.0075
 -0.0018  -0.0206  -0.0217  -0.0310  -0.0237   0.0125
 -0.0040  -0.0261  -0.0220  -0.0509  -0.0248   0.0065
 -0.0060  -0.0258  -0.0143  -0.0639  -0.0275  -0.0052
 -0.0064  -0.0055  -0.0182  -0.0525  -0.0251  -0.0052
 -0.0094  -0.0103  -0.0178  -0.0444  -0.0253   0.0311
 -0.0113   0.0068  -0.0211  -0.0336  -0.0234   0.0310
 -0.0104   0.0032  -0.0171  -0.0232  -0.0189   0.0286
 -0.0088  -0.0072  -0.0181  -0.0118  -0.0136   0.0034
 -0.0113  -0.0040  -0.0186  -0.0347  -0.0178  -0.0055
 -0.0156  -0.0023  -0.0229  -0.0171  -0.0207  -0.0135
 -0.0132   0.0045  -0.0158  -0.0408  -0.0199   0.0329
 -0.0127   0.0009  -0.0220  -0.0254  -0.0162  -0.0315
 -0.0153   0.0036  -0.0190  -0.0391   0.0002   0.0058
 -0.0131   0.0120  -0.0220  -0.0675   0.0069  -0.0021
 -0.0062   0.0053  -0.0203  -0.0319   0.0050   0.0205
 -0.0088   0.0116  -0.0202   0.0037  -0.0004   0.0374
 -0.0046   0.0110  -0.0159   0.0000   0.0020   0.0241
 -0.0097   0.0103  -0.0150  -0.0347   0.0028  -0.0205
  0.0016   0.0570  -0.0051  -0.0794   0.0240  -0.0177
  0.0122   0.1243   0.0250  -0.0202   0.0397   0.0272
 -0.0049   0.1351  -0.0005  -0.0151   0.0375   0.0406
 -0.0101   0.1433   0.0116  -0.0295   0.0269   0.0288
 -0.0096   0.1282   0.0102   0.0131   0.0239   0.0089
 -0.0095   0.1214   0.0106   0.0398   0.0327  -0.0070
 -0.0127   0.0985  -0.0157   0.0582   0.0436  -0.0133
 -0.0194   0.1075  -0.0154   0.0198   0.0465   0.0136
 -0.0104   0.1195   0.0200  -0.0056   0.0527  -0.0137
 -0.0051   0.1357   0.0168   0.0437   0.0565  -0.0087
 -0.0098   0.1407   0.0171   0.0411   0.0460  -0.0057
 -0.0118   0.1508   0.0127   0.0298   0.0383   0.0025
 -0.0082   0.1427   0.0189   0.0438   0.0471  -0.0049
 -0.0016   0.1556   0.0210   0.0424   0.0403   0.0011
 -0.0068   0.1525   0.0268   0.0337   0.0441   0.0122
 -0.0056   0.1594   0.0219   0.0540   0.0415  -0.0075
 -0.0057   0.1567   0.0249   0.0711   0.0424   0.0020
 -0.0031   0.1485   0.0275   0.0510   0.0451  -0.0028
  0.0011   0.1468   0.0260   0.0491   0.0482  -0.0173
 -0.0012   0.1475   0.0267   0.0406   0.0407  -0.0092
 -0.0076   0.1445   0.0313   0.0504   0.0379   0.0100
 -0.0040   0.1501   0.0266   0.0571   0.0415  -0.0152
 -0.0009   0.1353   0.0221   0.0773   0.0487  -0.0225
 -0.0008   0.1336   0.0279   0.0585   0.0471  -0.0330
 -0.0057   0.1401   0.0227   0.0653   0.0427  -0.0167
 -0.0054   0.1407   0.0328   0.0591   0.0418  -0.0173
 -0.0010   0.1507   0.0274   0.0536   0.0428  -0.0008
  0.0061   0.1497   0.0303   0.0663   0.0517  -0.0252
  0.0076   0.1446   0.0251   0.0498   0.0535  -0.0516
  0.0010   0.1394   0.0356   0.0329   0.0442  -0.0169
  0.0039   0.1441   0.0288   0.0817   0.0512   0.0091
