 -0.0676   0.1016  -0.1423  -0.0277  -0.0091   0.0513
 -0.0474   0.0896  -0.1303  -0.0307   0.0002   0.0292
 -0.0176   0.0470  -0.1240  -0.0223   0.0046   0.0960
 -0.0450   0.0977  -0.1326  -0.0236   0.0033   0.0115
 -0.0227   0.0587  -0.1237  -0.0098   0.0071   0.0336
 -0.0273   0.0604  -0.1197  -0.0008   0.0046   0.0184
 -0.0361   0.0900  -0.1149  -0.0042   0.0057  -0.0162
 -0.0280   0.0177  -0.0934  -0.0147   0.0022   0.0525
 -0.0083  -0.0246  -0.0929  -0.0016   0.0039   0.0570
 -0.0068   0.0526  -0.0741   0.0469   0.0093  -0.0437
  0.0000   0.0236  -0.0756   0.0253   0.0098   0.0038
  0.0002  -0.0031  -0.0796   0.0283   0.0109   0.0152
 -0.0056   0.0329  -0.0810   0.0289   0.0152  -0.0360
  0.0066  -0.0142  -0.0633  -0.0014   0.0061   0.0473
  0.0116   0.0396  -0.0665   0.0571   0.0162   0.0274
  0.0266  -0.0585  -0.0476  -0.0141   0.0168   0.0815
  0.0215   0.0232  -0.0630   0.0049   0.0267  -0.0220
  0.0148  -0.0029  -0.0656  -0.0006   0.0257   0.0123
  0.0096   0.0015  -0.0566   0.0143   0.0171   0.0636
  0.0097   0.0273  -0.0472   0.0289   0.0152  -0.0253
  0.0169  -0.0170  -0.0467   0.0158   0.0166   0.0774
  0.0164   0.0462  -0.0564   0.0394   0.0223  -0.0194
  0.0102   0.0261  -0.0519   0.0169   0.0136   0.0176
  0.0118  -0.0502  -0.0549  -0.0001   0.0178   0.0826
 -0.0049   0.0389  -0.0515   0.0200   0.0075   0.0123
  0.0001   0.0354  -0.0414   0.0166   0.0059   0.0271
  0.0084  -0.0383  -0.0412  -0.0269   0.0090   0.0766
 -0.0067   0.0536  -0.0494   0.0051   0.0058   0.0294
  0.0117   0.0312  -0.0487   0.0357   0.0055   0.0540
 -0.0586   0.1119  -0.0206   0.1890  -0.0116  -0.1558
 -0.0379   0.1187  -0.0043   0.1674  -0.0278  -0.1227
 -0.0760   0.0348   0.0207  -0.0634  -0.0496   0.1113
 -0.0770   0.0063   0.0317  -0.0313  -0.0497   0.0707
 -0.0779   0.0006   0.0378  -0.0140  -0.0517   0.0784
 -0.0586  -0.0012   0.0245   0.0152  -0.0396   0.0553
 -0.0678  -0.0014   0.0071  -0.1481  -0.0419   0.1474
 -0.1279   0.4298  -0.0055  -0.1188  -0.0410   0.2101
 -0.0658   0.1286  -0.0008  -0.0477  -0.0287   0.1178
 -0.0703   0.1430  -0.0100  -0.0040  -0.0299   0.0896
 -0.0558   0.0480  -0.0053  -0.0282  -0.0317   0.1222
 -0.0618   0.1079  -0.0121  -0.0033  -0.0292   0.0684
 -0.0588   0.1224  -0.0082  -0.0176  -0.0289   0.0666
 -0.0584   0.1139  -0.0104  -0.0138  -0.0276   0.0337
 -0.0446   0.0250  -0.0072  -0.0383  -0.0254   0.1554
 -0.0405   0.0974  -0.0200  -0.0006  -0.0213   0.0588
 -0.0457   0.1542  -0.0261   0.0087  -0.0174  -0.0339
 -0.0402   0.0477  -0.0138  -0.0217  -0.0201   0.1032
 -0.0418   0.0999  -0.0146   0.0183  -0.0155   0.0231
 -0.0303   0.0408  -0.0079  -0.0128  -0.0170   0.0586
 -0.0360   0.0477  -0.0160   0.0237  -0.0126  -0.0002
 -0.0345   0.0260  -0.0093  -0.0011  -0.0190   0.0840
 -0.0406   0.0535  -0.0167   0.0120  -0.0134  -0.0223
 -0.0339   0.0461  -0.0176   0.0093  -0.0136   0.0201
 -0.0322   0.0786  -0.0221   0.0352  -0.0074  -0.0614
 -0.0190   0.0039  -0.0206   0.0085  -0.0077   0.0704
 -0.0424   0.0861  -0.0185   0.0413  -0.0164  -0.0240
 -0.0328   0.0392  -0.0135   0.0123  -0.0127   0.0383
 -0.0331   0.0841  -0.0176   0.0394  -0.0083  -0.0267
 -0.0240   0.0306  -0.0153  -0.0112  -0.0108   0.0227
 -0.0276   0.0913  -0.0216   0.0334  -0.0060  -0.0255
 -0.0309   0.0856  -0.0208   0.0298  -0.0086   0.0267
 -0.0262   0.0671  -0.0220   0.0325  -0.0038   0.0108
 -0.0136  -0.0213  -0.0114  -0.0227  -0.0038   0.1069
 -0.0200   0.0746  -0.0201   0.0323  -0.0046  -0.0262
 -0.0236   0.0825  -0.0177   0.0274  -0.0025   0.0120
 -0.0153   0.0380  -0.0159   0.0120  -0.0025   0.0272
 -0.0105   0.0249  -0.0077   0.0001  -0.0064   0.0232
 -0.0188   0.0432  -0.0187   0.0048  -0.0034  -0.0241
 -0.0160   0.0463  -0.0122   0.0029  -0.0061   0.0474
 -0.0302   0.1054  -0.0184  -0.1640  -0.0109   0.0743
 -0.0424   0.2098  -0.0145  -0.0888  -0.0026   0.0924
 -0.0166   0.0257  -0.0084  -0.0217  -0.0083   0.0730
 -0.0216  -0.0082  -0.0141   0.0047  -0.0024  -0.0241
 -0.0034  -0.0436  -0.0063   0.0045   0.0014   0.0160
 -0.0051  -0.0066  -0.0107   0.0459  -0.0006  -0.0821
  0.0031  -0.0877   0.0003   0.0002  -0.0035   0.0041
 -0.0052  -0.0348  -0.0084   0.0235  -0.0003  -0.0090
 -0.0044  -0.0343  -0.0078   0.0276   0.0004  -0.0409
  0.0004  -0.1072  -0.0011  -0.0050  -0.0015   0.0439
 -0.0004  -0.0489  -0.0031   0.0384  -0.0021  -0.0596
 -0.0005  -0.0969  -0.0041   0.0037  -0.0055   0.0060
 -0.0088  -0.0607  -0.0100   0.0121  -0.0037  -0.0453
 -0.0041  -0.0427  -0.0075   0.0355  -0.0023  -0.0707
  0.0009  -0.0333  -0.0069   0.0217  -0.0006   0.0088
  0.0067  -0.0861  -0.0009   0.0150   0.0036  -0.0040
  0.0093  -0.0510  -0.0020   0.0423   0.0043  -0.0219
  0.0228  -0.1034  -0.0016   0.0112   0.0038   0.0547
  0.0189  -0.0929   0.0025   0.0022   0.0021  -0.0220
  0.0098  -0.0358  -0.0066   0.0215   0.0035  -0.0897
  0.0247  -0.0962  -0.0081  -0.0102   0.0068  -0.0022
  0.0228  -0.0790   0.0029   0.0022   0.0034  -0.0501
  0.0154  -0.0256   0.0006   0.0248   0.0072  -0.0641
  0.0188  -0.0413   0.0044   0.0142   0.0056  -0.0402
  0.0225  -0.0550   0.0056   0.0237   0.0108  -0.0449
  0.0333  -0.1065   0.0147  -0.0102   0.0052  -0.0189
  0.0270  -0.0378   0.0041   0.0334   0.0120  -0.1122
  0.0287  -0.0444   0.0064   0.0241   0.0122   0.0387
  0.0316  -0.0965   0.0104   0.0388   0.0114  -0.0178
  0.0335  -0.0808   0.0120   0.0341   0.0084  -0.0700
  0.0301  -0.0400   0.0066   0.0238   0.0114  -0.0986
  0.0362  -0.1630   0.0180  -0.0202   0.0112   0.0036
  0.0428  -0.1160   0.0180   0.0232   0.0129  -0.0566
  0.0391  -0.0684   0.0111   0.0338   0.0153  -0.0782
  0.0415  -0.0820   0.0204  -0.0053   0.0131  -0.0463
  0.0342  -0.0428   0.0100   0.0281   0.0161  -0.0953
  0.0364  -0.1255   0.0157  -0.0125   0.0157   0.0247
  0.0346  -0.0645   0.0160   0.0254   0.0167  -0.0292
  0.0397  -0.0628   0.0157   0.0169   0.0180  -0.0499
  0.0401  -0.1037   0.0235  -0.0227   0.0104   0.0246
  0.0314  -0.0404   0.0163   0.0275   0.0137  -0.0897
  0.0323  -0.0341   0.0171   0.0186   0.0115  -0.0536
  0.0319  -0.0402   0.0164   0.0246   0.0143  -0.0980
  0.0356  -0.0674   0.0164   0.0165   0.0181  -0.0170
  0.0367  -0.1652   0.0311  -0.0342   0.0102   0.0239
  0.0288  -0.0571   0.0241   0.0360   0.0054  -0.0701
  0.0246  -0.0302   0.0161   0.0231   0.0107  -0.0401
  0.0262  -0.0588   0.0216   0.0152   0.0097  -0.0483
  0.0261  -0.0373   0.0197   0.0149   0.0139  -0.0143
  0.0277  -0.0771   0.0199   0.0074   0.0118   0.0159
  0.0311  -0.1078   0.0273  -0.0056   0.0096   0.0034
  0.0246  -0.0723   0.0244   0.0073   0.0090  -0.0495
  0.0244  -0.1013   0.0355  -0.0418   0.0046   0.0025
  0.0204  -0.0174   0.0240   0.0287   0.0079  -0.0978
  0.0194  -0.0232   0.0286   0.0147   0.0052  -0.0618
  0.0242  -0.1070   0.0365  -0.0148   0.0042  -0.0308
  0.0230  -0.0356   0.0228   0.0284   0.0129  -0.0818
  0.0264  -0.0225   0.0249   0.0123   0.0105  -0.0614
  0.0307  -0.1236   0.0329  -0.0278   0.0102  -0.0251
  0.0271  -0.0325   0.0215   0.0249   0.0164  -0.0807
  0.0278  -0.0341   0.0227   0.0078   0.0139  -0.0067
  0.0257  -0.0546   0.0354   0.0077   0.0056  -0.0522
  0.0203  -0.0141   0.0331   0.0201   0.0054  -0.0525
  0.0219  -0.0425   0.0345   0.0018   0.0056  -0.0343
  0.0312  -0.0903   0.0420  -0.0116   0.0086  -0.0116
  0.0184  -0.0115   0.0450   0.0067   0.0042  -0.0780
  0.0181  -0.0293   0.0446  -0.0102   0.0009  -0.0513
  0.0246  -0.0608   0.0569  -0.0019  -0.0017  -0.0206
  0.0211  -0.0236   0.0466   0.0079   0.0023  -0.0779
  0.0284  -0.1097   0.0578  -0.0416  -0.0004  -0.0067
  0.0258  -0.0184   0.0524   0.0208   0.0056  -0.1263
  0.0236   0.0023   0.0495   0.0061   0.0047  -0.1101
  0.0212  -0.0605   0.0490   0.0201   0.0003  -0.0449
  0.0343  -0.0748   0.0614  -0.0222   0.0031  -0.0337
  0.0176   0.0189   0.0587   0.0129  -0.0029  -0.0848
  0.0196  -0.0213   0.0639  -0.0074  -0.0011  -0.0699
  0.0285  -0.0558   0.0766  -0.0542  -0.0019   0.0538
  0.0208   0.0067   0.0671   0.0046  -0.0017  -0.1122
  0.0217  -0.0256   0.0698  -0.0130  -0.0013  -0.0343
  0.0302  -0.0326   0.0804  -0.0267  -0.0037  -0.0446
  0.0228   0.0323   0.0655   0.0015   0.0019  -0.0684
  0.0224   0.0173   0.0644  -0.0036   0.0038  -0.0667
  0.0199   0.0113   0.0632  -0.0097   0.0045  -0.0307
  0.0293  -0.0739   0.0740  -0.0310  -0.0027   0.0086
  0.0285   0.0014   0.0578   0.0060   0.0087  -0.0479
  0.0269   0.0070   0.0576   0.0025   0.0101  -0.0800
  0.0289  -0.0222   0.0589  -0.0196   0.0082  -0.0355
  0.0399  -0.0256   0.0597  -0.0249   0.0112  -0.0586
 -0.0558   0.4545   0.0931  -0.3129  -0.0146   0.2920
  0.0286   0.0951   0.0980  -0.1375   0.0080   0.1537
  0.0051   0.0465   0.0987  -0.1660  -0.0093   0.1095
  0.0166   0.0488   0.1191  -0.1662  -0.0107   0.1212
  0.0336  -0.0021   0.1055  -0.1602   0.0049   0.1895
