  0.0236   0.7559   0.5092  -0.0840   0.0437  -0.3641
 -0.0879   0.8362   0.5975  -0.1381   0.0335  -0.3413
 -0.0539   0.7079   0.4556  -0.2157   0.0565  -0.3706
 -0.0014   0.4491   0.3640  -0.0254   0.0368  -0.3411
  0.0132   0.3395   0.2977   0.0317   0.0399  -0.3061
 -0.0048   0.3236   0.2849   0.0282   0.0297  -0.3155
 -0.0255   0.3720   0.2791  -0.0599   0.0271  -0.3020
 -0.0161   0.3562   0.2712  -0.0227   0.0216  -0.3000
  0.0127   0.3044   0.2250   0.0013   0.0328  -0.2847
 -0.0217   0.3584   0.2279  -0.0106   0.0137  -0.2626
 -0.0563   0.2799   0.1998   0.0614   0.0060  -0.2391
 -0.0539   0.3352   0.2233   0.0009  -0.0012  -0.2304
 -0.0622   0.3945   0.2738   0.0091  -0.0048  -0.2319
 -0.0203   0.2906   0.2674   0.0299   0.0157  -0.2417
 -0.0205   0.2773   0.2355   0.0227   0.0308  -0.2347
 -0.1064   0.3961   0.2223   0.1058  -0.0022  -0.2392
 -0.0697   0.2590   0.1937   0.0499   0.0042  -0.2356
 -0.0598   0.1586   0.1783   0.0349   0.0020  -0.2174
  0.0017   0.0195   0.0790   0.0014   0.0243  -0.1914
 -0.0019   0.0410   0.0949  -0.0348   0.0115  -0.1681
 -0.0386   0.1240   0.0995   0.0947  -0.0111  -0.1960
 -0.0375   0.1453   0.0801   0.0252  -0.0055  -0.1839
  0.0076   0.0697   0.1041   0.0239   0.0267  -0.2010
 -0.0266   0.0877   0.0913   0.0590   0.0141  -0.2101
 -0.0403   0.0135   0.0588   0.1736   0.0110  -0.2085
 -0.0261   0.0044   0.0781   0.1054   0.0090  -0.1880
 -0.0371   0.0284   0.0720   0.0649   0.0205  -0.1843
 -0.0292   0.0002   0.0698   0.0870   0.0187  -0.1836
 -0.0410   0.0137   0.0724   0.1621   0.0181  -0.1795
 -0.0697   0.0559   0.0717   0.1483   0.0043  -0.1861
 -0.0272  -0.0019   0.1066   0.2533   0.0212  -0.1833
 -0.0284   0.0107   0.0924   0.1994   0.0205  -0.1880
 -0.0336  -0.0235   0.0778   0.2308   0.0106  -0.1469
 -0.0118  -0.0364   0.0278   0.1798   0.0211  -0.0701
 -0.0292   0.0200   0.0706   0.1907  -0.0008  -0.1096
  0.0272  -0.0578   0.0269   0.2206   0.0378  -0.1512
 -0.0540  -0.0855   0.0325   0.2354   0.0117  -0.1435
 -0.0508  -0.0864   0.0317   0.2154   0.0197  -0.1487
 -0.0596  -0.0818   0.0277   0.2489   0.0123  -0.1274
 -0.0616  -0.0668   0.0213   0.2244   0.0016  -0.1261
 -0.0734  -0.0479   0.0240   0.2368  -0.0024  -0.1317
 -0.0976  -0.0375   0.0228   0.2662  -0.0070  -0.1130
 -0.0864  -0.0629   0.0315   0.2453  -0.0063  -0.1165
 -0.0772  -0.0581   0.0273   0.2236  -0.0012  -0.1275
 -0.0958  -0.0669   0.0303   0.2393  -0.0071  -0.1132
 -0.0832  -0.0517   0.0290   0.2077  -0.0149  -0.1150
 -0.0662  -0.0354   0.0208   0.2432  -0.0040  -0.1208
 -0.0660  -0.0518   0.0242   0.2382  -0.0016  -0.1198
 -0.0279  -0.0069   0.0296   0.1694   0.0063  -0.1220
  0.0879   0.2131   0.0217   0.1184   0.0184  -0.1180
  0.0106   0.0174   0.0312   0.0514   0.0364  -0.0946
 -0.0835   0.0551   0.0072  -0.0388   0.0008  -0.0906
 -0.0354  -0.0098  -0.0011  -0.0662  -0.0135  -0.0372
 -0.0342  -0.0663  -0.0033   0.0907   0.0037  -0.0278
  0.0290  -0.0110  -0.0338   0.0203   0.0388  -0.0049
  0.0455  -0.1191  -0.0063  -0.0696   0.0551  -0.0513
  0.0745  -0.1965   0.0132   0.0243   0.0409  -0.0132
  0.0040  -0.1988  -0.0127   0.0759   0.0255  -0.0322
  0.0292  -0.2143  -0.0256   0.0973   0.0312  -0.0422
  0.0760  -0.0748   0.0603   0.0786   0.0554  -0.0234
  0.0743  -0.0034  -0.0149   0.0373   0.0499  -0.0131
  0.0416  -0.0921   0.0246   0.0149   0.0292   0.0022
 -0.0187  -0.0024   0.0159   0.0274  -0.0143  -0.0248
  0.0025   0.0165  -0.0385   0.0113   0.0158  -0.0647
 -0.0118   0.0288  -0.0233  -0.0421   0.0144  -0.0038
 -0.0037  -0.0015  -0.0570  -0.0042   0.0056  -0.0228
  0.0028   0.0125  -0.0700  -0.0335   0.0194  -0.0116
  0.0112  -0.0018  -0.0644   0.0050   0.0197   0.0038
 -0.0084  -0.0257  -0.0743   0.0607  -0.0012   0.0003
 -0.0154  -0.0269  -0.0686  -0.0001   0.0140   0.0135
 -0.0070  -0.0171  -0.0591   0.0354   0.0111   0.0187
 -0.0179  -0.0126  -0.0506   0.0641   0.0184   0.0207
 -0.0095  -0.0485  -0.0534   0.0635   0.0117   0.0227
 -0.0259  -0.0242  -0.0588   0.0974   0.0043   0.0233
 -0.0248  -0.0039  -0.0610   0.0829  -0.0118   0.0119
 -0.0058   0.0267  -0.0810   0.0709  -0.0109   0.0320
 -0.0136   0.0100  -0.0753   0.0612  -0.0090   0.0334
 -0.0031  -0.0062  -0.0653   0.0257  -0.0038   0.0117
 -0.0274  -0.0403  -0.0517   0.0606   0.0088  -0.0160
 -0.1261   0.1469   0.1618   0.0135  -0.0461   0.0293
 -0.0461   0.0676   0.0648   0.0523  -0.0185   0.0138
 -0.0319   0.0433   0.0339  -0.0034  -0.0183   0.0260
 -0.0281   0.0298   0.0269   0.0523  -0.0225   0.0305
 -0.0374   0.0701   0.0282   0.0383  -0.0217   0.0199
 -0.0301   0.0399   0.0317   0.0058  -0.0087   0.0066
 -0.0306   0.0173   0.0171   0.0440  -0.0105   0.0226
 -0.0220   0.0023  -0.0311   0.1262  -0.0176   0.0116
 -0.0305   0.0110  -0.0329   0.0350  -0.0152   0.0473
 -0.0405  -0.0272  -0.0377   0.0556  -0.0322   0.0574
 -0.0416  -0.0696  -0.0622  -0.0269  -0.0042   0.0444
 -0.0458  -0.0157  -0.0301   0.0691  -0.0286   0.0533
 -0.0415  -0.0217  -0.0307   0.0778  -0.0260   0.0569
 -0.0497  -0.0168  -0.0377   0.1009  -0.0216   0.0644
 -0.0261  -0.0333  -0.0340   0.1098  -0.0179   0.0873
  0.0405   0.0416  -0.0433  -0.0809   0.0013   0.0551
  0.0767   0.0362  -0.0338  -0.0248   0.0104   0.0861
  0.0168   0.0316  -0.0205  -0.0108  -0.0075   0.0805
  0.0110  -0.0259  -0.0339  -0.0028  -0.0087   0.0867
 -0.0088  -0.0104  -0.0444   0.0083  -0.0190   0.1168
  0.0464   0.1307  -0.0790  -0.0808  -0.0049   0.1075
  0.0241   0.2919  -0.0963  -0.1050  -0.0085   0.1099
  0.0099   0.2068  -0.1059  -0.1503  -0.0116   0.1145
  0.0542   0.1276  -0.1942  -0.1910  -0.0091   0.1177
  0.0306   0.0662  -0.1694  -0.0504  -0.0055   0.0805
  0.0104   0.0544  -0.1474   0.0205  -0.0058   0.1172
 -0.0010   0.0384  -0.1386  -0.0211  -0.0177   0.1081
  0.0077   0.0624  -0.1295  -0.0245  -0.0098   0.0950
 -0.0017   0.0720  -0.1312  -0.0359  -0.0063   0.1051
 -0.0063   0.0604  -0.1322  -0.0205  -0.0160   0.0917
 -0.0006   0.0231  -0.1232   0.0075  -0.0127   0.0784
  0.0063   0.0191  -0.1330  -0.0039  -0.0051   0.0946
 -0.0146   0.0161  -0.1298   0.0005   0.0059   0.1232
 -0.0308  -0.0024  -0.0695  -0.3331  -0.0070   0.0895
  0.0364  -0.1153   0.0644  -0.3243   0.0004   0.1135
 -0.0083  -0.1201  -0.0873  -0.3153  -0.0378   0.1167
  0.0006  -0.1154  -0.0419  -0.2781  -0.0496   0.1330
  0.0637   0.1411  -0.2382  -0.2678   0.0059   0.0588
  0.0414   0.0465  -0.1534  -0.3826  -0.0075   0.1135
  0.0326  -0.0188  -0.1128  -0.4346  -0.0316   0.2129
  0.0565  -0.0822  -0.1337  -0.3567  -0.0082   0.1721
  0.0048  -0.0799  -0.0913  -0.2362  -0.0026   0.1857
  0.0194  -0.0566  -0.1107  -0.2414   0.0035   0.1695
  0.0260  -0.0726  -0.1052  -0.2045  -0.0057   0.1449
  0.1452   0.0295  -0.1180  -0.2497   0.0226   0.1254
  0.1100  -0.1165  -0.0957  -0.1434   0.0131   0.1387
  0.1155  -0.1811  -0.0622  -0.1146   0.0036   0.1714
  0.1157  -0.1334  -0.0990  -0.1691   0.0183   0.1377
  0.0939  -0.1998  -0.0704  -0.0926   0.0069   0.1423
  0.0853  -0.1998  -0.0760  -0.1118   0.0103   0.1520
  0.0745  -0.2177  -0.0783  -0.0903  -0.0019   0.1385
  0.0678  -0.2463  -0.1093  -0.0997   0.0025   0.1519
  0.0717  -0.2880  -0.0979  -0.0518  -0.0043   0.1593
  0.0677  -0.3545  -0.0522  -0.1212   0.0004   0.1825
  0.0694  -0.3220  -0.0668  -0.0472  -0.0012   0.1904
  0.0553  -0.2708  -0.0632  -0.1387  -0.0026   0.1970
  0.0662  -0.2758  -0.0729  -0.1296  -0.0007   0.2067
  0.0768  -0.3389  -0.0868  -0.0468   0.0104   0.1595
  0.0602  -0.3370  -0.0863  -0.0747  -0.0083   0.1715
  0.0529  -0.3217  -0.0849  -0.0630  -0.0137   0.1784
  0.1401   0.1798  -0.1405  -0.0561   0.0033   0.1262
  0.0568  -0.1387  -0.0922   0.0154  -0.0114   0.1857
  0.0989  -0.1701   0.0241   0.1948  -0.0024   0.1866
  0.0273   0.1253  -0.0492   0.0304  -0.0630   0.1642
  0.0392   0.1211  -0.1280  -0.2228  -0.0278   0.2082
  0.0095  -0.2061  -0.1060  -0.0514  -0.0299   0.1746
  0.0078  -0.1302  -0.1084  -0.1074  -0.0224   0.2018
  0.0517  -0.3644  -0.0649   0.0551   0.0025   0.2118
  0.0046  -0.1967  -0.0472  -0.0500  -0.0414   0.2281
  0.0442  -0.2572  -0.0540  -0.0273  -0.0330   0.2366
 -0.0067  -0.1742  -0.0979  -0.0060  -0.0885   0.2392
  0.0207  -0.2642  -0.0933   0.0032  -0.0521   0.2441
  0.0210  -0.2595  -0.1115  -0.0224  -0.0494   0.2356
 -0.0288  -0.2675  -0.1191  -0.0186  -0.0434   0.3223
  0.0244  -0.3040  -0.1445  -0.4636  -0.0492   0.2468
  0.0410  -0.3480  -0.1098  -0.1708  -0.0443   0.2738
  0.0235  -0.3452  -0.1007  -0.1501  -0.0414   0.2894
