  0.3689   0.9564   0.4603   0.0856   0.2183  -0.1177
  0.3733   0.9075   0.4309   0.1589   0.2083  -0.1085
  0.3720   0.9658   0.4815   0.1370   0.2002  -0.1077
  0.3748   0.8977   0.4512   0.2267   0.1965  -0.1195
  0.3763   0.9565   0.4901   0.1333   0.2062  -0.0705
  0.3769   0.8969   0.4760   0.1897   0.2096  -0.0595
  0.3653   0.9362   0.5113   0.1104   0.2159  -0.0628
  0.3805   0.8669   0.4891   0.1817   0.2197  -0.1012
  0.3457   0.9215   0.4781   0.0858   0.2089  -0.0301
  0.3744   0.8580   0.4984   0.1571   0.2168  -0.1165
  0.3588   0.8589   0.4748   0.1371   0.2014  -0.1072
  0.3681   0.8006   0.4739   0.1347   0.1867  -0.0571
  0.3314   0.8209   0.4640   0.1789   0.1757  -0.1580
  0.3232   0.8519   0.4673   0.1003   0.1800  -0.0955
  0.3242   0.7896   0.4512   0.1965   0.1823  -0.1000
  0.3220   0.8532   0.4721   0.0911   0.1829  -0.0497
  0.3108   0.7901   0.4353   0.1782   0.1744  -0.0921
  0.2827   0.8604   0.4395   0.1052   0.1766  -0.0409
  0.2953   0.8008   0.4386   0.1613   0.1756  -0.1254
  0.2948   0.8466   0.4428   0.1386   0.1740  -0.0758
  0.2988   0.7912   0.4408   0.1497   0.1691  -0.0737
  0.2861   0.8079   0.4340   0.1791   0.1526  -0.0666
  0.2848   0.8030   0.4356   0.1705   0.1374  -0.1103
  0.2672   0.7653   0.4143   0.2223   0.1311  -0.0477
  0.2732   0.7869   0.4183   0.1139   0.1388   0.0063
  0.2615   0.7021   0.3821   0.2057   0.1372  -0.0940
  0.2659   0.7694   0.4066   0.1530   0.1482  -0.0497
  0.2548   0.6857   0.3776   0.1674   0.1394  -0.1448
  0.2542   0.6867   0.3614   0.1487   0.1400  -0.0428
  0.2592   0.6299   0.3528   0.2012   0.1509  -0.0221
  0.2648   0.6485   0.3601   0.1612   0.1739  -0.0221
  0.3211   0.6450   0.3420   0.2078   0.1903  -0.1017
  0.3679   0.8437   0.2905   0.2134   0.2929  -0.0195
  0.2278   0.7293   0.3313   0.1823   0.1581  -0.0729
  0.2288   0.6275   0.3600   0.1734   0.1406  -0.0444
  0.2160   0.6168   0.3518   0.1080   0.1521  -0.0432
  0.2197   0.5461   0.3266   0.2088   0.1477  -0.0647
  0.2116   0.5746   0.3398   0.1048   0.1548  -0.0237
  0.2035   0.4907   0.3167   0.1941   0.1417  -0.0614
  0.2172   0.5412   0.3445   0.1506   0.1550  -0.0065
  0.2275   0.4817   0.3132   0.2258   0.1461  -0.0572
  0.1957   0.5137   0.3383   0.1089   0.1318  -0.0241
  0.2238   0.4333   0.3177   0.1982   0.1355  -0.1022
  0.1854   0.4891   0.3245   0.1675   0.1361  -0.0608
  0.2040   0.4203   0.3291   0.1593   0.1409  -0.0322
  0.2058   0.4134   0.3284   0.2034   0.1348  -0.0420
  0.2113   0.4343   0.3503   0.1708   0.1497  -0.0285
  0.2084   0.4080   0.3240   0.2413   0.1388  -0.0281
  0.2018   0.4196   0.3527   0.1853   0.1361  -0.0267
  0.1904   0.3698   0.3314   0.2293   0.1274  -0.0702
  0.1961   0.3954   0.3476   0.1897   0.1285   0.0355
  0.1932   0.3488   0.3246   0.2710   0.1130  -0.0920
  0.1680   0.4007   0.3296   0.0867   0.1266   0.0429
  0.1767   0.3629   0.3101   0.2454   0.1177  -0.0815
  0.1559   0.4281   0.3527   0.1384   0.1190   0.0061
  0.1592   0.3448   0.3405   0.2569   0.1118  -0.0274
  0.1425   0.3825   0.3275   0.1230   0.1079   0.0048
  0.1439   0.3319   0.2882   0.2326   0.1113  -0.0268
  0.1453   0.3680   0.2977   0.1353   0.1252  -0.0199
  0.1496   0.3135   0.2809   0.2212   0.1178  -0.0631
  0.1327   0.3271   0.2854   0.1037   0.1027   0.0151
  0.1373   0.2850   0.2698   0.1687   0.0888  -0.0638
  0.1138   0.3023   0.2649   0.1053   0.0739   0.0092
  0.1356   0.2584   0.2733   0.1499   0.0794  -0.0193
  0.1175   0.2928   0.2734   0.1362   0.0809  -0.0761
  0.1228   0.2744   0.2764   0.0901   0.0700  -0.0103
  0.1027   0.2258   0.2538   0.1348   0.0618  -0.0230
  0.1125   0.2501   0.2689   0.0633   0.0776   0.0010
  0.1064   0.2240   0.2527   0.1554   0.0733  -0.1002
  0.1002   0.2655   0.2655   0.0434   0.0710   0.0053
  0.0973   0.2338   0.2368   0.1512   0.0714   0.0036
  0.0759   0.2808   0.2517   0.0391   0.0714   0.0179
  0.0706   0.2159   0.2216   0.1567   0.0534  -0.0321
  0.0543   0.2675   0.2495   0.0799   0.0394  -0.0393
  0.1159   0.2030   0.2402   0.2258   0.0653  -0.0147
  0.1126   0.2431   0.2712   0.2009   0.0285  -0.0164
  0.1471   0.1576   0.2688   0.2720   0.0629  -0.0426
  0.1263   0.2160   0.2843   0.1254   0.0622   0.0522
  0.1156   0.1462   0.2432   0.2154   0.0552  -0.0340
  0.0808   0.1989   0.2386   0.0477   0.0480  -0.0446
  0.1036   0.1451   0.2354   0.1801   0.0786  -0.0205
  0.1106   0.1983   0.2529   0.0810   0.1027   0.0239
  0.1365   0.1431   0.2442   0.1858   0.1019  -0.0059
  0.1434   0.1757   0.2720   0.1386   0.1019  -0.0113
  0.1389   0.1484   0.2522   0.1990   0.0890  -0.0008
  0.1492   0.1832   0.2777   0.1482   0.1013   0.0531
  0.1567   0.1528   0.2640   0.1833   0.1106   0.0540
  0.1020   0.1765   0.2497   0.0877   0.1040   0.0100
  0.1366   0.1113   0.2447   0.1885   0.1047   0.0199
  0.1078   0.1574   0.2453   0.0743   0.1093   0.0206
  0.1391   0.0960   0.2448   0.1853   0.1160   0.0359
  0.1120   0.1500   0.2564   0.0750   0.1166   0.0358
  0.1396   0.0687   0.2563   0.1900   0.1129  -0.0010
  0.1487   0.1154   0.2826   0.1176   0.1498   0.0527
  0.1612   0.0547   0.2672   0.1960   0.1430   0.0104
  0.1576   0.0938   0.2795   0.1616   0.1468   0.0521
  0.1635   0.0478   0.2720   0.1843   0.1352   0.0593
  0.1430   0.0931   0.2698   0.1088   0.1274  -0.0030
  0.1266   0.0335   0.2509   0.1465   0.1147   0.0164
  0.1020   0.0781   0.2408   0.0841   0.1304   0.0120
  0.1089   0.0183   0.2336   0.1081   0.1104   0.0154
  0.0815   0.0596   0.2095   0.0735   0.0992   0.0015
  0.1080   0.0267   0.2387   0.0931   0.1261  -0.0172
  0.0855   0.0244   0.2303   0.1083   0.1097   0.0635
  0.1130   0.0353   0.2501   0.0999   0.1164  -0.0208
  0.1124   0.0168   0.2299   0.1214   0.1170   0.0169
  0.1061   0.0323   0.2470   0.0996   0.1227   0.0328
  0.1153   0.0051   0.2179   0.1319   0.1272  -0.0171
  0.0791   0.0454   0.2242   0.0299   0.1086   0.0393
  0.0674  -0.0390   0.1946   0.1133   0.1005  -0.0086
  0.1035   0.0218   0.2330   0.0688   0.1584   0.0607
  0.0842  -0.0276   0.2036   0.1411   0.1053   0.0267
  0.0669   0.0168   0.2127   0.0147   0.1110   0.0144
  0.0605  -0.0329   0.1875   0.1148   0.1054  -0.0321
  0.0356   0.0112   0.1907  -0.0454   0.1012   0.0528
  0.0452  -0.0544   0.1647   0.1275   0.0938   0.0332
  0.0367  -0.0032   0.1816  -0.0261   0.1093  -0.0179
  0.0528  -0.0355   0.1723   0.1209   0.1029  -0.0027
  0.0341  -0.0033   0.1587  -0.0106   0.1078   0.0501
  0.0469  -0.0536   0.1466   0.1015   0.0941   0.0107
 -0.0011  -0.0397   0.1048  -0.0565   0.0889   0.0406
  0.0186  -0.0935   0.1088   0.0423   0.0672  -0.0003
 -0.0135  -0.0695   0.1107  -0.0005   0.0658   0.0427
  0.0125  -0.0882   0.1167   0.0250   0.0678   0.0210
 -0.0374  -0.0624   0.0670   0.0047   0.0399  -0.0085
 -0.0267  -0.0743   0.0639  -0.0233   0.0149   0.0138
 -0.0590  -0.1117   0.0197   0.0120  -0.0121  -0.0139
 -0.0323  -0.1024   0.0690   0.0341  -0.0340   0.0528
 -0.0268  -0.1394   0.0907   0.0992  -0.0772   0.0121
 -0.0009  -0.0946   0.0969   0.0860  -0.0647   0.0351
 -0.0062  -0.1356   0.1071   0.1150  -0.0587   0.0406
  0.0041  -0.1046   0.1076   0.0112  -0.0450   0.0369
 -0.0138  -0.1591   0.0792   0.0714  -0.0286   0.0041
 -0.0461  -0.1072   0.0699  -0.0764  -0.0488   0.0451
 -0.0310  -0.1848   0.0356   0.0738  -0.0196   0.0134
 -0.0899  -0.1355  -0.0044  -0.1352  -0.0478   0.1078
 -0.0601  -0.1833   0.0019   0.0685  -0.0638   0.0299
 -0.0997  -0.1223   0.0016  -0.0476  -0.1112   0.0187
 -0.0653  -0.1513   0.0309   0.0798  -0.0602   0.0255
 -0.1193  -0.1431  -0.0235  -0.1460  -0.0772   0.0795
 -0.1074  -0.2248  -0.0446   0.0104  -0.0789  -0.0183
 -0.1313  -0.2029  -0.0388  -0.1389  -0.0610   0.0248
 -0.0776  -0.2280  -0.0298   0.0038  -0.0391   0.0373
 -0.1184  -0.2071  -0.0428  -0.0796  -0.0565   0.0322
 -0.0736  -0.2282  -0.0156   0.0045  -0.0463  -0.0018
 -0.1281  -0.2013  -0.0540  -0.0685  -0.0505  -0.0238
 -0.0680  -0.2124  -0.0194  -0.0226  -0.0422   0.0011
 -0.0691  -0.1723  -0.0541  -0.0137  -0.0576  -0.0673
 -0.1006  -0.1683  -0.0535  -0.0674  -0.0765   0.0544
 -0.1275  -0.1891  -0.0757  -0.0424  -0.0664  -0.0148
 -0.1020  -0.1873  -0.0618  -0.0067  -0.0798   0.0270
 -0.1280  -0.1981  -0.0788  -0.0043  -0.0862   0.0170
 -0.1093  -0.1853  -0.0468  -0.0027  -0.0831   0.0843
 -0.0932  -0.1665  -0.0834   0.0488  -0.0775   0.0305
 -0.1429  -0.1586  -0.0855  -0.0524  -0.0964  -0.0274
 -0.1439  -0.2390  -0.1155   0.0151  -0.0880   0.0283
 -0.1197  -0.1758  -0.0541  -0.0114  -0.0763   0.0341
 -0.1127  -0.1951  -0.0753   0.0639  -0.0738   0.0384
 -0.1362  -0.1709  -0.1084  -0.1164  -0.0856   0.0201
 -0.1244  -0.2203  -0.1094   0.0335  -0.0804   0.0428
 -0.1463  -0.1829  -0.1075  -0.0828  -0.0897   0.0403
 -0.1226  -0.2026  -0.1435   0.0402  -0.1047   0.0022
 -0.1629  -0.1848  -0.1636  -0.1027  -0.0950   0.0445
 -0.1275  -0.2284  -0.1604   0.0702  -0.0984   0.0172
 -0.1552  -0.2500  -0.1352  -0.2453  -0.0629   0.0462
 -0.1328  -0.2837  -0.1794  -0.0142  -0.0841   0.0043
 -0.1868  -0.2428  -0.2084  -0.1908  -0.0889   0.0219
 -0.1699  -0.2850  -0.2332  -0.0448  -0.1058   0.0322
 -0.2329  -0.3543  -0.2931  -0.2127  -0.1156   0.0691
 -0.1689  -0.3342  -0.2511  -0.0082  -0.0999   0.0941
 -0.2470  -0.2828  -0.2834  -0.1187  -0.1370   0.0281
 -0.1855  -0.3305  -0.2451   0.0027  -0.1266   0.0393
 -0.2057  -0.2614  -0.2345  -0.0765  -0.1275   0.0318
 -0.1518  -0.2799  -0.2291  -0.0720  -0.1055   0.0313
 -0.1953  -0.3179  -0.2894  -0.2107  -0.0721  -0.0446
 -0.2127  -0.3016  -0.2899  -0.1789  -0.1221   0.0379
 -0.2688  -0.4036  -0.3285  -0.1896  -0.1316  -0.0323
 -0.2381  -0.3666  -0.2945  -0.2219  -0.1122   0.0441
 -0.2589  -0.4089  -0.3365  -0.2040  -0.1163  -0.0280
 -0.2404  -0.3697  -0.3151  -0.2065  -0.1020   0.0536
 -0.2573  -0.3990  -0.3856  -0.1246  -0.1670  -0.0200
 -0.2744  -0.3496  -0.3105  -0.1801  -0.2213   0.0626
 -0.2555  -0.3798  -0.3546  -0.0758  -0.2259   0.0212
 -0.2516  -0.3738  -0.3362  -0.2022  -0.1968   0.0296
 -0.2308  -0.4283  -0.3840  -0.1863  -0.1469   0.0047
 -0.1670  -0.3851  -0.3118  -0.0927  -0.1381   0.0403
 -0.1943  -0.3786  -0.3094  -0.1006  -0.1439  -0.0110
 -0.1663  -0.3462  -0.3160  -0.1442  -0.1280   0.0202
 -0.1974  -0.3568  -0.3174  -0.1188  -0.1347   0.0320
 -0.1822  -0.3395  -0.3031  -0.1599  -0.1327   0.0482
 -0.2057  -0.3460  -0.3208  -0.1098  -0.1416   0.0548
 -0.1886  -0.3421  -0.3124  -0.1820  -0.1444   0.0564
 -0.1603  -0.3838  -0.3244  -0.0821  -0.1168   0.0202
 -0.1970  -0.3264  -0.3147  -0.2299  -0.1217   0.0475
 -0.1410  -0.3859  -0.3186  -0.0874  -0.1175   0.0223
 -0.1980  -0.3930  -0.3357  -0.3064  -0.1215   0.0493
 -0.1955  -0.4207  -0.3615  -0.0992  -0.1296  -0.0213
 -0.1984  -0.3807  -0.3442  -0.2179  -0.1772   0.1268
 -0.1775  -0.4199  -0.3421  -0.0577  -0.1699   0.0113
 -0.1700  -0.3738  -0.3110  -0.1656  -0.1735   0.1019
 -0.1720  -0.4066  -0.3263  -0.0870  -0.1598   0.0002
 -0.2031  -0.3972  -0.3667  -0.3216  -0.1118  -0.0377
 -0.2070  -0.3111  -0.4385  -0.3483  -0.1199   0.0240
 -0.2524  -0.3696  -0.4475  -0.2632  -0.1543   0.0358
 -0.2786  -0.3851  -0.4408  -0.2893  -0.1570   0.0474
 -0.2964  -0.4233  -0.4477  -0.2584  -0.1882   0.0410
 -0.2641  -0.4017  -0.4188  -0.1892  -0.1809   0.0093
 -0.3035  -0.4200  -0.4591  -0.3410  -0.1552   0.0378
 -0.3318  -0.4551  -0.4644  -0.2724  -0.1968   0.0179
 -0.3051  -0.7296  -0.5051  -0.3011  -0.2167   0.0424
 -0.2376  -0.5266  -0.5082  -0.2120  -0.2088   0.0689
 -0.2850  -0.4959  -0.5117  -0.3051  -0.2348   0.0125
 -0.2057  -0.5056  -0.4729  -0.2832  -0.1815   0.0245
 -0.2236  -0.5318  -0.5159  -0.2530  -0.1944   0.0256
 -0.2406  -0.4894  -0.4681  -0.2379  -0.1856  -0.0195
 -0.2261  -0.5153  -0.5179  -0.3705  -0.1284   0.0120
 -0.2621  -0.4926  -0.5299  -0.2278  -0.1739   0.0431
 -0.1409  -0.3629  -0.2837  -0.3399   0.1195   0.0540
 -0.1173  -0.3928  -0.3690  -0.2061  -0.0251   0.0713
 -0.2057  -0.4457  -0.4786  -0.3336  -0.1061   0.0628
 -0.2031  -0.5354  -0.5353  -0.3732  -0.1343   0.0062
 -0.1532  -0.5408  -0.4776  -0.1489  -0.1509   0.0777
 -0.2267  -0.4749  -0.5657  -0.2206  -0.1306   0.0877
 -0.2360  -0.5848  -0.5398  -0.1480  -0.1716   0.0307
 -0.2228  -0.5683  -0.5235  -0.1759  -0.1755   0.0348
 -0.1963  -0.6477  -0.6087  -0.2426  -0.0583  -0.0069
 -0.1464  -0.5737  -0.5266  -0.1422  -0.1407   0.0306
 -0.1204  -0.4396  -0.4736  -0.0493  -0.1939   0.0068
 -0.1299  -0.5408  -0.5281  -0.0988  -0.1747  -0.0063
 -0.1545  -0.5318  -0.5930  -0.3277  -0.1431   0.0424
 -0.1629  -0.5263  -0.5774  -0.1515  -0.1845  -0.0003
 -0.1997  -0.5950  -0.6005  -0.3216  -0.1931   0.0301
 -0.1800  -0.5705  -0.5853  -0.0843  -0.2153   0.0138
 -0.2655  -0.5030  -0.6414  -0.2831  -0.1651   0.0067
 -0.2741  -0.5988  -0.6427  -0.2081  -0.2327  -0.0545
 -0.2286  -0.5524  -0.6347  -0.2742  -0.2229   0.0050
 -0.2155  -0.5993  -0.6598  -0.2109  -0.2401  -0.0423
 -0.1932  -0.5696  -0.6074  -0.2839  -0.2195   0.0088
 -0.2063  -0.6135  -0.6401  -0.2153  -0.2208   0.0274
 -0.1811  -0.5833  -0.6110  -0.1971  -0.2186   0.0361
 -0.2098  -0.5762  -0.6387  -0.2962  -0.2126   0.0372
 -0.1966  -0.5955  -0.6325  -0.1645  -0.2140  -0.0020
 -0.2067  -0.6149  -0.6331  -0.3607  -0.1810   0.0336
 -0.1775  -0.6235  -0.6809  -0.2817  -0.1787  -0.0177
 -0.2083  -0.6165  -0.6608  -0.1623  -0.2595   0.0502
 -0.1904  -0.5974  -0.6117  -0.3505  -0.1735  -0.0101
 -0.1324  -0.6910  -0.6065  -0.2196  -0.1610   0.0078
 -0.1797  -0.6292  -0.6272  -0.3634  -0.1099   0.0076
 -0.1338  -0.6094  -0.6661  -0.0830  -0.1475   0.0227
 -0.2052  -0.6093  -0.6000  -0.3494  -0.2071   0.0621
