  0.0183  -0.1411  -0.0204   0.4208  -0.1172   0.1068
  0.0195  -0.1000  -0.0023   0.3879  -0.1042   0.0864
  0.0054  -0.1041  -0.0274   0.4380  -0.1189   0.0769
  0.0030  -0.1237  -0.0287   0.4125  -0.1166   0.0810
 -0.0005  -0.1577  -0.0418   0.4508  -0.1142   0.0888
 -0.0139  -0.1262  -0.0522   0.4546  -0.1192   0.0666
 -0.0073  -0.1345  -0.0636   0.4596  -0.1299   0.0963
 -0.0126  -0.0957  -0.0767   0.4268  -0.1458   0.0857
 -0.0183  -0.1124  -0.0693   0.4108  -0.1481   0.0725
 -0.0182  -0.1120  -0.0610   0.4240  -0.1420   0.0721
  0.0087  -0.1141  -0.0306   0.3880  -0.1008   0.0694
 -0.0273  -0.1822  -0.0719   0.4519  -0.1386   0.0899
 -0.0243  -0.1873  -0.0668   0.4583  -0.1439   0.0766
 -0.0267  -0.1453  -0.0629   0.4153  -0.1325   0.0973
 -0.0245  -0.1002  -0.0814   0.4007  -0.1475   0.0751
 -0.0211  -0.1434  -0.0780   0.4058  -0.1299   0.0764
 -0.0128  -0.1635  -0.0819   0.4240  -0.1142   0.0733
 -0.0107  -0.1493  -0.0640   0.3705  -0.1025   0.0675
 -0.0172  -0.1506  -0.0736   0.3980  -0.1249   0.0813
 -0.0156  -0.1287  -0.0834   0.4245  -0.1346   0.0656
 -0.0302  -0.1511  -0.0649   0.4331  -0.1213   0.0846
 -0.0163  -0.0931  -0.0284   0.2495  -0.1012   0.0662
 -0.0337  -0.1451  -0.0490   0.3588  -0.1319   0.0908
 -0.0232  -0.1049  -0.0523   0.2809  -0.1247   0.0785
 -0.0475  -0.1292  -0.0535   0.3085  -0.1477   0.0816
 -0.0245  -0.1092  -0.0511   0.2725  -0.1212   0.0717
 -0.0171  -0.1192  -0.0670   0.2674  -0.1175   0.0683
 -0.0367  -0.1551  -0.0802   0.3270  -0.1256   0.0673
 -0.0185  -0.0849  -0.0762   0.2325  -0.1211   0.0616
 -0.0333  -0.1303  -0.0810   0.2885  -0.1323   0.0664
 -0.0295  -0.0882  -0.0795   0.2429  -0.1325   0.0378
 -0.0324  -0.1105  -0.0808   0.2836  -0.1393   0.0683
 -0.0400  -0.1198  -0.0760   0.2826  -0.1384   0.0668
 -0.0342  -0.0851  -0.0686   0.2153  -0.1099   0.0481
 -0.0344  -0.1136  -0.0748   0.2694  -0.1064   0.0328
 -0.0227  -0.1148  -0.0645   0.2885  -0.1352   0.0565
 -0.0029  -0.0545  -0.0571   0.1763  -0.1034   0.0478
 -0.0239  -0.0868  -0.0675   0.2692  -0.1310   0.0617
 -0.0221  -0.0798  -0.0739   0.2535  -0.1248   0.0475
 -0.0131  -0.0285  -0.0594   0.2284  -0.1080   0.0576
 -0.0278  -0.0725  -0.0654   0.2750  -0.1245   0.0485
 -0.0183  -0.0961  -0.0645   0.3188  -0.1105   0.0514
 -0.0074  -0.0344  -0.0541   0.2133  -0.1024   0.0320
 -0.0085  -0.0742  -0.0636   0.2721  -0.0999   0.0469
 -0.0236  -0.0747  -0.0685   0.2744  -0.1033   0.0377
 -0.0041  -0.0199  -0.0520   0.2041  -0.0918   0.0314
 -0.0256  -0.0598  -0.0727   0.2509  -0.1060   0.0497
 -0.0353  -0.0677  -0.0814   0.2552  -0.1064   0.0436
 -0.0242  -0.0554  -0.0754   0.2728  -0.1030   0.0396
 -0.0426  -0.0703  -0.0744   0.2589  -0.1142   0.0261
 -0.0215  -0.0267  -0.0690   0.2425  -0.1125   0.0208
 -0.0340  -0.0567  -0.0691   0.2290  -0.1202   0.0351
 -0.0300  -0.0351  -0.0852   0.2364  -0.1213   0.0433
 -0.0393  -0.0484  -0.0902   0.2329  -0.1202   0.0353
 -0.0318  -0.0206  -0.0838   0.2375  -0.1174   0.0277
 -0.0406  -0.0528  -0.0865   0.2215  -0.1209   0.0234
 -0.0382  -0.0589  -0.0632   0.2562  -0.1042   0.0443
 -0.0372  -0.0398  -0.0631   0.2175  -0.0985   0.0243
 -0.0382  -0.0779  -0.0899   0.2194  -0.1075   0.0354
 -0.0353  -0.0393  -0.0772   0.2468  -0.1133   0.0255
 -0.0513  -0.0680  -0.0843   0.2372  -0.1206   0.0411
 -0.0316   0.0031  -0.0742   0.2220  -0.1087   0.0172
 -0.0390  -0.0373  -0.0766   0.2184  -0.1176   0.0213
 -0.0326  -0.0152  -0.0749   0.2234  -0.1121   0.0162
 -0.0366   0.0096  -0.0807   0.2027  -0.1134   0.0210
 -0.0569  -0.0237  -0.0801   0.2370  -0.1219   0.0284
 -0.0453  -0.0036  -0.0941   0.2084  -0.1109   0.0138
 -0.0474  -0.0386  -0.0644   0.2127  -0.0972   0.0239
 -0.0231  -0.0324  -0.0588   0.1586  -0.0503   0.0255
 -0.0303  -0.0455  -0.0626   0.1749  -0.0734   0.0383
 -0.0263  -0.0308  -0.0630   0.1881  -0.0743   0.0445
 -0.0384  -0.0219  -0.0435   0.1536  -0.0820   0.0267
 -0.0441  -0.0334  -0.0602   0.1821  -0.1005   0.0169
 -0.0318   0.0034  -0.0591   0.1674  -0.0997   0.0127
 -0.0365  -0.0350  -0.0592   0.1823  -0.1021   0.0172
 -0.0390  -0.0368  -0.0617   0.2207  -0.0972   0.0262
 -0.0246  -0.0057  -0.0652   0.1978  -0.0866   0.0132
 -0.0325  -0.0382  -0.0673   0.2131  -0.0876   0.0045
 -0.0264  -0.0128  -0.0743   0.2584  -0.1009   0.0169
 -0.0390   0.0051  -0.0687   0.2214  -0.1017   0.0074
 -0.0437  -0.0290  -0.0857   0.2548  -0.1200   0.0368
 -0.0440   0.0163  -0.1038   0.2501  -0.1188   0.0070
 -0.0399   0.0166  -0.0867   0.2109  -0.0983   0.0063
 -0.0440  -0.0085  -0.0936   0.2345  -0.1113   0.0148
 -0.0404   0.0127  -0.0921   0.2521  -0.1074  -0.0033
 -0.0501  -0.0119  -0.0888   0.2360  -0.1065  -0.0032
 -0.0518  -0.0124  -0.0909   0.2654  -0.1210   0.0242
 -0.0459   0.0155  -0.1133   0.2597  -0.1244   0.0009
 -0.0287   0.0111  -0.0880   0.1771  -0.0948   0.0023
 -0.0399   0.0014  -0.0795   0.2036  -0.0989   0.0071
 -0.0411  -0.0009  -0.0805   0.2155  -0.0984   0.0101
 -0.0489   0.0133  -0.0653   0.1732  -0.1030   0.0194
 -0.0458  -0.0198  -0.0724   0.1859  -0.1015   0.0105
 -0.0397   0.0083  -0.1025   0.1596  -0.1077   0.0049
 -0.0497   0.0154  -0.1132   0.2115  -0.1254   0.0003
 -0.0266  -0.0159  -0.0864   0.1817  -0.0782  -0.0174
 -0.0335  -0.0167  -0.0780   0.1604  -0.0889  -0.0135
 -0.0248   0.0002  -0.0886   0.1511  -0.0695  -0.0014
 -0.0284  -0.0195  -0.0519   0.1137  -0.0620  -0.0021
  0.0032   0.0491  -0.0752   0.0544  -0.0268  -0.0184
 -0.0081   0.0545  -0.0712   0.0029  -0.0362  -0.0077
 -0.0086   0.0171  -0.0844   0.0630  -0.0363  -0.0030
  0.0020   0.0473  -0.0669   0.0204  -0.0140  -0.0102
 -0.0014   0.0166  -0.0913   0.0896  -0.0277   0.0046
 -0.0058  -0.0010  -0.0720   0.1316  -0.0075   0.0116
  0.0003   0.0222  -0.0670   0.0983  -0.0276   0.0042
 -0.0054   0.0159  -0.0762   0.0886  -0.0240   0.0003
 -0.0032   0.0347  -0.0636   0.0432  -0.0194  -0.0003
  0.0009   0.0295  -0.0617   0.0485  -0.0148   0.0040
  0.0102   0.0223  -0.0631   0.1000  -0.0078   0.0152
  0.0006   0.0079  -0.0625   0.0927  -0.0032   0.0052
 -0.0194  -0.1411  -0.0460   0.0832  -0.0164   0.0537
 -0.0177  -0.1361  -0.0297   0.0729  -0.0234   0.0466
 -0.0017  -0.1411  -0.0254   0.0611   0.0160   0.0606
  0.0030  -0.1351  -0.0083   0.0514   0.0339   0.0696
  0.0015  -0.1355  -0.0182   0.0251   0.0286   0.0734
  0.0059  -0.0753   0.0180   0.0042   0.0365   0.0474
  0.0129  -0.1080  -0.0110   0.0281   0.0336   0.0491
  0.0164  -0.1095  -0.0217   0.0190   0.0334   0.0613
  0.0244  -0.0613   0.0194  -0.0619   0.0510   0.0457
  0.0087  -0.0924   0.0219  -0.0008   0.0269   0.0469
  0.0272  -0.0603   0.0272  -0.0058   0.0471   0.0335
  0.0312  -0.0492   0.0301  -0.0199   0.0370   0.0480
 -0.0017  -0.1178  -0.0145  -0.0181   0.0008   0.0550
 -0.0141  -0.1398   0.0007  -0.0235   0.0177   0.0788
 -0.0071  -0.1810  -0.0065   0.0534   0.0360   0.0666
  0.0007  -0.1172   0.0007   0.0094   0.0359   0.0422
 -0.0053  -0.1403  -0.0186   0.0238   0.0243   0.0283
  0.0086  -0.0609  -0.0090  -0.0052   0.0477   0.0377
  0.0130  -0.0579   0.0163  -0.0590   0.0446   0.0079
  0.0453  -0.0632  -0.0049  -0.0376   0.0455   0.0341
  0.0345   0.0349  -0.0235  -0.0508   0.0374   0.0138
  0.0400   0.0286  -0.0162  -0.0959   0.0434   0.0028
  0.0320   0.0268  -0.0084  -0.0882   0.0326   0.0013
  0.0358   0.0357  -0.0062  -0.0977   0.0338   0.0035
  0.0332   0.0541  -0.0191  -0.0686   0.0304  -0.0136
  0.0378   0.0302  -0.0117  -0.0883   0.0343  -0.0096
  0.0316   0.0087  -0.0092  -0.0602   0.0387   0.0224
  0.0374   0.0297  -0.0077  -0.0544   0.0422   0.0091
  0.0337   0.0229  -0.0009  -0.0763   0.0463  -0.0018
  0.0278   0.0045   0.0135  -0.0549   0.0448   0.0171
  0.0321   0.0180   0.0213  -0.0429   0.0429   0.0062
  0.0411   0.0178   0.0299  -0.0836   0.0546   0.0070
  0.0377  -0.0054   0.0310  -0.0358   0.0649   0.0283
  0.0400  -0.0090   0.0546  -0.0580   0.0775   0.0111
  0.0250  -0.0477   0.0509  -0.0189   0.0476   0.0138
  0.0435  -0.0062   0.0593  -0.0442   0.0667   0.0100
  0.0377  -0.0340   0.0484  -0.0387   0.0603   0.0136
  0.0300  -0.0444   0.0624  -0.0070   0.0630   0.0253
  0.0365  -0.0153   0.0858  -0.0624   0.0749   0.0167
  0.0295  -0.0116   0.0561  -0.0637   0.0501   0.0077
  0.0207  -0.0073   0.0606  -0.0454   0.0564  -0.0066
  0.0303   0.0059   0.0675  -0.0517   0.0542  -0.0287
  0.0246  -0.0250   0.0650  -0.0712   0.0457  -0.0035
  0.0228   0.0369   0.0559  -0.0644   0.0445  -0.0096
  0.0305   0.0413   0.0766  -0.0995   0.0613  -0.0211
  0.0203   0.0039   0.0736  -0.0772   0.0474  -0.0005
  0.0174   0.0231   0.0704  -0.0579   0.0478  -0.0033
  0.0285   0.0522   0.0638  -0.0753   0.0450  -0.0351
  0.0242   0.0004   0.0756  -0.0843   0.0537   0.0071
  0.0458  -0.0214   0.0522  -0.0798   0.0636   0.0236
  0.0226  -0.0340   0.0508  -0.1213   0.0457   0.0460
  0.0357  -0.0031   0.0699  -0.0966   0.0581   0.0168
  0.0265   0.0000   0.0689  -0.0903   0.0596  -0.0008
  0.0271   0.0057   0.0527  -0.0593   0.0543   0.0081
  0.0259   0.0388   0.0545  -0.0719   0.0447  -0.0012
  0.0274   0.0212   0.0577  -0.1059   0.0477  -0.0210
  0.0253   0.0139   0.0548  -0.0743   0.0463  -0.0059
  0.0325   0.0683   0.0519  -0.0830   0.0480  -0.0322
  0.0260   0.0650   0.0382  -0.1392   0.0611  -0.0607
  0.0375   0.0879   0.0364  -0.1178   0.0547  -0.0374
  0.0381   0.1054   0.0405  -0.1253   0.0567  -0.0417
  0.0354   0.0623   0.0511  -0.1365   0.0627  -0.0572
  0.0329   0.0668   0.0395  -0.0984   0.0561  -0.0500
  0.0383   0.0779   0.0421  -0.1248   0.0669  -0.0382
  0.0330   0.0657   0.0406  -0.1312   0.0564  -0.0237
  0.0350   0.0762   0.0411  -0.0993   0.0516  -0.0258
  0.0354   0.0934   0.0441  -0.1135   0.0580  -0.0407
  0.0327   0.0720   0.0480  -0.1266   0.0740  -0.0342
  0.0242   0.0600   0.0497  -0.1121   0.0580  -0.0268
  0.0321   0.0699   0.0350  -0.0938   0.0571  -0.0286
  0.0363   0.0934   0.0470  -0.1283   0.0553  -0.0426
  0.0149   0.0596   0.0121  -0.0890   0.0546  -0.0148
  0.0239   0.0690   0.0166  -0.0829   0.0629  -0.0435
  0.0255   0.0886   0.0200  -0.1246   0.0608  -0.0582
  0.0126   0.0442   0.0162  -0.0800   0.0493  -0.0228
  0.0258   0.0802   0.0194  -0.0887   0.0574  -0.0194
  0.0203   0.0637   0.0246  -0.1167   0.0404  -0.0210
  0.0121   0.0421   0.0196  -0.0947   0.0448  -0.0240
  0.0164   0.0637   0.0128  -0.0737   0.0354  -0.0313
  0.0163   0.0887   0.0138  -0.1205   0.0384  -0.0470
  0.0086   0.0628   0.0102  -0.0913   0.0158  -0.0439
  0.0192   0.0829   0.0137  -0.0930   0.0332  -0.0287
  0.0174   0.0777   0.0164  -0.1237   0.0402  -0.0316
  0.0119   0.0645   0.0079  -0.0903   0.0316  -0.0423
  0.0117   0.0801   0.0111  -0.0661   0.0363  -0.0433
  0.0245   0.0656   0.0281  -0.1261   0.0680  -0.0327
  0.0199   0.0512   0.0295  -0.1318   0.0503  -0.0363
  0.0249   0.0689   0.0261  -0.1134   0.0512  -0.0300
 -0.0096   0.0007   0.0124   0.0003   0.0066  -0.0293
  0.0359   0.0419   0.0493  -0.2257   0.0393  -0.0176
  0.0216   0.0828   0.0292  -0.1478   0.0307  -0.0354
  0.0155   0.0845   0.0288  -0.1271   0.0227  -0.0459
  0.0101   0.1121   0.0141  -0.0904   0.0059  -0.0470
  0.0131   0.0774   0.0130  -0.1225   0.0164  -0.0526
  0.0069   0.0937   0.0105  -0.1042   0.0229  -0.0319
  0.0144   0.1274   0.0216  -0.1269   0.0373  -0.0470
  0.0080   0.1044   0.0283  -0.1414   0.0359  -0.0442
  0.0052   0.0749   0.0177  -0.1044   0.0277  -0.0272
 -0.0040   0.0791   0.0233  -0.1357   0.0419  -0.0369
  0.0088   0.0654   0.0391  -0.1351   0.0426  -0.0134
  0.0066   0.0885   0.0325  -0.1102   0.0323  -0.0272
  0.0084   0.0661   0.0393  -0.1125   0.0426  -0.0550
 -0.0041   0.0651   0.0413  -0.1003   0.0365  -0.0360
 -0.0002   0.0519   0.0313  -0.0847   0.0287  -0.0344
  0.0169   0.0874   0.0356  -0.1113   0.0634  -0.0337
 -0.0015   0.0611   0.0178  -0.0834   0.0397  -0.0220
  0.0067   0.0637   0.0170  -0.0693   0.0441  -0.0339
  0.0109   0.0811   0.0272  -0.1309   0.0483  -0.0457
  0.0171   0.0175   0.0626  -0.1829   0.0875  -0.0078
  0.0180   0.0345   0.0799  -0.2117   0.0959  -0.0312
  0.0183   0.0719   0.0742  -0.2322   0.0903  -0.0438
  0.0226   0.0564   0.0585  -0.2225   0.0826  -0.0524
  0.0109   0.0446   0.0444  -0.1928   0.0710  -0.0295
  0.0164   0.0812   0.0541  -0.1895   0.0735  -0.0477
  0.0159   0.0922   0.0495  -0.2169   0.0726  -0.0505
 -0.0033   0.0329   0.0386  -0.1576   0.0562  -0.0316
  0.0209   0.0433   0.0613  -0.2208   0.0979  -0.0389
  0.0050   0.0177   0.0429  -0.1967   0.0869  -0.0287
  0.0146   0.0668   0.0402  -0.1661   0.0742  -0.0412
  0.0067   0.0786   0.0355  -0.1803   0.0663  -0.0361
 -0.0046   0.0475   0.0297  -0.1442   0.0550  -0.0317
  0.0034   0.1115   0.0328  -0.1923   0.0634  -0.0529
  0.0051   0.0802   0.0311  -0.1966   0.0595  -0.0398
  0.0278   0.1403   0.0349  -0.2404   0.0766  -0.0488
  0.0074   0.0971   0.0271  -0.1968   0.0655  -0.0499
  0.0064   0.1082   0.0293  -0.1786   0.0598  -0.0391
  0.0155   0.1179   0.0327  -0.1951   0.0638  -0.0659
  0.0045   0.1111   0.0351  -0.2162   0.0594  -0.0743
  0.0007   0.0779   0.0417  -0.1849   0.0619  -0.0438
  0.0181   0.1137   0.0420  -0.2032   0.0729  -0.0553
  0.0062   0.1148   0.0612  -0.2433   0.0694  -0.0586
  0.0009   0.0543   0.0473  -0.1632   0.0659  -0.0324
  0.0105   0.1082   0.0593  -0.1978   0.0757  -0.0607
  0.0102   0.0925   0.0519  -0.2327   0.0826  -0.0506
  0.0038   0.0682   0.0533  -0.2130   0.0726  -0.0390
 -0.0003   0.1028   0.0489  -0.2146   0.0669  -0.0521
  0.0067   0.0797   0.0625  -0.2119   0.0798  -0.0560
 -0.0007   0.0200   0.0390  -0.1405   0.0661  -0.0341
  0.0076   0.0527   0.0261  -0.1664   0.0822  -0.0451
 -0.0052   0.0584   0.0272  -0.1257   0.0761  -0.0455
 -0.0155   0.0382   0.0610  -0.1523   0.0729  -0.0436
 -0.0094   0.0151   0.0598  -0.1601   0.0679  -0.0381
 -0.0083  -0.0072   0.0733  -0.2301   0.0777  -0.0432
 -0.0135  -0.0069   0.0649  -0.1911   0.0697  -0.0206
 -0.0049   0.0165   0.0636  -0.1907   0.0794  -0.0332
 -0.0026   0.0032   0.0837  -0.2469   0.0816  -0.0355
 -0.0137  -0.0468   0.0773  -0.1635   0.0944  -0.0218
 -0.0096   0.0053   0.0608  -0.1948   0.0803  -0.0287
 -0.0086  -0.0183   0.0824  -0.2123   0.0907  -0.0348
 -0.0025  -0.0274   0.0722  -0.2082   0.0812  -0.0213
 -0.0033  -0.0034   0.0625  -0.1973   0.0798  -0.0276
 -0.0056  -0.0053   0.0557  -0.2100   0.0688  -0.0378
 -0.0141  -0.0148   0.0456  -0.1813   0.0523  -0.0187
 -0.0029   0.0255   0.0507  -0.2024   0.0599  -0.0265
 -0.0284  -0.0062   0.0318  -0.2084   0.0227  -0.0383
 -0.0324   0.0117   0.0260  -0.1880   0.0168  -0.0307
 -0.0100  -0.0147   0.0446  -0.1956   0.0583  -0.0291
 -0.0085  -0.0136   0.0536  -0.2154   0.0731  -0.0350
 -0.0118  -0.0124   0.0507  -0.1552   0.0740  -0.0395
 -0.0023  -0.0005   0.0826  -0.1700   0.0839  -0.0142
  0.0133  -0.0203   0.0792  -0.2691   0.1055  -0.0210
 -0.0019  -0.0241   0.0797  -0.2516   0.0967  -0.0245
  0.0142   0.0403   0.0873  -0.2729   0.1013  -0.0344
  0.0039   0.0459   0.0593  -0.2518   0.0698  -0.0295
 -0.0030   0.0648   0.0562  -0.2388   0.0565  -0.0325
 -0.0069   0.0444   0.0692  -0.2686   0.0568  -0.0454
 -0.0218   0.0399   0.0624  -0.2383   0.0403  -0.0482
 -0.0013   0.0516   0.0777  -0.2606   0.0738  -0.0412
 -0.0064   0.0187   0.0678  -0.2824   0.0665  -0.0421
  0.0078   0.0559   0.0672  -0.2853   0.0808  -0.0360
 -0.0014   0.0303   0.0603  -0.3029   0.0657  -0.0552
 -0.0025   0.0112   0.0965  -0.2789   0.1072  -0.0137
 -0.0007  -0.0550   0.1324  -0.3067   0.1373  -0.0221
 -0.0010  -0.0202   0.1117  -0.3485   0.1284  -0.0462
 -0.0067  -0.0152   0.1124  -0.3312   0.1132  -0.0251
  0.0003   0.0302   0.0994  -0.3443   0.1075  -0.0436
  0.0078   0.0510   0.1079  -0.3644   0.1155  -0.0507
 -0.0097   0.0186   0.0972  -0.3417   0.1026  -0.0529
  0.0004   0.0252   0.1001  -0.3300   0.1036  -0.0353
  0.0096   0.0584   0.1075  -0.3614   0.1108  -0.0590
  0.0016   0.0326   0.1050  -0.3576   0.0963  -0.0573
 -0.0028   0.0252   0.0861  -0.3268   0.0854  -0.0398
  0.0074   0.0679   0.1259  -0.3776   0.1111  -0.0615
  0.0067   0.0404   0.0893  -0.3361   0.0996  -0.0500
  0.0138   0.0736   0.0833  -0.3341   0.1052  -0.0532
  0.0104   0.0747   0.0734  -0.3577   0.1080  -0.0560
  0.0029   0.0528   0.0653  -0.3382   0.0899  -0.0598
  0.0071   0.0688   0.0646  -0.3205   0.0912  -0.0545
  0.0071   0.0829   0.0683  -0.3755   0.0956  -0.0531
