  0.0405  -0.0007   0.0032   0.1671  -0.0492   0.1734
  0.0423  -0.0198   0.0065   0.1786  -0.0553   0.1317
  0.0491   0.0204  -0.0052   0.1412  -0.0429   0.1322
  0.0482   0.0253  -0.0049   0.1309  -0.0519   0.1490
  0.0542   0.0126   0.0005   0.1684  -0.0554   0.1087
  0.0571  -0.0093  -0.0065   0.1948  -0.0646   0.0292
  0.0608   0.0324  -0.0121   0.1765  -0.0651   0.0560
  0.0539   0.0005  -0.0108   0.1597  -0.0669   0.0547
  0.0531   0.0093  -0.0034   0.1672  -0.0671   0.0790
  0.0447   0.0458  -0.0132   0.1723  -0.0729   0.1290
  0.0524   0.0370  -0.0108   0.1364  -0.0628   0.0476
  0.0532   0.0294   0.0281   0.1575  -0.0700   0.0228
  0.0604   0.0583  -0.0030   0.0917  -0.0437   0.1714
  0.0180   0.0280   0.0003   0.1448  -0.0901   0.0727
  0.0788   0.0573   0.0031   0.1586  -0.0262   0.0771
  0.0783   0.0495  -0.0021   0.1638  -0.0280   0.0607
  0.0716  -0.0155  -0.0017   0.1346  -0.0252   0.0738
  0.0807   0.0178   0.0138   0.1466  -0.0130   0.0438
  0.0877   0.0359   0.0074   0.1160  -0.0040   0.0561
  0.0872   0.0118   0.0151   0.0365   0.0105   0.0803
  0.1102  -0.0783   0.0293   0.1339   0.0223   0.0709
  0.1102  -0.0341   0.0233   0.1259   0.0176   0.0419
  0.0933  -0.0511   0.0208   0.1477   0.0172   0.0773
  0.0938  -0.0778   0.0095   0.1378   0.0201   0.0686
  0.0767  -0.0285  -0.0116   0.1369   0.0045   0.0816
  0.0745  -0.0364  -0.0105   0.1304   0.0015   0.0573
  0.0633  -0.0682  -0.0016   0.1470   0.0008  -0.0005
  0.0550  -0.0382  -0.0222   0.0776  -0.0008   0.0632
  0.0636  -0.0293  -0.0228   0.1160  -0.0076  -0.0204
  0.0832  -0.0471  -0.0105   0.1341  -0.0157   0.0366
  0.0860  -0.0385  -0.0118   0.1265  -0.0119   0.0712
  0.0767  -0.0548  -0.0152   0.1562  -0.0206  -0.0351
  0.0722  -0.0455  -0.0268   0.1392  -0.0226   0.0175
  0.0652  -0.0048  -0.0178   0.1460  -0.0189   0.0065
  0.0451  -0.0530  -0.0186   0.1171  -0.0184   0.0303
  0.0191  -0.0317  -0.0097   0.1388  -0.0400   0.0476
  0.0429   0.0055  -0.0167   0.0917  -0.0039   0.0346
  0.0355  -0.0247  -0.0098   0.0895  -0.0110   0.0141
  0.0471  -0.0128  -0.0009   0.1061  -0.0129   0.0144
  0.0535   0.0165  -0.0014   0.0897  -0.0051  -0.0072
  0.0482  -0.0115  -0.0050   0.0659  -0.0122   0.0172
  0.0364   0.0070  -0.0048   0.1417  -0.0229   0.0226
  0.0410   0.0175  -0.0126   0.1005  -0.0180   0.0256
  0.0404   0.0110  -0.0143   0.1095  -0.0308   0.0052
  0.0309   0.0147  -0.0098   0.1231  -0.0327  -0.0276
  0.0286   0.0285  -0.0152   0.1142  -0.0234   0.0306
  0.0264   0.0385  -0.0280   0.1316  -0.0228  -0.0510
  0.0235   0.0850  -0.0170   0.1253  -0.0234   0.0622
  0.0067   0.0003  -0.0249   0.0889  -0.0289  -0.0410
  0.0154   0.0688  -0.0281   0.0955  -0.0268   0.0502
  0.0285   0.0557  -0.0222   0.1157  -0.0222   0.0531
  0.0335   0.0065  -0.0218   0.1290  -0.0217   0.0192
  0.0404   0.0488  -0.0325   0.1259  -0.0152   0.0445
  0.0445   0.0171  -0.0252   0.0784  -0.0137   0.0216
  0.0452   0.0112  -0.0085   0.0772  -0.0014   0.0399
  0.0598   0.0214  -0.0108   0.0691   0.0128  -0.0020
  0.0156   0.0540  -0.0297   0.0955  -0.0276  -0.0060
  0.0128   0.0254  -0.0202   0.0859  -0.0276   0.0685
  0.0099   0.0048  -0.0251   0.0919  -0.0294  -0.0157
  0.0112   0.0598  -0.0287   0.0796  -0.0245   0.0140
  0.0203   0.0646  -0.0073   0.0560  -0.0100  -0.0141
  0.0106   0.0726  -0.0105   0.0930  -0.0178   0.0525
  0.0032   0.0643  -0.0239   0.0752  -0.0336   0.0567
  0.0211   0.0513  -0.0079   0.0744  -0.0190   0.0284
  0.0181   0.0872   0.0042   0.0794  -0.0112   0.0810
  0.0173   0.0524  -0.0116   0.0440  -0.0165   0.0280
  0.0245   0.0418  -0.0055   0.0797  -0.0175   0.0109
  0.0295   0.0657  -0.0081   0.0908  -0.0185  -0.0150
  0.0248   0.0798  -0.0115   0.0819  -0.0258   0.0391
  0.0178   0.0553   0.0018   0.0487  -0.0120   0.0336
  0.0213   0.0387  -0.0126  -0.0749   0.0072  -0.0430
 -0.0104   0.0056  -0.0142  -0.0828  -0.0027   0.0544
 -0.0127  -0.0018  -0.0261  -0.0294  -0.0076  -0.0452
 -0.0084   0.1090  -0.0088   0.0099  -0.0034   0.0762
 -0.0202   0.0350  -0.0108   0.0102  -0.0079  -0.0451
 -0.0128   0.0536  -0.0283  -0.0204  -0.0114  -0.0400
 -0.0106   0.0472  -0.0212  -0.0138  -0.0019  -0.0489
 -0.0079   0.0367   0.0037   0.0162   0.0012  -0.0001
  0.0098   0.0560  -0.0021  -0.0483   0.0135   0.0191
  0.0036   0.0361  -0.0145  -0.0190   0.0020  -0.0097
 -0.0066   0.0363  -0.0195   0.0180  -0.0114  -0.0466
 -0.0156   0.0576  -0.0204   0.0024  -0.0135   0.0176
 -0.0164   0.0198  -0.0211   0.0074  -0.0255  -0.0024
 -0.0176   0.0679  -0.0290   0.0103  -0.0216   0.0090
 -0.0118   0.0494  -0.0234   0.0354  -0.0378   0.0111
  0.0027   0.0142   0.0071   0.0222  -0.0122   0.0073
 -0.0242   0.0536  -0.0176   0.0193  -0.0259   0.0131
 -0.0418   0.0454  -0.0202  -0.0137  -0.0290  -0.0155
 -0.0490   0.0232  -0.0153  -0.0027  -0.0385   0.0202
 -0.0668   0.0429  -0.0299  -0.0032  -0.0458   0.0310
 -0.0405   0.0187  -0.0304  -0.0003  -0.0364  -0.0100
 -0.0448   0.0172  -0.0225   0.0253  -0.0358  -0.0126
 -0.0326   0.0065  -0.0384   0.0177  -0.0318  -0.0084
 -0.0435  -0.0189  -0.0289  -0.0309  -0.0360  -0.0316
 -0.0532   0.0091  -0.0322   0.0156  -0.0338   0.0321
 -0.0610   0.0149  -0.0359   0.0127  -0.0363   0.0039
 -0.0637  -0.0252  -0.0346   0.0003  -0.0337  -0.0335
 -0.0572  -0.0282  -0.0254   0.0287  -0.0238   0.0212
 -0.0735   0.0113  -0.0238   0.0198  -0.0233  -0.0382
 -0.0755  -0.0074  -0.0092   0.0246  -0.0218  -0.0429
 -0.0755  -0.0014  -0.0127  -0.0088  -0.0176  -0.0121
 -0.0731  -0.0024  -0.0163  -0.0600  -0.0135  -0.0053
 -0.0812  -0.0358  -0.0196  -0.0502  -0.0081  -0.0392
 -0.0726  -0.0086  -0.0214  -0.0150  -0.0099   0.0057
 -0.0671   0.0382  -0.0252  -0.0422  -0.0063  -0.0384
 -0.0707   0.0235  -0.0096  -0.0407   0.0041  -0.0630
 -0.0648   0.0367  -0.0088  -0.0507   0.0041  -0.0636
 -0.0679   0.0065  -0.0280  -0.0824  -0.0077  -0.0560
 -0.0323   0.0116   0.0018  -0.0898   0.0205  -0.0544
 -0.0639   0.0151  -0.0081  -0.0581  -0.0001  -0.0705
 -0.0745   0.0263  -0.0220  -0.0758  -0.0033  -0.0955
 -0.0873   0.0143  -0.0340  -0.0728  -0.0035  -0.0364
 -0.0974   0.0178  -0.0372  -0.0523  -0.0100   0.0109
 -0.1003   0.0412  -0.0387  -0.0491  -0.0092  -0.0499
 -0.0993  -0.0071  -0.0397  -0.0664  -0.0145  -0.1086
 -0.0972  -0.0015  -0.0405  -0.0370  -0.0158  -0.0482
 -0.1073   0.0391  -0.0511  -0.0208  -0.0277  -0.1213
 -0.1031   0.0387  -0.0373  -0.0455  -0.0123  -0.0748
 -0.0831   0.0005  -0.0236  -0.1134   0.0088  -0.1026
 -0.0609  -0.0123  -0.0108  -0.1812   0.0320  -0.0181
 -0.0498  -0.0468   0.0140  -0.2159   0.0639  -0.0371
 -0.0554  -0.0246   0.0095  -0.2008   0.0554  -0.0587
 -0.0563  -0.0142   0.0066  -0.1986   0.0498  -0.0736
 -0.0788  -0.0197   0.0055  -0.1394   0.0369  -0.0787
 -0.0559  -0.0167   0.0255  -0.2049   0.0608  -0.0647
 -0.0410  -0.0563   0.0389  -0.2412   0.0764  -0.0399
 -0.0463  -0.1107   0.0364  -0.2384   0.0719  -0.0363
 -0.0391  -0.1503   0.0820  -0.2148   0.0751  -0.0440
  0.0011  -0.1500   0.1027  -0.2605   0.1032  -0.0887
  0.0013  -0.1218   0.1005  -0.2825   0.1132  -0.0385
 -0.0030  -0.1122   0.1036  -0.3116   0.1103  -0.0238
 -0.0116  -0.1349   0.1011  -0.2774   0.1038  -0.0161
 -0.0092  -0.1061   0.0898  -0.2705   0.1035  -0.0342
 -0.0078  -0.1064   0.0871  -0.2583   0.0958  -0.0278
  0.0027  -0.0840   0.0922  -0.2141   0.0987  -0.0557
  0.0006  -0.0715   0.0773  -0.2489   0.0996  -0.0697
  0.0009  -0.1057   0.0792  -0.2205   0.0832  -0.1233
 -0.0123  -0.0585   0.0696  -0.2519   0.0841  -0.0483
 -0.0330  -0.0950   0.0724  -0.2127   0.0774  -0.1166
 -0.0293  -0.0641   0.0580  -0.2310   0.0820  -0.0489
 -0.0495  -0.0895   0.0392  -0.2606   0.0596  -0.0421
 -0.0365  -0.0924   0.0515  -0.2322   0.0698  -0.0854
 -0.0353  -0.0559   0.0438  -0.2230   0.0667  -0.0290
 -0.0157  -0.0081   0.0457  -0.2257   0.0769  -0.0987
 -0.0321  -0.0461   0.0463  -0.2219   0.0767  -0.1061
 -0.0343  -0.0398   0.0423  -0.2086   0.0660  -0.0926
 -0.0406   0.0009   0.0327  -0.2268   0.0596  -0.0414
 -0.0419  -0.0245   0.0429  -0.2081   0.0563  -0.0921
 -0.0490  -0.0380   0.0502  -0.2082   0.0560  -0.0487
 -0.0512  -0.0029   0.0379  -0.2473   0.0542  -0.0219
