 -0.0417  -0.0723  -0.1255  -0.2813  -0.0263   0.2065
 -0.0380  -0.0656  -0.1337  -0.2728   0.0081   0.2175
 -0.0533  -0.0888  -0.1432  -0.1650   0.0074   0.1930
 -0.0423  -0.0882  -0.1482  -0.2699   0.0167   0.2025
 -0.0483  -0.0850  -0.1518  -0.1886   0.0170   0.1607
 -0.0434  -0.0863  -0.1587  -0.1736   0.0079   0.1586
 -0.0958  -0.0692  -0.1576  -0.1384   0.0050   0.2213
 -0.0701  -0.0764  -0.1766  -0.2434   0.0025   0.1214
 -0.0739  -0.0789  -0.1504  -0.1474   0.0158   0.1620
 -0.0961  -0.0604  -0.1592  -0.2585   0.0226   0.1479
 -0.0921  -0.0401  -0.1579  -0.1127   0.0176   0.1324
 -0.0881  -0.0503  -0.1666  -0.0004  -0.0015   0.1191
 -0.0906  -0.0704  -0.1821  -0.1196  -0.0056   0.0967
 -0.0849  -0.0710  -0.1766  -0.0517   0.0111   0.1053
 -0.0717  -0.0806  -0.1925  -0.0935   0.0156   0.0981
 -0.0833  -0.0634  -0.1736  -0.0829   0.0009   0.1701
 -0.0785  -0.0834  -0.1761  -0.0537  -0.0040   0.1114
 -0.0693  -0.0680  -0.1652  -0.1093   0.0037   0.1486
 -0.0642  -0.0759  -0.1626  -0.0379   0.0238   0.0873
 -0.0452  -0.0930  -0.1663  -0.1274   0.0296   0.1251
 -0.0436  -0.0846  -0.1607  -0.1011   0.0371   0.1658
 -0.0258  -0.1045  -0.1634  -0.0662   0.0434   0.1016
 -0.0195  -0.0826  -0.1569  -0.1054   0.0479   0.1249
 -0.0359  -0.0949  -0.1583  -0.0210   0.0325   0.1170
 -0.0070  -0.0931  -0.1629  -0.1001   0.0446   0.1129
 -0.0644  -0.0631  -0.1781  -0.0373  -0.0109   0.1366
 -0.0638  -0.0948  -0.1832  -0.0473  -0.0120   0.0600
 -0.0567  -0.0679  -0.1588  -0.0733  -0.0067   0.1326
 -0.0582  -0.1109  -0.1578  -0.0136  -0.0041   0.1133
 -0.0416  -0.0824  -0.1436  -0.0824  -0.0153   0.1466
 -0.0674  -0.1060  -0.1516  -0.0112  -0.0244   0.0896
 -0.0381  -0.1035  -0.1548  -0.0830  -0.0286   0.0789
 -0.0557  -0.0876  -0.1326  -0.0675  -0.0340   0.1635
 -0.0566  -0.1207  -0.1333  -0.0194  -0.0261   0.1004
 -0.0357  -0.1206  -0.1334  -0.0665  -0.0087   0.1317
 -0.0555  -0.1435  -0.1291   0.0035  -0.0218   0.1300
 -0.0497  -0.1380  -0.1220  -0.0677  -0.0258   0.1186
 -0.0454  -0.1560  -0.1172   0.0173  -0.0179   0.1452
 -0.0316  -0.1535  -0.1077  -0.0993  -0.0113   0.1542
 -0.0363  -0.1832  -0.0956  -0.0135  -0.0024   0.1662
 -0.0349  -0.1641  -0.0784  -0.0808  -0.0086   0.1636
 -0.0406  -0.1684  -0.0666  -0.0361   0.0074   0.1877
 -0.0125  -0.1634  -0.0921  -0.0740   0.0362   0.1345
  0.0217  -0.2038  -0.0928  -0.1107   0.0272   0.1619
  0.0034  -0.1909  -0.0824  -0.0578   0.0274   0.2194
 -0.0118  -0.1540  -0.0865  -0.1077   0.0240   0.1786
 -0.0012  -0.1418  -0.1099  -0.0769   0.0373   0.1744
  0.0108  -0.1094  -0.1177  -0.1217   0.0479   0.1450
 -0.0072  -0.1365  -0.1050  -0.0540   0.0397   0.1474
  0.0148  -0.1556  -0.0944  -0.1096   0.0604   0.1472
  0.0232  -0.1270  -0.0888  -0.0954   0.0677   0.1702
  0.0121  -0.1551  -0.1034  -0.0665   0.0560   0.1023
  0.0421  -0.1246  -0.0844  -0.1635   0.0602   0.1816
  0.0156  -0.1485  -0.0768  -0.0347   0.0570   0.1743
  0.0323  -0.1425  -0.0777  -0.1171   0.0757   0.1925
  0.0382  -0.1612  -0.0859  -0.0878   0.0725   0.1410
  0.0453  -0.1790  -0.0778  -0.0875   0.0760   0.1432
  0.0443  -0.1341  -0.0607  -0.1155   0.0772   0.2041
  0.0328  -0.1675  -0.0777  -0.0373   0.0642   0.1386
  0.0512  -0.1452  -0.0603  -0.1285   0.0777   0.2056
  0.0175  -0.1612  -0.0755  -0.0427   0.0471   0.1730
  0.0313  -0.1527  -0.0649  -0.0991   0.0547   0.1821
  0.0448  -0.1351  -0.0436  -0.1483   0.0844   0.2093
  0.0845  -0.1398  -0.1384  -0.1484   0.1011   0.1750
  0.0412  -0.0795  -0.1008  -0.1536   0.0509   0.2921
  0.0292  -0.1303  -0.1001  -0.0453   0.0372   0.1530
  0.0030  -0.0691  -0.1024  -0.0645   0.0335   0.1249
 -0.0090  -0.0279  -0.0974   0.0898   0.0425  -0.0065
 -0.0183  -0.0462  -0.0927   0.0566   0.0334  -0.0008
 -0.0144  -0.0114  -0.0592  -0.0471   0.0488   0.0626
 -0.0011  -0.0434  -0.0536   0.0562   0.0564  -0.0031
  0.0345  -0.0250  -0.0293  -0.0758   0.0643   0.0751
  0.0138  -0.0181  -0.0350  -0.0062   0.0582   0.0814
  0.0007  -0.0306  -0.0627   0.0173   0.0333  -0.0025
 -0.0076  -0.0176  -0.0483  -0.0536   0.0379   0.1042
  0.0125   0.0106  -0.0797  -0.1087   0.0278   0.0521
 -0.0264   0.0182  -0.0818   0.0049   0.0162   0.0681
  0.0082   0.0002  -0.0908  -0.0515   0.0368   0.0380
 -0.0019   0.0072  -0.0828   0.0064   0.0319   0.0614
  0.0262  -0.0163  -0.0859  -0.0450   0.0526   0.0296
  0.0088  -0.0037  -0.0800  -0.0149   0.0562   0.0526
  0.0290  -0.0215  -0.0782  -0.0165   0.0620   0.0090
  0.0235   0.0075  -0.0566  -0.0790   0.0613   0.1006
  0.0234  -0.0241  -0.0729  -0.0061   0.0555   0.0470
  0.0207   0.0007  -0.0470  -0.0982   0.0482   0.0984
  0.0185  -0.0096  -0.0469   0.0051   0.0600   0.0862
  0.0351  -0.0331  -0.0417  -0.0646   0.0645   0.0607
  0.0061  -0.0196  -0.0376  -0.0021   0.0478   0.0431
  0.0101  -0.0261  -0.0585   0.0364   0.0409   0.0052
 -0.0040  -0.0055  -0.0454  -0.0275   0.0289   0.0467
 -0.0011  -0.0377  -0.0570   0.1080   0.0365  -0.0182
 -0.0077   0.0045  -0.0395  -0.0036   0.0419   0.0380
  0.0168  -0.0367  -0.0545   0.0715   0.0447   0.0075
  0.0188  -0.0052  -0.0374  -0.0213   0.0500   0.0414
  0.0967  -0.0287  -0.0437  -0.1858   0.0580   0.1298
  0.1375   0.0935  -0.0881  -0.0945   0.0789   0.0226
  0.1032   0.0474  -0.0515   0.2086   0.1015  -0.0272
  0.0542  -0.0640  -0.0517   0.4579   0.0840  -0.1794
  0.0125   0.0284  -0.0673   0.4652   0.0710  -0.2260
  0.0240  -0.0157  -0.0308   0.5114   0.0477  -0.2386
  0.0258  -0.0219  -0.0595   0.6057   0.0610  -0.3235
  0.1267   0.0923  -0.0834   0.8222   0.0842  -0.4104
  0.0973   0.1147  -0.1165   0.6328   0.0712  -0.4026
  0.0463   0.4518  -0.2449   0.8724  -0.0028  -0.4956
  0.0217   0.2806  -0.1843   0.7007  -0.0075  -0.4231
  0.0410   0.2347  -0.1534   0.6533   0.0177  -0.3661
  0.0136   0.1033  -0.1527   0.5367  -0.0160  -0.3940
  0.0001   0.0494  -0.1101   0.4188  -0.0024  -0.1559
 -0.0032   0.0540  -0.0852   0.2705  -0.0010  -0.1483
  0.0145   0.0064  -0.0850   0.4109   0.0166  -0.2037
  0.0090   0.0449  -0.0526   0.2470   0.0292  -0.1122
  0.0217   0.0349  -0.0648   0.3800   0.0330  -0.1996
  0.0115   0.0359  -0.0424   0.2066   0.0317  -0.1620
  0.0785   0.0763  -0.1019   0.2859   0.0960  -0.1339
  0.0686   0.1134  -0.0920   0.1961   0.0678  -0.1783
  0.0754   0.1259  -0.1719   0.2662   0.0811  -0.1673
  0.0359   0.1609  -0.1205   0.1790   0.0268  -0.1905
  0.0267   0.1659  -0.0991   0.2058   0.0043  -0.1352
  0.0172   0.1164  -0.0918   0.1857   0.0150  -0.1932
 -0.0059   0.1299  -0.0733   0.1882   0.0010  -0.1434
 -0.0067   0.0908  -0.0910   0.2347  -0.0042  -0.1641
  0.0004   0.1079  -0.0705   0.1156   0.0076  -0.1193
 -0.0029   0.0707  -0.0743   0.2082   0.0009  -0.1089
  0.0138   0.0598  -0.0218   0.0421   0.0252  -0.0653
  0.0044   0.0488   0.0066   0.1885   0.0134  -0.1099
  0.0261   0.0608   0.0079   0.1344   0.0307  -0.0763
  0.0288   0.0520   0.0228   0.2037   0.0618  -0.0930
  0.0499   0.0346   0.0040   0.1113   0.1064  -0.1070
  0.0405   0.0351   0.0231   0.1741   0.0962  -0.0828
  0.0537   0.0246   0.0292   0.0674   0.1030  -0.1148
  0.0488   0.0215   0.0125   0.1153   0.1049  -0.0815
  0.0643   0.1184  -0.0277   0.0693   0.0998  -0.1572
  0.0515   0.0521  -0.0352   0.1670   0.0981  -0.1185
  0.0603   0.0599  -0.0201   0.1012   0.1060  -0.0702
  0.0617   0.0390  -0.0050   0.1766   0.1051  -0.0984
  0.0767   0.0337   0.0014   0.0895   0.0957  -0.1318
  0.0543   0.0626   0.0042   0.1308   0.0832  -0.0792
  0.0631   0.0148  -0.0270   0.1560   0.0748  -0.1605
  0.0556   0.0402   0.0164   0.1369   0.0554  -0.0912
  0.0509   0.0196  -0.0139   0.2290   0.0345  -0.1454
  0.0635   0.0270   0.0190   0.1813   0.0618  -0.1099
  0.0912   0.0219   0.0177   0.3535   0.0561  -0.2072
  0.0513   0.0769   0.0061   0.2310   0.0262  -0.1940
  0.0655   0.0429   0.0316   0.2712   0.0224  -0.1698
  0.0619   0.0574   0.0610   0.1569   0.0250  -0.1059
  0.0623   0.0575   0.0420   0.2294   0.0190  -0.2023
  0.0560   0.0362   0.0427   0.2120   0.0211  -0.1422
  0.0319   0.0577   0.0569   0.1906  -0.0074  -0.1279
  0.0503   0.0067   0.0454   0.2043   0.0111  -0.1450
  0.0480   0.0271   0.0629   0.1674   0.0276  -0.0801
  0.0619  -0.0092   0.0445   0.2248   0.0214  -0.1025
  0.0367   0.0014   0.0614   0.1166  -0.0038  -0.0875
  0.0406  -0.0124   0.0314   0.2169  -0.0250  -0.1171
  0.0640  -0.0047   0.0786   0.1097   0.0074  -0.0849
  0.0976   0.0644   0.0352   0.1910   0.0426  -0.0993
  0.1001   0.0920   0.0042   0.0927   0.0490  -0.0943
  0.0843   0.0962  -0.0163   0.1481   0.0363  -0.0775
  0.1374   0.0717   0.0246   0.0461   0.0859  -0.0862
  0.0987   0.0852   0.0329   0.1148   0.0519  -0.1038
  0.1017   0.0748   0.0316   0.0712   0.0582  -0.1018
  0.0898   0.0964   0.0322   0.1183   0.0411  -0.1325
  0.0876   0.0726   0.0256   0.1982   0.0452  -0.1805
  0.0975   0.1037   0.0516   0.1340   0.0415  -0.1131
  0.1030   0.0713   0.0314   0.1980   0.0358  -0.1472
  0.0748   0.0994   0.0559   0.1070   0.0221  -0.0854
  0.0724   0.0780   0.0323   0.1708   0.0017  -0.1369
  0.0931   0.0784   0.0647  -0.0211  -0.0029  -0.0345
  0.0687   0.0705   0.0568   0.1311  -0.0066  -0.0746
  0.1038   0.0935   0.0684   0.0449   0.0272  -0.0884
  0.0809   0.1138   0.0510   0.0781   0.0190  -0.1090
  0.0838   0.1169   0.0447   0.0288  -0.0100  -0.1753
  0.0766   0.0937   0.0475   0.0976   0.0006  -0.0652
  0.0933   0.1232   0.0759  -0.0503  -0.0067  -0.0388
  0.0803   0.0962   0.0591   0.0969   0.0038  -0.1042
  0.0979   0.1204   0.0796  -0.0200   0.0106  -0.0212
  0.0696   0.1087   0.0591   0.1077   0.0043  -0.1319
  0.0738   0.1157   0.0568   0.0485   0.0001  -0.1302
  0.0447   0.1214   0.0757   0.0864  -0.0204  -0.0546
  0.0454   0.0812   0.0580   0.0501  -0.0315  -0.1119
  0.0460   0.1016   0.0872   0.0095  -0.0268  -0.0980
  0.0347   0.0926   0.0629   0.1013  -0.0417  -0.1171
  0.0156   0.1350   0.0729  -0.0082  -0.0426  -0.0580
 -0.0087   0.1216   0.0811   0.0869  -0.0511  -0.0995
 -0.0186   0.1291   0.0669  -0.0279  -0.0344  -0.0498
  0.0041   0.1266   0.1203   0.0267  -0.0304  -0.0617
  0.0073   0.0910   0.1456   0.0007  -0.0453  -0.1118
  0.0233   0.0762   0.1930  -0.2154  -0.0456  -0.0163
 -0.0287   0.0563   0.1804  -0.0064  -0.0743  -0.1174
 -0.0137   0.0828   0.1663  -0.0923  -0.0651  -0.0246
 -0.0427   0.0929   0.1538  -0.0452  -0.0760  -0.0478
 -0.0324   0.0777   0.1495  -0.0264  -0.0735  -0.1066
 -0.0182   0.1109   0.1686  -0.1009  -0.0480   0.0135
 -0.0446   0.0671   0.1334   0.0140  -0.0776  -0.0698
 -0.0229   0.0690   0.1541  -0.1166  -0.0605  -0.0351
 -0.0393   0.0563   0.1450  -0.0653  -0.0692  -0.0221
 -0.0237   0.0666   0.1289  -0.0397  -0.0626  -0.0413
 -0.0309   0.0767   0.1569  -0.1298  -0.0548   0.0422
 -0.0558   0.0363   0.1349  -0.0063  -0.0768  -0.0730
 -0.0194   0.0548   0.1501  -0.1781  -0.0421  -0.0160
 -0.0308   0.0495   0.1627  -0.1327  -0.0376   0.0028
 -0.0142   0.0446   0.1471  -0.1303  -0.0358  -0.0447
 -0.0106   0.0787   0.1555  -0.1827  -0.0207  -0.0115
 -0.0426   0.1631   0.1376  -0.1680  -0.0408  -0.0549
 -0.0290   0.2389   0.1145  -0.3029  -0.0999  -0.0034
  0.0129   0.1887   0.0386  -0.1195  -0.0111   0.0520
 -0.0221   0.1528   0.0704  -0.2671  -0.0651   0.0143
 -0.0558   0.1763   0.0897  -0.1228  -0.0835  -0.0221
 -0.0306   0.1696   0.1002  -0.2286  -0.0797  -0.0032
 -0.0555   0.1530   0.1004  -0.1746  -0.0822  -0.0168
 -0.0379   0.1176   0.0937  -0.1802  -0.0653   0.0030
 -0.0171   0.1296   0.1333  -0.2759  -0.0397   0.0181
 -0.0366   0.1127   0.1113  -0.1470  -0.0788  -0.0726
 -0.0194   0.0734   0.1872  -0.3772  -0.0681   0.1032
 -0.0709   0.0790   0.1451  -0.1408  -0.1161  -0.0191
 -0.0732   0.0710   0.1690  -0.2600  -0.1063   0.0575
 -0.0825   0.0441   0.1563  -0.2190  -0.1219   0.0605
 -0.0833  -0.0069   0.1577  -0.1825  -0.1289   0.0769
 -0.0751  -0.0037   0.1727  -0.2629  -0.1176   0.1205
 -0.0715  -0.0314   0.1666  -0.1548  -0.1154   0.0212
 -0.0530  -0.0196   0.2013  -0.3241  -0.0911   0.0841
 -0.0877  -0.0114   0.1952  -0.1806  -0.1154   0.0470
 -0.0718  -0.0143   0.1816  -0.2385  -0.1081   0.0459
 -0.0841  -0.0018   0.1970  -0.1982  -0.1133   0.0286
 -0.0777  -0.0267   0.1915  -0.1962  -0.1060   0.0406
 -0.0660  -0.0056   0.2005  -0.2601  -0.0887   0.1061
 -0.0757  -0.0209   0.1782  -0.1499  -0.1020   0.0109
 -0.0647  -0.0268   0.1743  -0.2150  -0.0971   0.0195
 -0.0673  -0.0142   0.1929  -0.1976  -0.0967   0.0680
 -0.0648  -0.0379   0.1693  -0.1586  -0.1052   0.0175
 -0.0845  -0.0168   0.1772  -0.2087  -0.1087   0.0300
 -0.0679  -0.0367   0.1772  -0.1327  -0.1128   0.0084
 -0.0593  -0.0264   0.2004  -0.2476  -0.0903   0.0571
 -0.0722  -0.0571   0.1962  -0.1624  -0.1019   0.0266
 -0.0542  -0.0959   0.2537  -0.3058  -0.0780   0.0756
 -0.0637  -0.0765   0.2223  -0.1694  -0.1139   0.1095
 -0.0639  -0.0800   0.2021  -0.1838  -0.1130   0.0354
 -0.0851  -0.0636   0.2085  -0.1598  -0.1128   0.0405
 -0.0727  -0.1118   0.2209  -0.2168  -0.1161   0.0481
 -0.0880  -0.0853   0.2011  -0.1507  -0.1173   0.0622
 -0.0915  -0.1293   0.1969  -0.1331  -0.1320   0.0875
 -0.1174  -0.1025   0.1871  -0.1623  -0.1365   0.0646
 -0.0897  -0.1348   0.1820  -0.1269  -0.1286   0.0277
 -0.1100  -0.1059   0.1990  -0.2054  -0.1352   0.0867
 -0.0917  -0.1385   0.1817  -0.0950  -0.1331   0.0514
 -0.1120  -0.0693   0.1784  -0.2186  -0.1383   0.0731
 -0.0383  -0.0016   0.0844  -0.1035  -0.0899  -0.0526
 -0.0618   0.0087   0.1287  -0.2217  -0.0869   0.0406
 -0.0387  -0.0318   0.1274  -0.0978  -0.0837  -0.0269
 -0.0384  -0.0430   0.1958  -0.3025  -0.0719   0.0435
 -0.0418  -0.0580   0.1699  -0.1520  -0.0808   0.0327
