  0.1763   0.6883   0.0216   0.0514   0.0454  -0.1921
  0.1351   0.6698   0.0442   0.1327   0.0505  -0.2570
  0.1222   0.6621   0.0529   0.0487   0.0333  -0.1570
  0.1119   0.6398   0.0505   0.0483   0.0228  -0.2175
  0.0992   0.6105   0.0450   0.0880   0.0267  -0.2311
  0.1200   0.5975   0.0316   0.0561   0.0113  -0.1952
  0.0801   0.5809   0.0453   0.1250   0.0455  -0.2763
  0.1001   0.6015   0.0159   0.0995   0.0392  -0.1766
  0.0874   0.5683   0.0084   0.0733   0.0240  -0.2235
  0.0800   0.6122  -0.0034   0.0703   0.0143  -0.2241
  0.0777   0.5950   0.0222   0.0573   0.0134  -0.2014
  0.0730   0.5972  -0.0040   0.0628   0.0046  -0.2012
  0.0772   0.5783   0.0040   0.0385   0.0044  -0.2474
  0.0713   0.5853  -0.0078   0.0174  -0.0073  -0.2209
  0.0665   0.5533  -0.0006   0.0328   0.0007  -0.1904
  0.0635   0.5538  -0.0295   0.0407  -0.0117  -0.2035
  0.0475   0.5392  -0.0089   0.0633   0.0010  -0.1788
  0.0636   0.4993  -0.0121   0.0126  -0.0142  -0.2123
  0.0555   0.4781   0.0393   0.0657   0.0319  -0.1711
  0.0876   0.3992   0.0654   0.0653   0.0341  -0.1201
  0.0889   0.2489   0.0844   0.0674   0.0308  -0.1052
  0.0918   0.2733   0.0544   0.0192   0.0155  -0.0866
  0.0887   0.2543   0.0648   0.0420   0.0165  -0.0880
  0.0966   0.2900   0.0611   0.0050   0.0001  -0.0982
  0.0963   0.2671   0.0744   0.0619   0.0123  -0.1253
  0.1022   0.2905   0.0479   0.0469   0.0081  -0.1063
  0.0844   0.2520   0.0429   0.0547   0.0073  -0.1551
  0.0950   0.2745   0.0383   0.0051  -0.0036  -0.0562
  0.0886   0.2611   0.0449   0.0571   0.0021  -0.0993
  0.0935   0.2865   0.0459   0.0276  -0.0062  -0.0887
  0.0819   0.2626   0.0709   0.0510   0.0209  -0.1392
  0.1038   0.3396   0.0749   0.0481   0.0253  -0.0960
  0.1051   0.3408   0.0857   0.0534   0.0293  -0.1033
  0.0962   0.2772   0.0921   0.0762   0.0362  -0.1095
  0.1035   0.2971   0.0675   0.0407   0.0195  -0.0236
  0.0818   0.2894   0.0870   0.0638   0.0487  -0.1682
  0.1079   0.3164   0.1052   0.0498   0.0512  -0.0156
  0.1024   0.2663   0.0962   0.0528   0.0599  -0.1208
  0.1084   0.3369   0.0992   0.0219   0.0645  -0.0857
  0.0920   0.3240   0.1219   0.0368   0.0802  -0.1158
  0.1812   0.4458   0.0945  -0.0012   0.0991  -0.0675
  0.1023   0.2970   0.1142   0.0679   0.0788  -0.1177
  0.1163   0.2910   0.1023   0.0554   0.0782  -0.0876
  0.0715   0.2673   0.1062   0.0981   0.0819  -0.1369
  0.0850   0.3076   0.0913   0.0921   0.0782  -0.0848
  0.0609   0.2573   0.0961   0.0997   0.0696  -0.1582
  0.0790   0.2969   0.0755   0.0658   0.0593  -0.0197
  0.0643   0.2455   0.0934   0.0882   0.0666  -0.0888
  0.0816   0.2450   0.0608   0.0596   0.0547  -0.0170
  0.0456   0.2433   0.0757   0.0972   0.0615  -0.1048
  0.0668   0.1999   0.0466   0.0468   0.0343  -0.0501
  0.0383   0.1594   0.0611   0.0722   0.0504  -0.0686
  0.0549   0.1109   0.0335   0.0253   0.0233  -0.0260
  0.0028   0.0617   0.0191   0.0570   0.0248  -0.0435
  0.0386   0.1526   0.0415   0.0016   0.0301  -0.0245
  0.0236   0.1221   0.0600   0.0414   0.0436  -0.0799
  0.0314   0.1690   0.0491   0.0391   0.0369  -0.0510
  0.0138   0.1445   0.0615   0.0758   0.0485  -0.0840
  0.0318   0.1117   0.0638   0.0254   0.0494  -0.0450
  0.0114   0.1231   0.0570   0.0500   0.0548  -0.0814
  0.0423   0.1430   0.0529   0.0281   0.0392  -0.0404
  0.0095   0.0901   0.0525   0.0409   0.0441  -0.0821
  0.0341   0.1091   0.0269   0.0068   0.0250   0.0087
  0.0140   0.0781   0.0413   0.0423   0.0257  -0.0228
  0.0266   0.0525  -0.0009  -0.0205  -0.0037   0.0217
  0.0016   0.0184   0.0201   0.0267   0.0035   0.0028
  0.0216   0.0104   0.0160  -0.0412   0.0042   0.0071
  0.0130   0.0256   0.0220   0.0135   0.0083  -0.0164
  0.0122  -0.0461   0.0179  -0.0223   0.0017   0.0285
  0.0120  -0.0017   0.0044  -0.0418  -0.0027   0.0289
  0.0016  -0.0129   0.0296  -0.0184   0.0077   0.0250
  0.0179  -0.0102   0.0080  -0.0365  -0.0070   0.0306
  0.0196  -0.0108   0.0345   0.0078   0.0147   0.0014
  0.0256   0.0054   0.0381  -0.0243   0.0157   0.0092
  0.0227   0.0096   0.0397   0.0099   0.0270   0.0008
  0.0353   0.0144   0.0243  -0.0001   0.0177  -0.0016
  0.0213  -0.0009   0.0458   0.0398   0.0192   0.0195
  0.0200  -0.0082   0.0238   0.0169   0.0080   0.0213
  0.0169   0.0068   0.0182   0.0104   0.0137   0.0278
  0.0014  -0.0216   0.0050  -0.0099   0.0037   0.0168
  0.0121  -0.0683  -0.0094  -0.0374  -0.0222   0.0655
 -0.0078  -0.0765   0.0004   0.0133  -0.0015   0.0078
  0.0039  -0.0887  -0.0385  -0.0299  -0.0292   0.0789
 -0.0034  -0.0844   0.0029   0.0081   0.0143   0.0396
  0.0049  -0.0429   0.0229   0.0184   0.0235   0.0349
  0.0178  -0.0537   0.0146  -0.0126   0.0150   0.0054
  0.0047  -0.0595   0.0086   0.0027   0.0201   0.0197
  0.0239   0.0047   0.0149  -0.0147   0.0179   0.0365
  0.0102  -0.0296   0.0375  -0.0018   0.0345  -0.0007
  0.0312  -0.0208   0.0226  -0.0256   0.0120   0.0341
  0.0226   0.0195   0.0357  -0.0022   0.0327  -0.0255
  0.0600   0.1172   0.0208  -0.0029   0.0425   0.0020
  0.0725   0.0802   0.0277   0.0106   0.0549   0.0160
  0.0332   0.0743   0.0397   0.0045   0.0272   0.0096
  0.0181   0.0713   0.0426   0.0176   0.0355  -0.0257
  0.0312   0.0221   0.0253  -0.0229   0.0076   0.0379
  0.0243  -0.0073   0.0477  -0.0094   0.0383   0.0118
  0.0380   0.0094   0.0255  -0.0423   0.0195   0.0369
  0.0134  -0.0490   0.0404   0.0109   0.0295   0.0156
  0.0153  -0.0593  -0.0083  -0.0353  -0.0057   0.0592
 -0.0061  -0.0879   0.0036  -0.0012  -0.0002   0.0227
  0.0095  -0.0697  -0.0174  -0.0544  -0.0109   0.0420
  0.0021  -0.0632   0.0203   0.0063   0.0102  -0.0101
  0.0165  -0.0678   0.0154  -0.0395  -0.0140   0.0179
 -0.0054  -0.0815   0.0119   0.0003   0.0051   0.0214
  0.0072  -0.0372   0.0148  -0.0370  -0.0071   0.1050
 -0.0123  -0.0772   0.0192  -0.0156   0.0002  -0.0009
  0.0091  -0.0613   0.0131  -0.0339  -0.0050   0.0378
 -0.0150  -0.0951   0.0104   0.0136   0.0064  -0.0216
  0.0121  -0.0744   0.0223  -0.0360   0.0061   0.0489
 -0.0081  -0.0730   0.0148  -0.0289   0.0157   0.0095
  0.0111  -0.0888   0.0100  -0.0511   0.0004   0.0729
 -0.0149  -0.1092   0.0092  -0.0063   0.0150  -0.0068
  0.0059  -0.1183   0.0145  -0.0478  -0.0006   0.0689
 -0.0210  -0.1495  -0.0023  -0.0233   0.0055   0.0218
 -0.0233  -0.2221   0.0054  -0.0347   0.0046   0.0665
 -0.0344  -0.1711  -0.0096  -0.0339  -0.0034   0.0627
 -0.0431  -0.2320  -0.0176  -0.0219  -0.0062   0.0705
 -0.0359  -0.2241  -0.0155  -0.0830  -0.0189   0.0429
 -0.0685  -0.3475  -0.0206  -0.0379  -0.0060   0.1327
 -0.0612  -0.3318  -0.0026  -0.0774  -0.0056   0.1358
 -0.1036  -0.4070  -0.0384  -0.0361  -0.0176   0.1405
 -0.0731  -0.3378  -0.0198  -0.1044  -0.0180   0.1355
 -0.1093  -0.3932  -0.0269  -0.0539  -0.0156   0.1157
 -0.0972  -0.3732  -0.0301  -0.1245  -0.0227   0.1221
 -0.1278  -0.3902  -0.0614  -0.0618  -0.0304   0.1029
 -0.1330  -0.4426  -0.0650  -0.0989  -0.0400   0.1632
 -0.1171  -0.4363  -0.0815  -0.0908  -0.0368   0.1503
 -0.1301  -0.5216  -0.0930  -0.0908  -0.0584   0.1806
 -0.1543  -0.5897  -0.1590  -0.1050  -0.0912   0.2245
 -0.1992  -0.6987  -0.1568  -0.0467  -0.0949   0.1963
 -0.1960  -0.7208  -0.1941  -0.1030  -0.1271   0.2521
 -0.2280  -0.8143  -0.1814  -0.0956  -0.1159   0.2560
 -0.2497  -0.8548  -0.1707  -0.0591  -0.1005   0.2363
 -0.2092  -0.6936  -0.1325  -0.1105  -0.0852   0.2463
 -0.2303  -0.7826  -0.1247  -0.0791  -0.0732   0.1781
 -0.1957  -0.6997  -0.1314  -0.0898  -0.0834   0.2522
 -0.2248  -0.7428  -0.1586  -0.0502  -0.0878   0.1968
 -0.2329  -0.8421  -0.2497  -0.1302  -0.1562   0.2984
 -0.2768  -0.9013  -0.2511  -0.0876  -0.1423   0.2651
 -0.2559  -0.8893  -0.2751  -0.1287  -0.1620   0.3257
 -0.2703  -0.8588  -0.2485  -0.0766  -0.1374   0.2375
 -0.2505  -0.8420  -0.2159  -0.0848  -0.1356   0.2543
 -0.2470  -0.8773  -0.2204  -0.1058  -0.1343   0.2510
 -0.2574  -0.8852  -0.2208  -0.0783  -0.1294   0.2789
 -0.2425  -0.8059  -0.2124  -0.0984  -0.1248   0.3196
 -0.2659  -0.8738  -0.2132  -0.0413  -0.1124   0.2857
 -0.2379  -0.8761  -0.2155  -0.1102  -0.1297   0.2754
 -0.2713  -0.9110  -0.2304  -0.0680  -0.1256   0.2746
 -0.2481  -0.9162  -0.2633  -0.1253  -0.1571   0.2955
