 -0.0320  -0.0097  -0.0523  -0.2451  -0.0201   0.0753
 -0.0442  -0.0236  -0.0567  -0.2506  -0.0461   0.0770
 -0.0383  -0.0014  -0.0441  -0.1831  -0.0342   0.0473
 -0.0313   0.0020  -0.0378  -0.1273  -0.0204   0.0220
 -0.0359  -0.0059  -0.0352  -0.1740  -0.0308   0.0498
 -0.0428   0.0044  -0.0451  -0.1557  -0.0302   0.0387
 -0.0490  -0.0115  -0.0531  -0.1301  -0.0353   0.0376
 -0.0477  -0.0220  -0.0570  -0.1389  -0.0343   0.0501
 -0.0489  -0.0314  -0.0614  -0.1169  -0.0267   0.0753
 -0.0529  -0.0125  -0.0558  -0.1559  -0.0274   0.0588
 -0.0440  -0.0629  -0.0567  -0.1681  -0.0256   0.0198
 -0.0315  -0.0647  -0.0571  -0.1391  -0.0121   0.0775
 -0.0241  -0.1052  -0.0559  -0.1375  -0.0109   0.0357
 -0.0281  -0.0933  -0.0485  -0.1216  -0.0093   0.0974
 -0.0269  -0.0818  -0.0526  -0.1418  -0.0104   0.0544
 -0.0271  -0.0948  -0.0642  -0.0912  -0.0177   0.0595
 -0.0161  -0.0928  -0.0611  -0.1083  -0.0067   0.0631
 -0.0073  -0.1364  -0.0509  -0.1195  -0.0038   0.0476
 -0.0096  -0.1104  -0.0461  -0.0982  -0.0059   0.0711
 -0.0130  -0.1122  -0.0394  -0.0941  -0.0004   0.0758
 -0.0138  -0.1444  -0.0428  -0.1017   0.0039   0.0519
 -0.0141  -0.1208  -0.0460  -0.0858   0.0004   0.0774
 -0.0130  -0.1439  -0.0418  -0.0851  -0.0059   0.0578
 -0.0233  -0.1311  -0.0528  -0.0639  -0.0098   0.0783
 -0.0149  -0.1769  -0.0324  -0.0559   0.0021   0.0418
 -0.0125  -0.1384  -0.0403  -0.0736   0.0006   0.0687
 -0.0163  -0.1113  -0.0401  -0.0916   0.0033   0.0607
 -0.0099  -0.1261  -0.0296  -0.0748   0.0050   0.0376
 -0.0104  -0.1185  -0.0383  -0.0568   0.0061   0.0603
 -0.0103  -0.1507  -0.0308  -0.0374   0.0140   0.0268
 -0.0207  -0.1239  -0.0289  -0.0256  -0.0022   0.0718
 -0.0186  -0.1041  -0.0205  -0.0296  -0.0083   0.0189
 -0.0216  -0.0713  -0.0203  -0.0780  -0.0125   0.0469
 -0.0314  -0.0607  -0.0292  -0.1061  -0.0156   0.0950
 -0.0294  -0.0828  -0.0173  -0.1180  -0.0190  -0.0556
 -0.0481  -0.0277  -0.0250  -0.1511  -0.0112   0.1192
 -0.0237  -0.0321  -0.0381  -0.1926   0.0026   0.0787
 -0.0189  -0.0344  -0.0242  -0.1954   0.0138   0.0691
 -0.0066  -0.0390  -0.0085  -0.1472   0.0156   0.0547
 -0.0092  -0.0445  -0.0035  -0.1279   0.0197   0.0172
 -0.0186  -0.0232  -0.0599  -0.0411   0.0038   0.0551
 -0.0006  -0.0135  -0.0132  -0.0803   0.0216  -0.0002
 -0.0010   0.0019   0.0109  -0.0964   0.0391   0.0396
 -0.0012  -0.0349  -0.0039  -0.0152   0.0354   0.0445
  0.0029  -0.0407   0.0042  -0.0462   0.0400   0.0007
  0.0049  -0.0281   0.0014  -0.0486   0.0489   0.0486
  0.0031  -0.0145   0.0034  -0.0687   0.0530   0.0462
 -0.0020  -0.0259   0.0073  -0.0631   0.0497   0.0104
 -0.0073  -0.0189   0.0013  -0.0836   0.0499   0.0709
 -0.0041  -0.0412  -0.0006  -0.0949   0.0544   0.0077
 -0.0051  -0.0156   0.0005  -0.0890   0.0511   0.0494
 -0.0047  -0.0296   0.0029  -0.1128   0.0488   0.0191
 -0.0038  -0.0336   0.0052  -0.1061   0.0445   0.0209
 -0.0045  -0.0139   0.0041  -0.1217   0.0439   0.0580
  0.0022  -0.0440  -0.0011   0.0327   0.0266  -0.0602
  0.0121  -0.0773   0.0120  -0.0630   0.0457   0.0541
  0.0132  -0.0929  -0.0094  -0.0066   0.0263   0.0437
  0.0162  -0.0418   0.0230  -0.0691   0.0384  -0.0075
  0.0084  -0.0329   0.0213  -0.0415   0.0484   0.0381
  0.0065  -0.0356   0.0186  -0.0493   0.0467   0.0093
  0.0016  -0.0313   0.0125  -0.0362   0.0390   0.0347
  0.0170  -0.0665   0.0091  -0.0038   0.0510  -0.0049
  0.0141  -0.0311   0.0106  -0.0542   0.0485   0.0547
  0.0055  -0.0026   0.0111  -0.0977   0.0405   0.0506
  0.0056  -0.0035   0.0162  -0.0807   0.0404   0.0104
 -0.0011  -0.0063   0.0067  -0.0927   0.0339   0.0374
 -0.0099  -0.0075  -0.0003  -0.1402   0.0361   0.0094
 -0.0113  -0.0106   0.0086  -0.1362   0.0325   0.0347
 -0.0272   0.0139   0.0065  -0.1521   0.0347   0.0549
 -0.0126  -0.0101   0.0171  -0.1222   0.0323  -0.0067
 -0.0152   0.0218   0.0045  -0.1185   0.0389   0.0512
 -0.0118   0.0030   0.0102  -0.1182   0.0415   0.0042
 -0.0305   0.0211   0.0130  -0.1060   0.0402   0.0210
  0.0514  -0.1054   0.0279   0.0163   0.0366   0.0843
  0.0631  -0.0527   0.0237  -0.1152   0.0466   0.0130
  0.0150   0.2180   0.0126   0.0585   0.0287  -0.1315
 -0.0397   0.0028  -0.0308   0.4041  -0.0626  -0.2200
 -0.0472   0.2616  -0.0446   0.2751  -0.0361  -0.1544
 -0.0101   0.0867   0.0246   0.0622  -0.0161   0.0004
 -0.0268   0.3342  -0.0065  -0.0534  -0.0608  -0.1813
 -0.0598   0.2790  -0.0274   0.3626  -0.0681  -0.1901
 -0.0374   0.1252  -0.0106  -0.0193  -0.1082   0.0049
  0.0160   0.0761   0.0297   0.0305  -0.0633  -0.0772
  0.0355   0.0836   0.0161   0.0956  -0.0530  -0.0559
  0.0418   0.0704   0.0224   0.0998  -0.0304  -0.0509
  0.0267   0.0581   0.0412   0.1584  -0.0203  -0.0620
  0.0250  -0.0146   0.0523   0.1107  -0.0316  -0.0365
  0.0214   0.0196   0.0380   0.1207  -0.0315  -0.0300
  0.0384   0.0445   0.0447   0.1554  -0.0208  -0.0119
  0.0413   0.0062   0.0734   0.2014  -0.0221  -0.0239
  0.0262   0.0021   0.0210   0.2244  -0.0529  -0.0721
  0.0128  -0.0099   0.0214   0.2915  -0.0607  -0.0608
  0.0142   0.0176   0.0290   0.2497  -0.0514  -0.0700
  0.0108   0.0055   0.0288   0.2219  -0.0414  -0.0920
  0.0129  -0.0443   0.0047   0.2394  -0.0472  -0.0028
 -0.0018  -0.0180   0.0023   0.2166  -0.0521  -0.0210
 -0.0072  -0.0031   0.0079   0.2432  -0.0628  -0.0468
  0.0004  -0.0120   0.0111   0.2203  -0.0532  -0.0807
  0.0086  -0.0201   0.0144   0.2098  -0.0445  -0.0345
  0.0224  -0.0593   0.0035   0.2148  -0.0325  -0.0156
  0.0169  -0.0768   0.0135   0.2227  -0.0387  -0.0228
  0.0336  -0.0596   0.0076   0.2036  -0.0311  -0.0881
  0.0445   0.4283   0.0297   0.1371  -0.0146  -0.1055
  0.0088   0.1330   0.0399   0.0722  -0.0289  -0.0669
 -0.0025   0.1305   0.0364   0.2583  -0.0482  -0.1208
  0.0280   0.2975   0.0011   0.6722  -0.0739  -0.2427
  0.0644   0.5916   0.1324   0.1813   0.0633  -0.1499
  0.0573   0.3712   0.1374  -0.0261   0.0518  -0.1189
  0.0382   0.3382   0.1247   0.0693   0.0285  -0.1416
  0.0173   0.2862   0.0777   0.0427  -0.0007  -0.1351
  0.0390   0.1906   0.0575  -0.0784   0.0313  -0.0203
  0.0412   0.2025   0.0368  -0.1173   0.0110  -0.0882
  0.0547   0.0976   0.0368   0.0291  -0.0009  -0.0368
  0.0672   0.0651   0.0503   0.1020   0.0187  -0.0265
  0.0688   0.0017   0.0550   0.1603   0.0086  -0.0634
  0.0581  -0.0072   0.0276   0.3349   0.0079  -0.0895
  0.0505  -0.0287   0.0610   0.2490   0.0195  -0.0121
  0.0512  -0.0334   0.0724   0.2169   0.0242  -0.0400
  0.0481  -0.0553   0.0642   0.1742   0.0204  -0.0172
  0.0706  -0.1174   0.0540   0.1663   0.0179  -0.0268
