  0.0983   1.2109   0.2871  -1.5098   0.3213  -0.2685
 -0.0869  -0.5319  -0.3646   0.7398  -0.0576  -0.3654
 -0.5604  -2.6588  -0.3463   2.7100  -0.6030   0.3222
  0.0229  -1.0847  -0.1750   0.2620  -0.0343   0.5543
  0.1188  -0.6640  -0.0030  -0.0341   0.0709   0.3363
  0.0553  -0.5100  -0.1276  -0.0296   0.0605   0.3945
  0.0772  -0.2641  -0.0582  -0.2008   0.1135   0.2755
  0.0556  -0.1855  -0.0472  -0.2127   0.0577   0.2857
  0.0019  -0.4614  -0.2427   0.1311  -0.0042   0.1640
  0.1463  -0.4271  -0.1465   0.1856   0.0950   0.3404
 -0.0020  -0.1157  -0.0640  -0.1698   0.0038   0.2626
  0.0853  -0.1486   0.1098  -0.3568   0.0672   0.1960
  0.0999  -0.0399  -0.0105  -0.2625   0.1084   0.2537
  0.1455  -0.1471  -0.0287  -0.2747   0.1267   0.2228
  0.1353  -0.1753  -0.0054  -0.3039   0.0744   0.2145
  0.1735  -0.2960  -0.1329  -0.0170   0.1844   0.1907
  0.0929  -0.2196  -0.1498  -0.0650   0.1525   0.2331
  0.0939  -0.1090  -0.1210  -0.2491   0.1440   0.2230
  0.1328   0.3360  -0.3421  -0.5259  -0.0100   0.2446
  0.0899   0.2236  -0.3107  -0.4662  -0.0460   0.1949
  0.0341   0.4517  -0.2695  -0.5234  -0.0112   0.1507
 -0.1707   1.3192  -0.1889  -1.0691  -0.0944  -0.1629
 -0.3144   1.2878  -0.1466  -1.0000  -0.2921  -0.3390
 -0.1474   1.3414  -0.2715  -1.1870  -0.1107  -0.0668
 -0.1426   1.3924  -0.2512  -1.1298  -0.0819  -0.1858
 -0.1228   0.8902  -0.2358  -0.6180  -0.0726  -0.1781
 -0.0033   0.4199  -0.2996  -0.3444  -0.0710  -0.1414
 -0.0121   0.8439  -0.3038  -0.8338   0.0068  -0.2046
  0.1107   0.3822  -0.3094  -0.6799   0.0669  -0.1403
  0.0047   0.2860  -0.1465  -0.4197  -0.0710  -0.1012
  0.0756   0.0766  -0.1214   0.1090   0.1416  -0.1193
 -0.0506   0.5392  -0.2937  -0.4306   0.0151  -0.1233
 -0.0220   0.5971  -0.2583  -0.5136   0.0042  -0.1373
  0.1023   0.4416  -0.0696  -0.5300   0.1341  -0.0649
  0.1141   0.6086  -0.0565  -0.6429   0.0786  -0.1432
  0.1362   0.4644  -0.1268  -0.5084   0.1064  -0.1306
  0.1386   0.6935  -0.2202  -0.7199   0.1570  -0.1580
  0.0073   1.0746  -0.3890  -0.9558  -0.0225  -0.0917
 -0.0291   0.8194  -0.3234  -0.6606  -0.0222  -0.1845
 -0.7301   1.8981  -0.5407  -1.4142  -0.6119  -0.7302
 -0.0085   0.6424  -0.2380  -0.7728  -0.0078  -0.1642
  0.0561   0.3530  -0.1750  -0.4436   0.0370  -0.0417
  0.0028   0.4988  -0.3958  -0.5931  -0.0888  -0.0967
  0.0626   0.3529  -0.2734  -0.2746  -0.0543  -0.1884
  0.0586   0.5178  -0.3038  -0.3398  -0.0112  -0.1210
 -0.3328  -1.2588  -0.5450   1.7551  -0.5062  -0.4642
 -0.0135  -3.6567  -0.4479   4.0202  -0.4295   0.2266
 -0.1354   0.2307   0.2481  -0.0873  -0.1663   0.0194
 -0.1145   0.5261   0.1081  -0.3360  -0.0618  -0.0408
 -0.1532   0.5443   0.0402  -0.4339  -0.1272   0.0091
 -0.0819   0.5658  -0.0997  -0.7679  -0.0504   0.0798
 -0.1270   0.9219   0.0324  -0.9857  -0.1101  -0.0081
 -0.0990   0.9476   0.0175  -0.8290  -0.0544   0.0076
 -0.1026   1.0249   0.0174  -0.8499  -0.0541  -0.0338
 -0.1241   0.9653   0.0026  -0.6860  -0.0716  -0.0980
 -0.0769   1.0031   0.3020  -1.0506  -0.0392  -0.2535
  0.0320   0.9553   0.2236  -1.0092   0.1193  -0.3108
 -0.0199   1.0659   0.1670  -1.0402   0.0786  -0.3328
 -0.0001   1.0278   0.1801  -0.9980   0.0536  -0.1968
  0.0046   0.9480   0.1924  -0.9302   0.0673  -0.2204
 -0.0076   0.9293   0.2416  -1.0110   0.0450  -0.2044
 -0.0281   0.9841   0.2468  -1.0161   0.0178  -0.2092
 -0.0447   1.0602   0.2491  -1.1192   0.0281  -0.2380
 -0.0115   1.0990   0.2135  -1.0532   0.0797  -0.2315
  0.0566   0.6691   0.2240  -0.7643   0.0942  -0.2404
  0.0725   0.4674   0.2240  -0.5795   0.1227  -0.2409
  0.1804   0.7102   0.3029  -1.0393   0.1395  -0.3145
  0.0606   0.7230   0.1815  -0.7326   0.1093  -0.2753
 -0.0105   1.3923   0.4120  -1.3145   0.0188  -0.3252
 -0.0231   1.3237   0.2413  -1.4449   0.0718  -0.2022
  0.0095   0.9183   0.1631  -0.9895   0.0925  -0.2118
 -0.0166   0.9533   0.0797  -0.8143   0.1801  -0.2092
 -0.0072   0.9612   0.0843  -0.8203   0.0891  -0.1987
 -0.0140   1.0218   0.0829  -0.8338   0.0925  -0.1530
 -0.0020   0.9631   0.0244  -0.7367   0.1128  -0.1638
 -0.0724   0.3076  -0.0712  -0.2415  -0.0026  -0.4044
 -0.8271  -2.4766  -0.1869   3.3266  -0.6509   0.0765
 -0.5235  -4.0825  -0.2375   4.2637  -0.4872   0.8993
 -0.2828  -1.5444   0.0304   1.3508  -0.2984   0.4361
 -0.1232  -0.9807   0.0202   0.8288  -0.1387   0.3714
 -0.1497  -0.7481   0.0549   0.7780  -0.1380   0.4370
 -0.2279  -0.6060   0.0635   0.6667  -0.2201   0.3784
 -0.1652  -0.5969   0.0880   0.6499  -0.1368   0.3050
 -0.1287  -0.5963   0.1157   0.6738  -0.1085   0.2988
 -0.1399  -0.5987   0.1183   0.6799  -0.1137   0.2553
  0.0652  -0.5521  -0.0171   0.6453   0.0961   0.2753
 -0.0268  -0.6123   0.0444   0.7033  -0.0125   0.2873
 -0.0327  -0.6038   0.0522   0.6804  -0.0256   0.2880
  0.1440  -0.5362  -0.0492   0.6526   0.1273   0.3240
 -0.1193  -0.5688   0.1100   0.6580  -0.1054   0.2476
 -0.1626  -0.5876   0.1675   0.6830  -0.1404   0.2373
 -0.0391  -0.5691   0.1162   0.6257  -0.0373   0.2332
 -0.0310  -0.5656   0.1013   0.5993  -0.0177   0.2197
  0.0248  -0.5182   0.1001   0.5813   0.0056   0.1983
 -0.0279  -0.5402   0.1502   0.3359  -0.0693   0.1828
 -0.0202  -0.4522   0.1457   0.1480  -0.0691   0.1583
  0.0465  -0.5318   0.1014   0.3633  -0.0167   0.1138
  0.0910  -0.6947   0.0898   0.3970  -0.0265   0.1644
  0.0377  -0.5817   0.1142   0.3619  -0.0532   0.1844
  0.0207  -0.5493   0.0890   0.3282  -0.0492   0.1812
 -0.0010  -0.5217   0.1244   0.3378  -0.0781   0.1707
 -0.0127  -0.5172   0.1246   0.3580  -0.0935   0.1702
  0.0182  -0.5190   0.1014   0.3683  -0.0294   0.1647
  0.0231  -0.5010   0.0808   0.3265  -0.0349   0.1607
  0.0407  -0.4275   0.0609   0.3036  -0.0395   0.2090
  0.0040  -0.3358   0.1177   0.1759  -0.0491   0.2140
 -0.0267  -0.4227   0.1408   0.1438  -0.0835   0.2244
 -0.0441  -0.3144   0.1913   0.1265  -0.0660   0.2517
 -0.0305  -0.2474   0.2269   0.1050  -0.0379   0.2301
 -0.0570  -0.2050   0.2253  -0.0592  -0.0775   0.1153
  0.0367  -0.6333   0.1219   0.6014  -0.0269  -0.1444
  0.0201  -0.3256   0.1439   0.3540   0.0084   0.0485
  0.0058  -0.1646   0.1020   0.2368  -0.0144  -0.0073
  0.0857  -0.1923   0.0242   0.2915   0.0524   0.0104
  0.0799  -0.1663   0.0333   0.2745   0.0518  -0.0248
  0.0870  -0.1800   0.0440   0.3434   0.0694  -0.0254
  0.0487  -0.0793   0.0504   0.2523   0.0284  -0.0491
  0.0736  -0.1815   0.0149   0.3261   0.0539  -0.0070
  0.1090  -0.1638  -0.0047   0.3415   0.0911  -0.0622
  0.0969  -0.1509   0.0188   0.2841   0.0736  -0.0814
  0.0414  -0.1605   0.0625   0.2725   0.0399  -0.0223
 -0.0427  -0.0133   0.1032   0.1144  -0.0062  -0.0262
 -0.0302   0.0262   0.0415   0.0764  -0.0031  -0.0460
  0.0049  -0.0346   0.0220   0.1718   0.0255  -0.0723
  0.0544  -0.0841  -0.0064   0.2520   0.0590  -0.0885
  0.0693  -0.2451   0.0014   0.4246   0.0575  -0.0855
  0.0473  -0.2194  -0.0092   0.3969   0.0589  -0.1250
  0.0633  -0.1667  -0.0073   0.3576   0.0733  -0.1242
  0.0472  -0.1954   0.0565   0.3411   0.0596  -0.1284
  0.0801  -0.1316  -0.0022   0.2786   0.0840  -0.0801
  0.0818  -0.1926   0.0618   0.2852   0.0867  -0.1130
  0.0113  -0.0220  -0.0127   0.0778   0.0268  -0.0326
  0.0128   0.0231  -0.0229   0.0018   0.0210  -0.0518
  0.1735  -0.3232   0.1730   0.2225   0.1633  -0.1161
  0.2448  -0.3913   0.0704   0.3650   0.2277  -0.1440
  0.2355  -0.4258  -0.0322   0.2507   0.2717  -0.1198
  0.1509  -0.1718  -0.0248   0.1827   0.1435  -0.0905
  0.0218  -0.0988   0.0120   0.1674   0.0577  -0.1208
 -0.0681  -0.0203  -0.0952   0.2779   0.0582  -0.2149
 -0.1165  -0.1544  -0.2004   1.0042  -0.0182  -0.0409
 -0.0758   0.0385  -0.2362   0.2874  -0.0611  -0.0270
 -0.0486   0.0537  -0.1496   0.1442   0.0081  -0.0489
 -0.0075  -0.0136  -0.0351   0.1183  -0.0101  -0.0978
  0.0664   0.0497   0.2214  -0.5046  -0.0927  -0.1599
  0.0557  -0.0303   0.1508  -0.1503  -0.0178  -0.1128
  0.1115   0.0514   0.0566  -0.0630   0.0506  -0.1269
  0.1258   0.0751   0.0234   0.0108   0.0690  -0.1172
  0.1333   0.0011  -0.0241   0.0353   0.0701  -0.1602
  0.0644  -0.0075  -0.0632   0.1595   0.0496  -0.0989
 -0.2018  -0.2557   0.0599   0.1968  -0.0941  -0.2833
 -0.4542  -1.9941   0.5791   2.1494  -0.2158   0.2529
  0.0015  -0.5325   0.2419   0.3735   0.0116   0.1936
  0.0281  -0.7513   0.1851   0.7054   0.0260   0.2283
  0.0058  -0.8078   0.1691   0.7903   0.0101   0.2311
  0.0365  -0.8741   0.0828   0.8809   0.0389   0.2137
  0.0110  -0.6506  -0.0949   0.8424  -0.0410   0.1755
  0.0754  -0.5956  -0.1463   0.8123   0.0119   0.1217
  0.0631  -0.5634  -0.0814   0.7344   0.0036   0.1032
 -0.0381  -0.5729  -0.0154   0.8927  -0.0293   0.1152
  0.0905  -0.5320  -0.1273   0.6928   0.0027   0.0613
