  0.0556  -0.1143  -0.0026  -0.2368  -0.1384   0.1895
  0.0686  -0.1762   0.0096  -0.2692  -0.1440   0.1188
  0.0619  -0.1543   0.0015  -0.1509  -0.1170   0.2005
  0.0621  -0.2284  -0.0179  -0.2680  -0.1220   0.1363
  0.0260  -0.1919  -0.0152  -0.2531  -0.1366   0.2072
  0.0359  -0.2151  -0.0205  -0.2359  -0.1210   0.1531
 -0.0010   0.0214  -0.0326  -0.4049  -0.1493   0.1382
 -0.0244   0.0582   0.0341  -0.4200  -0.1592   0.1647
  0.0108  -0.0517   0.0457  -0.3576  -0.1633   0.1560
  0.0336  -0.1133   0.0215  -0.3087  -0.1517   0.1669
  0.0256  -0.0819   0.0176  -0.2383  -0.1396   0.1679
  0.0181  -0.0550   0.0242  -0.2031  -0.1235   0.1361
  0.0265  -0.0538   0.0297  -0.1975  -0.1180   0.1002
 -0.0092  -0.0383   0.0652  -0.1696  -0.1104   0.1022
  0.0208  -0.0711   0.0283  -0.1149  -0.0856   0.0404
  0.0346  -0.0484   0.0363  -0.2092  -0.0907   0.0831
  0.0459  -0.0091   0.0043  -0.2591  -0.0717   0.1067
  0.0465  -0.0762   0.0055  -0.1518  -0.0801   0.0810
  0.0630  -0.0699   0.0178  -0.1475  -0.1024   0.0993
  0.0738   0.0350   0.0473  -0.3176  -0.1319   0.1357
  0.0821  -0.0171   0.0670  -0.1612  -0.1103   0.1164
  0.0855  -0.1796   0.0589  -0.1212  -0.1028   0.1047
  0.0752  -0.1898   0.0426  -0.0844  -0.1137   0.1220
  0.1179  -0.2808  -0.0051  -0.0867  -0.1004   0.1062
  0.1037  -0.2633  -0.0062  -0.0540  -0.0935   0.1668
  0.0815  -0.3070  -0.0032   0.0133  -0.0767   0.1467
  0.0731  -0.3398  -0.0579  -0.1821  -0.0942   0.1834
  0.0844   0.1142  -0.0158  -0.2759  -0.2614   0.2354
  0.0135   0.4608  -0.2336  -0.6264  -0.2166   0.2695
  0.0053   0.2083  -0.1558  -0.4872  -0.1411   0.2546
 -0.1942   0.9102   0.1829  -0.7295  -0.1282   0.0433
 -0.1547   0.7977   0.2003  -0.4919  -0.0934  -0.0216
 -0.0687   0.4816   0.1480  -0.2370  -0.1027  -0.0193
 -0.1132   0.2850   0.1241  -0.1852  -0.0860   0.0524
 -0.0839   0.2333   0.1115  -0.1546  -0.0638   0.0319
 -0.0650   0.2490   0.1201  -0.1140  -0.0671   0.0291
 -0.0854   0.2998   0.1265  -0.1009  -0.0599   0.0150
 -0.0411   0.2149   0.0809  -0.2010  -0.0582   0.0273
 -0.0822   0.3003   0.0806  -0.8242  -0.1050   0.1395
 -0.0850   0.2719  -0.0297  -0.2630  -0.0830  -0.0207
 -0.0732   0.1036  -0.0372  -0.2544  -0.0845   0.0989
 -0.0548   0.1357  -0.0210  -0.3926  -0.1077   0.0988
 -0.0351   0.1252   0.0439  -0.3066  -0.1006   0.0753
  0.0061   0.0552   0.0181  -0.2299  -0.1040   0.1013
 -0.0090   0.0726   0.0485  -0.3810  -0.0821   0.0498
 -0.0510  -0.1392  -0.0024  -0.1358  -0.1072   0.1095
  0.0222  -0.0607  -0.1873   0.0005  -0.1243   0.1244
 -0.0407   0.2050  -0.3185  -0.2245  -0.1356   0.1410
 -0.0152   0.4832  -0.1371  -0.1235  -0.0883   0.0651
  0.0055  -0.1384  -0.0711   0.0117  -0.0550   0.0948
 -0.0003  -0.1916  -0.0786   0.0965  -0.0479   0.0787
 -0.1129   0.2517   0.1625  -0.0281  -0.0423   0.0445
 -0.1022   0.1336   0.0411  -0.0688   0.0667   0.0268
 -0.0959  -0.0095  -0.0567   0.2221   0.0197   0.0008
 -0.0661  -0.0796  -0.0659   0.1996  -0.0048   0.0245
 -0.0710  -0.1294  -0.0573   0.1892  -0.0115   0.0254
 -0.0535  -0.2166  -0.0782   0.2878  -0.0125   0.0573
 -0.0362  -0.2225  -0.0935   0.2367  -0.0169   0.0332
 -0.0812  -0.0931  -0.0557   0.0167  -0.0321   0.0592
 -0.0912  -0.1260  -0.0637   0.0580  -0.0122   0.0428
 -0.0728  -0.0859  -0.1122  -0.1656  -0.0451   0.0867
 -0.0807  -0.1360  -0.0970  -0.1043  -0.0418   0.1057
 -0.0805  -0.1757  -0.0685   0.0217  -0.0588   0.0622
 -0.0462  -0.1922  -0.0098   0.1397  -0.0811   0.0525
 -0.0492  -0.3210  -0.1328  -0.0695  -0.0198   0.0563
 -0.0552  -0.3771  -0.1545  -0.0167  -0.0427   0.0967
 -0.0324  -0.3851  -0.1077   0.0844  -0.0498   0.0796
 -0.0569  -0.4423  -0.1575   0.0728  -0.0248   0.0944
 -0.0384  -0.4759  -0.2143   0.0664   0.0127   0.0952
 -0.0212  -0.4984  -0.2296   0.0933   0.0148   0.1089
 -0.0240  -0.5212  -0.2612   0.0431   0.0158   0.1142
 -0.0234  -0.5460  -0.2562   0.0212   0.0180   0.1150
 -0.0405  -0.5373  -0.2255   0.0130   0.0126   0.1323
 -0.0321  -0.5321  -0.2163  -0.0012   0.0001   0.1266
 -0.0299  -0.5605  -0.2416   0.0321  -0.0237   0.1104
  0.0202  -0.3771  -0.0497  -0.0371  -0.0915   0.1335
 -0.1970   0.5956   0.1262  -0.8525  -0.0127  -0.0122
 -0.2232   0.2948   0.1023  -0.5019   0.0559  -0.0213
 -0.1568   0.0157   0.0129  -0.2920   0.0161   0.0022
 -0.1138  -0.0345   0.0020  -0.2980  -0.0085  -0.0011
 -0.1118  -0.1452  -0.0181   0.0701   0.0246  -0.0112
 -0.0835  -0.1433  -0.0056   0.1043   0.0364  -0.0235
 -0.1721  -0.1514  -0.1572  -0.1166  -0.0655   0.0741
 -0.2346   0.1480  -0.3716  -0.2270  -0.1475   0.1618
 -0.1512   0.5895  -0.4037  -0.2095  -0.0423   0.0811
 -0.1210  -0.1743  -0.2789  -0.1490  -0.0149   0.1774
 -0.0675  -0.1958  -0.1668   0.1818   0.0154   0.0711
 -0.0309  -0.2767  -0.1202   0.2855  -0.0167   0.0462
 -0.0226  -0.3845  -0.1064   0.2250  -0.0269   0.0349
 -0.0803  -0.0142  -0.0718  -0.1654  -0.0773   0.0377
 -0.0593  -0.2525  -0.0762   0.1607  -0.0496   0.0417
 -0.0660  -0.3598  -0.1115   0.1489  -0.0493   0.0414
 -0.0602  -0.3862  -0.1202   0.1653  -0.0363   0.0806
 -0.0701  -0.4409  -0.1622   0.0651  -0.0206   0.0996
 -0.0712  -0.4969  -0.1818   0.0667  -0.0303   0.1006
 -0.0646  -0.5510  -0.2539   0.0935  -0.0200   0.1282
 -0.0409  -0.5320  -0.2433   0.2266  -0.0224   0.1252
 -0.0434  -0.5304  -0.2291   0.1662  -0.0296   0.1208
 -0.0312  -0.5610  -0.2525   0.1565  -0.0219   0.1179
 -0.0283  -0.5529  -0.2242   0.1207  -0.0383   0.1177
 -0.0662  -0.4838  -0.1043  -0.0392  -0.0312   0.0873
 -0.0584  -0.4598  -0.1604  -0.0862  -0.0120   0.0783
 -0.0368  -0.4200  -0.0853  -0.0337  -0.0526   0.0890
 -0.1290  -0.3638  -0.1776  -0.1984  -0.0095   0.1042
 -0.1113  -0.4121  -0.2966   0.1782  -0.0948   0.1563
 -0.1777   0.3686  -0.1718  -0.1572   0.0696   0.0244
 -0.1023  -0.0581  -0.1949   0.0095   0.0156   0.0793
 -0.1385  -0.0493  -0.1969  -0.1936  -0.0016   0.0390
 -0.1499   0.2511  -0.1316  -0.3351   0.0298  -0.0003
 -0.1187   0.0696  -0.2048  -0.1779   0.0574  -0.0113
 -0.0879  -0.1101  -0.2370  -0.1317   0.0521  -0.0139
 -0.0983  -0.0522  -0.1877  -0.0798   0.0270  -0.0244
 -0.0847  -0.0972  -0.1691  -0.0800   0.0340  -0.0042
 -0.0978  -0.0923  -0.1946  -0.0881   0.0486   0.0091
 -0.0884  -0.0546  -0.1897   0.0278   0.0295   0.0092
 -0.1275  -0.0733  -0.2065  -0.1401  -0.0033   0.0224
 -0.1918  -0.1664  -0.2277   0.1860   0.0534  -0.0117
 -0.1328  -0.0225  -0.1832   0.2307   0.0519  -0.0175
 -0.0693  -0.0016  -0.1569   0.4477   0.0308  -0.0497
 -0.0753   0.0400  -0.2129   0.0290  -0.0414  -0.0382
  0.2006   0.5235  -0.4157   1.6321  -0.1053  -0.0848
  0.2634   0.7175  -0.2037  -0.0108  -0.0509   0.0007
  0.3607   2.4086  -0.3465  -0.3570   0.1360  -0.4091
  0.1340   0.3672  -0.6056   0.2428  -0.0334   0.0619
 -0.0003   0.4558  -0.1727  -0.4467  -0.0075   0.0053
 -0.0143   0.2016  -0.0106  -0.1592   0.0163   0.0275
 -0.0085  -0.0068  -0.0256  -0.0192   0.0260  -0.0178
 -0.0020  -0.1526  -0.0173   0.1466   0.0319  -0.0139
 -0.0020  -0.1896  -0.0425   0.1510   0.0148   0.0022
  0.0180  -0.0108  -0.0521   0.4242  -0.0521  -0.0382
 -0.0519   0.0424   0.1411   0.4720  -0.0771   0.0013
  0.0266  -0.1666   0.1829   0.3790  -0.0517   0.0078
  0.0856  -0.3790   0.0692   0.3334  -0.0414   0.0264
  0.0213  -0.5213   0.0390   0.3770  -0.0084   0.0078
  0.0091   0.1098   0.1117  -0.0089  -0.0402  -0.0067
  0.0344  -0.0361   0.0918   0.0368  -0.0248  -0.0192
  0.0315  -0.1104   0.1017   0.0062  -0.0277   0.0124
  0.0612  -0.3522   0.0878   0.3008   0.0014   0.0291
  0.0386  -0.3444   0.0759   0.0775   0.0026   0.0255
  0.0338  -0.3775   0.0582   0.1905   0.0243   0.0430
  0.0492  -0.4804   0.0072   0.4482   0.0316   0.0123
  0.1396  -0.3470  -0.2260   0.3038   0.2655   0.0458
  0.0293  -0.6280  -0.2925   0.5420   0.1903   0.0667
  0.0537  -0.6156  -0.2019   0.4746   0.1404   0.0394
  0.0197  -0.5769  -0.1872   0.1801   0.1211   0.0706
  0.0099  -0.4840  -0.1259  -0.0760   0.0854   0.1118
  0.0326   0.0099   0.0250  -0.0713   0.0284  -0.0667
  0.0361   0.0414   0.0921   0.0155   0.0220  -0.0503
  0.0280  -0.0387   0.0761   0.0163   0.0302  -0.0505
  0.0447  -0.1515   0.0844   0.0943   0.0143   0.0036
  0.0813  -0.3307  -0.0201   0.2758   0.0432  -0.0669
 -0.1082   0.5079   0.1677  -0.3528  -0.0266  -0.1271
 -0.0803   0.1809   0.1019  -0.3116   0.0241  -0.0788
 -0.0511   0.1736   0.0813  -0.2719   0.0201  -0.0675
 -0.0425   0.0750   0.0605  -0.1787   0.0252  -0.0717
 -0.0480   0.0528   0.0745  -0.1149   0.0283  -0.0516
 -0.0123  -0.0496   0.0871   0.0003   0.0237  -0.0531
 -0.0355  -0.0065   0.0842  -0.0476   0.0246  -0.0542
 -0.0394  -0.0128   0.0845  -0.0604   0.0281  -0.0332
 -0.0055  -0.0540   0.0513  -0.0595   0.0257  -0.0279
  0.0690  -0.1320  -0.1340  -0.0242   0.0686  -0.0328
  0.0484  -0.1209  -0.0798   0.0004   0.1205  -0.0058
  0.0470  -0.1773  -0.0285   0.1055   0.0619  -0.0485
  0.0413  -0.2057  -0.0043   0.0907   0.0300  -0.0270
  0.0539  -0.2230   0.0079   0.0895   0.0297  -0.0235
  0.0592  -0.2633   0.0060   0.1805   0.0354  -0.0283
  0.0533  -0.2460   0.0171   0.2171   0.0218  -0.0313
  0.0405  -0.1669   0.0343  -0.0712  -0.0122  -0.0008
  0.0378  -0.1957   0.0132  -0.1913   0.0141   0.0170
  0.0603  -0.2689  -0.0118  -0.0688  -0.0043   0.0066
  0.0812  -0.2934   0.0017  -0.0385   0.0272  -0.0055
  0.0848  -0.3826  -0.0013   0.2014   0.0495  -0.0143
  0.0527  -0.3253   0.0218   0.1214   0.0117  -0.0176
  0.0258  -0.1664   0.1198   0.0435  -0.0594  -0.0156
 -0.1038   0.6718   0.4038   0.2904   0.1425  -0.2790
 -0.0447   0.2289   0.3085  -0.1785   0.0282  -0.0715
 -0.0433   0.0229   0.2341  -0.0345   0.0365  -0.0751
 -0.0378  -0.0048   0.2071  -0.0215   0.0456  -0.0815
  0.0107   0.0673   0.1910   0.1421   0.0579  -0.1176
  0.0058   0.0060   0.1879   0.1480   0.0540  -0.0976
  0.0220   0.0113   0.1832   0.1442   0.0536  -0.0855
  0.0378  -0.0325   0.2045   0.1840   0.0571  -0.1038
  0.1442   0.0040   0.2784   0.1398   0.0079  -0.0859
  0.0730  -0.0967   0.1626   0.1502   0.0297  -0.0803
  0.0732  -0.0891   0.2085   0.1649   0.0053  -0.1010
  0.0778  -0.1125   0.2458   0.1896   0.0166  -0.0401
  0.0788  -0.1544   0.2325   0.1975  -0.0044  -0.0519
  0.1251  -0.1569   0.2434   0.4129   0.0124  -0.0657
  0.0500  -0.4249   0.2266   0.5613   0.0515  -0.0336
  0.0666  -0.3455   0.1862   0.2854   0.0359  -0.0140
  0.0699  -0.3427   0.1707   0.3244   0.0350  -0.0569
  0.0895  -0.3438   0.1515   0.4727   0.0717  -0.0602
  0.1349  -0.3235   0.1984   0.7540   0.0818  -0.1100
  0.1123  -0.2234   0.1935   0.3849   0.0370  -0.0537
  0.1180  -0.2995   0.1968   0.4334   0.0490  -0.0723
  0.1118  -0.2911   0.1901   0.4214   0.0472  -0.0658
  0.1377  -0.2581   0.1884   0.4508   0.0562  -0.0974
  0.1149  -0.2845   0.1913   0.1015   0.0087  -0.0352
  0.1016  -0.1678   0.1551  -0.3934  -0.0260   0.0550
  0.0966  -0.1617   0.1345  -0.3947  -0.0250   0.0275
  0.1020  -0.0622   0.1392  -0.4205  -0.0548  -0.0117
  0.1468   0.0369   0.1309   0.1260   0.0157  -0.1465
  0.1280  -0.0698   0.1129   0.1763   0.0386  -0.1049
  0.1532  -0.0954   0.1043   0.2427   0.0550  -0.1170
  0.1445  -0.0870   0.1243   0.2047   0.0835  -0.0987
  0.1684  -0.0978   0.1199   0.1895   0.0698  -0.1103
  0.1512  -0.1096   0.1286   0.1667   0.0628  -0.0878
  0.1737   0.0156   0.1366   0.0799   0.0410  -0.0980
  0.0847  -0.2229  -0.0474   0.7161   0.1367  -0.1773
  0.0228   0.2238   0.1737   0.0355   0.0455  -0.1790
 -0.0510   1.2696   0.4474  -0.2313   0.0678  -0.3939
 -0.0278   1.3438   0.5188  -0.1553   0.0816  -0.3981
  0.0106   1.1327   0.4661   0.0644   0.1074  -0.3923
  0.0490   0.9833   0.1253   0.1032   0.1984  -0.4762
 -0.0103   0.7050   0.1917   0.1607   0.1291  -0.3241
  0.0142   0.6181   0.1972   0.1771   0.1301  -0.2973
 -0.0008   0.5045   0.1975   0.2148   0.1355  -0.2878
  0.0086   0.3944   0.1755   0.2507   0.1156  -0.2656
  0.1220   0.2679   0.2373   0.5602   0.1663  -0.2670
  0.0561   0.9922   0.3009   0.2168   0.1233  -0.4084
  0.0179   1.3052   0.0062   1.6133  -0.0621  -0.0871
  0.3287   2.5518  -0.3726   2.4179  -0.1997   0.2074
  0.5304   2.4049  -0.3464   0.1324   0.0765  -0.3032
  0.0510   5.3507   0.0157  -0.9448   0.1966  -1.0703
 -0.0684   4.3360   0.1124  -0.2409   0.3050  -1.0145
 -0.0843   2.2337   0.2411  -0.7887   0.2302  -0.3802
 -0.0667   1.6124   0.2275  -0.9040   0.1565  -0.3017
 -0.0449   1.1564   0.1084  -0.2083   0.2336  -0.3926
 -0.0341   0.9939   0.0974  -0.3075   0.1774  -0.2564
 -0.0136   0.4462   0.0712   0.2286   0.1528  -0.2250
 -0.0282   0.9723   0.0647  -0.9043   0.0716  -0.1762
  0.0107   0.5430   0.0841  -0.6677   0.0846  -0.0972
  0.0058   0.6397   0.1212  -1.0289   0.1265  -0.0389
 -0.0668   0.5331   0.1156  -0.2907   0.2065  -0.2109
  0.2277   1.4140   0.3996   0.3700   0.2692  -0.6564
  0.1349   1.0009   0.2601   0.3114   0.1824  -0.3827
  0.0681   0.5030   0.0372  -0.3451   0.0661  -0.1206
  0.0495   0.1999   0.0687   0.2748   0.1839  -0.1993
 -0.0633   0.2020   0.0324   0.1091   0.1865  -0.2140
 -0.1121   0.2904   0.0384   0.2074   0.1758  -0.2773
