 -0.0431   0.3506   0.0245  -0.0094  -0.0120  -0.1537
 -0.0430   0.3347  -0.0188  -0.0188   0.0077  -0.1185
 -0.0354   0.3935   0.0628  -0.0178   0.0202  -0.1064
 -0.0393   0.4695   0.0421  -0.1924   0.0210  -0.0966
 -0.0395   0.3458   0.0095  -0.0606   0.0157  -0.1141
 -0.0420   0.3230  -0.0139  -0.0492   0.0313  -0.1100
 -0.0314   0.2809  -0.0155  -0.0132   0.0359  -0.1055
 -0.0302   0.3359  -0.0467  -0.0702   0.0439  -0.0968
 -0.0448   0.4492  -0.0538  -0.2973   0.0360  -0.0982
 -0.0072   0.2478   0.0295   0.1546   0.0128  -0.1203
 -0.0280   0.3150   0.0580  -0.0596   0.0169  -0.0847
  0.0162   0.5957   0.0771  -0.5562   0.0145  -0.0637
  0.0161   0.1042   0.0081  -0.0826   0.0319  -0.0745
 -0.0038   0.3746  -0.0402  -0.2499   0.0253  -0.0658
 -0.0343   0.6208   0.0066  -0.5998  -0.0596  -0.0597
 -0.0900   0.3958  -0.0907  -0.1277  -0.0032  -0.0509
 -0.0458   0.3000  -0.0461  -0.1914   0.0041  -0.0878
 -0.0306   0.5184  -0.0219  -0.4333  -0.0152  -0.0357
  0.0168   0.8507   0.0411  -0.5151   0.0115  -0.0285
  0.0078   0.3984  -0.0469  -0.3323  -0.0028  -0.0520
 -0.0128   0.2515  -0.0885  -0.1754   0.0098  -0.0726
  0.0016   0.2295  -0.0644  -0.1508  -0.0017  -0.0779
 -0.0173   0.1993  -0.0958  -0.1463   0.0109  -0.0723
 -0.0151   0.2243  -0.0991  -0.1669   0.0125  -0.0703
 -0.0284   0.2052  -0.1208  -0.1535   0.0246  -0.0716
 -0.0472   0.2215  -0.1260  -0.1258   0.0375  -0.0836
 -0.0408   0.2064  -0.1284  -0.1041   0.0496  -0.0826
 -0.0334   0.1760  -0.0958  -0.0923   0.0442  -0.0707
 -0.0230   0.1009  -0.0784  -0.0390   0.0388  -0.0558
 -0.0269   0.1100  -0.1046  -0.0590   0.0433  -0.0563
 -0.0228   0.1208  -0.0832  -0.0777   0.0395  -0.0699
 -0.0153   0.0961  -0.0898  -0.0642   0.0398  -0.0609
 -0.0107   0.0905  -0.0754  -0.0404   0.0339  -0.0611
 -0.0150   0.0948  -0.0879  -0.0588   0.0375  -0.0651
 -0.0125   0.0897  -0.0798  -0.0550   0.0397  -0.0622
 -0.0051   0.0749  -0.0706  -0.0631   0.0349  -0.0611
  0.0094   0.0545  -0.0383  -0.0321   0.0118  -0.0566
  0.0344   0.1272  -0.0126  -0.0311  -0.0078  -0.0632
 -0.0255   0.0974  -0.0495  -0.0406   0.0040  -0.0451
 -0.0210   0.0704  -0.0904  -0.0495   0.0399  -0.0560
 -0.0355   0.0097  -0.0908  -0.0049   0.0421  -0.0641
  0.0151  -0.0137  -0.0463   0.0670   0.0297  -0.0528
  0.0005  -0.0006  -0.0597   0.0068   0.0308  -0.0416
 -0.0034   0.0131  -0.0663   0.0054   0.0283  -0.0376
  0.0003   0.0296  -0.0649   0.0039   0.0233  -0.0510
 -0.0024   0.0684  -0.0720  -0.0520   0.0250  -0.0436
 -0.0004   0.0280  -0.0683   0.0209   0.0289  -0.0491
 -0.0126   0.1993  -0.0370  -0.1683   0.0563  -0.0319
  0.0082   0.1428   0.0638  -0.2344   0.0498  -0.0139
  0.0006   0.0804  -0.0329  -0.1115   0.0406  -0.0450
  0.0503   0.1038  -0.2297  -0.0633   0.0784  -0.0723
  0.0995   0.0381  -0.2010  -0.0865   0.0870  -0.0393
  0.0274   0.1365  -0.1121  -0.1650   0.0442  -0.0009
  0.0172   0.1003  -0.1027  -0.1376   0.0396  -0.0023
 -0.0016   0.1215  -0.1208  -0.1786   0.0537  -0.0001
  0.0109   0.0920  -0.1467  -0.1633   0.0595  -0.0046
  0.0027   0.0474  -0.1206  -0.1043   0.0518  -0.0010
  0.0019   0.0806  -0.1088  -0.1004   0.0449  -0.0060
  0.0130   0.0652  -0.1049  -0.1129   0.0371   0.0078
  0.0136   0.0488  -0.1102  -0.0904   0.0436   0.0109
  0.0202   0.0081  -0.0963  -0.0520   0.0558   0.0282
  0.0811  -0.2990   0.3323   0.6979   0.0414   0.0788
 -0.0211   0.3637   0.1216  -0.0875  -0.0676   0.0449
 -0.0056  -0.0112   0.1778   0.1753  -0.0530  -0.0193
  0.0419  -0.2075   0.2146   0.2306  -0.0848  -0.0085
  0.0482  -0.2750   0.1897   0.2721  -0.0703  -0.0083
  0.0365  -0.2906   0.1630   0.2608  -0.0530   0.0149
  0.0320  -0.2586   0.1350   0.2271  -0.0397  -0.0166
  0.0421  -0.2681   0.1194   0.2304  -0.0221  -0.0022
  0.0225  -0.2621   0.1310   0.2205  -0.0516  -0.0062
  0.0216  -0.2616   0.1424   0.2181  -0.0580  -0.0090
  0.0306  -0.3198   0.1207   0.2962  -0.0516  -0.0055
  0.0143  -0.3057   0.1034   0.2679  -0.0378  -0.0043
  0.0124  -0.3072   0.0884   0.2735  -0.0280  -0.0070
  0.0029  -0.3018   0.0874   0.2708  -0.0293  -0.0019
  0.0143  -0.3145   0.0905   0.2587  -0.0204   0.0094
  0.0098  -0.3177   0.0864   0.2883  -0.0205  -0.0016
  0.0352  -0.3036   0.0977   0.2767  -0.0228   0.0141
  0.0196  -0.2845   0.0598   0.2500  -0.0100   0.0215
  0.0435  -0.2742   0.1019   0.3040  -0.0302   0.0175
  0.0048  -0.1496   0.0757   0.2189  -0.0261   0.0093
  0.0071  -0.2122   0.0697   0.1896  -0.0194   0.0283
  0.0029  -0.1845   0.0398   0.2079  -0.0023   0.0155
  0.0125  -0.2494   0.0675   0.2365  -0.0143   0.0421
  0.0038  -0.2249   0.0411   0.2577  -0.0108   0.0345
 -0.0029  -0.2207   0.0538   0.2481  -0.0121   0.0216
  0.0028  -0.2289   0.0545   0.2213  -0.0072   0.0278
  0.0090  -0.2054   0.0455   0.1612  -0.0135   0.0383
  0.0120  -0.2180   0.0271   0.1833  -0.0040   0.0477
  0.0152  -0.1875   0.0239   0.1585  -0.0012   0.0239
  0.0164  -0.2110  -0.0052   0.2077   0.0140   0.0160
  0.0253  -0.2681   0.0153   0.2451  -0.0003   0.0361
  0.0280  -0.1855   0.0365   0.1689  -0.0053   0.0346
  0.0219  -0.2252   0.0274   0.1591  -0.0140   0.0620
  0.0010  -0.0055  -0.0102  -0.1467  -0.0355   0.1007
  0.0786  -0.4731   0.0266   0.2418  -0.0166   0.0434
  0.0581  -0.3854  -0.0053   0.1582  -0.0099   0.0357
  0.0570  -0.4929  -0.0054   0.1811  -0.0099   0.0672
  0.0596  -0.4731  -0.0022   0.2133  -0.0154   0.0638
  0.0628  -0.4337   0.0154   0.1903  -0.0340   0.0662
  0.0461  -0.4661   0.0152   0.2483  -0.0091   0.0820
  0.0421  -0.4070   0.0593   0.2297  -0.0100   0.0576
  0.0163  -0.3956  -0.0093   0.2305  -0.0083   0.0757
  0.0180  -0.3746   0.0119   0.1946  -0.0072   0.0794
  0.0158  -0.3214   0.0146   0.1664  -0.0238   0.0622
  0.0197  -0.3075   0.0020   0.1231  -0.0183   0.0570
  0.0321  -0.3283   0.0272   0.1284  -0.0336   0.0534
  0.0302  -0.3298   0.0062   0.1238  -0.0069   0.0874
  0.0380  -0.3539   0.0146   0.1579  -0.0131   0.0836
  0.0228  -0.3076   0.0207   0.1666  -0.0259   0.1021
  0.0200  -0.3032   0.0362   0.1784  -0.0323   0.1103
  0.0149  -0.2719   0.0308   0.1329  -0.0373   0.0943
  0.0171  -0.2695   0.0350   0.1286  -0.0374   0.1062
  0.0143  -0.1545   0.0576  -0.0619  -0.0316   0.1150
 -0.0976   0.7555   0.2004  -0.5899  -0.0405   0.1605
 -0.0601   0.2219   0.0245  -0.2976  -0.0193   0.0922
 -0.0472   0.0817   0.0154  -0.1613  -0.0327   0.0663
 -0.0537   0.1078   0.0267  -0.1905  -0.0343   0.0847
 -0.0698   0.1779   0.0408  -0.2289  -0.0529   0.0991
 -0.0393   0.1583   0.0189  -0.2786  -0.0375   0.1275
 -0.0311   0.1745   0.0122  -0.3115  -0.0318   0.1410
 -0.0461   0.0990   0.0152  -0.1954  -0.0219   0.1186
 -0.0464   0.1086   0.0400  -0.2024  -0.0285   0.1091
 -0.0430   0.1756   0.0340  -0.2819  -0.0527   0.0970
 -0.0340   0.1190  -0.0140  -0.2697  -0.0233   0.1193
 -0.0314   0.0856   0.0142  -0.2709  -0.0434   0.1111
 -0.0416   0.0419  -0.0100  -0.1746  -0.0314   0.1115
 -0.0387   0.0290  -0.0122  -0.1562  -0.0361   0.1370
