 -0.0044   0.2441  -0.0253  -0.1185  -0.0138   0.0744
  0.0141   0.2497  -0.0051  -0.1350  -0.0060   0.0609
  0.0166   0.2340   0.0142  -0.1483   0.0012   0.0794
  0.0352   0.2332   0.0191  -0.1413   0.0134   0.0615
  0.0378   0.2220   0.0139  -0.1558   0.0161   0.0434
  0.0421   0.2184   0.0072  -0.1642   0.0209   0.0548
  0.0535   0.2145   0.0013  -0.1572   0.0279   0.0655
  0.0368   0.1925   0.0131  -0.1551   0.0199   0.0702
  0.0388   0.1696   0.0136  -0.1366   0.0233   0.0634
  0.0466   0.1872   0.0246  -0.1417   0.0232   0.0528
  0.0453   0.1959   0.0299  -0.1455   0.0280   0.0343
  0.0531   0.1755   0.0156  -0.1126   0.0277   0.0309
  0.0622   0.1554   0.0213  -0.1258   0.0298   0.0407
  0.0673   0.1446   0.0293  -0.1075   0.0364   0.0439
  0.0724   0.1567   0.0285  -0.1157   0.0389   0.0665
  0.0748   0.1778   0.0240  -0.1271   0.0418   0.0530
  0.0801   0.1815   0.0300  -0.1318   0.0493   0.0283
  0.0812   0.1733   0.0347  -0.1292   0.0490   0.0367
  0.0670   0.1988  -0.0083  -0.1486   0.0286   0.0661
  0.0793   0.1581   0.0072  -0.1172   0.0362   0.0145
  0.0747   0.1627   0.0259  -0.1230   0.0385   0.0527
  0.0895   0.1654   0.0280  -0.1151   0.0413   0.0295
  0.0942   0.1530   0.0282  -0.1281   0.0503   0.0327
  0.0899   0.1700   0.0313  -0.1369   0.0529   0.0674
  0.0928   0.1653   0.0296  -0.1286   0.0573   0.0322
  0.0987   0.1624   0.0305  -0.1242   0.0583   0.0524
  0.1050   0.1454   0.0329  -0.1145   0.0613   0.0604
  0.1081   0.1376   0.0296  -0.1017   0.0628   0.0399
  0.1071   0.1359   0.0303  -0.1046   0.0540   0.0304
  0.1019   0.1133   0.0337  -0.0953   0.0588   0.0272
  0.1027   0.0967   0.0408  -0.0923   0.0590   0.0258
  0.0928   0.0824   0.0404  -0.0996   0.0530   0.0344
  0.0996   0.1031   0.0369  -0.1056   0.0533   0.0355
  0.0980   0.0936   0.0471  -0.0802   0.0479   0.0205
  0.0713   0.0508   0.0374  -0.0553   0.0368   0.0241
  0.0831   0.0748   0.0486  -0.0822   0.0502   0.0331
  0.0936   0.0918   0.0411  -0.0361   0.0482  -0.0186
  0.0812   0.0993   0.0501   0.0948   0.0200  -0.1979
  0.1294   0.1007   0.0580  -0.0983   0.0854   0.1420
  0.1334   0.1155   0.0632  -0.1018   0.0877   0.0418
  0.1445   0.1283   0.0665  -0.0610   0.0933   0.0235
  0.1500   0.1642   0.0648  -0.0360   0.0892   0.0003
  0.1555   0.1968   0.0331  -0.0784   0.1007   0.0102
  0.1143   0.0892   0.0221  -0.0182   0.0757  -0.0812
  0.1179   0.0491   0.0346  -0.0227   0.0767   0.0374
 -0.0380  -0.0087  -0.0425  -0.0519  -0.0386   0.0545
 -0.1055  -0.0344  -0.0641  -0.0322  -0.0753   0.0385
 -0.0264  -0.0185  -0.0317  -0.0280  -0.0256   0.0384
  0.0070  -0.0022  -0.0103  -0.0309  -0.0083   0.0160
  0.0339   0.0140   0.0305  -0.0277   0.0240   0.0210
  0.0619   0.0031   0.0683  -0.0060   0.0363  -0.0012
  0.1103  -0.0203   0.0976   0.0038   0.0658  -0.0273
  0.1429  -0.0184   0.1065   0.0018   0.0941  -0.0028
  0.1740  -0.0178   0.1141   0.0030   0.1249  -0.0245
  0.1939  -0.0237   0.1300   0.0116   0.1378  -0.0220
  0.2073  -0.0319   0.1340   0.0310   0.1378  -0.0366
  0.2085  -0.0347   0.1379   0.0268   0.1447  -0.0324
  0.2067  -0.0375   0.1450   0.0252   0.1461  -0.0293
  0.2101  -0.0423   0.1501   0.0114   0.1515  -0.0157
  0.2037  -0.0393   0.1376   0.0220   0.1358  -0.0211
  0.2040  -0.0415   0.1406   0.0215   0.1378  -0.0188
  0.2078  -0.0570   0.1450   0.0379   0.1425  -0.0182
  0.2144  -0.0665   0.1532   0.0437   0.1564  -0.0242
  0.2044  -0.0729   0.1298   0.0538   0.1404  -0.0232
  0.1970  -0.0547   0.1368   0.1078   0.1470  -0.0668
  0.1998  -0.0650   0.1211   0.1343   0.1741  -0.0917
  0.2029  -0.0679   0.1404   0.0799   0.1567  -0.0407
  0.1819  -0.0613   0.1238   0.0808   0.1316  -0.0529
  0.1447  -0.0880   0.1013   0.0799   0.0941  -0.0278
  0.0850  -0.0835   0.0774   0.0801   0.0624  -0.0451
  0.0753  -0.0057   0.0426   0.2101   0.0243  -0.1287
  0.1523   0.0395   0.0169   0.0955   0.1099  -0.0262
  0.1451  -0.0181   0.0629   0.0902   0.1164  -0.0311
  0.0872  -0.0310   0.0374   0.0542   0.0545  -0.0103
 -0.1230  -0.1049  -0.0262   0.0557  -0.1110  -0.0217
 -0.1437  -0.1076  -0.0375   0.0920  -0.1180  -0.0318
 -0.1727  -0.1232  -0.0541   0.1048  -0.1311  -0.0387
 -0.1667  -0.1301  -0.0416   0.1192  -0.1215  -0.0494
 -0.1672  -0.1296  -0.0584   0.1153  -0.1076  -0.0315
 -0.1658  -0.1306  -0.0579   0.1237  -0.1099  -0.0505
 -0.1727  -0.1360  -0.0576   0.1321  -0.1078  -0.0566
 -0.1835  -0.1486  -0.0641   0.1154  -0.1188  -0.0527
 -0.1942  -0.1763  -0.0820   0.0672  -0.1339  -0.0074
 -0.1990  -0.1792  -0.0907   0.0905  -0.1275  -0.0196
 -0.1973  -0.1681  -0.0775   0.1360  -0.1202  -0.0526
 -0.2026  -0.1639  -0.0781   0.1167  -0.1294  -0.0265
 -0.1994  -0.1591  -0.0808   0.1171  -0.1244  -0.0415
 -0.2045  -0.1781  -0.0887   0.1276  -0.1344  -0.0338
 -0.2030  -0.1769  -0.0868   0.1239  -0.1315  -0.0334
 -0.2117  -0.1693  -0.0805   0.1246  -0.1276  -0.0325
 -0.2229  -0.1776  -0.0873   0.1272  -0.1309  -0.0505
 -0.2121  -0.1828  -0.0984   0.1531  -0.1326  -0.0769
 -0.2126  -0.1696  -0.0900   0.1437  -0.1186  -0.0328
 -0.2148  -0.1597  -0.0858   0.1563  -0.1195  -0.0714
 -0.2002  -0.1513  -0.0837   0.1551  -0.0926  -0.0570
 -0.1767  -0.1640  -0.0851   0.1712  -0.0884  -0.0737
 -0.1677  -0.1809  -0.0920   0.1766  -0.0846  -0.0661
 -0.1685  -0.1834  -0.0936   0.1637  -0.0874  -0.0484
 -0.1674  -0.0962  -0.0872   0.0450  -0.1049   0.0091
 -0.1608  -0.0106  -0.0791  -0.0612  -0.1165   0.0505
 -0.1217  -0.0212  -0.0758  -0.0790  -0.0798   0.0302
 -0.1142  -0.0641  -0.0616  -0.0317  -0.0787   0.0239
 -0.1344  -0.1374  -0.0874   0.1322  -0.1008  -0.1681
 -0.1271  -0.0779  -0.0791  -0.0775  -0.0795   0.2015
 -0.1214  -0.0549  -0.0697  -0.0560  -0.0717   0.0633
 -0.1358  -0.0600  -0.0825  -0.0056  -0.0817  -0.0005
 -0.1293  -0.0402  -0.0875   0.0153  -0.0804   0.0274
 -0.1161  -0.0571  -0.0725   0.0262  -0.0670   0.0068
 -0.1100  -0.0856  -0.0805   0.0556  -0.0595  -0.0265
 -0.1018  -0.0905  -0.0744   0.0622  -0.0568  -0.0184
 -0.2056  -0.1493  -0.1265   0.0233  -0.1512  -0.0007
 -0.2011  -0.1711  -0.1181   0.0277  -0.1261   0.0246
 -0.1511  -0.1521  -0.1010   0.0585  -0.0881   0.0068
 -0.1344  -0.1559  -0.1035   0.0792  -0.0813  -0.0002
 -0.1519  -0.1650  -0.1134   0.0932  -0.0927  -0.0095
 -0.1458  -0.1516  -0.1044   0.0928  -0.0783  -0.0635
 -0.1388  -0.1184  -0.1046   0.0593  -0.0741  -0.0077
 -0.1435  -0.1148  -0.1029   0.0432  -0.0745  -0.0192
 -0.1486  -0.1143  -0.0979   0.0650  -0.0885  -0.0198
 -0.1363  -0.1371  -0.1098   0.0745  -0.0796  -0.0118
