 -1.4929   3.5509   1.7606  -3.6373  -0.0749  -0.6873
 -1.4589   3.4692   1.6592  -3.6497  -0.1029  -0.6573
 -1.4631   3.3813   1.6394  -3.6400  -0.0990  -0.6336
 -1.4910   3.3666   1.6417  -3.6782  -0.0953  -0.6276
 -1.4613   3.3409   1.6306  -3.6117  -0.1017  -0.6024
 -1.4861   3.4791   1.6619  -3.6901  -0.0901  -0.6720
 -1.5014   3.5466   1.6720  -3.6958  -0.0985  -0.6996
 -1.4921   3.5154   1.7849  -3.6109  -0.0961  -0.6995
 -1.5085   3.5052   1.6624  -3.6495  -0.1194  -0.7044
 -1.4928   3.6225   1.6710  -3.7037  -0.1063  -0.7436
 -1.5210   3.6493   1.6556  -3.7228  -0.1284  -0.7411
 -1.6093   4.2644   1.8557  -3.9510  -0.1716  -1.1401
 -1.6205   4.0169   1.7778  -3.8107  -0.1531  -0.8677
 -1.5948   3.9077   1.7358  -3.7652  -0.1554  -0.8174
 -1.5684   3.9178   1.7182  -3.7924  -0.1446  -0.8199
 -1.4986   3.6824   1.6471  -3.7184  -0.1250  -0.7751
 -1.4477   3.5774   1.6660  -3.6824  -0.1277  -0.7561
 -1.4066   3.6108   1.6258  -3.5057  -0.0567  -0.8239
 -1.4332   3.6108   1.5140  -3.6222  -0.0895  -0.8203
 -1.4581   3.4448   1.5079  -3.4960  -0.1282  -0.7654
 -1.4199   3.5192   1.5336  -3.6298  -0.1325  -0.7724
 -1.3534   2.4721   1.5175  -3.6862  -0.0493  -0.1237
 -2.0151   1.6231   2.5385  -3.3746   0.0130  -0.1001
 -1.0982   4.1259   2.1038  -3.3206   0.0705  -1.0541
 -1.2737   3.9012   1.9179  -3.4346   0.0221  -0.9605
 -1.2074   3.8097   1.8274  -3.4240   0.0389  -0.9366
 -1.3597   3.6735   2.0185  -3.4420  -0.0170  -0.8545
 -1.4423   3.5482   1.9622  -3.3962  -0.0742  -0.7922
 -1.5060   4.0509   1.8528  -3.7248  -0.1165  -0.8955
 -1.4931   4.1452   1.7431  -3.6736  -0.1140  -0.9632
 -1.5932   3.1004   1.8919  -3.3669  -0.0757  -0.5350
 -1.8591   4.9211   2.0517  -3.5702  -0.1473  -1.0943
 -1.6832   4.2638   1.9003  -3.4517  -0.1344  -0.9743
 -1.6674   3.7942   1.7254  -3.5513  -0.1444  -0.8209
 -1.6263   3.7813   1.9223  -3.4966  -0.1356  -0.8825
 -1.6653   3.8779   1.7700  -3.2767  -0.1639  -0.9014
 -1.6480   4.0658   1.7277  -3.2610  -0.1588  -0.9620
 -1.6593   4.0815   1.7399  -3.1955  -0.1653  -0.9671
 -1.5950   4.0085   1.6867  -3.2029  -0.1674  -0.9514
 -1.6140   4.1921   1.6363  -3.2939  -0.1981  -1.0020
 -1.5239   4.3514   1.8767  -3.7141  -0.1656  -0.9960
 -1.5672   4.2693   1.5595  -3.6777  -0.2299  -0.9454
 -1.5627   4.2827   1.4848  -3.6823  -0.2307  -0.9747
 -1.5973   4.3876   1.5114  -3.7543  -0.2318  -1.0175
 -1.5800   4.3117   1.5144  -3.7606  -0.2202  -1.0018
 -1.5722   4.3251   1.5396  -3.4934  -0.2100  -1.0485
 -1.5255   4.0319   1.5028  -3.2828  -0.1843  -0.9656
 -1.5927   3.7506   1.5756  -3.4743  -0.1428  -0.9166
 -1.6611   3.6783   1.6700  -3.7939  -0.2043  -0.8861
 -1.4786   2.7017   1.4680  -3.8046  -0.1957  -0.3972
 -1.5988   3.3194   1.6374  -3.6983  -0.2388  -0.6197
 -1.6225   3.2198   1.5303  -3.4106  -0.2643  -0.6383
 -1.6214   3.2028   1.8670  -3.3023  -0.2074  -0.6640
 -1.4267   2.7169   1.6005  -2.6010  -0.0703  -0.4646
 -1.6060   3.0186   2.2477  -2.7360  -0.0369  -0.8160
 -1.8049   4.3285   0.8363  -5.3426  -0.3701  -0.6898
 -1.5320   3.6919   0.9256  -4.4530  -0.3534  -0.5403
 -1.5001   3.5654   0.9668  -4.1351  -0.3204  -0.5589
 -1.4461   3.5366   1.4821  -2.5783  -0.2098  -0.9431
 -1.2288   4.2419   1.4891  -3.1564  -0.0811  -0.9705
 -1.4084   3.3822   1.4513  -2.3286  -0.1724  -0.9194
 -1.4839   3.6500   1.7041  -2.0113  -0.1653  -1.0217
 -1.4790   3.7125   1.6751  -2.0695  -0.1761  -1.0588
 -1.4869   3.9502   1.6192  -2.1105  -0.1107  -1.1798
 -1.4484   4.3607   1.7605  -1.8989  -0.0614  -1.3047
 -1.3747   4.7890   1.9686  -1.8456  -0.0764  -1.4471
 -1.4018   4.6491   1.8024  -1.8820  -0.1134  -1.4111
 -1.4285   4.5330   1.7427  -1.9264  -0.1323  -1.3851
 -1.4033   4.3660   1.6929  -1.9703  -0.1633  -1.3339
 -1.4335   4.3325   1.6545  -1.9617  -0.1577  -1.3158
 -1.4487   4.3306   1.6300  -1.9828  -0.1794  -1.3202
 -1.4439   4.1672   1.5904  -1.9445  -0.1890  -1.2514
 -1.4619   4.1505   1.6252  -1.9887  -0.1798  -1.2601
 -1.4571   4.0832   1.5969  -1.9711  -0.1786  -1.2379
 -1.4817   3.9209   1.7078  -2.0190  -0.1543  -1.1798
 -1.4995   3.6355   1.6904  -2.0408  -0.1594  -1.0733
 -1.5062   3.4376   1.6494  -2.0171  -0.1641  -1.0116
 -1.4825   3.3994   1.6371  -1.9902  -0.1628  -1.0032
 -1.4753   3.4128   1.6269  -1.9898  -0.1638  -1.0045
 -1.4819   3.4612   1.6187  -1.9662  -0.1733  -1.0277
 -1.4917   3.4762   1.6126  -1.9852  -0.1731  -1.0242
 -1.4855   3.4736   1.6078  -1.9938  -0.1755  -1.0118
 -1.4805   3.4775   1.6313  -1.9911  -0.1599  -1.0199
 -1.5787   3.4750   1.5591  -2.0048  -0.2206  -1.0000
 -1.5672   3.4115   1.4956  -2.0183  -0.2192  -0.9582
 -1.5500   3.4333   1.5646  -2.0372  -0.2105  -0.9898
 -1.5495   3.4161   1.5916  -2.1037  -0.1865  -1.0351
 -1.5197   3.4652   1.6902  -2.1393  -0.1531  -1.1334
 -1.2492   3.5935   1.2496  -2.3603  -0.2089  -1.2764
 -1.3999   3.3316   1.1741  -2.0167  -0.2839  -1.0106
 -1.4289   4.0998   1.3958  -1.8585  -0.2599  -1.3229
 -1.4131   4.7936   1.6042  -1.7301  -0.2104  -1.5483
 -1.3585   4.4449   1.5666  -1.7126  -0.1981  -1.4606
 -1.5204   4.6816   1.6936  -1.8063  -0.2153  -1.4700
 -1.4310   4.1330   1.8225  -2.0981  -0.1084  -1.3485
 -1.4420   3.8979   1.7663  -1.9136  -0.1531  -1.2153
 -1.4895   3.9924   1.7822  -1.8207  -0.1436  -1.2608
 -1.4607   3.8043   1.7717  -1.8609  -0.1498  -1.1943
 -1.4620   3.7799   1.8365  -1.9020  -0.1395  -1.1983
 -1.4554   3.8993   1.8959  -1.9068  -0.0736  -1.3323
 -1.6277   1.5067   1.6925  -2.0224   1.4018   0.6021
 -2.0890   1.2646   1.4506  -2.3086   0.7240   0.6354
 -2.1004   1.4596   1.3827  -1.8322   0.5800   0.4063
 -2.1035   1.2572   1.4591  -1.9627   0.5368   0.4758
 -2.1124   1.1309   1.5147  -1.8530   0.5456   0.5009
 -2.1756   0.7816   1.8264  -1.5064   0.6041   0.6253
 -2.1741   0.7355   1.8220  -1.4630   0.5995   0.6048
 -2.2144   0.5741   1.8873  -1.4284   0.5951   0.6569
 -2.1731   0.3400   1.9740  -1.2715   0.6979   0.7933
 -1.6504  -2.8551   1.0311   3.1475   1.3976   2.8772
 -2.5448  -1.7925   1.7652   0.8185   1.1987   2.3048
 -1.5986  -5.1038   2.7605   2.4698   2.5579   3.0804
 -2.5076  -1.5482   2.8157   7.3643   3.0163   3.2607
 -0.0081  -4.8207   0.8003   3.9856   2.3264   1.8527
  0.5686  -1.1987   4.3486  11.4339   5.2949   1.5391
  1.3923  -4.5165   1.2420   4.4962   1.8782   1.6775
  0.5530  -0.2247  -0.2551   1.3248   0.7089   0.2055
  0.2541   0.2455   0.2429   0.6428   0.6209   0.1766
  0.0827  -0.1155   0.2496   0.4491   0.5336   0.2793
  0.1351  -0.2248   0.4714   0.4977   0.7126   0.2942
 -0.0274  -1.1540   0.8724  -0.0374   0.7460   0.6761
 -0.0926  -1.3483   0.9242   0.1168   0.7260   0.7861
 -0.1198  -1.4136   0.9491   0.1185   0.7079   0.8007
 -0.1466  -1.5151   0.9285   0.0759   0.6968   0.8638
 -0.1116  -1.4705   0.9154   0.0888   0.6955   0.8303
 -0.1033  -1.4311   0.9067   0.2004   0.6854   0.7916
 -0.0621  -1.4044   0.8906   0.2222   0.6811   0.6782
 -0.6607  -5.3508   0.7869   1.3275   0.8301   2.7325
  0.5976  -3.5359  -0.0703  -0.3090   0.9077   1.3313
  0.2120  -1.1177  -0.3138  -0.3666   0.3738   0.4997
  0.1827  -1.4535  -0.1020   0.0940   0.3551   0.6585
  0.1182  -1.2694   0.3253   0.0136   0.4805   0.6232
  0.0702  -1.8244   0.6109   0.5980   0.5224   0.7592
  0.0296  -1.8497   0.5058  -0.1285   0.4741   0.8447
 -0.0378  -1.9596   0.4873  -0.3425   0.4819   0.9542
 -0.0546  -1.9733   0.4948  -0.2822   0.4474   0.9738
 -0.0655  -2.0240   0.4672  -0.2106   0.4510   0.9980
 -0.0742  -1.9040   0.4732  -0.1942   0.4635   0.9459
 -0.0783  -2.0044   0.4931   0.0294   0.4478   0.9882
  0.1043  -2.4236   0.4743   0.9117   0.3976   0.8905
  0.1060   0.2225  -0.1444  -0.3131   0.2105   0.0440
  0.2069   0.7692  -0.2370  -0.2392   0.2312  -0.1603
  0.1927   0.5465  -0.1613   0.3285   0.2421  -0.0534
  0.1912   0.2264  -0.0143   0.3663   0.2565  -0.0422
  0.1320   0.1343   0.0483   0.1721   0.2738   0.0392
  0.1004  -0.0506   0.0502   0.1092   0.2700   0.1037
  0.0860  -0.1892   0.0665   0.0950   0.2896   0.1494
  0.1135  -0.2083   0.0559   0.2229   0.2513   0.1148
  0.0763  -0.2537   0.0597   0.2359   0.2272   0.1381
  0.0794  -0.2455   0.0788   0.2644   0.2338   0.1154
  0.0323  -0.1775   0.0860   0.6097   0.2360   0.0758
  0.0144  -1.8877   0.3885   0.7538   0.3551   0.6000
 -0.0335  -1.4892   0.2267   0.8140   0.2110   0.4896
 -0.0156  -1.3108   0.1386   0.5801   0.2119   0.5041
  0.0481  -0.8607   0.1290   0.4177   0.2185   0.3057
  0.0333  -0.5285   0.0849   0.4434   0.2108   0.2011
  0.0180  -0.3727   0.1117   0.6283   0.2272   0.0590
  0.1272   1.7721   0.2047   0.9953   0.2462  -0.6589
  0.1300   1.9132  -0.0438   1.0081   0.1429  -0.7843
  0.1414   1.8394  -0.1171   0.9767   0.1463  -0.6893
  0.1670   0.8998  -0.1461   0.8222   0.1418  -0.4172
  0.1467   0.9123  -0.1639   0.8117   0.1261  -0.4016
  0.1333   0.6075  -0.1038   0.8900   0.1511  -0.2285
  0.0779   0.0407   0.0783   0.7830   0.1923  -0.0927
  0.0638  -0.0949   0.0176   0.1080   0.2122   0.0753
 -0.0031  -0.0514  -0.0070   0.4808   0.1371   0.0296
 -0.0242  -0.0620  -0.0459   0.5077   0.1150   0.0264
  0.0000  -1.2095   0.0871   1.1170   0.3599   0.8891
  1.3406  -6.5720   1.3643   5.5059   0.9398   2.8648
  2.9545  -3.3417  -1.2158   3.6555   1.6585   1.9857
  1.9735  -0.8397  -1.1906   1.2300   0.6339  -0.1528
  1.2602  -1.0701  -0.7091   1.1293   0.3380   0.5561
  2.4255  -5.6963  -1.7785   7.3661  -3.0511   2.4333
  1.9524  -4.0204   0.6993   1.7691   0.3422   1.2088
  1.5344  -3.2237  -0.3810   2.5780  -0.2613   1.1494
  1.4095  -2.7526  -0.6980   1.6998  -0.3635   1.0829
  1.3908  -2.5293  -0.6797   1.5998  -0.3589   0.9701
  1.3534  -2.4806  -0.2810   2.1277   0.0297   0.9616
  1.1505  -2.0827  -0.1461   1.9997  -0.1418   0.8233
  1.0594  -2.8319  -0.1696   1.4812  -0.1625   1.0850
  1.0127  -3.1203   0.1408   1.1943  -0.0402   1.1112
  1.2431  -2.9246  -0.0980  -0.5928  -0.3756   1.0087
  0.8797  -1.7149  -0.0201  -0.1892  -0.1299   0.6695
  0.7623  -0.8711   0.1910   0.1674  -0.0833   0.2756
  0.9125  -0.8403   0.2721  -0.1236   0.0298   0.2082
  0.8711  -1.5155   0.0143  -0.1310  -0.0885   0.5221
  0.7685  -4.0273  -0.4380   1.7438  -0.4480   1.7812
 -0.4057  -6.7811   1.4381   3.2305   0.0253   2.0040
  0.3923  -4.9027   0.6354   1.4631   0.0354   2.1265
  0.2892  -5.2973   0.7480   2.1673   0.0127   2.0727
  0.3103  -5.3405   0.6754   2.1048  -0.0322   2.1183
  0.4585  -4.3838   0.3954   2.1859  -0.1279   1.5330
  0.8352  -2.9552  -0.6127   2.1119  -0.4520   1.1237
  0.7129   0.9504  -0.4907   2.1666  -0.4014  -0.5788
  0.6590   1.5393  -0.6179   2.1242  -0.4758  -0.7825
  0.6784   0.8933  -0.6182   2.0634  -0.4746  -0.6217
  0.7126   0.6578  -0.6264   0.5991  -0.1598  -0.2990
  0.7224   0.7679  -0.5968   1.2866  -0.3275  -0.5120
  0.7200   0.6974  -0.7426   1.3235  -0.4047  -0.4591
  0.7467   0.5279  -0.9242   1.3303  -0.4818  -0.4301
  0.7737   0.4828  -0.9405   1.3543  -0.4968  -0.4311
  0.7795   0.7305  -1.0368   1.7529  -0.4993  -0.4921
  0.5046   0.6254  -0.9790   1.2701  -0.6513  -0.4188
  0.6011   0.6002  -0.7660   0.8267  -0.4680  -0.4190
  0.6776   0.6047  -0.7687   0.7690  -0.4711  -0.4271
  0.6247   0.5102  -0.7211   0.7169  -0.4761  -0.3896
  0.6122   0.4445  -0.7733   0.7509  -0.4896  -0.3590
  0.6311   0.4371  -0.6755   0.7100  -0.4344  -0.3660
  0.6501   0.4174  -0.6675   0.6723  -0.4070  -0.3619
  0.5849   0.1839  -0.5944   0.7461  -0.3903  -0.2902
  0.6264   0.1175  -0.5991   0.7250  -0.3970  -0.3098
  0.6617   0.1240  -0.6817   0.6948  -0.4225  -0.3167
  0.5757  -0.0403  -0.6196   0.6869  -0.4150  -0.2108
  0.5706   0.0188  -0.6161   0.8572  -0.4378  -0.2570
  0.6195   0.0302  -0.6877   0.8004  -0.4347  -0.2714
  0.5947  -0.0343  -0.6519   0.8605  -0.4346  -0.2507
  0.5897  -0.0549  -0.6518   0.8274  -0.4259  -0.2356
  0.5361  -0.1129  -0.6183   0.9445  -0.4320  -0.2197
  0.5597  -0.1872  -0.6539   0.9551  -0.4441  -0.1978
  0.5683  -0.3037  -0.6946   1.1639  -0.4884  -0.1631
  0.5791  -0.2212  -0.6509   1.0227  -0.4574  -0.2057
  0.6273  -0.1731  -0.5482   1.0796  -0.4430  -0.2544
  0.4313   0.6533  -0.8328   1.0564  -0.5018  -0.4443
  0.6945   0.7949  -0.8531   1.0507  -0.2910  -0.5555
  0.6670   0.1319  -0.3053   1.1677  -0.2864  -0.4280
  0.6726   0.0068  -0.5583   1.0726  -0.3416  -0.3408
  0.8087  -0.0389  -0.6370   0.9419  -0.2552  -0.2749
  0.7154   0.2799  -0.6954   1.0717  -0.3631  -0.4095
  0.6350  -0.6196  -0.7555   1.1579  -0.3931  -0.0798
  0.6174  -0.7321  -0.3881   1.1414  -0.1210   0.0140
  0.8734  -0.4273  -0.8646   1.0021  -0.3471  -0.1544
  0.6645  -1.3181  -0.7305   1.1707  -0.3493   0.2303
  0.3442  -1.1214  -0.2079   1.2365  -0.2221   0.2804
  0.4406  -1.7437  -0.0627   1.3092  -0.1666   0.4710
  0.4504  -2.2803  -0.1859   1.1699  -0.2128   0.7029
  0.2793  -4.2111  -0.2706   1.8827  -0.2543   1.9752
  0.1148  -3.2905  -0.0873   1.3691  -0.3816   0.9335
 -0.3365  -6.7134   0.8178   1.7419  -0.1765   1.8646
  0.3009  -5.3969   0.3111   1.7604   0.0902   2.3243
  0.9377  -6.4282   0.9248   1.8757   0.5598   1.9483
  0.9628  -5.0083  -0.3347   1.4069   0.0435   1.7618
  1.0082  -4.8574  -0.2980   0.8905  -0.1710   1.4888
  3.7152  -3.7759  -3.5750  -0.0656   0.1967   1.0526
  1.2612  -4.2870  -1.5051   0.6203  -0.3133   1.4403
  1.2568  -4.2007  -1.4108   0.6939  -0.3184   1.4033
  1.2169  -4.3080  -1.3751   0.8350  -0.2868   1.4575
  1.3436  -4.0767  -1.2457   0.7957  -0.2322   1.2405
  1.2289  -2.6637  -1.2525   0.8236  -0.2304   0.6503
  1.2278   1.1075  -1.2912   0.3347  -0.3391  -1.0008
  1.6934   7.4519  -2.6308   0.1850  -0.3991  -3.4798
  1.5104   6.8612  -2.5037   0.7213  -0.5772  -3.2500
  1.5273   6.4374  -2.6914   0.7922  -0.6210  -3.1725
  1.5840   6.2825  -2.3941   0.7200  -0.5226  -3.2183
  1.4977   5.8038  -2.4445   0.8911  -0.5842  -3.0990
  1.6345   5.7290  -2.6811   1.2627  -0.6236  -3.1123
  1.5638   5.4689  -2.4637   1.0271  -0.5775  -3.0416
  1.5036   4.9667  -2.2812   0.5398  -0.5585  -2.7212
  1.4983   4.3880  -2.5921  -0.1838  -0.6600  -2.4498
  1.5006   4.1191  -2.4987   0.3534  -0.6687  -2.4198
  1.4987   4.1937  -2.4276   0.8601  -0.6993  -2.4869
  1.5789   4.2099  -2.3929   0.9455  -0.5987  -2.5767
  1.6477   4.7150  -2.6335   1.0210  -0.6432  -2.9295
  0.7518  -2.4396  -0.7319   1.2420  -0.0433   0.8173
  2.6752  -5.3459   1.5445   2.9315   2.0437   0.6627
  1.0638  -5.9375  -0.2625   4.2389   0.7100   2.7003
  1.9575  -4.6210  -1.4904   1.6352   0.0980   1.2519
  1.6352  -3.1600  -1.6645   1.2540  -0.2257   0.9654
  1.5879  -3.4264  -1.5472   1.5944  -0.2112   0.9792
  1.5272  -3.5415  -1.5459   1.2113  -0.2164   1.0994
  1.6041  -3.5126  -1.2178   2.9176  -0.1829   1.0214
  1.5165  -3.7562  -1.0801   2.7336  -0.1792   0.9793
  1.4438  -3.8126  -0.9111   2.5528  -0.0948   1.0599
  1.4183  -3.7633  -0.8945   2.7128  -0.1150   1.0396
  1.3918  -3.7936  -0.8590   2.6663  -0.1225   1.0475
  1.3714  -3.8731  -0.9713   1.8027  -0.1367   1.1202
  1.5785  -3.2241  -1.3415   4.1678  -0.2766   0.7235
  1.3115  -3.5981  -0.8922   3.9902  -0.3746   0.6496
  1.2486  -0.6064  -1.3192   2.6976  -0.3978  -0.3243
  1.2787  -2.2749  -0.9998   2.8550  -0.2105   0.6751
 -2.7724  -6.2800   1.8960   5.2009   0.2076   3.2821
 -0.6476  -6.2850  -0.0836   5.7891  -0.7517   2.7804
  1.6506  -1.7083  -2.4650   3.5503  -0.9207  -0.1100
  1.4738  10.0776  -2.7785  -1.2286   0.2647  -4.8036
  1.9577   4.9821  -1.5886  -0.5526   0.0208  -2.9346
  1.7949   3.8092  -1.6968  -1.5789  -0.0409  -2.1694
  1.6775   4.5467  -1.4803  -1.1107   0.0173  -2.6035
  1.7396   5.7914  -1.5995   0.0003  -0.0263  -3.2533
  1.6747   5.3804  -1.4110  -0.0220  -0.0614  -3.1267
  1.7223   5.2295  -1.4445  -0.1471  -0.0662  -3.0611
  1.6426   4.3726  -1.1883  -0.1180   0.0508  -2.6764
  1.6107   3.0403  -1.0644  -0.2154   0.0487  -2.0202
  1.3430  -0.0987  -0.9714  -0.0552   0.0766  -0.6638
  0.5155  -5.0010   0.8338   2.6543   1.3721   2.5462
 -1.8136  -6.2554   3.3194   2.7386   1.0420   2.4871
 -0.1439  -5.8217   1.5116   1.6117   0.8152   2.4216
 -0.1406  -5.0268   1.1538   1.3022   0.5568   1.9424
  0.0649   2.0877  -0.9417   0.9120  -0.2334  -0.9274
  0.0825   2.5409  -0.4318   1.0021  -0.2210  -1.1615
  0.0910   2.2044  -0.4237   1.0306  -0.2096  -1.0411
  0.0450   1.8960  -0.4798   0.9092  -0.2310  -0.9087
