 -0.0675  -0.2395   0.2290  -0.0474   0.0842   0.0831
 -0.0730  -0.2491   0.2142  -0.0428   0.0898   0.0871
 -0.0721  -0.2529   0.2043  -0.0561   0.0828   0.0830
 -0.0549  -0.2169   0.1842  -0.0684   0.0738   0.0774
 -0.0654  -0.2307   0.1821  -0.0608   0.0805   0.0913
 -0.0604  -0.2119   0.1869  -0.0475   0.0774   0.0831
 -0.0559  -0.1961   0.2015  -0.0421   0.0773   0.0665
 -0.0649  -0.1905   0.1936  -0.0600   0.0752   0.0679
 -0.0502  -0.1949   0.1759  -0.0478   0.0717   0.0786
 -0.0405  -0.1929   0.1760  -0.0515   0.0717   0.0856
 -0.0450  -0.1818   0.1632  -0.0632   0.0597   0.0766
 -0.0359  -0.1680   0.1664  -0.0624   0.0588   0.0781
 -0.0348  -0.1274   0.1355  -0.0703   0.0578   0.0648
 -0.0390  -0.0938   0.1230  -0.0698   0.0458   0.0592
 -0.0200  -0.0823   0.1288  -0.0335   0.0512   0.0621
 -0.0174  -0.0697   0.1248  -0.0165   0.0527   0.0669
 -0.0180  -0.0555   0.1172  -0.0470   0.0508   0.0492
 -0.0143  -0.0543   0.1112  -0.0327   0.0500   0.0555
 -0.0127  -0.0564   0.1136  -0.0339   0.0511   0.0665
 -0.0039  -0.0685   0.1117  -0.0359   0.0473   0.0589
 -0.0119  -0.0633   0.1003  -0.0445   0.0403   0.0483
  0.0020  -0.0536   0.0985  -0.0310   0.0443   0.0536
  0.0006  -0.0474   0.0994  -0.0340   0.0445   0.0460
 -0.0029  -0.0426   0.0969  -0.0351   0.0421   0.0338
 -0.0144  -0.0435   0.0941  -0.0527   0.0438   0.0452
 -0.0187  -0.0315   0.0839  -0.0661   0.0403   0.0434
 -0.0192  -0.0350   0.0798  -0.0717   0.0393   0.0439
 -0.0065  -0.0344   0.0834  -0.0535   0.0231   0.0387
 -0.0053  -0.0314   0.0916  -0.0241   0.0246   0.0387
 -0.0146  -0.0292   0.0809  -0.0439   0.0292   0.0348
 -0.0087  -0.0213   0.0743  -0.0664   0.0178   0.0136
 -0.0046  -0.0361   0.0847  -0.0402   0.0193   0.0311
 -0.0097  -0.0223   0.0778  -0.0147   0.0164   0.0373
  0.0051  -0.0122   0.0817   0.0184   0.0061   0.0256
  0.0080  -0.0064   0.0816   0.0434   0.0054   0.0355
  0.0113  -0.0113   0.0629   0.0235   0.0092   0.0237
  0.0065  -0.0082   0.0552   0.0012   0.0080   0.0177
  0.0176  -0.0014   0.0582   0.0182   0.0097   0.0291
  0.0221   0.0103   0.0642   0.0431   0.0127   0.0250
  0.0393  -0.0069   0.0774   0.0580   0.0094   0.0101
  0.0451   0.0044   0.0732   0.0458   0.0044  -0.0037
  0.0425   0.0053   0.0711   0.0427   0.0123   0.0056
  0.0394   0.0146   0.0627   0.0179   0.0169  -0.0047
  0.0508   0.0199   0.0506   0.0206   0.0107  -0.0107
  0.0323   0.0735   0.0393  -0.0049  -0.0002  -0.0073
  0.0040   0.1531   0.0384  -0.0583  -0.0093  -0.0062
 -0.0053   0.1369   0.0262  -0.0847  -0.0038  -0.0216
 -0.0039   0.1387   0.0262  -0.0873  -0.0030  -0.0187
 -0.0075   0.1271   0.0434  -0.0526  -0.0018  -0.0000
  0.0039   0.0488   0.0976  -0.0644  -0.0050   0.0075
  0.0321   0.0800   0.0778  -0.0552  -0.0076   0.0058
  0.0383   0.0837   0.0734  -0.0381  -0.0200  -0.0077
  0.0340   0.0777   0.0702  -0.0399  -0.0126  -0.0030
  0.0276   0.0830   0.0621  -0.0252  -0.0123  -0.0085
  0.0333   0.0794   0.0745  -0.0304  -0.0273  -0.0179
  0.0297   0.0844   0.0751  -0.0277  -0.0269  -0.0255
  0.0425   0.0754   0.0644  -0.0226  -0.0285  -0.0082
  0.0401   0.0855   0.0573  -0.0316  -0.0334  -0.0256
  0.0508   0.0812   0.0512  -0.0273  -0.0356  -0.0340
  0.0539   0.0881   0.0563   0.0211  -0.0275  -0.0284
  0.0623   0.0946   0.0581   0.0271  -0.0219  -0.0411
  0.0694   0.1000   0.0547   0.0128  -0.0328  -0.0401
  0.0649   0.0896   0.0605   0.0052  -0.0262  -0.0241
  0.0652   0.0926   0.0564  -0.0030  -0.0266  -0.0190
  0.0527   0.1016   0.0408  -0.0270  -0.0328  -0.0308
  0.0669   0.1088   0.0469  -0.0035  -0.0296  -0.0329
  0.0742   0.1098   0.0483   0.0114  -0.0287  -0.0227
  0.0884   0.1181   0.0456  -0.0035  -0.0314  -0.0386
  0.0898   0.1240   0.0429   0.0054  -0.0274  -0.0366
  0.0936   0.1225   0.0305   0.0041  -0.0185  -0.0366
  0.1000   0.1197   0.0344   0.0343  -0.0252  -0.0397
  0.0975   0.1270   0.0262   0.0331  -0.0478  -0.0426
  0.0863   0.1269   0.0249   0.0296  -0.0365  -0.0345
  0.0837   0.1224   0.0243  -0.0021  -0.0312  -0.0388
  0.0802   0.1244   0.0211  -0.0111  -0.0372  -0.0397
  0.0776   0.1241   0.0117  -0.0209  -0.0368  -0.0502
  0.0616   0.1225   0.0025  -0.0201  -0.0429  -0.0389
  0.0713   0.1249  -0.0054  -0.0258  -0.0363  -0.0429
  0.0687   0.1092  -0.0169   0.0368  -0.0310  -0.0311
  0.0678   0.1136  -0.0208   0.0637  -0.0371  -0.0419
  0.0612   0.1204  -0.0331   0.0331  -0.0384  -0.0294
  0.0626   0.1212  -0.0417   0.0164  -0.0403  -0.0205
  0.0733   0.0967  -0.0307   0.0586  -0.0455  -0.0191
 -0.0500  -0.1383  -0.0695   0.1135  -0.0586   0.0270
 -0.0110  -0.0191  -0.1459   0.0677  -0.0249   0.0071
 -0.0150   0.0294  -0.1384   0.0227   0.0033   0.0109
  0.0266   0.1026  -0.0647   0.0551   0.0139  -0.0004
  0.0647   0.0903  -0.0486   0.1874   0.0202  -0.0154
  0.0024   0.0599  -0.0296   0.3158   0.0265   0.0181
 -0.0254   0.1034  -0.0118   0.1116   0.0077   0.0035
 -0.0353   0.0987   0.0266   0.0929   0.0038   0.0221
 -0.0463   0.0421   0.0531   0.1429  -0.0064   0.0248
 -0.0187   0.0394   0.0419   0.1878  -0.0070   0.0362
 -0.0250   0.0406   0.0263   0.1789  -0.0040   0.0247
 -0.0288   0.0523   0.0203   0.1574  -0.0102   0.0160
 -0.0427   0.0492   0.0089   0.1575  -0.0089   0.0286
 -0.0649   0.0381   0.0260   0.1456  -0.0207   0.0182
 -0.0739   0.0440  -0.0023   0.0998  -0.0236   0.0270
 -0.0873   0.0335  -0.0214   0.0966  -0.0231   0.0283
 -0.0858   0.0425  -0.0266   0.0899  -0.0190   0.0252
 -0.0931   0.0440  -0.0230   0.0670  -0.0309   0.0274
 -0.0810   0.0346  -0.0273   0.0709  -0.0258   0.0291
 -0.0827   0.0399  -0.0355   0.0532  -0.0209   0.0284
 -0.0992   0.0435  -0.0496   0.0537  -0.0253   0.0194
 -0.1006  -0.0039  -0.0100   0.0027  -0.0128   0.0373
 -0.0596  -0.0549  -0.0317  -0.0343   0.0003   0.0561
 -0.0492  -0.0557  -0.0239  -0.0073   0.0029   0.0377
 -0.0302  -0.0645  -0.0155   0.0124   0.0063   0.0160
 -0.0337  -0.0649  -0.0181  -0.0072   0.0082   0.0199
 -0.0355  -0.0622  -0.0300  -0.0031   0.0113   0.0213
 -0.0353  -0.0496  -0.0454  -0.0123   0.0119   0.0117
 -0.0285  -0.0493  -0.0389  -0.0125   0.0117  -0.0095
 -0.0257  -0.0536  -0.0388  -0.0072   0.0053  -0.0088
 -0.0264  -0.0695  -0.0315  -0.0339   0.0095   0.0053
 -0.0215  -0.0641  -0.0413  -0.0290   0.0076   0.0105
 -0.0184  -0.0598  -0.0345  -0.0288   0.0018   0.0077
 -0.0205  -0.0631  -0.0305  -0.0201   0.0051   0.0269
 -0.0254  -0.0568  -0.0372  -0.0139   0.0067   0.0267
 -0.0201  -0.0541  -0.0360  -0.0189   0.0016   0.0243
 -0.0282  -0.0525  -0.0424  -0.0135   0.0023   0.0161
 -0.0276  -0.0460  -0.0293  -0.0201   0.0060   0.0212
 -0.0223  -0.0368  -0.0376  -0.0286  -0.0005   0.0180
 -0.0172  -0.0439  -0.0516  -0.0453  -0.0049   0.0151
 -0.0008  -0.0431  -0.0656   0.0075   0.0010   0.0078
  0.0123  -0.0457  -0.0637   0.0294  -0.0027  -0.0012
  0.0072  -0.0395  -0.0675   0.0233  -0.0004  -0.0066
  0.0021  -0.0323  -0.0735   0.0199  -0.0003  -0.0110
 -0.0121  -0.0223  -0.0795  -0.0237  -0.0036  -0.0251
 -0.0070   0.0054  -0.1047  -0.0407   0.0053  -0.0179
 -0.0095  -0.0110  -0.1034  -0.0346  -0.0030  -0.0159
 -0.0151  -0.0006  -0.0950  -0.0733   0.0022  -0.0242
 -0.0389  -0.0111  -0.1078  -0.0865   0.0044  -0.0283
 -0.0566  -0.0112  -0.1130  -0.1144  -0.0006  -0.0296
 -0.0324  -0.0140  -0.1080  -0.0752  -0.0058  -0.0237
 -0.0186  -0.0109  -0.1001  -0.0484  -0.0045  -0.0250
  0.0017  -0.0067  -0.0937  -0.0388  -0.0033  -0.0322
  0.0019  -0.0139  -0.0717  -0.0377   0.0026  -0.0293
  0.0124  -0.0118  -0.0559  -0.0150  -0.0022  -0.0273
  0.0038  -0.0061  -0.0609  -0.0345  -0.0017  -0.0369
  0.0092  -0.0098  -0.0697  -0.0034  -0.0102  -0.0433
  0.0292  -0.0023  -0.0634   0.0398  -0.0076  -0.0364
  0.0388   0.0084  -0.0530   0.0436  -0.0037  -0.0433
  0.0435   0.0054  -0.0574   0.0476  -0.0058  -0.0427
  0.0453  -0.0007  -0.0568   0.0583  -0.0040  -0.0256
  0.0497   0.0037  -0.0674   0.0658  -0.0100  -0.0289
  0.0349  -0.0005  -0.0783   0.0545  -0.0081  -0.0209
  0.0319  -0.0120  -0.0751   0.0370  -0.0037  -0.0169
  0.0232  -0.0142  -0.0760   0.0250  -0.0023  -0.0209
  0.0218  -0.0060  -0.0802   0.0276  -0.0101  -0.0397
  0.0150  -0.0114  -0.0826   0.0224  -0.0063  -0.0317
  0.0136  -0.0125  -0.0875   0.0112  -0.0119  -0.0378
  0.0085  -0.0217  -0.0933   0.0050  -0.0132  -0.0441
  0.0075  -0.0123  -0.0922   0.0085  -0.0130  -0.0429
  0.0114  -0.0094  -0.0960   0.0328  -0.0079  -0.0393
  0.0014  -0.0071  -0.1029   0.0172  -0.0049  -0.0379
 -0.0069  -0.0084  -0.0947   0.0283  -0.0119  -0.0437
 -0.0035  -0.0119  -0.0884  -0.0201  -0.0106  -0.0349
 -0.0121  -0.0123  -0.1030  -0.0210  -0.0039  -0.0406
 -0.0255  -0.0091  -0.1060  -0.0598  -0.0133  -0.0462
 -0.0248   0.0022  -0.1067  -0.0806  -0.0104  -0.0349
 -0.0106   0.0185  -0.1171  -0.1134  -0.0187  -0.0448
 -0.0060   0.0163  -0.1136  -0.0729  -0.0280  -0.0466
 -0.0235   0.0093  -0.1175  -0.0941  -0.0245  -0.0478
 -0.0155   0.0002  -0.1069  -0.0453  -0.0161  -0.0317
 -0.0138   0.0058  -0.1141  -0.0414  -0.0160  -0.0312
 -0.0272   0.0234  -0.1107  -0.0926  -0.0286  -0.0470
 -0.0053   0.0126  -0.1017  -0.0571  -0.0266  -0.0380
  0.0005   0.0016  -0.0926  -0.0108  -0.0249  -0.0357
 -0.0099  -0.0221  -0.0960   0.1136  -0.0102  -0.0353
 -0.0181  -0.0115  -0.1047   0.0465  -0.0158  -0.0298
 -0.0035  -0.0058  -0.1140   0.0125  -0.0201  -0.0287
  0.0127  -0.0045  -0.1176   0.0056  -0.0167  -0.0439
 -0.0006  -0.0104  -0.1184  -0.0049  -0.0208  -0.0500
 -0.0016  -0.0123  -0.1199   0.0019  -0.0210  -0.0332
 -0.0059  -0.0032  -0.1181  -0.0115  -0.0243  -0.0378
 -0.0174  -0.0005  -0.1165  -0.0172  -0.0234  -0.0540
 -0.0016  -0.0018  -0.1205  -0.0018  -0.0259  -0.0439
  0.0114   0.0053  -0.1167   0.0157  -0.0257  -0.0434
  0.0057   0.0047  -0.1209  -0.0059  -0.0308  -0.0519
 -0.0011   0.0122  -0.1117  -0.0085  -0.0344  -0.0534
