  0.4476  -2.4977  -0.2717   0.6191   0.4423   0.4631
  0.4538  -2.4583  -0.2833   0.6271   0.4598   0.4798
  0.4606  -2.4772  -0.2761   0.7146   0.4521   0.4259
  0.4423  -2.3897  -0.2760   0.5889   0.4412   0.4501
  0.4519  -2.4201  -0.2704   0.6640   0.4524   0.4790
  0.4502  -2.4096  -0.2446   0.6897   0.4402   0.4460
  0.4495  -2.3619  -0.2584   0.5831   0.4431   0.5192
  0.4533  -2.3961  -0.2398   0.6977   0.4525   0.4739
  0.4549  -2.3625  -0.2395   0.6337   0.4369   0.4196
  0.4473  -2.2965  -0.2438   0.5892   0.4539   0.5134
  0.4576  -2.3232  -0.2326   0.6679   0.4405   0.4322
  0.4526  -2.2758  -0.2221   0.5739   0.4227   0.4398
  0.4641  -2.2254  -0.2324   0.6047   0.4414   0.3991
  0.4700  -2.2196  -0.1766   0.5782   0.4192   0.4075
  0.4581  -2.1472  -0.1725   0.5531   0.4393   0.4457
  0.4708  -2.1330  -0.1865   0.6360   0.4424   0.4093
  0.4609  -2.0446  -0.1832   0.5226   0.4319   0.4295
  0.4788  -2.0459  -0.1884   0.5640   0.4451   0.4352
  0.4680  -2.0241  -0.1593   0.5791   0.4260   0.4105
  0.4716  -1.9823  -0.1708   0.5060   0.4343   0.4280
  0.4703  -2.0235  -0.1685   0.6023   0.4335   0.4190
  0.4569  -1.9592  -0.1807   0.5528   0.4191   0.4006
  0.4596  -1.9373  -0.1808   0.5201   0.4346   0.3980
  0.4528  -1.9298  -0.1853   0.5856   0.4197   0.3179
  0.4485  -1.8548  -0.1884   0.4650   0.4091   0.4135
  0.4355  -1.7922  -0.1680   0.4212   0.4255   0.3832
  0.4511  -1.8228  -0.1742   0.5142   0.4136   0.3285
  0.4206  -1.7435  -0.1698   0.3966   0.3947   0.3957
  0.4286  -1.7613  -0.1645   0.4195   0.4025   0.4031
  0.4183  -1.7735  -0.1566   0.4904   0.3913   0.3564
  0.4179  -1.6845  -0.1557   0.3325   0.3742   0.3858
  0.4138  -1.7091  -0.1279   0.4133   0.3813   0.3645
  0.4187  -1.6802  -0.1048   0.4202   0.3527   0.3272
  0.4020  -1.5677  -0.0916   0.3197   0.3339   0.3913
  0.3825  -1.6168  -0.0622   0.4060   0.3428   0.3408
  0.3534  -1.5575   0.0025   0.3920   0.3070   0.3636
  0.3426  -1.5072  -0.0168   0.3265   0.3174   0.3220
  0.3382  -1.5485  -0.0143   0.4282   0.3221   0.3021
  0.3384  -1.5135  -0.0122   0.3338   0.2944   0.3338
  0.3365  -1.5006   0.0044   0.3253   0.3087   0.3590
  0.3555  -1.4559  -0.0035   0.4005   0.3210   0.3141
  0.3422  -1.3622   0.0049   0.2847   0.3070   0.3250
  0.3497  -1.3147  -0.0006   0.3215   0.3206   0.3031
  0.3666  -1.2596  -0.0055   0.3122   0.3184   0.2610
  0.3542  -1.1522  -0.0317   0.1912   0.3191   0.2846
  0.3586  -1.1380  -0.0341   0.3050   0.3303   0.2821
  0.3465  -1.0639  -0.0437   0.2409   0.3086   0.2431
  0.3577  -1.0607  -0.0473   0.2593   0.3287   0.2860
  0.3539  -1.0751  -0.0393   0.3296   0.3169   0.2497
  0.3369  -1.0046  -0.0613   0.2120   0.3184   0.2699
  0.3343  -1.0074  -0.0560   0.2957   0.3228   0.2691
  0.3416  -1.0028  -0.0521   0.2644   0.3073   0.2167
  0.3288  -0.9562  -0.0464   0.2057   0.3245   0.2964
  0.3529  -1.0220  -0.0528   0.2916   0.3229   0.2447
  0.3282  -0.9803  -0.0593   0.1787   0.3139   0.2794
  0.3415  -0.9798  -0.0679   0.2136   0.3278   0.2385
  0.3289  -0.9607  -0.0670   0.2935   0.3131   0.2335
  0.3119  -0.8869  -0.0928   0.1321   0.3080   0.2245
  0.3247  -0.9183  -0.0797   0.3027   0.3125   0.1712
  0.3157  -0.8248  -0.0702   0.1912   0.2871   0.1956
  0.3344  -0.9024  -0.0635   0.2367   0.3183   0.1961
  0.3489  -0.8981  -0.0375   0.2371   0.3044   0.1928
  0.3285  -0.8453  -0.0513   0.1556   0.3008   0.2228
  0.3294  -0.8568  -0.0570   0.2477   0.3134   0.1750
  0.3228  -0.8213  -0.0578   0.1685   0.2891   0.2232
  0.3188  -0.7935  -0.0568   0.1567   0.3026   0.2089
  0.3396  -0.8206  -0.0591   0.2716   0.3017   0.1871
  0.3197  -0.7714  -0.0459   0.1161   0.2831   0.2007
  0.3431  -0.8214  -0.0565   0.2563   0.3127   0.1769
  0.3111  -0.7618  -0.0500   0.1693   0.2844   0.2016
  0.3171  -0.7471  -0.0637   0.1399   0.3083   0.2518
  0.3184  -0.7241  -0.0564   0.2481   0.3016   0.1397
  0.3281  -0.3709  -0.0900  -0.0242   0.3331   0.1678
  0.3116  -0.3201  -0.0739   0.0438   0.3256   0.1672
  0.3271  -0.2848  -0.0603   0.0750   0.3005   0.1108
  0.3188  -0.1935  -0.0583  -0.0204   0.3032   0.1511
  0.3581  -0.2118  -0.0579   0.0656   0.3339   0.1169
  0.3260  -0.1696  -0.0594   0.0023   0.3006   0.1142
  0.3358  -0.1798  -0.0792   0.0280   0.3036   0.0807
  0.3463  -0.1504  -0.0721   0.0142   0.2890   0.0780
  0.3524  -0.0733  -0.0640  -0.0607   0.2917   0.1064
  0.3734  -0.0965  -0.0664   0.0497   0.3104   0.0851
  0.3646  -0.0446  -0.0954  -0.0749   0.3203   0.0609
  0.3776  -0.1074  -0.0813   0.0506   0.3329   0.0603
  0.3718  -0.0258  -0.0848  -0.0564   0.3274   0.0162
  0.3940  -0.0488  -0.0554  -0.0294   0.3493   0.0880
  0.4069  -0.0197  -0.0329  -0.0990   0.3421   0.0546
  0.3836   0.0278  -0.0376  -0.1189   0.3408   0.1348
  0.3786  -0.0115  -0.0477   0.0178   0.3388   0.1046
  0.3869   0.0578  -0.0539  -0.0605   0.3178   0.0712
  0.3765   0.1269  -0.0509  -0.0598   0.3359   0.0493
  0.3899   0.1418  -0.0474   0.0129   0.3217  -0.0029
  0.3590   0.1477  -0.0635  -0.1123   0.3312   0.0518
  0.3597   0.1734  -0.0434  -0.0364   0.3378   0.0664
  0.3158   0.2282  -0.0373  -0.1139   0.3032   0.0775
  0.3175   0.2487  -0.0408  -0.1043   0.3168   0.0893
  0.3082   0.2394  -0.0406  -0.0206   0.3011   0.0390
  0.2966   0.3268  -0.0456  -0.1446   0.2778   0.0843
  0.2833   0.2984  -0.0582  -0.0295   0.2696   0.0438
  0.3225   0.1189  -0.0769   0.0466   0.3238  -0.0176
  0.3406   0.0627  -0.0810   0.0790   0.3577   0.0436
  0.3337  -0.0159  -0.0815   0.1105   0.3340  -0.0025
  0.3508  -0.0452  -0.0796   0.0447   0.3629   0.0399
  0.3852  -0.1064  -0.0717   0.1478   0.3700   0.0054
  0.3807  -0.0528  -0.1070   0.0647   0.3621   0.0153
  0.3559  -0.0108  -0.0612   0.0856   0.3336  -0.0240
  0.3517  -0.0281  -0.0521   0.1118   0.3285   0.0064
  0.3320   0.0078  -0.0337  -0.0047   0.3169   0.0258
  0.3259   0.0155  -0.0312   0.0674   0.3035   0.0392
  0.3079   0.0453  -0.0161   0.0225   0.2912  -0.0141
  0.3177   0.0648  -0.0247  -0.0101   0.3060   0.0401
  0.2916   0.0508  -0.0322   0.1239   0.2627   0.0090
  0.2872   0.1151  -0.0270  -0.0019   0.2500   0.0096
  0.2695   0.0799  -0.0211   0.1000   0.2454   0.0220
  0.2668   0.1298  -0.0177   0.0714   0.2180  -0.0309
  0.2106   0.2614   0.0094  -0.2405   0.2460  -0.0105
  0.1915   0.1951   0.0149  -0.1073   0.1967  -0.0317
  0.1624   0.3508   0.0222  -0.2688   0.1693  -0.0155
  0.1837   0.4033   0.0411  -0.2083   0.1832  -0.0271
  0.1907   0.4365   0.0449  -0.1743   0.1688  -0.0597
  0.1890   0.5121   0.0565  -0.2834   0.1650  -0.0167
  0.1942   0.4938   0.0604  -0.1413   0.1705  -0.0790
  0.1673   0.5040   0.0570  -0.1938   0.1507  -0.0558
  0.1551   0.5487   0.0511  -0.2313   0.1305  -0.0786
  0.1687   0.5149   0.0525  -0.1503   0.1310  -0.0826
  0.1626   0.5438   0.0575  -0.1962   0.1338  -0.0914
  0.1498   0.5252   0.0331  -0.0833   0.1306  -0.1401
  0.1313   0.6149   0.0246  -0.1828   0.1122  -0.1600
  0.1479   0.7589   0.0059  -0.2145   0.1249  -0.1627
  0.1568   0.8093  -0.0204  -0.2279   0.1282  -0.1973
  0.1579   0.8388  -0.0421  -0.2197   0.1537  -0.1896
  0.1246   0.8392  -0.0741  -0.2103   0.1216  -0.2431
  0.1066   0.8568  -0.0531  -0.2754   0.1132  -0.1609
  0.0689   0.8138  -0.0577  -0.1999   0.0496  -0.2251
 -0.0307   0.7729  -0.0212  -0.2543  -0.0291  -0.1777
 -0.0659   0.7460  -0.0181  -0.2408  -0.0684  -0.2056
 -0.1678   0.6743   0.0127  -0.1745  -0.1469  -0.1330
 -0.2025   0.6977  -0.0126  -0.2796  -0.1677  -0.1142
 -0.2166   0.6920   0.0087  -0.2366  -0.1665  -0.1575
 -0.2214   0.6719   0.0071  -0.1475  -0.1919  -0.1582
 -0.2339   0.7450   0.0097  -0.3046  -0.1909  -0.0779
 -0.2141   0.7132   0.0064  -0.1534  -0.1784  -0.1294
 -0.2342   0.7705   0.0088  -0.2857  -0.2118  -0.1288
 -0.2374   0.8270   0.0068  -0.3339  -0.2098  -0.1223
 -0.2225   0.7938   0.0200  -0.2052  -0.1871  -0.1544
 -0.2398   0.8395   0.0343  -0.3365  -0.2177  -0.1423
 -0.2430   0.8660   0.0310  -0.2783  -0.2016  -0.1730
 -0.2512   0.8780   0.0024  -0.3458  -0.2008  -0.1678
 -0.2615   0.9076   0.0178  -0.3666  -0.1536  -0.1476
 -0.2558   0.8336  -0.0528  -0.3524  -0.1214  -0.1905
 -0.2843   0.8541  -0.0320  -0.3986  -0.1380  -0.1630
 -0.2614   0.8095  -0.0131  -0.2564  -0.1622  -0.2088
 -0.2728   0.7888  -0.0500  -0.4042  -0.1613  -0.1609
 -0.2224   0.5276  -0.0667  -0.2092  -0.1536  -0.1638
 -0.2461   0.4898  -0.0835  -0.2987  -0.1854  -0.1308
 -0.2855   0.6241  -0.0261  -0.3221  -0.2083  -0.2191
 -0.2852   0.6253   0.0048  -0.2174  -0.2188  -0.1670
 -0.2827   0.7332  -0.0028  -0.3241  -0.2219  -0.1704
 -0.3129   0.7057   0.0099  -0.2540  -0.2444  -0.1361
 -0.3068   0.7361   0.0125  -0.1839  -0.2528  -0.1862
 -0.3232   0.7704   0.0100  -0.2955  -0.2648  -0.1419
 -0.3088   0.7344   0.0182  -0.1677  -0.2431  -0.2031
 -0.3275   0.6769  -0.0210  -0.2403  -0.2733  -0.1643
 -0.3598   0.6833   0.0076  -0.2259  -0.2894  -0.1511
 -0.3618   0.6787   0.0071  -0.1709  -0.3096  -0.1717
 -0.3709   0.7777  -0.0021  -0.3400  -0.3026  -0.1186
 -0.3475   0.7528  -0.0048  -0.2016  -0.2959  -0.2131
 -0.3606   0.7541  -0.0173  -0.2704  -0.3007  -0.1571
 -0.3618   0.7669   0.0172  -0.3040  -0.2919  -0.1568
 -0.3619   0.8235   0.0197  -0.3082  -0.2745  -0.1714
 -0.3527   0.9494   0.0090  -0.4147  -0.2916  -0.1604
 -0.3750   0.9863   0.0292  -0.4159  -0.3004  -0.1249
 -0.3249   0.9637   0.0269  -0.4331  -0.2737  -0.1096
 -0.3803   1.0122   0.0424  -0.4443  -0.3102  -0.0954
 -0.3793   0.8886   0.0174  -0.3398  -0.3418  -0.1111
 -0.3865   0.9184   0.0419  -0.4004  -0.3354  -0.0830
 -0.3691   0.8018   0.0309  -0.2586  -0.3514  -0.1565
 -0.3941   0.8469   0.0553  -0.3297  -0.3509  -0.1182
 -0.3785   0.8568   0.0599  -0.2770  -0.3429  -0.1701
 -0.3961   0.9070   0.0482  -0.3710  -0.3708  -0.1601
 -0.4050   0.9004   0.0641  -0.3556  -0.3849  -0.1702
 -0.4378   0.8530   0.1009  -0.2558  -0.4174  -0.1416
 -0.4207   0.9339   0.0867  -0.3520  -0.4008  -0.1676
 -0.4125   0.9680   0.0915  -0.3157  -0.3776  -0.1513
 -0.4172   1.0137   0.0933  -0.2718  -0.4040  -0.1614
 -0.4317   1.0961   0.0838  -0.3813  -0.4031  -0.1052
 -0.4381   1.0334   0.1035  -0.2946  -0.4128  -0.1604
 -0.4396   1.0157   0.0933  -0.3004  -0.4251  -0.1448
 -0.4474   1.0755   0.0912  -0.4322  -0.4168  -0.1437
 -0.4279   1.0599   0.0988  -0.3244  -0.4135  -0.1493
 -0.4270   1.1069   0.0913  -0.3715  -0.4207  -0.1656
 -0.4285   1.1193   0.1026  -0.3720  -0.4145  -0.1688
 -0.4248   1.0917   0.1231  -0.2809  -0.4122  -0.2121
 -0.4152   1.1726   0.1219  -0.4332  -0.4156  -0.1876
 -0.4343   1.1391   0.1480  -0.3925  -0.4183  -0.1732
 -0.4464   1.1219   0.1616  -0.4147  -0.4764  -0.1747
 -0.4392   1.1598   0.1884  -0.4459  -0.4315  -0.1628
 -0.4058   1.1707   0.1683  -0.3711  -0.4194  -0.1860
 -0.3866   1.2544   0.1677  -0.4901  -0.4007  -0.1878
 -0.3740   1.0645   0.1510  -0.3266  -0.3667  -0.1933
 -0.3565   0.8677   0.1058  -0.2847  -0.3566  -0.1678
 -0.3500   0.6946   0.0747  -0.1175  -0.3501  -0.1600
 -0.4536   0.8266   0.1180  -0.1113  -0.4339  -0.1633
 -0.4730   1.0239   0.0975  -0.2564  -0.4442  -0.1633
 -0.4949   1.0738   0.1163  -0.1778  -0.4732  -0.2091
 -0.4597   1.0428   0.1219  -0.1570  -0.4619  -0.1846
 -0.4096   0.8306   0.1239  -0.1983  -0.4219  -0.1510
 -0.3918   0.7265   0.1018  -0.0553  -0.4352  -0.1425
 -0.4719   0.8858   0.1264  -0.1579  -0.4692  -0.1741
 -0.4922   0.9309   0.1455  -0.1744  -0.4752  -0.2018
 -0.4923   0.9334   0.1312  -0.0994  -0.4858  -0.1880
 -0.4937   1.0058   0.1391  -0.1939  -0.4844  -0.1949
 -0.5028   1.0418   0.1478  -0.1002  -0.4975  -0.2327
 -0.4713   1.0739   0.1495  -0.2220  -0.4740  -0.1586
 -0.3859   0.7471   0.1432  -0.1163  -0.4245  -0.1208
 -0.3568   0.5568   0.0845  -0.1110  -0.3870  -0.1208
 -0.3655   0.4008   0.1177  -0.0280  -0.4091  -0.0717
 -0.3936   0.4918   0.1275   0.0172  -0.4347  -0.1741
 -0.3987   0.6451   0.1224  -0.1207  -0.4175  -0.1480
 -0.4092   0.7900   0.1161  -0.0402  -0.4278  -0.2138
 -0.4280   0.8287   0.1148  -0.0678  -0.4787  -0.2392
 -0.4467   0.8851   0.1183  -0.0882  -0.4760  -0.2175
 -0.4493   0.7899   0.1491   0.0404  -0.4886  -0.1999
 -0.3969   0.2937   0.0436  -0.0178  -0.4024  -0.0781
 -0.4725   0.0748   0.1321   0.1985  -0.5632  -0.0323
 -0.5078   0.3427   0.1844   0.0990  -0.6310  -0.1369
 -0.5059   0.4704   0.1667   0.0500  -0.5859  -0.1358
 -0.5126   0.6214   0.1520   0.1089  -0.6103  -0.2168
 -0.4890   0.4943   0.1098   0.0128  -0.5735  -0.1063
 -0.4051   0.2801   0.1200   0.1678  -0.5129  -0.1174
 -0.3926   0.3233   0.1202   0.0835  -0.4975  -0.1343
 -0.4276   0.4382   0.1361   0.0610  -0.5036  -0.1809
 -0.4502   0.4935   0.1259   0.1040  -0.5224  -0.2096
 -0.4512   0.6030   0.1237  -0.0384  -0.5147  -0.1455
 -0.4581   0.5965   0.1190   0.0943  -0.5195  -0.1993
 -0.4576   0.5165   0.1163  -0.0076  -0.5170  -0.1904
 -0.4541   0.4001   0.1326   0.0616  -0.5163  -0.1024
 -0.4298   0.2040   0.0966   0.0775  -0.4491  -0.0664
 -0.3633  -0.4958   0.1398   0.1364  -0.3671   0.0366
 -0.3349  -0.3784  -0.0113   0.1511  -0.3381  -0.0829
 -0.3715  -0.0591  -0.0133   0.0278  -0.3785  -0.0278
 -0.4154   0.1337   0.0061   0.0862  -0.4266  -0.1523
 -0.4176   0.2311   0.0072   0.0267  -0.4562  -0.1269
 -0.4008   0.2635   0.0081   0.0755  -0.4205  -0.1495
 -0.4066   0.2838   0.0246   0.1433  -0.4539  -0.1942
 -0.3724   0.3715   0.0465  -0.0058  -0.3918  -0.0944
 -0.2581  -0.1050   0.1357   0.2314  -0.3250  -0.0340
 -0.1867  -0.3164   0.0943   0.1367  -0.2534  -0.0350
 -0.1735  -0.3181   0.1432   0.2206  -0.2474   0.0026
 -0.1125  -0.5408   0.1350   0.3479  -0.2083  -0.0206
