  0.0830  -0.0398  -0.2822   0.1745  -0.0219   0.2465
  0.0469  -0.0241  -0.2645   0.1669  -0.0347   0.2586
  0.0062  -0.0401  -0.2058   0.2007  -0.0336   0.2688
 -0.0224  -0.0356  -0.1974   0.2130  -0.0288   0.2967
 -0.0550  -0.0052  -0.1442   0.2888  -0.0212   0.3548
 -0.0443   0.0255  -0.1055   0.1893  -0.0328   0.2932
 -0.1522   0.0163  -0.0304   0.1547  -0.0413   0.2983
 -0.1621   0.0279  -0.0574   0.1570  -0.0665   0.2836
 -0.0903   0.0680  -0.1107   0.0999  -0.0455   0.2706
 -0.0536   0.0707  -0.1562   0.0895  -0.0475   0.2509
 -0.0546   0.0615  -0.1377   0.0982  -0.0446   0.2439
 -0.0551   0.0493  -0.1407   0.1248  -0.0397   0.2515
 -0.1259   0.1671  -0.1443   0.0739  -0.0569   0.2657
 -0.0909   0.2236  -0.1209   0.0825  -0.0614   0.2650
 -0.0696   0.1745  -0.1202   0.1236  -0.0494   0.2636
 -0.0390   0.1683  -0.1484   0.2454  -0.0485   0.2719
 -0.0222   0.2087  -0.2216   0.1439   0.0013   0.3085
 -0.0288   0.0802  -0.1535   0.1441  -0.0413   0.2101
 -0.0411   0.0349  -0.1500   0.1181  -0.0008   0.2264
 -0.0683   0.1142  -0.1638   0.1355  -0.0119   0.2663
 -0.0613   0.2040  -0.1755   0.1120  -0.0140   0.2300
 -0.0635   0.1805  -0.1732   0.1839  -0.0173   0.2672
 -0.0260   0.1063  -0.1264   0.1223  -0.0027   0.1823
 -0.0823   0.1478  -0.1358   0.1176  -0.0512   0.2058
 -0.0768   0.2227  -0.1482   0.2004  -0.0368   0.2716
 -0.0864   0.2292  -0.0992   0.2788  -0.0298   0.2684
 -0.1394   0.1831  -0.1020   0.1204  -0.0469   0.2581
 -0.1254   0.1503  -0.0803   0.1478  -0.0519   0.2455
 -0.1621   0.2614  -0.0901   0.2159  -0.0470   0.3039
 -0.1604   0.2273  -0.0795   0.2102  -0.0460   0.2936
 -0.2110   0.1966  -0.0666   0.2001  -0.0585   0.3009
 -0.1675   0.1997  -0.0960   0.2553  -0.0739   0.3457
 -0.1508   0.1819  -0.1068   0.1400  -0.0638   0.2504
 -0.1471   0.1897  -0.1032   0.1515  -0.0600   0.2445
 -0.1551   0.1998  -0.1016   0.1252  -0.0667   0.2454
 -0.1498   0.2271  -0.0843   0.1356  -0.1030   0.2123
 -0.1165   0.2310  -0.0808   0.1759  -0.0985   0.1888
 -0.1211   0.2410  -0.0830   0.1710  -0.1067   0.2011
 -0.1109   0.2183  -0.0896   0.1627  -0.1073   0.1896
 -0.1012   0.2565  -0.0880   0.0728  -0.0763   0.1446
 -0.1035   0.2095  -0.0592   0.1299  -0.0739   0.1375
 -0.1403   0.2068  -0.0322   0.1185  -0.0660   0.1771
 -0.1630   0.1686   0.0008   0.2250  -0.0194   0.2353
 -0.1315   0.1120   0.0022   0.1700  -0.0147   0.1974
 -0.1146   0.1062  -0.0447   0.2108  -0.0263   0.2169
 -0.1315   0.1156  -0.0411   0.1696  -0.0190   0.2026
 -0.1358   0.1513  -0.0473   0.1395  -0.0159   0.2037
 -0.1200   0.1360  -0.0481   0.1030  -0.0223   0.1768
 -0.1218   0.1239  -0.0237   0.1061  -0.0443   0.1794
 -0.1202   0.0728  -0.0183   0.1467  -0.0350   0.1855
 -0.1151   0.0863  -0.0273   0.1031  -0.0348   0.1918
 -0.1257   0.0739  -0.0577   0.1622  -0.0464   0.2149
 -0.1157   0.0653  -0.0374   0.0860  -0.0699   0.1754
 -0.1230   0.1205   0.0378   0.0161  -0.0541   0.1273
 -0.2439   0.3289   0.0508  -0.0783  -0.0858   0.0749
 -0.1894   0.2252   0.0071   0.0001  -0.0651   0.1320
 -0.1986   0.3045  -0.0390  -0.0169  -0.0681   0.1274
 -0.2491   0.5429  -0.0406  -0.1361  -0.0815   0.0934
 -0.1641   0.1852   0.0319   0.0083  -0.0396   0.1170
 -0.1992   0.2911   0.0238  -0.0666  -0.0345   0.1046
 -0.2059   0.3112   0.0008   0.0217  -0.0189   0.1680
 -0.1651   0.2419   0.0095  -0.0700  -0.0451   0.0524
 -0.1669   0.4269   0.0326   0.2688   0.0063   0.1234
 -0.1659   0.5325  -0.1130  -0.0525   0.0031   0.1294
 -0.1001   0.3525  -0.0415  -0.1007  -0.0219   0.0383
 -0.0973   0.3744  -0.0530  -0.1555  -0.0227  -0.0018
 -0.1127   0.3746  -0.0430  -0.1531  -0.0248   0.0086
 -0.1079   0.3783  -0.0452  -0.1179  -0.0108   0.0039
 -0.0876   0.3802  -0.0561  -0.1178  -0.0184   0.0468
 -0.0910   0.3404  -0.0499  -0.1209  -0.0137   0.0542
 -0.0749   0.2680  -0.0417  -0.0911  -0.0195   0.0422
 -0.0706   0.2921  -0.0569  -0.0893  -0.0093   0.0477
 -0.0375   0.2199  -0.0591  -0.0562  -0.0012   0.0524
 -0.0372   0.2538  -0.0674  -0.0722  -0.0050   0.0339
 -0.0464   0.2662  -0.0581  -0.0754  -0.0083   0.0431
 -0.0624   0.2841  -0.0484  -0.0924   0.0042   0.0340
 -0.0823   0.2988  -0.0387  -0.0999  -0.0095   0.0338
 -0.0980   0.3256  -0.0444  -0.1235  -0.0158   0.0178
 -0.1216   0.4002  -0.0648  -0.1471  -0.0317   0.0107
 -0.0916   0.3481  -0.0366  -0.1130  -0.0238  -0.0128
 -0.1647   0.4378  -0.0196  -0.1419  -0.0586   0.0496
 -0.1726   0.3849  -0.0047  -0.1561  -0.0517   0.0208
 -0.1652   0.3757   0.0031  -0.1495  -0.0421   0.0262
 -0.1710   0.3674   0.0134  -0.1622  -0.0558   0.0036
 -0.1743   0.3258   0.0113  -0.1138  -0.0365   0.0300
 -0.1748   0.2753   0.0293  -0.0784  -0.0297   0.0415
 -0.2010   0.1422   0.0664   0.0222  -0.0288   0.1008
 -0.0501  -0.3447   0.1026   0.2309   0.0383   0.1691
 -0.0631  -0.2686   0.0865   0.1527   0.0149   0.1318
 -0.2310  -0.0774   0.0799   0.0011  -0.0513   0.0961
 -0.1801  -0.1098   0.0862   0.0681  -0.0306   0.0987
 -0.1704  -0.1805   0.0906   0.0643  -0.0247   0.1011
 -0.1898  -0.1466   0.0817   0.0163  -0.0256   0.0796
 -0.1880  -0.1433   0.0782   0.0252  -0.0292   0.0908
 -0.1820  -0.1156   0.0632   0.0161  -0.0194   0.0931
 -0.1416  -0.1643   0.0734   0.0162  -0.0266   0.0688
 -0.1963  -0.1418   0.0893   0.0264  -0.0361   0.1059
 -0.1985  -0.1222   0.1080  -0.0153  -0.0344   0.0781
 -0.1958  -0.1277   0.1104   0.0136  -0.0255   0.0837
 -0.1755  -0.1415   0.1105   0.0368  -0.0159   0.0925
 -0.1498  -0.1655   0.1064   0.0478  -0.0003   0.0887
 -0.1161  -0.1939   0.0933   0.0642   0.0053   0.0758
 -0.1216  -0.1628   0.0836   0.0734   0.0142   0.1046
 -0.1184  -0.1832   0.1120   0.0961   0.0207   0.0945
 -0.1242  -0.1455   0.1061   0.0518   0.0152   0.0974
 -0.1218  -0.1609   0.1040   0.0994   0.0241   0.1010
 -0.1285  -0.1770   0.1394   0.0705   0.0119   0.0931
 -0.0592  -0.2211   0.0840   0.1248   0.0290   0.0758
  0.0289  -0.3572   0.0186   0.1879   0.0620   0.1164
  0.0067  -0.3658   0.1083   0.1559   0.0289   0.0880
  0.0142  -0.3246   0.1008   0.1655   0.0594   0.1090
  0.0303  -0.3226   0.1160   0.1671   0.0673   0.0994
 -0.0225  -0.2341   0.1004   0.0812   0.0524   0.0825
 -0.0376  -0.2361   0.1111   0.1188   0.0502   0.1054
 -0.0321  -0.2102   0.1064   0.1954   0.0512   0.1298
 -0.0201  -0.2740   0.1059   0.1291   0.0452   0.0995
 -0.0116  -0.3212   0.1117   0.1949   0.0640   0.1281
 -0.0020  -0.2837   0.0952   0.1644   0.0524   0.1046
  0.0025  -0.2916   0.0986   0.1838   0.0528   0.1311
  0.0111  -0.2550   0.0927   0.1378   0.0495   0.0750
  0.0313  -0.3189   0.0978   0.2124   0.0711   0.1113
  0.0152  -0.3018   0.1095   0.2268   0.0524   0.1104
 -0.0012  -0.2913   0.1039   0.1844   0.0343   0.1172
 -0.0015  -0.2950   0.0990   0.2118   0.0416   0.1296
  0.0090  -0.3219   0.0997   0.2271   0.0521   0.1414
  0.0083  -0.2995   0.0985   0.2159   0.0500   0.1292
  0.0109  -0.2884   0.0823   0.1878   0.0458   0.1158
  0.0076  -0.3033   0.0703   0.2309   0.0647   0.1376
  0.0130  -0.3022   0.0815   0.2220   0.0531   0.1032
  0.0121  -0.2982   0.0825   0.1786   0.0493   0.1107
 -0.0151  -0.2873   0.1081   0.2155   0.0692   0.1239
 -0.0017  -0.2898   0.1088   0.1882   0.0553   0.0934
  0.0030  -0.2889   0.1027   0.1612   0.0507   0.0833
 -0.0033  -0.2862   0.1083   0.3424   0.0470   0.2095
 -0.0030  -0.2794   0.1133   0.1505   0.0332   0.0943
 -0.0377  -0.2370   0.1127   0.1567   0.0297   0.1014
 -0.0242  -0.1976   0.0743   0.1256   0.0384   0.1085
 -0.1033  -0.1062   0.1602   0.1324   0.0324   0.0862
 -0.1264  -0.0823   0.0996   0.1249   0.0266   0.1307
 -0.1017  -0.1188   0.1155   0.1734   0.0318   0.1189
 -0.0961  -0.1013   0.1109   0.1303   0.0314   0.0816
 -0.1233  -0.1259   0.1285   0.1707   0.0179   0.1245
 -0.0987  -0.1072   0.1327   0.1321   0.0150   0.0835
 -0.0833  -0.1294   0.1195   0.1997   0.0090   0.1380
 -0.0755  -0.1609   0.1342   0.1588   0.0119   0.0983
 -0.0969  -0.1199   0.1207   0.1450   0.0165   0.1046
 -0.0994  -0.1483   0.1359   0.1735   0.0199   0.1024
 -0.1052  -0.1496   0.1594   0.1245   0.0314   0.0948
 -0.1050  -0.1429   0.1495   0.1365   0.0165   0.0955
 -0.1074  -0.1405   0.1490   0.1502   0.0269   0.0996
 -0.0907  -0.1774   0.1576   0.1658   0.0290   0.0931
 -0.0725   0.0032   0.0794  -0.0116  -0.0118  -0.0687
 -0.1219   2.4730  -0.2338  -0.9310  -0.0926  -0.4494
  0.0065   0.1223   0.0364  -0.0941   0.0070  -0.0908
 -0.0797   0.5408  -0.0189   0.0839   0.0099  -0.1135
 -0.0136   0.6503  -0.2066  -0.1555   0.0348   0.0048
  0.0601   0.1451  -0.0388  -0.1344   0.0256  -0.1144
  0.0631   0.1430  -0.0795  -0.1230   0.0442  -0.0827
 -0.0107   0.0883   0.0104  -0.0848   0.0141  -0.0800
 -0.0107   0.0983   0.0213  -0.0496   0.0347  -0.0682
 -0.0975   0.0429   0.1133   0.0241   0.0101  -0.0228
 -0.0885   0.0483   0.0988   0.0186   0.0163  -0.0173
 -0.0913   0.0475   0.0905   0.0282   0.0122  -0.0180
 -0.0975   0.0624   0.0849   0.0034   0.0144  -0.0001
 -0.0769   0.0533   0.0895  -0.0137   0.0266  -0.0399
 -0.0857   0.0659   0.0847  -0.0227   0.0111  -0.0277
 -0.0780   0.0449   0.0873  -0.0095   0.0158  -0.0292
 -0.0767   0.0567   0.0935  -0.0192   0.0109  -0.0311
 -0.0934   0.0584   0.0793  -0.0216   0.0108  -0.0401
 -0.0798   0.0874   0.0739  -0.0348   0.0001  -0.0346
 -0.0832   0.1102   0.0418  -0.0210  -0.0014  -0.0226
 -0.0545   0.1047   0.0081  -0.0165  -0.0083  -0.0154
 -0.0512   0.1162  -0.0031  -0.0683  -0.0261  -0.0364
 -0.0464   0.1414  -0.0240  -0.0354  -0.0192  -0.0193
 -0.0418   0.1101  -0.0066  -0.0417  -0.0267  -0.0306
 -0.0420   0.1464  -0.0192  -0.0894  -0.0380  -0.0541
 -0.0304   0.1305  -0.0148  -0.0607  -0.0301  -0.0438
 -0.0403   0.1293  -0.0043  -0.1012  -0.0247  -0.0701
 -0.0374   0.1359  -0.0187  -0.1119  -0.0340  -0.0790
 -0.1010   0.0997   0.0152  -0.0895  -0.0430  -0.0633
 -0.0759   0.1340  -0.0327  -0.1029  -0.0681  -0.0521
 -0.0072   0.1911  -0.0907  -0.1223  -0.0562  -0.0930
 -0.0175   0.1679  -0.0622  -0.1383  -0.0446  -0.0863
 -0.0315   0.1396  -0.0797  -0.0820  -0.0403  -0.0588
 -0.0120   0.0490  -0.0542  -0.0476  -0.0273  -0.0530
 -0.0426   0.0950  -0.0482  -0.0742  -0.0371  -0.0781
 -0.0450   0.0867  -0.0425  -0.0692  -0.0501  -0.0638
 -0.0383   0.1014  -0.0529  -0.0839  -0.0526  -0.0702
 -0.0376   0.1775  -0.0585  -0.1711  -0.0319  -0.0946
 -0.1309   0.0824   0.0863  -0.0680  -0.0145  -0.0521
  0.9898   0.4857  -0.1216  -0.1794   0.2143  -0.3240
  0.0790  -0.0473  -0.0039  -0.0120   0.0483  -0.0493
  0.0909  -0.0869  -0.0051  -0.0177   0.0356  -0.0617
  0.0877  -0.0552  -0.0051  -0.0427   0.0134  -0.0830
  0.0955  -0.0413  -0.0272  -0.0511   0.0203  -0.0906
  0.1022  -0.0576  -0.0053  -0.0962   0.0359  -0.0902
  0.1158  -0.1186   0.0369  -0.0992   0.0519  -0.1347
  0.1118  -0.0938  -0.0202  -0.0741   0.0397  -0.1264
  0.1018  -0.0138  -0.0192  -0.1062   0.0081  -0.1454
  0.1214  -0.0239  -0.0181  -0.1107   0.0257  -0.1409
  0.1103  -0.0612  -0.0108  -0.0570   0.0359  -0.1073
  0.1061  -0.0152  -0.0167  -0.1301   0.0176  -0.1356
  0.1220  -0.0360  -0.0243  -0.0927   0.0293  -0.1362
  0.1202  -0.0513  -0.0169  -0.0791   0.0319  -0.1405
  0.0513   0.1491  -0.0201  -0.2303   0.0055  -0.1940
  0.0869   0.0557  -0.0226  -0.1733   0.0117  -0.1769
  0.0861   0.0366  -0.0239  -0.1690   0.0117  -0.1729
  0.0886   0.0195  -0.0309  -0.1213   0.0216  -0.1450
  0.0888   0.0107  -0.0132  -0.1274   0.0125  -0.1671
  0.0921   0.0444  -0.0254  -0.1570   0.0015  -0.1741
  0.0946   0.0347  -0.0264  -0.1498   0.0159  -0.1556
  0.0607   0.0703   0.0057  -0.1916   0.0079  -0.1829
  0.0913   0.0329  -0.0267  -0.1197   0.0002  -0.1552
  0.0728   0.0250   0.0038  -0.0822  -0.0161  -0.1551
  0.0997  -0.0150   0.0103  -0.1039  -0.0063  -0.1283
  0.0954   0.0054  -0.0238  -0.0848   0.0046  -0.1227
  0.1023  -0.0176   0.0051  -0.0812   0.0025  -0.1352
  0.1008  -0.0164  -0.0013  -0.1223  -0.0009  -0.1493
  0.0984  -0.0121  -0.0136  -0.0861   0.0063  -0.1290
  0.1011  -0.0481   0.0042  -0.0818   0.0054  -0.1481
  0.0947  -0.0034   0.0003  -0.1194   0.0018  -0.1404
  0.1027  -0.0463  -0.0068  -0.0666   0.0139  -0.1151
  0.1004  -0.0580   0.0050  -0.0665   0.0077  -0.1419
  0.1082  -0.0451  -0.0031  -0.1001   0.0074  -0.1481
  0.1064  -0.0519  -0.0058  -0.0722   0.0122  -0.1100
  0.1142  -0.0604   0.0019  -0.0721   0.0130  -0.1389
  0.1142  -0.0450   0.0027  -0.0954   0.0020  -0.1449
  0.1054  -0.0274  -0.0138  -0.0629   0.0190  -0.1198
  0.0894  -0.0658  -0.0086  -0.0461   0.0206  -0.1056
  0.1076  -0.1039   0.0144  -0.0432   0.0089  -0.1337
  0.1196  -0.0766   0.0088  -0.0768   0.0109  -0.1399
  0.1247  -0.0669  -0.0236  -0.0753  -0.0009  -0.1423
  0.1619  -0.0356  -0.0657  -0.1180   0.0139  -0.1799
  0.1724  -0.0535  -0.0656  -0.1428   0.0108  -0.1783
  0.1597  -0.0831  -0.0629  -0.0914   0.0192  -0.1488
  0.1677  -0.0999  -0.0501  -0.0788   0.0127  -0.1539
  0.1712  -0.0911  -0.0513  -0.1095   0.0067  -0.1636
  0.1680  -0.0938  -0.0602  -0.1079   0.0142  -0.1538
  0.1775  -0.1176  -0.0522  -0.0717   0.0234  -0.1368
  0.1701  -0.1489  -0.0283  -0.0567   0.0195  -0.1493
  0.1435  -0.1311  -0.0457  -0.0779   0.0252  -0.1382
  0.1596  -0.1485  -0.0380  -0.0456   0.0234  -0.1333
  0.1686  -0.1578  -0.0279  -0.0564   0.0154  -0.1608
  0.1683  -0.1590  -0.0240  -0.0781   0.0121  -0.1645
  0.1688  -0.1738  -0.0352  -0.0425   0.0308  -0.1345
  0.1390  -0.0743  -0.0166  -0.0753   0.0319  -0.1842
  0.0882   0.2878  -0.0948  -0.2157   0.0305  -0.1119
  0.1521  -0.0687  -0.0131  -0.1602   0.0109  -0.1895
  0.1441  -0.0710  -0.0300  -0.1441   0.0048  -0.1653
  0.1621  -0.0741  -0.0160  -0.1654   0.0089  -0.1971
  0.1588  -0.0491  -0.0250  -0.1729   0.0063  -0.2080
  0.1576  -0.0347  -0.0523  -0.1582   0.0141  -0.2011
  0.1557  -0.0790  -0.0232  -0.1020   0.0136  -0.2027
  0.1508  -0.0501  -0.0608  -0.1376   0.0081  -0.1783
  0.1503  -0.0699  -0.0530  -0.1158   0.0085  -0.1711
  0.1486  -0.0698  -0.0464  -0.1150   0.0107  -0.1697
  0.1558  -0.0872  -0.0338  -0.1569   0.0072  -0.1939
  0.1458  -0.0865  -0.0394  -0.1270   0.0113  -0.1896
  0.1527  -0.0920  -0.0468  -0.1056   0.0166  -0.1755
  0.1674  -0.1398  -0.0241  -0.0865   0.0181  -0.1845
  0.1707  -0.1226  -0.0175  -0.1210   0.0144  -0.2090
  0.0196   0.1206   0.0317  -0.0158   0.0157  -0.1866
  0.1160  -0.0538  -0.0305  -0.1964   0.0115  -0.2049
  0.1467  -0.1082   0.0124  -0.1546   0.0255  -0.2181
  0.1248  -0.0761   0.0257  -0.1893   0.0102  -0.2320
  0.1139  -0.1292   0.0365  -0.1839   0.0137  -0.2339
  0.1243  -0.1382   0.0381  -0.1534   0.0178  -0.2327
  0.1286  -0.1423   0.0368  -0.0969   0.0141  -0.2093
  0.1192  -0.1311   0.0379  -0.0985   0.0082  -0.2037
  0.1227  -0.1386   0.0525  -0.0837   0.0159  -0.1925
  0.1303   0.0125  -0.0023  -0.2160   0.0012  -0.2796
  0.1239  -0.0188   0.0125  -0.1761   0.0152  -0.2456
  0.1434  -0.0662  -0.0049  -0.1170   0.0251  -0.2195
  0.1549  -0.0955   0.0113  -0.0625   0.0235  -0.2053
  0.1609  -0.0679   0.0020  -0.1118   0.0043  -0.2206
  0.1562  -0.0524  -0.0020  -0.1307   0.0137  -0.2170
  0.1491  -0.0784   0.0094  -0.1121   0.0107  -0.2142
  0.1523  -0.1241   0.0157  -0.1155   0.0120  -0.2272
  0.1566  -0.1966   0.0429  -0.0692   0.0335  -0.1873
  0.1765  -0.1883   0.0258  -0.0895   0.0260  -0.2039
  0.1438  -0.1644   0.0339  -0.1371  -0.0060  -0.2137
  0.1686  -0.1856   0.0444  -0.1232   0.0132  -0.2325
  0.1581  -0.1967   0.0452  -0.0916   0.0170  -0.2128
  0.1867  -0.1878   0.0315  -0.1051   0.0281  -0.2157
  0.1598  -0.2130   0.0373  -0.0751   0.0277  -0.1922
  0.1851  -0.2233   0.0450  -0.0891   0.0428  -0.2244
  0.1971  -0.2633   0.0433  -0.0930   0.0321  -0.2190
  0.2189  -0.2629   0.0128  -0.0862   0.0451  -0.2204
  0.2304  -0.2671   0.0115  -0.1236   0.0413  -0.2450
  0.2195  -0.2387   0.0078  -0.0907   0.0389  -0.2270
  0.2115  -0.2414   0.0107  -0.0775   0.0397  -0.2273
  0.2269  -0.2583   0.0071  -0.1012   0.0314  -0.2258
  0.2237  -0.2739   0.0013  -0.0447   0.0477  -0.1978
  0.2267  -0.2716   0.0124  -0.0633   0.0379  -0.2253
  0.2266  -0.2721   0.0075  -0.0894   0.0363  -0.2166
  0.2336  -0.2978  -0.0047  -0.0407   0.0490  -0.2020
  0.2369  -0.3026   0.0088  -0.0680   0.0531  -0.2202
  0.2306  -0.3010   0.0272  -0.0772   0.0418  -0.2339
  0.2440  -0.3249   0.0068  -0.0900   0.0381  -0.2362
  0.2422  -0.3389   0.0073  -0.0332   0.0477  -0.2094
