  0.1135   0.1044  -0.0003  -0.1521   0.0765   0.0463
  0.1089   0.0870   0.0018  -0.1201   0.0872   0.0479
  0.1149   0.0913   0.0207  -0.1383   0.0878   0.1079
  0.1073   0.0992   0.0291  -0.1099   0.1195   0.0382
  0.1063   0.1106   0.0262  -0.1241   0.1023   0.0970
  0.0825   0.1489  -0.0133  -0.2014   0.0718   0.0598
  0.0677   0.1118  -0.0031  -0.0952   0.0579   0.1170
  0.0871   0.1268  -0.0206  -0.1575   0.0504   0.0628
  0.0736   0.1061   0.0223  -0.0849   0.0688   0.0647
  0.0894   0.1384  -0.0026  -0.1659   0.0563   0.0675
  0.0737   0.1130   0.0049  -0.1170   0.0483   0.1084
  0.0691   0.1323  -0.0048  -0.1453   0.0431   0.0636
  0.0502   0.1330  -0.0260  -0.1505   0.0174   0.1019
  0.0431   0.1310  -0.0520  -0.1677  -0.0117   0.1054
  0.0346   0.1368  -0.0693  -0.1790  -0.0188   0.0960
 -0.0015   0.1382  -0.0389  -0.1269  -0.0396   0.0168
 -0.0006   0.1792  -0.0279  -0.1691  -0.0342   0.0570
 -0.0019   0.1391  -0.0351  -0.1457  -0.0296   0.0372
  0.0156   0.1227  -0.0076  -0.2059   0.0277   0.0732
  0.0084   0.0871  -0.0195  -0.1429  -0.0124   0.0835
  0.0089   0.1085  -0.0243  -0.1907   0.0017   0.0598
 -0.0010   0.0949  -0.0199  -0.1696  -0.0350   0.0399
 -0.0016   0.0782  -0.0283  -0.1751  -0.0120   0.0825
  0.0029   0.0742  -0.0149  -0.1558  -0.0281   0.0870
 -0.0057   0.0784  -0.0249  -0.1627  -0.0197   0.0834
 -0.0111   0.1071  -0.0212  -0.1866  -0.0366   0.0801
 -0.0181   0.0764  -0.0213  -0.1585  -0.0373   0.0832
 -0.0104   0.1114  -0.0123  -0.2138  -0.0234   0.0906
 -0.0197   0.0850  -0.0087  -0.1649  -0.0421   0.0599
 -0.0278   0.1275  -0.0221  -0.2129  -0.0413   0.0549
 -0.0238   0.1367   0.0049  -0.1836  -0.0344   0.0693
 -0.0186   0.1383  -0.0075  -0.1613  -0.0213   0.0637
 -0.0193   0.1766  -0.0103  -0.2124  -0.0091   0.0764
 -0.0228   0.1689   0.0249  -0.1979  -0.0143   0.0749
 -0.0057   0.2153   0.0014  -0.2429  -0.0114  -0.0331
 -0.0215   0.1810   0.0063  -0.2235  -0.0215   0.0171
 -0.0068   0.1957  -0.0025  -0.2530  -0.0053   0.0209
 -0.0084   0.1879   0.0078  -0.2342  -0.0122   0.0577
 -0.0013   0.2032   0.0046  -0.2274  -0.0080   0.0287
 -0.0086   0.1991   0.0171  -0.2269  -0.0223   0.1046
  0.0020   0.1711   0.0035  -0.2318  -0.0186   0.0739
 -0.0210   0.1708   0.0019  -0.2116  -0.0380   0.0844
 -0.0188   0.2022  -0.0136  -0.2310  -0.0423   0.0469
 -0.0467   0.2214  -0.0085  -0.2618  -0.0705   0.0473
 -0.0447   0.1896  -0.0089  -0.2373  -0.0585  -0.0211
 -0.0354   0.2146  -0.0130  -0.2669  -0.0420   0.0036
 -0.0436   0.2002  -0.0051  -0.2148  -0.0633  -0.0101
 -0.0423   0.2815  -0.0286  -0.2961  -0.0607  -0.0263
 -0.0324   0.2384  -0.0106  -0.2475  -0.0642   0.0164
 -0.0299   0.2425  -0.0262  -0.2465  -0.0639   0.0092
 -0.0256   0.2548  -0.0237  -0.2811  -0.0711   0.0269
 -0.0305   0.1906  -0.0250  -0.1970  -0.0781   0.0235
 -0.0311   0.2467  -0.0150  -0.2938  -0.0776   0.0612
 -0.0500   0.2510  -0.0260  -0.2437  -0.1019  -0.0011
 -0.0336   0.2642  -0.0217  -0.2799  -0.0927   0.0093
 -0.0408   0.2077   0.0114  -0.1557  -0.0798   0.0837
 -0.0381   0.2683  -0.0076  -0.2288  -0.0820   0.0481
 -0.0431   0.2759   0.0067  -0.2284  -0.0961   0.0641
 -0.0501   0.2627  -0.0072  -0.2263  -0.0999  -0.0058
 -0.0594   0.2876  -0.0134  -0.2840  -0.1080   0.0289
 -0.0571   0.2676  -0.0002  -0.2311  -0.1184  -0.0091
 -0.0518   0.2853  -0.0050  -0.2838  -0.1071  -0.0118
 -0.0420   0.2320   0.0121  -0.1874  -0.0961   0.0096
 -0.0270   0.2480  -0.0133  -0.2465  -0.0901  -0.0162
 -0.0773   0.2471  -0.0139  -0.2461  -0.1384   0.0758
 -0.0683   0.2772  -0.0119  -0.2775  -0.1106   0.0339
 -0.0676   0.2817  -0.0034  -0.2618  -0.1254  -0.1034
 -0.0581   0.2749  -0.0092  -0.2599  -0.1063  -0.0866
 -0.0633   0.2520   0.0173  -0.2095  -0.1041   0.0278
 -0.0391   0.2681   0.0152  -0.1920  -0.0567   0.0268
 -0.0586   0.2722   0.0300  -0.1330  -0.0696   0.0296
 -0.0547   0.2741   0.0017  -0.1823  -0.0754  -0.0343
 -0.0520   0.3229   0.0068  -0.2448  -0.0732   0.0123
 -0.0574   0.3093   0.0218  -0.2009  -0.0896  -0.0336
 -0.0466   0.3420  -0.0014  -0.2565  -0.0867  -0.0029
 -0.0468   0.3188   0.0119  -0.2372  -0.0888   0.0015
 -0.0429   0.3238  -0.0112  -0.2525  -0.0815  -0.0049
 -0.0504   0.3272  -0.0069  -0.2655  -0.0933   0.0266
 -0.0702   0.3332  -0.0282  -0.2662  -0.1157  -0.0081
 -0.0847   0.3934  -0.0247  -0.3220  -0.1485  -0.0030
 -0.0818   0.3697  -0.0205  -0.2750  -0.1444  -0.1856
 -0.0500   0.3665  -0.0098  -0.3107  -0.0991  -0.0874
 -0.0399   0.3121  -0.0086  -0.2390  -0.0984  -0.0859
 -0.0495   0.3206  -0.0058  -0.2555  -0.1147  -0.0354
 -0.0715   0.3098   0.0038  -0.2134  -0.1248  -0.0366
 -0.0660   0.3218   0.0097  -0.2336  -0.1134  -0.0562
 -0.0731   0.3070  -0.0084  -0.2058  -0.1268  -0.0397
 -0.0632   0.3600  -0.0018  -0.2587  -0.1324  -0.0292
 -0.0726   0.3473   0.0686  -0.0350  -0.0811   0.0020
 -0.0931   0.5216   0.0642  -0.1957  -0.1166  -0.0589
 -0.1009   0.5210   0.0570  -0.2282  -0.1334  -0.0821
 -0.0953   0.5606   0.0466  -0.2748  -0.1382  -0.1338
 -0.0997   0.5309   0.0773  -0.2402  -0.1271  -0.1071
 -0.1097   0.6378   0.0546  -0.2941  -0.1360  -0.1578
 -0.1053   0.6791   0.0783  -0.2803  -0.1394  -0.1398
 -0.0221   0.4827   0.0916  -0.1876  -0.0748  -0.0643
  0.0449   0.0955   0.0733  -0.0426  -0.0215   0.0278
  0.0230   0.2220   0.0621  -0.0482  -0.0383  -0.0554
  0.0157   0.2887   0.0840  -0.0785  -0.0365  -0.0184
 -0.0072   0.3130   0.0747  -0.1009  -0.0447  -0.0375
 -0.0480   0.4035   0.1068  -0.1281  -0.0651  -0.0880
 -0.0483   0.4373   0.0893  -0.1633  -0.0642  -0.0973
 -0.0482   0.3979   0.1000  -0.1155  -0.0667  -0.0944
 -0.0490   0.3605   0.0745  -0.1199  -0.0704  -0.1091
 -0.0401   0.3269   0.0634  -0.1041  -0.0881  -0.0835
 -0.0663   0.3196   0.0530  -0.0808  -0.0777  -0.0857
 -0.0188   0.2406   0.1361   0.0166   0.0074   0.0039
 -0.0372   0.2888   0.1051  -0.0698   0.0044  -0.1194
 -0.0386   0.2913   0.1211   0.0358   0.0078  -0.0420
 -0.0419   0.3116   0.0983  -0.0629   0.0108  -0.0758
 -0.0267   0.2925   0.1267   0.0183   0.0249  -0.0388
 -0.0088   0.2731   0.1422  -0.0489   0.0606  -0.0798
  0.0009   0.2201   0.1438  -0.0070   0.0576  -0.0534
  0.0177   0.1802   0.1300  -0.0223   0.0754   0.0050
  0.0161   0.1463   0.0967   0.0622   0.0345   0.0142
  0.0467  -0.0539  -0.0032   0.0914   0.0395   0.0544
  0.0451  -0.1184   0.0081   0.1875   0.0303   0.0405
  0.0439  -0.2030  -0.0523   0.1255   0.0579  -0.0055
  0.0382  -0.3327  -0.0710   0.2199   0.0197   0.0557
  0.0223  -0.2624  -0.0517   0.1785   0.0253   0.0371
  0.0149  -0.1284   0.0110   0.1795   0.0333  -0.0382
 -0.0242   0.0006   0.0112   0.1239   0.0157  -0.0281
 -0.0279   0.0803   0.0341   0.0753   0.0083  -0.0526
 -0.0345   0.0712   0.0297   0.0872   0.0116  -0.0965
 -0.0214   0.0844   0.0386   0.0204   0.0504  -0.0555
 -0.0189   0.1079   0.0488   0.0775   0.0332  -0.0651
 -0.0325   0.1121   0.0268   0.0270   0.0194  -0.0582
 -0.0355   0.1555   0.0439   0.0449   0.0055  -0.0488
 -0.0425   0.1457   0.0360   0.0590  -0.0048  -0.0828
 -0.0489   0.1916   0.0508   0.0247  -0.0131  -0.0758
 -0.0466   0.1611   0.0495   0.0740  -0.0067  -0.0911
 -0.0337   0.1952   0.0450   0.0114   0.0045  -0.0606
 -0.0229   0.1507   0.0385   0.0672   0.0035  -0.0497
 -0.0121   0.1333   0.0296   0.0388   0.0137  -0.0248
 -0.0294   0.1196   0.0346   0.0707  -0.0100   0.0289
 -0.0415   0.1524   0.0331   0.0479  -0.0230  -0.0370
 -0.0398   0.1909   0.0585   0.0431  -0.0182  -0.0571
 -0.0430   0.1663   0.0556   0.0509  -0.0119  -0.0794
 -0.0219   0.1647   0.0617   0.0004   0.0074  -0.0218
 -0.0228   0.1214   0.0411   0.0408   0.0049  -0.0704
 -0.0429   0.1700   0.0479  -0.0163  -0.0144  -0.0468
 -0.0349   0.1593   0.0547   0.0428  -0.0079  -0.0602
  0.0014   0.1066   0.0725   0.0191   0.0275  -0.0551
 -0.0229   0.0930   0.0663   0.0702  -0.0070  -0.0379
 -0.0315   0.1357   0.0549   0.0545  -0.0004  -0.0360
 -0.0276   0.1286   0.0565   0.0363  -0.0033  -0.0548
  0.0192   0.0480   0.0429   0.2412   0.0352   0.0286
 -0.0528   0.1074   0.0475   0.0616  -0.0175  -0.0651
 -0.0418   0.0831   0.0590   0.0790  -0.0023   0.0529
 -0.0442   0.1154   0.0318   0.0101  -0.0126  -0.0739
 -0.0507   0.1395   0.0323   0.0416  -0.0336  -0.0717
 -0.0473   0.1450   0.0351   0.0203  -0.0224  -0.0405
 -0.0399   0.1834   0.0395  -0.0034  -0.0324  -0.0474
 -0.0233   0.1503   0.0444   0.0271  -0.0180  -0.0515
 -0.0232   0.1169   0.0395   0.0485  -0.0124  -0.0405
 -0.0057   0.0250   0.0342   0.0989  -0.0115  -0.0282
 -0.0077   0.0453   0.0323   0.0549  -0.0134   0.0029
  0.0208  -0.0272   0.0342   0.0920   0.0256  -0.0431
  0.0088  -0.0328   0.0452   0.0834   0.0054  -0.0020
  0.0090  -0.0904   0.0204   0.1172   0.0202  -0.0316
  0.0144  -0.0983   0.0388   0.1028   0.0251   0.0102
  0.0188  -0.1354   0.0347   0.1673   0.0253  -0.0065
  0.0279  -0.1296   0.0429   0.1326   0.0579   0.0041
  0.0256  -0.2338   0.0116   0.2051   0.0461   0.0077
  0.0226  -0.2415   0.0005   0.1544   0.0485   0.0307
  0.0224  -0.2708  -0.0041   0.1582   0.0499  -0.0030
  0.0111  -0.4700  -0.0944   0.2145   0.0484   0.0559
 -0.0030  -0.4892  -0.1018   0.1922   0.0183   0.0536
 -0.0026  -0.4699  -0.0904   0.2746   0.0140   0.0354
 -0.0067  -0.2828  -0.0389   0.1457   0.0270   0.0155
 -0.0161  -0.1536   0.0061   0.1896   0.0299  -0.0561
 -0.0158  -0.1156  -0.0019   0.0749   0.0354  -0.0965
 -0.0153  -0.0990   0.0137   0.1301   0.0297  -0.0457
 -0.0243  -0.0959   0.0007   0.1200   0.0124  -0.0592
 -0.0330  -0.0302   0.0003   0.1009  -0.0038  -0.0352
 -0.0419  -0.0545   0.0090   0.1499  -0.0229  -0.0405
 -0.0391  -0.0236  -0.0012   0.0845  -0.0213  -0.0767
 -0.0294  -0.0086   0.0135   0.1147  -0.0124  -0.0673
 -0.0185  -0.0468  -0.0102   0.0837  -0.0136  -0.1030
 -0.0116  -0.0955  -0.0081   0.1479  -0.0177  -0.0101
 -0.0254  -0.0756  -0.0146   0.1192  -0.0320   0.0082
 -0.0310  -0.0509   0.0027   0.1109  -0.0305  -0.0370
  0.0020  -0.1513  -0.0350   0.1042  -0.0066  -0.0067
  0.0181  -0.2685  -0.0650   0.1707  -0.0200   0.0141
 -0.0061  -0.3394  -0.0938   0.2121  -0.0295   0.0372
  0.0158  -0.4498  -0.0766   0.2449  -0.0041   0.0605
 -0.0064  -0.3490  -0.0601   0.2416  -0.0233  -0.0164
 -0.0013  -0.2990  -0.0554   0.1852  -0.0227   0.0486
 -0.0138  -0.4078  -0.0885   0.2870  -0.0507   0.0097
 -0.0068  -0.3611  -0.0777   0.2073  -0.0357   0.0194
 -0.0178  -0.3215  -0.0545   0.2453  -0.0416  -0.0231
  0.0070  -0.2747  -0.0132   0.1679   0.0121  -0.0117
 -0.0044  -0.0868   0.0302   0.1852   0.0001  -0.0427
 -0.0066  -0.1141  -0.0027   0.1238   0.0095  -0.0635
  0.0021  -0.1125   0.0108   0.1539   0.0122  -0.0165
  0.0402  -0.2595  -0.0075   0.1783   0.0444  -0.0099
  0.1100  -0.5412  -0.0221   0.2694   0.1317   0.0933
  0.1058  -0.5877  -0.0427   0.2866   0.1415   0.0982
  0.0523  -0.3645  -0.0079   0.2768   0.0631   0.0247
  0.0385  -0.3041  -0.0357   0.2318   0.0468  -0.0174
  0.0870  -0.3723  -0.0023   0.2259   0.1054   0.0370
  0.0945  -0.5882  -0.0608   0.2802   0.1263   0.0704
  0.1013  -0.6635  -0.0783   0.2711   0.1334   0.1154
  0.1113  -0.7221  -0.0580   0.3382   0.1416   0.0804
  0.0412  -0.4241  -0.0251   0.2720   0.0694  -0.0185
  0.0309  -0.3562  -0.0134   0.2183   0.0648  -0.0520
  0.0208  -0.2085   0.0094   0.1476   0.0536  -0.0787
  0.0008  -0.1692   0.0130   0.1789   0.0304  -0.0855
  0.0009  -0.1161   0.0071   0.1274   0.0272  -0.0885
  0.0189  -0.1719   0.0152   0.1767   0.0511  -0.0438
  0.0674  -0.3559  -0.0245   0.2035   0.0852   0.0452
  0.0977  -0.6112  -0.0781   0.3221   0.1067   0.0812
  0.1262  -0.7296  -0.0641   0.3317   0.1346   0.1375
  0.1205  -0.8219  -0.0796   0.3502   0.1190   0.1359
  0.1519  -0.8682  -0.1008   0.3661   0.1718   0.1867
  0.1296  -0.7856  -0.0905   0.3727   0.1393   0.0931
  0.0729  -0.5849  -0.0861   0.2890   0.1062   0.0292
  0.0636  -0.4594  -0.0758   0.2718   0.0647  -0.0112
  0.0470  -0.4702  -0.0826   0.2645   0.0727  -0.0576
  0.0699  -0.4321  -0.0452   0.2302   0.1061  -0.0080
  0.0933  -0.7223  -0.1222   0.3190   0.1377   0.1107
  0.0775  -0.7052  -0.0748   0.3281   0.1231   0.1049
  0.0441  -0.4790  -0.0144   0.3154   0.1100   0.0429
  0.0675  -0.5146  -0.0228   0.2251   0.1418   0.0441
  0.0511  -0.4320  -0.0130   0.2372   0.1145   0.0468
  0.0604  -0.4498  -0.0184   0.2376   0.1318  -0.0100
  0.0676  -0.3846  -0.0078   0.2011   0.1315   0.0118
  0.0518  -0.3929  -0.0059   0.2272   0.1135   0.0218
  0.0425  -0.2732   0.0082   0.1497   0.1131  -0.0223
  0.0348  -0.2357   0.0129   0.1768   0.0984  -0.0112
  0.0322  -0.1853   0.0069   0.1342   0.0859  -0.0399
  0.0371  -0.1653   0.0042   0.1634   0.0759  -0.0625
  0.0439  -0.2214  -0.0140   0.1557   0.0712   0.0245
  0.0573  -0.2588  -0.0187   0.1631   0.0783   0.0109
  0.0719  -0.3863  -0.0528   0.2181   0.0769   0.0610
  0.0958  -0.6328  -0.0772   0.2860   0.0825   0.1177
  0.1117  -0.7210  -0.0848   0.3232   0.0977   0.1128
  0.1130  -0.7332  -0.0926   0.3366   0.1144   0.1232
  0.0445  -0.5080  -0.2261   0.1409   0.0219   0.0488
  0.0454  -0.4725  -0.0714   0.1737   0.0787   0.0057
  0.0363  -0.3745  -0.0771   0.1596   0.0554  -0.0242
  0.0458  -0.4008  -0.0810   0.1694   0.0587  -0.0234
  0.0461  -0.3493  -0.0737   0.1229   0.0545  -0.0094
  0.0399  -0.4020  -0.0614   0.1875   0.0612  -0.0088
  0.0270  -0.3422  -0.0600   0.1305   0.0448   0.0207
  0.0341  -0.3321  -0.0584   0.1763   0.0554  -0.0336
  0.0341  -0.2929  -0.0571   0.1435   0.0521  -0.0409
  0.0320  -0.2729  -0.0590   0.1447   0.0476  -0.0367
  0.0500  -0.3336  -0.0630   0.1826   0.0681  -0.0297
  0.0736  -0.4624  -0.0824   0.2140   0.0735   0.0257
