  0.0699  -0.2582   0.0640  -0.2447   0.1075   0.3652
  0.1198  -0.2643   0.0426  -0.1463   0.1029   0.3011
  0.1352  -0.2883   0.0287  -0.1428   0.1115   0.2638
  0.1519  -0.2611   0.0227  -0.1491   0.0985   0.2556
  0.1556  -0.2562   0.0187  -0.0904   0.1185   0.2358
  0.1649  -0.2894   0.0215  -0.0868   0.1262   0.2416
  0.1666  -0.2817   0.0568  -0.0712   0.1194   0.2370
  0.1631  -0.2787   0.0185  -0.0688   0.0741   0.2291
  0.1611  -0.2824   0.0368  -0.0409   0.1158   0.2079
  0.1592  -0.2926   0.0410  -0.0615   0.0872   0.2213
  0.1630  -0.2806   0.0349  -0.0926   0.1229   0.2390
  0.1658  -0.3038   0.0715  -0.0354   0.1140   0.2162
  0.1540  -0.3215   0.0525  -0.0419   0.0877   0.2270
  0.1663  -0.3095   0.1136   0.0062   0.0949   0.2029
  0.1658  -0.2963   0.1368  -0.0507   0.1056   0.2162
  0.1699  -0.2656   0.1141  -0.0452   0.1189   0.1987
  0.1405  -0.2666   0.1135  -0.0313   0.1042   0.2000
  0.1395  -0.2177   0.0827  -0.0344   0.0785   0.1703
  0.1377  -0.2591   0.0749   0.0250   0.0442   0.1489
  0.1204  -0.1925   0.1094  -0.0378   0.0188   0.1558
  0.1160  -0.1727   0.1149  -0.0607   0.0555   0.1551
  0.0981  -0.1455   0.1072   0.0241   0.0749   0.1041
  0.0907  -0.1516   0.1011   0.0002   0.0843   0.1087
  0.1030  -0.1410   0.0527  -0.1012   0.0622   0.1529
  0.0999  -0.1209   0.0542  -0.0722   0.0803   0.1220
  0.0906  -0.1068   0.0714   0.0379   0.0869   0.0628
  0.0883  -0.1276   0.0736   0.0469   0.0736   0.0693
  0.0779  -0.1248   0.0786   0.0018   0.0841   0.0793
  0.1129  -0.1034   0.0513  -0.0636   0.0142   0.1126
  0.0734  -0.0895   0.0479  -0.0438   0.0490   0.1123
  0.0833  -0.1227   0.0432  -0.0616   0.0675   0.1183
  0.0957  -0.1243   0.0488  -0.0731   0.0681   0.1140
  0.1011  -0.1491   0.0332  -0.1070   0.0779   0.1356
  0.1004  -0.1311   0.0484  -0.0785   0.0737   0.1269
  0.0979  -0.1386   0.0317  -0.0089   0.0836   0.1059
  0.0868  -0.1517   0.0487   0.1070   0.0993   0.0271
  0.1033  -0.1515   0.0607   0.0956   0.0875   0.0348
  0.1066  -0.1310   0.0542  -0.0187   0.1022   0.0927
  0.1166  -0.1020   0.0452  -0.0604   0.0636   0.1012
  0.0735  -0.0682   0.0425  -0.0748   0.0969   0.0938
  0.0337  -0.0219   0.0479   0.0641   0.0921   0.0373
  0.0701  -0.0536   0.0987   0.0410   0.1239   0.0761
  0.0455  -0.0899   0.0951   0.0122   0.0808   0.0853
  0.0281  -0.1208   0.0784   0.0567   0.0856   0.0752
  0.0360  -0.1194   0.0723   0.0502   0.0779   0.0868
  0.0226  -0.0799   0.0671   0.0346   0.0794   0.0765
  0.0180  -0.0899   0.0761   0.0643   0.0934   0.0618
  0.0042  -0.1075   0.0462   0.0586   0.0619   0.0644
 -0.0277  -0.1006   0.0614   0.0991   0.0764   0.0714
 -0.0368  -0.0457   0.0528   0.0546   0.0722   0.0442
 -0.0265  -0.0834   0.0780   0.0585   0.0871   0.0499
 -0.0310  -0.0695   0.1689  -0.0256   0.1768   0.0865
 -0.0096  -0.0871   0.1791   0.0054   0.1584   0.0865
  0.0065  -0.0918   0.1507  -0.0097   0.1452   0.1016
 -0.0345  -0.1587   0.1513   0.1954   0.1582   0.0218
 -0.0078  -0.1374   0.0952   0.0301   0.0743   0.0864
  0.0181  -0.0599   0.0414   0.1002   0.0069   0.0218
 -0.0211  -0.1469   0.0450   0.3126  -0.0051  -0.0273
  0.0302  -0.0894   0.0435   0.1820  -0.0186  -0.0211
 -0.0012  -0.0680   0.0521   0.3208  -0.0343  -0.0976
 -0.0193  -0.1118   0.0340   0.4008  -0.0505  -0.0971
 -0.0008  -0.0990   0.0477   0.3273  -0.0515  -0.0793
 -0.0539  -0.2276   0.0997   0.5711  -0.0755  -0.1019
 -0.0354  -0.2120   0.1151   0.5273  -0.0908  -0.1153
  0.0089  -0.1859   0.0853   0.2352  -0.0379   0.0235
 -0.0134  -0.1274   0.0514   0.2027  -0.0488   0.0107
 -0.0100  -0.1842   0.0148   0.2803  -0.0716  -0.0151
  0.0333  -0.1301   0.0465   0.1860  -0.1213  -0.0239
 -0.0067  -0.1826   0.0024   0.0301  -0.0729   0.0612
 -0.0015  -0.1926   0.0082   0.0600  -0.0872   0.0712
 -0.0013  -0.1703   0.0011   0.0014  -0.0891   0.0917
 -0.0124  -0.1421   0.0058   0.0309  -0.0711   0.0699
 -0.0262  -0.1017   0.0195   0.1786  -0.0706  -0.0209
 -0.0682  -0.2248  -0.0471   0.4789  -0.0980  -0.1035
  0.0146  -0.1552  -0.0107   0.0851  -0.0639   0.0290
  0.0147  -0.1674  -0.0352  -0.0410  -0.1161   0.0942
  0.0691  -0.1220  -0.0243  -0.3926  -0.0822   0.2502
  0.0663  -0.0031  -0.0238  -0.6078  -0.0847   0.2893
  0.0428   0.0026  -0.0288  -0.5718  -0.0513   0.2706
  0.0311   0.0286  -0.0322  -0.5960  -0.0599   0.2784
 -0.0343  -0.0014  -0.0343  -0.2811  -0.1547   0.1236
 -0.0160  -0.0331   0.0591   0.0355  -0.0806  -0.0044
  0.0113  -0.1428   0.0412   0.0253  -0.0824   0.0388
  0.0306  -0.1104   0.0246  -0.1802  -0.0834   0.1167
  0.0390  -0.0877   0.0336  -0.1654  -0.0689   0.1185
  0.0196   0.0955   0.0030  -0.1808  -0.0398   0.0371
  0.0140   0.0977  -0.0010  -0.1999  -0.0481   0.0193
  0.0226   0.1089  -0.0058  -0.2405  -0.0449   0.0450
 -0.0024   0.0971  -0.0060  -0.2231  -0.0426   0.0278
  0.0029   0.1122  -0.0151  -0.2022  -0.0455   0.0201
  0.0060   0.0834  -0.0157  -0.1964  -0.0524   0.0333
 -0.0029   0.1253  -0.0168  -0.2157  -0.0312   0.0151
 -0.0019   0.1355  -0.0304  -0.2103  -0.0386   0.0149
 -0.0116   0.1189  -0.0191  -0.2275  -0.0245   0.0250
 -0.0047   0.0884  -0.0507  -0.2372  -0.0552   0.0269
 -0.0053   0.0865  -0.0652  -0.2297  -0.0474   0.0308
  0.0048   0.0709  -0.0406  -0.1855  -0.0240   0.0309
  0.0082   0.0583  -0.0137  -0.1193  -0.0551  -0.0140
 -0.0083   0.0578  -0.0288  -0.0816  -0.0332  -0.0327
 -0.0006   0.0640  -0.0074  -0.1791  -0.0209   0.0131
  0.0012   0.0830  -0.0359  -0.1790  -0.0366   0.0095
  0.0111   0.0799  -0.0431  -0.1821  -0.0447   0.0162
  0.0414   0.0548  -0.0951  -0.1616  -0.0645   0.0206
  0.0332   0.0494  -0.0008  -0.0499  -0.0222  -0.0316
  0.0326   0.0197   0.0061  -0.0599  -0.0304  -0.0304
  0.0399   0.0248   0.0087  -0.0738  -0.0034  -0.0181
  0.0213   0.0265   0.0032  -0.0811  -0.0159  -0.0173
  0.0092   0.0237   0.0001  -0.0921  -0.0434  -0.0195
  0.0055   0.0461  -0.0009  -0.0434  -0.0483  -0.0309
  0.0023  -0.0798   0.0293   0.1351  -0.0259  -0.0799
 -0.0090   0.0005   0.0230  -0.0342  -0.0079  -0.0325
 -0.0153   0.0202   0.0211  -0.0192  -0.0042  -0.0371
 -0.0077   0.0321  -0.0023  -0.0317  -0.0082  -0.0335
 -0.0061   0.0355  -0.0010   0.0038  -0.0086  -0.0572
 -0.0081   0.0333  -0.0209  -0.1619  -0.0205   0.0234
 -0.0017   0.0589  -0.0315  -0.2231  -0.0240   0.0581
  0.0013   0.0785  -0.0327  -0.1969  -0.0129   0.0366
  0.0067   0.0561  -0.0454  -0.1922  -0.0103   0.0302
  0.0082   0.0688  -0.0357  -0.1927  -0.0302   0.0333
  0.0159   0.0641  -0.0565  -0.2181  -0.0209   0.0449
  0.0179   0.0787  -0.0559  -0.1961  -0.0380   0.0179
  0.0123   0.0510  -0.0402  -0.1002  -0.0040   0.0019
 -0.0080   0.0488  -0.0625  -0.1462  -0.0235   0.0027
  0.0140   0.0998  -0.0928  -0.2272  -0.0649   0.0078
  0.0158   0.0918  -0.1041  -0.2077  -0.0610   0.0072
  0.0179   0.0994  -0.0744  -0.1884  -0.0236   0.0019
  0.0400   0.0770  -0.0615  -0.1143  -0.0377  -0.0244
  0.0280   0.0882  -0.0637  -0.1781  -0.0330  -0.0199
  0.0113   0.1156  -0.0788  -0.2022  -0.0270  -0.0074
  0.0395   0.1586  -0.0628  -0.2144  -0.0478  -0.0300
  0.0193   0.1688  -0.0596  -0.2216  -0.0204  -0.0209
 -0.0200   0.1626   0.0066  -0.0769  -0.0425  -0.0882
 -0.0425   0.0669   0.0616   0.2106   0.0002  -0.1504
 -0.1312   0.0350   0.1963   0.5354   0.0438  -0.2301
 -0.0841   0.0964   0.0831   0.2045  -0.0046  -0.1698
 -0.0784   0.1427   0.0596   0.1332  -0.0007  -0.1644
 -0.0714   0.1177   0.0548   0.1095   0.0173  -0.1396
 -0.0666   0.1600   0.0037   0.0074  -0.0018  -0.1056
 -0.0601   0.1509  -0.0358  -0.0497  -0.0161  -0.0727
 -0.0727   0.1554  -0.0564  -0.0211  -0.0213  -0.0909
 -0.0629   0.1591  -0.0736   0.2747  -0.0444  -0.2295
 -0.1057   0.1479  -0.1064   0.4747  -0.0688  -0.2881
 -0.1018   0.1221  -0.0583   0.2293  -0.0588  -0.1996
 -0.1498   0.1887  -0.1120   0.1957  -0.0638  -0.1838
 -0.1390   0.2083  -0.1027   0.1455  -0.0507  -0.1603
 -0.1402   0.2350  -0.0889   0.1676  -0.0355  -0.1988
 -0.1199   0.2605  -0.1115   0.0572  -0.0547  -0.1851
 -0.0886   0.2722  -0.1140   0.0388  -0.0231  -0.1836
 -0.0900   0.2580  -0.0854   0.1252  -0.0006  -0.2253
 -0.1107   0.2208  -0.0935   0.1179  -0.0401  -0.2007
 -0.1208   0.2127  -0.1119   0.0127  -0.0103  -0.1430
 -0.1153   0.2546  -0.1350   0.0513  -0.0128  -0.1870
 -0.1143   0.2375  -0.1421   0.0701  -0.0202  -0.1742
 -0.1056   0.2052  -0.1496   0.0520  -0.0315  -0.1511
 -0.1389   0.2182  -0.1581   0.1943  -0.0382  -0.1803
 -0.1637   0.1988  -0.1881   0.2056  -0.0435  -0.1640
 -0.1194   0.2142  -0.1725  -0.0331  -0.0652  -0.1171
 -0.2000   0.2265   0.0087   0.0838   0.0762  -0.1409
 -0.1484   0.1666  -0.0135   0.1377   0.0611  -0.1469
 -0.1265   0.1844  -0.1473   0.1060  -0.0413  -0.1537
 -0.1019   0.2129  -0.1349   0.0769  -0.0014  -0.1637
 -0.1203   0.2053  -0.1142   0.0201  -0.0286  -0.1476
 -0.1174   0.1984  -0.0866   0.0521  -0.0411  -0.1564
 -0.1076   0.2163  -0.0508   0.0281   0.0001  -0.1547
 -0.0933   0.2391  -0.0512   0.0034  -0.0293  -0.1745
 -0.0912   0.1888  -0.0584   0.0372  -0.0022  -0.1578
 -0.1062   0.1831  -0.0514   0.0828   0.0110  -0.1834
 -0.1117   0.2110  -0.0447  -0.0054  -0.0947  -0.1667
 -0.1209   0.2273  -0.0088   0.0020  -0.0593  -0.1763
 -0.1416   0.2192  -0.0656   0.0355  -0.0016  -0.1955
 -0.1664   0.2438  -0.0721   0.1694  -0.0624  -0.2385
 -0.1762   0.2418  -0.0534   0.1277  -0.0883  -0.2126
 -0.1180   0.2399  -0.0504   0.1313  -0.0860  -0.2228
 -0.0821   0.1998  -0.0530   0.1572  -0.0543  -0.2151
 -0.1006   0.2222  -0.0740   0.3373  -0.0515  -0.2858
 -0.1304   0.2535  -0.1119   0.4231  -0.0762  -0.3413
 -0.1258   0.3264  -0.1235   0.2344  -0.0859  -0.3037
 -0.1470   0.2541  -0.1205   0.4148  -0.1111  -0.3661
 -0.1881   0.2300  -0.1004   0.3698  -0.1164  -0.3109
 -0.1408   0.2656  -0.1382   0.0944  -0.1401  -0.2379
