 -0.1848  -0.0157  -0.0113   0.0775  -0.0933  -0.0181
 -0.1448  -0.0938  -0.0081   0.1386  -0.0522   0.0200
 -0.1739  -0.0270   0.0047   0.0923  -0.0763   0.0210
 -0.1134   0.1664   0.0775  -0.0875  -0.0673  -0.0143
 -0.1595   0.2630   0.0232   0.0388  -0.0962  -0.0450
 -0.1635   0.2459   0.0098   0.0093  -0.0655  -0.1044
 -0.1551   0.2256   0.0253   0.0214  -0.0672  -0.0732
 -0.1322   0.1126   0.0430   0.1252  -0.0630  -0.0351
 -0.1378   0.0361   0.0337   0.0685  -0.1016  -0.0691
 -0.1708   0.0970   0.0577   0.2623  -0.1201  -0.0190
 -0.1510   0.0421   0.0236   0.2271  -0.1168  -0.0585
 -0.1200   0.0285   0.0603   0.1620  -0.1021  -0.0178
 -0.1266  -0.0559   0.0903   0.2063  -0.0815  -0.0337
 -0.1317  -0.0621   0.0651   0.1338  -0.0821  -0.0626
 -0.1380  -0.0604   0.0872   0.1456  -0.0978  -0.0552
 -0.1390  -0.0741   0.0712   0.2144  -0.1008  -0.0565
 -0.1755  -0.1581   0.0881   0.0828  -0.1069  -0.0884
 -0.1044  -0.2197   0.0311   0.0485  -0.0870  -0.0691
 -0.0997  -0.1961   0.0314   0.1127  -0.0972  -0.0570
 -0.0883  -0.2026   0.0171   0.1260  -0.0956  -0.0522
 -0.0825  -0.1641  -0.0025   0.0641  -0.0848  -0.1042
 -0.0964  -0.0912   0.0065   0.0604  -0.0958  -0.0874
 -0.0804  -0.1141   0.0086   0.0969  -0.0903  -0.0705
 -0.0879  -0.1438   0.0097   0.1437  -0.0862  -0.0828
 -0.1112  -0.4554  -0.0234   0.0633  -0.0736  -0.0850
 -0.0867  -0.3026  -0.0016   0.0613  -0.0700  -0.0205
 -0.0731  -0.1953   0.0194   0.1158  -0.0651  -0.0804
 -0.0888  -0.0618  -0.0049   0.1038  -0.0768  -0.0743
 -0.0949   0.0162   0.0109   0.1814  -0.0756  -0.0765
 -0.0885   0.1408  -0.0006   0.1423  -0.0749  -0.1331
 -0.0874   0.1827   0.0027   0.1590  -0.0801  -0.1202
 -0.0570   0.0541  -0.0100   0.2113  -0.0777  -0.0657
 -0.0390  -0.0038   0.0480   0.1356  -0.0490  -0.1209
 -0.1144  -0.0205   0.0918   0.1484  -0.0871  -0.1101
 -0.0562  -0.0122   0.0050   0.2108  -0.0773  -0.0705
 -0.0577  -0.0121   0.0107   0.2018  -0.0736  -0.0736
 -0.0479   0.0492   0.0109   0.1254  -0.0641  -0.1165
 -0.0279   0.0999   0.0204   0.1568  -0.0616  -0.1003
 -0.0409   0.0954   0.0201   0.2138  -0.0559  -0.1107
 -0.0351   0.1444   0.0140   0.1353  -0.0530  -0.1121
 -0.0161   0.0457   0.0377   0.2223  -0.0537  -0.0739
 -0.0020  -0.2294   0.0854  -0.0579  -0.0049  -0.0018
 -0.0108  -0.1441   0.1105  -0.0361  -0.0081  -0.0176
  0.0047  -0.1639   0.0840  -0.0236  -0.0035  -0.0458
  0.0180  -0.1650   0.0823  -0.0535  -0.0105  -0.0606
  0.0018  -0.1160   0.0644   0.0450  -0.0275  -0.0457
 -0.0086  -0.0812   0.0556   0.0613  -0.0191  -0.0754
 -0.0102  -0.0365   0.0429   0.0294  -0.0206  -0.0624
 -0.0073  -0.2666   0.0146   0.1932  -0.0186  -0.0071
 -0.0098  -0.1394   0.0247   0.0995  -0.0156  -0.0520
 -0.0650  -0.1610  -0.0366   0.1224  -0.0448  -0.0393
 -0.0581  -0.1413  -0.0482   0.0892  -0.0560  -0.0384
 -0.0582  -0.0847  -0.0258   0.1353  -0.0653  -0.0248
 -0.0529  -0.0619  -0.0205   0.1826  -0.0451  -0.0056
 -0.0937   0.0361  -0.0179   0.0956  -0.0725  -0.0664
 -0.0826   0.0299  -0.0053   0.1558  -0.0575  -0.0746
 -0.0408   0.0297   0.0488   0.1036  -0.0338  -0.0476
 -0.0225   0.0862   0.0595   0.1631  -0.0432  -0.0973
 -0.0119   0.1571   0.0513   0.1712  -0.0606  -0.0882
 -0.0117   0.1624   0.0705   0.2276  -0.0468  -0.1054
  0.0143   0.1767   0.0792   0.1200  -0.0197  -0.1101
  0.0206   0.2125   0.0818   0.0976  -0.0205  -0.1124
  0.0142   0.1863   0.0668   0.1045  -0.0240  -0.0995
  0.0131   0.1375   0.0563   0.1340  -0.0162  -0.0883
  0.0011   0.1571   0.0426   0.1264  -0.0193  -0.1375
 -0.0032   0.1235   0.0411   0.1402  -0.0167  -0.0956
  0.0109   0.1885   0.0530   0.1204  -0.0333  -0.0898
  0.0055   0.1595   0.0433   0.1459  -0.0319  -0.0657
 -0.0040   0.1457   0.0221   0.1514  -0.0507  -0.0785
 -0.0539  -0.0876   0.1080  -0.2444   0.0297  -0.0737
 -0.0731   0.1983   0.0377  -0.1135   0.0028  -0.0583
 -0.0561   0.2478   0.0463  -0.0390   0.0012  -0.0468
 -0.0438   0.1544   0.0380   0.0203   0.0091  -0.0422
 -0.0361   0.2024   0.0299  -0.0275   0.0206  -0.0847
 -0.0280   0.2241   0.0412  -0.0419   0.0168  -0.0844
 -0.0241   0.1930   0.0495  -0.0150   0.0185  -0.0404
  0.0033  -0.1376   0.0230  -0.0044   0.0158   0.0505
  0.0029  -0.0581   0.0374  -0.1239   0.0309  -0.0059
 -0.0014  -0.0632   0.0136  -0.0253   0.0137   0.0006
 -0.0107   0.0100   0.0436  -0.0729   0.0213  -0.0359
 -0.0205  -0.0448   0.0240  -0.0491   0.0124  -0.0262
 -0.0175   0.0345   0.0428  -0.0662   0.0162  -0.0376
 -0.0183   0.1045   0.0329  -0.0602   0.0099  -0.0306
 -0.0113   0.1413   0.0300  -0.0213   0.0093  -0.0213
 -0.0174   0.1551   0.0297  -0.0327   0.0159  -0.0665
 -0.0173   0.2316   0.0331  -0.0756   0.0169  -0.0442
 -0.0119   0.2282   0.0432  -0.0496   0.0257  -0.0862
 -0.0003   0.3153   0.0605  -0.0906   0.0363  -0.0900
  0.0078   0.3260   0.0596  -0.1302   0.0365  -0.0804
  0.0203   0.2821   0.0617  -0.0583   0.0354  -0.0533
  0.0171   0.2522   0.0567  -0.0202   0.0310  -0.0457
  0.0452   0.2374   0.0284  -0.0637   0.0612  -0.0413
  0.0466   0.2594   0.0397  -0.0600   0.0599  -0.0535
  0.0555   0.2567   0.0736  -0.0483   0.0547  -0.0244
  0.0823   0.2610   0.0809  -0.0016   0.0441   0.0101
  0.0749   0.1913   0.0707  -0.0200   0.0586  -0.0193
  0.0547   0.2509   0.0588  -0.0503   0.0518  -0.0560
  0.0470   0.2666   0.0550  -0.0643   0.0351  -0.0407
  0.0606   0.2326   0.0553   0.0053   0.0446   0.0041
  0.0717  -0.2205   0.2235  -0.1505   0.1272   0.0835
  0.0697  -0.1119   0.1484  -0.0860   0.0951   0.0756
  0.0653   0.0127   0.1275  -0.0442   0.0885   0.0306
  0.0640   0.0994   0.1113  -0.0172   0.0868   0.0587
  0.0697   0.1222   0.0942  -0.0239   0.0899   0.0223
  0.0683   0.1407   0.1098  -0.0032   0.0835   0.0763
  0.0630   0.0989   0.1049   0.0131   0.0843   0.0705
  0.0677   0.1505   0.1086  -0.0438   0.0847   0.0367
  0.0591   0.1200   0.0956  -0.0544   0.0724   0.1050
 -0.0002  -2.2977   0.0033  -0.5839   0.1212   0.2459
  0.0558  -0.6666  -0.0622  -0.2949   0.0811   0.1130
  0.0979  -0.4116  -0.1666  -0.2169   0.0666   0.1306
  0.0912  -0.2182  -0.1332  -0.1401   0.0635   0.0782
  0.0539  -0.0910  -0.1131  -0.1683   0.0616   0.0655
  0.0660  -0.1069  -0.0835  -0.1296   0.0673   0.1124
  0.0466  -0.1220  -0.0783  -0.0730   0.0461   0.0791
  0.0610  -0.0538  -0.0820  -0.1280   0.0512   0.0771
  0.0729  -0.0202  -0.0756  -0.0652   0.0496   0.0974
  0.0624  -0.0158  -0.0872  -0.0250   0.0478   0.0768
  0.0656   0.0070  -0.0788  -0.0764   0.0503   0.0855
  0.0625   0.0175  -0.0677  -0.1013   0.0601   0.0929
  0.0684  -0.0249  -0.0822  -0.0432   0.0593   0.1159
  0.0752   0.0257  -0.0737  -0.1217   0.0636   0.0708
  0.0732   0.0572  -0.0647  -0.1099   0.0576   0.1071
  0.0799   0.0032  -0.0723  -0.0649   0.0578   0.1286
  0.0780  -0.0136  -0.0715  -0.0767   0.0680   0.1024
  0.0751  -0.0672  -0.0646  -0.0904   0.0797   0.1189
  0.0500   0.0145  -0.0564  -0.0715   0.0678   0.0783
  0.0501   0.0327  -0.0612  -0.0945   0.0557   0.0988
  0.0616   0.0151  -0.0668  -0.0456   0.0519   0.1315
  0.0805  -0.0042  -0.0653  -0.0796   0.0678   0.1166
  0.0867   0.0019  -0.0736  -0.1153   0.0704   0.1049
  0.0880   0.0141  -0.0679  -0.1399   0.0686   0.1150
  0.0906   0.0312  -0.0454  -0.1037   0.0745   0.0870
  0.1271  -0.0226  -0.0028  -0.1420   0.0879   0.1570
  0.0569  -0.1143   0.0355  -0.1810   0.0318   0.0862
  0.0802  -0.1177  -0.0359  -0.1151   0.0504   0.0744
  0.1018  -0.0495  -0.0404  -0.1139   0.0580   0.0566
  0.0805  -0.1838  -0.0349  -0.2567   0.0427   0.0630
  0.1177  -0.1478  -0.1162  -0.1067   0.0514   0.0930
  0.1302  -0.0884  -0.1456  -0.1441   0.0598   0.0728
  0.1305  -0.0907  -0.1325  -0.1492   0.0589   0.0845
  0.1313  -0.1065  -0.1251  -0.1103   0.0484   0.1119
  0.1283  -0.0877  -0.1309  -0.0784   0.0554   0.1359
  0.1252  -0.1127  -0.1385  -0.1147   0.0603   0.0766
  0.1209  -0.0864  -0.1522  -0.1257   0.0627   0.0990
  0.1088  -0.0601  -0.1372  -0.0858   0.0707   0.0865
  0.1051  -0.0546  -0.1467  -0.1671   0.0632   0.1112
  0.1081  -0.0560  -0.1503  -0.1234   0.0490   0.1324
  0.0797  -0.1062  -0.1571  -0.1230   0.0276   0.1619
  0.0754  -0.1232  -0.1380  -0.1188   0.0065   0.1332
  0.0714  -0.1081  -0.1825  -0.1608   0.0027   0.1305
  0.0724  -0.0563  -0.1755  -0.1703  -0.0008   0.1252
  0.0693  -0.0988  -0.1719  -0.0797  -0.0074   0.1563
  0.0611  -0.0892  -0.1916  -0.1311  -0.0031   0.1287
  0.1043  -0.0779  -0.1638  -0.1547   0.0242   0.1760
  0.1204  -0.1746  -0.1615  -0.0651   0.0265   0.1880
