 -0.0070  -0.0071   0.1000   0.0371  -0.0557   0.1035
  0.0871  -0.0129   0.0671   0.0286  -0.0374   0.0499
  0.1143  -0.0572   0.0757   0.0596  -0.0322   0.0043
  0.1037  -0.0494   0.0731   0.0655  -0.0267  -0.0077
  0.0754  -0.0377   0.0786   0.0858  -0.0420  -0.0091
  0.1174  -0.0587   0.0974   0.1022  -0.0549  -0.0275
  0.0986  -0.0796   0.0878   0.0995  -0.0605  -0.0296
  0.0815  -0.0377   0.0910   0.0928  -0.0365  -0.0202
  0.0842  -0.1053   0.0592   0.1149  -0.0265  -0.0159
  0.0715  -0.0499   0.0693   0.0964  -0.0372  -0.0153
  0.0794  -0.0445   0.0698   0.0870  -0.0466  -0.0144
  0.0715  -0.0420   0.0853   0.1017  -0.0528  -0.0215
  0.0605  -0.0397   0.0759   0.0947  -0.0342  -0.0149
  0.0240  -0.0167   0.0799   0.0898  -0.0464  -0.0086
  0.0350  -0.0201   0.0910   0.0755  -0.0505  -0.0045
  0.0747  -0.1343   0.0729   0.0769  -0.0160  -0.0020
  0.0856  -0.1121   0.0545   0.0860  -0.0337  -0.0141
  0.0625  -0.0506   0.0919   0.0998  -0.0476  -0.0185
  0.0735  -0.0268   0.0441   0.0544  -0.0128   0.0009
  0.0800  -0.0394   0.0627   0.0905  -0.0313  -0.0194
  0.0369  -0.0268   0.0799   0.0621  -0.0303  -0.0024
  0.0421  -0.0133   0.0720   0.0536  -0.0123  -0.0029
  0.0357  -0.0158   0.0677   0.0436  -0.0160  -0.0007
  0.0160  -0.0707   0.0526   0.0779  -0.0371  -0.0125
  0.0452  -0.1264   0.0711   0.0695  -0.0303   0.0018
  0.0170  -0.0547   0.0812   0.0463  -0.0450   0.0186
  0.0267  -0.0197   0.0792   0.0716  -0.0903  -0.0060
  0.0104  -0.0217   0.0682   0.0624  -0.0597  -0.0054
  0.0043   0.0018   0.0667   0.0548  -0.0540  -0.0011
 -0.0170  -0.0048   0.0460   0.0347  -0.0485   0.0087
  0.1552  -0.0386   0.0420   0.0153   0.0539   0.0284
  0.1108  -0.0460   0.0434   0.0202   0.0047   0.0273
  0.1309  -0.0734   0.0473   0.0363  -0.0021   0.0236
  0.1085  -0.0458   0.0783   0.0757  -0.0669  -0.0115
  0.0669  -0.0471   0.0706   0.0568  -0.0540  -0.0123
  0.0324  -0.0362   0.0778   0.0571  -0.0437   0.0113
  0.0634  -0.0432   0.0918   0.0700  -0.0588  -0.0136
  0.0679  -0.0311   0.0710   0.0435  -0.0175  -0.0032
  0.0394  -0.0046   0.0577   0.0430  -0.0060   0.0033
  0.0526  -0.0252   0.0658   0.0312  -0.0132   0.0088
  0.0620  -0.0205   0.0623   0.0316  -0.0110   0.0136
  0.0213  -0.0077   0.0681   0.0254   0.0031   0.0264
  0.0177  -0.0012   0.0725   0.0232  -0.0045   0.0243
  0.0275  -0.0256   0.0747   0.0390  -0.0369   0.0092
  0.0049  -0.0017   0.0902   0.0406  -0.0359   0.0048
  0.0080   0.0020   0.0568   0.0267  -0.0000   0.0141
 -0.0005  -0.0094   0.0490   0.0333  -0.0093   0.0133
  0.0136  -0.0008   0.0429   0.0327  -0.0259   0.0073
  0.0321   0.0178   0.0544  -0.0097   0.0108   0.0184
  0.0509  -0.0099   0.0668   0.0257  -0.0393   0.0060
  0.0428   0.0005   0.0719   0.0035  -0.0238   0.0112
  0.0503   0.0047   0.0850   0.0040  -0.0299   0.0156
  0.0691  -0.0071   0.0618   0.0175  -0.0365   0.0066
  0.1073  -0.1233   0.0782   0.0159  -0.0014   0.0196
  0.0442  -0.0194   0.0680  -0.0042  -0.0085   0.0289
  0.0576  -0.0277   0.0762   0.0044  -0.0282   0.0169
  0.0434  -0.0281   0.0662   0.0050  -0.0171   0.0130
  0.0064  -0.0249   0.0386   0.0032  -0.0082   0.0277
  0.0332  -0.0180   0.0504  -0.0184  -0.0030   0.0335
  0.0528  -0.0433   0.0444  -0.0150  -0.0133   0.0249
  0.0515  -0.0146   0.0668  -0.0100  -0.0208   0.0161
  0.0540   0.0019   0.0760  -0.0160   0.0020   0.0230
  0.0217   0.0247   0.0659  -0.0287   0.0163   0.0248
  0.0350   0.0186   0.0685  -0.0214   0.0071   0.0156
  0.0526   0.0206   0.0628  -0.0179   0.0027   0.0066
 -0.0043  -0.0287   0.0270  -0.0467   0.0256   0.0308
  0.0151  -0.0407   0.0565  -0.0434   0.0016   0.0303
  0.0939  -0.0827   0.0295   0.0093   0.0380  -0.0021
  0.0549   0.0364   0.0074  -0.0081   0.0545   0.0096
  0.0626   0.0462   0.0211  -0.0096   0.0157  -0.0041
  0.0374   0.0752   0.0112  -0.0455   0.0367   0.0141
  0.0067   0.0822   0.0286  -0.0351   0.0302   0.0333
  0.0204   0.0551   0.0452  -0.0176   0.0057   0.0085
  0.0282   0.0255   0.0630  -0.0145  -0.0062   0.0100
 -0.0030   0.0550   0.0696  -0.0178   0.0068   0.0228
  0.0066   0.0223   0.0707  -0.0133  -0.0156   0.0115
 -0.0108   0.0331   0.0371  -0.0316   0.0125   0.0148
 -0.0398   0.0483   0.0654  -0.0142  -0.0021   0.0330
  0.0151   0.0225   0.0612  -0.0044  -0.0186   0.0080
  0.0322  -0.0503   0.0125  -0.0074   0.0237   0.0128
 -0.0067  -0.0744   0.0384  -0.0106  -0.0134   0.0188
 -0.0098  -0.0188   0.0713  -0.0077  -0.0150   0.0107
 -0.0284   0.0091   0.0679  -0.0229  -0.0035   0.0231
 -0.0148   0.0025   0.0464  -0.0395  -0.0001   0.0212
 -0.0094  -0.0108   0.0428  -0.0054  -0.0060   0.0043
 -0.0028   0.0194   0.0426  -0.0217  -0.0150   0.0053
 -0.0185   0.0401   0.0191  -0.0470   0.0244   0.0269
  0.0133   0.0048   0.0378  -0.0208  -0.0061   0.0249
 -0.0168   0.0370   0.0244  -0.0360   0.0149   0.0296
 -0.0474   0.0989   0.0491  -0.0439  -0.0425   0.0254
 -0.0041   0.0793   0.0502  -0.0365  -0.0036   0.0144
 -0.0369   0.0607   0.0118  -0.0384   0.0139   0.0230
  0.0036   0.0416   0.0266  -0.0120  -0.0165  -0.0019
 -0.0008   0.0628   0.0194  -0.0382  -0.0190   0.0114
 -0.0463   0.0875   0.0108  -0.0370  -0.0132   0.0260
 -0.0567   0.0644   0.0262  -0.0146  -0.0348   0.0163
 -0.0553   0.0579   0.0378  -0.0356   0.0022   0.0275
 -0.0146  -0.0542   0.0066  -0.0124  -0.0140   0.0232
 -0.0390   0.0083   0.0412  -0.0222  -0.0054   0.0174
 -0.0064   0.0256   0.0279  -0.0519   0.0101   0.0180
 -0.0468   0.0203   0.0476  -0.0259  -0.0136   0.0238
 -0.0439   0.0051   0.0408  -0.0225  -0.0220   0.0225
 -0.0777   0.0195   0.0206  -0.0304  -0.0231   0.0337
 -0.0646  -0.0750  -0.0700   0.0204   0.0014   0.0127
 -0.0367  -0.0497  -0.1490   0.0280   0.0270  -0.0038
 -0.0435  -0.1230  -0.1027   0.0334   0.0240  -0.0042
  0.1284  -0.0846  -0.1713  -0.0290   0.1567  -0.0074
  0.0307  -0.1263  -0.2038   0.0195   0.0784  -0.0289
  0.0089  -0.0916  -0.1710   0.0114   0.0833  -0.0279
  0.0166  -0.0687  -0.1450   0.0095   0.0910  -0.0277
 -0.0009  -0.0430  -0.1329   0.0142   0.0546  -0.0347
 -0.0270   0.0085  -0.1151  -0.0352   0.0732   0.0043
  0.0293  -0.0729  -0.0888   0.0074   0.0528  -0.0173
  0.0079  -0.0383  -0.0616  -0.0026   0.0646  -0.0142
  0.0267  -0.0334  -0.0693   0.0037   0.0459  -0.0239
  0.0095  -0.0219  -0.0715  -0.0477   0.0712   0.0044
  0.0332  -0.0128  -0.0849  -0.0282   0.0804   0.0020
 -0.0226   0.0066  -0.0828  -0.0561   0.0917   0.0195
  0.0104  -0.0564  -0.0833  -0.0188   0.0575  -0.0069
 -0.0305  -0.0116  -0.0735  -0.0500   0.0483   0.0143
 -0.0025  -0.0285  -0.0406  -0.0421   0.0345   0.0020
 -0.0408  -0.0096  -0.0660  -0.0606   0.0582   0.0230
 -0.0064  -0.0220  -0.0650  -0.0236   0.0418  -0.0018
 -0.0265  -0.0215  -0.0558  -0.0431   0.0334   0.0077
 -0.0695  -0.0147  -0.0634  -0.0497   0.0365   0.0155
 -0.0244  -0.0507  -0.0744  -0.0245   0.0355   0.0052
 -0.0529  -0.0122  -0.0517  -0.0365   0.0331   0.0230
 -0.0620   0.0250  -0.0637  -0.0374   0.0310  -0.0021
  0.1639  -0.1439  -0.0550   0.0121   0.1106  -0.0225
  0.0619  -0.0796  -0.0503  -0.0073   0.0800  -0.0220
  0.0498  -0.0396  -0.0624  -0.0089   0.0838  -0.0300
  0.0591  -0.0017  -0.0854  -0.0026   0.0654  -0.0164
  0.0431   0.0104  -0.0905  -0.0105   0.0655  -0.0141
  0.0223  -0.0167  -0.1038  -0.0223   0.0723  -0.0084
  0.0223  -0.0411  -0.1070  -0.0107   0.0707  -0.0273
  0.0595  -0.0343  -0.1396  -0.0197   0.0992  -0.0277
  0.0213  -0.0105  -0.1492  -0.0299   0.0833  -0.0080
 -0.0210  -0.0015  -0.1635  -0.0462   0.0627  -0.0006
 -0.0136  -0.0254  -0.1572  -0.0173   0.0514  -0.0127
 -0.0478   0.0050  -0.1396  -0.0456   0.0483  -0.0216
 -0.0309   0.0152  -0.1394  -0.0326   0.0479  -0.0047
  0.0033   0.0042  -0.1434  -0.0247   0.0478  -0.0209
 -0.0173   0.0295  -0.1469  -0.0285   0.0531  -0.0320
 -0.0514   0.0185  -0.1577  -0.0419   0.0569  -0.0095
 -0.0743  -0.0382  -0.1082  -0.0084   0.0416  -0.0147
 -0.0762  -0.0027  -0.0760  -0.0091   0.0191  -0.0169
 -0.0896   0.0280  -0.0627  -0.0267   0.0175  -0.0216
 -0.0803   0.0264  -0.0767  -0.0310   0.0188  -0.0283
 -0.0763   0.0295  -0.0622  -0.0150  -0.0037  -0.0396
 -0.0583   0.0560  -0.0517  -0.0191   0.0182  -0.0155
 -0.0084   0.0449  -0.0445   0.0058   0.0130  -0.0530
 -0.0101   0.0362  -0.0515   0.0117   0.0177  -0.0547
 -0.0892   0.0804  -0.0659  -0.0244  -0.0146  -0.0292
 -0.0610   0.0355  -0.0692   0.0166  -0.0250  -0.0380
 -0.0553   0.0480  -0.0629   0.0123   0.0034  -0.0285
 -0.0808   0.0616  -0.0724  -0.0198   0.0071  -0.0324
 -0.0411   0.0521  -0.0626  -0.0066   0.0209  -0.0321
 -0.0520   0.0704  -0.0709  -0.0172   0.0053  -0.0555
 -0.1094   0.1075  -0.0390  -0.0586  -0.0207  -0.0285
 -0.0985   0.1000  -0.0420  -0.0496  -0.0317  -0.0122
 -0.1189   0.0914  -0.0404  -0.0389  -0.0643  -0.0289
 -0.1509   0.0798  -0.0451  -0.0520  -0.0866  -0.0261
 -0.1567   0.0789  -0.0391  -0.0425  -0.0703  -0.0108
 -0.1346   0.0701  -0.0516  -0.0345  -0.0557  -0.0116
 -0.1243   0.0777  -0.0478  -0.0349  -0.0469  -0.0009
 -0.1397   0.0918  -0.0533  -0.0497  -0.0519  -0.0026
 -0.1404   0.1063  -0.0407  -0.0679  -0.0527  -0.0088
 -0.1371   0.1022  -0.0399  -0.0601  -0.0513  -0.0100
 -0.1149   0.0898  -0.0419  -0.0445  -0.0516  -0.0273
 -0.0969   0.1116  -0.0356  -0.0538  -0.0388  -0.0118
 -0.0820   0.1225  -0.0434  -0.0733  -0.0200  -0.0028
 -0.1116   0.0892  -0.0420  -0.0738  -0.0252   0.0155
 -0.0960   0.0080  -0.0067  -0.0395  -0.0493  -0.0191
 -0.1141   0.0753  -0.0298  -0.0696  -0.0129  -0.0051
 -0.1143   0.0699  -0.0239  -0.0421  -0.0196  -0.0155
 -0.0769   0.0675  -0.0193  -0.0272  -0.0247  -0.0398
 -0.1148   0.1228  -0.0278  -0.0595  -0.0302  -0.0253
 -0.0809   0.0727  -0.0252  -0.0296  -0.0352  -0.0508
 -0.1218   0.1086  -0.0327  -0.0598  -0.0273  -0.0298
 -0.0903   0.0770  -0.0384  -0.0346  -0.0236  -0.0348
