 -0.0084   0.0442   0.1797  -0.0005   0.0636   0.0434
  0.0193   0.0459   0.1531  -0.1294   0.0135   0.0707
 -0.0686   0.0496   0.2451  -0.0979   0.0781   0.1131
 -0.0617   0.0439   0.2931  -0.0717   0.1149   0.1181
 -0.0525   0.0918   0.2530  -0.1235   0.0441   0.1937
 -0.0545   0.0542   0.2885  -0.0466   0.0611   0.0139
 -0.0891  -0.0052   0.2988  -0.0305   0.1074   0.1211
 -0.0992   0.0766   0.2825  -0.0596   0.0777   0.1181
 -0.1299   0.0931   0.2974  -0.0545   0.1637   0.0417
 -0.0988   0.1120   0.2888  -0.0886   0.1122   0.0919
 -0.0931   0.1931   0.2257  -0.0023   0.0554  -0.0759
 -0.0921   0.1381   0.1499   0.0180   0.0189  -0.0614
 -0.1193   0.1767   0.1968   0.0069   0.0441   0.0042
 -0.1179   0.1800   0.2180   0.0230   0.0871  -0.0433
 -0.0624   0.1689   0.2116  -0.0514   0.0730   0.0118
 -0.0731   0.1700   0.1783  -0.0937   0.0483   0.0257
 -0.1012   0.1149   0.1687  -0.0686   0.0010   0.0258
 -0.0983   0.1304   0.1889  -0.0066   0.0203  -0.0397
 -0.1012   0.1422   0.1531   0.0011   0.0181  -0.0447
 -0.1144   0.1540   0.1994  -0.0127   0.0619   0.0027
 -0.0889   0.1763   0.2258   0.0832   0.1013  -0.1320
 -0.0897   0.1214   0.1995   0.0923   0.0986  -0.0841
 -0.0760   0.1431   0.2104   0.0579   0.1040  -0.0456
 -0.0580   0.1310   0.1978   0.0096   0.1116  -0.0313
 -0.0813   0.1190   0.2157   0.0423   0.1013  -0.0220
 -0.0984   0.1105   0.2248  -0.0453   0.0759   0.0778
 -0.0610   0.1180   0.2178  -0.0218   0.0981  -0.0003
 -0.0550   0.1450   0.2171  -0.0156   0.0890   0.0149
 -0.0386   0.1102   0.2064  -0.0119   0.0844   0.0191
 -0.0342   0.1007   0.1906  -0.0206   0.0541   0.0192
 -0.0650   0.1189   0.1618  -0.0041   0.0617  -0.0210
 -0.0612   0.1634   0.1772   0.0422   0.0802  -0.1005
 -0.0204   0.1418   0.1664  -0.0405   0.0461  -0.0400
  0.0491   0.2676   0.2630  -0.0880   0.0663  -0.0005
 -0.0163   0.1793   0.2417   0.0025   0.1042  -0.0438
 -0.0155   0.1088   0.2531   0.0139   0.1303   0.0036
 -0.0276   0.1029   0.2432   0.0066   0.1420  -0.0337
 -0.0254   0.0854   0.2092   0.0266   0.1306  -0.0395
 -0.0305   0.0732   0.1824   0.0418   0.1205   0.0080
 -0.0258   0.0673   0.1737   0.0561   0.1250  -0.0026
 -0.0505   0.0978   0.1814   0.0290   0.1283   0.0155
 -0.0676   0.1018   0.1572   0.0455   0.0979  -0.1000
 -0.0845   0.0846   0.1252   0.0385   0.0761  -0.0475
 -0.0712   0.0274   0.1281   0.0466   0.0739  -0.0367
 -0.0750   0.0158   0.0983   0.1195   0.0925  -0.1049
 -0.0545   0.1285   0.1607   0.0651   0.1149  -0.0113
 -0.0018   0.1508   0.1714   0.0004   0.0993  -0.0404
  0.0003   0.0975   0.1588   0.0727   0.0820  -0.0455
  0.0031   0.0997   0.1723   0.1023   0.0814  -0.1074
 -0.0135   0.0316   0.1542   0.0570   0.0628  -0.0625
 -0.0251   0.0792   0.1271  -0.0066  -0.0080  -0.0128
 -0.0422   0.0617   0.1211   0.0456  -0.0092  -0.1036
 -0.0609  -0.0283   0.0863   0.0863   0.0057  -0.0774
 -0.0447  -0.0587   0.0829   0.0839   0.0161  -0.0689
 -0.0635  -0.0828   0.0763   0.0993   0.0243  -0.0714
 -0.0600  -0.1161   0.0601   0.0596   0.0012  -0.0099
 -0.0759  -0.1458   0.0818   0.0139  -0.0280   0.0416
 -0.1029  -0.1563   0.0367   0.0304  -0.0502   0.0160
 -0.0888  -0.1413  -0.0136  -0.1279  -0.1103   0.1633
 -0.0350  -0.0764   0.0390  -0.1405  -0.0982   0.1484
  0.0016  -0.1869   0.0768  -0.1556  -0.0569   0.2137
 -0.0082  -0.0953   0.0677  -0.0740  -0.0639   0.1049
 -0.0348  -0.1278   0.0487  -0.0927  -0.1118   0.1118
 -0.0576  -0.1955  -0.0165  -0.0431  -0.0968   0.1129
 -0.0573  -0.1969   0.0023  -0.0531  -0.1110   0.0872
 -0.0893  -0.1677  -0.0076  -0.0713  -0.1089   0.0991
 -0.1153  -0.0834   0.0329  -0.0832  -0.0675   0.1239
 -0.0663  -0.1763   0.0274   0.0050  -0.0789   0.0131
 -0.0861  -0.1189  -0.0141  -0.0243  -0.0883   0.0170
 -0.1322  -0.1689  -0.0165  -0.0303  -0.1084   0.0282
 -0.1402  -0.1796  -0.0154   0.0325  -0.1203   0.0055
 -0.2238  -0.0607   0.2996   0.0795  -0.1445  -0.0521
 -0.1496  -0.1193  -0.0560   0.0654  -0.1775  -0.0316
 -0.0101  -0.1432  -0.2902   0.0781  -0.1164  -0.0319
  0.1082  -0.0864  -0.3768   0.1270  -0.1135  -0.0945
  0.1287   0.0162  -0.3819   0.1261  -0.1051  -0.1765
  0.1484   0.2552  -0.2342   0.0674  -0.0679  -0.2027
  0.1817   0.2907  -0.2680   0.0814  -0.0680  -0.1842
  0.1402   0.2211  -0.2745   0.1127  -0.0697  -0.2189
  0.1041   0.1924  -0.2998   0.1043  -0.0899  -0.1310
  0.0763   0.1750  -0.3189   0.2264  -0.1139  -0.1965
 -0.0007   0.1317  -0.3497   0.2260  -0.1409  -0.1669
 -0.0044   0.1492  -0.3890   0.2605  -0.1234  -0.2095
  0.0241   0.1552  -0.4181   0.2337  -0.1077  -0.2180
 -0.0102   0.0922  -0.4140   0.1668  -0.0896  -0.1183
 -0.0090   0.0888  -0.4725   0.2397  -0.0930  -0.1606
 -0.0246   0.1151  -0.4668   0.2498  -0.0933  -0.1821
 -0.0176   0.1062  -0.4680   0.2821  -0.1149  -0.2494
 -0.0146   0.1170  -0.4079   0.1404  -0.1586  -0.1740
 -0.0666   0.0430  -0.4790   0.2352  -0.1553  -0.2074
 -0.0026  -0.0075  -0.4086   0.1354  -0.1396  -0.1392
 -0.0362  -0.0455  -0.4326   0.2017  -0.1011  -0.1160
 -0.0412  -0.0639  -0.4095   0.1438  -0.0887  -0.0668
 -0.0924  -0.0567  -0.4359   0.1099  -0.1383  -0.0355
 -0.0756   0.0082  -0.3669   0.0634  -0.1516  -0.1018
 -0.0739   0.0281  -0.3632   0.0811  -0.1530  -0.0760
 -0.0330   0.0155  -0.2804  -0.0513  -0.1598   0.0773
  0.0223   0.0257  -0.1753  -0.1339  -0.1154  -0.0362
  0.0182   0.0408  -0.2342  -0.0784  -0.1640  -0.0401
  0.0423   0.0837  -0.1787  -0.0239  -0.1384  -0.1148
  0.0639   0.1192  -0.1287   0.0053  -0.0814  -0.1613
  0.1581   0.1056  -0.1261  -0.0005  -0.0368  -0.1570
  0.2280   0.1525  -0.0674  -0.0766   0.0245  -0.0603
  0.2786   0.1191  -0.0350  -0.0671   0.0787  -0.0665
  0.2526  -0.0544  -0.1128   0.0325   0.0334  -0.0492
  0.2009  -0.2040  -0.2057   0.0666  -0.0082   0.0127
  0.1554  -0.3240  -0.2884   0.1380  -0.0476  -0.0075
  0.1602  -0.4523  -0.2314  -0.2554  -0.0501   0.1922
  0.2382  -0.5370  -0.2184  -0.3395  -0.0415   0.3574
  0.2452  -0.3802  -0.1348  -0.2642  -0.0634   0.3167
  0.1982  -0.3467  -0.1495  -0.2512  -0.0214   0.2565
  0.2313  -0.2523  -0.0340  -0.3109   0.0022   0.3068
  0.2152  -0.2001   0.0054  -0.3467   0.0341   0.3934
  0.2631  -0.1716   0.0093  -0.3082   0.0524   0.1921
  0.2622  -0.4884  -0.0527  -0.1408   0.0890   0.2484
  0.2599  -0.4921  -0.0218  -0.1313   0.1346   0.2885
  0.2478  -0.5174  -0.0194  -0.1203   0.1512   0.1949
  0.2509  -0.4089  -0.0289  -0.2332   0.1163   0.2995
  0.2833  -0.4587  -0.0114  -0.2474   0.1273   0.2881
  0.2636  -0.4998  -0.0629  -0.1718   0.1196   0.2533
