  0.0443  -0.1994   0.0314  -0.1654  -0.0314   0.3064
  0.0702  -0.0692   0.0803  -0.0806   0.0052   0.1339
  0.0326  -0.0763   0.0816   0.1142   0.0196  -0.0307
  0.0026  -0.0739   0.0542   0.0375  -0.0160   0.3952
  0.0308  -0.0524   0.0252   0.0845  -0.0157   0.0769
  0.0321  -0.0602   0.0245   0.0489  -0.0178   0.1460
  0.0686  -0.0237  -0.0094   0.0426  -0.0419   0.0107
  0.0941  -0.0371   0.0002   0.0625  -0.0421   0.1545
  0.0607  -0.0026  -0.0357   0.1077  -0.0540   0.0128
  0.0554  -0.0210  -0.0190   0.0900  -0.0601   0.2348
  0.0501  -0.0185  -0.0050   0.0382  -0.0647   0.1814
  0.0560   0.0018   0.0010   0.0190  -0.0620   0.1546
  0.0597   0.0254  -0.0033   0.0599  -0.0693   0.0516
  0.0711   0.0203  -0.0014   0.0551  -0.0718   0.0945
  0.0875   0.0286   0.0021   0.0503  -0.0593   0.0578
  0.0760   0.0266   0.0136   0.0004  -0.0644   0.1941
  0.0828  -0.0000   0.0125  -0.0227  -0.0513   0.0831
  0.0957   0.0733  -0.0094  -0.1025  -0.0551   0.3139
  0.0487   0.0683   0.0974  -0.0640  -0.0725  -0.1241
  0.0410   0.0782   0.0415  -0.0766  -0.0564   0.3117
  0.0500   0.0494   0.0070  -0.0551  -0.0544   0.0972
  0.0560   0.0672  -0.0347  -0.0996  -0.0468   0.2718
  0.0305   0.0540  -0.0340  -0.1058  -0.0681   0.1816
  0.0825   0.0523  -0.0670  -0.0479  -0.0626   0.0096
  0.0464   0.0515  -0.0600  -0.0567  -0.0803   0.1839
  0.0791   0.1730  -0.0637  -0.0730  -0.0837  -0.1374
  0.0310   0.1362  -0.1000  -0.1495  -0.0888   0.3784
  0.0193   0.0705  -0.0947  -0.2150  -0.0866   0.2036
  0.0346   0.0940  -0.1061  -0.2190  -0.0705   0.0831
  0.0476   0.0728  -0.1030  -0.1518  -0.0521   0.3380
  0.0807   0.2345  -0.0635  -0.2988  -0.1051  -0.0749
  0.0759   0.3362  -0.0545  -0.3738  -0.1069   0.4319
  0.0312   0.1889  -0.0740  -0.3159  -0.0952   0.0801
 -0.0119   0.0839  -0.0772  -0.1049  -0.0711   0.2211
 -0.0187   0.0683  -0.0785  -0.0624  -0.0711   0.0814
 -0.0058   0.0390  -0.0902   0.0097  -0.0710  -0.0915
 -0.0158   0.0160  -0.0899   0.0729  -0.0647   0.1480
 -0.0092  -0.0146  -0.0876   0.0706  -0.0577  -0.0413
 -0.0045  -0.0250  -0.0794   0.0403  -0.0488   0.0582
 -0.0166  -0.0340  -0.0768   0.0310  -0.0522   0.1739
 -0.0212  -0.0466  -0.0667   0.0348  -0.0586   0.0374
 -0.0357  -0.0459  -0.0652   0.0404  -0.0602   0.1253
 -0.0349  -0.0583  -0.0561   0.0449  -0.0529  -0.0401
 -0.0364  -0.0597  -0.0511   0.0194  -0.0473   0.1483
 -0.0190  -0.0257  -0.0401   0.0117  -0.0511  -0.0356
 -0.0260  -0.0620  -0.0404   0.0149  -0.0487   0.1438
 -0.0353  -0.0660  -0.0399   0.0173  -0.0500   0.0946
  0.0085  -0.0262  -0.0330  -0.0149  -0.0353  -0.0851
 -0.0139  -0.0241  -0.0313  -0.0338  -0.0373   0.1772
 -0.0055  -0.0552  -0.0241   0.0071  -0.0421   0.1088
 -0.0040  -0.0403  -0.0374  -0.0016  -0.0402   0.0748
 -0.0073  -0.0664  -0.0272  -0.0046  -0.0322   0.1467
 -0.0062  -0.0616  -0.0216   0.0280  -0.0402   0.0693
 -0.0241  -0.0595  -0.0318   0.0844  -0.0379  -0.0207
 -0.0168  -0.0631  -0.0345   0.0691  -0.0365   0.0913
 -0.0155  -0.0663  -0.0344   0.0551  -0.0312   0.0309
  0.0129  -0.0676  -0.0324   0.0225  -0.0290  -0.1011
  0.0058  -0.0796  -0.0273   0.0084  -0.0258   0.1024
  0.0119  -0.0959  -0.0198   0.0046  -0.0229   0.0381
  0.0373  -0.1475  -0.0488   0.0290   0.0081   0.3118
  0.0291  -0.1605  -0.0217  -0.0146  -0.0027   0.0326
  0.0129  -0.1649  -0.0033  -0.0567  -0.0231   0.0489
  0.0165  -0.1490  -0.0055   0.0200  -0.0256   0.1718
  0.0235  -0.1208   0.0056   0.0205  -0.0160  -0.0777
 -0.0027  -0.1534  -0.0039   0.0099  -0.0138   0.2191
 -0.0159  -0.1534  -0.0061   0.0272  -0.0177   0.1167
 -0.0110  -0.1458  -0.0069   0.0212  -0.0184   0.0867
 -0.0012  -0.1055   0.0335  -0.0381  -0.0365  -0.0983
  0.0052  -0.0716   0.0595  -0.0642  -0.0290   0.0055
 -0.0304  -0.0939   0.0433  -0.0126  -0.0279   0.3182
 -0.0077  -0.0893   0.0311  -0.0266  -0.0261  -0.0995
 -0.0295  -0.1108   0.0258  -0.0291  -0.0190   0.2517
 -0.0185  -0.1030   0.0294  -0.0165  -0.0105   0.1135
 -0.0177  -0.0733   0.0248   0.0034  -0.0280  -0.0196
 -0.0272  -0.0959   0.0339   0.0267  -0.0280   0.1478
 -0.0292  -0.1026   0.0286   0.0230  -0.0305   0.0405
 -0.0067  -0.0815   0.0245  -0.0064  -0.0264  -0.0702
 -0.0128  -0.1106   0.0150  -0.0064  -0.0153   0.0973
 -0.0201  -0.1245   0.0247   0.0114  -0.0149   0.0788
  0.0003  -0.0771   0.0304  -0.0377  -0.0291  -0.0910
 -0.0012  -0.0237   0.0082  -0.1432  -0.0378   0.0484
 -0.0214  -0.0918   0.0156  -0.1123  -0.0384   0.3229
 -0.0163  -0.0738   0.0118  -0.1072  -0.0473   0.0419
 -0.0181  -0.1181   0.0121  -0.1508  -0.0432   0.0874
 -0.0170   0.0176   0.0499  -0.0695  -0.0698  -0.0468
 -0.0319  -0.1187   0.0936   0.2141  -0.0341   0.0015
  0.0073  -0.1023   0.0460  -0.1997  -0.0130   0.2906
  0.0348  -0.0995  -0.0239  -0.2053  -0.0053   0.1312
  0.0198  -0.1007  -0.0158  -0.2006  -0.0117   0.1280
 -0.0218  -0.0061  -0.0622   0.0754   0.0130  -0.1872
  0.0119  -0.0713  -0.0221   0.1229   0.0228   0.0221
  0.0093  -0.1318  -0.0024   0.1814   0.0265  -0.0844
  0.0357  -0.1720   0.0208   0.1470   0.0410   0.0780
  0.0474  -0.1998   0.0674   0.1235   0.0442  -0.1236
  0.0158  -0.2202   0.0858   0.1353   0.0348   0.0930
  0.0242  -0.1876   0.0792   0.1903   0.0400  -0.1461
  0.0059  -0.2243   0.0873   0.2323   0.0388   0.0700
  0.0159  -0.1943   0.0914   0.1892   0.0352  -0.0691
  0.0055  -0.2253   0.1044   0.1368   0.0257   0.0220
  0.0049  -0.2080   0.0901   0.1519   0.0362   0.0508
  0.0098  -0.1957   0.0972   0.1273   0.0245  -0.1395
  0.0111  -0.2054   0.0958   0.1528   0.0289   0.1382
  0.0249  -0.1995   0.0933   0.1625   0.0325  -0.1389
  0.0392  -0.1300   0.1177   0.0888   0.0151  -0.1071
 -0.0000  -0.2008   0.1282   0.0669   0.0148   0.1882
  0.0173  -0.1726   0.1125   0.0909   0.0235  -0.0775
 -0.0001  -0.2003   0.1248   0.0219   0.0243   0.0909
  0.0443  -0.0962   0.1078   0.0938   0.0323  -0.2110
  0.0269  -0.1433   0.0410  -0.1068   0.0232   0.2639
  0.0401  -0.1176   0.0217  -0.0461   0.0379   0.1391
  0.0273  -0.0709  -0.0001  -0.0885   0.0299   0.0501
  0.0173   0.0431   0.0159  -0.1349   0.0236  -0.0655
  0.0360  -0.0071   0.0268  -0.0875   0.0166  -0.0226
  0.0213  -0.0351   0.0322  -0.0812   0.0214   0.1289
  0.0402  -0.0060   0.0351  -0.0752   0.0192   0.0165
  0.0750   0.0389   0.0056  -0.0426  -0.0015  -0.1738
  0.0434  -0.0263   0.0221  -0.0426   0.0047   0.2422
  0.0507   0.0065   0.0178   0.0536   0.0120  -0.0871
  0.0133  -0.0129   0.0042   0.1263   0.0289  -0.0255
  0.0106  -0.0200   0.0099   0.1325   0.0235  -0.0402
  0.0146   0.0153   0.0138   0.1527   0.0110  -0.2014
  0.0090  -0.0161   0.0097   0.1911   0.0186   0.0181
  0.0123  -0.0086   0.0072   0.1789   0.0224  -0.1330
  0.0234   0.0018   0.0064   0.1419   0.0189  -0.2176
  0.0108  -0.0355   0.0106   0.1455   0.0279   0.0818
  0.0168  -0.0375  -0.0002   0.1511   0.0289  -0.1904
  0.0188   0.0108   0.0075   0.1438   0.0247  -0.0637
  0.0144  -0.0130   0.0137   0.1539   0.0193  -0.0460
  0.0264  -0.0132   0.0143   0.1363   0.0208  -0.0890
  0.0555   0.1445  -0.0129   0.0400   0.0110  -0.3734
 -0.0288   0.0149  -0.0520  -0.0964   0.0083   0.3367
 -0.0373   0.0086  -0.0574  -0.0140   0.0151   0.0422
 -0.0168   0.0180  -0.0702  -0.0285   0.0167  -0.2353
 -0.0086  -0.1444  -0.0152  -0.1199   0.0120   0.1720
  0.0251  -0.1459  -0.0519  -0.0669   0.0308   0.0632
  0.0693  -0.2056  -0.1057   0.0034   0.0451  -0.0418
  0.0388  -0.1547  -0.0569   0.0240   0.0322   0.0131
  0.0543  -0.1433  -0.0361   0.0142   0.0353   0.0014
  0.0408  -0.0727  -0.0258   0.0685   0.0314  -0.1198
 -0.0501   0.2256  -0.0108   0.4887   0.0210  -0.5493
 -0.1013   0.1316  -0.0123   0.2036  -0.0162   0.2224
 -0.0864   0.4874  -0.0638  -0.0459   0.0058  -0.2696
  0.0547   0.1897  -0.0742  -0.2614   0.0515  -0.0761
  0.0040  -0.0638  -0.0832  -0.0205   0.0740  -0.1055
 -0.0148  -0.0069  -0.0110   0.0013   0.0709  -0.0331
 -0.0378   0.0456  -0.0437  -0.0767   0.0552  -0.1968
 -0.0352   0.0593  -0.0888  -0.0881   0.0841   0.0279
 -0.0115   0.1160  -0.0904  -0.1080   0.0774  -0.0883
 -0.0073   0.1218  -0.0929  -0.0821   0.0806  -0.1369
 -0.0180   0.1007  -0.0741  -0.0793   0.0734  -0.1215
 -0.0083   0.0532  -0.0637  -0.0533   0.0824   0.1025
 -0.0285   0.0045  -0.0542  -0.0225   0.0672  -0.0907
 -0.0190  -0.0018  -0.0578  -0.0337   0.0765  -0.0757
 -0.0198   0.0175  -0.0500  -0.0026   0.0586  -0.3298
 -0.0311   0.0025  -0.0473  -0.0093   0.0685   0.1186
 -0.0365  -0.0068  -0.0487  -0.0187   0.0698  -0.0907
 -0.0192   0.0223  -0.0340  -0.0857   0.0624  -0.1729
 -0.0348  -0.0057  -0.0114  -0.0993   0.0576   0.0013
 -0.0407   0.0556   0.0077  -0.1314   0.0290  -0.2417
 -0.0341   0.0090   0.0042  -0.1099   0.0528   0.0981
 -0.0353   0.0701   0.0097  -0.1138   0.0430  -0.1190
 -0.0818   0.5075   0.0192  -0.3936  -0.0325  -0.0596
 -0.0534   0.0414   0.0083  -0.1122   0.0588   0.1687
 -0.0181  -0.0343   0.0178  -0.0408   0.0723  -0.0978
 -0.0165   0.0313   0.0354  -0.0402   0.0668  -0.1898
 -0.0378   0.0636   0.0235   0.0255   0.0598  -0.0541
 -0.0406   0.1356   0.0109   0.0416   0.0512  -0.2014
 -0.0557   0.2240   0.0299   0.0109   0.0487  -0.3138
 -0.1145   0.1886   0.0721   0.2048   0.0653  -0.1210
 -0.0747   0.1210   0.0787   0.1135   0.0838  -0.0839
 -0.0259   0.1517   0.0810   0.0746   0.0888  -0.4275
 -0.0521   0.1104   0.1008   0.1019   0.0670   0.0028
 -0.0535   0.1240   0.0968   0.1870   0.0628  -0.2216
 -0.0052   0.2297  -0.0008   0.0559   0.0122  -0.5076
 -0.0555   0.1466   0.0104   0.0058   0.0238   0.0990
 -0.0570   0.1316   0.0173   0.0908   0.0228  -0.1500
 -0.0308   0.2020   0.0215   0.1248   0.0296  -0.4092
 -0.0447   0.1381   0.0383   0.1170   0.0370  -0.0138
 -0.0328   0.1368   0.0290   0.1358   0.0437  -0.1823
 -0.0594  -0.0156   0.0049   0.0618   0.0273  -0.0995
 -0.0282   0.0843   0.0473   0.0005   0.0192  -0.4311
  0.0101   0.2773  -0.0317   0.1113   0.0368  -0.2144
 -0.0581   0.1721  -0.0001   0.0762   0.0128   0.0496
 -0.0761   0.1014  -0.0045   0.0001   0.0169  -0.0506
 -0.0586   0.1424  -0.0000  -0.0481   0.0184  -0.1920
 -0.0465   0.1603   0.0103   0.0037   0.0116  -0.2494
 -0.0680   0.1470  -0.0079   0.1056   0.0209  -0.0825
 -0.0632   0.1563  -0.0089   0.0828   0.0196  -0.3351
 -0.0802   0.1086   0.0002   0.0780   0.0256  -0.1272
 -0.0831   0.1565   0.0025   0.0372   0.0282  -0.2584
 -0.0733   0.1053   0.0010  -0.0503   0.0068  -0.1855
 -0.0775   0.0915   0.0130  -0.0390   0.0136  -0.0366
 -0.0077   0.2068  -0.0163  -0.1276   0.0305  -0.2572
 -0.0385   0.1542   0.0120  -0.1281   0.0111  -0.0367
 -0.0530   0.1616   0.0076  -0.0805   0.0213  -0.2291
 -0.0561   0.1584   0.0042  -0.0677   0.0265  -0.1073
 -0.0045   0.2108   0.0354  -0.1919   0.0211  -0.0498
 -0.0289   0.1784   0.0536  -0.1646   0.0443   0.0114
 -0.0184   0.0886   0.0176  -0.1467   0.0483   0.0069
  0.0089   0.2097   0.0130  -0.2278   0.0242  -0.3237
