 -0.3237   0.0972  -0.2962  -0.3791  -0.2521   0.4720
 -0.3048   0.0003  -0.2898  -0.2168  -0.3271   0.3174
 -0.2935  -0.0096  -0.3124  -0.1838  -0.3177   0.2683
 -0.2988  -0.0183  -0.3117  -0.1357  -0.3353   0.2414
 -0.2713  -0.0239  -0.2877  -0.1297  -0.3489   0.2319
 -0.2584  -0.0370  -0.2754  -0.1111  -0.3492   0.2211
 -0.2652  -0.0180  -0.2892  -0.1128  -0.3314   0.2192
 -0.2849   0.0358  -0.3065  -0.1101  -0.3429   0.2161
 -0.2615  -0.0216  -0.2792  -0.1036  -0.3128   0.2037
 -0.2364  -0.0302  -0.2620  -0.0914  -0.3146   0.2115
 -0.2268  -0.0287  -0.1509  -0.1265  -0.3409   0.2616
 -0.1568  -0.0224  -0.1734  -0.0862  -0.3190   0.2248
 -0.1494  -0.0850  -0.1679  -0.0740  -0.2965   0.2201
 -0.1749  -0.1558  -0.1457  -0.0809  -0.3054   0.2374
 -0.2298  -0.0802  -0.1843  -0.1375  -0.2954   0.2414
 -0.2247   0.3405  -0.1421  -0.2242  -0.2761   0.1773
 -0.1437   0.3867  -0.2890  -0.2034  -0.3119   0.1725
 -0.1226   0.2260  -0.1737  -0.1815  -0.2311   0.1670
 -0.5651   0.1811  -0.2770  -0.1378  -0.5078   0.1731
 -0.6551   0.4631  -0.5862  -0.2434  -0.4189   0.1516
 -0.7810   0.2546  -0.4188  -0.3475  -0.3597   0.2362
 -0.4685  -0.0071  -0.2853  -0.2622  -0.2888   0.2202
 -0.4275   0.0026  -0.2375  -0.2341  -0.2970   0.2031
 -0.3466  -0.0020  -0.2357  -0.2066  -0.2692   0.1896
 -0.3807   0.0228  -0.2516  -0.2466  -0.2732   0.1914
 -0.3485   0.0134  -0.2444  -0.2527  -0.2448   0.1976
 -0.3146   0.0032  -0.2391  -0.2804  -0.2370   0.2191
 -0.3020  -0.0020  -0.2300  -0.2088  -0.2703   0.2115
 -0.3176  -0.0353  -0.2252  -0.1793  -0.2485   0.1968
 -0.3240  -0.0115  -0.2205  -0.1923  -0.2393   0.1981
 -0.3014   0.0051  -0.2196  -0.2167  -0.2208   0.1954
 -0.2985   0.0165  -0.2144  -0.1982  -0.2570   0.1918
 -0.3024   0.0146  -0.2195  -0.2032  -0.2567   0.1884
 -0.2909   0.0171  -0.2087  -0.1779  -0.2501   0.1773
 -0.2383   0.0011  -0.2574  -0.2016  -0.2185   0.1733
 -0.2069  -0.0074  -0.3080  -0.2068  -0.2049   0.1695
 -0.1629   0.0012  -0.3323  -0.2267  -0.1820   0.1659
 -0.1711  -0.0408  -0.3236  -0.1972  -0.2204   0.1414
 -0.1623  -0.0292  -0.3207  -0.2082  -0.2066   0.1443
 -0.1505  -0.0139  -0.3024  -0.1869  -0.2032   0.1477
 -0.1218  -0.0262  -0.2995  -0.0954  -0.2095   0.1091
 -0.1021  -0.0172  -0.2609  -0.0568  -0.1907   0.0983
 -0.1375  -0.0129  -0.1718  -0.0695  -0.1698   0.1185
 -0.1362   0.0504  -0.1782  -0.0720  -0.1723   0.1164
 -0.1267   0.0042  -0.1675  -0.0706  -0.1980   0.1078
 -0.1481   0.0707  -0.1272  -0.1275  -0.1818   0.1436
 -0.1404   0.0775  -0.1379  -0.1094  -0.1528   0.1378
 -0.1578   0.0005  -0.1230  -0.0748  -0.1528   0.1358
 -0.2313   0.1185  -0.0327  -0.1093  -0.2188   0.1131
 -0.1351   0.0781  -0.0902  -0.1330  -0.1826   0.1342
 -0.1576   0.0537  -0.0398  -0.1264  -0.1807   0.1196
 -0.1802  -0.0492   0.0538  -0.1013  -0.1723   0.1491
 -0.1645  -0.0044   0.0337  -0.0885  -0.1548   0.1114
 -0.1761   0.0107   0.0271  -0.0758  -0.1618   0.0789
 -0.2223  -0.0121   0.0644  -0.1552  -0.1323   0.1365
 -0.3087  -0.0855   0.2005  -0.1703  -0.1518   0.1842
 -0.2192  -0.0890   0.0787  -0.1158  -0.1478   0.1342
 -0.1225   0.0373  -0.1080  -0.1484  -0.1304   0.1178
 -0.1305   0.0741  -0.1131  -0.1401  -0.1225   0.1237
 -0.0917   0.0275  -0.0656  -0.1333  -0.1100   0.1097
 -0.0822   0.0212  -0.0535  -0.1333  -0.0845   0.1017
 -0.0867   0.0096  -0.0438  -0.1193  -0.1038   0.1042
 -0.0925  -0.0035  -0.0540  -0.1379  -0.1046   0.1157
 -0.0770   0.0105  -0.0378  -0.1546  -0.0761   0.0956
 -0.0773   0.0310  -0.0425  -0.1635  -0.0533   0.0817
 -0.0995   0.0138  -0.0596  -0.1763  -0.0619   0.0944
 -0.0717   0.0356  -0.0836  -0.2177  -0.0543   0.0888
 -0.0794   0.0078  -0.0852  -0.1848  -0.0743   0.0964
 -0.1092   0.0072  -0.0724  -0.2246  -0.0825   0.0910
 -0.1231  -0.0056  -0.0731  -0.2174  -0.0849   0.0985
 -0.1096   0.0307  -0.1572  -0.2430  -0.0471   0.1149
 -0.1393   0.0797  -0.1050  -0.2527  -0.0817   0.1102
 -0.1938   0.0902  -0.0633  -0.2115  -0.1003   0.0980
 -0.2155   0.0857  -0.0172  -0.2479  -0.1305   0.1228
 -0.2101   0.0996  -0.0312  -0.2412  -0.1460   0.1186
 -0.1282   0.1617  -0.1087  -0.2495  -0.0951   0.1091
 -0.1137   0.1374  -0.1270  -0.2346  -0.0942   0.0864
 -0.1047   0.0708  -0.1165  -0.2920  -0.0465   0.1081
 -0.0806   0.0911  -0.1057  -0.2282  -0.0488   0.0891
 -0.0754   0.0916  -0.0761  -0.3892  -0.0214   0.1506
 -0.1068  -0.0659  -0.0336  -0.4099  -0.0231   0.1865
 -0.0683  -0.0624  -0.0095  -0.3073  -0.0122   0.1473
 -0.0721  -0.0531  -0.0284  -0.3021  -0.0101   0.1352
 -0.0785  -0.0525  -0.0373  -0.2725  -0.0130   0.1238
 -0.0695  -0.0637  -0.0269  -0.2758  -0.0033   0.1250
 -0.0202  -0.1010   0.0144  -0.2975  -0.0046   0.1306
 -0.0370  -0.0509  -0.0006  -0.2931  -0.0018   0.1186
 -0.0373  -0.0266   0.0008  -0.2765   0.0049   0.1063
 -0.0441  -0.0022  -0.0154  -0.3098   0.0402   0.1235
 -0.0417  -0.0188   0.0053  -0.3059   0.0130   0.1303
 -0.0412  -0.0107   0.0027  -0.2722   0.0041   0.1195
 -0.0374  -0.0092   0.0160  -0.2762   0.0036   0.1213
 -0.0284   0.0032   0.0258  -0.2865   0.0126   0.1243
 -0.0306  -0.0169   0.0023  -0.2875   0.0455   0.1301
 -0.0248   0.0029  -0.0010  -0.3123   0.0474   0.1470
 -0.0163  -0.0221   0.0243  -0.2827   0.0162   0.1345
  0.0030   0.2162  -0.0746  -0.3061   0.0171   0.0693
  0.0091   0.1811  -0.0751  -0.3510   0.0672   0.1059
 -0.0315   0.1261   0.0281  -0.2979   0.0437   0.0928
 -0.0308   0.2885   0.0102  -0.2889   0.0382   0.0601
 -0.0472   0.3122   0.1505  -0.1518  -0.0316   0.0210
  0.0115   0.3341   0.0170  -0.1901   0.0513   0.0119
  0.0225   0.2771   0.0252  -0.2705   0.0121   0.0397
 -0.0119   0.1445   0.0205  -0.3218   0.0366   0.0844
  0.0084   0.1035   0.0353  -0.3360   0.0661   0.0984
  0.0225   0.1574   0.0101  -0.2725   0.0417   0.0748
  0.0257   0.1384   0.0044  -0.2833   0.0763   0.0673
  0.0119   0.1008   0.0216  -0.2649   0.0677   0.0867
  0.0183   0.1119   0.0036  -0.2644   0.0828   0.0628
  0.0335   0.1008   0.0220  -0.2473   0.0904   0.0553
  0.1017   0.0801   0.0283  -0.2394   0.0908   0.0646
  0.1423  -0.0185   0.0881  -0.1299   0.0563   0.0397
  0.1110   0.0402   0.0183  -0.2099   0.0964   0.0590
  0.1324   0.0977   0.0025  -0.2361   0.0978   0.0572
  0.1445   0.1287   0.0040  -0.2435   0.1182   0.0419
  0.1159   0.0055   0.0460  -0.2424   0.1399   0.0690
  0.1116  -0.0188   0.0501  -0.2168   0.1338   0.0505
  0.1350  -0.0266   0.0704  -0.3409   0.1238   0.0984
  0.1728   0.0125   0.0673  -0.3250   0.1494   0.0889
  0.1726   0.0167   0.0532  -0.3194   0.1566   0.0655
  0.1732   0.0717   0.0570  -0.3567   0.1877   0.0870
  0.1923   0.1009   0.0992  -0.4246   0.1379   0.1008
  0.1971   0.0676   0.0910  -0.3627   0.1528   0.0847
  0.2148   0.1000   0.0846  -0.2659   0.1736   0.0527
  0.2263   0.1102   0.0939  -0.3220   0.1628   0.0552
  0.2178   0.1155   0.0928  -0.2989   0.1776   0.0512
  0.2201   0.0996   0.1043  -0.3198   0.1533   0.0604
  0.2068   0.0629   0.0715  -0.2746   0.1946   0.0595
  0.1975   0.0092   0.0827  -0.3211   0.2021   0.0982
  0.2112   0.0060   0.0827  -0.3312   0.2276   0.1017
  0.2317  -0.0480   0.0999  -0.4164   0.2395   0.1218
  0.2106   0.0094   0.1203  -0.3619   0.2502   0.0947
  0.2820  -0.0426   0.0589  -0.2782   0.2423   0.0293
  0.2909  -0.0542   0.0404  -0.3174   0.2618   0.0558
  0.3972  -0.0681  -0.0620  -0.3179   0.2878   0.0296
  0.3586  -0.0900  -0.0620  -0.3762   0.2849   0.0832
  0.2395  -0.0254   0.0780  -0.3858   0.2503   0.0939
  0.2283  -0.0343   0.0971  -0.3509   0.2590   0.0757
  0.2333  -0.0261   0.0734  -0.3476   0.2640   0.0640
  0.2210   0.0111   0.0963  -0.2896   0.2450   0.0462
  0.1783  -0.0204   0.1952  -0.2494   0.2237   0.0494
  0.2052  -0.0033   0.1518  -0.2093   0.2360   0.0313
  0.2277   0.0282   0.1225  -0.2748   0.2834   0.0503
  0.2020   0.0424   0.2370  -0.5529   0.3044   0.1725
  0.3215   0.1665   0.2529   0.4611   0.0368  -0.4371
  0.4154   0.2157   0.2601   0.5914   0.1350  -0.4642
  0.3980   0.0268   0.2993   0.7446   0.1460  -0.5274
  0.3488  -0.1319   0.3011   0.8582   0.1259  -0.5233
  0.3573  -0.0342   0.2709   0.9268   0.1102  -0.5553
  0.3648  -0.0541   0.3175   0.9656   0.1506  -0.5489
  0.3978  -0.1770   0.3516   0.9985   0.2050  -0.5525
  0.4003  -0.1946   0.3631   1.0255   0.2449  -0.5439
  0.3925  -0.2228   0.3715   1.1027   0.2268  -0.5711
  0.4062  -0.2344   0.3649   1.0717   0.2201  -0.5678
  0.4295  -0.1430   0.5958   1.2857   0.1267  -0.6571
  0.2998  -0.4083   0.4075   1.1028   0.2726  -0.5426
  0.3543  -0.3600   0.3691   1.1180   0.2947  -0.5648
  0.3696  -0.2250   0.3463   1.1188   0.2842  -0.5940
  0.4093  -0.2680   0.3760   1.1156   0.3380  -0.5936
  0.4097  -0.2744   0.4076   1.1809   0.3026  -0.6235
  0.4168  -0.2579   0.4575   1.2158   0.2953  -0.6295
  0.3766  -0.4416   0.5451   1.3161   0.2512  -0.5887
  0.3440  -0.4264   0.4555   1.3167   0.2808  -0.5879
  0.3718  -0.3358   0.3713   1.2417   0.2885  -0.6070
  0.3956  -0.1343   0.3146   1.2053   0.2640  -0.6325
  0.3919  -0.3711   0.4152   1.1817   0.3707  -0.5634
  0.3162  -0.3017   0.5482   1.2190   0.4100  -0.5607
  0.3844  -0.2362   0.5176   1.1781   0.3935  -0.5773
  0.4395  -0.3948   0.5085   1.2166   0.4026  -0.5893
  0.3841  -0.4557   0.5440   1.2482   0.3582  -0.5890
  0.4295  -0.4520   0.4881   1.2170   0.3495  -0.5692
  0.4040  -0.4355   0.5360   1.2219   0.3410  -0.5800
  0.4146  -0.4345   0.5364   1.2016   0.3619  -0.5878
  0.5510  -0.8124   0.5809   0.6812   0.5095  -0.3487
  0.5556  -0.4693   0.5012   0.5819   0.5054  -0.4176
  0.5403   0.0058   0.4055   0.9210   0.4387  -0.6485
  0.5280  -0.0234   0.4361   0.8926   0.4368  -0.6265
  0.5283  -0.0962   0.4507   0.9098   0.4266  -0.6277
  0.5406  -0.2125   0.4608   0.9610   0.4479  -0.6189
  0.5693  -0.1235   0.4520   0.8974   0.4750  -0.6163
