 -0.3123  -0.6984   0.1328  -0.8663  -0.1191   0.3462
 -0.3122  -0.4980   0.1674  -0.4650  -0.1671   0.2767
 -0.2863  -0.4866   0.1867  -0.2713  -0.1925   0.2324
 -0.2943  -0.5291   0.1631  -0.4004  -0.1787   0.2551
 -0.3069  -0.5573   0.1566  -0.6727  -0.1521   0.3092
 -0.3164  -0.6658   0.1351  -0.6378  -0.1401   0.2918
 -0.2704  -0.5444   0.1099  -0.2810  -0.1280   0.2270
 -0.2376  -0.3763   0.0868  -0.0012  -0.1464   0.1195
 -0.1477  -0.3405   0.0625  -0.3599  -0.0687   0.2877
 -0.1637  -0.2259   0.1662  -0.3864  -0.1116   0.2475
 -0.1918  -0.2185   0.1860  -0.2328  -0.1514   0.1545
 -0.2158  -0.2828   0.1735  -0.2594  -0.1627   0.1828
 -0.2706  -0.3760   0.1551  -0.1510  -0.1687   0.1709
 -0.2928  -0.4451   0.1289   0.0277  -0.1901   0.1503
 -0.3017  -0.4754   0.1081  -0.0478  -0.1764   0.1775
 -0.3055  -0.4760   0.0994  -0.2100  -0.1719   0.2022
 -0.2571  -0.3715   0.0953  -0.1777  -0.1410   0.2270
 -0.2369  -0.3379   0.1344  -0.3163  -0.1803   0.2623
 -0.2588  -0.3323   0.1607  -0.2038  -0.1802   0.1879
 -0.2380  -0.3905   0.1205  -0.0395  -0.1470   0.1500
 -0.2746  -0.4195   0.1104  -0.1887  -0.1381   0.1728
 -0.2771  -0.3456   0.0820  -0.2896  -0.1451   0.1998
 -0.3231  -0.1089   0.1398  -0.6128  -0.1155   0.2296
 -0.2109  -0.2714   0.0660  -0.8676  -0.0541   0.3531
 -0.1084  -0.2681   0.1574  -1.1214  -0.0489   0.3471
 -0.1057  -0.3693   0.1730  -0.6527  -0.0413   0.1969
 -0.1050  -0.2501   0.1469  -0.1013   0.0272   0.0663
 -0.0851  -0.2621   0.1565  -0.0128   0.0213   0.1149
 -0.0689  -0.3356   0.1533  -0.2404   0.0309   0.2476
 -0.0754  -0.4241   0.1652  -0.3082   0.0060   0.2578
 -0.1016  -0.4087   0.1488  -0.2131  -0.0160   0.1979
 -0.0953  -0.4305   0.0961  -0.2747  -0.0032   0.2028
 -0.1077  -0.3994   0.1126  -0.1345   0.0003   0.1796
 -0.0664  -0.3774   0.1018  -0.0513   0.0102   0.1902
 -0.0038  -0.2723   0.0214  -0.6128   0.0621   0.0963
 -0.1900  -0.4632  -0.0595  -0.6830  -0.0387   0.1965
 -0.1765  -0.5234   0.0765  -0.6697  -0.0574   0.2123
 -0.1529  -0.5197   0.1063  -0.3485   0.0047   0.1371
 -0.1449  -0.4517   0.0474  -0.1933   0.0026   0.0948
 -0.1233  -0.4605   0.0199  -0.3029   0.0140   0.1633
 -0.1071  -0.4242   0.0353  -0.1426  -0.0435   0.1574
 -0.0791  -0.5125   0.0114   0.0866  -0.0393   0.1086
 -0.1087  -0.5145   0.0087   0.0278  -0.0566   0.1016
 -0.1113  -0.4108  -0.0250   0.0906  -0.0688   0.1019
 -0.0956  -0.4611  -0.0709   0.0517  -0.0562   0.1172
 -0.0924  -0.4230   0.0180   0.1004  -0.0132   0.0768
  0.0176  -0.0335   0.6022  -0.1073   0.0747   0.0259
 -0.0615  -0.0808   0.1219   0.2259  -0.0102   0.0032
 -0.1136  -0.0707  -0.0824   0.0529  -0.0191   0.0293
 -0.0702  -0.2424   0.0426  -0.1263   0.0512   0.1120
 -0.1128  -0.3289   0.0919  -0.2007   0.0187   0.1210
 -0.1628  -0.2295   0.1054  -0.2224  -0.0032   0.1177
 -0.1658  -0.3080   0.0638  -0.0941   0.0142   0.0625
 -0.1393  -0.2989  -0.0082   0.0131   0.0175  -0.0089
 -0.1354   0.2887   0.0508  -0.4275  -0.0222  -0.0125
 -0.1077   0.6451   0.1255  -1.1811   0.0143   0.1733
 -0.1512   0.2290   0.1649  -0.9788  -0.0194   0.1318
 -0.1450   0.0825   0.1456  -0.7408  -0.0088   0.1123
 -0.1252   0.0535   0.1342  -0.5846   0.0002   0.0906
 -0.1257  -0.0241   0.1045  -0.4829  -0.0049   0.0974
 -0.1095  -0.0551   0.0591  -0.3194  -0.0124   0.0671
 -0.1225  -0.0830   0.0675  -0.2751  -0.0349   0.0946
 -0.1118  -0.0333   0.0475  -0.2952  -0.0255   0.0815
 -0.0559  -0.0490   0.0529  -0.2679   0.0277   0.0987
 -0.0599  -0.0412   0.0451  -0.3267   0.0253   0.1082
 -0.1018  -0.0248   0.0310  -0.2797  -0.0247   0.0831
 -0.1369   0.0398   0.0489  -0.1769  -0.0228   0.0453
 -0.1400   0.1657  -0.0230  -0.3249   0.0544   0.0097
 -0.1768  -0.0917   0.0045  -0.3723   0.0202   0.1058
 -0.1709  -0.1618  -0.0223  -0.3491  -0.0050   0.0787
 -0.1847  -0.1327   0.0030  -0.2601  -0.0408   0.0598
 -0.1827  -0.1280   0.0063  -0.1837  -0.0595   0.0285
 -0.1962   0.1754  -0.0698   0.7797  -0.1658  -0.2777
 -0.2410   0.5621  -0.2396   1.1837  -0.2238  -0.3865
 -0.2255   0.6444  -0.2638   1.1190  -0.2021  -0.2911
 -0.1970   0.5254  -0.2019   0.7633  -0.1545  -0.2136
 -0.1503   0.2076  -0.0871   0.2000  -0.1507  -0.0909
 -0.1626   0.1245  -0.0391   0.3689  -0.1690  -0.1319
 -0.1614   0.1008  -0.0375   0.4102  -0.1655  -0.1074
 -0.1637   0.0826  -0.0324   0.4231  -0.1713  -0.1024
 -0.1846   0.0994  -0.0355   0.5383  -0.1809  -0.1332
 -0.1413   0.3974  -0.1500   0.8740  -0.1520  -0.2819
 -0.0770   0.5804  -0.1763   0.8255  -0.1372  -0.3258
 -0.1891   0.8183  -0.2515   0.2727  -0.2721  -0.2557
 -0.2817   0.8440  -0.3113  -0.0322  -0.2028  -0.2242
 -0.2516   0.4820  -0.1749  -0.6839  -0.2543  -0.0264
 -0.1611   0.1831   0.0676  -0.3024  -0.2494  -0.0584
 -0.1674   0.0893   0.0427  -0.1134  -0.2627  -0.0684
 -0.1705   0.2227   0.0497  -0.0068  -0.2531  -0.1648
 -0.2455   0.8648   0.0180  -0.1201  -0.2741  -0.4185
  0.0280   1.1483   0.3739  -0.3134  -0.0684  -0.1557
  0.0986   1.2199   0.3039  -0.2231  -0.0429  -0.1676
  0.2000   0.9245   0.1322  -0.2566   0.0665  -0.1037
  0.1605   0.7511   0.0793  -0.2216   0.0419  -0.1002
  0.2091   0.6721   0.1073  -0.2514   0.0741  -0.0931
  0.0799   0.6847   0.0789  -0.4702   0.0698  -0.1546
 -0.0079   0.6519  -0.1247  -0.7658   0.1912  -0.1378
 -0.0391   0.4271   0.0123  -0.4975   0.0418   0.0025
 -0.0411   0.4474   0.1094  -0.3717  -0.0163  -0.0742
 -0.0227   0.4571   0.0852  -0.2756  -0.0361  -0.0595
  0.0268   0.3812   0.0590  -0.1923  -0.0222  -0.0403
 -0.0110   0.3538   0.0569  -0.1495  -0.0633  -0.0433
 -0.0045   0.4690   0.0358  -0.0144  -0.0878  -0.0853
  0.0978   1.0139  -0.0781  -0.0562   0.0586  -0.1669
  0.2044   1.0644  -0.1266  -0.2692   0.1412  -0.1815
  0.2250   0.7295  -0.0992  -0.9508   0.1663   0.1025
  0.2521   0.5021  -0.0387  -0.7160   0.1904   0.0207
  0.2912   0.4750  -0.0145  -0.5700   0.1906   0.0105
  0.3076   0.4116   0.0009  -0.4487   0.1920   0.0059
  0.3300   0.3879  -0.0043  -0.3290   0.1872   0.0132
  0.3361   0.3246   0.0038  -0.1798   0.1879   0.0027
  0.3114   0.3278  -0.0465   0.1470   0.1755  -0.1000
  0.2115   0.4787  -0.0589   0.1784   0.1763  -0.0641
  0.2172   0.3038  -0.0887  -0.1025   0.2016   0.0424
  0.2488   0.2559   0.0117  -0.1932   0.1434   0.0298
  0.2972   0.2079   0.0310  -0.0518   0.1590  -0.0010
  0.2943   0.1739   0.0251  -0.0060   0.1509   0.0162
  0.2186   0.2161   0.0234   0.2051   0.1267  -0.1793
  0.1288   0.3242  -0.0017   0.2970   0.0774  -0.3363
  0.2211   0.1789   0.0364   0.3100   0.1200  -0.1338
  0.2951   0.0490   0.0426   0.3183   0.1649  -0.0243
  0.3124   0.0018   0.0065   0.3386   0.1682  -0.0103
  0.1192   0.0705  -0.0085   0.5238   0.0906  -0.3177
  0.1754  -0.1565   0.0319   0.5717   0.1207  -0.1724
  0.1300   0.4582   0.1322   0.3487   0.0846  -0.3352
  0.2618   0.2035   0.2168   0.3998   0.1706  -0.1455
  0.2306   0.2960   0.2507   0.3593   0.1702  -0.1877
  0.1989   0.7969   0.1962   0.3692   0.1306  -0.3138
  0.1982   0.7472   0.1616   1.0017   0.1436  -0.2963
  0.1885   0.5830  -0.1431   0.4849   0.2305  -0.0763
  0.2510   0.2170   0.0082  -0.1313   0.2707   0.0719
  0.1070  -0.1826  -0.1701  -0.4829   0.0869   0.1613
  0.1342  -0.2792  -0.0111  -0.1721   0.0759   0.0546
  0.1978  -0.1353   0.0328  -0.0943   0.1217   0.0527
  0.1736  -0.1567  -0.0139   0.0396   0.0865   0.0589
  0.1901  -0.1144  -0.0761   0.1041   0.0938   0.0559
  0.1301  -0.0858  -0.1148   0.1077   0.0311   0.0437
  0.1843   0.0241  -0.1210   0.2967   0.0417   0.0044
  0.2279   0.2681  -0.1686   0.7340   0.0550  -0.1923
  0.2880   0.7581  -0.2483   0.0963   0.2184  -0.2566
  0.2005   1.0824  -0.1979  -0.0192   0.1133  -0.4078
  0.0075   0.9505  -0.0075   0.0889  -0.0291  -0.4131
  0.0431   0.7662   0.0445   0.1502  -0.0517  -0.2858
  0.0952   0.3103   0.0278   0.2172  -0.0242  -0.1614
  0.1143   0.2458   0.0596   0.3305  -0.0262  -0.1450
  0.1104   0.2347   0.0651   0.3937  -0.0397  -0.1292
  0.1250   0.2092   0.0548   0.4136  -0.0368  -0.1063
  0.1185   0.1608   0.0568   0.4348  -0.0438  -0.1031
  0.1014   0.1316   0.0149   0.4640  -0.0363  -0.1133
  0.1064   0.1692   0.0281   0.3884  -0.0282  -0.0835
  0.1047   0.1421   0.0171   0.4349  -0.0328  -0.0927
  0.0870   0.1750   0.0208   0.4059  -0.0609  -0.0837
  0.1011   0.1530   0.0265   0.4080  -0.0432  -0.0860
  0.0893   0.1108  -0.0299   0.3140  -0.0233  -0.0839
  0.0845   0.0682  -0.0116   0.3914  -0.0119  -0.1031
  0.1021   0.0392  -0.0049   0.4289  -0.0052  -0.0857
  0.1033   0.0462  -0.0026   0.4419  -0.0046  -0.0914
  0.0728   0.2211   0.0252   1.1842  -0.0619  -0.3104
  0.0440   1.2242  -0.0242   1.0031  -0.0296  -0.4140
  0.1024   0.7601  -0.0373   0.4919   0.0435  -0.2286
  0.0983   0.4949   0.0997   0.3942   0.0058  -0.1823
  0.0961   0.4975   0.1530   0.4003  -0.0149  -0.1962
  0.1187   0.3747   0.1355   0.4549   0.0154  -0.1655
  0.0795  -0.1842   0.0270   0.3592   0.2021  -0.0833
  0.1057   0.1705   0.0111  -0.5922   0.1674   0.1629
  0.1147   0.0736  -0.0467  -0.3201   0.1686   0.0405
  0.0861   0.0761  -0.0844  -0.1968   0.1539  -0.0223
  0.0690   0.0028  -0.0543  -0.0697   0.1328   0.0303
  0.0491  -0.0695  -0.0435  -0.0051   0.1128  -0.0181
  0.0596  -0.0767  -0.0401   0.0528   0.1241  -0.0271
  0.0822  -0.1222  -0.0218   0.1268   0.1284  -0.0116
  0.0807  -0.1750  -0.0655   0.1583   0.1312   0.0012
  0.1410  -0.2107  -0.0733   0.2064   0.1747  -0.0004
  0.0899  -0.2165  -0.0472   0.2768   0.1296  -0.0175
  0.0851  -0.2145  -0.0583   0.3375   0.1061  -0.0059
  0.0950  -0.2114  -0.0583   0.3717   0.1049  -0.0164
  0.0979  -0.1714  -0.0477   0.3996   0.1014  -0.0315
  0.0946  -0.1430  -0.0599   0.3918   0.0904  -0.0421
  0.1564   0.2103  -0.0315   0.1088   0.1917  -0.0703
  0.0910   0.2807  -0.1542   0.1402   0.1724  -0.1667
  0.1180   0.0507  -0.1196   0.0589   0.1057  -0.0680
  0.1291  -0.0427  -0.0606   0.1343   0.1061  -0.0688
  0.1597  -0.0586  -0.0457   0.2110   0.1223  -0.0699
  0.1327  -0.1086  -0.0565   0.3715   0.1094  -0.0968
  0.1191  -0.1266  -0.0723   0.4619   0.0805  -0.1073
  0.1103  -0.0976  -0.0786   0.3799   0.0671  -0.1042
  0.1491   0.2884   0.0085   0.2288   0.1499  -0.0758
  0.0999   0.1287   0.0218   0.1582   0.1594  -0.1117
  0.0348   0.2867  -0.0749   0.3395   0.0850  -0.1780
  0.0671   0.2087  -0.1065   0.2927   0.0720  -0.1158
  0.1006   0.1019  -0.0790   0.4514   0.0313  -0.1077
  0.0887   0.0666  -0.0949   0.5047   0.0345  -0.1200
  0.0839   0.0800  -0.0954   0.5372   0.0157  -0.1100
  0.0836   0.0590  -0.1068   0.5580   0.0128  -0.1031
  0.1045   0.2053  -0.1093   0.2394   0.0414  -0.0576
  0.1241   0.3023  -0.0550  -0.0609   0.0790  -0.0159
  0.0608   0.1150  -0.0909   0.2112   0.0246  -0.1096
  0.0567   0.1798  -0.1315   0.3423   0.0016  -0.1365
  0.0468   0.0691  -0.0724   0.3448  -0.0066  -0.0818
  0.0411  -0.0194  -0.0627   0.4238  -0.0142  -0.1024
  0.0447   0.0563  -0.0931   0.4797  -0.0323  -0.1485
  0.0927   0.1450  -0.1417   0.4780  -0.0000  -0.1257
  0.1255   0.2319  -0.1833  -0.0438   0.0731  -0.0375
  0.3667   0.9222   0.5416  -1.5879   0.3534   0.1212
  0.1991  -0.0042   0.1035  -0.8846   0.1509   0.1736
  0.1568  -0.0940   0.1926  -0.9158   0.1021   0.2017
  0.1554  -0.3061   0.1551  -0.5814   0.1041   0.1489
  0.1593  -0.3186   0.1451  -0.4316   0.1037   0.1165
  0.1677  -0.3254   0.1355  -0.3276   0.0998   0.1246
  0.1714  -0.3423   0.1156  -0.2418   0.1005   0.1317
  0.1675  -0.3777   0.1009  -0.1602   0.0960   0.1319
  0.1590  -0.3846   0.1002  -0.1169   0.0892   0.1276
  0.1536  -0.4428   0.0830   0.0187   0.0806   0.0932
  0.1634  -0.3988   0.0765   0.0292   0.0706   0.0816
  0.1152  -0.4428   0.0379   0.0055   0.0616   0.1112
  0.1085  -0.5219   0.0202   0.0604   0.0594   0.0990
  0.0958  -0.5537   0.0054   0.0966   0.0379   0.0890
  0.0820  -0.5606   0.0105   0.1073   0.0300   0.1077
  0.0806  -0.5717   0.0051   0.1064   0.0221   0.1088
  0.0989  -0.5365  -0.0250   0.3125   0.0452   0.0458
  0.1134  -0.4869  -0.0316   0.1542   0.0539   0.0982
  0.1118  -0.4851  -0.0200   0.1474   0.0493   0.0744
  0.1306  -0.5147  -0.0394   0.1767   0.0712   0.0795
  0.1222  -0.5122  -0.0086   0.1907   0.0681   0.0735
  0.1318  -0.4732  -0.0154   0.1348   0.0794   0.0927
  0.0102  -0.4218  -0.0925   0.2836   0.0246   0.0354
 -0.1417  -0.2972  -0.0851   0.2859   0.0204  -0.0558
 -0.6612  -0.0364  -0.9320  -0.1436  -0.5185   0.0233
 -0.3648  -0.4576  -0.7126  -0.1385  -0.4117   0.1297
 -0.2684  -0.4271  -0.5148  -0.0009  -0.3635   0.0585
 -0.2369  -0.3719  -0.5008   0.1168  -0.3322  -0.0014
 -0.3348  -0.1878  -0.6634   0.5828  -0.3519  -0.1792
 -0.2666  -0.2478  -0.5730   0.3831  -0.2655  -0.0489
 -0.1542  -0.0417  -0.3954  -0.1167  -0.1936   0.0425
 -0.1299  -0.1791  -0.3232  -0.2337  -0.1647   0.0407
 -0.1027  -0.3207  -0.3206  -0.1754  -0.1670   0.0700
 -0.0786  -0.3467  -0.3160  -0.0342  -0.1625   0.0430
 -0.0873  -0.4414  -0.2937   0.1264  -0.1740   0.0490
 -0.1330  -0.4158  -0.2886   0.2616  -0.2029  -0.0986
 -0.0938  -0.1762  -0.1923   0.2818  -0.1833  -0.0992
