  0.0990  -0.2000   0.0182  -0.1066   0.0575   0.2386
  0.1534  -0.1705   0.0096   0.1106  -0.0198   0.0272
  0.1548  -0.1358   0.0380   0.2443  -0.0374  -0.0820
  0.1349  -0.1023   0.0116   0.2467   0.0189  -0.0622
  0.1427  -0.0952  -0.0402   0.2166  -0.0145  -0.0556
  0.1980  -0.1026   0.0209   0.3436  -0.0365  -0.1093
  0.1749  -0.1109  -0.0161   0.3060   0.0247  -0.0799
  0.1754  -0.1234  -0.0016   0.3416  -0.0270  -0.0818
  0.1587  -0.1021  -0.0022   0.3063   0.0231  -0.0727
  0.1612  -0.1106  -0.0081   0.3337   0.0144  -0.0819
  0.1587  -0.1198  -0.0243   0.3338   0.0017  -0.0823
  0.1551  -0.1288  -0.0193   0.3123   0.0170  -0.0848
  0.1467  -0.1165  -0.0174   0.3123  -0.0292  -0.0759
  0.1480  -0.1090  -0.0241   0.2892   0.0089  -0.0646
  0.1323  -0.1034  -0.0123   0.2598   0.0018  -0.0637
  0.1262  -0.0755  -0.0217   0.2562  -0.0322  -0.0526
  0.1056  -0.0680  -0.0409   0.2145   0.0174  -0.0515
  0.1123  -0.0742  -0.0355   0.2303  -0.0201  -0.0661
  0.0971  -0.0775  -0.0698   0.2275  -0.0316  -0.0642
  0.0858  -0.0495  -0.0683   0.2158  -0.0328  -0.0744
  0.0861  -0.0474  -0.0825   0.2308  -0.0380  -0.0802
  0.0810  -0.0343  -0.0871   0.2309  -0.0452  -0.0998
  0.0836  -0.0415  -0.0571   0.3182  -0.1164  -0.0983
  0.0434  -0.0382  -0.1033   0.1243  -0.0063  -0.0177
  0.0398  -0.0121  -0.1150   0.1591  -0.0404  -0.0317
  0.0303  -0.0287  -0.1021   0.1906  -0.0316  -0.0627
  0.0285  -0.0240  -0.1108   0.1809  -0.0023  -0.0402
  0.0400  -0.0236  -0.1072   0.1868  -0.0678  -0.0564
  0.0390  -0.0380  -0.1197   0.2667  -0.0735  -0.0828
  0.0109  -0.0998  -0.1789   0.5579  -0.1594  -0.1449
  0.0038  -0.0507  -0.1781   0.3901  -0.0605  -0.0904
  0.0245  -0.0364  -0.1480   0.2892  -0.0548  -0.0764
  0.0224  -0.0289  -0.1438   0.2723  -0.0285  -0.0862
  0.0213  -0.0381  -0.1408   0.2964  -0.0605  -0.0884
  0.0070  -0.0345  -0.1429   0.2789  -0.0200  -0.0828
  0.0162  -0.0451  -0.1384   0.3029  -0.0679  -0.0845
 -0.0144  -0.0351  -0.1290   0.2613  -0.0467  -0.0732
 -0.0299   0.0191  -0.1012   0.2462  -0.0435  -0.0558
 -0.0303  -0.0034  -0.1270   0.2655  -0.0169  -0.0502
 -0.0199   0.0003  -0.1268   0.2942  -0.0638  -0.0866
 -0.0215   0.0039  -0.1479   0.2570  -0.0203  -0.0791
 -0.0211  -0.0056  -0.1241   0.2664  -0.0615  -0.0848
  0.0383  -0.0089  -0.0070   0.2955  -0.0195  -0.0891
  0.0135  -0.0078  -0.0523   0.2350  -0.0355  -0.0560
  0.0080  -0.0528  -0.0743   0.2245  -0.0713  -0.0549
  0.0204  -0.0580  -0.0790   0.2520  -0.0765  -0.0748
  0.0467  -0.0484  -0.0288   0.3426  -0.0117  -0.1156
  0.0216  -0.0831  -0.0373   0.0471  -0.0649  -0.0083
  0.0161  -0.0776  -0.0480   0.1125  -0.0658  -0.0193
  0.0405  -0.1514  -0.0363   0.3274  -0.2508  -0.0735
  0.0720   0.0247  -0.0609  -0.4095   0.0306   0.1367
  0.0476   0.0909  -0.0569  -0.3772   0.0768   0.1175
  0.0357   0.0901  -0.0644  -0.3153   0.0799   0.1188
  0.0288   0.1250  -0.0642  -0.2582   0.0711   0.0924
  0.0455   0.1009  -0.0770  -0.2210   0.0700   0.0618
  0.0290   0.0822  -0.0530  -0.1986   0.0801   0.0740
  0.0263   0.0807  -0.0342  -0.2034   0.0436   0.0701
  0.0277   0.0902  -0.0283  -0.2119   0.0125   0.0664
  0.0172   0.0834  -0.0250  -0.2339   0.0259   0.0871
  0.0013   0.0838  -0.0127  -0.2878   0.0072   0.0971
  0.0111   0.0815  -0.0073  -0.2845   0.0256   0.0928
  0.0082   0.0438  -0.0068  -0.2495   0.0412   0.1030
  0.0683   0.0400   0.0255  -0.1927   0.0461   0.0716
  0.0373   0.0703  -0.0137  -0.1897   0.0288   0.0698
  0.0278   0.0571   0.0099  -0.1956   0.0182   0.0787
  0.0316   0.0077  -0.0018  -0.2269  -0.0078   0.0827
  0.0369   0.0256   0.0395  -0.2066   0.0104   0.0797
  0.0544   0.0390   0.0276  -0.1912  -0.0061   0.0701
  0.0496   0.0566   0.0271  -0.1782   0.0130   0.0533
  0.0552   0.0604   0.0336  -0.1705   0.0392   0.0606
  0.0716   0.0522   0.0273  -0.1665   0.0151   0.0457
  0.0658   0.0333  -0.0042  -0.1382   0.0314   0.0339
  0.0569   0.0092   0.0218  -0.1053   0.0323   0.0460
  0.0562   0.0512   0.0237  -0.0729  -0.0025   0.0229
  0.0544  -0.0041   0.0233  -0.0712   0.0035   0.0289
  0.0326  -0.0159   0.0150  -0.0830  -0.0060   0.0282
  0.0341  -0.0334   0.0157  -0.0571   0.0203   0.0368
  0.0398  -0.0376   0.0111  -0.0374  -0.0046   0.0346
  0.0472  -0.0357   0.0012  -0.0817   0.0159   0.0299
  0.0326  -0.0269  -0.0005  -0.0680   0.0199   0.0259
  0.0302  -0.0327   0.0160  -0.0507   0.0090   0.0236
  0.0259  -0.0428   0.0077  -0.0546  -0.0105   0.0268
  0.0201  -0.0368   0.0048  -0.0492   0.0017   0.0213
  0.0200  -0.0278   0.0059  -0.0623   0.0162   0.0311
  0.0150  -0.0463   0.0315  -0.0350  -0.0169   0.0280
  0.0255  -0.0231   0.0071  -0.1154  -0.0188   0.0556
  0.0257   0.1646   0.0285  -0.1708   0.0153   0.0214
  0.0285   0.1375   0.0003  -0.1599  -0.0186   0.0338
  0.0099   0.0582  -0.0082  -0.1029  -0.0085   0.0098
  0.0142   0.0528   0.0324  -0.1023  -0.0015   0.0291
 -0.0051   0.0520  -0.0101  -0.0499  -0.0382   0.0005
 -0.0057   0.0587  -0.0007  -0.0894  -0.0147  -0.0044
 -0.0042   0.0523   0.0089  -0.1040   0.0080   0.0244
  0.0174   0.0613   0.0274  -0.1043  -0.0037   0.0087
  0.0049   0.0434   0.0054  -0.1040   0.0313   0.0083
  0.0353   0.0679  -0.0040  -0.0963  -0.0015  -0.0206
  0.0099   0.0211  -0.0063  -0.0795   0.0130  -0.0124
  0.0091   0.0320   0.0016  -0.0889   0.0169  -0.0050
  0.0462   0.0806   0.0332  -0.0741   0.0094  -0.0075
  0.0268   0.0740   0.0197  -0.0885   0.0078   0.0079
  0.0068   0.0510   0.0093  -0.1007   0.0264   0.0117
  0.0022   0.0482   0.0198  -0.0919   0.0135   0.0208
 -0.0027   0.0504   0.0118  -0.0817  -0.0183   0.0142
  0.0129   0.0265   0.0203  -0.1018  -0.0041   0.0124
 -0.0036   0.0384   0.0068  -0.1185   0.0080   0.0182
 -0.0062   0.0370  -0.0001  -0.0990   0.0033   0.0277
 -0.0097   0.0349   0.0018  -0.0894   0.0115   0.0164
 -0.0117   0.0191   0.0127  -0.0898   0.0246   0.0146
 -0.0145   0.0245   0.0137  -0.0732  -0.0047   0.0019
 -0.0248   0.0310   0.0052  -0.0763   0.0148   0.0087
 -0.0257   0.0208   0.0202  -0.0876   0.0043   0.0057
 -0.0176   0.0244   0.0179  -0.0957   0.0024   0.0038
 -0.0292   0.0148   0.0178  -0.0751  -0.0054   0.0236
 -0.0277   0.0183   0.0109  -0.0729  -0.0048   0.0208
 -0.0191   0.0252   0.0136  -0.0708   0.0020   0.0100
 -0.0294   0.0306   0.0149  -0.0983   0.0229   0.0218
 -0.0262   0.0232   0.0025  -0.0775  -0.0158   0.0081
 -0.0296   0.0320   0.0048  -0.0778  -0.0008   0.0022
 -0.0346   0.0199   0.0168  -0.0806   0.0108   0.0134
 -0.0341   0.0193   0.0265  -0.0783  -0.0082  -0.0036
 -0.0392   0.0168   0.0124  -0.0837  -0.0063   0.0015
 -0.0432   0.0121   0.0123  -0.0863  -0.0019   0.0109
 -0.0430   0.0176   0.0163  -0.1085   0.0141   0.0239
 -0.0434   0.0068   0.0111  -0.0774  -0.0037   0.0195
 -0.0439   0.0155   0.0009  -0.0856   0.0179   0.0024
 -0.0459   0.0173   0.0109  -0.0787   0.0006  -0.0043
 -0.0369   0.0253   0.0341  -0.0969   0.0269   0.0043
 -0.0273   0.0195   0.0236  -0.0993  -0.0159  -0.0040
 -0.0427   0.0217   0.0156  -0.0958   0.0171   0.0140
 -0.0234   0.0216   0.0256  -0.0979   0.0146   0.0179
 -0.0398   0.0170   0.0307  -0.0915  -0.0025   0.0240
 -0.0489   0.0209   0.0145  -0.0935   0.0105   0.0200
 -0.0555   0.0299   0.0157  -0.0942   0.0191   0.0192
 -0.0520   0.0148   0.0272  -0.0725   0.0110   0.0183
 -0.0550   0.0153   0.0148  -0.0677  -0.0031   0.0192
 -0.0695   0.0153   0.0104  -0.0791  -0.0084   0.0242
 -0.0584   0.0235   0.0035  -0.0858   0.0152   0.0136
 -0.0458   0.0217   0.0360  -0.1038   0.0391   0.0024
 -0.0455   0.0428   0.0204   0.0113  -0.0293  -0.0255
 -0.0790   0.0474  -0.0096  -0.0008  -0.0051  -0.0121
 -0.0743   0.0302   0.0386  -0.0260   0.0063  -0.0132
 -0.0994   0.0093  -0.0041  -0.0036  -0.0090  -0.0134
 -0.1318   0.0735   0.0375  -0.0137  -0.0913  -0.0005
 -0.1046   0.0155   0.0031  -0.0308  -0.0300   0.0119
 -0.1082   0.0049  -0.0170  -0.0828  -0.0243   0.0178
 -0.1082   0.0158  -0.0094  -0.0832  -0.0352   0.0147
 -0.1237   0.0103  -0.0173  -0.0785  -0.0257   0.0152
 -0.1167   0.0021  -0.0140  -0.0959  -0.0052   0.0366
 -0.1243  -0.0637  -0.0023   0.0746  -0.0462   0.0166
 -0.1506  -0.1157  -0.0241   0.0712  -0.0450   0.0131
 -0.1489  -0.0650   0.0153  -0.0200  -0.0136   0.0367
 -0.1273   0.0268   0.1190   0.0124  -0.0107  -0.0083
 -0.0755   0.0388   0.1189  -0.0254   0.0774   0.0042
 -0.0732   0.0208   0.1357  -0.0710   0.0025   0.0219
 -0.0647   0.0074   0.1107  -0.0375   0.0490   0.0117
 -0.0751  -0.0186   0.1232  -0.0027   0.0560  -0.0035
 -0.0852  -0.0314   0.1164   0.0250   0.0220  -0.0099
 -0.0943  -0.0339   0.0941   0.0193   0.0348   0.0021
 -0.0987  -0.0525   0.1034   0.0171   0.0397  -0.0028
 -0.0933  -0.0590   0.0941  -0.0020   0.0108  -0.0026
 -0.0776  -0.0677   0.0690  -0.0083   0.0273   0.0062
 -0.0861  -0.0334   0.0562  -0.0731   0.0276   0.0198
 -0.0916  -0.0166   0.0880  -0.0612   0.0348   0.0247
 -0.0794  -0.0276   0.0834  -0.0543  -0.0049   0.0227
 -0.0975  -0.0059   0.0585  -0.0529   0.0220   0.0194
 -0.0535  -0.0287   0.0864   0.0599  -0.0428  -0.0552
 -0.0672   0.0382   0.0585  -0.1778   0.0059   0.0243
 -0.0905   0.0555   0.0476  -0.1535   0.0939   0.0187
 -0.0776   0.0641   0.0808  -0.1178   0.0353   0.0275
 -0.0951   0.0658   0.0560  -0.1083   0.0724   0.0257
 -0.0910   0.0615   0.0779  -0.0874   0.0331   0.0027
 -0.0927   0.0667   0.0651  -0.0869   0.0669   0.0115
 -0.0876   0.0625   0.0969  -0.0799   0.0328   0.0031
 -0.0766   0.0780   0.0885  -0.0651   0.0393  -0.0059
 -0.0816   0.0848   0.0941  -0.0590   0.0736  -0.0125
 -0.0769   0.0679   0.0928  -0.0395   0.0313  -0.0160
 -0.0846   0.0656   0.0921  -0.0599   0.0603  -0.0133
 -0.0723   0.0584   0.0990  -0.0623   0.0345  -0.0111
 -0.0828   0.0366   0.0901  -0.0319   0.0287   0.0033
 -0.0899   0.0416   0.0803  -0.0471   0.0461   0.0074
