 -0.0014   0.0166  -0.0236  -0.0041  -0.0175   0.0056
 -0.0154  -0.0469  -0.0152  -0.0684  -0.0058  -0.1206
 -0.0027  -0.0781   0.0196   0.0613  -0.0268  -0.0705
 -0.0158  -0.0255   0.0175  -0.0250  -0.0278   0.0510
 -0.0330  -0.0123   0.0270  -0.0203  -0.0435   0.0037
 -0.0070  -0.0303   0.0464   0.0620  -0.0382   0.0699
 -0.0138  -0.0361   0.0342   0.0470  -0.0382   0.0125
  0.0048  -0.0326   0.0390  -0.0026  -0.0281   0.0125
 -0.0157   0.0177   0.0244  -0.0125  -0.0248  -0.1073
  0.0169  -0.0763   0.0446   0.1312  -0.0297   0.0559
 -0.0063   0.0133   0.0156  -0.0430  -0.0110   0.1293
 -0.0127   0.0179   0.0187  -0.0996  -0.0096  -0.2032
  0.0187  -0.0001   0.0322   0.1003  -0.0102   0.0340
 -0.0061   0.0379   0.0199  -0.0527  -0.0021   0.1295
  0.0117  -0.0030   0.0102  -0.0796  -0.0109  -0.1237
  0.0378   0.0601   0.0235   0.0973  -0.0077   0.1198
 -0.0011   0.0079   0.0391  -0.0591   0.0149   0.0334
 -0.0125  -0.0413   0.0435   0.0164   0.0164  -0.0817
  0.0256   0.0205   0.0425   0.0303   0.0319   0.1418
 -0.0140   0.0006   0.0317  -0.0056   0.0441  -0.0915
  0.0470  -0.0190   0.0459   0.1057  -0.0197   0.0522
 -0.0011   0.0410   0.0138  -0.0579   0.0016   0.1360
 -0.0122   0.0080   0.0125  -0.0840  -0.0078  -0.1905
 -0.0164   0.0077   0.0121   0.0601  -0.0063  -0.0764
 -0.0206   0.0043   0.0168   0.0272   0.0037   0.1181
  0.0148  -0.0185   0.0172   0.0306   0.0000   0.0445
 -0.0050   0.0198  -0.0081  -0.0014   0.0133  -0.0388
 -0.0066   0.0137  -0.0041  -0.0115   0.0007  -0.0480
  0.0115   0.0320   0.0166   0.0495   0.0130   0.0088
  0.0039   0.0107   0.0022  -0.0435   0.0204   0.0106
 -0.0044   0.0154   0.0021  -0.0528   0.0238  -0.0381
 -0.0078  -0.0012  -0.0056  -0.0414   0.0224   0.0548
  0.0201   0.0835   0.0058   0.0114   0.0168   0.1163
 -0.0013   0.0085   0.0100  -0.0412   0.0145  -0.0884
  0.0315   0.0456   0.0109   0.0143   0.0032  -0.0147
  0.0175  -0.0051   0.0148   0.0107   0.0042   0.0346
  0.0321   0.0449   0.0090  -0.0037   0.0113  -0.0053
  0.0045   0.0045  -0.0007  -0.0363   0.0252   0.0624
  0.0193   0.1173  -0.0867   0.2451  -0.1015   0.1480
  0.0448   0.2626  -0.2619   0.4490  -0.0486   0.1440
 -0.0451  -0.0483  -0.0732  -0.0479   0.0722  -0.5423
 -0.0744  -0.0458   0.0299  -0.3293  -0.0201   0.0365
 -0.0198  -0.0082   0.0015   0.0055  -0.0033   0.2722
  0.0119  -0.0779   0.0540   0.0694  -0.0111  -0.0867
  0.0023  -0.0379   0.0309   0.0530  -0.0050   0.0448
  0.0099  -0.0457   0.0418  -0.0251  -0.0016  -0.0403
  0.0307  -0.0060   0.0386  -0.0293  -0.0043   0.1523
 -0.0008  -0.0081   0.0204  -0.0880  -0.0005  -0.1271
  0.0063  -0.0097   0.0057  -0.0881   0.0071  -0.1863
  0.0039  -0.0339   0.0151   0.0130   0.0154   0.0580
  0.0153  -0.0129   0.0128  -0.0076   0.0214   0.1043
  0.0091   0.0116   0.0099   0.0277   0.0276  -0.0483
  0.0236  -0.0055   0.0045   0.0134   0.0327  -0.0677
  0.0231   0.0036   0.0126   0.0669   0.0157   0.0012
  0.0137  -0.0219   0.0027   0.0108   0.0263   0.0554
  0.0189   0.0086  -0.0149  -0.1007   0.0427   0.0428
  0.0308  -0.0494   0.0061   0.0189   0.0450  -0.0141
  0.0924   0.2511   0.0016   0.1652  -0.1078   0.4017
  0.0885   0.0746  -0.0223   0.0842   0.0063  -0.0996
 -0.0464  -0.2233   0.0160  -0.1004   0.0664  -0.3526
 -0.0776  -0.0468   0.0204  -0.1530  -0.0004   0.1282
 -0.0275  -0.0187   0.0476  -0.0672   0.0056  -0.0416
  0.0132   0.0386   0.0582   0.1489   0.0190   0.0516
 -0.0089  -0.0194   0.0389   0.0227   0.0397  -0.0110
 -0.0054  -0.0463   0.0444  -0.0426   0.0389  -0.0400
 -0.0117  -0.0223   0.0202   0.0140   0.0014  -0.0049
 -0.0088  -0.0351   0.0108  -0.0244   0.0073   0.0098
  0.0232  -0.0169   0.0113   0.0592  -0.0107   0.0905
  0.0048   0.0298   0.0040  -0.0006  -0.0098  -0.0709
  0.0296  -0.0189   0.0031  -0.0346  -0.0214  -0.0803
  0.0129   0.0155   0.0128  -0.0081  -0.0058   0.0027
  0.0174  -0.0281  -0.0196  -0.1211   0.0130   0.0149
  0.0331  -0.0140   0.0110   0.0622  -0.0068   0.0652
  0.0192   0.0105  -0.0032   0.0210   0.0122   0.0144
  0.0289   0.0133  -0.0092  -0.1009   0.0122  -0.1328
  0.0162   0.0009  -0.0099   0.0117   0.0225  -0.0108
  0.0369  -0.0333  -0.0089   0.0458   0.0281   0.0844
  0.0677   0.0482   0.0118   0.0125   0.0180   0.0961
  0.0336   0.1090   0.0163   0.1030  -0.0018   0.0733
  0.0994   0.0643  -0.0087   0.0471   0.0466  -0.0307
  0.0221   0.0669   0.0064  -0.0868   0.0285  -0.2243
 -0.0633  -0.0559   0.0311   0.0730  -0.0378  -0.0426
  0.0016  -0.0270   0.0101  -0.0206   0.0391   0.1947
  0.0039  -0.0009   0.0234  -0.0447  -0.0298  -0.0706
  0.0057  -0.0525   0.0286   0.0393  -0.0159  -0.0895
 -0.0064  -0.0148  -0.0007  -0.0113  -0.0004  -0.0105
 -0.0084  -0.0328  -0.0207  -0.0392   0.0097   0.0059
 -0.0037   0.0024   0.0052  -0.0357  -0.0024   0.0572
  0.0012   0.0321  -0.0080  -0.0424   0.0043  -0.0740
 -0.0075  -0.0138  -0.0636  -0.1329   0.0262  -0.1183
 -0.0182   0.0112  -0.0545  -0.1437   0.0205   0.0400
 -0.0150  -0.0130  -0.0707  -0.0168   0.0330  -0.0128
 -0.0135  -0.0334  -0.0489   0.0964   0.0425   0.0312
  0.1129   0.3226  -0.0962   0.1910  -0.0748   0.5209
  0.0641   0.0416  -0.0488   0.4133  -0.0465   0.0156
 -0.1068  -0.1331  -0.0189  -0.0458   0.0246  -0.3674
 -0.0408   0.0544  -0.0133  -0.3174  -0.0484   0.0928
 -0.0250  -0.0711   0.0184  -0.0099  -0.0002  -0.1043
 -0.0531   0.0015   0.0367   0.0893  -0.0450   0.0339
 -0.0241  -0.0501   0.0290   0.0538   0.0181   0.0700
 -0.0184  -0.0254   0.0015  -0.0731   0.0405   0.0437
 -0.0295  -0.0829  -0.0631  -0.2995   0.0823   0.0069
 -0.0258  -0.0906  -0.0642  -0.2150   0.0830  -0.0131
 -0.0390  -0.0474  -0.0605   0.0337  -0.0172  -0.0906
 -0.0395  -0.0113  -0.0338   0.0193  -0.0296  -0.0646
 -0.0394   0.0069  -0.0324   0.0668  -0.0387  -0.0171
 -0.0362  -0.0099  -0.0221   0.0394  -0.0403  -0.0359
 -0.0299   0.0275  -0.0573  -0.0872  -0.0199  -0.0683
 -0.0240  -0.0567  -0.0398   0.0365  -0.0253   0.0223
  0.0548   0.1797  -0.0503   0.2421  -0.0449   0.3450
  0.0552   0.0529  -0.0230   0.3256  -0.0530  -0.0167
 -0.0293  -0.0522  -0.0178  -0.0361  -0.0394  -0.1882
 -0.0238   0.0867  -0.0134  -0.2402  -0.0540   0.0243
 -0.0196  -0.0231   0.0170   0.0282  -0.0484  -0.0704
 -0.0280  -0.0042   0.0087   0.0318  -0.0163   0.0331
 -0.0334  -0.0230  -0.0042  -0.0583  -0.0032  -0.0153
 -0.0423  -0.0249  -0.0256  -0.0755   0.0212   0.0280
 -0.0278  -0.0527  -0.0043   0.0462   0.0061   0.1294
  0.0118  -0.0300  -0.0252   0.0317   0.0085   0.0077
 -0.0263   0.0178  -0.0714  -0.2011   0.0398  -0.2120
