 -0.0037  -0.0318   0.0110   0.0775   0.0005  -0.0086
 -0.0041  -0.0057   0.0091   0.0802   0.0007  -0.0270
 -0.0017  -0.0302   0.0043   0.0807   0.0130  -0.0254
  0.0019  -0.0110   0.0030   0.0593   0.0078  -0.0436
  0.0018  -0.0422   0.0012   0.0634   0.0118  -0.0454
 -0.0042  -0.0369   0.0058   0.0731   0.0056  -0.0327
  0.0003  -0.0149  -0.0013   0.0456   0.0058  -0.0351
  0.0098  -0.0125   0.0000   0.0413   0.0064  -0.0458
  0.0041  -0.0209   0.0069   0.0532   0.0025  -0.0351
  0.0061  -0.0215   0.0008   0.0665   0.0043  -0.0254
  0.0035  -0.0300   0.0033   0.0453   0.0075  -0.0265
  0.0037  -0.0141   0.0066   0.0375   0.0014  -0.0319
  0.0054  -0.0188   0.0028   0.0267   0.0083  -0.0539
  0.0012  -0.0057  -0.0021   0.0270   0.0027  -0.0374
  0.0017  -0.0218  -0.0061   0.0298   0.0054  -0.0395
 -0.0010  -0.0213   0.0086   0.0410   0.0037  -0.0361
 -0.0045  -0.0196  -0.0014   0.0313   0.0029  -0.0283
  0.0008  -0.0331  -0.0009   0.0459   0.0052  -0.0275
  0.0056  -0.0068  -0.0042   0.0335   0.0028  -0.0509
  0.0108  -0.0081  -0.0006   0.0398   0.0061  -0.0593
  0.0013  -0.0257   0.0071   0.0629   0.0100  -0.0437
 -0.0043  -0.0066  -0.0003   0.0389   0.0033  -0.0416
 -0.0086  -0.0167   0.0065   0.0422  -0.0000  -0.0443
  0.0006  -0.0091   0.0068   0.0106   0.0020  -0.0333
  0.0011   0.0044   0.0021   0.0262  -0.0042  -0.0261
  0.0029  -0.0067   0.0056   0.0269  -0.0007  -0.0305
 -0.0072  -0.0035  -0.0031   0.0287  -0.0007  -0.0360
 -0.0052  -0.0162  -0.0096   0.0138  -0.0019  -0.0526
 -0.0068  -0.0129   0.0012   0.0237  -0.0090  -0.0330
 -0.0084  -0.0171  -0.0021   0.0124   0.0012  -0.0217
 -0.0020  -0.0119  -0.0018   0.0163   0.0030  -0.0456
 -0.0039   0.0052   0.0015   0.0188   0.0060  -0.0163
  0.0018  -0.0033  -0.0052   0.0121   0.0070  -0.0161
  0.0015   0.0009   0.0021   0.0118   0.0063  -0.0151
  0.0018   0.0042   0.0048  -0.0001  -0.0050  -0.0195
  0.0059  -0.0123   0.0006   0.0292   0.0077   0.0243
  0.0069  -0.0085  -0.0037   0.0133  -0.0010   0.0067
 -0.0013   0.0080  -0.0013   0.0034  -0.0077  -0.0043
  0.0019  -0.0251   0.0006   0.0371   0.0134   0.0279
 -0.0079  -0.0036   0.0005   0.0112   0.0052   0.0346
 -0.0065   0.0158  -0.0022  -0.0202  -0.0091  -0.0039
 -0.0144  -0.0024  -0.0038   0.0012  -0.0093  -0.0051
  0.0023  -0.0192  -0.0027  -0.0062  -0.0008   0.0061
  0.0046   0.0054  -0.0035   0.0063  -0.0044   0.0052
  0.0057   0.0217   0.0037  -0.0428  -0.0016  -0.0143
  0.0025   0.0216  -0.0053  -0.0231  -0.0002  -0.0252
  0.0046  -0.0184  -0.0042  -0.0061   0.0030  -0.0067
 -0.0032   0.0216  -0.0007  -0.0218  -0.0124  -0.0009
 -0.0083  -0.0022  -0.0031  -0.0173  -0.0045   0.0082
 -0.0011  -0.0009  -0.0072  -0.0015  -0.0013   0.0222
 -0.0013   0.0037   0.0007  -0.0031  -0.0047   0.0131
 -0.0057   0.0169   0.0021  -0.0178  -0.0101   0.0042
  0.0099   0.0019  -0.0021  -0.0111   0.0024   0.0174
  0.0047  -0.0016   0.0012  -0.0327  -0.0013   0.0173
  0.0025   0.0170  -0.0004  -0.0327  -0.0064   0.0065
  0.0027   0.0080   0.0050  -0.0185  -0.0013  -0.0004
  0.0031   0.0096  -0.0019  -0.0365  -0.0013   0.0144
  0.0031  -0.0050  -0.0065  -0.0074   0.0034   0.0044
  0.0008   0.0085   0.0031  -0.0124  -0.0054  -0.0013
 -0.0006   0.0057  -0.0034  -0.0188  -0.0032   0.0034
  0.0031   0.0087   0.0023  -0.0294  -0.0039   0.0227
  0.0024   0.0242   0.0034  -0.0360  -0.0002   0.0145
  0.0050   0.0200   0.0015  -0.0329  -0.0027   0.0002
  0.0038   0.0082   0.0044  -0.0249  -0.0036  -0.0055
 -0.0052  -0.0046  -0.0037  -0.0255  -0.0030   0.0348
  0.0004   0.0071  -0.0020  -0.0219   0.0067   0.0425
  0.0039   0.0391  -0.0015  -0.0556  -0.0095   0.0201
  0.0062   0.0089  -0.0075  -0.0173  -0.0011   0.0341
 -0.0008   0.0238  -0.0007  -0.0544  -0.0069   0.0376
 -0.0002   0.0290  -0.0016  -0.0516  -0.0069   0.0287
 -0.0013  -0.0015  -0.0032  -0.0210   0.0073   0.0693
 -0.0051   0.0250  -0.0007  -0.0362   0.0021   0.0604
 -0.0087   0.0292  -0.0056  -0.0514  -0.0111   0.0426
 -0.0023   0.0050  -0.0020  -0.0332  -0.0022   0.0760
 -0.0044   0.0145   0.0033  -0.0434  -0.0048   0.0583
 -0.0015   0.0335  -0.0015  -0.0433  -0.0087   0.0223
  0.0004   0.0209  -0.0004  -0.0612  -0.0034   0.0426
 -0.0013   0.0176  -0.0047  -0.0528  -0.0007   0.0386
 -0.0084   0.0172  -0.0047  -0.0597  -0.0013   0.0318
 -0.0008   0.0052  -0.0037  -0.0680  -0.0020   0.0466
 -0.0024   0.0350   0.0014  -0.0695  -0.0084   0.0431
  0.0009  -0.0080  -0.0038  -0.0546  -0.0055   0.0558
 -0.0004   0.0453   0.0048  -0.0799  -0.0075   0.0561
 -0.0045   0.0337   0.0051  -0.0555  -0.0057   0.0566
  0.0059   0.0138  -0.0056  -0.0496   0.0052   0.0504
