  0.0466   0.7017   0.1097   0.4052  -0.0249  -0.4912
  0.0572   0.7086   0.0895   0.1173  -0.0114  -0.3559
  0.0652   0.5152   0.1352   0.0139   0.0259  -0.4160
  0.0509   0.5410   0.1746   0.0970   0.0639  -0.3975
  0.0791   0.6763   0.0966  -0.3347   0.0383  -0.4322
  0.0753   0.5256   0.1418   0.0500   0.0351  -0.4039
  0.0754   0.3885   0.1148   0.0785   0.0523  -0.3478
  0.0596   0.4683   0.0866   0.0810   0.0472  -0.3976
  0.0774   0.4652   0.0834   0.0294   0.0381  -0.3851
  0.0770   0.5115   0.0378  -0.2390   0.0574  -0.4550
  0.0988   0.5335   0.0237  -0.3547   0.0752  -0.4421
  0.0513   0.3842   0.0629  -0.0600   0.0450  -0.3818
 -0.0271  -0.0269  -0.0366   0.0280  -0.0026  -0.3174
  0.0161   0.0485  -0.0182   0.0332   0.0290  -0.3269
  0.0213   0.0669   0.0047   0.0499   0.0217  -0.3525
  0.0307   0.0664   0.0598  -0.1405   0.0403  -0.3604
  0.0222   0.0751   0.0403  -0.0416   0.0588  -0.2745
  0.0250   0.0785   0.0341  -0.0236   0.0586  -0.3378
  0.0404   0.1104   0.0649  -0.1443   0.0611  -0.3304
  0.0351   0.0166   0.0737  -0.0573   0.0475  -0.2873
  0.0216   0.0533   0.0796  -0.0206   0.0548  -0.3247
  0.0232   0.0801   0.0700  -0.0159   0.0602  -0.2914
  0.0403   0.2464   0.0813  -0.0274   0.0644  -0.3468
  0.1078  -0.0698   0.0754   0.0725   0.1156  -0.3021
  0.0309   0.0243   0.1315   0.0128   0.0710  -0.3348
  0.0231   0.0175   0.1125   0.0085   0.0683  -0.3407
 -0.0009   0.0523   0.1011   0.0458   0.0555  -0.3021
 -0.0141  -0.1312   0.1279   0.2430   0.0766  -0.3544
  0.0403   0.1476   0.0856   0.1968   0.0625  -0.3698
 -0.0070   0.1253   0.0914  -0.1391   0.0270  -0.2516
  0.0283   0.1089   0.0797  -0.1881   0.0765  -0.3234
  0.0167   0.1622   0.0820   0.0128   0.0678  -0.3067
  0.0046   0.2040   0.0815   0.0032   0.0558  -0.3704
  0.0345   0.2200   0.0492   0.1056   0.0527  -0.2696
  0.0520   0.2413   0.1125   0.1688   0.0568  -0.3206
  0.0386   0.2356   0.1120   0.1566   0.0571  -0.2885
  0.0394   0.3072   0.1057   0.1454   0.0647  -0.3579
  0.0431   0.2960   0.0900   0.1250   0.0425  -0.3041
  0.0348   0.3128   0.0919   0.1575   0.0433  -0.3404
  0.0325   0.3105   0.1003   0.1738   0.0409  -0.3208
 -0.0096   0.2859  -0.0141   0.1406   0.0081  -0.3145
  0.0470   0.4721  -0.0054   0.1125   0.0519  -0.3444
  0.0666   0.4027  -0.0798  -0.2806   0.0861  -0.3649
  0.0554   0.3531  -0.0394  -0.0036   0.0558  -0.3246
  0.0503   0.4235  -0.0440   0.0075   0.0490  -0.3337
  0.0638   0.3766  -0.0331  -0.0202   0.0586  -0.3301
  0.0618   0.3707  -0.0393  -0.0190   0.0604  -0.3330
  0.0685   0.3586  -0.0303   0.0694   0.0690  -0.3028
  0.0624   0.3587  -0.0195   0.0817   0.0570  -0.3126
  0.0658   0.3266  -0.0190   0.1274   0.0614  -0.2646
  0.0581   0.2730  -0.0170   0.1492   0.0566  -0.2954
 -0.0200   0.1533  -0.0661   0.2485  -0.0031  -0.2152
 -0.0057   0.2061  -0.0928   0.2547  -0.0061  -0.2368
  0.0037   0.2172  -0.0922   0.2558  -0.0010  -0.2212
 -0.0475   0.3034  -0.1265   0.1535  -0.0209  -0.2352
 -0.0831   0.1119  -0.1271   0.1916  -0.0572  -0.2042
 -0.0629  -0.0354  -0.1118   0.2355  -0.0416  -0.1766
 -0.0728  -0.2330  -0.0234   0.2758  -0.0353  -0.1403
 -0.0690  -0.2693   0.0026   0.1504  -0.0195  -0.1223
 -0.0534  -0.3237  -0.0093   0.2437  -0.0383  -0.0895
 -0.0500  -0.0991  -0.0693   0.1715  -0.0021  -0.1231
 -0.0553  -0.1743  -0.0764   0.2942  -0.0216  -0.1100
 -0.0476  -0.0933  -0.0663   0.2369  -0.0293  -0.1243
 -0.0044  -0.1475  -0.0595   0.1025   0.0202  -0.1310
 -0.0456  -0.1883  -0.0657   0.1400  -0.0345  -0.0578
 -0.0402  -0.2472  -0.1525   0.0624  -0.0405  -0.0796
 -0.0390  -0.2054  -0.0715   0.1767  -0.0331  -0.0479
 -0.0394  -0.1953  -0.0570   0.1615  -0.0295  -0.0858
 -0.0317  -0.2309  -0.0494   0.1724  -0.0075  -0.0198
 -0.0359  -0.2377  -0.0460   0.1714  -0.0135  -0.0595
 -0.0548  -0.2825  -0.0759   0.0402  -0.0150  -0.0353
 -0.0639  -0.2771  -0.0109   0.1716  -0.0243  -0.0247
 -0.0941  -0.2730   0.0142   0.2462  -0.0490  -0.0387
 -0.1004  -0.2978   0.0160   0.2738  -0.0532   0.0219
 -0.0457  -0.3099  -0.0408   0.3368  -0.0028  -0.0009
 -0.0016  -0.3041  -0.0089   0.3201   0.0088  -0.0215
 -0.0289  -0.2708  -0.0230   0.2882   0.0173  -0.0107
 -0.0379  -0.3281  -0.0114   0.3278   0.0092  -0.0103
 -0.0793  -0.3083   0.0189  -0.0632  -0.0587  -0.0019
 -0.0636  -0.3995   0.1097  -0.1708  -0.0173   0.0351
 -0.0416  -0.3105   0.1277   0.1246  -0.0050   0.0599
 -0.0550  -0.3836   0.1050   0.0838  -0.0096   0.0646
 -0.0622  -0.3424  -0.0185   0.1316  -0.0212   0.0559
 -0.0631  -0.3170   0.0119   0.1951  -0.0132   0.0699
 -0.0474  -0.3375   0.0573   0.2071   0.0116   0.0571
 -0.0334  -0.3989   0.1033  -0.0563   0.0169   0.0591
 -0.0464  -0.3744   0.0882   0.0043   0.0070   0.1093
 -0.0517  -0.3604   0.1048   0.0409   0.0185   0.1052
 -0.0524  -0.4301   0.1149   0.1989   0.0062   0.1244
 -0.0518  -0.3987   0.1242   0.2347   0.0091   0.0903
 -0.0452  -0.3971   0.1290   0.2724   0.0204   0.1068
 -0.0532  -0.3365   0.1215   0.2830   0.0100   0.0793
 -0.0563  -0.2549   0.1258   0.2825   0.0113   0.0605
 -0.0533  -0.2609   0.1337   0.3121   0.0090   0.0578
 -0.0354  -0.2961   0.1372  -0.0599   0.0085   0.1150
 -0.0470  -0.3972   0.1870  -0.0584   0.0045   0.1801
 -0.0572  -0.3073   0.1565   0.0465   0.0268   0.1239
 -0.0348  -0.3028   0.1481   0.1301   0.0060   0.1223
 -0.0654  -0.3244   0.1685   0.0029  -0.0113   0.1016
 -0.0602  -0.3698   0.1353  -0.0251  -0.0121   0.1227
 -0.0379  -0.2909   0.1150  -0.0242  -0.0023   0.1587
 -0.0617  -0.2430   0.0639  -0.0095  -0.0084   0.2467
 -0.0212   0.0697  -0.0907  -0.0757  -0.0399   0.1017
  0.0072   0.0257  -0.0295  -0.0252  -0.0130   0.1412
  0.0174   0.0280   0.0239  -0.0360  -0.0294   0.1299
  0.0128  -0.1078  -0.0539  -0.0061  -0.0394   0.1765
  0.0479  -0.1033  -0.0325  -0.3503   0.0028   0.1717
  0.0112  -0.1049   0.0114  -0.2007  -0.0274   0.2043
 -0.0003  -0.1298   0.0331  -0.1640  -0.0266   0.2191
 -0.0204  -0.2290   0.0590  -0.1440  -0.0435   0.2307
 -0.0457  -0.2612   0.0808  -0.1463  -0.0526   0.2874
 -0.0126  -0.4131  -0.0046  -0.1711  -0.0394   0.2548
 -0.0055  -0.1651   0.0187  -0.1702  -0.0397   0.2506
 -0.0197  -0.0860   0.0155  -0.0993  -0.0597   0.2394
 -0.0018  -0.0529   0.0169  -0.0732  -0.0471   0.2252
  0.0430  -0.1010   0.0114  -0.3379  -0.0045   0.2317
  0.0316  -0.1465  -0.0572  -0.4425  -0.0039   0.3734
 -0.0017  -0.0231  -0.0276  -0.2858  -0.0252   0.2932
  0.0738  -0.2558   0.0007  -0.2363   0.0098   0.3325
  0.0432  -0.1588  -0.0606  -0.2660  -0.0067   0.3173
  0.0253  -0.1261  -0.0665  -0.1753  -0.0240   0.3991
  0.0360  -0.0761  -0.0469  -0.1762  -0.0304   0.3113
  0.0401  -0.0572  -0.0555  -0.1846  -0.0338   0.3008
  0.0217  -0.1587  -0.0487  -0.1829  -0.0302   0.3287
  0.0013  -0.0274  -0.0462  -0.1270  -0.0368   0.3950
 -0.0170  -0.0506  -0.0031  -0.1234  -0.0545   0.3109
 -0.0474  -0.0435  -0.0088  -0.1270  -0.0770   0.2948
  0.0183   0.0058  -0.0281  -0.2080  -0.0297   0.2970
  0.0357   0.0242  -0.0175  -0.1727  -0.0273   0.2816
  0.0068  -0.0179  -0.0233  -0.1287  -0.0472   0.2959
 -0.0094  -0.1314  -0.0382  -0.1530  -0.0510   0.3319
  0.0370  -0.0315  -0.0527  -0.1567  -0.0374   0.4240
  0.0303   0.0088  -0.0398  -0.1668  -0.0546   0.3476
  0.0101   0.0384  -0.0553  -0.2451  -0.0474   0.3802
 -0.0180   0.1488  -0.2693  -0.2070  -0.0723   0.2972
  0.0101   0.1675  -0.3134  -0.2309  -0.0312   0.3078
  0.0151   0.0870  -0.1888  -0.2262  -0.0215   0.3034
  0.0150   0.0604  -0.1659  -0.2121  -0.0150   0.3231
  0.0024   0.0370  -0.1500  -0.1386  -0.0133   0.3361
 -0.0135  -0.0372  -0.1463  -0.0345  -0.0391   0.3702
 -0.0041   0.1071  -0.1642  -0.1266  -0.0448   0.3761
  0.0041   0.1212  -0.1650  -0.0802  -0.0522   0.3702
  0.0014   0.0725  -0.1630  -0.0443  -0.0179   0.3536
  0.0003   0.1120  -0.1253  -0.4401  -0.0405   0.3396
 -0.0110  -0.0018  -0.1020  -0.1714  -0.0618   0.4089
 -0.0128   0.0528  -0.0769  -0.0963  -0.0655   0.3655
  0.0174   0.0168  -0.0723  -0.0486  -0.0488   0.4490
  0.0585   0.1313  -0.0674  -0.0014  -0.0416   0.4124
  0.0311   0.1681  -0.0851  -0.0840  -0.0518   0.3898
  0.0482   0.1463  -0.1107  -0.1792  -0.0361   0.4221
  0.0223   0.1103  -0.0892  -0.0921  -0.0311   0.4771
  0.0078   0.0819  -0.0757  -0.0835  -0.0327   0.4315
  0.0164   0.0664  -0.1014  -0.2690  -0.0274   0.4148
 -0.1212   0.0306  -0.2588  -0.1991  -0.0915   0.5040
 -0.0358   0.0913  -0.1709  -0.1412  -0.0569   0.4600
 -0.0114   0.0852  -0.1395  -0.2257  -0.0440   0.4337
