 -0.1761   2.0666  -0.0248  -1.3340  -0.1133  -0.8061
 -0.1839   2.0559  -0.0383  -1.3086  -0.1118  -0.8267
 -0.1849   1.9636  -0.0031  -1.2160  -0.1055  -0.7963
 -0.1607   1.8434  -0.0151  -1.2070  -0.1016  -0.8095
 -0.1782   1.7564   0.0080  -1.1586  -0.1247  -0.8125
 -0.1694   1.6822  -0.0361  -1.0971  -0.1044  -0.8028
 -0.0981   1.5503  -0.0306  -0.9877  -0.0906  -0.7915
 -0.1020   1.1954   0.1175  -0.6078  -0.0639  -0.6071
 -0.1218   1.1365   0.0851  -0.5762  -0.0523  -0.6093
 -0.1185   1.1677   0.0012  -0.6838  -0.0889  -0.6195
 -0.1284   1.0798  -0.0353  -0.5676  -0.0746  -0.6384
 -0.1701   1.1293  -0.0577  -0.5392  -0.0875  -0.6439
 -0.1627   1.0923  -0.0470  -0.5464  -0.0754  -0.6120
 -0.1322   1.1732  -0.1087  -0.6099  -0.0582  -0.5880
 -0.1225   1.1306  -0.1103  -0.4471  -0.0642  -0.6111
 -0.1186   1.2426  -0.0934  -0.4974  -0.0570  -0.5888
 -0.1585   1.2975  -0.0637  -0.6233  -0.0639  -0.5372
 -0.1497   1.3379  -0.0064  -0.5969  -0.0689  -0.5732
 -0.1462   1.3656  -0.0282  -0.5683  -0.0690  -0.5716
 -0.1494   1.3923  -0.0458  -0.5710  -0.0676  -0.5740
 -0.1603   1.3918  -0.0686  -0.6115  -0.0809  -0.6045
 -0.1632   1.3395  -0.0641  -0.5555  -0.0784  -0.6100
 -0.1538   1.3148  -0.0727  -0.5944  -0.0745  -0.5870
 -0.1532   1.8735  -0.0291  -1.9854  -0.0850  -0.6087
 -0.0875   1.7538  -0.1312  -1.8276  -0.0744  -0.6445
 -0.1400   1.7757  -0.1635  -1.6486  -0.0952  -0.6608
 -0.1356   1.7223  -0.1757  -1.5412  -0.0916  -0.6690
 -0.1521   0.0214  -0.0152  -0.8680  -0.0444  -0.2194
  0.0491  -2.0999   0.1246  -1.0867   0.0405  -0.0719
  0.0178  -0.5035  -0.0764  -0.9199   0.0078  -0.2451
 -0.0137  -0.5337  -0.0265  -0.8199   0.0008  -0.2380
 -0.0177  -0.4573  -0.0250  -0.8327  -0.0076  -0.2426
 -0.0041  -0.4717  -0.0146  -0.8084  -0.0098  -0.2395
 -0.0060  -0.4317  -0.0378  -0.8005  -0.0094  -0.2338
 -0.0181  -0.3983  -0.0657  -0.7668  -0.0137  -0.2203
 -0.0165  -0.3598  -0.0596  -0.7458  -0.0203  -0.2336
 -0.0270  -0.2981  -0.0582  -0.8248  -0.0145  -0.2291
 -0.0217   0.3313  -0.0125  -0.5073  -0.0243  -0.1105
 -0.0414  -0.0697   0.1754  -0.2806  -0.0078  -0.1430
 -0.0553  -0.0244   0.1238  -0.1651  -0.0040  -0.1353
 -0.0521  -0.0655   0.0813  -0.1210  -0.0066  -0.1793
 -0.0597  -0.0491   0.0695  -0.0988  -0.0075  -0.1747
 -0.0462   0.0114   0.0556   0.0216  -0.0218  -0.1389
 -0.0553  -0.0125   0.0444   0.0414  -0.0239  -0.1420
 -0.0600  -0.0097   0.0528  -0.0078  -0.0243  -0.1584
 -0.0784   0.0245   0.0555  -0.0341  -0.0375  -0.1598
 -0.0734   0.0668   0.0388   0.0257  -0.0324  -0.1772
 -0.0670   0.0792   0.0233   0.0500  -0.0347  -0.1765
 -0.0641   0.0537   0.0354   0.0757  -0.0299  -0.1396
 -0.0557   0.0348   0.0193   0.0468  -0.0241  -0.1479
 -0.0594   0.0328   0.0172   0.0366  -0.0294  -0.1389
 -0.0500   0.0676   0.0207  -0.0231  -0.0181  -0.1462
 -0.0510   0.0254   0.0176  -0.0591  -0.0237  -0.1372
 -0.0296  -0.1735   0.0387  -0.0376  -0.0087  -0.1054
 -0.0043  -0.2304   0.0196  -0.0313  -0.0046  -0.0885
 -0.0582  -0.2548   0.0132   0.0121  -0.0205  -0.0725
 -0.0817  -0.4295   0.0403   0.0298   0.0018  -0.0485
 -0.1014  -0.3000   0.0664   0.0352   0.0016  -0.0781
 -0.0683  -0.3130   0.0356   0.0490   0.0009  -0.0617
 -0.0592  -0.2971   0.0558   0.0303  -0.0051  -0.0446
 -0.0721   0.0276   0.0949  -0.3387   0.0144  -0.0766
  0.0220  -0.0143   0.0539  -0.1143   0.0401  -0.0185
  0.0245  -0.1057   0.0411   0.0555   0.0340  -0.0117
  0.0217  -0.0950   0.0298   0.0540   0.0310   0.0108
  0.0188  -0.1002   0.0320   0.0853   0.0271   0.0133
  0.0065  -0.1537   0.0301   0.1327   0.0402   0.0183
  0.0248  -0.1809   0.0014   0.1790   0.0241   0.0230
  0.0450  -0.2359  -0.0076   0.1522   0.0269   0.0415
  0.0180  -0.2195  -0.0018   0.1391   0.0293   0.0500
  0.0184  -0.1471   0.0069   0.1439   0.0275   0.0449
  0.0198  -0.1300  -0.0012   0.1484   0.0292   0.0402
  0.0251  -0.1488   0.0270   0.1532   0.0328   0.0743
  0.0336  -0.1456   0.0081   0.1479   0.0390   0.0752
  0.0272  -0.1283   0.0082   0.1753   0.0367   0.0659
  0.0332  -0.1437   0.0017   0.2195   0.0280   0.0702
  0.0391  -0.1800   0.0124   0.2286   0.0269   0.0844
  0.0458  -0.2088   0.0163   0.2271   0.0285   0.0957
  0.0483  -0.2142   0.0099   0.2287   0.0283   0.1093
  0.0535  -0.2608   0.0281   0.2775   0.0300   0.1297
  0.0422  -0.2570   0.0182   0.2550   0.0342   0.1419
  0.0383  -0.2518   0.0105   0.2586   0.0327   0.1466
  0.0441  -0.2356   0.0049   0.2453   0.0353   0.1576
  0.0553  -0.2890  -0.0040   0.4293   0.0464   0.1860
  0.0422  -0.3013  -0.0000   0.2711   0.0357   0.1746
  0.0479  -0.2930  -0.0076   0.2790   0.0342   0.1835
  0.0444  -0.2799  -0.0036   0.2946   0.0301   0.1861
  0.0333  -0.2872  -0.0013   0.2807   0.0316   0.2131
  0.0442  -0.2938  -0.0080   0.2879   0.0396   0.2056
  0.0490  -0.3117  -0.0099   0.2694   0.0304   0.2092
  0.0500  -0.3471  -0.0220   0.2931   0.0195   0.2246
  0.0443  -0.3280  -0.0285   0.2849   0.0102   0.2874
  0.0584  -0.3570  -0.0216   0.2965   0.0095   0.2694
  0.0693  -0.3853  -0.0223   0.3182   0.0134   0.2760
  0.0634  -0.3892  -0.0203   0.3479   0.0132   0.2854
  0.0542  -0.4265  -0.0130   0.3698   0.0192   0.3021
  0.0512  -0.3953  -0.0219   0.3599   0.0170   0.3097
  0.0521  -0.3988  -0.0110   0.3685   0.0215   0.3165
  0.0491  -0.3385  -0.0145   0.1270   0.0197   0.3405
  0.0570  -0.4073  -0.0208   0.3209   0.0087   0.3450
  0.0673  -0.4189  -0.0258   0.3579   0.0098   0.3575
  0.0701  -0.4059  -0.0278   0.3314   0.0138   0.3492
  0.0747  -0.3801  -0.0303   0.1140   0.0268   0.3535
  0.0905  -0.2870  -0.1164   0.1983   0.0146   0.3380
  0.0645  -0.1181  -0.2121   0.5159  -0.0124   0.3093
  0.0438  -0.1785  -0.1752   0.5392  -0.0152   0.3158
  0.0652  -0.2374  -0.1710   0.5429  -0.0052   0.3450
  0.0638  -0.2041  -0.1722   0.5414  -0.0090   0.3395
  0.0726  -0.2562  -0.1736   0.5755   0.0030   0.3541
  0.0246  -0.2070  -0.1808   0.5660  -0.0257   0.3593
 -0.0132  -0.2951  -0.1746   0.5651  -0.0451   0.3862
 -0.0039  -0.2843  -0.1821   0.5678  -0.0442   0.3918
  0.0298  -0.3891  -0.1730   0.6343  -0.0140   0.4515
  0.0651  -0.9206  -0.0739   1.4705   0.0897   0.6568
  0.1332  -0.8978   0.0854   0.8717   0.0585   0.5932
  0.0990  -0.9610  -0.0911   1.0149   0.0836   0.6702
  0.1582  -0.8981  -0.0380   0.8323   0.0733   0.5908
  0.1089  -0.7656   0.2326   1.3827   0.1297   0.6291
  0.2215  -0.8654   0.2102   0.9798   0.1150   0.6493
  0.2031  -0.7521   0.2092   0.9432   0.1055   0.6485
  0.2062  -0.7177   0.2016   0.7721   0.1056   0.6241
  0.2097  -0.7173   0.1795   0.7553   0.1027   0.6163
  0.1914  -0.6081   0.1385   0.7438   0.0877   0.6360
  0.2032  -0.6277   0.1287   0.7320   0.0907   0.6813
  0.2130  -0.6012   0.0926   0.6573   0.1099   0.7340
  0.2292  -0.5890   0.0676   0.6720   0.1092   0.7072
  0.2283  -0.5889   0.0758   0.6965   0.1048   0.6936
  0.1918  -0.5591   0.0530   0.6765   0.0972   0.6836
  0.0635  -0.4050  -0.0138   0.7921   0.0567   0.6821
