 -0.0746  -0.1488  -0.0120   0.2315  -0.0048   0.0148
 -0.0562   0.0197  -0.0489  -0.3535   0.0090   0.1208
 -0.0201  -0.0471  -0.0487   0.0664   0.0061   0.0540
  0.0110  -0.0448  -0.0050   0.0519  -0.0042   0.0523
 -0.0020   0.0314  -0.0582   0.2056  -0.0621  -0.0062
  0.0053  -0.0197  -0.0639   0.1944  -0.0315   0.0277
  0.0024  -0.0918  -0.0641   0.2774  -0.0311   0.0309
  0.0357  -0.1515  -0.0419   0.2045  -0.0109   0.0343
 -0.0101  -0.1022  -0.0637   0.1810  -0.0252   0.0373
 -0.0138  -0.1270  -0.0776   0.3483  -0.0476   0.0140
 -0.0238  -0.1009  -0.1046   0.1698  -0.0260   0.0258
 -0.0225  -0.1415  -0.1128   0.4043  -0.0366  -0.0023
 -0.0371  -0.1078  -0.0559   0.2580  -0.0274  -0.0031
 -0.0169   0.0106  -0.0779  -0.1705  -0.0238   0.0841
 -0.0299  -0.0075  -0.1076  -0.2135  -0.0182   0.0972
  0.0036  -0.0600  -0.0641   0.0389  -0.0043   0.0576
  0.0421  -0.0090  -0.0065   0.0165  -0.0207   0.0600
  0.0005  -0.0780  -0.0390   0.0627  -0.0334   0.0555
 -0.0063  -0.1305  -0.0493   0.1108  -0.0221   0.0400
 -0.0138   0.0191  -0.0524   0.0752  -0.0378   0.0543
 -0.1111  -0.0679  -0.0386   0.0471  -0.0595   0.0167
 -0.0224  -0.0646  -0.0408   0.0295  -0.0207   0.0402
 -0.0237  -0.0523  -0.0415   0.0268  -0.0362   0.0404
 -0.0333  -0.0582  -0.0419   0.0509  -0.0202   0.0451
 -0.0693  -0.0450  -0.1131   0.0930  -0.0256   0.0350
 -0.0361  -0.0771   0.0133  -0.0244  -0.0110   0.0438
 -0.0285  -0.1268  -0.0188   0.2044   0.0012   0.0161
 -0.1204  -0.0847  -0.0502   0.1669   0.0366   0.0039
 -0.0589  -0.0933  -0.0137   0.1467   0.0091   0.0086
 -0.0457  -0.0982  -0.0262   0.2722   0.0071  -0.0163
 -0.0497  -0.1468  -0.0435   0.4350   0.0436  -0.0233
 -0.0523  -0.1402  -0.0488   0.5085   0.0048  -0.0376
 -0.0415  -0.1504  -0.0452   0.4382  -0.0132  -0.0334
 -0.0123  -0.0645  -0.0381   0.2679  -0.0098  -0.0158
 -0.0260  -0.0925  -0.0445   0.3303   0.0047  -0.0084
 -0.0268  -0.1067  -0.0398   0.3692  -0.0135  -0.0196
 -0.0308  -0.0896  -0.0253   0.2785  -0.0192  -0.0135
 -0.0171  -0.1464  -0.0234   0.4866   0.0057  -0.0175
 -0.0638  -0.2013  -0.0332   0.6893   0.0075  -0.0367
 -0.0149  -0.0849  -0.0158   0.2472  -0.0160   0.0139
 -0.0253  -0.1046   0.0223   0.2526  -0.0117   0.0031
 -0.0527  -0.1732   0.0451   0.3166  -0.0011  -0.0308
 -0.0307  -0.1144   0.0574   0.3122   0.0080  -0.0201
 -0.0284  -0.1495   0.0692   0.5194   0.0166  -0.0264
 -0.0337  -0.1968   0.0762   0.5422   0.0004  -0.0343
 -0.0611  -0.1740   0.0292   0.4071   0.0143  -0.0382
 -0.0773  -0.1825  -0.0653   0.4138   0.0305  -0.0334
 -0.0857  -0.1932  -0.0727   0.4093   0.0245  -0.0276
 -0.0814  -0.1886  -0.0581   0.3699   0.0118  -0.0238
 -0.0865  -0.1860  -0.0414   0.3682   0.0291  -0.0432
 -0.1002  -0.1726  -0.0441   0.4633   0.0802  -0.0768
 -0.1377  -0.1075  -0.0447   0.4724   0.0091  -0.0859
 -0.0617  -0.0993  -0.0336   0.2657  -0.0006  -0.0394
 -0.0382  -0.1216  -0.0213   0.3473  -0.0021  -0.0370
 -0.0471  -0.1465  -0.0198   0.5762  -0.0072  -0.0572
 -0.0544  -0.1639  -0.0301   0.5342  -0.0076  -0.0546
 -0.0551  -0.1665  -0.0378   0.5018  -0.0183  -0.0415
 -0.0643  -0.1723  -0.0482   0.4780  -0.0211  -0.0487
 -0.0741  -0.1585  -0.0406   0.4455  -0.0279  -0.0625
 -0.0669  -0.1889  -0.0349   0.5483  -0.0215  -0.0564
 -0.0556  -0.1739  -0.0210   0.4917  -0.0251  -0.0545
 -0.0921  -0.1122  -0.0404   0.2943  -0.0007  -0.0224
 -0.0652  -0.1039  -0.0096   0.1566  -0.0018  -0.0043
 -0.0298  -0.1941   0.0165   0.1755  -0.0117  -0.0132
 -0.0472  -0.1892  -0.0371   0.3562  -0.0105  -0.0136
 -0.0618  -0.2358  -0.0300   0.4909  -0.0120  -0.0267
 -0.0696  -0.2170  -0.0670   0.4795  -0.0154  -0.0494
 -0.0741  -0.2017  -0.0957   0.4208  -0.0226  -0.0360
 -0.0707  -0.0390  -0.0733  -0.0181  -0.0314   0.0222
 -0.0647   0.0256  -0.0705  -0.1032   0.0350   0.0547
 -0.0632  -0.0300  -0.0553   0.1326   0.0244   0.0082
 -0.1441  -0.1528  -0.0702   0.4219   0.1149  -0.0339
 -0.0841  -0.1534  -0.0892   0.4641   0.0404  -0.0665
 -0.0848  -0.1219  -0.1182   0.3574   0.0277  -0.0416
 -0.0878  -0.1295  -0.1257   0.4281   0.0380  -0.0524
 -0.0812  -0.1078  -0.1423   0.5575   0.0427  -0.0781
 -0.0855  -0.1122  -0.1620   0.6257   0.0320  -0.0830
 -0.0988  -0.1149  -0.1736   0.6285   0.0358  -0.0855
 -0.1052  -0.0999  -0.1562   0.5839   0.0374  -0.1046
 -0.0739  -0.1722  -0.0983   0.6393   0.0871  -0.0893
 -0.0830  -0.1125   0.0878   0.4861   0.0294  -0.0880
 -0.0815  -0.1240   0.0804   0.5434   0.0685  -0.0883
 -0.1015  -0.1000   0.0855   0.4079   0.0375  -0.0679
 -0.0779  -0.0861   0.0256   0.3716   0.0413  -0.0577
 -0.0739  -0.0895   0.0470   0.4057   0.0384  -0.0578
 -0.0672  -0.0874   0.0412   0.2988   0.0190  -0.0483
 -0.0599  -0.0820   0.0323   0.2725   0.0074  -0.0245
 -0.0655  -0.0646   0.0068   0.2107   0.0091  -0.0220
 -0.0559  -0.0653  -0.0180   0.1925  -0.0040  -0.0288
 -0.0721  -0.0656  -0.0601   0.3132  -0.0117  -0.0429
 -0.0609  -0.0683  -0.0687   0.3384  -0.0030  -0.0496
 -0.0911  -0.0557  -0.0776   0.2238   0.0435  -0.0353
 -0.0186  -0.0823  -0.0334   0.2815   0.0067  -0.0341
 -0.0836  -0.0957  -0.0391   0.4407   0.0352  -0.0698
 -0.0443  -0.1058  -0.0323   0.4984   0.0650  -0.0753
 -0.0414  -0.1120  -0.0613   0.5836   0.0544  -0.0924
 -0.0488  -0.0930  -0.0756   0.5929   0.0429  -0.0856
 -0.0508  -0.0949  -0.0655   0.6304   0.0394  -0.0791
 -0.0530  -0.0903  -0.0718   0.5771   0.0512  -0.0921
 -0.0416  -0.0562  -0.0201   0.3379   0.0432  -0.0653
 -0.0088  -0.0546  -0.0275   0.2435   0.0462  -0.0372
 -0.0207  -0.0754  -0.0548   0.2842   0.0318  -0.0421
 -0.0450  -0.0708  -0.0664   0.2496   0.0483  -0.0379
 -0.0237  -0.1011  -0.0465   0.3314   0.0230  -0.0434
 -0.0211  -0.1576  -0.0829   0.5974   0.0382  -0.0810
 -0.0231  -0.1504  -0.1025   0.7506   0.0601  -0.0944
 -0.0090  -0.1511  -0.0884   0.5798   0.0341  -0.0782
  0.0773  -0.0453  -0.0479  -0.0093   0.0056   0.0337
  0.0263   0.0158   0.0179  -0.1676  -0.0061   0.0534
  0.0474  -0.0099   0.0056  -0.1309  -0.0121   0.0470
  0.0127  -0.0003   0.0195  -0.1478  -0.0076   0.0461
  0.0227   0.0267   0.0102  -0.1665  -0.0277   0.0437
  0.0294   0.0129  -0.0068  -0.0906  -0.0337   0.0340
  0.0329   0.0139  -0.0073  -0.0358  -0.0354   0.0254
  0.0281   0.0326  -0.0104  -0.0621  -0.0395   0.0375
  0.0366   0.0049  -0.0153  -0.0757  -0.0352   0.0431
  0.0183   0.0158  -0.0031  -0.1635  -0.0178   0.0260
  0.0218   0.0424   0.0008  -0.1054  -0.0065   0.0455
  0.0170   0.0458   0.0351  -0.2015  -0.0050   0.0500
  0.0331   0.0348   0.0525  -0.1816  -0.0083   0.0508
  0.0143  -0.0042   0.0518  -0.2017   0.0164   0.0657
  0.0229   0.0252   0.0555  -0.1360   0.0086   0.0485
  0.0293   0.0356   0.0549  -0.1235  -0.0039   0.0449
  0.0313   0.0440   0.0153  -0.1738  -0.0353   0.0524
  0.0055   0.0082   0.0258  -0.2170  -0.0201   0.0488
  0.0178   0.0001   0.0538  -0.2093  -0.0260   0.0412
 -0.0156   0.0005   0.0441  -0.1852  -0.0190   0.0334
 -0.0097   0.0156   0.0622  -0.1851  -0.0304   0.0447
 -0.0348  -0.0350   0.0469   0.0220  -0.0050   0.0023
 -0.0051  -0.0940   0.0797   0.0674  -0.0407   0.0021
  0.0187  -0.0373   0.1333  -0.2092  -0.0198   0.0609
 -0.0140  -0.0206   0.1425  -0.2079   0.0019   0.0440
 -0.0082  -0.0530   0.1592  -0.2748  -0.0069   0.0504
  0.0024  -0.0301   0.1429  -0.2256  -0.0328   0.0590
  0.0098  -0.0234   0.1348  -0.2060  -0.0379   0.0598
  0.0270  -0.0486   0.1147  -0.2488  -0.0597   0.0614
 -0.0034  -0.0680   0.0940  -0.1734  -0.0132   0.0459
 -0.0233  -0.0418   0.1378  -0.1921   0.0102   0.0425
 -0.0063  -0.0417   0.1305  -0.2117  -0.0309   0.0498
  0.0008  -0.0325   0.1190  -0.1714  -0.0217   0.0498
 -0.0124  -0.0320   0.0933  -0.1373  -0.0219   0.0493
  0.0060  -0.0174   0.0999  -0.1780  -0.0314   0.0436
  0.0131  -0.0368   0.0998  -0.1425  -0.0400   0.0500
  0.0238  -0.0505   0.1281  -0.1488  -0.0531   0.0478
 -0.0001  -0.0606   0.1020  -0.1380  -0.0375   0.0404
 -0.0045  -0.0510   0.1089  -0.1921  -0.0194   0.0563
 -0.0008  -0.0421   0.1033  -0.1603  -0.0125   0.0507
  0.0035  -0.0566   0.1231  -0.1838  -0.0433   0.0499
  0.0028  -0.0484   0.0993  -0.1745  -0.0556   0.0522
 -0.0157  -0.0582   0.1312  -0.2801  -0.0549   0.0579
  0.0037  -0.0598   0.0895  -0.2234   0.0543   0.0647
 -0.0183  -0.0483   0.0876  -0.1207   0.0124   0.0256
 -0.0068  -0.0006   0.1045  -0.1275  -0.0132   0.0331
  0.0025  -0.0108   0.0963  -0.1063  -0.0217   0.0160
 -0.0070  -0.0016   0.0787  -0.0808  -0.0142   0.0123
 -0.0127   0.0142   0.0798  -0.1610   0.0001   0.0175
 -0.0202  -0.0276   0.1347  -0.1981  -0.0047   0.0279
 -0.0436  -0.0268   0.1020  -0.1283  -0.0156   0.0173
 -0.0030  -0.0461   0.0968  -0.1162  -0.0438   0.0282
 -0.0042  -0.0579   0.0884  -0.1097  -0.0069   0.0292
 -0.0220  -0.0537   0.0929  -0.2042  -0.0200   0.0338
 -0.0060  -0.0570   0.1071  -0.1957  -0.0402   0.0255
  0.0107  -0.0770   0.0904  -0.1251  -0.0194   0.0193
 -0.0054  -0.0662   0.0956  -0.1992  -0.0164   0.0422
 -0.0089  -0.0469   0.0999  -0.2170  -0.0212   0.0516
 -0.0101  -0.0193   0.0935  -0.2238  -0.0204   0.0391
 -0.0007  -0.0245   0.0991  -0.3029  -0.0273   0.0612
 -0.0161  -0.0017   0.0763  -0.1774  -0.0012   0.0427
 -0.0045  -0.0241   0.0614  -0.1252   0.0024   0.0300
  0.0132  -0.0268   0.0538  -0.1868  -0.0361   0.0418
  0.0111  -0.0359   0.0755  -0.1929  -0.0436   0.0539
  0.0391  -0.0073   0.1425  -0.3628  -0.0499   0.0884
  0.0876   0.0225   0.0615  -0.2171  -0.0012   0.0485
  0.0209   0.0424   0.0435  -0.3567  -0.0073   0.0685
  0.0082   0.0027   0.0349  -0.1916  -0.0125   0.0535
  0.0240  -0.0116   0.0580  -0.0429  -0.0052   0.0196
 -0.0013   0.0003   0.0374  -0.0285  -0.0021   0.0022
  0.0052  -0.0270   0.0403  -0.0723  -0.0084   0.0126
  0.0084  -0.0231   0.0307  -0.0518  -0.0209   0.0116
 -0.0047  -0.0068   0.0361  -0.1361  -0.0298   0.0189
 -0.0124  -0.0093   0.0370  -0.2016  -0.0070   0.0289
  0.0194   0.2965  -0.0295  -0.1737   0.0116  -0.0200
  0.0322   0.2122  -0.0362  -0.0951   0.0149  -0.0225
  0.0065   0.1683   0.0142  -0.0957  -0.0010  -0.0357
  0.0089   0.2208   0.0081  -0.0772   0.0091  -0.0446
  0.0026   0.0897   0.0025  -0.1481   0.0206  -0.0010
  0.0108   0.0463   0.0163  -0.0700   0.0454   0.0138
 -0.0101  -0.0093   0.0558  -0.0142   0.0311   0.0075
 -0.0066   0.0080   0.0357  -0.0371   0.0261   0.0036
  0.0040   0.0025   0.0524  -0.0415   0.0113  -0.0071
  0.0006   0.0395   0.0528   0.0740   0.0401  -0.0490
  0.0421   0.1338   0.0337  -0.1283   0.0114   0.0146
  0.0128   0.0729   0.0014  -0.0836   0.0201   0.0133
  0.0110   0.0363   0.0124  -0.0736   0.0265  -0.0014
  0.0345   0.0893   0.0136  -0.0850   0.0093  -0.0051
  0.0384   0.0623   0.0238  -0.0307   0.0171  -0.0083
  0.0277   0.0769   0.0273  -0.1493   0.0221   0.0215
  0.0180   0.0818   0.0150  -0.1425   0.0247   0.0055
  0.0255   0.0572   0.0175  -0.2113   0.0212   0.0426
  0.0267   0.0461   0.0373  -0.2961   0.0288   0.0519
  0.0360   0.1095   0.0216  -0.2659   0.0312   0.0354
  0.0054   0.0899   0.0178  -0.2488   0.0431   0.0343
 -0.0074   0.0754  -0.0088  -0.2778   0.0605   0.0458
 -0.0471   0.0735  -0.0246  -0.2067   0.0680   0.0244
  0.0489   0.0758   0.0621  -0.2682   0.0775   0.0399
 -0.0124   0.0142   0.0219  -0.0636   0.0670  -0.0031
  0.0085  -0.0637  -0.0036   0.3517   0.0715  -0.0855
 -0.0206  -0.0397   0.0491  -0.0036   0.0876  -0.0426
 -0.0085  -0.0605  -0.0067  -0.1348   0.0593  -0.0205
 -0.0094  -0.0313   0.0007  -0.1096   0.0640  -0.0299
 -0.0133   0.0001  -0.0096  -0.0503   0.0584  -0.0458
 -0.0251   0.0070  -0.0287  -0.0363   0.0591  -0.0431
 -0.0087   0.0178  -0.0135  -0.1494   0.0427  -0.0125
 -0.0020   0.0439  -0.0105  -0.2753   0.0492   0.0261
 -0.0166   0.0321   0.0238  -0.2434   0.0477   0.0191
 -0.0285   0.0389   0.0176  -0.2747   0.0336   0.0111
 -0.0174   0.0531   0.0025  -0.2668   0.0326   0.0188
 -0.0171   0.0531   0.0130  -0.2580   0.0445   0.0147
 -0.0143   0.0487  -0.0133  -0.1135   0.0585  -0.0086
  0.0374   0.0450   0.0064  -0.1617   0.0283   0.0114
  0.0764  -0.0179  -0.0277  -0.1307   0.0412   0.0135
  0.0478   0.0157   0.0121  -0.1322   0.0158   0.0069
  0.0653   0.0164   0.0048  -0.0965   0.0169   0.0039
  0.0566   0.0656   0.0205   0.0348   0.0234  -0.0354
  0.0283   0.1172   0.0421   0.0486   0.0391  -0.0563
  0.0326   0.1055  -0.0137   0.0797   0.0492  -0.0726
  0.0508   0.1192  -0.0034   0.0686   0.0183  -0.0553
  0.0469   0.0806  -0.0077   0.0253  -0.0060  -0.0303
  0.1230   0.0109   0.0342  -0.0866  -0.0185   0.0068
  0.0756   0.0248   0.0413  -0.0628  -0.0180  -0.0084
  0.0471   0.0253   0.0575  -0.1335  -0.0094  -0.0091
  0.0813   0.0400   0.0299  -0.1090  -0.0133  -0.0092
  0.0266   0.0818   0.0338  -0.1258  -0.0218  -0.0507
  0.0734   0.1525   0.0088  -0.1702  -0.0345  -0.0344
  0.0838   0.1831  -0.0154  -0.1722  -0.0302  -0.0237
  0.0973   0.1596  -0.0166  -0.2122  -0.0194  -0.0034
  0.0887   0.1527  -0.0167  -0.1582  -0.0063  -0.0121
  0.0481   0.1226   0.0181  -0.2640   0.0323   0.0001
  0.0096   0.0685   0.0339  -0.2514   0.0303  -0.0021
  0.0492   0.0675   0.0477  -0.1452  -0.0017  -0.0083
  0.0846   0.0755   0.0316  -0.1073  -0.0189  -0.0074
  0.0835   0.0756   0.0292  -0.1151  -0.0232   0.0003
  0.0666   0.0577   0.0336  -0.1744  -0.0373   0.0051
  0.0694   0.0607   0.0427  -0.1587  -0.0355   0.0065
  0.0698   0.0597   0.0370  -0.0832  -0.0183  -0.0090
  0.0501   0.0621   0.0118  -0.1308   0.0049  -0.0048
  0.0343   0.0533   0.0046  -0.1872  -0.0121  -0.0087
  0.0466   0.0672   0.0108  -0.1427  -0.0426  -0.0045
  0.0528   0.0653   0.0141  -0.1650  -0.0554  -0.0082
  0.0397   0.0373   0.0235  -0.1374  -0.0361  -0.0120
  0.0509   0.0489   0.0230  -0.1851  -0.0067  -0.0161
  0.0616   0.1049   0.0162  -0.2709  -0.0245  -0.0013
  0.0497   0.0803   0.0064  -0.3479  -0.0538   0.0115
  0.0575   0.0679   0.0256  -0.2497  -0.0628   0.0002
  0.0736   0.0712   0.0220  -0.1113  -0.0414  -0.0097
  0.0625   0.0625  -0.0130  -0.2386  -0.0379   0.0103
  0.0704   0.0871  -0.0316  -0.2807  -0.0304   0.0104
  0.1011   0.1910   0.0029  -0.5038  -0.0323   0.0478
  0.0100   0.1351  -0.0693  -0.4444   0.0318   0.0233
  0.0270   0.1395  -0.0626  -0.4049   0.0108   0.0333
  0.0422   0.1588  -0.0640  -0.3609  -0.0058   0.0156
  0.0635   0.1616  -0.0582  -0.2344   0.0008   0.0006
  0.0701   0.1833  -0.0512  -0.1321  -0.0225  -0.0150
  0.0616   0.1487  -0.0383  -0.1265  -0.0226  -0.0237
  0.0720   0.1749  -0.0353  -0.1223  -0.0268  -0.0318
  0.0878   0.1333  -0.0186  -0.1856  -0.0076   0.0009
  0.0914   0.1401  -0.0226  -0.1161  -0.0076  -0.0237
  0.0641   0.1290  -0.0083  -0.2131  -0.0218   0.0001
  0.0645   0.1044  -0.0091  -0.2217  -0.0168   0.0064
  0.0780   0.0884   0.0256  -0.2005  -0.0486   0.0060
  0.0742   0.1030   0.0177  -0.0974  -0.0412  -0.0158
  0.0417   0.1464   0.0533  -0.1218  -0.0015  -0.0068
  0.0451   0.1484  -0.0438  -0.1323   0.0277  -0.0098
  0.0556   0.1319  -0.0557  -0.1677   0.0026  -0.0235
  0.0648   0.1356  -0.0467  -0.1615  -0.0111  -0.0081
  0.0592   0.1175  -0.0347  -0.2046  -0.0117  -0.0041
  0.0654   0.1089  -0.0422  -0.2309   0.0028  -0.0034
  0.0350   0.1095  -0.0708  -0.2424   0.0394  -0.0108
  0.0393   0.1299  -0.1025  -0.1585   0.0170  -0.0284
  0.0608   0.1476  -0.0947  -0.1600  -0.0188  -0.0236
  0.0778   0.1312  -0.0892  -0.1442  -0.0145  -0.0145
  0.0684   0.1266  -0.0327  -0.2371  -0.0258  -0.0026
  0.0863   0.1397  -0.0492  -0.1616  -0.0194  -0.0185
  0.0678   0.1535  -0.0568  -0.2160  -0.0119  -0.0087
  0.0439   0.1590  -0.0864  -0.2513  -0.0164  -0.0229
  0.0510   0.1719  -0.1034  -0.3399   0.0081   0.0028
  0.0525   0.1755  -0.1284  -0.3182   0.0214  -0.0023
  0.0410   0.1948  -0.1245  -0.2824   0.0049  -0.0071
  0.0294   0.2519  -0.1509  -0.2999   0.0051  -0.0499
  0.0364   0.2601  -0.0834  -0.3677   0.0022  -0.0082
  0.0860   0.2640  -0.0294  -0.4190  -0.0259   0.0087
  0.0507   0.2392  -0.0491  -0.3654  -0.0254   0.0096
  0.0519   0.2125  -0.0520  -0.4210  -0.0350   0.0315
  0.0404   0.1139  -0.0551  -0.3093  -0.0031  -0.0103
  0.0316   0.1659  -0.0860  -0.3281  -0.0108   0.0019
  0.0347   0.1980  -0.0879  -0.3600  -0.0317   0.0055
  0.0268   0.2047  -0.0849  -0.3554  -0.0274   0.0033
  0.0209   0.1743  -0.0898  -0.2951  -0.0146  -0.0047
  0.0190   0.1843  -0.0940  -0.3432  -0.0249   0.0036
  0.0036   0.1908  -0.0878  -0.4001  -0.0177   0.0091
