  0.1299   0.0975   0.1635  -0.2867   0.3800  -0.0171
  0.1376   0.1427   0.1408  -0.1851   0.3709  -0.0005
  0.1348   0.1018   0.1492  -0.2190   0.3563  -0.0155
  0.1254   0.1401   0.1583  -0.1750   0.3011   0.1362
  0.1038   0.1297   0.1468  -0.1871   0.2923   0.0052
  0.0834   0.1502   0.1266  -0.1267   0.2551   0.0219
  0.0682   0.1297   0.1209  -0.1818   0.2159  -0.0165
  0.0396   0.1292   0.1195  -0.1765   0.1610   0.0143
  0.0325   0.1167   0.1797  -0.3334   0.1894   0.0221
  0.0673   0.1198   0.1942  -0.3224   0.2533   0.0345
  0.0799   0.1449   0.2230  -0.2888   0.3111   0.0569
  0.0602   0.1253   0.1909  -0.2911   0.2800   0.0143
  0.0626   0.1449   0.1436  -0.2038   0.2530   0.0563
  0.0636   0.1483   0.1192  -0.1582   0.2140   0.0467
  0.0506   0.1281   0.1034  -0.1184   0.1889   0.0674
  0.0734   0.1492   0.1412  -0.0483   0.2057   0.0690
  0.0791   0.0879   0.1554   0.0193   0.1757   0.0694
  0.0721   0.1223   0.1472  -0.0007   0.1915   0.1507
  0.0842   0.1139   0.1464  -0.0608   0.2151   0.0719
  0.0931   0.1476   0.1621  -0.0316   0.2747   0.1147
  0.0852   0.1144   0.1422  -0.0592   0.2512   0.0538
  0.0887   0.1253   0.1633   0.0191   0.2379   0.0925
  0.0825   0.0923   0.1764  -0.0316   0.2350   0.0433
  0.0943   0.1339   0.1631   0.0553   0.2170   0.0684
  0.1018   0.0942   0.1493   0.0845   0.1499   0.1116
  0.0767   0.0830   0.1611   0.1529   0.1518   0.1074
  0.0688   0.0836   0.1584   0.0926   0.0924   0.0653
  0.0702   0.0640   0.1567   0.1116   0.0959   0.0853
  0.0694   0.0670   0.1874   0.0931   0.1213   0.0714
  0.0584   0.0367   0.1945   0.0685   0.1307   0.0517
  0.0419   0.0379   0.2023   0.0558   0.1559   0.0786
  0.0291   0.0222   0.1649   0.0464   0.1220   0.0353
  0.0500   0.0805   0.1925   0.0154   0.1710   0.0546
  0.0637   0.0644   0.1940  -0.0395   0.2042   0.0044
  0.0550   0.0586   0.1618   0.0081   0.2184   0.0394
  0.0176   0.0521   0.1352  -0.0828   0.1770   0.0337
  0.0136   0.0465   0.1111  -0.0509   0.1311   0.0375
 -0.0003   0.0539   0.1136  -0.0485   0.1318   0.0604
 -0.0169   0.0183   0.1180  -0.0674   0.1090   0.0057
  0.0037   0.0610   0.1376   0.0270   0.1725   0.0237
  0.0062   0.0557   0.1305  -0.0048   0.1638  -0.0240
  0.0144   0.0824   0.1213   0.0110   0.1522   0.0260
 -0.0080   0.0322   0.0953  -0.0092   0.1149   0.0046
 -0.0118   0.0373   0.1221   0.0275   0.1391   0.0286
 -0.0237   0.0019   0.1191  -0.0072   0.1520   0.0083
 -0.0124   0.0449   0.1152  -0.1122   0.1873   0.1292
 -0.0239   0.0375   0.1382  -0.1131   0.2373   0.0371
 -0.0052   0.0395   0.1445  -0.1188   0.2602   0.0063
 -0.0291   0.0625   0.1864  -0.1148   0.2585   0.0130
 -0.0390   0.0225   0.1797  -0.1760   0.2224  -0.0501
 -0.0821   0.0246   0.1616  -0.1848   0.2816  -0.0258
 -0.0899   0.0183   0.1948  -0.2657   0.2774  -0.0721
 -0.0572   0.0204   0.1778  -0.1846   0.2621  -0.0365
 -0.0557   0.0438   0.1601  -0.2317   0.3073  -0.0073
 -0.0504  -0.0039   0.1627  -0.3100   0.2995  -0.0713
 -0.1089   0.0752   0.0965  -0.4410   0.2757  -0.0355
 -0.1145   0.1320   0.0875  -0.6069   0.2560  -0.0984
 -0.0143   0.1223   0.1420  -0.4346   0.3525  -0.1170
 -0.0044   0.1500   0.0997  -0.1855   0.3513  -0.0191
  0.0014   0.1129   0.0745  -0.2574   0.3506  -0.0034
  0.0189   0.1062   0.0474  -0.1398   0.4031   0.0245
  0.0381   0.0536   0.0478  -0.1418   0.2911  -0.0787
 -0.0097   0.0423   0.0701  -0.1087   0.2163   0.0406
  0.0184   0.0680   0.0940  -0.2334   0.2803   0.0761
  0.0156   0.0760   0.0427  -0.2732   0.2389   0.0294
 -0.0058   0.0999   0.0408  -0.3210   0.2393   0.0539
 -0.0140   0.1025   0.0279  -0.2283   0.2683   0.0289
 -0.0218   0.1111   0.0100  -0.2763   0.2033  -0.0113
 -0.0125   0.1675   0.0374  -0.2429   0.2240  -0.0209
 -0.0037   0.1156   0.0760  -0.2803   0.2360   0.0093
  0.0370   0.1828   0.0083  -0.4152   0.2898   0.0229
  0.0338   0.1780   0.0234  -0.3675   0.3313  -0.0036
  0.0139   0.1507   0.0009  -0.3427   0.2984   0.0120
 -0.0026   0.1768  -0.0351  -0.3589   0.2497   0.0431
  0.0229   0.1707  -0.0610  -0.3748   0.2419   0.0063
  0.0084   0.2301  -0.0575  -0.2464   0.1310  -0.0139
  0.0085   0.1491  -0.0548  -0.2672   0.1302  -0.0139
 -0.0099   0.1472  -0.0414  -0.2419   0.1120   0.0023
 -0.0279   0.1122  -0.0171  -0.2446   0.1201  -0.0041
 -0.0119   0.1582  -0.0502  -0.1309   0.1340   0.0580
 -0.0052   0.1347  -0.0094  -0.2039   0.1363   0.0294
 -0.0072   0.1489   0.0183  -0.0948   0.1496   0.0758
 -0.0161   0.1232  -0.0257  -0.0646   0.0898   0.0373
 -0.0152   0.1498  -0.0311  -0.0505   0.1063   0.0659
 -0.0277   0.1284  -0.0435  -0.1007   0.0921   0.0389
 -0.0223   0.1487  -0.0304  -0.0370   0.0877   0.0724
 -0.0186   0.1130  -0.0368  -0.0982   0.0974   0.0457
 -0.0223   0.1435  -0.0358  -0.0183   0.0912   0.0957
 -0.0280   0.1052  -0.0391  -0.0301   0.0791   0.0368
 -0.0278   0.1177  -0.0302   0.0263   0.0445   0.0801
 -0.0537   0.1083  -0.0222  -0.0124   0.0093   0.0216
 -0.0445   0.1285  -0.0379   0.0046   0.0356   0.0347
 -0.0401   0.0885  -0.0181  -0.0443   0.0521   0.0083
 -0.0385   0.1252   0.0088  -0.0649   0.0781   0.0385
 -0.0528   0.0877  -0.0149  -0.0878   0.0520  -0.0086
 -0.0357   0.1025  -0.0219   0.0084   0.0229   0.0145
 -0.0507   0.0770  -0.0857  -0.0096  -0.0889  -0.0016
 -0.0298   0.0848  -0.0815   0.0347  -0.1288   0.0343
 -0.0441   0.0482  -0.1064  -0.0058  -0.1357  -0.0125
 -0.0478   0.0427  -0.0922   0.0487  -0.1572   0.0426
 -0.0001   0.0180  -0.1432   0.0603  -0.3111  -0.0186
  0.0831  -0.2226  -0.0171   0.1920  -0.8501  -0.0355
  0.0476  -0.1290  -0.1215   0.0897  -0.6040   0.0030
  0.0979  -0.0811  -0.1324   0.1199  -0.5127   0.0299
  0.0908  -0.0607  -0.0885   0.0665  -0.4396   0.0392
  0.0618  -0.0595  -0.0792   0.1002  -0.3940   0.0287
  0.0414  -0.0578  -0.0912   0.0327  -0.3920   0.0069
  0.0464  -0.0387  -0.0808   0.0860  -0.3008  -0.0048
  0.0497  -0.0197  -0.1054   0.0428  -0.3076  -0.0339
  0.0407  -0.0200  -0.0938   0.0859  -0.3027  -0.0011
  0.0472  -0.0281  -0.1044   0.0323  -0.2997  -0.0177
  0.0327  -0.0652  -0.0818   0.1985  -0.3289   0.0290
  0.0506  -0.0531  -0.0759   0.0594  -0.2992   0.0198
  0.0506  -0.0169  -0.1156   0.0096  -0.2768   0.0374
  0.0502   0.0179  -0.1090  -0.0320  -0.2703   0.0492
  0.0403   0.0066  -0.1247   0.0080  -0.2692   0.0107
  0.0379   0.0407  -0.1298   0.0206  -0.2851   0.0081
  0.0330   0.0606  -0.1852  -0.0143  -0.3665   0.0104
  0.0041   0.0645  -0.2430   0.0114  -0.3810   0.0870
  0.0183   0.0031  -0.2113  -0.1056  -0.3384   0.0723
  0.0463   0.0058  -0.1986   0.0056  -0.2350   0.0783
  0.0317   0.0116  -0.1262   0.0165  -0.1895   0.0805
  0.0254   0.0011  -0.1277  -0.0418  -0.2018   0.0214
  0.0366   0.0341  -0.1034  -0.0024  -0.1573   0.0740
  0.0279   0.0327  -0.1258  -0.0358  -0.1908   0.0344
  0.0401   0.0678  -0.1270   0.0341  -0.1953   0.0778
  0.0385   0.0163  -0.1277   0.0428  -0.2342   0.0488
  0.0311   0.0225  -0.1253   0.0769  -0.2514   0.0678
  0.0094   0.0279  -0.1417  -0.0178  -0.2782   0.0260
 -0.0019   0.0002  -0.1505   0.0484  -0.2724   0.0745
  0.0369   0.0223  -0.1235  -0.0462  -0.1855   0.0882
  0.0313   0.0426  -0.1075   0.0059  -0.1086   0.0993
  0.0301   0.0190  -0.0998   0.0643  -0.1195   0.0368
  0.0416   0.0306  -0.0730   0.0440  -0.0217   0.0518
  0.0210   0.0135  -0.1156   0.0377  -0.0939   0.0267
  0.0167  -0.0117  -0.1624   0.0705  -0.1173   0.1047
 -0.0076  -0.0040  -0.1812   0.0730  -0.1845   0.0500
 -0.0208   0.0235  -0.1679  -0.0095  -0.1975  -0.0031
 -0.0195   0.0263  -0.1567  -0.0535  -0.1862  -0.0197
 -0.0245   0.0198  -0.1528   0.0760  -0.1860   0.0507
  0.0052   0.0614  -0.1375  -0.1876  -0.1917   0.1424
 -0.0010  -0.0326  -0.1157  -0.1155  -0.2008   0.1661
  0.0041  -0.0953  -0.0764   0.2649  -0.1821   0.1049
  0.0219  -0.1303  -0.0426   0.5454  -0.2027   0.1409
  0.0110  -0.1521  -0.0440   0.4829  -0.1922   0.0932
 -0.0030  -0.1641  -0.0548   0.3709  -0.1878   0.1310
  0.0170  -0.1800  -0.0380   0.4394  -0.1206   0.0420
  0.0219  -0.1636  -0.0350   0.4467  -0.0346   0.0140
  0.0489  -0.2458  -0.0157   0.4846   0.0095  -0.0444
  0.0137  -0.1761   0.0109   0.4341  -0.0048   0.0318
 -0.0117  -0.2250  -0.0215   0.4590  -0.0549  -0.0244
 -0.0273  -0.1977  -0.0032   0.4579  -0.0704   0.0053
 -0.0255  -0.2320  -0.0082   0.4358  -0.0947  -0.0738
 -0.0188  -0.1886  -0.0037   0.4283  -0.0536  -0.0544
 -0.0136  -0.1997  -0.0100   0.3550  -0.0582  -0.0915
 -0.0405  -0.1991   0.0157   0.3950  -0.0510  -0.0500
 -0.0439  -0.2486   0.0330   0.3378  -0.0689  -0.1070
 -0.0445  -0.2237   0.0245   0.3658  -0.0785  -0.0713
 -0.0561  -0.2357  -0.0336   0.3997  -0.1625  -0.0816
 -0.0791  -0.2412  -0.0106   0.3533  -0.1657  -0.0785
 -0.0482  -0.3030  -0.0284   0.3701  -0.1090  -0.1076
 -0.0452  -0.2060  -0.0519   0.2998  -0.0981  -0.0458
  0.0066  -0.1782  -0.0534   0.2884  -0.1585  -0.1271
 -0.0041  -0.1382  -0.1119   0.2513  -0.1556  -0.0509
 -0.0477  -0.1651  -0.0622   0.3232  -0.2350  -0.0758
 -0.0061  -0.1989   0.0037   0.2948  -0.1583  -0.1423
  0.0292  -0.1553  -0.0289   0.1733  -0.0982  -0.0418
  0.0415  -0.1572  -0.0757   0.2148  -0.0759  -0.0905
  0.0077  -0.1341  -0.0482   0.1800  -0.0280  -0.0717
  0.0096  -0.1303  -0.0405   0.1696  -0.0124  -0.0779
 -0.0025  -0.1369  -0.0583   0.1758  -0.0680  -0.0486
 -0.0194  -0.1704  -0.0431   0.1936  -0.1293  -0.0785
 -0.0293  -0.1787  -0.0239   0.1725  -0.1250  -0.0519
 -0.0428  -0.2165  -0.0368   0.1057  -0.1799  -0.0739
 -0.0568  -0.1939  -0.0562   0.1098  -0.1596  -0.0573
 -0.0574  -0.2233  -0.0775   0.1102  -0.1604  -0.0951
 -0.0807  -0.1707  -0.1071   0.1310  -0.1568  -0.0412
 -0.0722  -0.1674  -0.1046   0.0344  -0.1540  -0.0909
 -0.0896  -0.1628  -0.1179   0.0752  -0.1477  -0.0719
 -0.1029  -0.1163  -0.1234  -0.0062  -0.2316  -0.1249
 -0.1133  -0.1215  -0.0997   0.0088  -0.2594  -0.0819
 -0.0866  -0.0958  -0.0975  -0.0141  -0.1963  -0.1035
 -0.0817  -0.1032  -0.1162  -0.0033  -0.1919  -0.0587
 -0.0836  -0.0875  -0.1084  -0.0179  -0.1689  -0.0959
 -0.0779  -0.1085  -0.0990  -0.0150  -0.1743  -0.1319
 -0.0994  -0.1165  -0.0854   0.0152  -0.1600  -0.0906
 -0.0863  -0.1467  -0.0515  -0.0303  -0.1279  -0.1426
 -0.0647  -0.1026  -0.0334  -0.0013  -0.0590  -0.1134
 -0.0700  -0.1245  -0.0449  -0.0343  -0.0859  -0.1515
 -0.0810  -0.1121  -0.0301   0.0192  -0.0611  -0.1442
 -0.0630  -0.1391  -0.0292  -0.0061  -0.0590  -0.1856
 -0.0824  -0.1475  -0.0239   0.0296  -0.0611  -0.1606
 -0.0855  -0.1675  -0.0612  -0.0231  -0.0542  -0.1935
 -0.0970  -0.1557  -0.0610   0.0302  -0.0803  -0.1671
 -0.1189  -0.1797  -0.0595   0.0812  -0.1535  -0.1614
 -0.1130  -0.1826  -0.0614   0.0659  -0.1170  -0.1134
 -0.1103  -0.1934  -0.0802   0.0028  -0.1547  -0.1713
 -0.1130  -0.1672  -0.1055   0.0455  -0.1682  -0.1491
 -0.1072  -0.1840  -0.0970   0.0158  -0.1593  -0.1802
 -0.1075  -0.1727  -0.0939   0.0649  -0.1648  -0.1444
