  0.0312   0.0238   0.0085  -0.3200   0.1586   0.1040
  0.0494   0.1322   0.0582  -0.3823   0.1605   0.0569
  0.0004   0.1512  -0.0108  -0.4524   0.1285   0.0090
 -0.0220   0.3371  -0.0189  -0.5333   0.1115   0.0068
 -0.0169   0.4514  -0.0689  -0.5866   0.1050  -0.0553
  0.0171   0.5009  -0.1094  -0.5780   0.1007  -0.0706
 -0.0098   0.5069  -0.1371  -0.7146   0.0635   0.0523
 -0.0604   0.4277  -0.1303  -0.6517   0.0007  -0.0006
 -0.0044   0.7900  -0.1362  -0.8712   0.0982  -0.1540
 -0.0604   2.1304   0.0379  -1.9162   0.1163  -0.4864
 -0.0644   1.2373  -0.0444  -1.1770   0.0511  -0.2302
 -0.1394   0.7555  -0.0202  -0.7803  -0.0423  -0.0937
 -0.1023   0.8355  -0.0206  -0.8452   0.0669  -0.3095
 -0.0822   0.4757  -0.0539  -0.6950   0.0671  -0.1775
 -0.0906   0.5100  -0.0685  -0.8778   0.0705  -0.0372
 -0.1028   0.4385  -0.0548  -0.7823   0.0892  -0.0686
 -0.0754   0.4875  -0.0748  -0.7549   0.0820  -0.1726
 -0.0399   0.5688  -0.0943  -0.6368   0.0916  -0.3091
 -0.0825   0.5573  -0.0536  -0.5704   0.0805  -0.2898
 -0.0499   0.4083  -0.0465  -0.5157   0.0855  -0.1020
 -0.0173  -0.3364   0.0256  -0.0913   0.1028   0.1878
 -0.0414  -0.5083  -0.0860   0.0601   0.0773   0.1536
 -0.0444  -0.3817  -0.0927  -0.0307   0.0849   0.1821
  0.0119  -0.2038  -0.0842   0.0650   0.0928   0.1050
 -0.0267  -0.1306  -0.1021   0.0656   0.0754   0.1058
 -0.0396   0.0100  -0.0918   0.0002   0.0578   0.1002
 -0.0327   0.0299  -0.0813  -0.0387   0.0576   0.0543
 -0.0603  -0.0070  -0.0988  -0.2299  -0.1111   0.1628
  0.0188   0.0193  -0.0668  -0.1328   0.0038   0.0085
 -0.0276   0.1092  -0.0792  -0.2116   0.0001   0.0448
 -0.0106   0.2034  -0.0711  -0.2679   0.0088  -0.0562
  0.0026   0.1882  -0.0664  -0.2362   0.0176  -0.0201
 -0.0211   0.2292  -0.0627  -0.2823   0.0191  -0.0345
 -0.0098   0.1626  -0.0642  -0.2366   0.0153  -0.0186
 -0.0358   0.3198  -0.0744  -0.3817   0.0419   0.0242
 -0.0512   0.4457  -0.0586  -0.4431   0.0514  -0.0366
 -0.0429   0.2770  -0.0592  -0.3219   0.0259  -0.0228
 -0.0210   0.2980  -0.0248  -0.1912   0.0099  -0.2846
 -0.0531   0.0758  -0.0145  -0.1328   0.0072  -0.0022
 -0.0465   0.0646  -0.0221  -0.1525  -0.0283   0.0461
 -0.0962  -0.2058  -0.0580  -0.0862  -0.0383   0.0432
 -0.1294  -0.1747  -0.0464  -0.1396  -0.0136   0.1123
 -0.0280  -0.8547   0.0171   0.4164  -0.0114   0.1225
 -0.0673  -0.5210  -0.1526   0.3395   0.0025  -0.0178
 -0.0636  -0.0307  -0.0907   0.3708   0.0110  -0.3974
 -0.1146  -0.1662  -0.0804  -0.1151   0.0289   0.0037
 -0.1059  -0.1277  -0.1122  -0.2299   0.0866   0.0070
 -0.1232  -0.0925  -0.1054  -0.2374   0.0528  -0.0634
 -0.2488  -0.0236  -0.4052  -0.1957  -0.1963   0.0196
 -0.2394   0.0451  -0.3634  -0.0790  -0.1639  -0.0143
 -0.0837   0.0311  -0.1089   0.0659  -0.0547  -0.0743
 -0.0995   0.0540  -0.1276   0.0825  -0.0654  -0.0605
 -0.0810   0.0744  -0.1068   0.0805  -0.0347  -0.0709
 -0.1069   0.0052  -0.0930   0.0521  -0.0388   0.0033
 -0.0529  -0.0291  -0.0665   0.2093  -0.0183  -0.1570
 -0.0311  -0.0363  -0.0881   0.0999   0.0146   0.0382
 -0.0323  -0.3437  -0.0466  -0.0514  -0.0128   0.1462
 -0.0125  -0.2535  -0.0307  -0.0649  -0.0082   0.0192
 -0.0170  -0.4437   0.0168   0.0272  -0.0016   0.0586
  0.0646  -1.3633   0.1014   0.8027   0.0325   0.2762
  0.0491  -0.9299  -0.0046   0.6728  -0.0235   0.2245
  0.2590  -1.3138   0.1588   0.7481   0.1175   0.3702
  0.1933  -0.2555   0.0873   0.2024   0.0788  -0.0650
  0.1222  -0.1141   0.0976   0.1748   0.0780  -0.1742
  0.0907   0.0734   0.0565  -0.0362   0.0616  -0.1398
  0.0824  -0.0328   0.0606   0.0617   0.0395  -0.0452
  0.0786  -0.1653   0.0710   0.3060   0.0450  -0.0176
  0.0965  -0.0679   0.0875   0.2474   0.0414  -0.0064
 -0.0347   0.0497   0.0909   0.1592   0.0331  -0.0467
  0.0258  -0.0037   0.0497   0.1736   0.0344  -0.0541
  0.0075   0.0269   0.0835   0.1265   0.0426  -0.0158
  0.0002  -0.0175   0.0890   0.1880   0.0286  -0.0280
  0.0003  -0.0302   0.0785   0.1768   0.0309  -0.0092
  0.0107  -0.0916   0.0716   0.2163   0.0173   0.0113
  0.0223  -0.0375   0.0519   0.1154   0.0008   0.0163
  0.0276  -0.1316   0.0696   0.1601  -0.0566   0.0271
 -0.0297  -0.1162   0.0339   0.1664  -0.0253   0.0329
  0.0039  -0.1074   0.0695   0.1921   0.0096  -0.0241
 -0.0087  -0.0837   0.0568   0.1880   0.0145  -0.0127
  0.0544  -0.1045   0.0530   0.3234   0.0487  -0.0037
  0.0210  -0.1001   0.0485   0.3069   0.0202  -0.0057
  0.0136  -0.0640   0.0316   0.2318   0.0191   0.0179
  0.0010  -0.0720   0.0303   0.2465   0.0153  -0.0013
  0.0054  -0.0999   0.0336   0.2692   0.0135  -0.0071
 -0.0326  -0.1315   0.0273   0.1259   0.0296  -0.0084
 -0.0391  -0.1412   0.0361   0.0809   0.0192  -0.0226
 -0.0338  -0.0983   0.0336   0.2060   0.0224  -0.0023
 -0.0227  -0.2466   0.0486   0.3557   0.0230   0.0466
 -0.0264  -0.4160   0.0545   0.3360   0.0290   0.0683
 -0.0130  -0.2297  -0.0291   0.1173  -0.0132   0.0227
 -0.0350   0.0212  -0.0061  -0.1424  -0.0065  -0.0376
 -0.0183  -0.0367  -0.0344   0.0508   0.0147  -0.0908
 -0.0155  -0.0548   0.0093   0.1194   0.0095  -0.0914
  0.0023   0.0018   0.0113   0.1346   0.0172  -0.1037
  0.0037   0.0571  -0.0015   0.1423   0.0157  -0.1258
 -0.0035   0.0216  -0.0044   0.1321   0.0064  -0.1265
 -0.0294   0.0475  -0.0061   0.1469   0.0286  -0.0899
  0.0237   0.0689   0.0177   0.1272   0.0356  -0.1019
  0.0606   0.0128   0.0348   0.1727   0.0281  -0.1234
  0.0660  -0.0292   0.0240   0.1636   0.0215  -0.0997
  0.0818  -0.0133   0.0827   0.1697   0.0170  -0.0887
  0.0560  -0.0075   0.0532   0.1735   0.0137  -0.1037
  0.0661   0.0130   0.0655   0.2058   0.0062  -0.0943
  0.0706   0.0076   0.0547   0.1762   0.0136  -0.1167
  0.0610  -0.0593   0.0506   0.1881  -0.0135  -0.0246
  0.0586  -0.0519   0.0429   0.1239   0.0140  -0.0535
  0.0567   0.0741   0.0153   0.0083  -0.0363  -0.0412
 -0.0215  -0.0495   0.0587   0.0357  -0.0345  -0.0287
  0.0366   0.0049   0.0648   0.0584  -0.0073  -0.0676
  0.0327  -0.0166   0.0608   0.1104  -0.0015  -0.0523
  0.0178  -0.0069   0.0345   0.1515  -0.0017  -0.0569
  0.0371  -0.0176   0.0419   0.1081   0.0047  -0.0772
  0.0301  -0.0007   0.0493   0.0909   0.0010  -0.0491
  0.0422   0.0183   0.0686   0.1136   0.0036  -0.0599
  0.0320   0.0143   0.0583   0.1093   0.0118  -0.0479
  0.0024  -0.0160   0.0567   0.2931   0.0293  -0.0628
 -0.0520  -0.0433  -0.0486   0.1930   0.0481  -0.0395
 -0.0819   0.0284   0.0232  -0.1622   0.0269  -0.0286
  0.0096   0.1157   0.1361  -0.0849   0.0321   0.2273
  0.1101  -0.0136   0.0689  -0.2555   0.0412   0.4742
 -0.0316  -0.0089  -0.0245  -0.3935  -0.0442   0.1529
 -0.0230   0.1110   0.0135  -0.2267   0.0110  -0.0516
 -0.0201   0.2014   0.0180  -0.1486   0.0411  -0.0656
  0.0001   0.2024   0.0286  -0.1109   0.0331  -0.1251
  0.0277   0.0256   0.0208   0.0450   0.0313   0.0101
  0.0430   0.0087   0.0277   0.0461   0.0484   0.0151
  0.0204   0.0631   0.0388  -0.0014   0.0215   0.0107
  0.0228   0.0784   0.0506  -0.1248  -0.0114   0.0027
 -0.0210   0.1261   0.0949  -0.1255  -0.0117  -0.0452
  0.0121   0.2026   0.0864  -0.0682   0.0012  -0.0689
  0.0038   0.2150   0.0596  -0.0517   0.0072  -0.0518
  0.0114   0.2285   0.0381  -0.0655  -0.0230  -0.0753
  0.0115   0.2424   0.0020  -0.0547   0.0042  -0.0629
 -0.0135   0.2492   0.0237  -0.0764   0.0087  -0.0167
 -0.0216   0.2321   0.0353  -0.0152   0.0224  -0.0135
  0.0838   0.1195   0.0515   0.0013   0.0169  -0.0403
  0.2891   0.4322   0.0808  -0.3619   0.1629   0.4638
  0.1843  -0.2926  -0.0456  -0.1956   0.0933   0.4551
 -0.0292   0.2683  -0.0872  -0.6645   0.0448  -0.0222
 -0.0204  -0.0239  -0.0689  -0.3238   0.0374   0.0094
 -0.0222   0.0436  -0.0377  -0.1186   0.0124  -0.0942
 -0.0282   0.1277  -0.0064  -0.0940  -0.0049  -0.0518
 -0.0316   0.2080  -0.0112  -0.1014  -0.0052  -0.1297
 -0.0153   0.2050   0.0148  -0.1553  -0.0062  -0.0702
 -0.0408   0.3418  -0.0198  -0.1526  -0.0632  -0.2628
 -0.0764   0.3013  -0.0848  -0.1583  -0.1183  -0.2417
 -0.0663   0.1838  -0.0430  -0.1664  -0.0658  -0.0882
 -0.0460   0.2728  -0.0266  -0.1318  -0.0610  -0.1416
 -0.0690   0.2807  -0.0517  -0.0884  -0.0672  -0.1457
 -0.0746   0.2700  -0.0611  -0.1085  -0.0657  -0.1149
 -0.0668   0.2464  -0.0214  -0.0889  -0.0549  -0.1094
 -0.0101   0.0629   0.0905  -0.0567  -0.0037  -0.0803
 -0.0147  -0.0354   0.0826  -0.0397  -0.0033  -0.0577
 -0.0074  -0.0209   0.0509  -0.0640  -0.0125  -0.0312
 -0.0250   0.3072   0.0802  -0.5518  -0.0377  -0.0487
  0.0030   0.2541   0.0729  -0.3310   0.0047  -0.1117
 -0.0088   0.2356   0.0667  -0.2667  -0.0104  -0.0949
 -0.0045   0.2512   0.0614  -0.2497  -0.0075  -0.0839
 -0.0078   0.2333   0.0225  -0.1907  -0.0132  -0.0777
 -0.0029   0.2015  -0.0058  -0.1286   0.0137  -0.1119
  0.0153   0.1237   0.0001  -0.0742   0.0172   0.0799
  0.1998   0.5300  -0.0196  -0.3447   0.1235   0.3265
  0.1258  -0.1658  -0.1225  -0.1092   0.0247   0.3951
  0.0722   0.1780   0.0004  -0.4230   0.0147   0.1067
  0.0125   0.1409   0.0270  -0.3582   0.0303   0.0104
  0.0206   0.1045   0.0263  -0.2362   0.0319  -0.0019
  0.0281   0.0897   0.0138  -0.1380   0.0471  -0.0152
  0.0351   0.1096   0.0152  -0.2004   0.0396  -0.0282
 -0.0012   0.0692  -0.0040  -0.1602  -0.0442   0.0195
  0.0304  -0.6044   0.0966   0.0612   0.1156   0.1203
  0.0543  -0.7138   0.0639   0.1332   0.0779   0.1473
  0.0318  -0.1807   0.0129  -0.1207   0.0782   0.0680
  0.0480  -0.1761  -0.0031  -0.0461   0.0616  -0.0142
  0.0366  -0.0918   0.0161  -0.0989   0.0592  -0.0042
  0.0301  -0.0924   0.0228  -0.1152   0.0676   0.0073
  0.0140  -0.0987   0.0195  -0.1122   0.0702   0.0236
 -0.0222  -0.3268   0.0471   0.3279   0.0945   0.2911
  0.0319  -0.3600   0.0667   0.2722   0.1887   0.5686
  0.0467  -0.1289  -0.0130  -0.1715   0.0383   0.1774
  0.0315  -0.0918   0.0263  -0.1524   0.0419   0.0303
  0.0709  -0.0848   0.0689  -0.0243   0.0560   0.0254
  0.0563   0.0597   0.0430  -0.1207   0.0680  -0.0115
  0.0696   0.0569   0.0509  -0.1253   0.0553  -0.0158
  0.0556   0.0926   0.0363  -0.1426   0.0699   0.0203
  0.0580   0.0802   0.0678  -0.0807   0.0693  -0.0683
  0.1132   0.0797   0.1557  -0.0464   0.0769  -0.0296
  0.0957   0.1325   0.1241  -0.0728   0.0759  -0.0273
 -0.1032   0.1979   0.0753   0.4625  -0.0787   0.0768
  0.0439   0.5545  -0.2389   0.6895  -0.0604   0.1546
  0.1031   0.2252  -0.1027   0.4928   0.0535   0.4252
 -0.0204   0.1191   0.0143   0.4941   0.0032   0.1879
 -0.0243   0.2173   0.0347   0.0827   0.0035   0.0015
  0.0007   0.2182   0.0072  -0.0547   0.0179  -0.0897
  0.0057   0.2814   0.0050   0.0351   0.0109  -0.0471
  0.0020   0.3729  -0.0003  -0.0433   0.0180  -0.0687
  0.0261   0.3319   0.0212  -0.0227   0.0252  -0.0625
  0.0368   0.2248   0.0616  -0.0491  -0.0492  -0.0559
 -0.0221   0.0963   0.0100  -0.0122  -0.1296  -0.0292
 -0.1186  -0.2920  -0.0332   0.2947  -0.1711   0.0578
 -0.1240  -0.1100  -0.0554   0.1336  -0.2065  -0.0070
 -0.1429  -0.1458  -0.0758   0.1518  -0.2353   0.0045
 -0.1534  -0.1613  -0.0492   0.2063  -0.2556   0.0083
 -0.1552   0.0087  -0.0608   0.0638  -0.2383  -0.0965
 -0.1601   0.1202  -0.0459   0.0363  -0.2281  -0.2142
 -0.1169   0.1355   0.0235  -0.0363  -0.1903  -0.1218
 -0.1682   0.0931  -0.0660  -0.2271  -0.1562  -0.0664
 -0.1435  -0.1303  -0.0436   0.0372  -0.2262   0.0356
 -0.1317  -1.1877   0.0973   0.6872  -0.1672   0.2807
  0.0601  -3.3664  -0.0675   1.8850  -0.1733   1.2001
  0.1638  -2.9428  -0.1350   2.7106   0.0152   0.5044
 -0.0054  -1.7272  -0.0544   1.0678  -0.1331   0.4659
  0.0298  -1.2071   0.0396   0.8336  -0.0955   0.2875
  0.0284  -0.8675   0.0456   0.7124  -0.1063   0.1343
 -0.0130  -0.7803   0.0048   0.6464  -0.1265   0.1360
  0.0515  -0.8190  -0.0362   0.7765  -0.0858   0.2471
  0.1599   0.0395  -0.0203  -0.0054   0.0226   0.4930
  0.1741  -0.4615  -0.0020   0.1125  -0.0399   0.3814
  0.1579  -0.1938   0.0194   0.0422  -0.0271   0.1801
  0.0727  -0.1854   0.0310   0.0706  -0.0684   0.0551
  0.0777  -0.1690   0.0367   0.1956  -0.0871  -0.0248
  0.0457  -0.1204   0.0165   0.2113  -0.1128   0.0139
  0.0011  -0.1619   0.0409   0.1406  -0.1040  -0.0114
  0.0105  -0.1401   0.0352   0.1447  -0.1053   0.0023
 -0.0296  -0.0921  -0.0344   0.5806  -0.0173  -0.0084
 -0.0190  -0.0977  -0.0634   0.6242  -0.0489   0.1775
  0.0653   0.3248  -0.0855   0.3294   0.0196   0.2501
  0.1190  -0.1513  -0.0539   0.3741  -0.0850   0.3077
  0.0816  -0.1676   0.0633   0.0594  -0.0464   0.0017
  0.0427  -0.0466   0.0363   0.1924  -0.0565  -0.0606
  0.1003  -0.1467   0.0281   0.2813  -0.0473   0.0022
  0.0772   0.0093   0.0082   0.1509  -0.0648  -0.0399
  0.0523   0.0537   0.0125   0.1480  -0.0708  -0.0453
  0.0613   0.0246   0.0466   0.1605  -0.0529   0.0063
  0.0492  -0.0131   0.0992   0.1395  -0.0351  -0.0558
  0.0289  -0.0358   0.0671   0.1947  -0.0635  -0.1061
  0.0264  -0.0264   0.0171   0.2022  -0.0903  -0.0961
  0.0227  -0.0361   0.0421   0.1667  -0.0908  -0.0647
  0.0352  -0.1041   0.0197  -0.0794  -0.0565  -0.0800
  0.0120  -0.1245   0.0022   0.2323  -0.0664  -0.0639
  0.0098  -0.0799   0.0585   0.2798  -0.1281  -0.1531
