  0.0101  -0.0519  -0.0820   0.0081  -0.0210   0.2198
  0.0743  -0.0107  -0.0944   0.0003  -0.0374   0.0957
  0.0817  -0.0046  -0.0999   0.0284  -0.0356   0.0557
  0.0719  -0.0272  -0.1104   0.0465  -0.0211   0.0659
  0.0994  -0.0202  -0.1013   0.1208  -0.0400   0.0266
  0.0792  -0.0303  -0.1217   0.0778  -0.0219   0.0348
  0.0773  -0.0410  -0.1093   0.0891  -0.0270   0.0375
  0.0699  -0.0188  -0.1135   0.0967  -0.0206   0.0333
  0.0519  -0.0295  -0.1065   0.1066  -0.0269   0.0309
  0.0575  -0.0228  -0.1167   0.1013  -0.0468   0.0248
  0.0568  -0.0239  -0.1113   0.0965  -0.0175   0.0285
  0.0793  -0.0294  -0.1029   0.1316  -0.0366  -0.0015
  0.0668  -0.0281  -0.1102   0.1061  -0.0039   0.0158
  0.0866  -0.0277  -0.0966   0.1309  -0.0228  -0.0018
  0.0637  -0.0133  -0.0923   0.0861  -0.0034   0.0138
  0.0864  -0.0324  -0.0876   0.1391  -0.0200   0.0048
  0.0710  -0.0385  -0.1053   0.1134  -0.0198  -0.0004
  0.0586  -0.0256  -0.0893   0.0785  -0.0048   0.0080
  0.0423  -0.0408  -0.0841   0.0760  -0.0134   0.0172
  0.0471  -0.0126  -0.0814   0.0941  -0.0200   0.0101
  0.0644  -0.0172  -0.0901   0.0835  -0.0121   0.0061
  0.0653  -0.0440  -0.0863   0.0776  -0.0000   0.0197
  0.0886  -0.0227  -0.0711   0.1062  -0.0149   0.0062
  0.0541  -0.0038  -0.0856   0.0940  -0.0034   0.0058
  0.0445  -0.0176  -0.0762   0.1115  -0.0159   0.0063
  0.0480  -0.0000  -0.0819   0.1065  -0.0184  -0.0043
  0.0325  -0.0003  -0.0811   0.0613   0.0006   0.0019
  0.0520  -0.0097  -0.0627   0.1107  -0.0205  -0.0027
  0.0508  -0.0052  -0.0662   0.0768  -0.0064  -0.0047
  0.0375  -0.0146  -0.0645   0.0622   0.0079   0.0004
  0.0638  -0.0119  -0.0470   0.0978  -0.0125  -0.0040
  0.0544  -0.0006  -0.0627   0.0388   0.0178  -0.0011
  0.0440  -0.0132  -0.0423   0.0761   0.0037   0.0012
  0.0531   0.0110  -0.0388   0.0709   0.0025   0.0019
  0.0456   0.0057  -0.0434   0.0267   0.0117   0.0090
  0.0707   0.0027  -0.0099   0.0767   0.0049   0.0086
  0.0896  -0.0022  -0.0009   0.0518   0.0208  -0.0009
  0.0787   0.0009  -0.0042   0.0556   0.0346   0.0162
  0.0904  -0.0118  -0.0010   0.0790   0.0163   0.0047
  0.0843   0.0057  -0.0081   0.0611   0.0207   0.0099
  0.0965  -0.0082  -0.0006   0.0660   0.0222   0.0186
  0.0873   0.0016  -0.0096   0.0780   0.0051   0.0018
  0.0745   0.0132  -0.0104   0.0696   0.0201   0.0131
  0.0672  -0.0059  -0.0178   0.0523   0.0194   0.0173
  0.0712   0.0017  -0.0157   0.1021   0.0090  -0.0028
  0.0673  -0.0097  -0.0191   0.0514   0.0294   0.0074
  0.0789  -0.0026  -0.0070   0.0940   0.0102  -0.0061
  0.0650   0.0027  -0.0142   0.0531   0.0134   0.0191
  0.0636  -0.0191  -0.0134   0.0337   0.0182   0.0172
  0.0642  -0.0072  -0.0047   0.0583   0.0025   0.0152
  0.0568  -0.0126  -0.0192   0.0199   0.0185   0.0133
  0.0594  -0.0208  -0.0100   0.0429   0.0143   0.0240
  0.0497  -0.0126  -0.0186   0.0523   0.0095   0.0162
  0.0419  -0.0205  -0.0155   0.0246   0.0177   0.0038
  0.0434   0.0019  -0.0027   0.0512   0.0201  -0.0032
  0.0419   0.0399  -0.0002   0.0371   0.0249  -0.0048
  0.0272   0.0255  -0.0111   0.0288   0.0392  -0.0069
  0.0209   0.0213  -0.0167   0.0324   0.0249  -0.0034
  0.0277   0.0264  -0.0277   0.0243   0.0251  -0.0049
  0.0252   0.0287  -0.0153   0.0574   0.0235  -0.0118
  0.0159   0.0325  -0.0128   0.0578   0.0270  -0.0274
  0.0176   0.0063  -0.0100   0.0176   0.0384  -0.0166
  0.0291   0.0078  -0.0102   0.0601   0.0207  -0.0181
  0.0185  -0.0042  -0.0175   0.0097   0.0367  -0.0131
  0.0251  -0.0171  -0.0037   0.0374   0.0149  -0.0051
  0.0315  -0.0053  -0.0036   0.0327   0.0128  -0.0094
  0.0231  -0.0152  -0.0169   0.0062   0.0151  -0.0215
  0.0114  -0.0210  -0.0095  -0.0077   0.0204   0.0030
  0.0266  -0.0176  -0.0029   0.0122   0.0089  -0.0153
  0.0192   0.0038  -0.0174   0.0024   0.0124  -0.0033
  0.0286  -0.0267  -0.0084  -0.0015   0.0309   0.0247
  0.0433  -0.0399   0.0023   0.0272   0.0130  -0.0022
  0.0334  -0.0400  -0.0142   0.0087   0.0031   0.0063
  0.0404  -0.0314   0.0057  -0.0108   0.0204   0.0146
  0.0619  -0.0205   0.0247   0.0517  -0.0049  -0.0029
  0.0300  -0.0010   0.0123  -0.0125   0.0122   0.0040
  0.0383  -0.0036   0.0227   0.0386   0.0066   0.0034
  0.0336  -0.0031  -0.0067   0.0165   0.0125   0.0023
  0.0382  -0.0039   0.0186   0.0285   0.0144  -0.0053
  0.0562   0.0033   0.0292   0.0336   0.0063  -0.0107
  0.0304  -0.0152   0.0109   0.0239   0.0241  -0.0120
  0.0423   0.0003   0.0279   0.0475   0.0083  -0.0093
  0.0446  -0.0064   0.0197   0.0209   0.0122  -0.0071
  0.0306  -0.0058   0.0247   0.0123   0.0233   0.0017
  0.0436  -0.0143   0.0177   0.0345   0.0060  -0.0137
  0.0458  -0.0032   0.0200   0.0395   0.0102  -0.0057
  0.0333  -0.0225   0.0109   0.0143   0.0208  -0.0025
  0.0260  -0.0162   0.0199   0.0424   0.0054  -0.0087
  0.0227  -0.0095   0.0138  -0.0133   0.0210  -0.0009
  0.0140  -0.0057   0.0278   0.0084   0.0216   0.0057
  0.0361  -0.0031   0.0361   0.0181   0.0071  -0.0097
  0.0244  -0.0012   0.0104  -0.0157   0.0117  -0.0038
  0.0151  -0.0151   0.0246  -0.0029   0.0128   0.0142
  0.0193  -0.0059   0.0137  -0.0093   0.0006  -0.0041
  0.0020  -0.0001   0.0282  -0.0316   0.0120   0.0061
  0.0069   0.0017   0.0351  -0.0010   0.0146  -0.0014
  0.0066   0.0223   0.0309  -0.0088   0.0102  -0.0098
 -0.0058   0.0109   0.0360  -0.0200   0.0215   0.0068
  0.0105   0.0036   0.0352  -0.0171  -0.0013  -0.0155
  0.0006   0.0136   0.0320  -0.0314  -0.0013  -0.0042
 -0.0143   0.0130   0.0315  -0.0405   0.0109   0.0020
 -0.0164   0.0139   0.0388  -0.0198   0.0004  -0.0081
 -0.0130   0.0145   0.0176  -0.0177  -0.0040  -0.0037
 -0.0133   0.0134   0.0320  -0.0320   0.0190   0.0215
  0.0060   0.0064   0.0282  -0.0034  -0.0003  -0.0012
 -0.0173   0.0220   0.0264  -0.0096  -0.0083  -0.0157
 -0.0282   0.0168   0.0229  -0.0197   0.0074   0.0008
 -0.0185  -0.0102   0.0127   0.0025  -0.0062   0.0016
 -0.0251  -0.0030   0.0028   0.0064  -0.0152  -0.0134
 -0.0381  -0.0028  -0.0008  -0.0337   0.0027   0.0107
 -0.0168  -0.0142   0.0168  -0.0101  -0.0135  -0.0060
 -0.0200   0.0026  -0.0008  -0.0224  -0.0084  -0.0125
 -0.0254  -0.0071   0.0288  -0.0092  -0.0055   0.0001
 -0.0053   0.0019   0.0171  -0.0040  -0.0104  -0.0083
 -0.0340   0.0109   0.0216  -0.0224   0.0023  -0.0034
 -0.0290   0.0110   0.0322  -0.0050  -0.0091   0.0027
 -0.0214   0.0230   0.0246  -0.0131  -0.0068  -0.0137
 -0.0328   0.0180   0.0197  -0.0486   0.0082   0.0057
 -0.0290   0.0019   0.0255  -0.0289  -0.0088  -0.0035
 -0.0403   0.0262   0.0187  -0.0433  -0.0027  -0.0005
 -0.0521   0.0140   0.0222  -0.0553   0.0049   0.0067
 -0.0334   0.0059   0.0278  -0.0310  -0.0097  -0.0047
 -0.0248   0.0101   0.0237  -0.0481  -0.0063   0.0042
 -0.0369   0.0022   0.0151  -0.0525  -0.0035   0.0196
 -0.0213  -0.0076   0.0197  -0.0373  -0.0139  -0.0017
 -0.0418   0.0255   0.0164  -0.0563  -0.0136   0.0026
 -0.0348   0.0013   0.0250  -0.1091  -0.0006   0.0230
 -0.0462   0.0273   0.0238  -0.0708  -0.0225  -0.0073
 -0.0617   0.0228   0.0196  -0.0834  -0.0045   0.0004
 -0.0511   0.0272   0.0232  -0.0452  -0.0254  -0.0065
 -0.0712   0.0273   0.0261  -0.0883  -0.0039  -0.0012
 -0.0723   0.0371   0.0410  -0.0652  -0.0085  -0.0005
 -0.0603   0.0503   0.0415  -0.0561  -0.0180  -0.0034
 -0.0761   0.0687   0.0482  -0.0951   0.0026   0.0126
 -0.0603   0.0396   0.0456  -0.0438  -0.0177  -0.0244
 -0.0710   0.0066   0.0487  -0.0563   0.0050  -0.0205
 -0.0705   0.0040   0.0392  -0.0848   0.0109  -0.0047
 -0.0634   0.0236   0.0424  -0.0462  -0.0074  -0.0164
 -0.0757   0.0230   0.0334  -0.0804  -0.0054  -0.0088
 -0.0768  -0.0021   0.0278  -0.0821  -0.0098   0.0035
 -0.0576  -0.0016   0.0388  -0.0808  -0.0223  -0.0045
 -0.0869   0.0035   0.0270  -0.1278  -0.0031   0.0033
 -0.0904  -0.0039   0.0303  -0.1025  -0.0161   0.0194
 -0.0743   0.0049   0.0196  -0.0730  -0.0245  -0.0169
 -0.0830   0.0045   0.0310  -0.0877  -0.0148   0.0035
 -0.0806  -0.0146   0.0324  -0.0889  -0.0208  -0.0031
 -0.0842   0.0041   0.0300  -0.0652  -0.0255  -0.0116
 -0.0885  -0.0015   0.0254  -0.0963  -0.0121  -0.0025
 -0.0972  -0.0071   0.0284  -0.0970  -0.0080  -0.0064
 -0.0782  -0.0202   0.0408  -0.0878  -0.0096  -0.0011
 -0.0609  -0.0094   0.0412  -0.0969  -0.0060  -0.0161
 -0.0775   0.0153   0.0314  -0.1229  -0.0015   0.0040
 -0.0733  -0.0045   0.0404  -0.1196   0.0042  -0.0005
 -0.0708   0.0248   0.0399  -0.0733  -0.0118  -0.0134
 -0.0819   0.0131   0.0432  -0.0797   0.0033  -0.0332
 -0.0829   0.0190   0.0560  -0.0482  -0.0012  -0.0332
 -0.0816   0.0414   0.0579  -0.0624   0.0017  -0.0276
 -0.0857   0.0164   0.0581  -0.0931   0.0082  -0.0233
 -0.0628   0.0188   0.0629  -0.0743  -0.0128  -0.0326
 -0.0775   0.0260   0.0662  -0.1133   0.0062  -0.0285
 -0.0790   0.0341   0.0770  -0.0763  -0.0038  -0.0242
 -0.0685   0.0404   0.0662  -0.0863   0.0023  -0.0260
 -0.0794   0.0387   0.0764  -0.0964   0.0191  -0.0035
 -0.0607   0.0278   0.0822  -0.0787  -0.0017  -0.0192
 -0.0696   0.0546   0.0800  -0.0897   0.0029  -0.0245
 -0.0782   0.0506   0.0808  -0.0923   0.0098  -0.0075
 -0.0255   0.0510   0.1256   0.0376  -0.0796  -0.0634
 -0.0523   0.0398   0.0901  -0.0217   0.0054  -0.0587
 -0.0715   0.0291   0.0572  -0.1032   0.0063  -0.0321
 -0.0715   0.0312   0.0572  -0.0278  -0.0211  -0.0438
 -0.0921   0.0104   0.0271  -0.0775   0.0021  -0.0232
 -0.0690  -0.0027   0.0285  -0.0603  -0.0046  -0.0311
 -0.0909  -0.0169   0.0201  -0.0642  -0.0029  -0.0409
 -0.1045  -0.0017   0.0113  -0.0848  -0.0028  -0.0166
 -0.0759   0.0072   0.0409  -0.0448  -0.0213  -0.0461
 -0.0891   0.0035   0.0262  -0.0722  -0.0015  -0.0187
 -0.0896  -0.0191   0.0334  -0.0659  -0.0130  -0.0268
 -0.1013   0.0041   0.0237  -0.0686  -0.0128  -0.0331
 -0.1158  -0.0099   0.0232  -0.0785   0.0054  -0.0345
 -0.0902  -0.0321   0.0449  -0.0549  -0.0168  -0.0345
