  0.1478   0.0300   0.1073  -0.3288   0.0765   0.1436
  0.2185   0.0692   0.0752  -0.2297   0.0032   0.1361
  0.2165   0.0314   0.0411  -0.1598   0.0532   0.1043
  0.2245   0.0024   0.0339  -0.1281   0.0515   0.0997
  0.2332  -0.0052   0.0313  -0.1126   0.0690   0.1089
  0.2284   0.0080   0.0396  -0.1148   0.0526   0.0950
  0.2526   0.0262   0.0435  -0.1039  -0.0603   0.0790
  0.2196   0.0159   0.0304  -0.1349  -0.0001   0.1047
  0.2148   0.0046   0.0102  -0.1052   0.0325   0.0842
  0.1964   0.0122   0.0062  -0.1136   0.0358   0.0828
  0.1991   0.0236   0.0089  -0.0983   0.0124   0.0744
  0.2119   0.0421   0.0381  -0.1092   0.0242   0.0826
  0.2305   0.0227   0.0131  -0.0810   0.0461   0.0761
  0.2125   0.0032   0.0215  -0.0941   0.0427   0.0822
  0.2044   0.0008   0.0169  -0.0918   0.0046   0.0830
  0.1943   0.0328   0.0354  -0.1102  -0.0088   0.0851
  0.1886   0.0287   0.0267  -0.1109   0.0391   0.0855
  0.1816   0.0039   0.0378  -0.0571   0.0151   0.0661
  0.1789   0.0121   0.0241  -0.0829   0.0382   0.0693
  0.1854   0.0694   0.0111  -0.0611  -0.0140   0.0317
  0.1832   0.0734   0.0221  -0.1161   0.0372   0.0605
  0.1768   0.0841   0.0247  -0.1205   0.0392   0.0583
  0.1687   0.0811   0.0393  -0.0991   0.0141   0.0569
  0.1758   0.1109   0.0257  -0.1097   0.0442   0.0454
  0.1744   0.0900   0.0292  -0.0942  -0.0373   0.0515
  0.1583   0.0986   0.0344  -0.1184   0.0224   0.0447
  0.1679   0.0852   0.0294  -0.1096   0.0546   0.0485
  0.1622   0.0806   0.0364  -0.0953   0.0379   0.0401
  0.1687   0.0856   0.0394  -0.1007   0.0530   0.0315
  0.1800   0.0862   0.0511  -0.0699  -0.0118   0.0265
  0.1701   0.0940   0.0515  -0.0858   0.0246   0.0340
  0.1663   0.0909   0.0456  -0.0774   0.0312   0.0331
  0.1505   0.0665   0.0383  -0.0774   0.0508   0.0397
  0.1401   0.0750   0.0457  -0.0795   0.0330   0.0413
  0.1455   0.0873   0.0441  -0.0948   0.0612   0.0403
  0.1421   0.0671   0.0444  -0.0629   0.0268   0.0333
  0.1447   0.0702   0.0303  -0.0685   0.0341   0.0281
  0.1516   0.0604   0.0390  -0.0783   0.0450   0.0337
  0.1581   0.0615   0.0476  -0.0826  -0.0239   0.0367
  0.1517   0.0748   0.0452  -0.1195   0.0218   0.0430
  0.1558   0.0999   0.0456  -0.0919   0.0316   0.0357
  0.1428   0.0592   0.0280  -0.0726   0.0293   0.0416
  0.1467   0.0483   0.0342  -0.0812   0.0318   0.0493
  0.1471   0.0348   0.0316  -0.0625   0.0365   0.0400
  0.1314   0.0395   0.0378  -0.0594   0.0363   0.0355
  0.1428   0.0328   0.0306  -0.0545   0.0426   0.0333
  0.1418   0.0150   0.0423  -0.0617   0.0449   0.0437
  0.1347   0.0152   0.0454  -0.0543   0.0316   0.0405
  0.1311   0.0198   0.0371  -0.0651   0.0405   0.0401
  0.1205   0.0173   0.0456  -0.0494  -0.0000   0.0338
  0.1190   0.0307   0.0346  -0.0641   0.0317   0.0386
  0.1180   0.0168   0.0453  -0.0529   0.0329   0.0413
  0.1200   0.0101   0.0444  -0.0652   0.0338   0.0305
  0.1178   0.0040   0.0377  -0.0206   0.0267   0.0220
  0.1178   0.0421   0.0422  -0.0211  -0.0689   0.0169
  0.1187   0.0314   0.0429  -0.0757   0.0047   0.0335
  0.1107   0.0085   0.0244  -0.0091   0.0455   0.0059
  0.1031   0.0379   0.0102  -0.0055  -0.0005   0.0084
  0.1045   0.0388   0.0378  -0.0263  -0.0660   0.0106
  0.1057   0.0181   0.0285  -0.0312   0.0116   0.0208
  0.0850  -0.0030   0.0245  -0.0001   0.0248   0.0099
  0.0819   0.0005   0.0201   0.0184   0.0273   0.0040
  0.0851   0.0166   0.0089   0.0086   0.0192   0.0009
  0.0729  -0.0286   0.0003   0.0468   0.0066  -0.0068
  0.0750  -0.0357  -0.0334   0.0269   0.0190   0.0026
  0.0543  -0.0309   0.0000   0.0439  -0.0020   0.0013
  0.0584  -0.0246  -0.0021   0.0369   0.0307  -0.0085
  0.0560  -0.0337   0.0068   0.0355   0.0244  -0.0075
  0.0454  -0.0330  -0.0018   0.0306   0.0197  -0.0080
  0.0514  -0.0416  -0.0139   0.0205   0.0350  -0.0174
  0.0415  -0.0391   0.0008   0.0448  -0.0231  -0.0221
  0.0406  -0.0472  -0.0043   0.0485   0.0179  -0.0078
  0.0275  -0.0566  -0.0142   0.0675   0.0076  -0.0043
  0.0381  -0.0414  -0.0153   0.0550   0.0113  -0.0096
  0.0346  -0.0412  -0.0098   0.0459   0.0228  -0.0091
  0.0469  -0.0309   0.0098   0.0433  -0.0380  -0.0064
  0.0336  -0.0018   0.0063   0.0191   0.0014   0.0040
  0.0341  -0.0234  -0.0097   0.0365   0.0145  -0.0004
  0.0345  -0.0530   0.0082   0.0578  -0.0022   0.0037
  0.0254  -0.0652  -0.0035   0.0699   0.0081  -0.0044
  0.0223  -0.0579   0.0041   0.0667   0.0147  -0.0127
  0.0305  -0.0359   0.0238   0.0536   0.0468  -0.0147
  0.0322  -0.0004   0.0305   0.0266  -0.0091  -0.0018
  0.0480  -0.0139   0.0302   0.0142   0.0499  -0.0011
  0.0326   0.0467   0.0413   0.0037   0.0150  -0.0136
  0.0386   0.0876   0.0549  -0.0290   0.0282   0.0002
  0.0327   0.0597   0.0354  -0.0093   0.0361  -0.0140
  0.0279   0.0887   0.0421  -0.0111   0.0300  -0.0218
  0.0132   0.0720   0.0335  -0.0174   0.0474  -0.0175
  0.0019   0.0488   0.0262   0.0207   0.0034  -0.0239
 -0.0007   0.0096   0.0232   0.0192   0.0180  -0.0079
 -0.0004   0.0187   0.0202   0.0153   0.0026  -0.0138
 -0.0134   0.0589   0.0177  -0.0237   0.0348  -0.0180
 -0.0252   0.0570   0.0289  -0.0205   0.0111  -0.0122
 -0.0167   0.0648   0.0107  -0.0194   0.0360  -0.0138
 -0.0187   0.0693   0.0095  -0.0101   0.0503  -0.0116
 -0.0162   0.0631   0.0107   0.0007  -0.0028  -0.0307
 -0.0221   0.0537   0.0124  -0.0075   0.0213  -0.0227
 -0.0291   0.0468   0.0038  -0.0067  -0.0205  -0.0200
 -0.0383   0.0361   0.0105  -0.0072   0.0187  -0.0206
 -0.0378   0.0193   0.0007   0.0147   0.0021  -0.0232
 -0.0386   0.0235  -0.0001   0.0106   0.0161  -0.0220
 -0.0437   0.0020  -0.0015   0.0271   0.0029  -0.0279
 -0.0343   0.0169   0.0099   0.0156   0.0505  -0.0190
 -0.0283   0.0239   0.0119   0.0212   0.0142  -0.0236
 -0.0398   0.0449   0.0216   0.0063   0.0218  -0.0313
 -0.0353   0.0073  -0.0020   0.0373  -0.0015  -0.0293
 -0.0362   0.0206   0.0093   0.0067   0.0295  -0.0202
 -0.0431   0.0025   0.0097   0.0211   0.0023  -0.0166
 -0.0458   0.0306  -0.0056   0.0345   0.0197  -0.0262
 -0.0346   0.0362   0.0199   0.0349  -0.0243  -0.0319
 -0.0572   0.0378   0.0067   0.0210   0.0135  -0.0328
 -0.0606   0.0240   0.0023   0.0208  -0.0017  -0.0250
 -0.0616   0.0334  -0.0042   0.0271   0.0058  -0.0326
 -0.0617   0.0133  -0.0031   0.0213   0.0129  -0.0308
 -0.0690   0.0049  -0.0005   0.0357  -0.0055  -0.0369
 -0.0700   0.0212  -0.0063   0.0218   0.0114  -0.0402
 -0.0826  -0.0097  -0.0149   0.0351  -0.0136  -0.0396
 -0.0877  -0.0100  -0.0343   0.0021  -0.0076  -0.0304
 -0.1111   0.0133  -0.0228   0.0123  -0.0004  -0.0477
 -0.0923  -0.0222  -0.0054   0.0481   0.0075  -0.0440
 -0.0877  -0.0352  -0.0250   0.0625  -0.0267  -0.0389
 -0.0908  -0.0438  -0.0018   0.0244  -0.0640  -0.0193
 -0.0982  -0.0500  -0.0234   0.0779  -0.0080  -0.0390
 -0.0988  -0.0528  -0.0182   0.0752  -0.0255  -0.0329
 -0.1068  -0.0602  -0.0111   0.1084   0.0060  -0.0510
 -0.1077  -0.0363  -0.0221   0.0798  -0.0317  -0.0446
 -0.1135  -0.0326  -0.0266   0.0768  -0.0193  -0.0444
 -0.1065  -0.0559  -0.0062   0.0853  -0.0251  -0.0414
 -0.1139  -0.0505  -0.0122   0.0924  -0.0255  -0.0362
 -0.1259  -0.0363  -0.0136   0.0757  -0.0146  -0.0411
 -0.1183  -0.0525  -0.0092   0.0744  -0.0230  -0.0339
 -0.1046  -0.0302  -0.0050   0.0561   0.0069  -0.0360
 -0.1066  -0.0210   0.0109   0.0384  -0.0587  -0.0310
 -0.1139   0.0060   0.0099   0.0055  -0.0223  -0.0180
 -0.1068   0.0122  -0.0101   0.0257  -0.0301  -0.0272
 -0.0737   0.0695   0.0524   0.0167  -0.1430  -0.0350
 -0.1005   0.0538  -0.0295  -0.0471  -0.0343  -0.0186
 -0.0949   0.0610  -0.0290  -0.0240  -0.0583  -0.0171
 -0.0936   0.0506  -0.0469   0.0044  -0.0079  -0.0248
 -0.0960   0.0264  -0.0501   0.0332  -0.0080  -0.0250
 -0.1041   0.0118  -0.0541   0.0465  -0.0166  -0.0291
 -0.1089   0.0079  -0.0265   0.0583  -0.0552  -0.0225
 -0.1134  -0.0137  -0.0489   0.0514  -0.0102  -0.0240
 -0.1166  -0.0415  -0.0487   0.0796  -0.0052  -0.0288
 -0.1250  -0.0337  -0.0396   0.0761  -0.0115  -0.0361
 -0.1293  -0.0471  -0.0456   0.0936  -0.0037  -0.0484
 -0.1365  -0.0620  -0.0521   0.1023  -0.0247  -0.0470
 -0.1273  -0.0837  -0.0505   0.0935  -0.0441  -0.0439
 -0.1489  -0.0638  -0.0664   0.0888  -0.0442  -0.0396
 -0.1726  -0.0674  -0.0560   0.0714  -0.0077  -0.0530
 -0.1780  -0.0843  -0.0460   0.1109  -0.0319  -0.0507
 -0.1867  -0.0949  -0.0480   0.1012  -0.0229  -0.0525
 -0.1993  -0.0877  -0.0423   0.1132  -0.0488  -0.0510
 -0.2036  -0.0800  -0.0472   0.1046  -0.0229  -0.0588
 -0.2028  -0.0788  -0.0457   0.1098  -0.0401  -0.0559
 -0.1915  -0.0980  -0.0534   0.1081  -0.0218  -0.0511
 -0.2092  -0.0752  -0.0596   0.0998  -0.0424  -0.0571
 -0.2076  -0.0627  -0.0571   0.0938  -0.0295  -0.0499
 -0.2137  -0.0789  -0.0593   0.0944  -0.0599  -0.0545
 -0.2131  -0.0882  -0.0618   0.1001  -0.0503  -0.0355
 -0.2172  -0.0996  -0.0678   0.0806  -0.0490  -0.0416
 -0.2248  -0.1077  -0.0581   0.0989  -0.0663  -0.0395
 -0.2199  -0.0843  -0.0493   0.0756  -0.0377  -0.0370
 -0.2233  -0.0796  -0.0463   0.0907  -0.0626  -0.0533
 -0.2186  -0.0753  -0.0573   0.0836  -0.0510  -0.0435
 -0.2223  -0.0787  -0.0543   0.0689  -0.0506  -0.0348
 -0.2320  -0.0915  -0.0607   0.0835  -0.0611  -0.0374
 -0.2293  -0.0824  -0.0636   0.0791  -0.0467  -0.0351
 -0.2398  -0.0962  -0.0631   0.0843  -0.0554  -0.0409
 -0.2335  -0.1185  -0.0612   0.1029  -0.0736  -0.0318
 -0.2371  -0.0925  -0.0675   0.0833  -0.0636  -0.0435
 -0.2415  -0.0871  -0.0629   0.0882  -0.0493  -0.0369
 -0.2425  -0.0565  -0.0694   0.0437  -0.0360  -0.0318
 -0.2496  -0.0498  -0.0694   0.0514  -0.0552  -0.0384
 -0.2452  -0.0552  -0.0809   0.0636  -0.0443  -0.0384
 -0.2508  -0.0757  -0.0708   0.0571  -0.0523  -0.0324
 -0.2491  -0.0692  -0.0816   0.0731  -0.0812  -0.0377
 -0.2673  -0.0882  -0.0881   0.0678  -0.0742  -0.0347
 -0.2636  -0.0962  -0.0954   0.0766  -0.0813  -0.0305
