  0.1060   0.0404   0.0279   0.2312   0.0231   0.1147
  0.1487   0.0356   0.0079   0.1963  -0.0071  -0.0171
  0.1518   0.0624  -0.0140   0.1361   0.0199  -0.0285
  0.1576   0.0600  -0.0181   0.1568   0.0147  -0.0426
  0.1587   0.0654  -0.0176   0.1589   0.0379  -0.0670
  0.1687   0.0703  -0.0447   0.1699   0.0226  -0.0593
  0.1646   0.0642  -0.0232   0.1787  -0.0041  -0.0586
  0.1532   0.0664  -0.0082   0.1458  -0.0295  -0.0558
  0.1473   0.0906  -0.0113   0.1638  -0.0115  -0.0526
  0.1508   0.0758  -0.0151   0.1537  -0.0066  -0.0772
  0.1418   0.1186  -0.0127   0.2236  -0.0323  -0.1113
  0.1484   0.1126  -0.0172   0.2137  -0.0024  -0.0833
  0.1487   0.1081   0.0029   0.1767   0.0121  -0.0984
  0.1462   0.1201   0.0051   0.1675   0.0151  -0.0813
  0.1488   0.1211   0.0036   0.1730   0.0082  -0.0793
  0.1526   0.1146   0.0030   0.1482   0.0101  -0.0920
  0.1496   0.1190  -0.0079   0.1792   0.0053  -0.0880
  0.1579   0.1137  -0.0008   0.1862   0.0053  -0.0987
  0.1555   0.1194   0.0066   0.1716   0.0016  -0.0998
  0.1535   0.1116   0.0036   0.1844   0.0186  -0.0839
  0.1578   0.0935   0.0179   0.1868   0.0127  -0.1009
  0.1553   0.0989   0.0100   0.1918   0.0071  -0.0950
  0.1495   0.1032   0.0247   0.1821   0.0062  -0.0781
  0.1630   0.0992   0.0215   0.1768   0.0012  -0.0939
  0.1650   0.1096   0.0388   0.1610   0.0047  -0.0879
  0.1702   0.1122   0.0209   0.1899   0.0068  -0.0865
  0.1600   0.1128   0.0343   0.1708   0.0156  -0.0878
  0.1586   0.1119   0.0351   0.1725  -0.0026  -0.0892
  0.1535   0.1101   0.0275   0.1855  -0.0053  -0.0864
  0.1553   0.0647   0.0289   0.1807   0.0008  -0.0907
  0.1520   0.0612   0.0428   0.1585   0.0013  -0.0846
  0.1358   0.0812   0.0405   0.1559   0.0196  -0.0754
  0.1252   0.0808   0.0388   0.1581   0.0119  -0.0646
  0.1286   0.0807   0.0283   0.1570   0.0091  -0.0782
  0.1199   0.0893   0.0251   0.1608   0.0180  -0.0831
  0.1420   0.0964   0.0289   0.1564   0.0395  -0.0664
  0.1520   0.0914   0.0067   0.1221   0.0285  -0.0766
  0.1271   0.0767   0.0236   0.1356   0.0085  -0.0677
  0.1277   0.0877   0.0456   0.1426   0.0157  -0.0717
  0.1318   0.0659   0.0239   0.1613  -0.0041  -0.0899
  0.1309   0.0882   0.0322   0.1641   0.0064  -0.0828
  0.1286   0.0770   0.0312   0.1740   0.0325  -0.1158
  0.1206   0.0809   0.0447   0.1628   0.0234  -0.0937
  0.1259   0.0814   0.0292   0.1590   0.0120  -0.0793
  0.1261   0.0874   0.0262   0.1698   0.0096  -0.0857
  0.1335   0.0822   0.0280   0.1657  -0.0002  -0.1026
  0.1259   0.0680   0.0262   0.1523   0.0145  -0.0909
  0.1196   0.0793   0.0286   0.1577   0.0206  -0.0803
  0.1106   0.0688   0.0352   0.1538   0.0308  -0.1001
  0.1120   0.0674   0.0303   0.1525   0.0178  -0.0778
  0.1197   0.0834   0.0430   0.1303   0.0138  -0.0655
  0.1059   0.0509   0.0303   0.1231   0.0007  -0.0786
  0.1076   0.0719   0.0252   0.1134   0.0062  -0.0869
  0.1197   0.0888   0.0485   0.1123  -0.0007  -0.0693
  0.1212   0.0693   0.0564   0.1099   0.0067  -0.0562
  0.1180   0.0711   0.0717   0.1009   0.0163  -0.0777
  0.1136   0.0814   0.0688   0.1057   0.0200  -0.0557
  0.1106   0.0879   0.0670   0.1257   0.0080  -0.0523
  0.0968   0.0822   0.0622   0.1174   0.0028  -0.0699
  0.0907   0.0939   0.0535   0.1049   0.0216  -0.0718
  0.0960   0.0982   0.0403   0.1174   0.0115  -0.0686
  0.0947   0.0818   0.0493   0.1082   0.0154  -0.0883
  0.0969   0.0820   0.0462   0.1011   0.0185  -0.0895
  0.0782   0.0993   0.0369   0.1311   0.0299  -0.0813
  0.0883   0.0986   0.0507   0.1489   0.0149  -0.0816
  0.0758   0.0841   0.0522   0.1271   0.0092  -0.0976
  0.0813   0.0963   0.0305   0.1319   0.0159  -0.0746
  0.0846   0.0742   0.0450   0.1390   0.0264  -0.0803
  0.0952   0.0796   0.0528   0.1199   0.0065  -0.0831
  0.0944   0.0823   0.0419   0.1332   0.0120  -0.0839
  0.0778   0.0474   0.0428   0.1338   0.0228  -0.0707
  0.0780   0.1093   0.0584   0.0938   0.0381  -0.0801
  0.1259   0.0975  -0.0070   0.0729   0.0495  -0.0584
  0.0790   0.0883   0.0407   0.1012  -0.0002  -0.0536
  0.0771   0.0990   0.0435   0.1014   0.0217  -0.0741
  0.0693   0.1105   0.0431   0.1289   0.0234  -0.0633
  0.0688   0.0946   0.0395   0.1232   0.0072  -0.0852
  0.0559   0.1100   0.0362   0.1228   0.0187  -0.0823
  0.0613   0.0928   0.0292   0.1229   0.0200  -0.0789
  0.0946   0.0970   0.0343   0.0800   0.0390  -0.0807
  0.0964   0.0979   0.0089   0.0994   0.0435  -0.0808
  0.0746   0.0870   0.0397   0.0869   0.0303  -0.0676
  0.0769   0.0787   0.0454   0.0844   0.0151  -0.0619
  0.0653   0.0894   0.0308   0.0845   0.0136  -0.0761
  0.0543   0.1051   0.0176   0.0952   0.0155  -0.0649
  0.0517   0.0861   0.0201   0.0647  -0.0038  -0.0446
  0.0407   0.0814   0.0184   0.0800   0.0061  -0.0679
  0.0317   0.0945   0.0328   0.0674   0.0005  -0.0592
  0.0168   0.0907   0.0295   0.0637   0.0067  -0.0585
  0.0187   0.0957   0.0226   0.0670   0.0114  -0.0638
  0.0201   0.0961   0.0197   0.0691   0.0075  -0.0521
  0.0247   0.0831   0.0179   0.0745  -0.0088  -0.0424
  0.0339   0.0501   0.0283   0.0653   0.0033  -0.0681
  0.0206   0.0646   0.0288   0.0463  -0.0049  -0.0546
  0.0304   0.0293   0.0188   0.0599  -0.0015  -0.0418
  0.0287   0.0108   0.0398   0.0499   0.0078  -0.0578
  0.0158  -0.0013   0.0408   0.0471   0.0134  -0.0359
 -0.0082   0.1822  -0.0293   0.1106  -0.0567  -0.0951
 -0.0227   0.1374  -0.0158   0.0988   0.0053  -0.0781
  0.0007   0.1114   0.0078   0.0836  -0.0482  -0.0595
 -0.0029   0.1219   0.0098   0.0479  -0.0168  -0.0324
 -0.0069   0.1046   0.0101   0.0181  -0.0030  -0.0341
 -0.0091   0.1144   0.0095   0.0220  -0.0064  -0.0279
 -0.0053   0.1109   0.0154   0.0219  -0.0121  -0.0264
 -0.0040   0.1086   0.0157   0.0223  -0.0066  -0.0447
 -0.0075   0.1027  -0.0004   0.0385  -0.0096  -0.0512
 -0.0047   0.0928   0.0294  -0.0082  -0.0055  -0.0541
 -0.0077   0.0946   0.0154   0.0181   0.0004  -0.0396
 -0.0153   0.0762   0.0323   0.0170  -0.0012  -0.0407
 -0.0020   0.0724   0.0002   0.0150  -0.0217  -0.0564
 -0.0132   0.0815   0.0071   0.0112  -0.0135  -0.0427
 -0.0229   0.0868   0.0186   0.0214   0.0016  -0.0335
 -0.0286   0.0742   0.0217  -0.0152  -0.0002  -0.0260
 -0.0322   0.0955   0.0081   0.0156  -0.0075  -0.0287
 -0.0342   0.0736   0.0168  -0.0083   0.0009  -0.0288
 -0.0353   0.0602   0.0055   0.0035   0.0105  -0.0218
 -0.0359   0.0609  -0.0025   0.0005   0.0088  -0.0358
 -0.0463   0.0632   0.0050  -0.0291   0.0230  -0.0231
 -0.0411   0.0487  -0.0008   0.0160   0.0099  -0.0303
 -0.0558   0.0522   0.0175  -0.0145   0.0074  -0.0394
 -0.1262   0.0637  -0.0717   0.0014   0.0242  -0.0193
 -0.1337   0.0110  -0.0588   0.0009  -0.0076  -0.0180
 -0.2113   0.0196  -0.0878  -0.0284  -0.0054  -0.0358
 -0.2364   0.0316  -0.1435   0.0129  -0.0025  -0.0035
 -0.1832  -0.0234  -0.0834   0.0093   0.0006  -0.0244
 -0.1839   0.0124  -0.0803   0.0011  -0.0103  -0.0216
 -0.1375  -0.0321  -0.0585   0.0086   0.0085  -0.0078
 -0.1434  -0.0807  -0.0542  -0.0163  -0.0054   0.0038
 -0.1415  -0.0710  -0.0641  -0.0273   0.0001   0.0145
 -0.1407   0.0589  -0.0040  -0.1428  -0.0106   0.0676
 -0.1412  -0.0857  -0.0307  -0.1459   0.0008   0.1119
 -0.1666  -0.1092  -0.0559  -0.1020  -0.0084   0.0679
 -0.1653  -0.1065  -0.0515  -0.1342  -0.0063   0.0964
 -0.1741  -0.1046  -0.0330  -0.1803  -0.0106   0.1020
 -0.1742  -0.0944  -0.0311  -0.1830   0.0026   0.1122
 -0.1804  -0.0938  -0.0175  -0.2056   0.0296   0.1398
 -0.1799  -0.1256  -0.0347  -0.2182   0.0122   0.1348
 -0.1926  -0.1231  -0.0714  -0.2296  -0.0102   0.1457
 -0.1929  -0.1265  -0.0717  -0.1336  -0.0162   0.1020
 -0.1692  -0.1331  -0.0381  -0.1766  -0.0277   0.1225
 -0.1855  -0.1138  -0.0456  -0.2053  -0.0263   0.1302
 -0.1557  -0.1049  -0.0198  -0.1719  -0.0214   0.1216
 -0.1752  -0.1814  -0.0019  -0.2987  -0.0144   0.2073
 -0.1599  -0.1713  -0.0301  -0.2512  -0.0235   0.1608
 -0.1661  -0.1570  -0.0146  -0.2595  -0.0090   0.1654
 -0.1688  -0.1757  -0.0155  -0.3236  -0.0097   0.2022
 -0.1733  -0.1981  -0.0322  -0.3576  -0.0175   0.2152
 -0.1913  -0.1852  -0.0557  -0.3503  -0.0275   0.2153
 -0.2067  -0.1723  -0.0520  -0.3701  -0.0310   0.2360
 -0.1955  -0.1551  -0.0498  -0.3443  -0.0277   0.2314
 -0.1941  -0.1743  -0.0557  -0.3928  -0.0396   0.2364
 -0.1916  -0.1956  -0.0549  -0.3704  -0.0509   0.2125
 -0.1913  -0.1934  -0.0631  -0.3796  -0.0377   0.2181
 -0.1085  -0.1448  -0.0030  -0.3328  -0.0320   0.2159
 -0.1350  -0.1794   0.0010  -0.3234  -0.0265   0.1845
 -0.1732  -0.1893  -0.0463  -0.3760  -0.0292   0.2234
 -0.1624  -0.1202  -0.0631  -0.5879  -0.0319   0.3560
 -0.1778  -0.2856  -0.0477  -0.4175  -0.0411   0.2342
 -0.1699  -0.2666  -0.0426  -0.3661  -0.0298   0.2217
 -0.1025  -0.2991  -0.0011  -0.3058  -0.0375   0.1784
 -0.1468  -0.3274   0.0072  -0.2953  -0.0175   0.1842
 -0.1524  -0.3088   0.0065  -0.3404  -0.0133   0.2042
 -0.1501  -0.3300  -0.0044  -0.3356  -0.0171   0.2080
 -0.1628  -0.3388  -0.0027  -0.3344  -0.0135   0.1911
 -0.1745  -0.2689  -0.0381  -0.2752  -0.0119   0.1643
 -0.1465  -0.3015  -0.0156  -0.2550   0.0009   0.1878
 -0.1542  -0.3204  -0.0047  -0.3003  -0.0141   0.1820
 -0.1278  -0.3323  -0.0108  -0.3596  -0.0214   0.2087
 -0.1539  -0.3086  -0.0320  -0.4420  -0.0384   0.2388
 -0.1730  -0.3062  -0.0496  -0.4468  -0.0331   0.2181
 -0.1865  -0.3031  -0.0828  -0.2682  -0.0377   0.1226
 -0.2064  -0.3082  -0.0813  -0.2650  -0.0161   0.1192
 -0.2124  -0.3094  -0.0956  -0.2319  -0.0153   0.1108
 -0.2121  -0.2886  -0.1006  -0.2203  -0.0118   0.0835
 -0.2385  -0.3105  -0.1111  -0.2048  -0.0053   0.0942
 -0.2259  -0.3182  -0.1119  -0.2033  -0.0194   0.1101
 -0.2283  -0.3476  -0.1030  -0.2019  -0.0248   0.0818
 -0.2244  -0.3229  -0.1073  -0.2091  -0.0170   0.1131
 -0.2153  -0.3915  -0.0955  -0.2223  -0.0312   0.1008
 -0.2282  -0.3608  -0.1015  -0.2257  -0.0256   0.1205
