  0.0529  -0.2147   0.0680   0.0770  -0.0047   0.0643
  0.0659  -0.2145   0.0519   0.0549  -0.0080   0.0490
  0.0794  -0.2134   0.0498   0.0646  -0.0026   0.0715
  0.0905  -0.2321   0.0593   0.0881   0.0053   0.0862
  0.1079  -0.2173   0.0641   0.1053   0.0076   0.0748
  0.0877  -0.1903   0.1170   0.0908   0.0162   0.0826
  0.1094  -0.1951   0.0966   0.1120   0.0061   0.0832
  0.1164  -0.2058   0.1001   0.1397   0.0082   0.0927
  0.1131  -0.2254   0.0955   0.1352   0.0117   0.0947
  0.0946  -0.2027   0.1010   0.1324   0.0106   0.0769
  0.1062  -0.2035   0.0935   0.1220   0.0056   0.0926
  0.1055  -0.2144   0.0902   0.1411  -0.0045   0.0879
  0.1116  -0.2305   0.1062   0.1167   0.0058   0.1070
  0.1224  -0.1997   0.1225   0.1213   0.0077   0.1052
  0.1201  -0.2095   0.1150   0.1172   0.0055   0.0895
  0.1179  -0.2053   0.1063   0.1180   0.0036   0.1083
  0.1110  -0.2023   0.1256   0.1177   0.0084   0.1154
  0.1113  -0.2054   0.1248   0.1025   0.0085   0.1031
  0.1040  -0.2200   0.1245   0.0784   0.0056   0.1064
  0.1247  -0.1898   0.1391   0.0944   0.0078   0.1020
  0.1190  -0.2104   0.1556   0.1240   0.0075   0.1056
  0.1273  -0.1987   0.1393   0.1320  -0.0009   0.1125
  0.1267  -0.2092   0.1440   0.1223   0.0017   0.0993
  0.1356  -0.2146   0.1414   0.1510  -0.0043   0.1008
  0.1410  -0.2094   0.1568   0.1057   0.0118   0.1055
  0.1046  -0.2289   0.1493   0.1121   0.0140   0.0870
  0.0941  -0.1989   0.1526   0.1201   0.0173   0.0910
  0.0846  -0.1887   0.1275   0.1252   0.0035   0.0828
  0.0851  -0.2111   0.1443   0.1485   0.0036   0.1033
  0.0747  -0.1736   0.1417   0.1209  -0.0034   0.0884
  0.0935  -0.1898   0.1408   0.1327   0.0035   0.0929
  0.0868  -0.1763   0.1476   0.1265  -0.0104   0.1055
  0.1026  -0.1733   0.1409   0.1435  -0.0154   0.0949
  0.0937  -0.1777   0.1444   0.1496  -0.0131   0.1147
  0.0795  -0.1673   0.1357   0.1430  -0.0133   0.1044
  0.0702  -0.2663   0.1460   0.0427  -0.0121   0.0910
  0.1188  -0.2715   0.1118  -0.1092  -0.0219   0.0726
  0.1287  -0.3103   0.1382  -0.1694  -0.0116   0.0666
  0.0962  -0.2766   0.1358  -0.1115  -0.0178   0.0836
  0.0634  -0.2306   0.1052  -0.0731  -0.0274   0.0825
  0.0509  -0.2059   0.0903  -0.0483  -0.0372   0.0871
  0.0447  -0.2137   0.1004  -0.0492  -0.0347   0.0806
  0.0442  -0.1928   0.0815  -0.0371  -0.0406   0.0991
  0.0537  -0.1873   0.0945  -0.0288  -0.0336   0.0902
  0.0663  -0.1561   0.0985  -0.0053  -0.0299   0.1100
  0.0726  -0.1457   0.0947   0.0214  -0.0247   0.1031
  0.0789  -0.1692   0.0913   0.0263  -0.0392   0.0838
  0.0636  -0.1378   0.0951   0.0303  -0.0287   0.0758
  0.0594  -0.1521   0.1285   0.0288  -0.0309   0.0647
  0.0252  -0.1568   0.1338   0.0377  -0.0416   0.0585
 -0.0105  -0.1203   0.1167   0.1070  -0.0470   0.0569
  0.0414  -0.1135   0.0961   0.0589  -0.0570   0.0635
  0.0723  -0.1364   0.1107   0.0534  -0.0419   0.0359
  0.0559  -0.0788   0.1015   0.0678  -0.0624   0.0301
  0.0404  -0.0351   0.1034   0.0584  -0.0499   0.0318
  0.0419  -0.0383   0.1106   0.0780  -0.0477   0.0301
  0.0262  -0.0491   0.0958   0.1251  -0.0371   0.0544
  0.0182  -0.0419   0.0835   0.1358  -0.0430   0.0435
  0.0177  -0.0466   0.0684   0.1531  -0.0495   0.0474
 -0.0051  -0.0621   0.0815   0.1667  -0.0451   0.0720
 -0.0304  -0.0731   0.0827   0.1753  -0.0404   0.0579
 -0.0405  -0.0452   0.1025   0.1677  -0.0503   0.0282
 -0.0427  -0.0542   0.0903   0.1792  -0.0560   0.0354
 -0.0331  -0.0278   0.0850   0.1842  -0.0343   0.0302
 -0.0363  -0.0598   0.0968   0.1361  -0.0387   0.0230
  0.0044  -0.0613   0.0985   0.2078  -0.0416   0.0169
  0.0279  -0.1742   0.0860   0.0648  -0.0203   0.0050
  0.0217  -0.1135   0.0542   0.1276  -0.0281   0.0128
 -0.0051  -0.1264   0.0825   0.1353  -0.0293   0.0449
  0.0268  -0.1305   0.0711   0.1596  -0.0336   0.0345
  0.0283  -0.1148   0.0476   0.1077  -0.0393   0.0454
 -0.0564  -0.3041  -0.0154  -0.1039  -0.0847   0.0279
 -0.0321  -0.3600  -0.0529  -0.1164  -0.0689  -0.0044
 -0.0838  -0.2235  -0.0478  -0.0803  -0.0749   0.0024
 -0.0673  -0.3476  -0.0183  -0.0928  -0.0604  -0.0199
 -0.0163  -0.2603  -0.0295  -0.0864  -0.0408  -0.0133
  0.0131  -0.1988  -0.0741  -0.0315  -0.0370  -0.0008
  0.0088  -0.1684  -0.0874  -0.0448  -0.0402  -0.0109
 -0.0069  -0.1409  -0.0869  -0.0396  -0.0345  -0.0057
 -0.0498  -0.0978  -0.0862  -0.0673  -0.0446  -0.0230
 -0.0633  -0.0999  -0.0906  -0.0594  -0.0448  -0.0046
 -0.0759  -0.0907  -0.1098  -0.0786  -0.0526  -0.0057
 -0.0426  -0.0775  -0.1075  -0.0962  -0.0452  -0.0194
 -0.0430  -0.0617  -0.0776  -0.0506  -0.0335  -0.0398
 -0.0450  -0.0588  -0.0752  -0.0474  -0.0205  -0.0391
 -0.0603  -0.0278  -0.0629  -0.0754  -0.0221  -0.0474
 -0.0654  -0.0131  -0.0828  -0.0864  -0.0263  -0.0557
 -0.0611  -0.0010  -0.0809  -0.0855  -0.0334  -0.0409
 -0.0738  -0.0008  -0.0907  -0.0664  -0.0464  -0.0380
 -0.0809  -0.0094  -0.0625  -0.0845  -0.0430  -0.0337
 -0.0851  -0.0232  -0.0458  -0.0936  -0.0404  -0.0432
 -0.0675  -0.0100  -0.0517  -0.0893  -0.0309  -0.0551
 -0.0734   0.0087  -0.0587  -0.0792  -0.0284  -0.0613
 -0.0750   0.0345  -0.0710  -0.0553  -0.0339  -0.0329
 -0.0688   0.0184  -0.0758  -0.0416  -0.0304  -0.0258
 -0.0647   0.0119  -0.0700  -0.0333  -0.0160  -0.0176
 -0.0621   0.0046  -0.0599  -0.0278  -0.0211  -0.0323
 -0.0648   0.0282  -0.0723  -0.0436  -0.0264  -0.0253
 -0.0854   0.0250  -0.0732  -0.0308  -0.0410  -0.0070
 -0.0878   0.0337  -0.0462  -0.0249  -0.0123  -0.0208
 -0.1117   0.0962  -0.0579  -0.0488  -0.0198  -0.0124
 -0.0982   0.1431  -0.0752  -0.0547  -0.0188  -0.0362
 -0.0624   0.2660  -0.0722  -0.1001  -0.0167  -0.0556
 -0.0329   0.2171  -0.0507  -0.0842  -0.0035  -0.0359
 -0.0360   0.2160  -0.0257  -0.0256   0.0177   0.0016
 -0.0324   0.1991   0.0406  -0.1326   0.0504  -0.0379
  0.0089   0.1744   0.0208  -0.1166   0.0546  -0.0590
  0.0337   0.2241  -0.0024  -0.0625   0.0639  -0.0385
  0.0296   0.2221  -0.0295  -0.0263   0.0544  -0.0156
  0.0369   0.2085  -0.0522   0.0192   0.0459  -0.0421
  0.0462   0.1960  -0.0535   0.0273   0.0562  -0.0363
  0.0441   0.1757  -0.0326   0.0052   0.0597  -0.0317
  0.0552   0.1819  -0.0436  -0.0030   0.0533  -0.0254
  0.0411   0.1623  -0.0245  -0.0041   0.0647  -0.0080
  0.0098   0.0997  -0.0387   0.0100   0.0513  -0.0178
  0.0078   0.1081  -0.0705  -0.0472   0.0343  -0.0289
  0.0233   0.1376  -0.0782  -0.0335   0.0405  -0.0274
  0.0354   0.1775  -0.0776  -0.0557   0.0385  -0.0368
  0.0234   0.1269  -0.0645  -0.0529   0.0419  -0.0222
  0.0256   0.1527  -0.0621  -0.0571   0.0298  -0.0277
  0.0136   0.1432  -0.0625  -0.0692   0.0365  -0.0151
  0.0199   0.1727  -0.0726  -0.0553   0.0453  -0.0140
  0.0034   0.2090  -0.0713  -0.0707   0.0430  -0.0300
  0.0110   0.2013  -0.0615  -0.0677   0.0495  -0.0250
  0.0124   0.2210  -0.0504  -0.0694   0.0504  -0.0291
  0.0089   0.2275  -0.0433  -0.0840   0.0421  -0.0290
  0.0066   0.2256  -0.0493  -0.0699   0.0459  -0.0328
  0.0075   0.2246  -0.0565  -0.0938   0.0436  -0.0492
 -0.0029   0.2046  -0.0570  -0.0939   0.0469  -0.0401
 -0.0117   0.2145  -0.0766  -0.0963   0.0338  -0.0379
 -0.0197   0.1943  -0.0803  -0.1023   0.0357  -0.0361
 -0.0350   0.1908  -0.0824  -0.0761   0.0357  -0.0292
 -0.0121   0.1895  -0.0731  -0.1055   0.0308  -0.0398
 -0.0161   0.1795  -0.0589  -0.1127   0.0294  -0.0390
 -0.0266   0.1819  -0.0618  -0.1156   0.0257  -0.0444
 -0.0363   0.1923  -0.0768  -0.1031   0.0268  -0.0646
 -0.0452   0.1603  -0.0421  -0.1188   0.0490  -0.0704
 -0.0610   0.0891   0.0073  -0.0985   0.0460  -0.0917
 -0.0705   0.1285  -0.0406  -0.1018   0.0404  -0.0815
 -0.0706   0.1252  -0.0452  -0.0753   0.0405  -0.0706
 -0.0266   0.1685  -0.0651  -0.0922   0.0386  -0.0900
 -0.0237   0.1441  -0.0811  -0.0585   0.0375  -0.0584
 -0.0307   0.1733  -0.1001  -0.0356   0.0329  -0.0540
 -0.0539   0.1370  -0.1017  -0.0259   0.0221  -0.0594
 -0.0847   0.1256  -0.1091   0.0089   0.0178  -0.0489
 -0.0897   0.1105  -0.1053   0.0148   0.0184  -0.0550
 -0.0727   0.1115  -0.0798   0.0075   0.0302  -0.0460
 -0.0714   0.1317  -0.0854  -0.0116   0.0148  -0.0729
 -0.0641   0.1428  -0.0843  -0.0102   0.0294  -0.0713
 -0.0622   0.1809  -0.0820  -0.0209   0.0223  -0.0868
 -0.0597   0.1530  -0.0817  -0.0220   0.0401  -0.0814
 -0.0519   0.1679  -0.1011  -0.0037   0.0343  -0.0762
 -0.0593   0.1433  -0.1037  -0.0141   0.0373  -0.0778
 -0.0432   0.1906  -0.0834  -0.0299   0.0378  -0.0816
 -0.0493   0.1911  -0.0700  -0.0630   0.0287  -0.0805
 -0.0594   0.1704  -0.0738  -0.0321   0.0347  -0.0630
 -0.0485   0.2111  -0.0752  -0.0293   0.0348  -0.0915
 -0.0312   0.1602  -0.0696  -0.0222   0.0446  -0.0778
 -0.0468   0.1833  -0.0759  -0.0268   0.0374  -0.0808
 -0.0656   0.1702  -0.0798  -0.0433   0.0339  -0.0728
 -0.0804   0.1759  -0.0903  -0.0377   0.0278  -0.0576
 -0.0741   0.1609  -0.0804  -0.0481   0.0268  -0.0740
 -0.0812   0.1754  -0.0653  -0.0429   0.0345  -0.0660
 -0.0931   0.1758  -0.0629  -0.0716   0.0265  -0.0968
 -0.0933   0.1848  -0.0727  -0.0451   0.0282  -0.0960
 -0.0959   0.1869  -0.0909  -0.0341   0.0304  -0.1077
 -0.0935   0.1544  -0.0770  -0.0377   0.0351  -0.0921
 -0.0815   0.1150  -0.0876   0.0385   0.0540  -0.0603
 -0.1069   0.2117  -0.1213  -0.0909   0.0161  -0.0916
 -0.1034   0.2959  -0.1005  -0.1359  -0.0099  -0.0870
 -0.1286   0.1345  -0.0888  -0.0669  -0.0019  -0.0897
 -0.0866   0.1754  -0.0920  -0.1004   0.0061  -0.0945
 -0.0833   0.2211  -0.1137  -0.0610   0.0019  -0.0745
 -0.0766   0.2146  -0.0889  -0.0423   0.0057  -0.0843
 -0.0908   0.1918  -0.0916  -0.0455   0.0059  -0.0763
 -0.0912   0.1734  -0.0819  -0.0515   0.0119  -0.0761
 -0.0952   0.1648  -0.0912  -0.0898  -0.0118  -0.0778
 -0.0900   0.2042  -0.1047  -0.0818  -0.0079  -0.0831
 -0.0668   0.1964  -0.1033  -0.0898  -0.0120  -0.0853
 -0.0972   0.1662  -0.1097  -0.0974  -0.0185  -0.0759
