  0.0101  -0.3235  -0.0301   0.0663  -0.0788  -0.0384
  0.0112  -0.2718  -0.0359   0.1565  -0.0805   0.0116
 -0.0045  -0.3203  -0.0269   0.2486  -0.0739   0.0733
 -0.0077  -0.3060  -0.0224   0.0984  -0.0893   0.0032
 -0.0010  -0.2977  -0.0171   0.1681  -0.0730   0.0735
  0.0043  -0.2833  -0.0229   0.0762  -0.0851  -0.0314
 -0.0206  -0.2696  -0.0003   0.1773  -0.0512   0.0844
 -0.0136  -0.2624  -0.0160   0.0677  -0.0739  -0.0420
 -0.0048  -0.3007  -0.0219   0.1430  -0.0585   0.0373
 -0.0063  -0.2565  -0.0174   0.0595  -0.0625  -0.0035
 -0.0017  -0.2769  -0.0171   0.1060  -0.0526   0.0173
  0.0090  -0.2209  -0.0106   0.1183  -0.0540   0.0046
  0.0082  -0.2497  -0.0073   0.1441  -0.0461   0.0163
 -0.0011  -0.1827  -0.0104   0.1004  -0.0503  -0.0401
 -0.0154  -0.1149   0.0180   0.2364   0.0125   0.0792
 -0.0087  -0.1021   0.0163   0.1494  -0.0019   0.0055
 -0.0067  -0.1023   0.0137   0.0126  -0.0089  -0.0559
 -0.0081  -0.1485   0.0062   0.1056   0.0046   0.0217
 -0.0070  -0.1043   0.0218   0.0828  -0.0087   0.0277
 -0.0029  -0.0896   0.0192   0.0745  -0.0070   0.0207
 -0.0003  -0.0752   0.0107   0.1075  -0.0074  -0.0024
 -0.0129  -0.0552  -0.0006  -0.0411  -0.0077  -0.1160
 -0.0017  -0.0757  -0.0087  -0.0369   0.0003  -0.1217
 -0.0017  -0.0645   0.0019  -0.0158  -0.0003  -0.0621
 -0.0028  -0.0892   0.0032   0.0849  -0.0136   0.0282
  0.0095  -0.0245   0.0051  -0.0050  -0.0184  -0.0783
  0.0059  -0.0637  -0.0119  -0.0087  -0.0031  -0.0774
  0.0090   0.0055   0.0131   0.0265  -0.0130  -0.0266
 -0.0126  -0.0455   0.0238  -0.0187  -0.0101  -0.0023
 -0.0184  -0.0300   0.0503  -0.0389  -0.0258  -0.0699
 -0.0065  -0.0474   0.0294   0.1158  -0.0049   0.0333
 -0.0176  -0.0394   0.0469   0.0011   0.0001  -0.0645
 -0.0285   0.0046   0.0539   0.0896   0.0152   0.0538
 -0.0217   0.0070   0.0542   0.0348   0.0011   0.0012
 -0.0225   0.0156   0.0446   0.0135   0.0008  -0.0296
 -0.0106   0.0133   0.0316   0.0078  -0.0034  -0.0270
 -0.0252   0.0080   0.0105  -0.0920  -0.0081  -0.0883
 -0.0265   0.0244   0.0307  -0.0530  -0.0239  -0.0240
 -0.0245  -0.0043   0.0357   0.0548  -0.0053   0.0064
 -0.0046   0.0375   0.0101  -0.0827  -0.0153  -0.0998
 -0.0008   0.0046  -0.0064  -0.1661   0.0044  -0.1476
 -0.0093   0.0321   0.0322   0.0367   0.0101   0.0419
 -0.0059   0.0215   0.0372   0.0101   0.0008   0.0706
 -0.0113   0.0495   0.0304  -0.0360  -0.0002   0.0036
 -0.0174   0.0853   0.0191   0.0178  -0.0077   0.0305
 -0.0118   0.1245   0.0281  -0.0014  -0.0113   0.0271
 -0.0210   0.0825   0.0304   0.0607   0.0036   0.0602
 -0.0179   0.0877   0.0319   0.0169   0.0113   0.0070
 -0.0180   0.1134   0.0308   0.0293   0.0142   0.0212
 -0.0226   0.1183   0.0341  -0.0131  -0.0077  -0.0219
 -0.0104   0.1100   0.0255   0.0322   0.0017   0.0307
 -0.0185   0.1314   0.0262  -0.0045   0.0014  -0.0197
 -0.0086   0.0925   0.0083  -0.0305   0.0072  -0.0248
  0.0043   0.1299   0.0073  -0.0766   0.0077  -0.0389
 -0.0050   0.0920  -0.0188  -0.1439   0.0007  -0.0958
 -0.0067   0.0777   0.0030   0.0184   0.0134   0.0341
  0.0075   0.1119   0.0063   0.0127   0.0137   0.0519
 -0.0177   0.1354   0.0180   0.0528   0.0173   0.0649
 -0.0173   0.1484   0.0135   0.0680   0.0154   0.0490
 -0.0122   0.1598  -0.0051  -0.1689   0.0269  -0.0917
 -0.0040   0.1133  -0.0355  -0.2277   0.0424  -0.1314
 -0.0025   0.0888  -0.0409  -0.2379   0.0318  -0.1201
  0.0076   0.0465  -0.0592  -0.2482   0.0289  -0.1135
  0.0136   0.0711  -0.0534  -0.2297   0.0253  -0.1047
  0.0106   0.0853  -0.0730  -0.3627   0.0130  -0.1411
  0.0124   0.0694  -0.0639  -0.3319   0.0111  -0.1215
  0.0187   0.0656  -0.0380  -0.0446   0.0298   0.0823
  0.0315   0.1258  -0.0317  -0.0829   0.0371   0.0803
  0.0293   0.1021  -0.0166  -0.0746   0.0330   0.0361
  0.0278   0.0947  -0.0076  -0.0290   0.0343   0.0732
  0.0267   0.1205  -0.0007  -0.0359   0.0443   0.0339
  0.0114   0.1055  -0.0010   0.0415   0.0344   0.0738
  0.0139   0.1202   0.0064   0.0388   0.0317   0.0751
  0.0139   0.1311  -0.0226  -0.1257   0.0325  -0.0267
  0.0001   0.1004  -0.0503  -0.1539   0.0469  -0.0044
  0.0043   0.1711  -0.0203  -0.0596   0.0354   0.0306
  0.0127   0.1278  -0.0363  -0.1164   0.0529   0.0028
  0.0217   0.1193  -0.0239   0.0144   0.0557   0.1273
  0.0324   0.1359  -0.0226   0.0216   0.0538   0.0946
  0.0352   0.1573  -0.0195   0.0006   0.0491   0.0761
  0.0320   0.1569  -0.0178   0.0088   0.0477   0.1080
  0.0425   0.1598  -0.0020  -0.0165   0.0467   0.0732
  0.0472   0.2038  -0.0292   0.0284   0.0519   0.1367
  0.0412   0.1835  -0.0009   0.0140   0.0525   0.0971
  0.0363   0.2033   0.0005  -0.0424   0.0331   0.0315
