 -0.1769   0.3950  -0.1182  -0.5978   0.0050   0.0160
 -0.1870   0.4135  -0.1090  -0.5816   0.0051   0.0656
 -0.1898   0.3475  -0.1041  -0.5393  -0.0014   0.0333
 -0.1851   0.3980  -0.1034  -0.5184   0.0009   0.0561
 -0.1856   0.3747  -0.0922  -0.5630   0.0037   0.0477
 -0.1772   0.4047  -0.0983  -0.5384   0.0074   0.0526
 -0.1750   0.3934  -0.0850  -0.5548   0.0197  -0.0005
 -0.1655   0.3528  -0.0770  -0.5079   0.0195  -0.0516
 -0.1715   0.4036  -0.0865  -0.5318   0.0177   0.0357
 -0.1640   0.3924  -0.0708  -0.5641   0.0260   0.0210
 -0.1749   0.3460  -0.0852  -0.5091   0.0120  -0.0009
 -0.1795   0.3948  -0.0891  -0.5289   0.0095   0.0243
 -0.1605   0.3788  -0.0790  -0.5787   0.0007   0.0480
 -0.1466   0.2767  -0.0405  -0.4638   0.0311   0.0046
 -0.1613   0.2964  -0.0645  -0.3120   0.0119  -0.0762
 -0.1556   0.2921  -0.0495  -0.3356   0.0339  -0.0327
 -0.1484   0.2993  -0.0418  -0.2823   0.0296  -0.0405
 -0.1400   0.3148  -0.0312  -0.2830   0.0354  -0.0717
 -0.1404   0.2379  -0.0202  -0.2047   0.0388  -0.0811
 -0.1275   0.3031  -0.0259  -0.1904   0.0368  -0.0065
 -0.1182   0.2774  -0.0093  -0.1954   0.0490  -0.0591
 -0.1275   0.2293  -0.0170  -0.1202   0.0415  -0.0832
 -0.1121   0.2359  -0.0029  -0.1721   0.0497  -0.0920
 -0.1600   0.1596  -0.0556  -0.1816  -0.0176  -0.0756
 -0.1426   0.1896  -0.0110  -0.1523   0.0040  -0.0045
 -0.1343   0.1484   0.0044  -0.1406   0.0252  -0.0814
 -0.1365   0.1934   0.0058  -0.0690   0.0372  -0.0203
 -0.1166   0.1773   0.0158  -0.0250   0.0516  -0.1031
 -0.1196   0.1836   0.0169   0.0231   0.0467  -0.0363
 -0.1267   0.1700   0.0171   0.0153   0.0506  -0.1016
 -0.1197   0.1244   0.0272  -0.0000   0.0451  -0.1297
 -0.1034   0.1793   0.0104  -0.0060   0.0447  -0.0413
 -0.1107   0.1265   0.0012   0.0529   0.0382  -0.0784
 -0.0978   0.1437  -0.0087   0.0528   0.0267  -0.0149
 -0.0940   0.1417  -0.0033   0.0517   0.0344  -0.0488
 -0.1113   0.0975  -0.0018   0.0980   0.0186  -0.1105
 -0.1204   0.0837   0.0031   0.3321   0.0252  -0.1497
 -0.1123   0.0541   0.0177   0.4051   0.0222  -0.1395
 -0.1066   0.0172   0.0142   0.4200   0.0141  -0.1447
 -0.1037   0.0325   0.0246   0.4541   0.0140  -0.1365
 -0.1141   0.0699  -0.0044   0.4122   0.0015  -0.1283
 -0.1393   0.0923  -0.0280   0.3180  -0.0408  -0.1479
 -0.1158   0.0174  -0.0313   0.3670  -0.0149  -0.0938
 -0.1192   0.0635  -0.0299   0.3490  -0.0239  -0.0616
 -0.1192   0.0504  -0.0262   0.3454  -0.0200  -0.1137
 -0.1494   0.1417  -0.0164   0.2224  -0.0440  -0.1041
 -0.1054   0.1014   0.0307   0.3028   0.0138  -0.1943
 -0.0867   0.0872   0.0341   0.3412   0.0211  -0.1559
 -0.0875   0.1046   0.0072   0.3475   0.0167  -0.1089
 -0.0948   0.0591   0.0172   0.3951   0.0094  -0.1715
 -0.0675  -0.0017   0.0098   0.0213  -0.0082   0.0082
 -0.0756   0.1361  -0.0384  -0.0418  -0.0457   0.0261
 -0.1056   0.0102  -0.0195   0.5152  -0.0327  -0.1734
 -0.0918  -0.0006   0.0066   0.5215  -0.0030  -0.1227
 -0.0814  -0.0118  -0.0035   0.5680  -0.0100  -0.1876
 -0.0742   0.0120  -0.0029   0.5689  -0.0061  -0.1408
 -0.0763  -0.0549  -0.0076   0.5886  -0.0210  -0.1602
 -0.0713   0.0047  -0.0070   0.6545  -0.0212  -0.1317
 -0.0725  -0.0182   0.0225   0.5390  -0.0035  -0.1473
 -0.1135   0.0803  -0.0329   0.2745  -0.0284  -0.0976
 -0.1014  -0.0785   0.0820   0.6671   0.0091  -0.2370
 -0.0438  -0.1673   0.0945   0.8699   0.0182   0.0593
  0.0151  -0.1740   0.0637   0.9079   0.0431  -0.1497
  0.0170  -0.0938   0.0579   0.8013   0.0323  -0.1470
  0.0195  -0.1009   0.0552   0.8686   0.0400  -0.1712
  0.0283  -0.0619   0.0940   0.9338   0.0687  -0.2154
  0.0233  -0.1206   0.0888   0.9935   0.0663  -0.1857
  0.0232  -0.0919   0.0898   0.9965   0.0558  -0.2184
  0.0336  -0.1304   0.1086   0.9596   0.0711  -0.2095
  0.0033  -0.2026   0.0632   1.0709   0.0470  -0.2365
  0.0133  -0.1440   0.0994   1.0038   0.0641  -0.2272
  0.0335  -0.1844   0.1214   0.9946   0.0740  -0.2443
  0.0454  -0.2091   0.1376   0.9866   0.0806  -0.2047
  0.0459  -0.1830   0.1463   0.9929   0.0859  -0.2131
  0.0570  -0.1801   0.1620   1.0346   0.1018  -0.2135
  0.0618  -0.2110   0.1787   1.0177   0.1071  -0.2379
  0.0621  -0.1681   0.1743   1.0558   0.1092  -0.1667
  0.0722  -0.1796   0.2020   0.9756   0.1135  -0.2194
  0.0419  -0.1088   0.1130   0.4870   0.0584  -0.0350
 -0.1266  -0.1286   0.0122   0.4677  -0.1323   0.0691
 -0.0513  -0.0562   0.0434   0.7034  -0.1155  -0.2715
 -0.0140  -0.2345   0.0322   0.9072  -0.0709  -0.1958
 -0.0087  -0.1129  -0.0148   0.8641  -0.0617  -0.1555
 -0.0389  -0.2170   0.0556   1.0194  -0.0522  -0.1988
 -0.0012  -0.2456   0.0304   1.0018  -0.0352  -0.1374
  0.0169  -0.2322   0.0516   0.9155  -0.0261  -0.1869
  0.0220  -0.2460   0.0579   0.9229  -0.0177  -0.2029
  0.0280  -0.1275   0.0957   0.7752  -0.0018  -0.1517
  0.0123  -0.0132   0.1756   0.6426   0.0985  -0.1335
  0.0103   0.0615   0.0890   0.7306   0.0901  -0.1978
  0.0380  -0.0142   0.1847   0.8476   0.1039  -0.3579
 -0.0345  -0.1158   0.1100   0.5444   0.0418   0.2575
 -0.0064   0.1635   0.0159   0.3161   0.0008   0.0580
  0.1308   0.0333   0.0349   0.4161   0.0523  -0.1652
  0.1419  -0.0543   0.0546   0.5357   0.0517  -0.1366
  0.1187  -0.1150   0.0479   0.8672   0.0451  -0.1830
  0.1284  -0.1248   0.0326   0.8783   0.0287  -0.1838
  0.1530  -0.1157   0.0523   0.8583   0.0206  -0.2056
  0.0078  -0.1291  -0.0272   0.7705  -0.0975  -0.1616
  0.0791  -0.1737   0.0361   0.9931  -0.0261  -0.1758
  0.1163  -0.1947   0.0721   0.9442   0.0105  -0.1888
  0.1498  -0.2193   0.0892   0.8711   0.0173  -0.2205
  0.1713  -0.1070   0.1058   0.8165   0.0436  -0.1193
  0.1626  -0.1517   0.0909   0.7392   0.0345  -0.2141
  0.0731   0.0014  -0.0281   0.4622  -0.0230  -0.0803
  0.1511  -0.0781   0.0410   0.6972   0.0213  -0.2283
  0.1348  -0.0968   0.0416   0.6686   0.0182  -0.1942
  0.1464  -0.1739   0.0629   0.6761   0.0263  -0.4282
  0.1024  -0.4605  -0.0890  -0.1552  -0.1088   0.4456
 -0.3307  -0.3085  -0.3847  -1.8937  -0.4229   1.0751
 -0.2751  -0.2173  -0.3763  -2.3713  -0.3699   0.8613
 -0.2934  -0.2042  -0.3879  -2.3738  -0.3920   0.6868
 -0.2361  -0.0715  -0.4160  -1.8686  -0.3508   0.5938
 -0.1600  -0.2220  -0.3661  -1.1174  -0.3023   0.2331
 -0.1870   0.1262  -0.3881  -2.2282  -0.2876   0.6190
 -0.1854   0.1130  -0.3584  -1.9880  -0.2391   0.4190
 -0.1597   0.1945  -0.2664  -1.9696  -0.1661   0.3942
 -0.1149   0.0273  -0.2563  -1.7261  -0.1221   0.3384
 -0.0579   0.0230  -0.2659  -1.8593  -0.0739   0.3468
 -0.0915   0.0132  -0.2849  -1.8393  -0.1224   0.4741
 -0.2451   0.5004  -0.0749  -0.9054  -0.0163   0.0457
 -0.1478   0.1810  -0.0288  -0.3708   0.0400   0.0967
  0.0767   0.0500   0.0893  -0.0421   0.1359  -0.1349
  0.1192   0.0035   0.1139   0.0620   0.1372  -0.1138
  0.1215  -0.0204   0.0741  -0.1132   0.0805  -0.1642
 -0.0177   0.4093  -0.0247  -0.6827   0.0027   0.2587
 -0.0066   0.0822  -0.0436  -0.0549  -0.0280  -0.0953
 -0.0947   0.2679  -0.1862  -0.6596  -0.0731   0.2333
  0.1711  -0.2696   0.1045   0.4317   0.0804  -0.1442
  0.1438  -0.3146   0.0975   0.5622   0.0662  -0.0643
  0.1928  -0.4010   0.1288   0.6313   0.1052  -0.1108
  0.1908  -0.4082   0.1247   0.6637   0.0949  -0.0530
  0.2024  -0.4014   0.1159   0.6513   0.0979  -0.1112
 -0.0311  -0.0418   0.1266   0.1111   0.1576   0.0010
 -0.1548  -0.1384   0.1486   0.4731   0.2356  -0.0759
 -0.1053   0.0230   0.1333   0.0967   0.2076   0.0277
 -0.0738  -0.0048   0.1113   0.2444   0.1949  -0.0668
 -0.0101   0.0142   0.0726   0.3033   0.1912  -0.1320
  0.0273  -0.2259   0.1150   0.7857   0.2318  -0.2031
  0.0221  -0.3570   0.1055   0.8218   0.2463  -0.0919
  0.0353  -0.5014   0.1299   1.0539   0.2689  -0.1087
  0.0302  -0.5035   0.1066   1.0257   0.2340  -0.1519
  0.0449  -0.4408   0.0987   0.9222   0.1917  -0.0632
  0.0623  -0.3566   0.0704   0.8350   0.1599  -0.1682
  0.0432  -0.1292  -0.0578   0.5819   0.1524  -0.1717
  0.0333   0.0155  -0.1227   0.2034   0.1041   0.0550
  0.0502   0.0246  -0.1550  -0.1728   0.0351   0.1786
 -0.0132  -0.3073  -0.0027   0.5257   0.0040  -0.1085
 -0.0224  -0.1193  -0.0051  -0.3917   0.0009   0.3051
  0.0967  -0.0887   0.0742  -0.4445   0.0767   0.1472
  0.1407  -0.1104   0.0863  -0.5035   0.0907   0.1002
  0.1746  -0.1169   0.0523  -0.5364   0.0204   0.1534
  0.1773  -0.1003   0.0452  -0.6057   0.0058   0.2620
  0.1718  -0.1040   0.0453  -0.6388  -0.0043   0.1878
  0.2134   0.0511   0.0268  -0.6232  -0.0378   0.2074
  0.2073   0.0156   0.0493  -0.6364  -0.0122   0.1136
  0.2121  -0.0375   0.0332  -0.6444  -0.0196   0.1729
  0.2003  -0.0506   0.0217  -0.6957  -0.0189   0.2209
  0.2046  -0.0755   0.0174  -0.6721  -0.0169   0.2009
  0.1962  -0.0450   0.0012  -0.5643  -0.0175   0.1690
  0.1914  -0.1069   0.0325  -0.5325  -0.0162   0.1503
  0.1473  -0.0733  -0.0167  -0.8513  -0.0468   0.2462
  0.1521  -0.1674   0.0264  -0.7059  -0.0705   0.2580
  0.1011  -0.0932  -0.0502  -0.8465  -0.0878   0.2922
  0.0976  -0.0237  -0.0511  -0.9756  -0.0835   0.1894
  0.1406  -0.0730  -0.0331  -0.8128  -0.0816   0.1898
  0.1200  -0.0583  -0.0688  -0.7076  -0.1090   0.2602
  0.1252  -0.0728  -0.0421  -0.7401  -0.0945   0.2323
  0.1161  -0.1326  -0.0554  -0.7420  -0.1161   0.2208
  0.1029  -0.2119  -0.1026  -0.7928  -0.1222   0.2731
 -0.1659  -0.1482  -0.2712  -1.5911  -0.1731   0.6218
 -0.1182   0.1800  -0.2801  -1.0121  -0.1205   0.2708
  0.0247   0.0274  -0.0548  -0.6738  -0.0928   0.3587
 -0.0392  -0.1415  -0.1034  -0.3479  -0.1303   0.1165
  0.0070  -0.0578  -0.0839  -0.5029  -0.0640   0.2037
  0.0540   0.0731  -0.0474  -0.8403  -0.0983   0.3239
 -0.2129  -0.1979  -0.4119  -0.8348  -0.3315   0.3968
 -0.0587  -0.2136  -0.2967  -0.2810  -0.2004  -0.0810
 -0.0103  -0.1990  -0.2310  -0.3080  -0.1512   0.1556
 -0.0057  -0.2978  -0.1700   0.0645  -0.0994   0.0228
  0.0434  -0.2961  -0.1273   0.1101  -0.0705   0.0299
  0.0386  -0.3049  -0.1217   0.1048  -0.0849   0.0088
  0.0603  -0.2869  -0.1109   0.0475  -0.0602   0.0535
  0.0746  -0.3228  -0.1074   0.0619  -0.0524  -0.0090
  0.0938  -0.2514  -0.0989   0.0801  -0.0662   0.0693
  0.0888  -0.2329  -0.0848   0.0383  -0.0498  -0.0162
  0.0908   0.0238  -0.1025   0.1141  -0.0583  -0.2120
  0.1604  -0.0674  -0.0376   0.4306  -0.0404  -0.1692
  0.0559   0.3363   0.0616   0.1047  -0.0706   0.2952
  0.1139   0.1608   0.0679   0.0794  -0.0038  -0.0701
  0.1243   0.1133   0.0818  -0.0073  -0.0560  -0.0809
  0.1562   0.0530   0.0598  -0.0262  -0.0507  -0.0451
  0.1840  -0.0167   0.1092   0.0649  -0.0285  -0.0584
  0.1502   0.1142   0.0423  -0.3696  -0.0472   0.1134
  0.1487   0.0780   0.0687  -0.3254  -0.0423   0.0475
  0.1474   0.0009   0.0886  -0.3112  -0.0271   0.1136
  0.1413  -0.0975   0.1187  -0.2408  -0.0231   0.0713
  0.1694  -0.0353   0.0966  -0.2765  -0.0154   0.0351
  0.1443  -0.0958   0.0682  -0.3320  -0.0334   0.0013
  0.1821   0.0687   0.0090  -0.5318  -0.0909   0.2004
  0.1745   0.0679   0.0453  -0.5335  -0.0463   0.0958
  0.1693  -0.0415   0.0656  -0.6060  -0.0254   0.1107
  0.1402   0.2584  -0.0069  -1.1896  -0.0306   0.3548
  0.1749   0.3834   0.0967  -1.1554   0.0011   0.2774
  0.0412  -0.0676   0.0593  -0.0582   0.0602   0.0628
  0.0658   0.0257   0.0132  -0.5958   0.0070   0.1525
 -0.0135  -0.2927  -0.0018  -1.4608   0.0044   0.6451
  0.1069  -0.1283   0.0490  -0.5573   0.0976   0.0998
  0.1580   0.0122  -0.0041  -0.4996   0.0522   0.0654
  0.1982   0.0096   0.0342  -0.4492   0.0742   0.0846
