  0.1580  -0.0441   0.1754  -0.1900  -0.0035   0.1935
  0.1774   0.0305   0.1255   0.0243   0.0301   0.1118
  0.1808   0.0152   0.1030   0.0589   0.0445   0.1106
  0.1829   0.0317   0.1077   0.0589   0.0388   0.0994
  0.1836   0.0278   0.1262   0.0915   0.0377   0.0973
  0.1687   0.0127   0.1042   0.1259   0.0234   0.0750
  0.1797  -0.0013   0.1040   0.1314   0.0451   0.0848
  0.1828  -0.0224   0.0975   0.1329   0.0570   0.0713
  0.1845  -0.0171   0.1035   0.1308   0.0794   0.0898
  0.1929  -0.0275   0.0959   0.1178   0.0889   0.0694
  0.1730  -0.0382   0.0941   0.1225   0.0695   0.0795
  0.1739  -0.0309   0.0937   0.1123   0.0724   0.0767
  0.1678  -0.0277   0.0801   0.1615   0.0515   0.0655
  0.1591  -0.0223   0.0796   0.1576   0.0547   0.0667
  0.1538  -0.0334   0.0837   0.1637   0.0513   0.0540
  0.1492  -0.0311   0.0825   0.1580   0.0581   0.0653
  0.1551  -0.0434   0.0884   0.1105   0.0610   0.0591
  0.1438  -0.0464   0.0899   0.1199   0.0538   0.0593
  0.1501  -0.0413   0.0826   0.1367   0.0490   0.0434
  0.1428  -0.0275   0.0920   0.0917   0.0491   0.0496
  0.1595  -0.0227   0.0625   0.0877   0.1004   0.0561
  0.1522  -0.0382   0.0766   0.1176   0.0520   0.0578
  0.1382  -0.0383   0.0883   0.1097   0.0354   0.0585
  0.1455  -0.0314   0.0679   0.1276   0.0538   0.0519
  0.1367  -0.0314   0.0772   0.1258   0.0769   0.0537
  0.1362  -0.0284   0.0861   0.1275   0.0658   0.0376
  0.1339  -0.0474   0.0824   0.1330   0.0743   0.0321
  0.1344  -0.0455   0.0822   0.1340   0.0749   0.0329
  0.1347  -0.0550   0.0955   0.1142   0.0689   0.0359
  0.1469  -0.0444   0.0808   0.1107   0.0740   0.0339
  0.1430  -0.0546   0.0693   0.1355   0.0819   0.0352
  0.1392  -0.0619   0.0811   0.1576   0.0828   0.0421
  0.1326  -0.0532   0.0706   0.1578   0.0850   0.0241
  0.1280  -0.0670   0.0684   0.1761   0.0797   0.0268
  0.1225  -0.0664   0.0690   0.1769   0.0533   0.0365
  0.1135  -0.0786   0.0635   0.1931   0.0362   0.0308
  0.1060  -0.0730   0.0557   0.2046   0.0497   0.0437
  0.1051  -0.0986   0.0581   0.2204   0.0379   0.0202
  0.0866  -0.0935   0.0443   0.2040   0.0275   0.0284
  0.0901  -0.0840   0.0599   0.1921   0.0310   0.0117
  0.0979  -0.0759   0.0563   0.1974   0.0344   0.0168
  0.0865  -0.0954   0.0539   0.2007   0.0425   0.0059
  0.0877  -0.0875   0.0390   0.2314   0.0445   0.0240
  0.0755  -0.0966   0.0555   0.2507   0.0432   0.0091
  0.0915  -0.1037   0.0562   0.2317   0.0477   0.0234
  0.0938  -0.1139   0.0484   0.2272   0.0510   0.0051
  0.0875  -0.1266   0.0537   0.2486   0.0443   0.0214
  0.0795  -0.1140   0.0444   0.2565   0.0391   0.0097
  0.0830  -0.1240   0.0511   0.2584   0.0345   0.0160
  0.0733  -0.1182   0.0412   0.2686   0.0296   0.0029
  0.0711  -0.1175   0.0462   0.2651   0.0394   0.0053
  0.0709  -0.1172   0.0497   0.2518   0.0438   0.0075
  0.0857  -0.1283   0.0476   0.2467   0.0552  -0.0021
  0.0903  -0.1302   0.0465   0.2523   0.0588   0.0091
  0.0958  -0.1130   0.0456   0.2391   0.0597  -0.0075
  0.0897  -0.1240   0.0442   0.2507   0.0599   0.0004
  0.0861  -0.1178   0.0484   0.2258   0.0540  -0.0046
  0.0833  -0.1457   0.0371   0.2548   0.0398   0.0085
  0.0712  -0.1260   0.0302   0.2483   0.0140  -0.0052
  0.0612  -0.1335   0.0311   0.2903   0.0211  -0.0020
  0.0655  -0.1344   0.0292   0.2899   0.0339   0.0023
  0.0922  -0.1409   0.0354   0.2852   0.0758  -0.0045
  0.0884  -0.1452   0.0372   0.3079   0.0546  -0.0120
  0.0842  -0.1475   0.0320   0.2920   0.0523  -0.0162
  0.0870  -0.1521   0.0388   0.2458   0.0583  -0.0103
  0.0816  -0.1472   0.0363   0.2400   0.0622   0.0050
  0.0826  -0.1515   0.0329   0.2250   0.0574  -0.0041
  0.0626  -0.1381   0.0421   0.2517   0.0290   0.0043
  0.0534  -0.1512   0.0440   0.2045   0.0329   0.0037
  0.0572  -0.1389   0.0496   0.2125   0.0299   0.0013
  0.0624  -0.1449   0.0443   0.2248   0.0308  -0.0030
  0.0632  -0.1575   0.0347   0.2672   0.0315  -0.0199
  0.0742  -0.1388   0.0226   0.2327   0.0608   0.0123
  0.0735  -0.1304   0.0277   0.2103   0.0559   0.0025
  0.0756  -0.1365   0.0316   0.2189   0.0663   0.0145
  0.0769  -0.1227   0.0283   0.2241   0.0862   0.0006
  0.0818  -0.1343   0.0257   0.2343   0.0940  -0.0022
  0.0849  -0.1234   0.0240   0.2400   0.1115   0.0095
  0.0891  -0.1220   0.0225   0.2100   0.0895  -0.0117
  0.0817  -0.1167   0.0270   0.1844   0.0914   0.0053
  0.0833  -0.1135   0.0113   0.2111   0.0939  -0.0065
  0.0810  -0.1276   0.0127   0.2136   0.0972  -0.0065
  0.0812  -0.1312   0.0161   0.2253   0.0918   0.0019
  0.0614  -0.1245   0.0092   0.2190   0.0748  -0.0045
  0.0304  -0.1189   0.0238   0.2153   0.0435  -0.0043
  0.0407  -0.1196   0.0156   0.1862   0.0518   0.0021
  0.0476  -0.1304   0.0126   0.1977   0.0651   0.0036
  0.0485  -0.1173   0.0047   0.1797   0.0720  -0.0014
  0.0484  -0.1167   0.0077   0.1714   0.0671  -0.0148
  0.0502  -0.1074   0.0147   0.1721   0.0700  -0.0026
  0.0514  -0.1218   0.0176   0.1786   0.0528  -0.0150
  0.0611  -0.1266   0.0164   0.1614   0.0736   0.0065
  0.0488  -0.1125   0.0083   0.1784   0.0612  -0.0010
  0.0402  -0.1230   0.0096   0.1856   0.0761   0.0049
  0.0344  -0.1215   0.0050   0.1870   0.0790   0.0029
  0.0397  -0.1069   0.0174   0.1593   0.0783  -0.0089
  0.0254  -0.1192   0.0183   0.1641   0.0712  -0.0033
  0.0338   0.0459   0.0310   0.0162  -0.1451   0.0014
 -0.0559   0.0190  -0.0708   0.2049  -0.0719  -0.0767
 -0.0758   0.0623  -0.0424   0.1321  -0.1645  -0.1131
 -0.0698   0.0812  -0.0084   0.1228  -0.1108  -0.0905
 -0.0690   0.0925  -0.0487   0.0329  -0.0777  -0.0809
 -0.0682   0.0579  -0.0248   0.0756  -0.1152  -0.0852
 -0.0318   0.0032  -0.0219   0.1589  -0.0777  -0.1137
 -0.0542   0.0560  -0.0190   0.0952  -0.0704  -0.0863
 -0.0981   0.0943  -0.0939  -0.0671  -0.1065  -0.0682
 -0.1573   0.1210  -0.0383  -0.1472  -0.2341  -0.0594
 -0.1246   0.1474  -0.0778  -0.1983  -0.1335  -0.0233
 -0.0583   0.1374  -0.0474  -0.1657  -0.0917  -0.0316
 -0.0242   0.1119  -0.0429  -0.1477  -0.0750  -0.0414
 -0.0358   0.1247  -0.0458  -0.1264  -0.0459  -0.0547
 -0.0364   0.1177  -0.0523  -0.0914  -0.0645  -0.0252
 -0.0490   0.1108  -0.0316  -0.0897  -0.0696  -0.0510
 -0.0712   0.1151  -0.0395  -0.0796  -0.0891  -0.0474
 -0.0717   0.1209  -0.0488  -0.1437  -0.0449  -0.0450
 -0.0798   0.1311  -0.0385  -0.1567  -0.0519  -0.0287
 -0.0875   0.1117  -0.0410  -0.1087  -0.0683  -0.0275
 -0.0882   0.0744  -0.0496  -0.1320  -0.0404  -0.0362
 -0.0854   0.0760  -0.0491  -0.1019  -0.0629  -0.0307
 -0.0937   0.0886  -0.0679  -0.1818  -0.0262  -0.0298
 -0.0973   0.1210  -0.0663  -0.2263  -0.0472  -0.0011
 -0.1022   0.1620  -0.0652  -0.2584  -0.0372  -0.0089
 -0.1292   0.1207  -0.0473  -0.2699  -0.0631   0.0335
 -0.0972   0.0772  -0.0441  -0.2511  -0.0370   0.0057
 -0.1117   0.1420  -0.0293  -0.3183  -0.1357   0.0080
 -0.0968   0.1486   0.0067  -0.3139  -0.1603  -0.0118
 -0.0920   0.1254  -0.0124  -0.2969  -0.0815  -0.0133
 -0.0814   0.1350  -0.0386  -0.3372   0.0046  -0.0155
 -0.0962   0.1044  -0.0353  -0.2566  -0.0333  -0.0228
 -0.1159   0.0884  -0.0657  -0.2819   0.0007  -0.0123
 -0.1214   0.0991  -0.0624  -0.2962  -0.0748   0.0017
 -0.1189   0.1008  -0.0460  -0.2820  -0.0446   0.0048
 -0.1041   0.0514  -0.0646  -0.1994  -0.0310  -0.0203
 -0.1202   0.0663  -0.0703  -0.2250  -0.0174  -0.0211
 -0.1267   0.0771  -0.0691  -0.2449  -0.0564  -0.0155
 -0.1235   0.0609  -0.0464  -0.2240  -0.0619  -0.0248
 -0.1219   0.0691  -0.0507  -0.2345  -0.0379  -0.0156
 -0.0968   0.0925  -0.0312  -0.2926  -0.0163  -0.0158
 -0.0976   0.0899  -0.0624  -0.2808   0.0002  -0.0308
 -0.0917   0.0942  -0.0515  -0.3097  -0.0267  -0.0289
 -0.1225   0.1009  -0.0480  -0.3292  -0.0305  -0.0293
 -0.1170   0.0638  -0.0737  -0.2565   0.0109  -0.0189
 -0.1258   0.0776  -0.0514  -0.2619  -0.0627  -0.0389
 -0.1284   0.0767  -0.0656  -0.2938  -0.0076  -0.0259
 -0.1141   0.0888  -0.0467  -0.2433  -0.0388  -0.0151
 -0.1068   0.0787  -0.0632  -0.1992  -0.0224  -0.0303
 -0.1113   0.0875  -0.0740  -0.2234  -0.0311  -0.0180
 -0.1120   0.0911  -0.0669  -0.2390  -0.0186  -0.0265
 -0.1388   0.1102  -0.1133  -0.2222  -0.0432  -0.0191
 -0.1507   0.0866  -0.1205  -0.2274  -0.0770  -0.0129
 -0.1373   0.0610  -0.1151  -0.2016  -0.0357  -0.0130
 -0.1315   0.0464  -0.1049  -0.2262  -0.0402  -0.0156
 -0.1283   0.0656  -0.0687  -0.2225  -0.0503  -0.0357
 -0.1290   0.0773  -0.0771  -0.2576  -0.0488  -0.0211
 -0.1378   0.0802  -0.0933  -0.2171  -0.0395  -0.0342
 -0.1686   0.0913  -0.0453  -0.2619  -0.0308  -0.0053
 -0.1806   0.0782  -0.0496  -0.2134  -0.1213  -0.0227
 -0.1435   0.0579  -0.0874  -0.2192  -0.0378  -0.0182
 -0.1350   0.0980  -0.0888  -0.2124  -0.0406  -0.0379
 -0.1372   0.1123  -0.0971  -0.2249  -0.0061  -0.0308
 -0.1372   0.0969  -0.0821  -0.2421  -0.0296  -0.0408
 -0.1457   0.0839  -0.0711  -0.2246  -0.0617  -0.0451
 -0.1369   0.1241  -0.0884  -0.2832  -0.0235  -0.0434
 -0.1328   0.1078  -0.0716  -0.2690  -0.0325  -0.0486
 -0.1349   0.1268  -0.0731  -0.2795  -0.0448  -0.0372
 -0.1519   0.1532  -0.0885  -0.2762  -0.0535  -0.0402
 -0.1773   0.1561  -0.1015  -0.3457  -0.0193  -0.0344
 -0.1935   0.1451  -0.1103  -0.3091  -0.0419  -0.0268
 -0.1753   0.1393  -0.0840  -0.3110  -0.0616  -0.0353
 -0.1900   0.1532  -0.0949  -0.3402  -0.0926  -0.0345
 -0.1931   0.1423  -0.0809  -0.3348  -0.0811  -0.0324
 -0.1846   0.1455  -0.1024  -0.3173  -0.0592  -0.0322
 -0.1725   0.1588  -0.0943  -0.3350  -0.0622  -0.0244
 -0.1968   0.1866  -0.0981  -0.3660  -0.0971  -0.0324
 -0.2134   0.1943  -0.1116  -0.3580  -0.1301  -0.0083
 -0.2221   0.1883  -0.1089  -0.4066  -0.1365  -0.0085
 -0.2610   0.1964  -0.1474  -0.4075  -0.1560  -0.0113
 -0.2615   0.2503  -0.1366  -0.4597  -0.1802  -0.0174
 -0.2855   0.1951  -0.1484  -0.4280  -0.2252  -0.0343
 -0.2829   0.1923  -0.1016  -0.4035  -0.2251  -0.0409
