  0.3389  -0.1421  -0.2829   0.0010   0.2089   0.2355
  0.1505  -0.0521  -0.1481  -0.0663   0.1013   0.2235
  0.1084  -0.0177  -0.1429   0.0250   0.0531   0.2021
  0.0934  -0.0070  -0.1271   0.0457   0.0390   0.1637
  0.1074  -0.0193  -0.1127   0.0792   0.0522   0.1593
  0.0910  -0.0414  -0.0936   0.1000   0.0236   0.1607
  0.0882   0.0170  -0.0955   0.0904   0.0308   0.0913
  0.0681   0.0033  -0.1001   0.0706   0.0217   0.0996
  0.0578  -0.0076  -0.0981   0.0850   0.0073   0.0896
  0.0444   0.0028  -0.0983   0.0922   0.0008   0.1144
  0.0231  -0.0200  -0.1099   0.1095  -0.0057   0.1104
  0.0134  -0.0721  -0.0923   0.1279  -0.0089   0.0767
  0.0081  -0.0580  -0.0957   0.1258  -0.0231   0.1009
 -0.0018  -0.0427  -0.0880   0.1166  -0.0190   0.1193
 -0.0098  -0.0577  -0.0786   0.1192  -0.0132   0.0714
 -0.0144  -0.0975  -0.0733   0.1981  -0.0132   0.0263
  0.0019  -0.1222  -0.0894   0.2317  -0.0042   0.0299
 -0.0067  -0.0961  -0.0683   0.1673  -0.0090   0.0728
 -0.0182  -0.0863  -0.0718   0.1611  -0.0147   0.0776
 -0.0225  -0.0992  -0.0529   0.1944  -0.0014   0.0272
 -0.0249  -0.1147  -0.0435   0.1896  -0.0128   0.0350
 -0.0265  -0.0740  -0.0467   0.1807  -0.0099   0.0548
 -0.0335  -0.0508  -0.0607   0.1446  -0.0111   0.0920
 -0.0324  -0.0752  -0.0428   0.1501  -0.0036   0.0522
 -0.0384  -0.0921  -0.0361   0.1905   0.0026   0.0300
 -0.0344  -0.0941  -0.0368   0.1721   0.0033   0.0454
 -0.0341  -0.0734  -0.0391   0.1976   0.0116   0.0555
 -0.0165  -0.0854  -0.0079   0.1882   0.0276   0.0444
 -0.0087  -0.1158  -0.0039   0.1787   0.0278   0.0282
 -0.0148  -0.0851  -0.0122   0.1854   0.0129   0.0492
 -0.0271  -0.0614  -0.0188   0.1236   0.0031   0.0131
 -0.0015  -0.0543   0.0240   0.1254   0.0402   0.0678
 -0.0013  -0.0979   0.0256   0.1489   0.0403   0.0672
 -0.0042  -0.1081   0.0187   0.1377   0.0329   0.0453
 -0.0104  -0.0950   0.0073   0.1108   0.0147   0.0428
 -0.0153  -0.0624   0.0163   0.1422   0.0212  -0.0092
 -0.0227  -0.0425  -0.0056   0.1377   0.0118   0.0179
 -0.0211  -0.0805   0.0012   0.1299   0.0134   0.0200
 -0.0127  -0.0647   0.0139   0.1446   0.0151   0.0004
 -0.0162  -0.0351   0.0116   0.1910   0.0249  -0.0255
 -0.0193  -0.0491   0.0135   0.1751   0.0360   0.0182
 -0.0239  -0.0761   0.0114   0.1837   0.0292  -0.0350
 -0.0275  -0.0592   0.0117   0.2064   0.0223  -0.0640
 -0.0289  -0.0281   0.0011   0.1755   0.0221   0.0146
 -0.0448  -0.0931   0.0068   0.1567   0.0211  -0.0198
 -0.0483  -0.0840   0.0120   0.1727   0.0094  -0.0467
 -0.0445  -0.0578   0.0075   0.1734   0.0143  -0.0149
 -0.0375  -0.0559   0.0058   0.1604   0.0269   0.0124
 -0.0342  -0.0764   0.0111   0.1517   0.0344   0.0108
 -0.0352  -0.0563   0.0125   0.1580   0.0281  -0.0356
 -0.0408  -0.0488   0.0160   0.1582   0.0325   0.0015
 -0.0352  -0.0414   0.0093   0.1568   0.0338   0.0254
 -0.0426  -0.0350   0.0088   0.1282   0.0310   0.0192
 -0.0427  -0.0355  -0.0034   0.1368   0.0204   0.0114
 -0.0407  -0.0189   0.0070   0.1675   0.0296   0.0318
 -0.0500  -0.0198  -0.0010   0.1438   0.0391   0.0542
 -0.0401  -0.0139   0.0094   0.1082   0.0406   0.0629
 -0.0447  -0.0328  -0.0049   0.1892   0.0251  -0.0857
 -0.0404  -0.0019  -0.0075   0.1680   0.0362  -0.0291
 -0.0448  -0.0072  -0.0037   0.1295   0.0319  -0.0334
 -0.0384   0.0071   0.0165   0.1301   0.0380  -0.0253
 -0.0464   0.0237   0.0058   0.1493   0.0312  -0.0425
 -0.0590  -0.0219   0.0217   0.0903   0.0563   0.0461
 -0.0466  -0.0077   0.0104   0.1550   0.0260  -0.0372
 -0.0411  -0.0107   0.0071   0.1696   0.0289  -0.0734
 -0.0448  -0.0141   0.0001   0.1315   0.0349   0.0241
 -0.0594  -0.0207  -0.0223   0.1242   0.0167   0.0044
 -0.0362   0.0066  -0.0060   0.2031   0.0157  -0.0910
 -0.0738   0.0430  -0.0423   0.2094  -0.0011  -0.0913
 -0.0725   0.0242  -0.0344   0.1812  -0.0053  -0.1069
 -0.0633   0.0247  -0.0261   0.1626  -0.0002  -0.1100
 -0.0574   0.0692  -0.0150   0.2027   0.0170  -0.1651
 -0.0376  -0.0081   0.0342   0.1335   0.0511  -0.0644
 -0.0357   0.0060   0.0183   0.1397   0.0374  -0.0410
 -0.0508  -0.1075   0.0056   0.1836   0.0391   0.0331
  0.0353  -0.5409  -0.0446   0.4125   0.0992   0.0237
 -0.0342  -0.1485  -0.0145   0.2708   0.0240  -0.0173
 -0.0573  -0.1580   0.0249   0.1463   0.0459   0.0868
 -0.0432  -0.1643   0.0103   0.1974   0.0289  -0.0075
 -0.0438  -0.1244   0.0263   0.2278   0.0364  -0.0776
 -0.0441  -0.0934   0.0094   0.1486   0.0282  -0.0344
 -0.0657  -0.1452  -0.0069   0.1390  -0.0016   0.0049
 -0.0956  -0.1589  -0.0452   0.1028  -0.0270   0.0116
 -0.0804  -0.1519  -0.0175   0.1211  -0.0176  -0.0255
 -0.0670  -0.1175  -0.0003   0.1604  -0.0201  -0.0831
 -0.0659  -0.0694  -0.0017   0.1946  -0.0096  -0.1434
 -0.0565  -0.0364   0.0315   0.2653   0.0050  -0.2804
 -0.0645  -0.0362  -0.0001   0.1743  -0.0153  -0.1586
 -0.0557  -0.0417   0.0243   0.1822  -0.0107  -0.2866
 -0.0716  -0.2218   0.0071  -0.0465  -0.0482   0.1266
 -0.0586  -0.2527   0.0168  -0.0311  -0.0452   0.0244
 -0.0671  -0.2296   0.0221   0.0082  -0.0339   0.0563
 -0.0889  -0.2851  -0.0135  -0.1145  -0.0652   0.0719
 -0.0653  -0.2520   0.0325  -0.0220  -0.0434  -0.0223
 -0.0758  -0.2296   0.0149  -0.0315  -0.0514   0.0634
 -0.0908  -0.2611  -0.0090  -0.1256  -0.0830   0.1172
 -0.0615  -0.2868   0.0315   0.0291  -0.0568  -0.0214
 -0.0648  -0.2312   0.0305  -0.0116  -0.0506  -0.0339
 -0.0943  -0.0972   0.0128   0.0390   0.0140  -0.2115
 -0.0926  -0.0187  -0.0531  -0.1124   0.0320   0.0149
 -0.0936  -0.0942  -0.0410  -0.1316  -0.0115   0.0605
 -0.1342  -0.1850  -0.0730  -0.2048  -0.0555   0.1270
 -0.1624  -0.2412  -0.0944  -0.1103  -0.0623   0.0594
 -0.1994  -0.2735  -0.1228  -0.1215  -0.0631   0.1306
 -0.1813  -0.2833  -0.1149  -0.1033  -0.0823   0.1032
 -0.1580  -0.3089  -0.1025  -0.0339  -0.0792   0.0523
 -0.1847  -0.3640  -0.1374  -0.2518  -0.1133   0.2109
 -0.1404  -0.2739  -0.0813  -0.0801  -0.0694  -0.0211
 -0.1222  -0.2331  -0.0592  -0.1128  -0.0638   0.0667
 -0.1090  -0.2202  -0.0403  -0.1772  -0.0627   0.0706
 -0.1060  -0.1563  -0.0526  -0.1618  -0.0837   0.1008
 -0.0969  -0.0620  -0.0596  -0.1873  -0.0710  -0.0567
 -0.1013  -0.0829  -0.0660  -0.1949  -0.0830   0.0173
 -0.1102  -0.0581  -0.0784  -0.1764  -0.0878  -0.0323
 -0.1088  -0.0055  -0.0765  -0.0621  -0.0886  -0.2766
 -0.1135  -0.0680  -0.0847  -0.1958  -0.0906   0.1387
 -0.1134  -0.0811  -0.0812  -0.1877  -0.0984   0.0122
 -0.1099  -0.0650  -0.0618  -0.1586  -0.0860  -0.0755
 -0.1021  -0.0321  -0.0505  -0.1010  -0.0800  -0.1694
 -0.1107  -0.0924  -0.0433  -0.1218  -0.0785  -0.0550
 -0.0978  -0.0403  -0.0274  -0.0986  -0.0583  -0.1767
 -0.1155  -0.0931  -0.0394  -0.1561  -0.0846   0.0003
 -0.1514  -0.2032  -0.0424  -0.1768  -0.0639   0.0933
 -0.1620  -0.2506  -0.0480  -0.0531  -0.0501   0.0501
 -0.1891  -0.3042  -0.1024  -0.1674  -0.0871   0.0973
 -0.1438  -0.1806  -0.0586  -0.1061  -0.0542  -0.0411
  0.3487   0.0263   0.0235  -0.0023   0.3854  -0.0675
  0.3350   0.5256  -0.0363   0.1961   0.3195   0.0390
  0.1972   0.4216   0.0220  -0.1866   0.0958   0.2783
  0.2262   0.3604   0.0296  -0.2037   0.0564   0.2392
  0.1815   0.3257   0.0147  -0.2086   0.0176   0.0482
  0.1391   0.2928   0.0327  -0.0841   0.0453  -0.0739
  0.1727   0.3578   0.0843  -0.0241   0.1012   0.0906
  0.1443   0.2726  -0.0172  -0.1015   0.0543   0.0742
  0.1770   0.3173   0.0265  -0.1877  -0.0249   0.1780
  0.1874   0.4544   0.1463   0.0759   0.1026  -0.1422
  0.4422  -0.1510   0.0236   0.5823   0.2365   0.0678
  0.2389   0.1183  -0.0881   0.1406   0.0331   0.2938
  0.1732   0.2699   0.0075   0.1949   0.0339  -0.0806
  0.1523   0.2381   0.0715   0.1328   0.0514  -0.0573
  0.1227   0.1225   0.1060   0.0690   0.0441   0.0937
  0.0721   0.0420   0.0878   0.0450   0.0063   0.0943
  0.0961   0.1000   0.0710   0.1298   0.0119   0.0052
  0.1098   0.1490   0.0444   0.1302   0.0074  -0.0041
  0.0884   0.1466   0.0370   0.1085  -0.0209   0.0909
  0.0938   0.1830   0.0598   0.1128  -0.0225  -0.0996
  0.0954   0.2928   0.0915   0.2360  -0.0044  -0.3116
  0.0842   0.3813   0.0828   0.2190  -0.0147  -0.3375
  0.1000   0.3273   0.0736   0.1267  -0.0300  -0.1539
  0.1000   0.3485   0.0859   0.1648  -0.0020  -0.3528
  0.0995   0.3379   0.0887   0.1360   0.0049  -0.2908
  0.1128   0.3264   0.1020   0.1134   0.0100  -0.1149
  0.1084   0.3869   0.1371   0.1828   0.0366  -0.4069
  0.1032   0.4351   0.1286   0.2138   0.0471  -0.3616
  0.1006   0.4141   0.1231   0.1944   0.0349  -0.3049
  0.0777   0.3222   0.1261   0.0571   0.0304  -0.1826
  0.1103   0.3575   0.1495   0.0883   0.0533  -0.3640
  0.1636   0.4144   0.1758   0.0106   0.0791  -0.1870
  0.1399   0.3572   0.1274  -0.0690   0.0476  -0.0197
  0.1371   0.3408   0.1160  -0.1732   0.0585  -0.0785
  0.1355   0.3717   0.1138  -0.1284   0.0498  -0.1155
  0.1412   0.4202   0.1428  -0.0474   0.0536  -0.2594
  0.1445   0.3766   0.1653  -0.0486   0.0539  -0.2129
  0.0988   0.3048   0.1260  -0.0993   0.0448  -0.1384
  0.0897   0.2658   0.1123  -0.1208   0.0452  -0.1411
  0.0986   0.3006   0.1211  -0.1180   0.0443  -0.1183
  0.1019   0.2974   0.1235  -0.1212   0.0382  -0.1656
  0.1063   0.3599   0.1389  -0.0796   0.0556  -0.2207
  0.0993   0.3294   0.1524  -0.0934   0.0629  -0.1828
  0.0132   0.1442   0.0394  -0.2178  -0.0149   0.0571
  0.0001   0.0434   0.0480  -0.2238  -0.0329   0.0778
 -0.0249   0.0185   0.0006  -0.2467  -0.0419   0.0454
  0.0121   0.0948   0.0500  -0.1870  -0.0284  -0.1306
  0.0150   0.0516   0.0444  -0.2505  -0.0308   0.1341
  0.0244   0.1018   0.0633  -0.2119  -0.0284  -0.0602
  0.0344   0.0750   0.0694  -0.2262  -0.0410  -0.0924
  0.0380   0.0987   0.0618  -0.2605  -0.0443  -0.0436
  0.0466   0.1757   0.0862  -0.2328  -0.0253  -0.1080
  0.0329   0.1483   0.0684  -0.2581  -0.0411  -0.1426
  0.0011   0.0117   0.0220  -0.3376  -0.0703   0.0639
 -0.0206  -0.0670  -0.0079  -0.3660  -0.0832   0.1348
  0.0081  -0.0617   0.0451  -0.2438  -0.0668   0.0248
  0.0062  -0.0142   0.0458  -0.2481  -0.0656  -0.0605
  0.0023  -0.0202   0.0237  -0.4185  -0.0983   0.0894
  0.0008  -0.0423   0.0191  -0.4287  -0.0986   0.0620
 -0.0249  -0.1161  -0.0063  -0.4407  -0.1121   0.1917
 -0.0635  -0.1610  -0.0557  -0.5395  -0.1277   0.2377
 -0.0500  -0.2006  -0.0335  -0.4165  -0.1264   0.1196
 -0.0175  -0.1177   0.0252  -0.3708  -0.1129   0.0430
 -0.0369  -0.1660   0.0025  -0.4528  -0.1247   0.1774
 -0.0545  -0.1966  -0.0475  -0.5979  -0.1384   0.2726
 -0.0377  -0.2122  -0.0250  -0.4911  -0.1382   0.2295
 -0.0698  -0.2147  -0.0531  -0.5487  -0.1534   0.2170
 -0.0354  -0.1009  -0.0240  -0.4469  -0.1080   0.0213
 -0.0236   0.0168   0.0028  -0.3873  -0.0827   0.0143
  0.0307   0.2362   0.1424  -0.2465   0.0881  -0.3538
  0.0228   0.2039   0.0647  -0.3599   0.0680   0.0434
 -0.0335   0.1142  -0.0239  -0.4131  -0.0351   0.2398
 -0.0225   0.1264  -0.0400  -0.4685   0.0269   0.1533
 -0.0275   0.1003  -0.0077  -0.4013   0.0382   0.0663
