  1.1323   0.7707  -0.5773  -0.0660   0.4888  -0.1376
  1.1217   0.7668  -0.5736  -0.0729   0.4780  -0.1792
  1.1039   0.7580  -0.5946  -0.0604   0.4900  -0.1460
  1.1142   0.7759  -0.5984   0.0155   0.4791  -0.2139
  1.0895   0.7100  -0.5485   0.0063   0.4718  -0.1847
  1.1396   0.6809  -0.4466  -0.0751   0.5518  -0.1878
  1.1269   0.6669  -0.4872   0.0323   0.5264  -0.1534
  1.0927   0.6742  -0.5000   0.0240   0.4895  -0.1945
  1.0687   0.6648  -0.4811  -0.0354   0.5021  -0.1201
  0.9950   0.7487  -0.6023   0.1530   0.4346  -0.2563
  0.8263   0.6795  -0.5262  -0.1048   0.3103  -0.0920
  0.7868   0.5985  -0.5472  -0.0473   0.2838  -0.0966
  0.7860   0.5519  -0.5144  -0.0221   0.3100  -0.1038
  0.8313   0.5481  -0.5541   0.1486   0.3057  -0.1621
  0.7635   0.4936  -0.4046  -0.1768   0.3151  -0.0717
  0.7837   0.5489  -0.4422   0.0810   0.3090  -0.1111
  0.7183   0.4647  -0.2743  -0.0796   0.3156  -0.0877
  0.5918   0.3315  -0.1274  -0.2949   0.3051   0.0064
  0.6127   0.3669  -0.1704   0.0624   0.3216  -0.0650
  0.6087   0.3187  -0.1658  -0.1315   0.3559  -0.0636
  0.6677   0.3676  -0.1496   0.0881   0.3439  -0.0751
  0.6358   0.3780  -0.2051   0.0464   0.2858  -0.0793
  0.5362   0.2836  -0.2639   0.1191   0.3221  -0.0580
  0.5191   0.2364  -0.0986  -0.1766   0.3102  -0.0477
  0.5144   0.3009  -0.2092  -0.0611   0.2359   0.0233
  0.4876   0.2986  -0.3456   0.1561   0.2083  -0.0700
  0.3406   0.2024  -0.2482  -0.1935   0.2692  -0.0012
  0.1696   0.1356  -0.0666   0.0365   0.1726  -0.0783
  0.2069   0.1637  -0.0447  -0.0378   0.1750  -0.0105
  0.2439   0.0833  -0.1175   0.2238   0.1445  -0.0307
  0.1990   0.1035  -0.0707  -0.0149   0.1475  -0.0250
  0.1891   0.1378  -0.1915   0.1732   0.0903  -0.0919
  0.1965   0.1711  -0.1573   0.0947   0.0903  -0.0187
  0.1873   0.0976  -0.1078  -0.1320   0.1659   0.0188
  0.1266   0.4178  -0.3652   0.3587  -0.0296  -0.2434
  0.0791   0.3171  -0.2919   0.1508  -0.0486  -0.0985
  0.1245   0.2898  -0.3425   0.3053  -0.0388  -0.1578
  0.0733   0.3002  -0.2684   0.1072  -0.0213  -0.1315
  0.0532   0.2835  -0.3695   0.2586  -0.0547  -0.1545
  0.0465   0.2640  -0.2445   0.0617  -0.0386  -0.0988
 -0.0886   0.1277  -0.2142   0.0409  -0.1321  -0.0204
 -0.0475   0.1146  -0.0674   0.0269  -0.0584  -0.0470
 -0.0329   0.1336  -0.0802   0.1063  -0.0588  -0.0092
 -0.0381   0.0939  -0.0639   0.1070  -0.0553  -0.0314
 -0.0352   0.0657  -0.0261  -0.0241  -0.0378  -0.0611
  0.0084   0.0996  -0.0713   0.2603  -0.0169  -0.0870
 -0.0258   0.0836  -0.0246   0.0409  -0.0183  -0.0074
  0.0392   0.0821  -0.0777   0.2010  -0.0051  -0.0453
  0.0210   0.1516  -0.0600   0.0493  -0.0180  -0.0493
  0.0011   0.1168  -0.0590   0.2374  -0.0280  -0.1796
 -0.0445  -0.0107   0.0358  -0.1708  -0.0064   0.0509
 -0.0076  -0.0274  -0.0478   0.2351  -0.0212  -0.0319
 -0.0425   0.0133   0.0096   0.1157  -0.0200  -0.0267
 -0.0398   0.0282   0.0014   0.0851  -0.0212  -0.0682
 -0.0394  -0.0652   0.0240   0.2093  -0.0091  -0.0186
 -0.0817  -0.0841   0.0464  -0.1752  -0.0066   0.0656
 -0.0417  -0.0186  -0.0084   0.2603  -0.0098  -0.0610
 -0.0823  -0.0307   0.0206   0.0029  -0.0048  -0.0236
 -0.0481  -0.0238  -0.0104   0.2328  -0.0150  -0.0864
 -0.0944  -0.0994   0.0322  -0.1721  -0.0242   0.0826
 -0.0773  -0.0425  -0.0261   0.1557  -0.0203  -0.0102
 -0.0701  -0.0636   0.0332   0.1892  -0.0236  -0.0114
 -0.1105  -0.0497   0.0147   0.1001  -0.0318   0.0049
 -0.0907  -0.0527   0.0167   0.3226  -0.0288  -0.0798
 -0.1050  -0.0558   0.0438   0.1202  -0.0399  -0.0249
 -0.0921  -0.0691   0.0268   0.0471  -0.0188  -0.0089
 -0.1222   0.2188  -0.0038  -0.2306  -0.0526   0.0354
 -0.0196   0.1414  -0.0276   0.1171  -0.0336  -0.0126
 -0.0699   0.0640   0.0283   0.0269  -0.0306  -0.0046
 -0.0629   0.0298  -0.0074   0.2505  -0.0498  -0.0645
 -0.0976  -0.0288   0.0696   0.0092  -0.0485   0.0056
 -0.1224  -0.0688   0.0531  -0.0869  -0.0503   0.0187
 -0.0990  -0.1133   0.0642   0.0623  -0.0415   0.0365
 -0.1243  -0.1570   0.1007  -0.1961  -0.0278  -0.0038
 -0.0938  -0.0988   0.0542   0.0557  -0.0296   0.0215
 -0.1130  -0.1785   0.0993  -0.2228  -0.0200   0.1002
 -0.1100  -0.1048   0.0164   0.1192  -0.0554   0.0056
 -0.1578  -0.1385   0.0710  -0.0026  -0.0843   0.0150
 -0.0930  -0.1141   0.0426   0.1942  -0.0500  -0.0613
 -0.1110  -0.1924   0.1373  -0.2476  -0.0367   0.0478
 -0.0931  -0.1262   0.0532   0.1366  -0.0408  -0.0489
 -0.1394  -0.2016   0.1288  -0.2531  -0.0359   0.1518
 -0.1261  -0.1766   0.0899  -0.1557  -0.0357   0.0766
 -0.1013  -0.1611   0.1097  -0.0306  -0.0401   0.0297
 -0.1006  -0.1343   0.0876   0.0254  -0.0516  -0.0269
 -0.1103  -0.1493   0.1332  -0.1261  -0.0560   0.0668
 -0.1001  -0.1517   0.0967   0.0445  -0.0404   0.0183
 -0.1331  -0.1716   0.1419  -0.1721  -0.0548   0.0901
 -0.1109  -0.1331   0.0774   0.1272  -0.0578   0.0523
 -0.1607  -0.2324   0.1478  -0.0526  -0.0771   0.0733
 -0.1305  -0.2003   0.0894   0.0846  -0.0808  -0.0063
 -0.1475  -0.1401   0.1405  -0.2414  -0.0704   0.1327
 -0.1494  -0.1325   0.0809  -0.0792  -0.0584   0.0887
 -0.1445  -0.1299   0.1158  -0.0977  -0.0504   0.1101
 -0.1499  -0.1570   0.1250  -0.1634  -0.0479   0.0886
 -0.1957  -0.1905   0.1357  -0.2694  -0.0643   0.1062
 -0.1836  -0.1933   0.1204  -0.0440  -0.0736   0.1508
 -0.1155  -0.1334   0.0790   0.0164  -0.0592   0.0688
 -0.1477  -0.0990   0.1061  -0.1443  -0.0510   0.1037
 -0.1241  -0.1457   0.1006   0.0691  -0.0479   0.0362
 -0.0966   0.0142   0.1262  -0.1577  -0.0174   0.0464
 -0.0954  -0.1062   0.0964   0.0700  -0.0299   0.0033
 -0.1265  -0.0821   0.1514  -0.1393  -0.0500   0.0219
 -0.1106  -0.1057   0.1079   0.0568  -0.0324   0.0096
 -0.1595  -0.1231   0.1065  -0.1917  -0.0254   0.0498
 -0.1925  -0.1269   0.0427   0.0544  -0.0902   0.0352
 -0.2554  -0.1121   0.1578  -0.1667  -0.1395   0.0902
 -0.2197  -0.1158   0.1035   0.0028  -0.1106   0.0087
 -0.2191  -0.1260   0.1433  -0.0608  -0.1148   0.0594
 -0.2238  -0.1152   0.1035   0.0278  -0.1086   0.0168
 -0.2141  -0.1306   0.1179  -0.0168  -0.1043   0.0079
 -0.2041  -0.1189   0.0857   0.0721  -0.1073  -0.0368
 -0.2112  -0.1237   0.1085   0.0034  -0.1077  -0.0134
 -0.2085  -0.1235   0.1047   0.0472  -0.1167  -0.0048
 -0.1962  -0.1313   0.1511   0.0127  -0.1231   0.0513
 -0.1947  -0.1061   0.1343  -0.0610  -0.0927   0.0167
 -0.1959  -0.1390   0.1517  -0.0464  -0.0892   0.0361
 -0.2056  -0.1134   0.1028   0.1016  -0.1028  -0.0395
 -0.2269  -0.1139   0.1343  -0.0000  -0.1086   0.0257
 -0.2154  -0.1286   0.1058   0.1315  -0.1083  -0.0043
 -0.2337  -0.1299   0.1451  -0.0472  -0.1045  -0.0150
 -0.2079  -0.1374   0.0978   0.1016  -0.1051  -0.0284
 -0.2275  -0.1742   0.1580  -0.1241  -0.0932   0.0841
 -0.2076  -0.1364   0.0902   0.0798  -0.0962  -0.0346
 -0.2269  -0.1438   0.1350  -0.0411  -0.0965   0.0038
 -0.2391  -0.1248   0.1371  -0.0153  -0.1132  -0.0046
 -0.2150  -0.1486   0.1396   0.0245  -0.0968   0.0080
 -0.2397  -0.1451   0.1478  -0.1198  -0.0918   0.0236
 -0.2107  -0.1459   0.1035   0.1320  -0.0994   0.0317
 -0.2506  -0.2147   0.1748  -0.2970  -0.0836   0.1355
 -0.2184  -0.1592   0.1027   0.0966  -0.0923   0.0410
 -0.2219  -0.1262   0.1345  -0.0423  -0.1091   0.0211
 -0.2185  -0.1607   0.1410  -0.0376  -0.0966   0.0378
 -0.2319  -0.1580   0.1081   0.0569  -0.1293  -0.0106
 -0.2546  -0.2054   0.1883  -0.1645  -0.1291   0.0763
 -0.2519  -0.1926   0.1390  -0.0441  -0.1173   0.0390
 -0.2277  -0.1880   0.1431  -0.0065  -0.0915   0.1220
 -0.2607  -0.2069   0.1350  -0.1542  -0.1050   0.0754
 -0.2352  -0.2404   0.1464  -0.0070  -0.0972   0.1166
 -0.2645  -0.2350   0.1877  -0.2937  -0.1162   0.0899
 -0.2830  -0.2794   0.1192  -0.2335  -0.1532   0.2027
 -0.2649  -0.3601   0.1584  -0.0902  -0.1412   0.1755
 -0.2835  -0.3033   0.1551  -0.0740  -0.1496   0.0704
 -0.2569  -0.2638   0.1656   0.0696  -0.1337   0.0499
 -0.2860  -0.2772   0.1997  -0.0850  -0.1431   0.0685
 -0.2423  -0.2441   0.1300   0.2032  -0.1356   0.0303
 -0.2714  -0.2804   0.1932  -0.0999  -0.1299   0.1112
 -0.2758  -0.2552   0.1491  -0.0791  -0.1287   0.0529
 -0.2574  -0.2640   0.1455   0.0779  -0.1236   0.0766
 -0.2712  -0.2552   0.1564  -0.0423  -0.1315   0.0450
 -0.2576  -0.2822   0.1569   0.0248  -0.1277   0.0881
 -0.2920  -0.2932   0.1811  -0.1525  -0.1384   0.1278
 -0.2283  -0.2679   0.1315   0.1533  -0.1178   0.0278
 -0.2541  -0.2735   0.2006  -0.0963  -0.1250   0.0148
 -0.2293  -0.2614   0.1039   0.1450  -0.1253   0.0459
 -0.3064  -0.1101   0.1722  -0.2657  -0.1707   0.0992
 -0.2939  -0.1231   0.1180  -0.0790  -0.1554   0.0843
 -0.3125  -0.1336   0.1448  -0.2477  -0.1449   0.0943
 -0.2733  -0.1540   0.1215  -0.0068  -0.1255   0.0580
 -0.3019  -0.1604   0.1730  -0.2234  -0.1381   0.0630
 -0.2919  -0.1315   0.1407  -0.1221  -0.1435   0.0926
 -0.2682  -0.1612   0.1372  -0.0756  -0.1314   0.1055
