  0.0106   0.0382  -0.0736  -0.3172  -0.0445   0.1546
  0.0225   0.0446  -0.1015  -0.3226  -0.0374   0.1048
  0.0185   0.0230  -0.1117  -0.2722  -0.0442   0.1270
  0.0165  -0.0134  -0.1134  -0.2321  -0.0485   0.1458
  0.0267   0.0270  -0.0739  -0.2468  -0.0367   0.1286
  0.0063   0.0309  -0.0887  -0.2265  -0.0427   0.1507
  0.0045   0.0039  -0.1032  -0.2293  -0.0499   0.1534
  0.0347   0.0836  -0.1742  -0.1916  -0.0350   0.1138
  0.0292  -0.0330  -0.3351  -0.0062  -0.0154   0.0516
  0.0631   0.0522  -0.2085  -0.1546  -0.0700   0.0571
  0.0550   0.0239  -0.2178  -0.2341  -0.0700   0.1680
  0.0544  -0.0759  -0.2257  -0.1745  -0.0698   0.1631
  0.0613   0.0371  -0.1799  -0.1348  -0.0623  -0.0224
  0.0516  -0.0189  -0.1556   0.0191  -0.0700   0.0639
  0.0590  -0.0588  -0.1451   0.0653  -0.0669   0.0234
  0.0667  -0.0678  -0.1495   0.0208  -0.0900   0.1079
  0.1004   0.0406  -0.0994  -0.0631  -0.0772   0.1456
  0.0973   0.0696  -0.0823  -0.1204  -0.0682   0.1833
  0.0929   0.0567  -0.0429  -0.0997  -0.0175   0.0691
  0.0971   0.0296  -0.0254   0.1009   0.0012  -0.0049
  0.0835   0.2132   0.0264  -0.0545  -0.0205  -0.0300
  0.0571   0.1413  -0.0315  -0.1958  -0.0187   0.2095
  0.0707   0.1228  -0.0357  -0.2168  -0.0104   0.1131
  0.0858   0.0766  -0.0415  -0.1775  -0.0011   0.1772
  0.0531   0.0778  -0.0460  -0.1712  -0.0198   0.1354
  0.0584   0.0990  -0.0458  -0.2069  -0.0164   0.1226
  0.0707   0.0780  -0.0386  -0.1910  -0.0129   0.0625
  0.0726   0.0352  -0.0571  -0.1416  -0.0073   0.1352
  0.0698   0.0325  -0.0405  -0.1423  -0.0083   0.0722
  0.0521   0.0390  -0.0061  -0.1808  -0.0155   0.1390
  0.0432   0.1675   0.0063  -0.2702  -0.0180   0.0780
  0.0584   0.0734  -0.0064  -0.2144  -0.0025   0.0806
  0.0809   0.0159  -0.0316  -0.1888   0.0005   0.0642
  0.0623  -0.0320  -0.0414  -0.1503  -0.0131   0.0949
  0.0556  -0.0333  -0.0473  -0.1310  -0.0105   0.1069
  0.0379  -0.0467  -0.0638  -0.1463  -0.0197   0.0757
  0.0364  -0.0941  -0.0546  -0.1489  -0.0235   0.0862
  0.0374  -0.0837  -0.0581  -0.1463  -0.0219   0.0591
  0.0417  -0.0589  -0.0582   0.0302  -0.0149   0.0179
  0.0419  -0.0801  -0.0115   0.2954  -0.0088  -0.1257
  0.0532  -0.0340  -0.0023   0.0979   0.0017   0.0721
  0.0593   0.0002  -0.0016  -0.0708  -0.0004   0.0469
  0.0455   0.0211  -0.0035  -0.0865  -0.0046   0.0714
  0.0426   0.0389   0.0040  -0.0960  -0.0031   0.0941
  0.0504   0.0347   0.0189  -0.1064   0.0016   0.0632
  0.0448   0.0279   0.0276  -0.0338  -0.0017   0.0406
  0.0719   0.0592   0.0244  -0.0250   0.0119   0.0556
  0.0726   0.0578   0.0387  -0.0540   0.0100   0.0617
  0.0799   0.0742  -0.0066  -0.1099   0.0053   0.0226
  0.0693   0.0608  -0.0120  -0.1664   0.0036   0.0186
  0.0736   0.0949  -0.0175  -0.2051   0.0045   0.0760
  0.0779   0.1105  -0.0197  -0.2020  -0.0045   0.0957
  0.0877   0.0163  -0.0088  -0.1763   0.0106   0.0561
  0.0611   0.0346   0.0062  -0.1662  -0.0019   0.0493
  0.0623   0.0445  -0.0292  -0.1869  -0.0066   0.1534
  0.0650   0.0251  -0.0178  -0.1761   0.0017   0.0673
  0.0583   0.0252  -0.0251  -0.1830  -0.0036   0.1027
  0.0601   0.0376  -0.0219  -0.1849  -0.0068   0.0503
  0.0584   0.0279  -0.0289  -0.1806  -0.0076   0.1233
  0.0604   0.0056  -0.0311  -0.1597  -0.0093   0.0803
  0.0674  -0.0336  -0.0332  -0.1390  -0.0098   0.0888
  0.0746   0.0045  -0.0354  -0.1753  -0.0029   0.0519
  0.0656   0.0066  -0.0285  -0.1845  -0.0036   0.0780
  0.0536  -0.0179  -0.0117  -0.1372  -0.0130   0.0108
  0.0381   0.0092  -0.0440  -0.2413  -0.0189   0.1156
  0.0452  -0.0171  -0.0338  -0.2734  -0.0080   0.0821
  0.0453  -0.0132  -0.1053  -0.3010  -0.0305   0.1389
  0.0560  -0.0557  -0.0433  -0.0384  -0.0154  -0.0299
  0.0347  -0.0438  -0.0457   0.0126  -0.0162  -0.0162
  0.0222  -0.0488  -0.0343   0.0363  -0.0132  -0.0002
  0.0195  -0.0745  -0.0192   0.0567  -0.0100  -0.0230
 -0.0078  -0.0693  -0.0341   0.0642  -0.0271   0.0220
  0.0159  -0.0071  -0.0054   0.0304  -0.0043   0.0049
  0.0414  -0.0189   0.0072   0.0392   0.0191   0.0344
  0.0339  -0.0998  -0.0053   0.0845   0.0091   0.0380
  0.0361  -0.0964  -0.0139   0.0732   0.0100   0.0480
  0.0220  -0.0476  -0.0076   0.0929   0.0036  -0.0207
  0.0010  -0.0457   0.0092   0.1185   0.0021  -0.0023
  0.0036  -0.0455  -0.0035   0.1320   0.0005   0.0217
  0.0173  -0.0432  -0.0011   0.1021   0.0044   0.0166
  0.0206  -0.0290   0.0047   0.1093   0.0033  -0.0125
  0.0169  -0.0177  -0.0163   0.0833   0.0072   0.0163
  0.0283  -0.0310  -0.0734   0.0805   0.0041  -0.0944
  0.0025  -0.0320  -0.0233   0.1995  -0.0047  -0.1158
 -0.0062  -0.0925  -0.0233   0.1848   0.0035   0.0173
 -0.0209  -0.0622  -0.0476   0.1568  -0.0002  -0.0327
 -0.0026  -0.0300  -0.0439   0.0920  -0.0062  -0.0355
 -0.0037   0.0487  -0.0267   0.0758  -0.0084  -0.0273
 -0.0110   0.0307  -0.0390   0.0960  -0.0088  -0.0773
  0.0026   0.0334  -0.0250   0.1015  -0.0010  -0.0420
  0.0077   0.0205  -0.0149   0.0845  -0.0034  -0.0094
 -0.0080   0.0080  -0.0210   0.1250  -0.0049  -0.0282
 -0.0125   0.0033  -0.0251   0.1239  -0.0064   0.0087
 -0.0139   0.0122  -0.0436   0.1248  -0.0058   0.0001
 -0.0129  -0.0078  -0.0298   0.1005  -0.0079  -0.0209
 -0.0240  -0.0289  -0.0153   0.1259  -0.0159  -0.0102
 -0.0059  -0.0255  -0.0200   0.0873  -0.0081   0.0399
 -0.0201   0.0584   0.0117   0.0033  -0.0100  -0.0221
  0.0078   0.0271  -0.0098   0.0321   0.0004  -0.0283
  0.0087   0.0886  -0.0125  -0.0026  -0.0003  -0.0220
  0.0085   0.1098   0.0206   0.0142   0.0018  -0.1267
 -0.0035   0.0676   0.0253   0.0589   0.0066   0.0120
  0.0037   0.0758   0.0307   0.0342   0.0090   0.0208
  0.0216   0.0460   0.0032   0.0421   0.0154   0.0117
  0.0214   0.0310   0.0145   0.0418   0.0103  -0.0318
  0.0241   0.0588   0.0035   0.0443   0.0140   0.0675
  0.0320   0.0528   0.0037   0.0608   0.0205   0.0537
  0.0293   0.0669   0.0048   0.0481   0.0156  -0.0996
 -0.0422   0.2910   0.0947   0.1954   0.0160  -0.3690
 -0.0086   0.2880   0.0043  -0.0758   0.0018   0.1835
 -0.0338  -0.2977  -0.0664   0.3734  -0.0005   0.0255
 -0.0249  -0.1912   0.0467   0.0452   0.0073  -0.1038
 -0.0920  -0.3367  -0.0418   0.1658  -0.0256   0.0318
 -0.0813  -0.3004  -0.0313   0.1856  -0.0232  -0.0171
 -0.0554  -0.2736  -0.0374   0.1783  -0.0131  -0.0279
 -0.0521  -0.2317  -0.0441   0.1457  -0.0067   0.0301
 -0.0483  -0.1993  -0.0256   0.1227  -0.0047  -0.0196
 -0.0485  -0.2024  -0.0166   0.1115  -0.0046  -0.0033
 -0.0524  -0.1942  -0.0202   0.1317  -0.0029   0.0221
 -0.0554  -0.1791  -0.0179   0.1134  -0.0009   0.0071
 -0.0707  -0.1518   0.0201   0.1538   0.0060  -0.0135
 -0.0761  -0.1823   0.0040   0.1667   0.0045   0.0298
 -0.0617  -0.1238  -0.0056   0.1437   0.0053   0.0357
 -0.0758  -0.1333  -0.0066   0.0915   0.0024  -0.0220
 -0.0682  -0.1497  -0.0121   0.0808   0.0013   0.0107
 -0.0729   0.0840   0.0198  -0.0941  -0.0068   0.0022
 -0.0629  -0.0503  -0.0051   0.0114   0.0020  -0.0056
 -0.0770  -0.0709   0.0160   0.0348  -0.0017  -0.0487
 -0.0759  -0.0524   0.0022   0.0261  -0.0035   0.0135
 -0.0785  -0.0524  -0.0011   0.0285  -0.0084   0.0126
 -0.1037  -0.0494   0.0255   0.0207  -0.0110  -0.0296
 -0.0818  -0.0109   0.0108   0.0108   0.0068  -0.0327
 -0.0653  -0.0703   0.0109   0.0355   0.0112  -0.0421
 -0.0648  -0.0926   0.0044   0.0556   0.0043  -0.0394
 -0.0672  -0.0713   0.0046   0.0566  -0.0002  -0.0613
 -0.0759  -0.0623   0.0064   0.0964  -0.0032  -0.0772
 -0.0720  -0.0555  -0.0014   0.0666  -0.0006  -0.0007
 -0.0683  -0.0588   0.0026   0.0383  -0.0004  -0.0191
 -0.0702   0.1213  -0.0178  -0.0565  -0.0139  -0.0591
 -0.0651  -0.0270   0.0015   0.0998  -0.0031  -0.1378
 -0.0498  -0.0453   0.0316   0.0673   0.0150  -0.0802
 -0.0326  -0.0306   0.0273   0.0322   0.0353  -0.0171
 -0.0281  -0.0530   0.0410   0.0512   0.0415  -0.0917
 -0.0367  -0.0369   0.0270   0.0441   0.0327  -0.0200
 -0.0339  -0.0568   0.0101   0.0763   0.0305  -0.0236
 -0.0177  -0.0902   0.0238   0.0924   0.0449  -0.0808
 -0.0433  -0.0394   0.0468   0.0373   0.0316  -0.0396
 -0.0344  -0.1904   0.0314   0.3870   0.0361  -0.2490
 -0.0626  -0.0946   0.0443   0.0383   0.0120   0.0377
 -0.0548  -0.0816   0.0256   0.0425   0.0203   0.0041
 -0.0208  -0.1005   0.0039   0.0426   0.0288  -0.0172
 -0.0408  -0.1100   0.0033   0.0582   0.0116  -0.0574
 -0.0371  -0.0998  -0.0036   0.0416   0.0176  -0.0293
 -0.0389  -0.0754   0.0041   0.0278   0.0139  -0.0373
 -0.0491  -0.0789   0.0036   0.0785   0.0093  -0.0670
 -0.0430  -0.0621  -0.0039   0.0373   0.0120  -0.0043
 -0.0439  -0.0667  -0.0012   0.0285   0.0117  -0.0977
 -0.0385  -0.0627   0.0182   0.0690   0.0151  -0.1158
  0.0034  -0.0152   0.0545   0.0980   0.0245  -0.0379
 -0.0109  -0.0799   0.0240   0.0870   0.0278  -0.0685
 -0.0395   0.0381   0.0377   0.0824  -0.0020   0.0137
 -0.0393   0.0165  -0.0053   0.2589  -0.0237   0.1418
 -0.0151  -0.0591   0.0548   0.2200  -0.0078  -0.5097
 -0.0179  -0.1378   0.0621   0.2905   0.0221  -0.2345
 -0.0222  -0.0787   0.0861   0.2036   0.0307  -0.0826
 -0.0297  -0.1239   0.0836   0.2353   0.0141  -0.3112
 -0.0260   0.2102   0.0524   0.1986  -0.0031  -0.1239
  0.0155   0.0921   0.1348   0.4783   0.0622  -0.2653
  0.0331   0.0146   0.1458   0.3838   0.0727  -0.1019
  0.0201   0.0181   0.1326   0.2744   0.0702  -0.1489
  0.0274   0.0454   0.1261   0.3693   0.0902  -0.1088
  0.0109   0.0862   0.1161   0.2893   0.0608  -0.2764
 -0.0039   0.0359   0.1137   0.0982   0.0420   0.0714
 -0.0343   0.0858   0.0215  -0.4077   0.0032   0.2037
  0.0028  -0.0164   0.0279   0.0240   0.0356  -0.2536
  0.0180   0.0056   0.0374  -0.0009   0.0461  -0.0225
  0.0258  -0.0092   0.0423   0.0124   0.0487  -0.0844
  0.0094  -0.0720   0.0524   0.0699   0.0531  -0.0429
 -0.0418  -0.0719   0.1034   0.0948   0.0271  -0.0843
 -0.0756  -0.0891   0.1169   0.1280   0.0133  -0.0752
 -0.0964   0.0681   0.1413   0.1072   0.0082  -0.0755
 -0.1131   0.0871   0.1583   0.0666   0.0017  -0.0161
 -0.1279   0.2360   0.1622  -0.0549  -0.0121  -0.0557
 -0.1525   0.1946   0.1648  -0.0572  -0.0248  -0.0586
 -0.1335   0.1806   0.1535  -0.0432  -0.0164  -0.0352
 -0.1030   0.1810   0.1367  -0.0750   0.0059  -0.0549
 -0.0611   0.0747   0.1203  -0.0233   0.0231  -0.0759
 -0.0585   0.1106   0.1068  -0.0173   0.0208  -0.0753
 -0.0483   0.1454   0.1183  -0.0226   0.0246  -0.0295
 -0.0480   0.1759   0.1367  -0.0406   0.0257  -0.1049
 -0.0416   0.1558   0.1092  -0.0184   0.0253  -0.0608
 -0.0144   0.1717   0.1017  -0.0612   0.0370  -0.0258
 -0.0206   0.1708   0.1201  -0.0821   0.0308  -0.1198
 -0.0359   0.1470   0.0977  -0.0847   0.0218  -0.0057
 -0.0460   0.1198   0.0937  -0.0857   0.0149  -0.0198
 -0.0487   0.0921   0.0954  -0.0575   0.0174  -0.0886
 -0.0261   0.0952   0.0793  -0.0258   0.0301  -0.0740
 -0.0166   0.1301   0.1025  -0.1095   0.0327  -0.0638
 -0.0054   0.2323   0.1343  -0.1445   0.0366  -0.0745
 -0.0091   0.1712   0.1159  -0.1337   0.0432  -0.0671
