  0.2569  -1.1036  -0.0855  -0.7221  -0.0031  -0.6370
  0.2629  -1.1587  -0.1008  -0.6810  -0.0056  -0.5909
  0.2316  -1.1756  -0.0167  -0.6005  -0.0131  -0.5592
  0.2489  -1.1414   0.0179  -0.4692  -0.0040  -0.5176
  0.2152  -1.0742  -0.0055  -0.5037   0.0064  -0.5114
  0.2208  -1.1558  -0.0011  -0.5914   0.0005  -0.5043
  0.2229  -1.1521  -0.0085  -0.5155   0.0031  -0.5208
  0.2191  -1.1717   0.0019  -0.5770  -0.0008  -0.4986
  0.1987  -1.1980   0.0025  -0.4398   0.0098  -0.4828
  0.1803  -1.3085  -0.0136  -0.1620   0.0079  -0.4084
  0.1683  -1.0241  -0.0892  -0.3607   0.0003  -0.4537
  0.1348  -0.9856  -0.0607  -0.1533   0.0179  -0.2939
  0.1363  -0.9171  -0.0631  -0.1350   0.0112  -0.4551
  0.1424  -0.8861  -0.0836  -0.0427   0.0064  -0.4324
  0.1567  -0.8433  -0.0672  -0.0226   0.0081  -0.4133
  0.1642  -0.9223  -0.0931   0.0528   0.0027  -0.4078
  0.1171  -0.9186  -0.0760   0.1071   0.0070  -0.3613
  0.1327  -0.9019  -0.0802   0.0499   0.0056  -0.3353
  0.1393  -0.9052  -0.0993  -0.0761   0.0217  -0.2157
  0.1427  -0.7994  -0.0680  -0.3830   0.0261  -0.3516
  0.1895  -0.7519  -0.1169  -0.0532   0.0089  -0.3488
  0.1830  -0.7304  -0.0910   0.0153   0.0113  -0.2909
  0.1818  -0.7489  -0.0850  -0.1437   0.0094  -0.2779
  0.1604  -0.7678  -0.0839  -0.1370   0.0182  -0.3127
  0.1600  -0.6783  -0.0622   0.0450   0.0051  -0.3362
  0.1580  -0.6633  -0.0570   0.0435   0.0162  -0.3271
  0.1273  -0.6286  -0.0791  -0.1630   0.0295  -0.3214
  0.1335  -0.5918  -0.0661  -0.0942   0.0275  -0.3102
  0.1515  -0.5828  -0.0778   0.0033   0.0240  -0.3221
  0.1748  -0.5435  -0.0808  -0.1313   0.0155  -0.2666
  0.1769  -0.5058  -0.0448  -0.1865   0.0153  -0.3261
  0.1774  -0.8037  -0.0093  -1.5953   0.0025  -0.6451
  0.1451  -0.6656  -0.0141  -0.7388   0.0462  -0.4238
  0.1697  -0.5666  -0.0823  -0.5810   0.0454  -0.4281
  0.1834  -0.5111  -0.0565  -0.5772   0.0380  -0.4172
  0.3011  -1.0076  -0.2945  -0.7197  -0.0025  -0.2011
  0.2106  -0.9335  -0.2070  -0.6021  -0.0143  -0.2305
  0.2035  -0.9154  -0.2042  -0.5036  -0.0209  -0.2369
  0.2009  -0.6903  -0.1669  -0.5283  -0.0085  -0.2710
  0.2165  -0.4709  -0.1500  -0.5327  -0.0086  -0.2933
  0.2328  -0.3883  -0.1337  -0.4922  -0.0061  -0.3099
  0.2194  -0.3635  -0.1363  -0.4979   0.0021  -0.3127
  0.2182  -0.3947  -0.1281  -0.4773  -0.0047  -0.2906
  0.2147  -0.3917  -0.1428  -0.5314  -0.0023  -0.2984
  0.1935  -0.4670  -0.1374  -0.4391  -0.0068  -0.2858
  0.1717  -0.3749  -0.1522  -0.4504  -0.0227  -0.2892
  0.1043  -0.4703  -0.2189  -0.4690  -0.0409  -0.2739
  0.1804  -0.2689  -0.1835  -0.6806  -0.0265  -0.2494
  0.1745  -0.2185  -0.1277  -0.5740  -0.0261  -0.3029
  0.1724  -0.1812  -0.1351  -0.4969  -0.0287  -0.2785
  0.1848  -0.1820  -0.1199  -0.4784  -0.0225  -0.2800
  0.1817  -0.1702  -0.1023  -0.5215  -0.0314  -0.2800
  0.1836  -0.1525  -0.1090  -0.5140  -0.0329  -0.2267
  0.1927  -0.1715  -0.1105  -0.6957  -0.0262  -0.2464
  0.1934  -0.1343  -0.0874  -0.5985  -0.0359  -0.2617
  0.2167  -0.1767  -0.1273  -0.6955  -0.0294  -0.2867
  0.2289  -0.1242  -0.0976  -0.6042  -0.0372  -0.2659
  0.1749  -0.1222  -0.0472  -0.6708  -0.0349  -0.1900
  0.0027   0.1921   0.1002  -0.7790  -0.0077  -0.2348
  0.1009  -0.0483  -0.0843  -0.8424  -0.0436  -0.2010
  0.1068  -0.5115  -0.2312  -0.9846   0.0146  -0.3261
  0.0876  -0.3372  -0.1919  -1.0063   0.0121  -0.3743
  0.0633  -0.2159  -0.1718  -1.0131   0.0061  -0.3897
  0.0964  -0.2173  -0.0815  -0.5716   0.0501  -0.2485
 -0.0098  -0.5047   0.1107   0.7298   0.0395   0.3315
 -0.0184  -0.4911   0.1192   0.7971   0.0341   0.1669
  0.0020  -0.5580   0.1185   0.6702   0.0178   0.1447
  0.0369  -0.4778   0.1328   0.7557   0.0190   0.1585
  0.0049  -0.4038   0.1144   0.7372   0.0326   0.1405
 -0.0012  -0.5163   0.0783  -0.2461  -0.0776  -0.0610
  0.0022  -0.4613   0.0540  -0.2294  -0.0604  -0.0203
  0.0277  -0.6265   0.0559  -0.2067  -0.0353   0.0044
  0.0102  -0.5016   0.0675  -0.1519  -0.0380  -0.0180
  0.0001  -0.4240   0.0597  -0.0834  -0.0357  -0.0006
  0.0140  -0.4035   0.0516  -0.0671  -0.0376  -0.0045
  0.1079  -0.3001   0.0001  -0.1048  -0.0264   0.0149
  0.0712  -0.2344  -0.0172  -0.0420  -0.0352   0.0132
  0.0598  -0.1991   0.0128   0.0174  -0.0423   0.0232
  0.0511  -0.1524   0.0137   0.0015  -0.0418   0.0356
  0.0322  -0.1700   0.0584  -0.0010  -0.0470   0.0135
  0.0059  -0.1843   0.0605   0.0062  -0.0453   0.0276
 -0.0088  -0.2034   0.0797   0.0312  -0.0432   0.0333
 -0.0115  -0.2384   0.0914   0.0324  -0.0396   0.0535
 -0.0522  -0.2655   0.0637   0.1276  -0.0329   0.2353
 -0.0394  -0.2097   0.0378   0.0013   0.0072   0.1214
 -0.0252  -0.1765   0.0484   0.1276  -0.0002   0.1209
 -0.0286  -0.1433   0.0997   0.1730   0.0104   0.0965
 -0.0803  -0.1342   0.1638   0.2304  -0.0077   0.1176
 -0.1026  -0.1694   0.1585   0.2882   0.0061   0.1334
 -0.0978  -0.2102   0.1665   0.2464   0.0046   0.1198
 -0.0802  -0.1732   0.1617   0.2316   0.0007   0.1380
 -0.0616  -0.2034   0.1666   0.1935  -0.0083   0.2007
 -0.0526  -0.1835   0.1057   0.2215   0.0007   0.2504
 -0.0607  -0.2430   0.0060   0.3378  -0.0154   0.2523
 -0.0819  -0.0207  -0.0107   0.2724  -0.0208   0.1348
 -0.1017  -0.1600  -0.0136   0.3653  -0.0215   0.2203
 -0.0965  -0.0078  -0.0137   0.3690  -0.0067   0.1937
 -0.1122   0.2462  -0.0292   0.3252  -0.0205   0.1478
 -0.1381   0.0800   0.0415   0.4509  -0.0175   0.1857
 -0.1346   0.2009   0.0455   0.3788  -0.0174   0.1697
 -0.1478   0.2711   0.0174   0.3700  -0.0343   0.1624
 -0.1830   0.3409   0.0284   0.3410  -0.0257   0.1578
 -0.1738   0.2705   0.0472   0.4388  -0.0034   0.3443
 -0.2032   0.2934  -0.0286   0.1658  -0.0078   0.2184
 -0.1751   0.5935   0.1204   0.0665   0.0102   0.1535
 -0.2100   0.6613   0.1097   0.2310  -0.0211   0.1094
 -0.2223   0.5621   0.1340   0.3282  -0.0007   0.1306
 -0.2078   0.5464   0.1518   0.3132   0.0020   0.1371
 -0.2023   0.5283   0.1057   0.2518  -0.0085   0.1537
 -0.2249   0.5422   0.0109   0.3995   0.0185   0.3141
 -0.1922   0.6346  -0.0144   0.5091   0.0467   0.3284
 -0.2036   0.7374   0.0659   0.6690   0.0229   0.2166
 -0.2313   0.7707   0.0833   0.7094   0.0380   0.2051
 -0.1005   0.7408   0.0748   0.7188   0.0474   0.2122
 -0.0580   0.7704   0.0896   0.6701   0.0435   0.2084
 -0.1076   0.8520   0.0140   0.6715   0.0308   0.2025
 -0.0970   0.8721  -0.0139   0.7011  -0.0005   0.2391
 -0.0861   0.9564  -0.0648   0.6305   0.0014   0.2694
 -0.1201   0.9598  -0.0927   0.5265  -0.0413   0.2475
 -0.1591   0.9371  -0.0337   0.3052  -0.0272   0.2026
 -0.2548   0.9508   0.0579   0.1681  -0.0142   0.1805
 -0.1492   1.2150   0.0776  -0.0978  -0.0305   0.0682
 -0.2324   1.1032   0.1679  -0.0226  -0.0296   0.1275
 -0.2132   1.0364   0.1121   0.2533  -0.0283   0.1883
 -0.2434   1.0082   0.0825   0.1252  -0.0365   0.1319
 -0.2494   0.9684   0.1069   0.1753  -0.0364   0.1884
 -0.2787   1.0109   0.1051   0.1984  -0.0406   0.1680
 -0.2655   1.0151   0.1031   0.3701  -0.0196   0.2158
 -0.2338   1.0359   0.0194   0.2829  -0.0381   0.2431
 -0.2348   1.0293   0.0363   0.2666  -0.0224   0.2420
 -0.2322   1.0014   0.0171   0.2869  -0.0199   0.2713
 -0.2260   0.9333  -0.0037   0.4178   0.0062   0.2766
 -0.2446   0.9440   0.0409   0.3767   0.0075   0.3658
 -0.2453   0.9323   0.0281   0.5782   0.0181   0.3322
 -0.1870   0.8930  -0.1048   0.5205   0.0742   0.3113
 -0.1880   0.9658  -0.1042   0.5698   0.0549   0.3483
 -0.1671   0.9287  -0.0366   0.4865   0.0931   0.3796
 -0.1483   1.0071   0.0922   0.5368   0.0724   0.4544
 -0.1610   1.0087   0.0695   0.5631   0.0614   0.4391
 -0.1660   1.0754   0.0670   0.4708   0.0613   0.4219
 -0.1787   1.1021   0.0073   0.3023   0.0565   0.4141
 -0.1802   1.1412   0.0029   0.4259   0.0452   0.4451
 -0.1971   1.2302   0.0128   0.4465   0.0590   0.4232
 -0.1787   1.1786   0.0093   0.4028   0.0460   0.4499
 -0.1770   1.1628   0.0119   0.4488   0.0313   0.4731
 -0.1921   1.1780   0.0281   0.4465   0.0456   0.4474
 -0.1943   1.1607   0.0339   0.4730   0.0294   0.4872
 -0.1752   1.0966   0.0360   0.4819   0.0280   0.5257
 -0.1718   1.1292   0.0471   0.4519   0.0247   0.4996
 -0.1757   1.0717   0.1119   0.4959   0.0341   0.5080
 -0.1767   1.0392   0.1100   0.4996   0.0320   0.5635
 -0.1804   1.0901   0.1036   0.5150   0.0315   0.5914
 -0.1791   1.1205   0.0997   0.5360   0.0348   0.5992
 -0.1828   1.2294   0.0848   0.4902   0.0056   0.6056
 -0.1989   1.0465   0.1233   0.3167  -0.0060   0.6590
 -0.2188   1.1880   0.1349   0.2121  -0.0272   0.6452
