  0.0026  -0.2219   0.1817  -0.0070  -0.0094   0.0480
 -0.0011  -0.2550   0.1942  -0.0734  -0.0169   0.0946
 -0.0164  -0.2235   0.1647   0.1299   0.0405   0.0682
  0.0480  -0.1562   0.1685   0.3128   0.0530   0.0397
  0.0445  -0.1479   0.1475   0.3832   0.0500   0.0298
  0.0242  -0.1396   0.0993   0.4442   0.0578   0.0170
 -0.0284  -0.0587   0.0142   0.2036   0.0456  -0.0074
  0.0580  -0.1552   0.0456  -0.1884  -0.0479   0.0008
  0.0500  -0.1319   0.0335   0.0842  -0.0141   0.0136
  0.0065  -0.0012   0.0345   0.2494   0.0124   0.0223
 -0.0276   0.0016   0.0330   0.2046  -0.0012   0.0316
 -0.0565   0.0505   0.0449   0.1199  -0.0206  -0.0191
 -0.1170   0.1002   0.0429  -0.2411  -0.0592   0.0140
 -0.0889   0.0486   0.0756  -0.4743  -0.0526   0.0234
 -0.1049   0.1521   0.0549  -0.0565   0.0134   0.0242
 -0.1215   0.3285   0.0940   0.2184   0.0539   0.0373
 -0.0288   0.3111   0.0718   0.3066   0.0138   0.0122
 -0.0508   0.3080   0.0136   0.1305   0.0079  -0.0191
 -0.1227   0.2846   0.0457  -0.1458  -0.0114  -0.0385
 -0.1363   0.2761   0.0626   0.0086   0.0149  -0.0073
 -0.1473   0.2638   0.0550   0.0500   0.0397   0.0186
 -0.1158   0.2821   0.0918   0.1694   0.0362  -0.0054
 -0.1026   0.2300   0.0280   0.0481   0.0453  -0.0077
 -0.0486   0.0069  -0.0269  -0.4915  -0.0357   0.0008
 -0.1198   0.1887  -0.0762  -0.6763  -0.1197   0.0290
 -0.1135   0.1287  -0.0441  -0.3999  -0.0030   0.0242
 -0.1341   0.3120   0.0762   0.0557   0.0486   0.0367
 -0.1350   0.3063   0.0205   0.1250   0.0475  -0.0027
 -0.1165   0.2363  -0.0003  -0.0632   0.0254  -0.0285
 -0.1528   0.1929   0.0379  -0.2416   0.0031  -0.0018
 -0.1402   0.1397   0.0228  -0.1580   0.0335   0.0124
 -0.1257   0.1871   0.0420  -0.0003   0.0373   0.0236
 -0.0945   0.1801   0.0239   0.0050   0.0258   0.0008
 -0.0661   0.1431  -0.0031  -0.0347   0.0197  -0.0036
 -0.0336   0.1924   0.0637  -0.1870  -0.0176   0.0076
 -0.0283   0.2330   0.0730  -0.0812  -0.0126   0.0402
 -0.0526   0.2250   0.0272  -0.0390   0.0063   0.0526
 -0.1112   0.3217   0.0651   0.1530   0.0265   0.0716
 -0.0993   0.3716   0.1524   0.4527   0.1006   0.0914
 -0.0513   0.0805   0.2895   0.5088   0.1757   0.1365
 -0.0379   0.1391   0.2263   0.4625   0.1269   0.0030
 -0.1295  -0.1712   0.0418  -0.0463   0.0924  -0.0002
 -0.1008  -0.1452  -0.0069  -0.1672   0.0619  -0.0250
 -0.0731  -0.1217  -0.0388  -0.2780   0.0541  -0.0656
 -0.0731  -0.0473  -0.0030  -0.3339   0.0490  -0.0751
 -0.0583  -0.0230   0.0362  -0.4388   0.0144  -0.0489
 -0.0362  -0.0537  -0.0235  -0.2822   0.0242  -0.0408
 -0.0777  -0.0158   0.0248  -0.3119   0.0330   0.0007
 -0.1219   0.0351   0.0395  -0.1164   0.0506  -0.0011
 -0.1472   0.0868   0.0714   0.0266   0.0696   0.0026
 -0.1739   0.0863   0.0912   0.0629   0.0810   0.0304
 -0.2166   0.1639   0.1541   0.0788   0.0933   0.0468
 -0.1898   0.1802   0.0870  -0.0090   0.0631  -0.0288
 -0.1501   0.1796   0.0183  -0.2500   0.0248  -0.0442
 -0.1514   0.1325   0.0778  -0.2919   0.0121  -0.0433
 -0.1139   0.0939   0.1608  -0.1912  -0.0081  -0.0200
 -0.1330   0.1696   0.1464  -0.1445   0.0165  -0.0220
 -0.1478   0.2697   0.1366   0.0152   0.0463  -0.0018
 -0.1605   0.3245   0.1416   0.0592   0.0591  -0.0038
 -0.1921   0.3270   0.0899  -0.0257   0.0290  -0.0145
 -0.1512   0.2369   0.0663  -0.2971   0.0127  -0.0386
 -0.1038   0.1554   0.0494  -0.4518   0.0088  -0.0426
 -0.1491   0.2087   0.0474  -0.3607   0.0273  -0.0257
 -0.1681   0.2588   0.0939  -0.1732   0.0457  -0.0210
 -0.1593   0.2668   0.0631  -0.1188   0.0505  -0.0275
 -0.1293   0.2219   0.0102  -0.0587   0.0617  -0.0405
 -0.1094   0.2053  -0.0187  -0.2001   0.0139  -0.0269
 -0.1047   0.2310   0.0189  -0.0936   0.0140  -0.0127
 -0.1383   0.2325   0.0539  -0.0697   0.0303  -0.0019
 -0.1555   0.2618   0.0683  -0.0347   0.0331  -0.0170
 -0.1497   0.2845   0.0343  -0.0312   0.0292  -0.0408
 -0.1121   0.2441   0.0783  -0.1466   0.0165  -0.0368
 -0.0746   0.2984   0.0850   0.0157   0.0121  -0.0489
 -0.0575   0.4342   0.0604   0.2033   0.0078  -0.0457
 -0.0673   0.4357   0.0283   0.0960   0.0133  -0.0584
 -0.0776   0.4320   0.0135   0.0652   0.0140  -0.0572
 -0.0720   0.3797   0.0112   0.0263   0.0162  -0.0475
 -0.0833   0.4344   0.0412   0.1714   0.0344  -0.0325
 -0.1223   0.3221   0.0312   0.0370   0.0425   0.0187
 -0.0832   0.1906  -0.0509  -0.1383   0.0591   0.0229
 -0.1324  -0.0444  -0.1483  -0.4820  -0.0620   0.1112
 -0.0817   0.0631  -0.1169  -0.3154  -0.0732   0.0231
 -0.0495   0.0155  -0.0856  -0.4739  -0.0688   0.0682
 -0.0374   0.0341   0.0091   0.0382   0.0382   0.0732
 -0.0017   0.0773  -0.0875   0.1058   0.0022   0.0326
 -0.0120   0.0546  -0.0942  -0.0442  -0.0107  -0.0022
 -0.0017   0.0700  -0.0663  -0.0204  -0.0195  -0.0062
 -0.0210   0.1294  -0.0379   0.3705   0.0182   0.0344
 -0.0040   0.0868  -0.0790   0.1069  -0.0043   0.0240
  0.0090  -0.1215  -0.0750  -0.4634  -0.0266   0.0773
 -0.0654  -0.0542   0.0585  -0.1659   0.0517   0.0890
 -0.0502   0.0150   0.0228   0.0738   0.0392   0.0451
  0.0198   0.0257  -0.0914   0.1101   0.0255   0.0042
  0.0659  -0.1580  -0.0817   0.0751   0.0072   0.0138
  0.0787  -0.1548  -0.1038   0.0794  -0.0025   0.0081
  0.0971  -0.2001  -0.1167  -0.0761  -0.0131   0.0224
  0.0742  -0.1416  -0.0919  -0.0337  -0.0004   0.0092
  0.0816  -0.1261  -0.0942   0.1350   0.0001   0.0109
  0.0885  -0.1246  -0.0987   0.1370  -0.0049  -0.0013
  0.0876  -0.1274  -0.0997   0.1048  -0.0142   0.0053
  0.0704  -0.1510  -0.0679   0.1919  -0.0049   0.0279
  0.0564  -0.1223  -0.0356   0.2660   0.0152   0.0380
  0.0624  -0.1207  -0.0434   0.2330   0.0117   0.0335
  0.0813  -0.1106  -0.0753   0.1992  -0.0076   0.0044
  0.0986  -0.1473  -0.0818   0.1256  -0.0177   0.0016
  0.1075  -0.1506  -0.0774   0.1479  -0.0221   0.0051
  0.1096  -0.1593  -0.0820   0.1363  -0.0289   0.0129
  0.0940  -0.1613  -0.0864   0.1062  -0.0303   0.0175
  0.0983  -0.1680  -0.0825   0.1023  -0.0383   0.0194
  0.0912  -0.1759  -0.0780   0.1059  -0.0385   0.0178
  0.0871  -0.1692  -0.0820   0.1048  -0.0241   0.0149
  0.0897  -0.1684  -0.0799   0.1148  -0.0316   0.0166
  0.0920  -0.1746  -0.0832   0.1217  -0.0323   0.0162
  0.0963  -0.1640  -0.0897   0.1152  -0.0364  -0.0009
  0.0966  -0.1662  -0.1000   0.0942  -0.0446   0.0001
  0.0931  -0.1719  -0.0918   0.0870  -0.0421  -0.0103
  0.0976  -0.2021  -0.0938  -0.0112  -0.0565  -0.0021
  0.0710  -0.2021  -0.1036  -0.0445  -0.0671   0.0157
  0.0203  -0.1268  -0.1482  -0.2109  -0.1045  -0.0091
  0.0332  -0.1420  -0.1195  -0.1738  -0.0926  -0.0072
  0.0339  -0.1208  -0.1107  -0.1790  -0.0986  -0.0098
  0.0504  -0.1227  -0.1004  -0.1813  -0.0842  -0.0007
  0.0798  -0.1329  -0.0730  -0.1953  -0.0735   0.0067
  0.0693  -0.1125  -0.0884  -0.1809  -0.0760  -0.0117
  0.0727  -0.1500  -0.0765  -0.1495  -0.0782  -0.0167
  0.0825  -0.1641  -0.0777  -0.1130  -0.0728  -0.0100
  0.0834  -0.1684  -0.0776  -0.0920  -0.0782  -0.0080
  0.0726  -0.1748  -0.0691  -0.1070  -0.0837  -0.0064
  0.0653  -0.1916  -0.0622  -0.1007  -0.0831   0.0080
  0.0612  -0.1745  -0.0638  -0.1514  -0.0770  -0.0072
 -0.0022  -0.1189  -0.0336  -0.2021  -0.0628  -0.0018
 -0.0066  -0.0348  -0.0027  -0.0743  -0.0546   0.0168
  0.0430  -0.0320   0.0333  -0.0878  -0.0430   0.0183
  0.0594   0.0703   0.0800   0.1967   0.0433   0.0555
  0.0929   0.0693   0.0343   0.1815   0.0234   0.0421
  0.0515   0.0498  -0.0050   0.1837   0.0168   0.0170
  0.0715   0.0694   0.0135   0.1573  -0.0043  -0.0084
  0.0868  -0.0202   0.0163  -0.0575  -0.0312  -0.0191
  0.0806  -0.0200   0.0153  -0.0959  -0.0305  -0.0161
  0.1073  -0.0256   0.0310  -0.1047  -0.0182  -0.0119
  0.0787   0.0089   0.0713   0.0639   0.0320   0.0103
  0.0852  -0.0054   0.1310   0.2259   0.0668   0.0260
  0.0062  -0.0426   0.0802   0.2264   0.0572   0.0035
 -0.0054  -0.0394   0.0045   0.2890   0.0564  -0.0357
 -0.0193  -0.1018  -0.0218   0.2107   0.0483  -0.0386
  0.0695  -0.1601  -0.0629  -0.0177  -0.0091  -0.0431
  0.1236  -0.1650  -0.0349  -0.1080  -0.0249  -0.0446
  0.1115  -0.1884  -0.0393  -0.1823  -0.0050  -0.0226
  0.1076  -0.1268  -0.0149   0.0250   0.0238  -0.0219
  0.1207  -0.1426  -0.0404   0.0173   0.0117  -0.0462
  0.1270  -0.1472  -0.0230   0.0666   0.0068  -0.0527
  0.1263  -0.1333  -0.0287   0.1012   0.0139  -0.0481
  0.1222  -0.1180  -0.0313   0.1181   0.0040  -0.0388
  0.1258  -0.1402  -0.0372   0.1109  -0.0073  -0.0362
  0.1375  -0.1641  -0.0379   0.1181  -0.0045  -0.0360
  0.1400  -0.2172  -0.0493  -0.0460  -0.0174  -0.0230
  0.1223  -0.1593  -0.0399   0.0996  -0.0208  -0.0177
  0.1252  -0.1670  -0.0351   0.1048  -0.0211  -0.0260
  0.1223  -0.1712  -0.0384   0.0876  -0.0192  -0.0338
  0.1129  -0.1900  -0.0282   0.0524  -0.0166  -0.0302
  0.1202  -0.1792  -0.0336   0.0176  -0.0200  -0.0264
  0.1168  -0.2453  -0.0443  -0.1697  -0.0226  -0.0105
  0.1287  -0.2336  -0.0479  -0.0479  -0.0143  -0.0172
  0.1274  -0.2022  -0.0685  -0.0042  -0.0590  -0.0189
  0.1026  -0.2033  -0.0531  -0.0215  -0.0874  -0.0135
  0.1001  -0.2359  -0.0384  -0.0444  -0.0679  -0.0127
  0.0902  -0.2781  -0.0453  -0.0317  -0.0667   0.0304
  0.0808  -0.2560  -0.0276  -0.0205  -0.0411   0.0304
  0.0648  -0.2315   0.0111   0.1662   0.0050   0.0334
  0.0699  -0.1715   0.0026   0.1470   0.0018   0.0364
  0.1012  -0.1392  -0.0017   0.1703   0.0127   0.0192
  0.0952  -0.1253  -0.0612   0.1777   0.0067  -0.0082
  0.1206  -0.1469  -0.0769   0.1809   0.0057  -0.0257
  0.1123  -0.1773  -0.0710   0.2256  -0.0250  -0.0076
  0.1334  -0.1743  -0.0685   0.2210  -0.0067  -0.0114
  0.1908  -0.2360  -0.0582  -0.0210  -0.0225  -0.0415
  0.1920  -0.2282  -0.0337   0.0962  -0.0318  -0.0357
  0.1596  -0.1975  -0.0268   0.1408  -0.0410  -0.0219
  0.1613  -0.2071  -0.0151   0.1693  -0.0148  -0.0166
  0.1502  -0.1821  -0.0147   0.2287  -0.0179  -0.0072
