  0.0237   0.5492   0.0071  -0.1134   0.0458   0.0221
  0.0239   0.5375   0.0198  -0.1088   0.0371   0.0246
  0.0283   0.4993   0.0196  -0.0784   0.0439   0.0687
  0.0276   0.5091   0.0264  -0.0737   0.0489   0.0307
  0.0243   0.5357   0.0342  -0.1072   0.0461   0.0194
  0.0331   0.4987   0.0337  -0.0838   0.0437   0.0082
  0.0318   0.4823   0.0276  -0.0877   0.0437  -0.0063
  0.0327   0.4585   0.0232  -0.0770   0.0358   0.0014
  0.0276   0.4582   0.0138  -0.0708   0.0289  -0.0208
  0.0251   0.4459   0.0153  -0.0760   0.0320   0.0852
  0.0222   0.4454  -0.0023  -0.0866   0.0198   0.0207
  0.0005   0.4471  -0.0121  -0.0890   0.0147  -0.0027
  0.0137   0.4529   0.0010  -0.0918   0.0158   0.0130
  0.0137   0.4379   0.0019  -0.0825   0.0161   0.0473
  0.0072   0.4395   0.0023  -0.0827   0.0182   0.0347
  0.0087   0.4503   0.0250  -0.0934   0.0185   0.1041
  0.0073   0.4387   0.0216  -0.0634   0.0208  -0.0104
  0.0004   0.4803   0.0279  -0.0834   0.0193   0.0024
  0.0094   0.4883   0.0370  -0.0838   0.0195   0.0058
  0.0091   0.4528   0.0357  -0.0572   0.0158  -0.0366
  0.0043   0.4724   0.0397  -0.0800   0.0195  -0.0189
  0.0084   0.4851   0.0475  -0.1097   0.0184   0.0213
  0.0121   0.4444   0.0382  -0.0605   0.0205  -0.0189
  0.0058   0.4792   0.0342  -0.0843   0.0215  -0.0024
  0.0080   0.4932   0.0389  -0.1023   0.0186  -0.0241
  0.0123   0.4453   0.0337  -0.0595   0.0197   0.0054
  0.0071   0.4653   0.0287  -0.0753   0.0245  -0.0875
  0.0073   0.4737   0.0286  -0.1087   0.0203   0.0328
  0.0077   0.4430   0.0426  -0.0668   0.0191  -0.0094
 -0.0025   0.4728   0.0580  -0.0748   0.0205   0.0434
 -0.0006   0.4705   0.0638  -0.0943   0.0201   0.0282
  0.0023   0.4336   0.0632  -0.0579   0.0197  -0.0315
 -0.0002   0.4631   0.0690  -0.0857   0.0234   0.0071
  0.0052   0.4559   0.0719  -0.0886   0.0259   0.0348
  0.0013   0.4451   0.0629  -0.0537   0.0265  -0.0600
 -0.0037   0.4770   0.0685  -0.0892   0.0239   0.0461
  0.0067   0.4604   0.0639  -0.0809   0.0200   0.0065
  0.0053   0.4373   0.0635  -0.0521   0.0239  -0.0048
 -0.0003   0.4702   0.0660  -0.0910   0.0250  -0.0254
  0.0102   0.4460   0.0703  -0.0913   0.0251  -0.0459
  0.0125   0.4109   0.0649  -0.0578   0.0255  -0.0666
  0.0056   0.4355   0.0696  -0.0838   0.0276  -0.0139
  0.0078   0.4578   0.0745  -0.1219   0.0292  -0.0565
  0.0133   0.4149   0.0737  -0.0802   0.0288  -0.0597
  0.0018   0.3997   0.0612  -0.0698   0.0239  -0.0170
  0.0016   0.4223   0.0697  -0.1009   0.0263  -0.0153
  0.0028   0.4077   0.0831  -0.0993   0.0202  -0.0708
  0.0098   0.3989   0.0784  -0.0797   0.0232   0.0153
 -0.0040   0.4265   0.0689  -0.1128   0.0236   0.0594
  0.0101   0.4130   0.0823  -0.1150   0.0449   0.0640
  0.0110   0.3542   0.0629  -0.0811   0.0320  -0.0277
  0.0027   0.3582   0.0599  -0.0831   0.0326  -0.0014
  0.0018   0.3780   0.0661  -0.1090   0.0343   0.0242
  0.0070   0.3909   0.0698  -0.1143   0.0335  -0.0812
  0.0135   0.3486   0.0668  -0.0783   0.0348  -0.0296
  0.0070   0.3540   0.0664  -0.0846   0.0328   0.0307
  0.0080   0.3985   0.0767  -0.1111   0.0333  -0.0716
  0.0153   0.3528   0.0768  -0.0642   0.0323   0.0230
  0.0114   0.3616   0.0741  -0.0673   0.0343  -0.0477
  0.0138   0.3672   0.0742  -0.0980   0.0318  -0.0011
  0.0170   0.3402   0.0705  -0.0903   0.0424  -0.0397
  0.0181   0.3320   0.0634  -0.0754   0.0414   0.0320
  0.0160   0.3887   0.0748  -0.1102   0.0366   0.0052
  0.0203   0.3650   0.0774  -0.0906   0.0361  -0.0352
  0.0140   0.3721   0.0714  -0.0808   0.0364  -0.0549
  0.0141   0.3908   0.0768  -0.1081   0.0375  -0.0044
  0.0213   0.3636   0.0701  -0.0711   0.0364  -0.0141
  0.0148   0.3733   0.0689  -0.0841   0.0367  -0.0544
  0.0124   0.3778   0.0713  -0.1144   0.0401  -0.0860
  0.0176   0.3574   0.0701  -0.0588   0.0398  -0.0407
  0.0080   0.3893   0.0668  -0.0850   0.0383  -0.0350
  0.0167   0.3734   0.0671  -0.0877   0.0383   0.0149
  0.0281   0.3001   0.0816  -0.0192   0.0330  -0.1062
  0.0165   0.3189   0.0671  -0.0527   0.0356  -0.0330
  0.0097   0.3465   0.0718  -0.0733   0.0349  -0.0653
  0.0163   0.3282   0.0708  -0.0415   0.0312  -0.0461
  0.0085   0.3116   0.0636  -0.0409   0.0328  -0.0343
  0.0171   0.3099   0.0583  -0.0911   0.0199  -0.0198
  0.0207   0.2799   0.0569  -0.0482   0.0295  -0.1029
  0.0120   0.3000   0.0714  -0.0439   0.0355  -0.0579
  0.0089   0.3331   0.0691  -0.0607   0.0335  -0.0910
  0.0113   0.3144   0.0682  -0.0541   0.0322  -0.0207
  0.0142   0.2635   0.0607  -0.0224   0.0375  -0.0424
  0.0082   0.3038   0.0718  -0.0565   0.0352  -0.0831
  0.0144   0.2713   0.0726  -0.0237   0.0358  -0.0783
  0.0126   0.2578   0.0683  -0.0045   0.0343  -0.0334
  0.0090   0.2823   0.0734  -0.0421   0.0365  -0.0831
  0.0253   0.0596   0.0370   0.0219   0.0207   0.1476
  0.0090  -0.6449  -0.1000  -0.0082  -0.0153   0.0381
 -0.0095  -0.4015  -0.0641  -0.0363  -0.0276   0.0944
  0.0064  -0.3467  -0.0187   0.0195  -0.0113   0.0734
  0.0061  -0.3157  -0.0029   0.0153  -0.0090   0.1246
  0.0063  -0.3234  -0.0011  -0.0081  -0.0033   0.0368
  0.0099  -0.3253   0.0036   0.0098  -0.0087   0.1074
  0.0062  -0.3187   0.0007   0.0229  -0.0099   0.0287
  0.0056  -0.3085   0.0079   0.0035  -0.0097   0.0366
  0.0026  -0.3204  -0.0043   0.0546  -0.0179   0.0471
  0.0007  -0.2843  -0.0069   0.0134  -0.0237   0.0638
 -0.0048  -0.3011  -0.0054   0.0352  -0.0305   0.0267
  0.0005  -0.3367  -0.0182   0.0577  -0.0247   0.1080
 -0.0056  -0.3007  -0.0088   0.0151  -0.0260   0.1002
  0.0035  -0.3513  -0.0020   0.0522  -0.0254   0.0732
 -0.0002  -0.3419  -0.0078   0.0509  -0.0272   0.0035
 -0.0031  -0.3385  -0.0029   0.0341  -0.0305   0.0526
  0.0043  -0.3520   0.0025   0.0646  -0.0285   0.0238
  0.0003  -0.3349  -0.0018   0.0350  -0.0278   0.0579
  0.0012  -0.3258  -0.0023   0.0366  -0.0355  -0.0470
  0.0030  -0.3759  -0.0075   0.0585  -0.0281   0.0094
  0.0004  -0.3554  -0.0087   0.0545  -0.0280   0.0295
  0.0126  -0.5211  -0.0242   0.0718  -0.0359   0.0828
  0.0120  -0.5300  -0.0175   0.1231  -0.0345  -0.0132
 -0.0019  -0.4985  -0.0227   0.0721  -0.0379   0.0561
  0.0006  -0.5250  -0.0360   0.1082  -0.0305   0.0441
  0.0047  -0.5422  -0.0371   0.1203  -0.0308  -0.0245
 -0.0019  -0.5169  -0.0388   0.0821  -0.0317  -0.0232
 -0.0024  -0.5617  -0.0446   0.1261  -0.0287   0.0973
  0.0071  -0.5452  -0.0433   0.1173  -0.0273  -0.0001
 -0.0089  -0.5046  -0.0526   0.0947  -0.0349   0.0174
 -0.0041  -0.5648  -0.0602   0.1633  -0.0329  -0.0244
 -0.0042  -0.5276  -0.0556   0.1323  -0.0344   0.0130
 -0.0104  -0.5331  -0.0718   0.1090  -0.0294   0.0114
 -0.0093  -0.5731  -0.0742   0.1553  -0.0311   0.0125
 -0.0136  -0.5499  -0.0777   0.1209  -0.0340   0.0339
 -0.0065  -0.5770  -0.0769   0.1194  -0.0336   0.0858
 -0.0038  -0.5810  -0.0742   0.1610  -0.0305  -0.0128
 -0.0100  -0.5386  -0.0734   0.1327  -0.0286  -0.0170
 -0.0088  -0.5581  -0.0719   0.1542  -0.0310   0.0306
 -0.0129  -0.5727  -0.0831   0.1556  -0.0343   0.0373
 -0.0099  -0.5418  -0.0748   0.1351  -0.0375  -0.0131
 -0.0035  -0.5686  -0.0733   0.1783  -0.0354  -0.0050
 -0.0134  -0.5370  -0.0691   0.1530  -0.0438   0.0084
 -0.0084  -0.5141  -0.0751   0.1189  -0.0419  -0.0008
 -0.0105  -0.5594  -0.0738   0.1521  -0.0424  -0.0866
 -0.0129  -0.5568  -0.0711   0.1374  -0.0397   0.0365
 -0.0122  -0.5346  -0.0708   0.1149  -0.0364  -0.0055
 -0.0080  -0.5545  -0.0726   0.1297  -0.0352   0.0090
 -0.0121  -0.5707  -0.0816   0.1565  -0.0348  -0.0559
 -0.0241  -0.5151  -0.0917   0.1062  -0.0303   0.0342
 -0.0210  -0.5391  -0.0849   0.1389  -0.0470  -0.0672
 -0.0358  -0.5521  -0.1156   0.1316  -0.0513   0.0118
 -0.0463  -0.5196  -0.1245   0.0827  -0.0482  -0.0035
 -0.0340  -0.5492  -0.1204   0.1020  -0.0445  -0.0083
 -0.0255  -0.5743  -0.1310   0.1344  -0.0405  -0.0256
 -0.0316  -0.5431  -0.1355   0.0663  -0.0514   0.0454
 -0.0264  -0.5837  -0.1260   0.1043  -0.0518  -0.0066
 -0.0257  -0.6214  -0.1252   0.1247  -0.0468   0.0553
 -0.0399  -0.5716  -0.1305   0.0709  -0.0511   0.0651
 -0.0304  -0.5621  -0.1327   0.0912  -0.0525  -0.0335
 -0.0272  -0.5889  -0.1203   0.1630  -0.0510  -0.0250
 -0.0363  -0.5624  -0.1162   0.1402  -0.0561   0.0523
 -0.0375  -0.5427  -0.1153   0.1160  -0.0549   0.0204
 -0.0322  -0.5869  -0.1143   0.1592  -0.0543   0.0400
 -0.0339  -0.5717  -0.1206   0.1360  -0.0499   0.0247
 -0.0436  -0.5571  -0.1246   0.1156  -0.0502  -0.0182
 -0.0342  -0.5682  -0.1269   0.1457  -0.0524  -0.0376
 -0.0391  -0.5587  -0.1302   0.1133  -0.0549  -0.0285
 -0.0459  -0.5507  -0.1316   0.0856  -0.0544  -0.0218
 -0.0452  -0.5905  -0.1329   0.1368  -0.0567   0.0304
 -0.0471  -0.5723  -0.1329   0.1043  -0.0582   0.0114
 -0.0434  -0.5771  -0.1308   0.1057  -0.0565  -0.0016
 -0.0421  -0.6017  -0.1396   0.1408  -0.0565  -0.0789
 -0.0493  -0.5622  -0.1436   0.0697  -0.0582   0.0450
