 -0.0910   0.2539  -0.1803  -0.0241  -0.0652   0.0648
 -0.1576   0.0375  -0.1810   0.0366  -0.1223   0.0768
 -0.1149   0.0604  -0.1795   0.0315  -0.1074   0.1078
 -0.1025   0.0493  -0.1749   0.0496  -0.1085   0.1036
 -0.1091   0.0169  -0.1724   0.0583  -0.1138   0.0968
 -0.1171  -0.0697  -0.1746   0.0577  -0.0915   0.1299
 -0.1293  -0.0027  -0.1767   0.0391  -0.0977   0.0906
 -0.1211   0.0554  -0.1382   0.0802  -0.0701  -0.0366
 -0.1406   0.0947  -0.1903   0.1284  -0.0853   0.0650
 -0.1392   0.0545  -0.2020   0.1116  -0.1117   0.0662
 -0.1306   0.0171  -0.1836   0.0971  -0.1122   0.0446
 -0.0677   0.0515  -0.1283   0.0768  -0.0375   0.0681
 -0.0641   0.0702  -0.1133   0.0333  -0.0395   0.0471
 -0.0579   0.0609  -0.1039   0.0450  -0.0361  -0.0058
 -0.0464   0.0426  -0.1158   0.0177  -0.0269   0.0656
 -0.0383   0.0217  -0.0913   0.0237  -0.0364   0.0299
 -0.0389  -0.0060  -0.0886   0.0363  -0.0376   0.0119
 -0.0397  -0.0333  -0.0807   0.0061  -0.0255   0.0408
 -0.0344  -0.1770  -0.1367   0.0995  -0.0769   0.0309
 -0.0237  -0.2790  -0.1455   0.1327  -0.0746   0.0071
 -0.0126  -0.3379  -0.1323   0.1402  -0.0620   0.0597
 -0.0276  -0.4136  -0.0854   0.0984  -0.0429   0.0586
 -0.0531  -0.2953  -0.0707   0.0508  -0.0384   0.0736
 -0.0219  -0.1203  -0.0523   0.0464  -0.0225   0.0185
  0.0106  -0.0616  -0.0520   0.0161   0.0004  -0.0013
  0.0055   0.0233  -0.0318   0.0550   0.0092  -0.0248
  0.0476   0.0610  -0.0067   0.1048   0.0491  -0.0009
  0.0528   0.0328  -0.0027   0.0690   0.0498   0.0367
  0.0574   0.0264   0.0041   0.0658   0.0343   0.0168
  0.0511  -0.0276   0.0061   0.0636   0.0281  -0.0241
  0.0487   0.0596   0.0043   0.1497   0.0004  -0.0606
  0.0526   0.0523   0.0101   0.1134   0.0131   0.0640
  0.0410   0.0403   0.0183   0.0913   0.0056  -0.0438
  0.0294   0.0286   0.0239   0.1088   0.0089  -0.0168
  0.0493   0.0420   0.0518   0.0653   0.0230   0.0037
  0.0396   0.0589   0.0509   0.0585   0.0176  -0.1294
  0.0369  -0.0074   0.0170   0.0239   0.0339   0.0159
  0.0241  -0.0416  -0.0194  -0.0401   0.0473   0.0431
  0.0300  -0.0815  -0.0161  -0.0355   0.0615   0.0123
  0.0465   0.0141   0.0194  -0.0119   0.0595  -0.0164
  0.0312   0.0143   0.0273  -0.0191   0.0565   0.0184
  0.0359  -0.1211   0.0801  -0.0831   0.0773  -0.0238
  0.0208  -0.0965   0.0722  -0.1008   0.0918   0.0020
 -0.0075  -0.0279   0.0561  -0.0218   0.0967  -0.0806
  0.0103  -0.0530   0.0301  -0.0843   0.0790  -0.0192
  0.0135  -0.0463   0.0355  -0.0912   0.0670  -0.0214
  0.0189  -0.0037   0.0577  -0.0834   0.0660  -0.0584
  0.0267  -0.0007   0.0337  -0.1088   0.0715   0.0616
  0.0096  -0.1929   0.0191  -0.0769   0.0536  -0.0809
  0.0159  -0.1210   0.0222  -0.0769   0.0410  -0.0036
  0.0196  -0.0470   0.0316  -0.0501   0.0316  -0.1063
  0.0306  -0.0409   0.0328  -0.0613   0.0374   0.0043
  0.0504  -0.0463   0.0619  -0.1350   0.0398   0.0066
  0.0606  -0.0844   0.0753  -0.1301   0.0418   0.0380
  0.0596  -0.0744   0.0570  -0.0960   0.0259  -0.0401
  0.0667  -0.0743   0.0522  -0.0760   0.0237   0.0157
  0.0502  -0.1681   0.0760  -0.0372   0.0132  -0.0419
  0.0309  -0.0731   0.0796  -0.0247   0.0192  -0.0349
  0.0452  -0.0537   0.0912  -0.0625   0.0226   0.0072
  0.0379  -0.1620   0.0452  -0.1351   0.0438   0.0080
  0.0132  -0.0532   0.0626  -0.0707   0.0302  -0.0174
  0.0118  -0.0698   0.0629  -0.0202  -0.0047   0.0323
 -0.0336  -0.1141  -0.0048   0.0559  -0.0398  -0.0897
  0.0001  -0.1682   0.0827  -0.0221   0.0241   0.0343
 -0.0165  -0.1599   0.0599  -0.0847   0.0240   0.0821
 -0.0104  -0.0925   0.0597  -0.0202   0.0197  -0.0478
  0.0036  -0.2148   0.0780  -0.0447   0.0261  -0.0203
 -0.0347   0.1275   0.0857  -0.0369  -0.0170  -0.0130
  0.0074   0.2109   0.1163  -0.0290  -0.0030  -0.0834
  0.0280   0.2220   0.1160  -0.0557   0.0105   0.0037
  0.0333   0.2099   0.1057  -0.0371  -0.0052  -0.0032
  0.0336   0.2005   0.0973  -0.0286  -0.0126  -0.0895
  0.0261   0.2142   0.1009  -0.0089  -0.0188  -0.0750
  0.0359   0.2179   0.0965  -0.0019  -0.0163  -0.0465
  0.0418   0.2216   0.1082  -0.0253   0.0082  -0.0448
  0.0270   0.2289   0.1136  -0.0613   0.0264  -0.0556
  0.0412   0.1951   0.1247  -0.0332   0.0206  -0.0848
  0.0627   0.1889   0.1421  -0.0550   0.0206  -0.0652
  0.0840   0.1734   0.1422  -0.0621   0.0249  -0.0263
  0.0848   0.1686   0.1382  -0.0560   0.0272  -0.0471
  0.0880   0.1822   0.1283  -0.0338   0.0122  -0.0620
  0.0909   0.1806   0.1379  -0.0321   0.0130  -0.0786
