 -0.0574  -0.5519  -0.0854  -0.9265  -0.0439   0.7016
  0.0265  -0.4839  -0.1275  -0.8669  -0.0647   0.6322
  0.0362  -0.2403  -0.1326  -0.8163  -0.1243   0.5685
  0.0385  -0.1779  -0.1340  -0.7048  -0.1236   0.5368
  0.0219  -0.2136  -0.1275  -0.6716  -0.0994   0.5180
  0.0161  -0.2052  -0.1525  -0.7129  -0.1146   0.5348
  0.0322  -0.1288  -0.1640  -0.6899  -0.1332   0.5242
  0.0413  -0.1099  -0.1350  -0.6753  -0.1047   0.4883
  0.0385  -0.1178  -0.1225  -0.6080  -0.1022   0.4736
  0.0332  -0.1090  -0.1274  -0.5968  -0.1180   0.4603
  0.0218  -0.1031  -0.1251  -0.5857  -0.1241   0.4466
  0.0173  -0.0854  -0.1211  -0.5821  -0.1339   0.4457
  0.0148  -0.0897  -0.1280  -0.5614  -0.1285   0.4387
  0.0109  -0.0745  -0.1153  -0.5633  -0.1269   0.4416
  0.0086  -0.0519  -0.1123  -0.5630  -0.1348   0.4429
  0.0152  -0.0882  -0.1117  -0.5641  -0.1421   0.4461
 -0.0007  -0.1155  -0.1197  -0.5670  -0.1388   0.4615
  0.0002  -0.1758  -0.1160  -0.5756  -0.1246   0.4605
  0.0124  -0.1944  -0.1261  -0.5772  -0.1131   0.4456
  0.0212  -0.1942  -0.1072  -0.5221  -0.1181   0.4388
  0.0160  -0.1674  -0.0978  -0.5056  -0.1114   0.4236
  0.0042  -0.0865  -0.0920  -0.4985  -0.1105   0.4221
  0.0156  -0.1014  -0.1006  -0.4945  -0.1177   0.4189
  0.0075  -0.0984  -0.0943  -0.4965  -0.1099   0.4123
  0.0042  -0.0766  -0.0982  -0.4831  -0.1075   0.3949
  0.0049  -0.0804  -0.1050  -0.4849  -0.0999   0.4002
  0.0052  -0.0703  -0.0929  -0.4941  -0.1074   0.3953
 -0.0003  -0.0663  -0.0867  -0.4945  -0.1057   0.3951
 -0.0073  -0.0519  -0.0915  -0.5110  -0.1101   0.3912
 -0.0015  -0.0635  -0.0898  -0.5070  -0.1016   0.3823
 -0.0020  -0.0466  -0.0904  -0.5009  -0.0918   0.3798
 -0.0048  -0.0795  -0.0855  -0.5277  -0.1022   0.3897
 -0.0113  -0.0720  -0.0806  -0.5283  -0.1025   0.3842
 -0.0028  -0.0852  -0.0859  -0.5228  -0.1018   0.3782
 -0.0072  -0.0778  -0.0866  -0.5205  -0.1016   0.3865
 -0.0118  -0.0653  -0.0878  -0.5026  -0.1012   0.3891
 -0.0141  -0.0625  -0.0876  -0.5092  -0.1022   0.3858
 -0.0116  -0.0062  -0.0901  -0.5605  -0.1035   0.3955
 -0.0081  -0.1167  -0.0867  -0.5121  -0.1070   0.3973
 -0.0179  -0.0881  -0.1003  -0.5221  -0.0975   0.3906
 -0.0305  -0.1476  -0.0941  -0.4912  -0.1137   0.3686
 -0.0139  -0.1137  -0.0858  -0.4455  -0.0931   0.3450
 -0.0303  -0.1345  -0.0799  -0.4300  -0.1010   0.3459
 -0.0440  -0.1129  -0.0882  -0.4408  -0.0979   0.3439
 -0.0494  -0.1184  -0.0985  -0.4281  -0.0996   0.3304
 -0.0425  -0.1140  -0.0943  -0.4129  -0.0929   0.3204
 -0.0514  -0.0993  -0.0912  -0.3925  -0.1007   0.3099
 -0.0448  -0.0681  -0.0883  -0.3613  -0.1001   0.2934
 -0.0499  -0.0551  -0.0878  -0.3646  -0.0864   0.3017
 -0.0381  -0.0511  -0.1107  -0.3555  -0.0678   0.2870
 -0.0351  -0.0604  -0.1037  -0.3370  -0.0639   0.2706
 -0.0294  -0.0723  -0.1107  -0.3355  -0.0692   0.2677
 -0.0177  -0.0611  -0.1243  -0.3468  -0.0884   0.2721
  0.0265  -0.0525  -0.0713  -0.2011  -0.0816   0.1215
 -0.0339  -0.0713  -0.0602  -0.2424  -0.0854   0.1489
 -0.0283  -0.0570  -0.0422  -0.1993  -0.0655   0.1531
 -0.0262  -0.0544  -0.0372  -0.1637  -0.0603   0.1383
 -0.0296  -0.0626  -0.0499  -0.1286  -0.0439   0.1249
 -0.0412  -0.1174  -0.0520  -0.0663  -0.0527   0.1036
 -0.0379  -0.0642  -0.0334  -0.2450  -0.0340   0.0873
 -0.0281  -0.1060  -0.0342  -0.2423  -0.0272   0.0917
 -0.0222  -0.0922  -0.0398  -0.2225  -0.0202   0.0859
 -0.0247  -0.0926  -0.0510  -0.1817  -0.0189   0.0745
 -0.0405  -0.0855  -0.0255  -0.1562  -0.0044   0.0671
 -0.0276  -0.1171  -0.0450  -0.1106  -0.0021   0.0561
  0.0016  -0.1208  -0.0358  -0.1106   0.0380   0.0403
  0.0130  -0.0813  -0.0429  -0.1096   0.0240   0.0331
  0.0123  -0.0859  -0.0409  -0.0979   0.0188   0.0207
  0.0202  -0.0908  -0.0308  -0.0865   0.0229   0.0151
  0.0169  -0.0711  -0.0263  -0.0761   0.0279   0.0102
 -0.0070  -0.0645  -0.0073  -0.0680   0.0329   0.0243
 -0.0000  -0.0564   0.0035  -0.0711   0.0389   0.0181
  0.0054  -0.0474   0.0014  -0.0707   0.0487   0.0025
 -0.0040  -0.0428   0.0059  -0.0609   0.0520  -0.0002
 -0.0048  -0.0299   0.0252  -0.0515   0.0551  -0.0061
 -0.0050  -0.0106   0.0225  -0.0494   0.0587  -0.0135
  0.0033  -0.0116   0.0268  -0.0308   0.0717  -0.0316
  0.0093  -0.0106   0.0313  -0.0233   0.0715  -0.0397
  0.0030   0.0024   0.0295  -0.0253   0.0780  -0.0309
  0.0023   0.0260   0.0354  -0.0292   0.0752  -0.0226
 -0.0008   0.0160   0.0296  -0.0339   0.0766  -0.0196
 -0.0027   0.0098   0.0287  -0.0411   0.0785  -0.0210
 -0.0042  -0.0354   0.0257  -0.0405   0.0505  -0.0079
  0.0006  -0.0046   0.0457  -0.0367   0.0514  -0.0278
  0.0066   0.0240   0.0367  -0.0320   0.0579  -0.0416
 -0.0006   0.0375   0.0413  -0.0086   0.0647  -0.0332
  0.0002   0.0433   0.0516  -0.0097   0.0649  -0.0257
 -0.0029   0.0620   0.0464   0.0086   0.0686  -0.0458
 -0.0054   0.0652   0.0464   0.0129   0.0642  -0.0590
 -0.0056   0.0695   0.0318   0.0255   0.0608  -0.0660
 -0.0103   0.0775   0.0450   0.0523   0.0638  -0.0573
 -0.0160   0.0813   0.0400   0.0439   0.0605  -0.0787
 -0.0065   0.0854   0.0260   0.0447   0.0615  -0.0932
  0.0030   0.0977   0.0357   0.0636   0.0745  -0.0975
  0.0049   0.1205   0.0500   0.0853   0.0712  -0.0938
  0.0079   0.1304   0.0484   0.0910   0.0716  -0.0968
  0.0032   0.1125   0.0418   0.0944   0.0651  -0.1022
  0.0059   0.1160   0.0409   0.0913   0.0597  -0.1080
 -0.0010   0.1260   0.0470   0.0992   0.0659  -0.1213
 -0.0138   0.1420   0.0434   0.1174   0.0712  -0.1245
 -0.0106   0.1606   0.0677   0.1376   0.0831  -0.1077
 -0.0121   0.1334   0.0568   0.1288   0.0872  -0.1125
 -0.0240   0.1604   0.0484   0.1564   0.0865  -0.1380
 -0.0266   0.1994   0.0401   0.1778   0.0881  -0.1531
 -0.0311   0.2053   0.0558   0.2049   0.0857  -0.1593
 -0.0333   0.1942   0.0588   0.2097   0.0842  -0.1641
 -0.0442   0.2119   0.0588   0.2085   0.0815  -0.1769
 -0.0212   0.1707   0.0572   0.2073   0.0466  -0.1568
 -0.0016   0.1522   0.0376   0.2121   0.0590  -0.1583
 -0.0143   0.1335   0.0802   0.2146   0.0535  -0.1723
 -0.0183   0.1707   0.0746   0.2695   0.0747  -0.1929
 -0.0175   0.1866   0.0687   0.2746   0.0710  -0.1972
 -0.0222   0.2052   0.0842   0.2747   0.0637  -0.2038
 -0.0135   0.2298   0.0835   0.3043   0.0691  -0.2270
 -0.0078   0.2258   0.0840   0.3297   0.0710  -0.2363
 -0.0080   0.2337   0.0842   0.3655   0.0634  -0.2525
 -0.0197   0.2189   0.0748   0.3493   0.0669  -0.2507
 -0.0439   0.1369   0.0883   0.2799   0.0538  -0.2321
 -0.0419   0.2888   0.0689   0.2029   0.0449  -0.2120
 -0.0404   0.1703   0.0568   0.2595   0.0480  -0.2141
 -0.0193   0.1620   0.0816   0.1589   0.0708  -0.2039
  0.0019   0.0288   0.0585  -0.0052   0.0823  -0.1475
 -0.0024  -0.0446   0.0869  -0.0154   0.0703  -0.0820
  0.0183  -0.0324   0.0957   0.0530   0.0760  -0.1097
  0.0326   0.0081   0.0616   0.0448   0.0630  -0.1109
  0.0161   0.0319   0.0568   0.0879   0.0665  -0.1145
  0.0102   0.0615   0.0679   0.1414   0.0588  -0.1440
 -0.0011   0.0429   0.0704   0.1644   0.0590  -0.1638
 -0.0041  -0.1189   0.1475   0.6272   0.0208  -0.3900
  0.0330  -0.0842   0.0689   0.3748   0.0290  -0.2812
  0.0316  -0.0551   0.0671   0.3640   0.0069  -0.2740
  0.0399  -0.0330   0.0701   0.3991   0.0138  -0.2857
  0.0343  -0.0408   0.0743   0.4171   0.0205  -0.3046
  0.0475  -0.0669   0.0989   0.4199   0.0328  -0.3032
  0.0618   0.0075   0.0731   0.3667   0.0149  -0.2484
  0.0366  -0.0632   0.0480   0.3473   0.0441  -0.2464
  0.0214  -0.0399   0.0679   0.3623   0.0508  -0.2469
  0.0183  -0.0099   0.0713   0.3633   0.0480  -0.2451
  0.0216  -0.0125   0.0741   0.3692   0.0497  -0.2556
  0.0223  -0.0118   0.0662   0.3743   0.0500  -0.2680
  0.0276   0.0033   0.0723   0.3884   0.0538  -0.2745
  0.0300   0.0159   0.0630   0.4095   0.0432  -0.2924
  0.0262   0.0247   0.0569   0.4245   0.0447  -0.3000
  0.0218   0.0239   0.0509   0.4350   0.0465  -0.3004
  0.0168   0.0357   0.0612   0.4417   0.0499  -0.2872
  0.0166   0.0364   0.0592   0.4298   0.0534  -0.2967
  0.0148   0.0332   0.0460   0.4213   0.0529  -0.3033
  0.0417   0.0280   0.0530   0.4017   0.0500  -0.3044
  0.0342  -0.0096   0.0383   0.3446   0.0251  -0.2680
  0.0216  -0.0033   0.0427   0.3365   0.0098  -0.2520
  0.0381  -0.0235   0.0417   0.3416   0.0229  -0.2528
  0.0354  -0.0442   0.0339   0.3821   0.0254  -0.2615
  0.0132  -0.0492   0.0334   0.3793   0.0209  -0.2633
  0.0176  -0.0087   0.0452   0.3976   0.0372  -0.2684
  0.0281   0.0164   0.0681   0.4446   0.0532  -0.2883
  0.0271   0.0143   0.0718   0.4678   0.0486  -0.2938
  0.0266   0.0132   0.0644   0.4585   0.0468  -0.3096
  0.0332   0.0176   0.0554   0.4703   0.0402  -0.3159
  0.0278   0.0279   0.0601   0.4761   0.0319  -0.3196
  0.0286   0.0377   0.0701   0.5051   0.0273  -0.3291
  0.0165   0.0304   0.0663   0.5078   0.0168  -0.3526
  0.0168   0.0702   0.0568   0.5277   0.0204  -0.3639
  0.0083   0.0863   0.0611   0.5186   0.0347  -0.3563
  0.0100   0.1053   0.0679   0.5328   0.0438  -0.3577
  0.0087   0.1094   0.0599   0.5368   0.0424  -0.3698
  0.0103   0.1195   0.0506   0.5392   0.0434  -0.3811
  0.0056   0.1455   0.0650   0.5483   0.0427  -0.3699
  0.0014   0.1266   0.0556   0.5510   0.0291  -0.3728
  0.0135   0.1374   0.0487   0.5607   0.0411  -0.3802
  0.0104   0.1733   0.0474   0.5981   0.0458  -0.4013
 -0.0123   0.1811   0.0689   0.6445   0.0418  -0.3945
  0.0018   0.1805   0.0540   0.6447   0.0466  -0.4069
 -0.0042   0.1856   0.0567   0.6498   0.0559  -0.4106
 -0.0122   0.2169   0.0594   0.6716   0.0578  -0.4369
 -0.0132   0.2382   0.0642   0.6953   0.0658  -0.4454
 -0.0173   0.2426   0.0642   0.6949   0.0767  -0.4488
 -0.0215   0.2615   0.0711   0.7087   0.0745  -0.4397
 -0.0224   0.2653   0.0653   0.7160   0.0755  -0.4441
 -0.0168   0.2655   0.0715   0.7267   0.0840  -0.4519
 -0.0215   0.2694   0.0721   0.7430   0.0853  -0.4606
