 -0.2127   0.3620  -0.0381   0.1954  -0.0913   0.0422
 -0.2163   0.3517  -0.0213   0.2855  -0.0999  -0.0140
 -0.2315   0.3665  -0.0195   0.3591  -0.1072   0.0040
 -0.2436   0.3833  -0.0227   0.3777  -0.1060   0.0247
 -0.2363   0.3621  -0.0275   0.3473  -0.1084  -0.0221
 -0.2355   0.3066  -0.0773   0.3075  -0.1155   0.0144
 -0.2414   0.2879  -0.0825   0.3061  -0.1627  -0.0662
 -0.2487   0.2653  -0.0758   0.3415  -0.1725  -0.0866
 -0.2452   0.3047  -0.0680   0.3454  -0.1608   0.0248
 -0.2513   0.2947  -0.0795   0.3202  -0.1737  -0.0016
 -0.2547   0.2742  -0.0665   0.3667  -0.1773  -0.1133
 -0.2634   0.2862  -0.0661   0.3406  -0.1752   0.0196
 -0.2687   0.2786  -0.0697   0.3000  -0.1885  -0.0240
 -0.2606   0.2698  -0.0765   0.3287  -0.1826  -0.0864
 -0.2654   0.2818  -0.0734   0.3379  -0.1757  -0.0133
 -0.2616   0.2814  -0.0826   0.3231  -0.1801  -0.0323
 -0.2661   0.2634  -0.0841   0.3539  -0.1826  -0.1406
 -0.2676   0.2760  -0.0828   0.3539  -0.1718  -0.0302
 -0.2681   0.2767  -0.0882   0.3136  -0.1745  -0.0433
 -0.2718   0.2606  -0.0749   0.2945  -0.1896  -0.1030
 -0.2662   0.2816  -0.0880   0.2784  -0.1802  -0.0429
 -0.2616   0.2978  -0.0874   0.2574  -0.1668  -0.0207
 -0.2701   0.2814  -0.0915   0.2638  -0.1793  -0.1150
 -0.2783   0.2682  -0.0827   0.3120  -0.1791  -0.0949
 -0.2713   0.2848  -0.0839   0.2799  -0.1723  -0.0111
 -0.2697   0.2714  -0.0782   0.2770  -0.1683  -0.0763
 -0.2497   0.2704  -0.0935   0.2781  -0.1481  -0.1115
 -0.2450   0.2892  -0.0994   0.2929  -0.1599  -0.0819
 -0.2357   0.2952  -0.0993   0.2675  -0.1576  -0.0326
 -0.2377   0.2807  -0.0900   0.2894  -0.1588  -0.1431
 -0.2489   0.2875  -0.0958   0.2652  -0.1769  -0.1119
 -0.2531   0.2993  -0.0917   0.2279  -0.1765  -0.0610
 -0.2549   0.2870  -0.0869   0.2491  -0.1748  -0.1573
 -0.2455   0.2737  -0.0852   0.2683  -0.1654  -0.1155
 -0.2461   0.2757  -0.0826   0.2297  -0.1634  -0.0833
 -0.2340   0.2344  -0.0803   0.2626  -0.1623  -0.1688
 -0.2315   0.2551  -0.0916   0.2596  -0.1490  -0.0333
 -0.2493   0.2714  -0.0978   0.2192  -0.1698  -0.0236
 -0.2366   0.2559  -0.1014   0.2384  -0.1639  -0.1252
 -0.2369   0.2752  -0.0928   0.2540  -0.1617  -0.1036
 -0.2256   0.2909  -0.0884   0.2218  -0.1476  -0.0676
 -0.2210   0.2880  -0.0834   0.2125  -0.1427  -0.1274
 -0.2378   0.2876  -0.0889   0.2520  -0.1509  -0.1603
 -0.2573   0.3064  -0.0757   0.2194  -0.1359  -0.0412
 -0.2548   0.2886  -0.0650   0.2563  -0.1398  -0.1901
 -0.2276   0.2671  -0.0604   0.2312  -0.1299  -0.0587
 -0.2233   0.2504  -0.0692   0.2270  -0.1299  -0.1255
 -0.2156   0.2427  -0.0735   0.2588  -0.1336  -0.2061
 -0.2136   0.2724  -0.0811   0.1819  -0.1337  -0.0002
 -0.2435   0.2735  -0.0636   0.1600  -0.1771  -0.0928
 -0.2247   0.2817  -0.0423   0.1852  -0.1507  -0.0526
 -0.1891   0.2337  -0.0462   0.1912  -0.1241  -0.0622
 -0.1617   0.2154  -0.0331   0.2730  -0.0664  -0.1541
 -0.1670   0.2180  -0.0410   0.2636  -0.0656  -0.0717
 -0.1851   0.1963  -0.0402   0.2616  -0.0853  -0.1445
 -0.1727   0.2077  -0.0579   0.2921  -0.0767  -0.1653
 -0.1787   0.2417  -0.0588   0.2297  -0.0836  -0.0264
 -0.1855   0.2491  -0.0605   0.2232  -0.0980  -0.1283
 -0.1938   0.2623  -0.0354   0.2602  -0.0936  -0.1084
 -0.1857   0.2673  -0.0336   0.2354  -0.0852  -0.0508
 -0.1877   0.2663  -0.0328   0.2379  -0.0944  -0.1582
 -0.1715   0.2805  -0.0143   0.2644  -0.0819  -0.1124
 -0.1554   0.3003  -0.0219   0.2165  -0.0873  -0.0910
 -0.1574   0.2513  -0.0233   0.2884  -0.0772  -0.2068
 -0.1640   0.2834  -0.0111   0.2519  -0.0636  -0.0586
 -0.1573   0.3168   0.0298   0.2158  -0.0509  -0.0957
 -0.1593   0.3265   0.0285   0.2581  -0.0475  -0.1607
 -0.0002   0.3372   0.0707   0.1978   0.0346  -0.0230
  0.0346   0.2949   0.0735   0.2965   0.0842  -0.2064
  0.0284   0.2928   0.0694   0.3093   0.0813  -0.0982
  0.0871   0.2339   0.0922   0.2284   0.1514  -0.0761
  0.1090   0.2011   0.0953   0.2829   0.1675  -0.1346
  0.1939   0.1935   0.0950   0.2018   0.2670   0.0188
  0.2516   0.0991   0.0593   0.2526   0.3384  -0.1078
  0.1902   0.1377   0.0492   0.2154   0.2691  -0.0271
  0.1668   0.1314   0.0445   0.2485   0.2342  -0.0875
  0.1580   0.1358   0.0520   0.2819   0.2256  -0.0892
  0.1354   0.1549   0.0536   0.2079   0.1956   0.0061
  0.1663   0.1465   0.0700   0.1782   0.2055  -0.0649
  0.2364  -0.0286   0.0443   0.3476   0.2544  -0.0388
  0.2030  -0.0428  -0.0010   0.2577   0.2101   0.0280
  0.1738  -0.0630   0.0103   0.4038   0.2021  -0.1062
  0.1798  -0.0472   0.0120   0.3451   0.2034   0.0189
  0.1923  -0.0790   0.0198   0.3223   0.2219  -0.0782
  0.1791  -0.0777   0.0309   0.2121   0.2231   0.0678
  0.1865  -0.1440   0.0099   0.2970   0.2316  -0.0327
  0.1829  -0.1704   0.0036   0.4473   0.2219  -0.1158
  0.1599  -0.1133   0.0421   0.2122   0.1818   0.1077
  0.1699  -0.1132   0.0266   0.3047   0.2005  -0.0928
  0.2178  -0.0549   0.0402   0.2510   0.2370   0.0628
  0.1991  -0.0825   0.0802   0.0628   0.2191   0.0180
  0.1911  -0.0973   0.0713   0.2803   0.2635  -0.0909
  0.1414  -0.0719   0.0612   0.0845   0.2080   0.0410
  0.1766  -0.1226   0.0997   0.2781   0.2679  -0.0925
  0.2146  -0.1665   0.0875   0.2265   0.2844  -0.0007
  0.2074  -0.1880   0.0692  -0.1566   0.1804   0.0831
  0.2054  -0.2495   0.0637  -0.2156   0.1683   0.0971
  0.2200  -0.2925   0.0935  -0.4583   0.1219   0.1905
  0.2108  -0.2764   0.1070  -0.7707   0.0512   0.2473
  0.1867  -0.2951   0.1024  -0.2900   0.1260   0.0241
  0.1891  -0.2848   0.1190  -0.5601   0.0512   0.2530
  0.1859  -0.2670   0.0788  -0.1062   0.1472  -0.1220
  0.2006  -0.2463   0.1029  -0.3450   0.1328   0.2750
  0.1966  -0.2942   0.0943  -0.5360   0.0741   0.0910
  0.2068  -0.3377   0.1238  -0.7285   0.0714   0.2759
  0.2220  -0.2941   0.1299  -0.7840   0.0533   0.2476
  0.2310  -0.2839   0.1266  -0.6124   0.0974   0.1086
  0.2565  -0.3441   0.1426  -0.9157   0.0625   0.2772
  0.2584  -0.3334   0.1021  -0.6379   0.1245   0.1297
  0.2614  -0.3784   0.1288  -0.8042   0.1032   0.2491
  0.2500  -0.3755   0.0888  -0.5745   0.1283   0.0829
  0.2296  -0.4314   0.0906  -0.4167   0.0985   0.0273
  0.2092  -0.4240   0.0724  -0.3736   0.0887   0.2301
  0.1903  -0.3529   0.0119  -0.3689   0.1025   0.1583
  0.1580  -0.3480  -0.0065  -0.3339   0.0630   0.2136
  0.1398  -0.3496  -0.0134  -0.3257   0.0514   0.2126
  0.1438  -0.3556  -0.0203  -0.2365   0.0485   0.0429
  0.1380  -0.3343  -0.0161  -0.1862   0.0431   0.1112
  0.1326  -0.3205  -0.0103  -0.1902   0.0458   0.1213
  0.1405  -0.3455  -0.0187  -0.1497   0.0429  -0.0091
  0.1416  -0.3441  -0.0253  -0.1090   0.0480   0.0666
  0.1720  -0.3456   0.0042  -0.2070   0.0428   0.1377
  0.1940  -0.3813   0.0227  -0.0337   0.0827  -0.0509
  0.2097  -0.3573   0.0286  -0.0934   0.0916   0.0853
  0.2018  -0.3790   0.0052   0.0305   0.1180  -0.0548
  0.2080  -0.3854   0.0024  -0.1044   0.0957   0.0677
  0.2078  -0.4129   0.0023  -0.0046   0.1137  -0.0684
  0.2197  -0.4163   0.0441  -0.2260   0.0925   0.1377
  0.2195  -0.4142   0.0185  -0.2157   0.1016   0.0204
  0.1826  -0.4538   0.0299  -0.2726   0.0670   0.0583
  0.1977  -0.4283   0.0657  -0.3649   0.0742   0.1263
  0.2008  -0.4247   0.0234  -0.2556   0.0802   0.0250
  0.1944  -0.4323   0.0097  -0.1815   0.0912   0.0384
  0.1937  -0.4633   0.0406  -0.5840   0.0288   0.1812
  0.2334  -0.4751   0.0273  -0.6031   0.0410   0.1041
  0.2214  -0.4949   0.0328  -0.4483   0.0665   0.0595
  0.2245  -0.5329   0.0631  -0.7396   0.0196   0.2125
  0.2019  -0.5601   0.0332  -0.8590   0.0134   0.2261
  0.2071  -0.5035   0.0233  -0.6887   0.0137   0.1032
  0.2027  -0.6154   0.0502  -0.7977  -0.0325   0.2522
  0.2262  -0.5135   0.0320  -0.5863   0.0304   0.0550
  0.2294  -0.5495   0.0640  -0.8113   0.0160   0.2194
  0.2478  -0.5900   0.0549  -1.0177  -0.0453   0.2551
  0.2394  -0.5513   0.0499  -0.6621   0.0219   0.0993
  0.2678  -0.6040   0.0776  -1.0508  -0.0637   0.3355
  0.2507  -0.5171   0.0685  -0.6524   0.0116   0.0495
  0.2593  -0.6009   0.0783  -1.0502  -0.0396   0.3443
  0.2624  -0.5633   0.0490  -0.8829  -0.0113   0.1559
  0.2462  -0.6101   0.0645  -0.9951  -0.0314   0.3071
  0.2384  -0.6279   0.0452  -1.0522  -0.0589   0.2274
