 -0.6657  -0.2399   0.2269  -0.3068  -0.0941   0.0530
 -0.6452  -0.2452   0.1949  -0.3205  -0.0985   0.0450
 -0.7776  -0.3015   0.2529  -0.4904  -0.0506   0.0289
 -0.6917  -0.1581   0.2379  -0.4720  -0.0557   0.0400
 -0.5740  -0.0295   0.1788  -0.4875  -0.0865   0.0076
 -0.5492  -0.1333   0.1550  -0.3315  -0.0822   0.0240
 -0.5583  -0.2006   0.1334  -0.2620  -0.0723   0.0390
 -0.5302  -0.2841   0.2393  -0.2498  -0.0998   0.0314
 -0.4908  -0.2128   0.1869  -0.1446  -0.0632   0.0614
 -0.4582  -0.2555   0.1330  -0.1183  -0.0606   0.0331
 -0.4830  -0.2370   0.0980  -0.0786  -0.0603   0.0591
 -0.4737  -0.2122   0.1009  -0.0551  -0.0436   0.0388
 -0.4527  -0.2151   0.0833  -0.0417  -0.0397   0.0547
 -0.4011  -0.2005   0.0294  -0.0111  -0.0585   0.0624
 -0.3865  -0.2694   0.1585  -0.2675  -0.0469   0.0378
 -0.4022   0.0842   0.1397  -0.2329  -0.0611   0.0346
 -0.3806   0.0926   0.1141  -0.2689  -0.0386   0.0093
 -0.4019   0.0429   0.2400  -0.2809   0.0046   0.0297
 -0.4174  -0.0501   0.2027  -0.0927   0.0171   0.0417
 -0.3722   0.0249   0.1683  -0.0386  -0.0134   0.0401
 -0.3698   0.0653   0.1180  -0.0407  -0.0252   0.0357
 -0.3750   0.0400   0.0971  -0.0414  -0.0216   0.0342
 -0.3785  -0.0634   0.0937  -0.0165  -0.0228   0.0202
 -0.3886  -0.1308   0.0897   0.0478  -0.0124   0.0190
 -0.3624  -0.1688   0.0488   0.0390  -0.0286   0.0120
 -0.3443  -0.1952  -0.0049   0.0558  -0.0356   0.0173
 -0.3402  -0.1189  -0.0083   0.0765  -0.0479   0.0393
 -0.3592  -0.1513   0.0350   0.1140  -0.0438   0.0246
 -0.2614  -0.0917   0.0302  -0.0234  -0.0601   0.0253
 -0.2851  -0.0441  -0.0631  -0.1707  -0.0763  -0.0012
 -0.4203   0.0680  -0.1009  -0.1059  -0.0691   0.0143
 -0.4162  -0.0170  -0.0194  -0.0802  -0.1005   0.0101
 -0.4077   0.1092  -0.0355  -0.0729  -0.0866   0.0281
 -0.2924  -0.0099   0.0068  -0.1687  -0.1036   0.0242
 -0.3593   0.0727  -0.0270  -0.2059  -0.1085   0.0099
 -0.3200   0.1749  -0.0026  -0.1426  -0.1090   0.0069
 -0.3126   0.1717   0.0575  -0.3355  -0.0750   0.0021
 -0.3456   0.1193   0.0555  -0.2926  -0.0728   0.0012
 -0.2193   0.0130   0.0232  -0.3641  -0.0990  -0.0015
 -0.2536   0.2028   0.0504  -0.2375  -0.0869   0.0177
 -0.2885   0.2080   0.1075  -0.2713  -0.0799  -0.0091
 -0.2906   0.3302   0.0889  -0.1903  -0.0810   0.0253
 -0.2782   0.2454   0.0982  -0.1520  -0.0836   0.0042
 -0.2767   0.2480   0.1031  -0.1004  -0.0809   0.0195
 -0.3179   0.1692   0.1008   0.0165  -0.0578   0.0382
 -0.3337   0.1826   0.0984   0.0589  -0.0513   0.0275
 -0.3078   0.2137   0.0756   0.0344  -0.0748   0.0267
 -0.2722   0.2665   0.0630  -0.0214  -0.0813   0.0270
 -0.3049   0.2235   0.0135   0.0311  -0.0602   0.0266
 -0.2860   0.2476   0.0139  -0.0208  -0.0827   0.0232
 -0.2786   0.2127   0.0481   0.0069  -0.0783   0.0087
 -0.2666   0.2509   0.0104  -0.0276  -0.0670   0.0081
 -0.2771   0.2703  -0.0093  -0.0031  -0.0685   0.0063
 -0.2032   0.2720  -0.0451  -0.0006  -0.0254  -0.0055
 -0.1584   0.1843   0.0597   0.0195  -0.0295  -0.0050
 -0.1692   0.2095   0.0361  -0.0132  -0.0408   0.0080
 -0.1866   0.2139   0.0156   0.0057  -0.0437   0.0112
 -0.1860   0.2111  -0.0184  -0.0068  -0.0396   0.0078
 -0.2673   0.0535   0.0921   0.0680   0.0208   0.0382
 -0.1833   0.0970   0.0540   0.0671  -0.0047   0.0101
 -0.1430   0.0898   0.0206   0.0848  -0.0060   0.0154
 -0.1544   0.0469   0.0266   0.0545   0.0053   0.0048
 -0.0986  -0.0134   0.0291   0.0465   0.0003   0.0119
 -0.1071   0.0466   0.0046   0.0340  -0.0171   0.0194
 -0.1337   0.0913   0.0179   0.0064  -0.0112   0.0101
 -0.1274   0.1179   0.0538   0.0084  -0.0156   0.0073
 -0.0145   0.0815   0.0098   0.0858  -0.0485   0.0080
 -0.0018  -0.0434  -0.0502   0.0883   0.0075   0.0029
  0.0056  -0.0519   0.0002   0.0460  -0.0128   0.0112
 -0.0214   0.1322   0.0419   0.0302  -0.0146   0.0120
 -0.1112   0.1285   0.0570   0.0202   0.0118   0.0041
 -0.0830   0.1018   0.0705   0.0489   0.0064   0.0080
 -0.0718   0.0889   0.0677   0.0607   0.0048   0.0071
 -0.0581   0.0930   0.0636   0.0387   0.0028   0.0048
 -0.0500   0.0607   0.0743   0.0403   0.0031   0.0031
 -0.0518   0.0070   0.0920   0.1392   0.0176   0.0255
 -0.0511   0.0366   0.0824   0.1322   0.0097   0.0234
 -0.0274   0.0657   0.0658   0.0757  -0.0003   0.0138
 -0.0354   0.0683   0.0874   0.0735   0.0031   0.0130
 -0.0264  -0.0483   0.0858  -0.0791  -0.0053   0.0227
  0.0213  -0.1779   0.0457  -0.0964  -0.0239  -0.0028
 -0.0945  -0.0307   0.0591   0.0465   0.0210   0.0122
 -0.0798   0.0074   0.0874   0.0674   0.0025   0.0053
 -0.0206   0.0299   0.0699   0.0224  -0.0094  -0.0024
 -0.0100   0.0329   0.0730  -0.0042  -0.0072   0.0046
  0.0273   0.0419   0.0788  -0.0040  -0.0149   0.0167
 -0.0106  -0.0354   0.0935  -0.0260  -0.0152  -0.0030
 -0.0615  -0.0869   0.0986  -0.0425  -0.0801  -0.0131
 -0.0298   0.0741   0.0460   0.0629  -0.0200   0.0071
  0.0223   0.1082   0.0383  -0.0514  -0.0489  -0.0037
  0.0321   0.1199   0.0859   0.0429  -0.0241  -0.0013
  0.0358   0.1924   0.0466  -0.0054  -0.0342   0.0009
  0.0297   0.2126   0.0293   0.0363  -0.0343   0.0069
  0.0146   0.1303   0.0539   0.0661  -0.0149   0.0077
  0.0362   0.1295   0.0541   0.0891  -0.0167  -0.0013
  0.0653   0.1110   0.0132   0.1331  -0.0231  -0.0084
  0.0932   0.1340  -0.0151   0.1445  -0.0064  -0.0018
  0.1145   0.1082  -0.0768   0.1642   0.0070  -0.0046
  0.1923   0.0613  -0.0732   0.1093  -0.0097  -0.0131
  0.1427   0.0230  -0.0566   0.1062   0.0145  -0.0013
  0.1375  -0.0735  -0.0845  -0.0058   0.0217   0.0181
  0.1206   0.1509   0.0022   0.0531   0.0563  -0.0256
  0.1409  -0.1309   0.1779  -0.2077   0.0035   0.0036
  0.1460   0.0598   0.1096  -0.2550  -0.0085  -0.0147
  0.1382   0.1517   0.0316  -0.1831  -0.0235  -0.0311
  0.1435   0.1573   0.0087  -0.2148  -0.0311  -0.0324
  0.1502   0.1585  -0.0096  -0.2186  -0.0225  -0.0280
  0.1448   0.1993  -0.0369  -0.1682  -0.0259  -0.0534
  0.0770  -0.0041  -0.0278  -0.2579  -0.0871  -0.0058
  0.1425  -0.0190  -0.0123  -0.3228  -0.0671  -0.0455
  0.1611   0.1119  -0.0318  -0.1752  -0.0353  -0.0399
  0.1420   0.1309  -0.0300  -0.1326  -0.0122  -0.0200
  0.1158   0.1624  -0.0436  -0.1263   0.0108  -0.0136
  0.1402   0.1029  -0.0566  -0.1441  -0.0002  -0.0251
  0.0949   0.1211  -0.0111  -0.0928  -0.0032  -0.0086
  0.0739   0.0605  -0.0303  -0.1444   0.0158  -0.0333
  0.1181   0.1000  -0.0141  -0.0193   0.0114  -0.0054
  0.1526   0.0504  -0.0067   0.0226   0.0157  -0.0165
  0.1721   0.1664  -0.0088   0.0158   0.0003   0.0007
  0.1530   0.0630  -0.0215   0.0252   0.0069   0.0012
  0.1524   0.0479  -0.0303   0.0343   0.0186  -0.0120
  0.1696   0.0606  -0.0199   0.0588   0.0169  -0.0144
  0.2072   0.0601  -0.0267   0.0736   0.0092   0.0005
  0.2114  -0.0007  -0.0227   0.0218   0.0108  -0.0252
  0.2042   0.0565  -0.0362   0.0470   0.0078  -0.0284
  0.2586   0.0564  -0.0235   0.0432   0.0005  -0.0271
  0.2414   0.0205  -0.0174   0.0664  -0.0038  -0.0183
  0.2410  -0.0045  -0.0378   0.0519   0.0110  -0.0214
  0.2195  -0.0047  -0.0457   0.0536   0.0264  -0.0302
  0.2315  -0.0001  -0.0470   0.0333   0.0247  -0.0229
  0.2306   0.0146  -0.0316   0.0287   0.0224  -0.0140
  0.2372   0.0037  -0.0179   0.0396   0.0336  -0.0121
  0.2951  -0.0123  -0.1197   0.0599   0.0340  -0.0133
  0.2715  -0.0278  -0.0972   0.0221   0.0244  -0.0181
  0.2856  -0.0199  -0.0687   0.0029   0.0212  -0.0247
  0.2431  -0.0969  -0.0253  -0.0499   0.0542  -0.0243
  0.2311  -0.0578   0.0041   0.0776   0.0549  -0.0277
  0.2611  -0.0504  -0.0166   0.0732   0.0509  -0.0262
  0.2737  -0.0471  -0.0314   0.0786   0.0522  -0.0190
  0.2762  -0.0682  -0.0311   0.1098   0.0594  -0.0060
  0.2897  -0.0955  -0.0531   0.1362   0.0541   0.0045
  0.3017  -0.1318  -0.0666   0.0716   0.0617  -0.0094
  0.2864  -0.1028  -0.0610   0.1268   0.0517   0.0033
  0.2896  -0.0605  -0.0768   0.0926   0.0499  -0.0027
  0.3062  -0.0509  -0.1115   0.0911   0.0562  -0.0081
  0.3066  -0.0670  -0.1135   0.1189   0.0643  -0.0074
  0.2988  -0.0841  -0.1050   0.1291   0.0725  -0.0028
  0.2043  -0.1357  -0.0354   0.1582   0.0839   0.0004
  0.2639  -0.1562  -0.0473   0.1366   0.0742  -0.0062
  0.2972  -0.0921  -0.0571   0.1479   0.0509  -0.0045
  0.3130  -0.1176  -0.0798   0.1413   0.0538  -0.0109
  0.3151  -0.1469  -0.1044   0.1102   0.0658  -0.0164
  0.3241  -0.1276  -0.0787   0.1551   0.0766  -0.0132
  0.3427  -0.1315  -0.0798   0.1507   0.0683  -0.0193
  0.3515  -0.1316  -0.1177   0.1137   0.0682  -0.0304
  0.3492  -0.1153  -0.1202   0.1678   0.0670  -0.0184
  0.3591  -0.1668  -0.1393   0.1255   0.0396   0.0162
  0.3245  -0.3398  -0.3026   0.0232   0.0629  -0.0344
  0.3667  -0.2338  -0.2592   0.1534   0.0560  -0.0177
  0.3441  -0.1694  -0.2507   0.2277   0.0731  -0.0113
  0.3183  -0.1747  -0.2125   0.2570   0.0640  -0.0232
  0.3389  -0.1979  -0.1454   0.2299   0.0641  -0.0154
  0.3627  -0.1463  -0.1925   0.2441   0.0844  -0.0161
  0.3971  -0.1349  -0.2142   0.1898   0.0694  -0.0292
  0.4030  -0.1121  -0.2219   0.1693   0.0839  -0.0432
  0.4337  -0.1072  -0.2026   0.2319   0.0745  -0.0278
  0.4248  -0.0901  -0.1981   0.2707   0.0908  -0.0260
  0.4231  -0.2230  -0.1679   0.2553   0.1068  -0.0259
  0.4490  -0.2096  -0.1554   0.2533   0.1231  -0.0221
  0.4776  -0.1668  -0.1536   0.2483   0.1116  -0.0270
  0.4718  -0.1351  -0.1386   0.2270   0.1327  -0.0261
  0.5052  -0.1589  -0.1212   0.1422   0.1398  -0.0222
  0.4660  -0.1646  -0.1665   0.1088   0.1491  -0.0211
  0.4760  -0.1323  -0.1687   0.1559   0.1499  -0.0303
  0.4492  -0.1287  -0.1411   0.1737   0.1724  -0.0340
  0.4190  -0.1192  -0.0865   0.1999   0.1674  -0.0328
  0.4997  -0.1049  -0.1147   0.1692   0.1454  -0.0335
  0.5215  -0.1103  -0.1312   0.1459   0.1320  -0.0363
  0.5066  -0.1069  -0.1547   0.1765   0.1509  -0.0316
  0.5308  -0.1912  -0.1647   0.2374   0.1419  -0.0294
