 -0.2502  -0.0907   0.0103   0.2200  -0.1630  -0.2750
 -0.2087  -0.0772   0.0352   0.1537  -0.0961  -0.2419
 -0.0619  -0.1762  -0.0076   0.1463  -0.0491  -0.1749
 -0.1121  -0.1618  -0.0089   0.1805  -0.0709  -0.2011
 -0.1569  -0.1572  -0.0009   0.1882  -0.0477  -0.2124
 -0.1825  -0.0797  -0.0900   0.2137  -0.0713  -0.2119
 -0.1805  -0.0880  -0.0726   0.1623  -0.0567  -0.2254
 -0.1797  -0.1036  -0.0633   0.1751  -0.0802  -0.2369
 -0.1746  -0.0959  -0.0541   0.1972  -0.0716  -0.2335
 -0.1352  -0.0855  -0.0875   0.1241  -0.0444  -0.2343
 -0.1337  -0.1007  -0.0891   0.1214  -0.0389  -0.2381
 -0.1436  -0.0967  -0.1012   0.1372  -0.0427  -0.2315
 -0.1355  -0.1058  -0.1194   0.0517  -0.0303  -0.2230
 -0.1324  -0.1318  -0.0550   0.0234  -0.0861  -0.2326
 -0.1578  -0.0282  -0.0480   0.1737  -0.0883  -0.2001
 -0.1841  -0.0946  -0.0572   0.2663  -0.1016  -0.2081
 -0.1394  -0.0731  -0.0328   0.1964  -0.0761  -0.2273
 -0.1155  -0.0757  -0.0429   0.1530  -0.0419  -0.2248
 -0.1017  -0.0357  -0.0367   0.1100  -0.0411  -0.2253
 -0.1518  -0.0867   0.0196   0.2634  -0.0430  -0.2513
 -0.1405  -0.0058  -0.0172   0.2553  -0.0397  -0.2063
 -0.1652  -0.0237  -0.0536   0.2781  -0.0449  -0.1937
 -0.1132   0.0178  -0.0335   0.2718  -0.0289  -0.1720
 -0.1075   0.0131  -0.0278   0.2259  -0.0304  -0.1769
 -0.0950  -0.0019  -0.0159   0.2475  -0.0189  -0.1968
 -0.1234  -0.0034  -0.0650   0.1686  -0.0466  -0.2102
 -0.1111  -0.0303  -0.0681   0.1506  -0.0306  -0.2264
 -0.1263   0.0057  -0.0317   0.1380  -0.0464  -0.1941
 -0.0661   0.0321   0.0255   0.0829  -0.0157  -0.2080
 -0.0478   0.0248   0.0294   0.1189  -0.0120  -0.1980
 -0.0525  -0.0240   0.0020   0.0738  -0.0324  -0.1744
 -0.0293   0.0266   0.0038   0.0787  -0.0294  -0.1979
 -0.0284   0.0319   0.0154   0.0860  -0.0178  -0.2085
 -0.0997   0.0919  -0.0180   0.1718   0.0250  -0.1450
 -0.0426   0.0700  -0.0003   0.0883   0.0131  -0.1503
 -0.0227   0.0484  -0.0057   0.1011   0.0180  -0.1455
 -0.0183   0.0316   0.0112   0.1106   0.0222  -0.1321
 -0.0473   0.0322  -0.0100   0.1485   0.0277  -0.1424
 -0.0220   0.0392  -0.0082   0.1514   0.0032  -0.1377
 -0.0313   0.0386  -0.0103   0.1048   0.0094  -0.1350
 -0.0120   0.0152   0.0206   0.0703   0.0116  -0.1538
  0.0072   0.0289   0.0491   0.0357   0.0218  -0.1500
 -0.0069   0.0020   0.0347   0.0173   0.0124  -0.1372
 -0.0332   0.0229   0.0123   0.0483   0.0186  -0.1281
  0.0055   0.0047  -0.0009   0.0713   0.0343  -0.1280
  0.0446   0.0278  -0.0022  -0.0489   0.0337  -0.1237
  0.0748   0.0214   0.0281  -0.0646   0.0349  -0.1196
  0.0493   0.0360   0.0637  -0.0917   0.0375  -0.1047
  0.0463   0.0031   0.0736  -0.0453   0.0429  -0.1103
  0.0153   0.0844   0.0512   0.0169   0.0609  -0.0691
  0.0031   0.0462   0.0740   0.0607  -0.0028  -0.0616
  0.0142  -0.0765   0.0718  -0.1071   0.0271  -0.1221
  0.0622  -0.0499   0.0814  -0.0437   0.0209  -0.1042
  0.0609  -0.0529   0.0827  -0.0146   0.0302  -0.1015
  0.0274  -0.0844   0.0824  -0.0755   0.0065  -0.0907
  0.0658  -0.0474   0.0799  -0.0968   0.0339  -0.0990
  0.0602  -0.0384   0.0770  -0.0946   0.0239  -0.0826
  0.0476  -0.0573   0.0464  -0.0635   0.0057  -0.0879
  0.0567  -0.0789   0.0321  -0.1022  -0.0051  -0.0904
  0.0503  -0.0275   0.0262   0.0101  -0.0070  -0.0966
  0.0546  -0.0728  -0.0017  -0.0429  -0.0070  -0.0862
  0.0454  -0.0765   0.0400  -0.1001   0.0138  -0.1112
  0.0730  -0.0801   0.0438  -0.2033   0.0260  -0.1057
  0.0779   0.0017   0.0808  -0.1692   0.0491  -0.0757
 -0.0376   0.0641  -0.0061  -0.0337  -0.0084  -0.0577
 -0.0158   0.0406  -0.0039  -0.0899   0.0058  -0.0630
 -0.0125   0.0090  -0.0433  -0.0750  -0.0208  -0.0420
  0.0137  -0.0081  -0.0420  -0.0731  -0.0375  -0.0383
  0.0125  -0.0347  -0.0593  -0.0751  -0.0123  -0.0274
  0.0403  -0.0010  -0.0611  -0.0767   0.0124  -0.0332
  0.0366  -0.0183  -0.0664  -0.1208   0.0158  -0.0457
  0.0475  -0.0368  -0.0467  -0.1168   0.0201  -0.0290
  0.0600  -0.0162  -0.0437  -0.0811   0.0108   0.0033
  0.0294  -0.0215  -0.0325  -0.0546   0.0252   0.0122
  0.0341  -0.0137  -0.0319  -0.1182   0.0220  -0.0052
  0.0193  -0.1088  -0.0395  -0.2687   0.0232  -0.0290
  0.0246  -0.1092  -0.0184  -0.1964   0.0280  -0.0165
 -0.0031   0.0647  -0.0082  -0.0748  -0.0738   0.0047
  0.0254  -0.0134   0.0273  -0.0453   0.0275   0.0484
  0.0551   0.0310   0.0217   0.0201   0.0126   0.0732
  0.0300   0.0625   0.0147   0.0062   0.0363   0.0620
  0.0593   0.0539   0.0021  -0.0514   0.0365   0.0475
  0.0426   0.0611   0.0013  -0.1108   0.0382   0.0434
  0.0567   0.0583  -0.0077  -0.1432   0.0320   0.0343
  0.0752   0.0118  -0.0164  -0.1363   0.0372   0.0537
  0.0305   0.0728  -0.0365  -0.0144  -0.0135   0.0698
  0.0731   0.0233  -0.0417  -0.0647   0.0090   0.0775
  0.0804   0.0319  -0.0353  -0.0289   0.0153   0.0953
  0.0798   0.0349  -0.0230  -0.0610   0.0246   0.1068
  0.0220   0.0618  -0.0272  -0.0305   0.0133   0.1263
  0.0206   0.0640  -0.0432  -0.0571  -0.0224   0.0908
  0.0242   0.0637  -0.0637  -0.0587  -0.0167   0.1083
  0.0201   0.0724  -0.0447  -0.0750  -0.0016   0.1214
  0.0330   0.0534  -0.0371  -0.0378   0.0112   0.1418
  0.0430   0.0537  -0.0091  -0.0733   0.0119   0.1776
  0.0570   0.0895  -0.0223  -0.1208   0.0212   0.1757
  0.0831   0.0720  -0.0126  -0.1495   0.0158   0.1652
  0.0758   0.0795  -0.0167  -0.1785   0.0091   0.1758
  0.0184   0.0054  -0.0024  -0.0698  -0.0156   0.1722
  0.0807  -0.0179  -0.0282  -0.0419   0.0012   0.1758
  0.0762   0.0080   0.0097  -0.0774   0.0194   0.1810
  0.0736   0.0250   0.0266  -0.0813   0.0252   0.1742
  0.1018   0.1032   0.0055  -0.1368   0.0309   0.2069
  0.1389   0.0855  -0.0072  -0.1922   0.0288   0.2010
  0.1415   0.0712   0.0148  -0.2192   0.0363   0.2040
  0.0643   0.0406   0.0124  -0.1371  -0.0159   0.2111
  0.1140   0.1022   0.0355  -0.0308  -0.0079   0.2500
  0.0824   0.0515   0.0275  -0.0541  -0.0291   0.2736
  0.0841   0.0274   0.0323  -0.0624   0.0053   0.2815
  0.0344  -0.1460   0.0935  -0.3232  -0.0044   0.2151
 -0.0400  -0.0025  -0.0518  -0.1283  -0.0280   0.2446
 -0.0635   0.0034  -0.0601  -0.0338   0.0532   0.2437
 -0.0040   0.0150   0.0775   0.0053   0.0450   0.2778
  0.0526   0.0395   0.0392  -0.0810   0.0355   0.2823
  0.0955   0.0511   0.0545  -0.0709   0.0266   0.2849
  0.0994   0.0638   0.0059  -0.0434   0.0320   0.3067
  0.0666   0.0562   0.0193  -0.0602   0.0584   0.3219
  0.0204   0.0204   0.0162  -0.0140   0.0385   0.3587
  0.0474   0.0276   0.0419  -0.0381   0.0416   0.3622
  0.0729   0.0291   0.0155  -0.0659   0.0547   0.3780
  0.1024   0.0043   0.0055  -0.0861   0.0491   0.3767
  0.0895   0.0183   0.0461  -0.0449   0.0292   0.4077
  0.1056   0.0332   0.0568  -0.0719   0.0411   0.4000
  0.1243   0.0432   0.0580  -0.0692   0.0411   0.3909
  0.1226   0.0652   0.0842  -0.0095   0.0432   0.4039
  0.1204   0.0333   0.1050   0.0401   0.0355   0.3966
  0.1335   0.0705   0.1125   0.0144   0.0297   0.4526
  0.1653   0.0910   0.1172  -0.0768   0.0281   0.4534
