 -0.1854   0.2661  -0.2644  -0.1747  -0.2878  -0.0454
 -0.1860   0.2828  -0.2771  -0.2193  -0.2919  -0.0545
 -0.1754   0.3251  -0.3003  -0.2980  -0.2607  -0.0617
 -0.2063   0.2522  -0.3301  -0.1439  -0.3403  -0.0532
 -0.2246   0.1833  -0.3263   0.0252  -0.4698   0.0261
 -0.2394   0.1988  -0.3222   0.0327  -0.4851  -0.0305
 -0.2655   0.1961  -0.3469   0.0522  -0.4764  -0.0524
 -0.2665   0.1822  -0.3177   0.0784  -0.4792   0.0397
 -0.2584   0.3181  -0.3327  -0.0325  -0.4405  -0.1143
 -0.2446   0.2715  -0.3236   0.0047  -0.4400  -0.0132
 -0.2163   0.3542  -0.3078  -0.0857  -0.3849   0.0136
 -0.2230   0.3278  -0.3194  -0.0236  -0.3996  -0.0903
 -0.2259   0.2535  -0.2945   0.0831  -0.4190   0.0153
 -0.2448   0.2921  -0.3563   0.0718  -0.4509  -0.0958
 -0.2269   0.3358  -0.3497   0.0040  -0.4341  -0.0743
 -0.2344   0.2881  -0.3433   0.0907  -0.4431  -0.0400
 -0.2201   0.2794  -0.3251   0.0629  -0.4383  -0.0256
 -0.2233   0.3289  -0.3395  -0.0461  -0.3993  -0.1378
 -0.2406   0.2825  -0.3469   0.0592  -0.4285  -0.0746
 -0.2170   0.2944  -0.3263   0.0115  -0.3970  -0.0004
 -0.2290   0.2813  -0.3420   0.0647  -0.4074  -0.1029
 -0.2256   0.2446  -0.3086   0.1131  -0.4198  -0.0183
 -0.2322   0.2786  -0.3198   0.0595  -0.4075  -0.0907
 -0.2264   0.2296  -0.3079   0.0771  -0.3845  -0.0579
 -0.2146   0.2515  -0.2941   0.0540  -0.3669  -0.0720
 -0.2106   0.2489  -0.3070   0.0680  -0.3693  -0.1071
 -0.2204   0.1590  -0.2860   0.1358  -0.3967  -0.0014
 -0.2164   0.1902  -0.2908   0.1127  -0.3932  -0.0063
 -0.2164   0.2485  -0.2965   0.0261  -0.3836  -0.0885
 -0.2126   0.2730  -0.2954   0.0241  -0.3825  -0.0920
 -0.2224   0.2317  -0.2774   0.1038  -0.3885  -0.0272
 -0.1886   0.2565  -0.2800   0.0596  -0.3485  -0.0833
 -0.1883   0.2587  -0.2619   0.0399  -0.3345  -0.0756
 -0.2148   0.1818  -0.2777   0.1505  -0.3747  -0.0264
 -0.1972   0.1699  -0.2596   0.1151  -0.3591   0.0381
 -0.1786   0.2364  -0.2652   0.0235  -0.3180  -0.0769
 -0.1722   0.2343  -0.2732   0.0681  -0.3132  -0.0564
 -0.1631   0.1801  -0.2274   0.1311  -0.3111  -0.0275
 -0.1370   0.2364  -0.2108   0.0086  -0.2572  -0.0609
 -0.1228   0.3142  -0.2050  -0.2358  -0.1742  -0.1063
 -0.1119   0.2254  -0.1763  -0.1294  -0.1779  -0.0299
 -0.0842   0.2008  -0.1455  -0.0443  -0.1759   0.0148
 -0.0998   0.2924  -0.2003  -0.1311  -0.1536  -0.0980
 -0.1158   0.2388  -0.1899  -0.0148  -0.1900  -0.0740
 -0.0912   0.2658  -0.1642  -0.0512  -0.1683  -0.0529
 -0.1064   0.1857  -0.1841   0.0552  -0.2006  -0.0168
 -0.1010   0.1754  -0.1470   0.0508  -0.2028   0.0080
 -0.0903   0.2352  -0.1683  -0.0429  -0.1602  -0.0778
 -0.0943   0.2485  -0.1639  -0.0266  -0.1612  -0.0702
 -0.1066   0.1618  -0.1458   0.0667  -0.1945  -0.0331
 -0.1051   0.2165  -0.1462   0.0051  -0.1923  -0.0472
 -0.1027   0.1961  -0.1731   0.0242  -0.1994  -0.0546
 -0.1118   0.1325  -0.1429   0.1153  -0.2261   0.0687
 -0.1025   0.1787  -0.1576   0.0045  -0.1976  -0.0538
 -0.1211   0.2076  -0.1740  -0.0214  -0.2113  -0.0419
 -0.1030   0.1291  -0.1370   0.0650  -0.1949   0.0176
 -0.1090   0.1210  -0.1591   0.0931  -0.2025  -0.0521
 -0.0977   0.1101  -0.1330   0.0932  -0.2020   0.0173
 -0.0848   0.1504  -0.1307   0.0086  -0.1745  -0.0537
 -0.0860   0.1378  -0.1411   0.0553  -0.1679  -0.0209
 -0.0414   0.2757  -0.1557  -0.0138  -0.1652  -0.0483
 -0.0347   0.2817  -0.1189  -0.1373  -0.0578  -0.0630
 -0.0314   0.2451  -0.1307  -0.0666  -0.0599  -0.0750
 -0.0477   0.2036  -0.1002   0.0345  -0.0888  -0.0558
 -0.0430   0.2416  -0.1045  -0.0138  -0.0844  -0.0676
 -0.0614   0.1968  -0.1247   0.0737  -0.1264  -0.0254
 -0.0475   0.1880  -0.0885   0.0315  -0.1026  -0.0324
 -0.0208   0.2283  -0.0980  -0.0598  -0.0470  -0.0672
 -0.0755   0.1774  -0.1157   0.1084  -0.1317  -0.0097
 -0.0337   0.2177  -0.0973  -0.0377  -0.0538  -0.0815
 -0.0291   0.2018  -0.1104  -0.0316  -0.0531  -0.1075
 -0.0541   0.1275  -0.0963   0.0875  -0.1038   0.0353
 -0.0358   0.1743  -0.0852   0.0082  -0.0758  -0.0771
 -0.0299   0.2083  -0.1017  -0.0392  -0.0542  -0.0858
 -0.0389   0.1638  -0.0992   0.0267  -0.0758   0.0255
 -0.0356   0.1623  -0.0825   0.0381  -0.0796  -0.0552
 -0.0299   0.1839  -0.1002   0.0064  -0.0670  -0.0738
 -0.0464   0.1189  -0.0920   0.0877  -0.0953   0.0153
 -0.0445   0.1535  -0.0855   0.0440  -0.0900  -0.0804
 -0.0249   0.2075  -0.0884  -0.0211  -0.0470  -0.1182
 -0.0550   0.1218  -0.0711   0.1065  -0.0916   0.0009
 -0.0455   0.1467  -0.0933   0.0124  -0.0750  -0.0752
 -0.0480   0.1157  -0.0929   0.0819  -0.0770   0.0074
 -0.0261   0.1673  -0.0706   0.0152  -0.0505  -0.0001
 -0.0451   0.1319  -0.0798   0.0902  -0.0880  -0.0435
 -0.0302   0.2044  -0.0597  -0.0135  -0.0497  -0.0667
 -0.0477   0.1061  -0.0763   0.1225  -0.0838   0.0027
 -0.0315   0.1320  -0.0548   0.0265  -0.0565  -0.0091
 -0.0232   0.1036  -0.0616   0.0262  -0.0515  -0.0263
 -0.0492   0.1127  -0.0308   0.0957  -0.0981  -0.0513
 -0.0429   0.0273  -0.0117   0.0576  -0.0924  -0.0803
 -0.0366   0.0743  -0.0448   0.0558  -0.0770  -0.0084
 -0.0455   0.0873  -0.0163   0.0453  -0.0801  -0.0542
 -0.0583   0.0288  -0.0177   0.1419  -0.0912  -0.0211
 -0.0357   0.0837  -0.0146   0.0490  -0.0611  -0.0359
 -0.0384   0.0301  -0.0063   0.1111  -0.0709  -0.0150
 -0.0246   0.0469  -0.0176   0.0870  -0.0425  -0.0379
 -0.0247   0.0874   0.0122   0.0566  -0.0350  -0.0215
 -0.0399   0.0300  -0.0081   0.1486  -0.0633  -0.0788
 -0.0360   0.0803  -0.0101   0.0777  -0.0784  -0.0543
 -0.0250   0.0585   0.0160   0.1012  -0.0510  -0.0076
  0.0076   0.1307   0.0156   0.0058   0.0074  -0.0600
 -0.0284   0.0353  -0.0085   0.1343  -0.0451  -0.0133
 -0.0272   0.0381   0.0069   0.1430  -0.0604  -0.0099
 -0.0311   0.0562   0.0020   0.1128  -0.0543  -0.0564
 -0.0378   0.0209   0.0125   0.1918  -0.0738  -0.0706
 -0.0224   0.0440   0.0167   0.1199  -0.0592  -0.0459
 -0.0186   0.0443   0.0085   0.0997  -0.0366  -0.1085
 -0.0391  -0.0180   0.0248   0.2160  -0.0810   0.0094
 -0.0362  -0.0185   0.0270   0.1738  -0.0755   0.0184
 -0.0135   0.0273   0.0040   0.0765  -0.0391  -0.0554
 -0.0387  -0.0417  -0.0102   0.2021  -0.0799   0.0232
 -0.0214  -0.0208   0.0190   0.1316  -0.0595   0.0314
 -0.0085  -0.0022  -0.0001   0.0577  -0.0282  -0.0493
 -0.0323  -0.0393  -0.0116   0.1930  -0.0634   0.0026
 -0.0338  -0.0505   0.0017   0.1960  -0.0684   0.0481
 -0.0122   0.0035  -0.0029   0.0955  -0.0373  -0.0201
 -0.0300  -0.0710  -0.0047   0.1922  -0.0754   0.0120
 -0.0077  -0.0552   0.0270   0.1384  -0.0321   0.0774
 -0.0145   0.0179  -0.0006   0.1119  -0.0340  -0.0979
 -0.0233  -0.0244  -0.0061   0.1432  -0.0565   0.0196
 -0.0112   0.0213  -0.0110   0.0729  -0.0303   0.0555
 -0.0063   0.0288   0.0015   0.0541  -0.0315  -0.0563
 -0.0161  -0.0357  -0.0130   0.1370  -0.0515   0.0347
 -0.0265  -0.0628  -0.0002   0.1667  -0.0576   0.0149
 -0.0150  -0.0103   0.0031   0.1207  -0.0531  -0.0129
 -0.0082  -0.0270   0.0065   0.1483  -0.0468   0.0443
 -0.0209  -0.0886   0.0164   0.1913  -0.0596   0.0468
  0.0029  -0.0316   0.0069   0.1050  -0.0410   0.0745
  0.0128  -0.0023   0.0179   0.0297  -0.0029  -0.0592
  0.0045  -0.0667   0.0126   0.1830  -0.0315   0.0681
  0.0351  -0.0906   0.0254   0.1628  -0.0148   0.0853
  0.0375  -0.0345   0.0267   0.0659  -0.0016   0.0166
  0.0502   0.0168   0.0186   0.0250   0.0340  -0.0600
  0.0152  -0.0797   0.0288   0.1718  -0.0096   0.0342
  0.0168  -0.0827   0.0282   0.1493  -0.0110   0.0473
  0.0394  -0.0507   0.0298   0.0918   0.0053  -0.0115
  0.0414  -0.0257   0.0355   0.0683   0.0267  -0.0420
  0.0313  -0.1204   0.0409   0.1809   0.0092   0.0765
  0.0535  -0.0570   0.0479   0.1148   0.0396  -0.0032
  0.0437  -0.0608   0.0408   0.1391   0.0268   0.0254
  0.0327  -0.0905   0.0537   0.1800   0.0200   0.0824
  0.0628  -0.0393   0.0435   0.0889   0.0814   0.0093
  0.0446  -0.0887   0.0354   0.1385   0.0497   0.0672
  0.0679  -0.0421   0.0393   0.0535   0.0776  -0.0112
  0.0286  -0.0190   0.0255   0.0773   0.0348   0.0049
  0.0572  -0.0587   0.0460   0.0470   0.0692   0.0271
  0.0707  -0.0127   0.0374  -0.0065   0.0889  -0.0377
  0.0725  -0.0320   0.0334   0.0246   0.0823   0.0452
  0.0461  -0.1072   0.0521   0.1411   0.0340   0.0255
  0.0473  -0.0945   0.0563   0.1175   0.0397   0.0128
  0.0752  -0.0184   0.0515  -0.0140   0.0819  -0.0160
  0.0628  -0.0339   0.0338   0.0644   0.0750  -0.0218
  0.0540  -0.0824   0.0591   0.1175   0.0527  -0.0049
  0.0755  -0.0632   0.0732   0.0589   0.0513   0.0268
  0.0634  -0.0644   0.0665   0.0907   0.0454   0.0157
  0.0691  -0.0623   0.0466   0.0727   0.0599   0.0250
  0.0719  -0.0600   0.0697   0.0318   0.0658   0.0264
  0.0574  -0.0947   0.0326   0.1013   0.0497  -0.0180
  0.0785  -0.0707   0.0749   0.0155   0.0810   0.0276
  0.0674  -0.1020   0.0516   0.0968   0.0570   0.0022
  0.0886  -0.0724   0.0622  -0.0110   0.1082   0.0387
  0.0711  -0.1517   0.0574   0.1211   0.0566   0.0354
  0.0750  -0.1082   0.0818   0.0463   0.0756   0.0355
  0.1147  -0.0393   0.0764  -0.1608   0.1489  -0.0153
  0.0896  -0.1477   0.0868   0.0526   0.1133   0.0605
  0.0970  -0.1276   0.1087  -0.0340   0.1262   0.1012
  0.1070  -0.0621   0.1124  -0.1213   0.1734  -0.0270
  0.0889  -0.1200   0.1226  -0.0178   0.1443   0.0020
  0.0931  -0.1060   0.1252  -0.0414   0.1582   0.0349
  0.0981  -0.1061   0.1479  -0.0888   0.1818   0.0064
  0.1045  -0.1277   0.1143  -0.0566   0.1917   0.0251
  0.1442  -0.0639   0.1525  -0.2065   0.2724   0.0465
  0.0923  -0.1364   0.1311  -0.0587   0.1920   0.0131
  0.1205  -0.0588   0.1272  -0.1981   0.2286   0.0259
  0.0909  -0.1502   0.1219  -0.0881   0.1729   0.0401
  0.1228  -0.0882   0.1442  -0.2058   0.2387   0.0051
  0.1053  -0.1271   0.1450  -0.1213   0.1938  -0.0279
  0.1044  -0.1016   0.1658  -0.0987   0.1983   0.0897
  0.1081  -0.1268   0.1608  -0.0972   0.1974   0.0544
  0.1247  -0.1151   0.1518  -0.1161   0.2069   0.0801
  0.1251  -0.0889   0.1538  -0.1126   0.2194  -0.0092
  0.1348  -0.1114   0.1672  -0.1456   0.2285   0.0381
  0.1368  -0.1493   0.1335  -0.1243   0.2367   0.0400
  0.1474  -0.1386   0.1739  -0.1519   0.2425  -0.0179
  0.1537  -0.1247   0.1643  -0.1910   0.2733  -0.0251
  0.1338  -0.2171   0.1687  -0.1085   0.2441   0.0723
  0.1593  -0.1834   0.1552  -0.2419   0.3108   0.1118
  0.1125  -0.2732   0.1549  -0.0312   0.2252   0.1246
  0.1333  -0.1752   0.1690  -0.1549   0.2447   0.0948
  0.1518  -0.1310   0.1546  -0.2549   0.2998  -0.0030
  0.1313  -0.2151   0.1532  -0.1249   0.2682   0.1049
  0.1370  -0.1704   0.1557  -0.1705   0.2725   0.0099
  0.1179  -0.2341   0.1600  -0.0484   0.2348   0.0317
  0.1436  -0.1837   0.1618  -0.1703   0.2798   0.0934
  0.1239  -0.2446   0.1515  -0.0631   0.2609   0.0468
  0.1498  -0.1911   0.1685  -0.1518   0.2870   0.0443
  0.1362  -0.2385   0.1540  -0.0758   0.2738   0.0227
  0.1393  -0.1941   0.1575  -0.1381   0.2891   0.0276
  0.1200  -0.2273   0.1650  -0.0882   0.2745   0.0835
  0.1533  -0.1970   0.1468  -0.1601   0.3157   0.0153
  0.1443  -0.2230   0.1664  -0.1401   0.3079   0.0267
  0.1375  -0.2177   0.1902  -0.0899   0.3131   0.0437
  0.1372  -0.1324   0.2376  -0.2139   0.3146   0.0672
  0.1187  -0.2424   0.2178  -0.0981   0.2798   0.0733
  0.1236  -0.1908   0.2259  -0.1443   0.2779   0.0457
  0.1072  -0.2537   0.2288  -0.0616   0.2501   0.0651
  0.1233  -0.2082   0.2328  -0.1682   0.2672   0.0404
  0.1196  -0.2284   0.2196  -0.1033   0.2658   0.0250
  0.1102  -0.2436   0.2313  -0.0827   0.2621   0.0928
  0.1244  -0.1924   0.2287  -0.1595   0.2756   0.0020
  0.1089  -0.2629   0.2345  -0.0470   0.2543   0.1168
  0.1132  -0.2089   0.2264  -0.1171   0.2566   0.0183
  0.1020  -0.2740   0.2227  -0.0385   0.2371   0.0867
  0.1159  -0.2155   0.2193  -0.0856   0.2454   0.0363
  0.1295  -0.2112   0.2079  -0.1107   0.2739  -0.0220
  0.1047  -0.2720   0.2212  -0.0286   0.2507   0.1040
  0.1138  -0.2439   0.2233  -0.0713   0.2592   0.0458
  0.1324  -0.2139   0.2073  -0.0954   0.2854   0.0152
  0.1126  -0.2580   0.2211  -0.0448   0.2556   0.0833
  0.1303  -0.1993   0.2255  -0.1200   0.2882   0.0045
  0.1155  -0.2668   0.2052  -0.0399   0.2613   0.1082
  0.1073  -0.2666   0.2168  -0.0381   0.2549   0.0469
  0.1268  -0.2182   0.2115  -0.1348   0.2764   0.0121
  0.1309  -0.2463   0.2078  -0.0850   0.2684   0.0469
  0.1034  -0.3686   0.2548   0.0226   0.2259   0.1913
  0.1129  -0.3425   0.2362  -0.0191   0.2297   0.0723
  0.1202  -0.2184   0.2001  -0.1744   0.2710   0.0300
  0.1333  -0.2146   0.1979  -0.1804   0.2833  -0.0670
  0.1268  -0.2774   0.1968  -0.1291   0.2799   0.0671
  0.1436  -0.2168   0.2256  -0.2000   0.3020   0.0988
  0.1261  -0.2628   0.2035  -0.0926   0.2807   0.0272
  0.1297  -0.2231   0.2370  -0.1553   0.3095   0.1217
  0.1394  -0.2337   0.2128  -0.1427   0.3139   0.0108
  0.1182  -0.2811   0.2268  -0.0845   0.2846   0.0437
  0.1291  -0.2356   0.2241  -0.1518   0.2902   0.0243
  0.1353  -0.2354   0.2230  -0.1270   0.2902   0.0441
  0.1322  -0.2510   0.2251  -0.1276   0.2797   0.0438
  0.1389  -0.2498   0.2213  -0.1116   0.2800   0.0086
  0.1254  -0.2991   0.2428  -0.0687   0.2618   0.0868
  0.1353  -0.2564   0.2417  -0.1726   0.2758   0.0648
  0.1112  -0.3142   0.2456  -0.0527   0.2494   0.0325
  0.1387  -0.2338   0.2382  -0.1457   0.2960   0.0660
  0.1087  -0.3198   0.2371  -0.0132   0.2505   0.0764
  0.1259  -0.2674   0.2390  -0.1365   0.2771   0.0285
  0.1263  -0.3094   0.2242  -0.0724   0.2684   0.1145
  0.1339  -0.2908   0.2341  -0.1136   0.2789   0.0591
  0.1304  -0.2792   0.2230  -0.1153   0.2763   0.0819
  0.1253  -0.2796   0.2453  -0.0995   0.2760   0.0654
  0.1384  -0.2463   0.2196  -0.1462   0.2987  -0.0074
