 -0.2256   0.5061  -0.4540  -0.5705  -0.2933  -0.1384
 -0.2388   0.4869  -0.4528  -0.5501  -0.3016  -0.1545
 -0.2410   0.5069  -0.3391  -0.4305  -0.2368  -0.1453
 -0.2854   1.0156  -0.5645  -0.0694   0.2095  -0.1979
 -0.2186   0.4266  -0.4540   0.2178   0.0875  -0.0689
 -0.0907   0.0737  -0.1971   0.0167  -0.0220   0.0840
 -0.1076   0.2565  -0.1682  -0.0673  -0.0085  -0.0076
 -0.1098   0.2727  -0.1797  -0.0632  -0.0015  -0.0352
 -0.1028   0.2838  -0.1793  -0.0347   0.0091  -0.0377
 -0.0951   0.2755  -0.1853  -0.0302   0.0032  -0.0224
 -0.1021   0.2726  -0.1891  -0.0380   0.0038  -0.0201
 -0.0996   0.2308  -0.1981  -0.0185  -0.0010  -0.0282
 -0.0944   0.2861  -0.1991  -0.1305  -0.0371  -0.0496
 -0.2491   0.3183  -0.3501  -0.1303  -0.0822  -0.0612
 -0.1887  -0.1661  -0.1938  -0.1640  -0.0353   0.2080
  0.2013  -1.2089  -0.1832   0.0561   0.0728   0.1646
  0.0069  -0.2872  -0.1597  -0.1473  -0.0014   0.0295
  0.0369  -0.3329  -0.1065  -0.1495   0.0167   0.0564
  0.0443  -0.3181  -0.0849  -0.0965   0.0168   0.0669
  0.0512  -0.2999  -0.0809  -0.0862   0.0052   0.0670
  0.0763  -0.2727  -0.0917  -0.0984   0.0098   0.0603
  0.0770  -0.2180  -0.0415  -0.1347   0.0355   0.0608
  0.0771  -0.2563  -0.0465  -0.1217   0.0451   0.0622
  0.0766  -0.2573  -0.0939  -0.1229   0.0362   0.0556
  0.0540  -0.2503  -0.0634  -0.1573   0.0343   0.0687
  0.0633  -0.3606  -0.0543  -0.1561   0.0349   0.0934
 -0.0252  -0.3500  -0.0267  -0.0392  -0.0032   0.1225
 -0.0443  -0.3105  -0.0013  -0.1312  -0.0501   0.1008
 -0.0092  -0.2444  -0.0271  -0.1975  -0.0200   0.0775
 -0.0023  -0.3054  -0.0158  -0.0478   0.0101   0.0767
  0.0043  -0.2127  -0.0306  -0.1188   0.0078   0.1100
  0.0033  -0.2014  -0.0512  -0.1862  -0.0118   0.0630
  0.0376  -0.2083  -0.0299  -0.2003   0.0222   0.0649
  0.0347  -0.1887  -0.0153  -0.1034   0.0462   0.0574
  0.0211  -0.1315  -0.0422  -0.0178   0.0370   0.0547
  0.0116  -0.0966  -0.0371  -0.1322   0.0267   0.0577
  0.0246  -0.0898  -0.1036  -0.1031   0.0159   0.0414
  0.0418  -0.1092  -0.0696  -0.0941   0.0385   0.0626
  0.0370  -0.1182  -0.0678  -0.1206   0.0358   0.0647
  0.0292  -0.1153  -0.0687  -0.1359   0.0222   0.0642
  0.0267  -0.0996  -0.0669  -0.1594   0.0229   0.0618
  0.0222  -0.0827  -0.0639  -0.1611   0.0120   0.0534
  0.0231  -0.0764  -0.0430  -0.1158   0.0068   0.0544
  0.0364  -0.0902  -0.0511  -0.1457   0.0411   0.0542
  0.0150  -0.0695  -0.0564  -0.1539   0.0738   0.0427
  0.0227  -0.1122  -0.0713  -0.0282   0.0950   0.0259
  0.0380  -0.1062  -0.0732  -0.1131   0.0736   0.0414
  0.0466  -0.1148  -0.0778  -0.2025   0.0564   0.0337
  0.0364  -0.0909  -0.0593  -0.1478   0.0536   0.0430
  0.0319  -0.0762  -0.0540  -0.1595   0.0520   0.0291
  0.0897  -0.0332  -0.0535  -0.2015   0.0598   0.0045
  0.0453  -0.0616  -0.0532  -0.2237   0.0395   0.0068
  0.0424  -0.0570  -0.0281  -0.2371   0.0302   0.0133
  0.0308  -0.0697  -0.0317  -0.1433   0.0482   0.0279
  0.0391  -0.0366  -0.0070  -0.0578   0.0521   0.0410
  0.0450  -0.0582  -0.0156  -0.0961   0.0554   0.0475
  0.0548  -0.0744  -0.0014  -0.1189   0.0508   0.0494
  0.0539  -0.0524   0.0044  -0.1520   0.0419   0.0368
  0.0564  -0.0462   0.0047  -0.1235   0.0371   0.0308
  0.0331  -0.0878   0.0134   0.0291   0.0339   0.0375
  0.0490  -0.0722   0.0043  -0.0609   0.0437   0.0637
  0.0559  -0.0757   0.0090  -0.0853   0.0307   0.0524
  0.0559  -0.0720   0.0067  -0.0896   0.0415   0.0435
  0.0530  -0.0702   0.0081  -0.1344   0.0304   0.0318
  0.0528  -0.1032   0.0068   0.0175   0.0553   0.0056
  0.0618  -0.0894   0.0105   0.0553   0.0577   0.0248
  0.0629  -0.0919   0.0224   0.0326   0.0734   0.0404
  0.0542  -0.0819   0.0372   0.0418   0.0487   0.0502
 -0.1012   0.6418   0.2518  -0.2978  -0.0289  -0.2212
 -0.0730   0.2116   0.1828  -0.1364  -0.0028  -0.0135
  0.0921  -0.9689   0.1259   0.6676  -0.0170   0.4624
 -0.0353  -0.0726  -0.0049   0.0830  -0.1134   0.0721
  0.0886  -0.1026  -0.0562   0.6050   0.1279  -0.0018
 -0.0068  -0.0789  -0.1942   0.3341   0.0394   0.1397
 -0.1256   0.1975  -0.0103   0.0029  -0.0978   0.0826
 -0.0419   0.0570  -0.0184   0.1573  -0.0393   0.0059
 -0.0200   0.0359   0.0199   0.2019  -0.0112  -0.0018
  0.0094  -0.0104   0.0420   0.2766   0.0278   0.0024
  0.0133   0.0059   0.0608   0.3039   0.0444   0.0004
  0.0107   0.0200   0.0388   0.2851   0.0352   0.0022
  0.0160   0.0013   0.0426   0.2991   0.0347   0.0056
  0.0268   0.0011   0.0425   0.2916   0.0311  -0.0027
  0.0586  -0.0026   0.0620   0.3156   0.0917  -0.0022
  0.0497   0.0094   0.0538   0.2906   0.0871  -0.0170
  0.0322  -0.0138   0.0487   0.2490   0.0739  -0.0038
 -0.0000  -0.1155   0.0207  -0.1386   0.0218  -0.0370
  0.0264  -0.1116   0.0441   0.0782   0.0434   0.0259
  0.0315  -0.0537   0.0317   0.0724   0.0483   0.0459
  0.0185  -0.0477   0.0318   0.0409   0.0336   0.0351
  0.0234  -0.0191   0.0395  -0.0092   0.0339   0.0180
  0.0135   0.0043   0.0535  -0.0013   0.0237   0.0144
  0.0253  -0.0023   0.0533  -0.0135   0.0164   0.0177
  0.0330   0.0815   0.0517  -0.0790   0.0021   0.0047
  0.0313   0.0917   0.0643  -0.0422   0.0065  -0.0040
  0.0245   0.0761   0.0686  -0.0284   0.0049   0.0000
  0.0396   0.0798   0.0745  -0.0190   0.0162  -0.0305
  0.0354   0.0605   0.0750  -0.1150  -0.0396  -0.0125
 -0.1720   1.1404   0.0340  -0.2163   0.0786  -0.5206
 -0.1278  -0.4762  -0.0030   0.1577  -0.0668   0.3894
 -0.0321  -0.5257   0.0694   0.5902  -0.0485   0.1188
 -0.0065  -0.0047   0.1309   0.1228  -0.0482   0.0405
  0.0044   0.0243   0.1305   0.1570  -0.0240  -0.0490
  0.0171   0.0268   0.1152   0.1894  -0.0014  -0.0511
  0.0155   0.0316   0.1127   0.2115  -0.0010  -0.0393
  0.0237   0.0318   0.1187   0.2159   0.0048  -0.0261
  0.0221   0.0537   0.1247   0.2279  -0.0031  -0.0323
  0.0197   0.0562   0.1206   0.2132  -0.0179  -0.0355
  0.0115   0.0783   0.1295   0.1815  -0.0076  -0.0343
  0.0071   0.0518   0.1207   0.2060  -0.0048  -0.0293
 -0.0049   0.0620   0.1227   0.1575   0.0015  -0.0325
 -0.0367   0.0381   0.1193   0.0493  -0.0494  -0.0453
 -0.0575  -0.0143   0.1272   0.1675  -0.0149  -0.0226
  0.0220   0.0340   0.1245   0.0723  -0.0354  -0.0075
  0.0713   0.0602   0.1362   0.1050   0.0054  -0.0361
  0.0526   0.0755   0.0989   0.0834  -0.0204  -0.0480
  0.0490   0.0694   0.1068   0.0836  -0.0150  -0.0430
  0.0521   0.0760   0.1200   0.1022   0.0029  -0.0608
  0.0459   0.0821   0.0973   0.0660  -0.0269  -0.0456
  0.0081  -0.1298   0.0982   0.2054  -0.0215   0.0024
  0.0207  -0.1581   0.0793   0.1239  -0.0332   0.0414
  0.0261  -0.1418   0.0905   0.2036  -0.0003  -0.0103
  0.0424  -0.0681   0.1030   0.0970  -0.0063  -0.0115
  0.0360  -0.0445   0.1015   0.1078  -0.0053  -0.0301
  0.0258  -0.0011   0.1040   0.1136  -0.0239  -0.0208
  0.0124  -0.0157   0.1246   0.3016   0.0064  -0.0294
  0.0179  -0.0102   0.1259   0.1531  -0.0274  -0.0105
  0.0198   0.0015   0.0899   0.1241  -0.0328  -0.0411
  0.0207   0.0097   0.1020   0.0649  -0.0509  -0.0292
  0.0119  -0.0852   0.1034   0.1553  -0.0154  -0.0024
  0.0212   0.0167   0.0932   0.0180  -0.0182  -0.0000
  0.0228   0.0083   0.1127   0.0202  -0.0339  -0.0040
  0.0046  -0.1264   0.0886   0.1510   0.0000   0.0074
  0.0175  -0.0930   0.1266   0.1684  -0.0057   0.0406
  0.0187  -0.0996   0.1344   0.1873  -0.0405   0.0172
  0.0050  -0.0577   0.1625   0.1683  -0.0754  -0.0047
  0.0085  -0.0362   0.1509   0.1236  -0.0533  -0.0183
 -0.0805   0.1579   0.1497  -0.1141  -0.1120  -0.0375
 -0.0758   0.2224   0.1515  -0.2160  -0.0898  -0.0222
 -0.0357   0.5815  -0.0151  -0.1709   0.0731  -0.3448
 -0.0533   0.2510  -0.0715   0.0060  -0.1013  -0.0976
 -0.0386   0.2697  -0.0373  -0.1099  -0.0710  -0.1268
 -0.0394   0.2475  -0.0124  -0.1297  -0.0582  -0.1352
 -0.0238   0.2599  -0.0515  -0.0947  -0.0511  -0.1570
 -0.0259   0.2223  -0.0047  -0.0422  -0.0578  -0.1476
 -0.0204   0.2328   0.0275  -0.0160  -0.0627  -0.1332
 -0.0216   0.2422   0.0232  -0.0209  -0.0554  -0.1262
 -0.0247   0.2493   0.0188  -0.0408  -0.0598  -0.1247
 -0.0248   0.2474   0.0036  -0.0605  -0.0632  -0.1339
 -0.0213   0.2341   0.0257  -0.0610  -0.0591  -0.1230
 -0.0291   0.2481   0.0361  -0.0967  -0.0578  -0.1244
 -0.0745   0.2274   0.0453  -0.1057  -0.0517  -0.1225
 -0.0413   0.1974   0.0606  -0.0755  -0.0471  -0.0728
