 -0.4661  -0.0764  -0.0718   0.0216  -0.3064   0.2177
 -0.4374  -0.0369  -0.0687  -0.0310  -0.2732   0.1273
 -0.4290  -0.0731  -0.0458   0.0363  -0.2688   0.2227
 -0.3968  -0.0408  -0.0604  -0.1543  -0.2419   0.2241
 -0.3817  -0.0739  -0.0440   0.0339  -0.2789   0.1102
 -0.3729  -0.0413  -0.0539  -0.0608  -0.3055   0.1770
 -0.3698  -0.0646  -0.0271  -0.0661  -0.3133   0.1261
 -0.3850  -0.0532  -0.0521  -0.2887  -0.2487   0.2077
 -0.3939  -0.0451  -0.0636   0.0001  -0.2903   0.0550
 -0.3851  -0.0359  -0.0715  -0.0307  -0.2695   0.1618
 -0.3824  -0.0127  -0.0619  -0.0490  -0.2835   0.1216
 -0.3741  -0.0888  -0.0487   0.0349  -0.2860   0.0780
 -0.3814  -0.0233  -0.0512  -0.1384  -0.2850   0.1768
 -0.3892  -0.0677  -0.0513   0.0242  -0.3059   0.0642
 -0.3906  -0.0458  -0.0460  -0.0770  -0.3181   0.1526
 -0.3787  -0.0510  -0.0500  -0.0016  -0.3210   0.0767
 -0.3873  -0.0099  -0.0550  -0.0870  -0.3278   0.1339
 -0.3729   0.0028  -0.0363  -0.0126  -0.3219   0.0675
 -0.3746  -0.0266  -0.0363  -0.0469  -0.3187   0.1295
 -0.3734  -0.0394  -0.0390   0.0148  -0.3265   0.0608
 -0.3648  -0.0496  -0.0544   0.0054  -0.3333   0.1000
 -0.3644  -0.0281  -0.0436  -0.0709  -0.3240   0.0935
 -0.3604  -0.0436  -0.0426  -0.0273  -0.3294   0.0862
 -0.3539   0.0288  -0.0336  -0.0873  -0.3174   0.1176
 -0.3449  -0.0300  -0.0345   0.0381  -0.2957   0.0400
 -0.3535   0.0245  -0.0528  -0.2116  -0.2889   0.1464
 -0.3386  -0.0297  -0.0442   0.0357  -0.3069   0.0016
 -0.3576  -0.0033  -0.0484  -0.0885  -0.3346   0.1176
 -0.3588  -0.0214  -0.0432   0.0066  -0.3473   0.0361
 -0.3585   0.0046  -0.0416  -0.0422  -0.3660   0.0964
 -0.3510   0.0174  -0.0472   0.0251  -0.3479   0.0321
 -0.3516   0.0401  -0.0669   0.0113  -0.3445   0.0574
 -0.3881   0.0171  -0.0593  -0.0851  -0.3449   0.1019
 -0.3611  -0.0099  -0.1035  -0.0887  -0.3233   0.0270
 -0.3626  -0.0635  -0.0823   0.0694  -0.3309  -0.0167
 -0.3545   0.0103  -0.0730  -0.0959  -0.3294   0.0562
 -0.3481  -0.0421  -0.0752   0.0588  -0.3267  -0.0213
 -0.3369  -0.0099  -0.0601  -0.0799  -0.3227   0.0644
 -0.3361  -0.0283  -0.0534   0.0550  -0.3227  -0.0295
 -0.3257   0.0350  -0.0572  -0.0472  -0.3134   0.0649
 -0.3327  -0.0193  -0.0589   0.0700  -0.3106  -0.0339
 -0.3252  -0.0219  -0.0632   0.0274  -0.3144   0.0369
 -0.3220  -0.0254  -0.0432   0.0167  -0.3225   0.0379
 -0.3234  -0.0290  -0.0678   0.1299  -0.3080  -0.0236
 -0.3259   0.0521  -0.0696  -0.0479  -0.2980   0.0906
 -0.3161  -0.0005  -0.0673   0.0743  -0.2925  -0.0429
 -0.3080   0.0060  -0.0593  -0.0555  -0.2780   0.0625
 -0.2855  -0.0443  -0.0479   0.1396  -0.2789  -0.0450
 -0.2811  -0.0218  -0.0350   0.0020  -0.2758   0.0656
 -0.2750  -0.0111  -0.0493   0.1491  -0.2664  -0.0294
 -0.2533   0.0284  -0.0471   0.0011  -0.2659   0.0754
 -0.2365   0.0092  -0.0255   0.1349  -0.2532  -0.0387
 -0.2316  -0.0020  -0.0207   0.0450  -0.2532   0.0613
 -0.2143  -0.0307  -0.0099   0.1383  -0.2315  -0.0141
 -0.2063  -0.0213  -0.0170   0.1161  -0.2123   0.0201
 -0.1925   0.0360  -0.0019   0.0944  -0.1747   0.0127
 -0.1727   0.0098  -0.0068   0.0745  -0.1713   0.0476
 -0.1587  -0.0091   0.0023   0.1070  -0.1565  -0.0011
 -0.1518  -0.0269   0.0039   0.0831  -0.1554   0.0622
 -0.1207  -0.0252   0.0282   0.1099  -0.1248  -0.0124
 -0.1192   0.0069   0.0208   0.0805  -0.1254   0.0656
 -0.1236  -0.0142   0.0226   0.1433  -0.1156   0.0005
 -0.1193  -0.0210   0.0218   0.0557  -0.1056   0.0959
 -0.1184  -0.0389   0.0189   0.1954  -0.1134  -0.0048
 -0.1030  -0.0676   0.0258   0.3029  -0.0948   0.0104
 -0.0959   0.0207   0.0029   0.2055  -0.0818   0.0486
 -0.0917  -0.0115   0.0071   0.3318  -0.0791  -0.0141
 -0.0848   0.0003   0.0205   0.2619  -0.0647   0.0536
 -0.0749  -0.0299   0.0171   0.3400  -0.0672   0.0049
 -0.0713   0.0031   0.0393   0.2864  -0.0691   0.0228
 -0.0674  -0.0147   0.0174   0.2233  -0.0775   0.0485
 -0.0606   0.0015   0.0144   0.2637  -0.0467  -0.0191
 -0.0657   0.0044   0.0153   0.1040  -0.0351   0.0997
 -0.0536  -0.0174   0.0153   0.2370  -0.0171  -0.0180
 -0.0702   0.0374   0.0195   0.1322  -0.0667   0.1053
 -0.0726   0.0069   0.0117   0.2070  -0.0551  -0.0050
 -0.0777   0.0126   0.0259   0.0328  -0.0330   0.0716
 -0.0628  -0.0345   0.0225   0.1638  -0.0398   0.0091
 -0.0526   0.0039   0.0198   0.0407  -0.0059   0.0344
 -0.0567  -0.0232   0.0272   0.1293  -0.0277   0.0603
 -0.0561  -0.0218   0.0353   0.1005  -0.0148   0.0099
 -0.0005   0.0145   0.0175  -0.1078   0.0342   0.2564
  0.0083  -0.1492   0.0372  -0.0476   0.0398   0.1026
  0.0036  -0.1604   0.0397   0.1907   0.0185   0.0402
 -0.0120  -0.0815   0.0319  -0.0377   0.0244   0.1367
 -0.0066  -0.0807   0.0276   0.2210   0.0322   0.0332
 -0.0297  -0.0415   0.0049   0.0409   0.0261   0.1361
 -0.0292  -0.1218  -0.0304   0.2812   0.0310   0.0027
 -0.0408  -0.0811  -0.0230   0.0185   0.0330   0.1382
 -0.0395  -0.1321  -0.0303   0.2113   0.0199   0.0099
 -0.0499  -0.1006  -0.0319  -0.0158   0.0270   0.1287
 -0.0476  -0.1333  -0.0413   0.1612   0.0038   0.0196
 -0.0525  -0.0716  -0.0267   0.0179   0.0131   0.0800
 -0.0390  -0.0684  -0.0375   0.1063   0.0095   0.0913
 -0.0442  -0.0228  -0.0336   0.0377   0.0224   0.0753
 -0.0332  -0.0934  -0.0189   0.1043   0.0182   0.0764
 -0.0158  -0.0706  -0.0054   0.0662   0.0259   0.0316
 -0.0005  -0.1002  -0.0204   0.1841   0.0197   0.0463
 -0.0002  -0.0752  -0.0031   0.0637   0.0272   0.0583
  0.0022  -0.0973  -0.0045   0.1634   0.0065   0.0265
 -0.0036  -0.0370   0.0009   0.0667   0.0029   0.0722
  0.0155  -0.0483   0.0048   0.1714   0.0018   0.0118
  0.0100  -0.0564   0.0028   0.0451  -0.0126   0.0714
  0.0223  -0.0975  -0.0036   0.1755  -0.0085   0.0011
  0.0163  -0.0634   0.0069   0.0342  -0.0069   0.0745
  0.0365  -0.1045   0.0201   0.1635   0.0071  -0.0135
  0.0166  -0.0599   0.0165   0.0265   0.0125   0.0901
  0.0113  -0.0477   0.0075   0.1903   0.0111  -0.0069
  0.0028  -0.0140   0.0034   0.0327   0.0141   0.1022
  0.0188  -0.0860   0.0024   0.1921   0.0132  -0.0044
  0.0208  -0.0626   0.0057   0.0374   0.0286   0.0864
  0.0227  -0.0978  -0.0036   0.1352   0.0240   0.0281
  0.0259  -0.0638  -0.0098   0.0700   0.0444   0.0431
  0.0339  -0.0945  -0.0030   0.0918   0.0257   0.0733
  0.0303  -0.0750   0.0067   0.1099   0.0238   0.0436
  0.0287  -0.0849   0.0060   0.0795   0.0125   0.0635
  0.0303  -0.0391  -0.0092   0.0995   0.0278   0.0249
  0.0417  -0.0852   0.0022   0.2836   0.0437   0.0160
  0.0446  -0.0540  -0.0034   0.1183   0.0374   0.0905
  0.0430  -0.0540   0.0073   0.1778   0.0504  -0.0036
  0.0604  -0.0789   0.0190   0.1138   0.0446   0.0706
  0.0769  -0.0547   0.0464   0.1236   0.0387   0.0257
  0.0716  -0.0302   0.0408   0.1286   0.0618   0.0532
  0.0867  -0.0609   0.0356   0.1655   0.0718  -0.0101
  0.0803  -0.0995   0.0361   0.0917   0.0684   0.0603
  0.0824  -0.0542   0.0202   0.1156   0.0791   0.0095
  0.0685  -0.0629   0.0346  -0.0750   0.0874   0.1173
  0.0793  -0.0898   0.0282  -0.0196   0.1114  -0.0334
  0.1022  -0.0685   0.0473  -0.1311   0.1103   0.0521
  0.0979  -0.1207   0.0357  -0.0675   0.1551  -0.0602
  0.1153  -0.1040   0.0333  -0.0141   0.1521   0.0370
  0.1482  -0.0960  -0.0113  -0.0968   0.2235   0.0976
  0.1471  -0.1114   0.0089  -0.0780   0.2137  -0.0124
  0.1509  -0.0644   0.0060   0.0458   0.1907  -0.0500
  0.1514   0.2358   0.0382  -0.3217   0.1907   0.1313
  0.1410   0.1635  -0.0017  -0.2499   0.1861   0.0720
  0.1673   0.3127  -0.0336  -0.3153   0.2327  -0.2304
  0.1802   0.0993  -0.0536  -0.1348   0.2021  -0.2733
  0.1545   0.4330   0.0021  -0.7129   0.1877   0.0736
  0.1630   0.1768  -0.0438  -0.3976   0.1950  -0.0920
  0.1838   0.1395  -0.0410  -0.2157   0.2052  -0.0599
  0.1927   0.1552  -0.0348  -0.2245   0.2090  -0.0567
  0.2147   0.1026  -0.0113  -0.0901   0.2093  -0.0857
  0.2136   0.1055   0.0025  -0.2023   0.2052  -0.0793
  0.2150   0.0700  -0.0196  -0.1139   0.2112  -0.0593
  0.2178   0.0891  -0.0062  -0.1816   0.2094  -0.0025
  0.2252   0.0691  -0.0176  -0.0791   0.2104  -0.0848
  0.2303   0.1004   0.0104  -0.1723   0.1840  -0.0152
  0.2394   0.0446   0.0167  -0.0628   0.2034  -0.1046
  0.2269   0.0851   0.0089  -0.1860   0.1926  -0.0070
  0.2354   0.1148   0.0305  -0.0879   0.1815  -0.1094
  0.2497   0.0994   0.0211  -0.1821   0.1748  -0.0257
  0.2623   0.0761   0.0194  -0.0637   0.1903  -0.1227
  0.2550   0.0784   0.0317  -0.1888   0.1727  -0.0232
  0.2659   0.1130   0.0214  -0.0764   0.1996  -0.1111
  0.2463   0.1254   0.0230  -0.1821   0.1868  -0.0268
  0.2673   0.0838   0.0300  -0.0414   0.1921  -0.1313
  0.2584   0.0788   0.0362  -0.1615   0.1874  -0.0149
  0.2764   0.0495   0.0334  -0.0257   0.2065  -0.1244
  0.2650   0.0789   0.0560  -0.2101   0.2076  -0.0199
  0.2709   0.1147   0.0164  -0.0626   0.2191  -0.1301
  0.2448   0.1183   0.0253  -0.2067   0.2049  -0.0183
  0.2609   0.0872   0.0331  -0.0822   0.2119  -0.1322
  0.2723   0.0551   0.0276  -0.0485   0.2032  -0.1011
  0.2524   0.0909   0.0557  -0.0865   0.1789  -0.0334
  0.2679   0.0776   0.0176  -0.1422   0.2017  -0.0711
  0.2759   0.0401   0.0155   0.0176   0.2156  -0.1646
  0.2731   0.0633   0.0366  -0.1051   0.1992  -0.0629
  0.2848   0.0355   0.0359   0.0307   0.2185  -0.1595
  0.2932   0.0424   0.0445  -0.0716   0.2096  -0.0764
  0.2947   0.0660   0.0408  -0.0064   0.2135  -0.1515
  0.2960   0.0941   0.0386  -0.0692   0.2046  -0.0995
  0.2837   0.0504   0.0486  -0.0234   0.2084  -0.1481
  0.2721   0.2004   0.0704  -0.2854   0.2332  -0.0262
  0.2737   0.0402   0.0213  -0.1601   0.2331  -0.1108
  0.2905  -0.0139   0.0436  -0.0045   0.2172  -0.1420
  0.2780   0.0424   0.0494  -0.1541   0.2164  -0.0816
  0.2924   0.0625   0.0496   0.0357   0.2283  -0.2110
  0.2902   0.0666   0.0500  -0.1383   0.2330  -0.0890
  0.3043   0.0405   0.0430  -0.0067   0.2279  -0.1932
  0.3138   0.0161   0.0520  -0.0976   0.2235  -0.0947
  0.3048   0.0729   0.0388  -0.0352   0.2352  -0.1604
  0.3029   0.0567   0.0292  -0.0344   0.2332  -0.1260
  0.2984   0.0668   0.0452  -0.0913   0.2338  -0.1256
  0.3101   0.0136   0.0316   0.0013   0.2412  -0.1507
  0.2976   0.0341   0.0468  -0.1185   0.2385  -0.1329
  0.3057   0.0399   0.0371  -0.0437   0.2506  -0.1550
  0.2971   0.1084   0.0435  -0.1083   0.2389  -0.1081
  0.3123   0.0322   0.0489   0.0668   0.2396  -0.2063
  0.2923   0.0076   0.0454   0.0974   0.2220  -0.1975
  0.3186  -0.0686   0.0547   0.1334   0.2373  -0.1337
  0.2983  -0.0083   0.0470  -0.1858   0.2325  -0.0003
  0.3021   0.0452   0.0364  -0.0882   0.2349  -0.1498
  0.3048   0.0596   0.0336  -0.0942   0.2504  -0.0883
  0.3112   0.0663   0.0469  -0.0819   0.2421  -0.1048
  0.3126   0.0171   0.0576  -0.0263   0.2434  -0.1191
  0.3054   0.0163   0.0458  -0.1155   0.2543  -0.1154
  0.3139   0.0404   0.0470  -0.0226   0.2435  -0.1272
  0.2986   0.0251   0.0568  -0.0948   0.2389  -0.1055
  0.3104   0.0014   0.0389   0.0105   0.2319  -0.1661
  0.3112   0.0046   0.0590  -0.0958   0.2140  -0.1001
  0.3260   0.0114   0.0336   0.0179   0.2322  -0.1791
  0.3093   0.0771   0.0490  -0.1571   0.2382  -0.0690
  0.3078   0.0048   0.0422  -0.0250   0.2388  -0.1706
  0.3055   0.0402   0.0538  -0.1549   0.2352  -0.0766
  0.3138  -0.0119   0.0481  -0.0129   0.2391  -0.1566
  0.2954   0.0126   0.0571  -0.1832   0.2485  -0.1005
  0.2946   0.0387   0.0341   0.0141   0.2319  -0.1552
  0.2745   0.0563   0.0521  -0.1754   0.2252  -0.0877
  0.2909   0.0027   0.0483   0.0047   0.2244  -0.1979
