  0.0220   0.1268  -0.0009  -0.0842   0.0515   0.1349
  0.0325   0.1507   0.0029  -0.0749   0.0522   0.1576
  0.0381   0.1596  -0.0010  -0.0639   0.0617   0.1155
  0.0259   0.0977   0.0063   0.0012   0.0548   0.0399
  0.0195   0.0542   0.0114   0.0283   0.0449   0.0544
  0.0292   0.0941   0.0188  -0.0429   0.0615   0.1308
  0.0434   0.1302   0.0153  -0.0676   0.0702   0.1117
  0.0487   0.1355   0.0135  -0.0574   0.0753   0.0713
  0.0473   0.1179   0.0200  -0.0438   0.0705   0.0955
  0.0270   0.0477   0.0246   0.0166   0.0598   0.0159
  0.0292   0.0535   0.0352  -0.0160   0.0539   0.0660
  0.0433   0.1056   0.0352  -0.0682   0.0681   0.1127
  0.0485   0.1263   0.0310  -0.0761   0.0764   0.0912
  0.0518   0.1236   0.0312  -0.0712   0.0747   0.0777
  0.0501   0.1127   0.0334  -0.0603   0.0751   0.0955
  0.0427   0.0691   0.0423  -0.0122   0.0615   0.0125
  0.0263   0.0184   0.0443   0.0113   0.0486   0.0263
  0.0369   0.0592   0.0517  -0.0616   0.0572   0.1023
  0.0513   0.1023   0.0467  -0.0817   0.0707   0.1113
  0.0573   0.1096   0.0414  -0.0748   0.0774   0.0727
  0.0456   0.0556   0.0519  -0.0192   0.0615   0.0416
  0.0530   0.0830   0.0497  -0.0581   0.0733   0.0440
  0.0547   0.0803   0.0501  -0.0508   0.0726   0.0404
  0.0459   0.0476   0.0588  -0.0457   0.0626   0.0423
  0.0571   0.0931   0.0508  -0.0801   0.0762   0.1022
  0.0587   0.0777   0.0498  -0.0518   0.0743  -0.0068
  0.0507   0.0561   0.0581  -0.0509   0.0655   0.0268
  0.0617   0.0974   0.0498  -0.0869   0.0843   0.0748
  0.0555   0.0694   0.0544  -0.0563   0.0703  -0.0015
  0.0516   0.0540   0.0647  -0.0524   0.0573   0.0256
  0.0620   0.0958   0.0610  -0.0752   0.0735   0.0782
  0.0562   0.0665   0.0653  -0.0409   0.0627   0.0020
  0.0579   0.0679   0.0665  -0.0616   0.0660   0.0351
  0.0628   0.0941   0.0648  -0.0780   0.0717   0.0745
  0.0558   0.0459   0.0722  -0.0528   0.0622   0.0216
  0.0632   0.0886   0.0678  -0.0842   0.0747   0.0359
  0.0635   0.0740   0.0700  -0.0688   0.0723   0.0379
  0.0604   0.0719   0.0697  -0.0752   0.0789   0.0607
  0.0669   0.0906   0.0663  -0.0774   0.0811   0.0120
  0.0570   0.0372   0.0775  -0.0438   0.0565  -0.0003
  0.0483  -0.0029   0.0830  -0.0477   0.0457   0.0162
  0.0447  -0.0020   0.0865  -0.0667   0.0425   0.0417
  0.0621   0.0614   0.0875  -0.0962   0.0620   0.0413
  0.0683   0.0846   0.0778  -0.0849   0.0748   0.0243
  0.0702   0.0681   0.0752  -0.0713   0.0827   0.0263
  0.0706   0.0490   0.0756  -0.0535   0.0754  -0.0242
  0.0713   0.0718   0.0756  -0.0811   0.0840   0.0245
  0.0767   0.0907   0.0731  -0.0975   0.0893   0.0383
  0.0674   0.0310   0.0865  -0.0560   0.0685  -0.0051
  0.0642   0.0348   0.0905  -0.0589   0.0615   0.0059
  0.0744   0.0793   0.0875  -0.0617   0.0703   0.0336
  0.0594   0.0338   0.0524   0.0337   0.0638  -0.0703
  0.0026   0.0356  -0.0305   0.1289  -0.0018   0.1232
 -0.0215   0.0307  -0.0178   0.0936  -0.0003  -0.0914
 -0.0057  -0.0459   0.0253   0.0725  -0.0128  -0.0295
  0.0228  -0.0107   0.0456   0.0155   0.0116   0.0768
  0.0220  -0.0397   0.0399   0.0616   0.0108   0.0250
  0.0223  -0.0782   0.0503   0.1006   0.0148  -0.0513
  0.0240  -0.0589   0.0487   0.0976   0.0182   0.0278
  0.0218  -0.0941   0.0544   0.0952   0.0212  -0.0498
  0.0302  -0.0557   0.0536   0.0789   0.0171   0.0136
  0.0171  -0.1262   0.0632   0.1287   0.0089  -0.0513
  0.0256  -0.0791   0.0549   0.0899   0.0232   0.0334
  0.0296  -0.0849   0.0567   0.1095   0.0208  -0.0369
  0.0296  -0.0891   0.0568   0.1009   0.0284   0.0025
  0.0259  -0.1015   0.0577   0.1075   0.0218  -0.0182
  0.0290  -0.0890   0.0529   0.0816   0.0227  -0.0012
  0.0219  -0.1044   0.0574   0.1103   0.0192  -0.0086
  0.0149  -0.1181   0.0594   0.1104   0.0123  -0.0344
  0.0218  -0.0985   0.0610   0.1101   0.0143   0.0002
  0.0064  -0.1742   0.0650   0.1442  -0.0028  -0.0563
  0.0079  -0.1401   0.0651   0.0946   0.0026  -0.0081
  0.0229  -0.1025   0.0676   0.1047   0.0119   0.0043
  0.0119  -0.1721   0.0710   0.1425   0.0038  -0.0500
  0.0183  -0.1085   0.0626   0.0783   0.0178   0.0122
  0.0167  -0.1392   0.0656   0.1147   0.0070  -0.0489
  0.0218  -0.1050   0.0680   0.0808   0.0176   0.0174
  0.0194  -0.1201   0.0601   0.1011   0.0132  -0.0018
  0.0190  -0.1188   0.0660   0.0952   0.0054  -0.0454
  0.0194  -0.1230   0.0680   0.1062   0.0015  -0.0242
  0.0123  -0.1576   0.0739   0.1128  -0.0040  -0.0336
  0.0211  -0.1050   0.0668   0.0819   0.0090  -0.0258
  0.0177  -0.1429   0.0696   0.1180  -0.0021  -0.0657
  0.0166  -0.1196   0.0653   0.0858   0.0089  -0.0068
  0.0190  -0.1326   0.0668   0.1057   0.0070  -0.0346
  0.0145  -0.1528   0.0741   0.1149  -0.0092  -0.0746
  0.0205  -0.1176   0.0731   0.0977   0.0029  -0.0038
  0.0140  -0.1640   0.0757   0.1223  -0.0023  -0.0424
  0.0227  -0.1190   0.0677   0.0901   0.0126  -0.0189
  0.0206  -0.1388   0.0745   0.1012   0.0046  -0.0238
  0.0232  -0.1253   0.0661   0.0942   0.0125  -0.0034
  0.0265  -0.1088   0.0547   0.0601   0.0302  -0.0435
  0.0238  -0.1426   0.0589   0.0977   0.0114  -0.0427
  0.0137  -0.1790   0.0738   0.1045  -0.0072  -0.0557
  0.0216  -0.1198   0.0626   0.0570   0.0149   0.0126
  0.0042  -0.1711   0.0400   0.1485  -0.0129  -0.1340
 -0.0379  -0.0607  -0.0596   0.1026  -0.0212   0.1152
 -0.0773   0.0391  -0.0796  -0.0624  -0.0794   0.1814
 -0.0831   0.0530  -0.0841  -0.0915  -0.0566  -0.0393
 -0.0567   0.0529  -0.0687  -0.0952  -0.0415  -0.0059
 -0.0736   0.0278  -0.0722  -0.0518  -0.0687  -0.0667
 -0.0674   0.0856  -0.0852  -0.0800  -0.0600   0.0726
 -0.0443   0.0155  -0.0910  -0.0735  -0.0315   0.0180
 -0.0410   0.1251  -0.0991  -0.1113  -0.0285   0.0467
 -0.0716   0.1834  -0.1364  -0.1769  -0.0812   0.0352
 -0.0794   0.1268  -0.1463  -0.1112  -0.0700   0.0209
 -0.0655   0.0632  -0.1174  -0.0606  -0.0636  -0.0984
 -0.0574   0.1123  -0.1281  -0.1113  -0.0552   0.1040
 -0.0634   0.0215  -0.1087   0.0042  -0.0652  -0.0686
 -0.0604   0.0359  -0.0995  -0.0482  -0.0647  -0.0053
 -0.0595   0.0456  -0.1130  -0.0380  -0.0636  -0.0312
 -0.0634  -0.0124  -0.0934   0.0009  -0.0742  -0.0626
 -0.0615   0.0471  -0.1088  -0.0634  -0.0700   0.0474
 -0.0682  -0.0086  -0.1016   0.0131  -0.0843  -0.0868
 -0.0684   0.0016  -0.0918  -0.0161  -0.0866  -0.0252
 -0.0673   0.0253  -0.0999  -0.0139  -0.0867  -0.0056
 -0.0683  -0.0041  -0.0928   0.0096  -0.0868  -0.0716
 -0.0618   0.0396  -0.0990  -0.0232  -0.0818   0.0029
 -0.0705  -0.0102  -0.0937   0.0311  -0.0930  -0.0589
 -0.0635   0.0270  -0.0961  -0.0175  -0.0777  -0.0175
 -0.0627   0.0174  -0.0963  -0.0016  -0.0859  -0.0472
 -0.0650   0.0341  -0.0999  -0.0204  -0.0810  -0.0098
 -0.0672   0.0112  -0.0918   0.0045  -0.0874  -0.0766
 -0.0681   0.0093  -0.0927   0.0073  -0.0924  -0.0420
 -0.0713   0.0105  -0.0891  -0.0190  -0.0872  -0.0243
 -0.0698  -0.0086  -0.0892   0.0084  -0.0917  -0.0553
 -0.0798  -0.0751  -0.0815   0.0562  -0.1076  -0.1224
 -0.0766  -0.0313  -0.0703  -0.0058  -0.1031  -0.0168
 -0.0664   0.0263  -0.0831  -0.0295  -0.0881  -0.0043
 -0.0709  -0.0302  -0.0832   0.0361  -0.0989  -0.1394
 -0.0732  -0.0175  -0.0789   0.0138  -0.0984  -0.0521
 -0.0532   0.0370  -0.0893  -0.0598  -0.0632  -0.0068
 -0.0504   0.0012  -0.0947  -0.0521  -0.0497  -0.0105
 -0.0568  -0.0079  -0.0953  -0.0541  -0.0572  -0.0374
 -0.0641  -0.0291  -0.0898  -0.0256  -0.0712  -0.1184
 -0.0586   0.0060  -0.0917  -0.0466  -0.0678  -0.0230
 -0.0661  -0.0185  -0.0985  -0.0355  -0.0669  -0.0615
 -0.0598  -0.0154  -0.0998  -0.0157  -0.0609  -0.0772
 -0.0577  -0.0034  -0.1016  -0.0284  -0.0569  -0.0445
 -0.0642  -0.0544  -0.0980   0.0031  -0.0713  -0.0877
 -0.0605   0.0003  -0.1035  -0.0412  -0.0571  -0.0397
 -0.0585  -0.0360  -0.1047  -0.0114  -0.0571  -0.0828
 -0.0566  -0.0066  -0.1027  -0.0422  -0.0509  -0.0025
 -0.0694  -0.0742  -0.1065   0.0213  -0.0733  -0.1249
 -0.0687  -0.0040  -0.1034  -0.0435  -0.0677  -0.0380
 -0.0656  -0.0465  -0.1006   0.0047  -0.0745  -0.0845
 -0.0743  -0.0369  -0.1058  -0.0334  -0.0745  -0.0336
 -0.0597   0.0161  -0.1031  -0.0427  -0.0629  -0.0625
 -0.0691  -0.0438  -0.0971   0.0112  -0.0871  -0.1212
 -0.0723  -0.0197  -0.0944  -0.0350  -0.0826  -0.0343
