 -0.1698  -0.0498  -0.2732   0.0100  -0.0137   0.1610
 -0.1061   0.0202  -0.3499  -0.0311  -0.1554   0.1586
 -0.0801  -0.0025  -0.3083   0.0172  -0.1397   0.1298
 -0.0832   0.0060  -0.3257   0.0382  -0.1457   0.1322
 -0.0834  -0.0131  -0.3280   0.0601  -0.1237   0.1230
 -0.0626  -0.0345  -0.3178   0.0603  -0.1474   0.1381
 -0.0746  -0.0591  -0.3066   0.1059  -0.1469   0.1271
 -0.0754  -0.0578  -0.2971   0.0591  -0.1289   0.1090
 -0.0817  -0.0245  -0.3522   0.0414  -0.1510   0.0999
 -0.0849  -0.0157  -0.3690   0.0726  -0.1690   0.0995
 -0.0798  -0.0240  -0.3604   0.0878  -0.1738   0.1014
 -0.0888  -0.0207  -0.3913   0.0879  -0.1300   0.1026
 -0.0741   0.0169  -0.3636   0.0653  -0.1639   0.0930
 -0.0620   0.0560  -0.3843   0.0346  -0.1631   0.0734
 -0.0800   0.0464  -0.3604   0.0622  -0.1394   0.0720
 -0.1016   0.0309  -0.3327   0.0629  -0.1659   0.0729
 -0.1132  -0.1136  -0.2847   0.1773  -0.1946   0.1101
 -0.1106  -0.1286  -0.2924   0.1420  -0.1921   0.1040
 -0.0853  -0.1857  -0.2507   0.1904  -0.1518   0.1209
 -0.0658  -0.1358  -0.2687   0.1390  -0.1700   0.1127
 -0.0957  -0.2510  -0.2131   0.2318  -0.1616   0.1178
 -0.0868  -0.2189  -0.2820   0.2246  -0.1264   0.1131
 -0.0451  -0.2259  -0.2820   0.2280  -0.1260   0.1055
 -0.0762  -0.2741  -0.1774   0.2294  -0.1421   0.1027
 -0.1321  -0.2483  -0.1642   0.2283  -0.1248   0.0977
 -0.1588  -0.2320  -0.1770   0.2082  -0.1978   0.1093
 -0.1630  -0.2310  -0.1856   0.2250  -0.1896   0.1024
 -0.1387  -0.2007  -0.1980   0.2174  -0.1480   0.0934
 -0.1361  -0.1731  -0.2097   0.1961  -0.1747   0.0824
 -0.1269  -0.2111  -0.2152   0.2214  -0.1391   0.0982
 -0.1216  -0.1865  -0.2172   0.2232  -0.1450   0.0941
 -0.1476  -0.2160  -0.1968   0.2279  -0.1707   0.0956
 -0.1395  -0.1973  -0.2205   0.2099  -0.1356   0.0886
 -0.1552  -0.1102  -0.2161   0.0057  -0.1831   0.1064
 -0.1232  -0.0346  -0.2804   0.0305  -0.1483   0.0912
 -0.0882  -0.0255  -0.2216   0.0352  -0.0838   0.0730
 -0.0581  -0.0034  -0.0637  -0.0014  -0.1610   0.0782
 -0.0609  -0.0205  -0.1062   0.0219  -0.0883   0.0781
 -0.0317  -0.0679  -0.1054   0.0326  -0.0907   0.0800
 -0.0527  -0.0474  -0.1685   0.0282  -0.0950   0.0774
 -0.0356  -0.1162  -0.2022   0.0815  -0.1317   0.0934
  0.0246  -0.2706  -0.2140   0.1233  -0.0742   0.1163
  0.0088  -0.1664  -0.1743   0.0916  -0.0723   0.0946
  0.0054  -0.1034  -0.2199   0.1015  -0.1194   0.0552
 -0.0127  -0.0797  -0.2664   0.0974  -0.1495   0.0390
 -0.0252  -0.0212  -0.2842   0.0793  -0.1323   0.0341
 -0.0393   0.1395  -0.2055  -0.0067  -0.1640  -0.0057
 -0.0696   0.1338  -0.2463   0.0343  -0.1792  -0.0147
 -0.1738   0.2210  -0.2614   0.0218  -0.1816  -0.0564
 -0.0947   0.2478  -0.2388   0.0128  -0.1696  -0.0537
 -0.1418   0.1340  -0.2464   0.1536  -0.1438  -0.0340
 -0.2905   0.0022  -0.1973   0.1769  -0.1621   0.0159
 -0.1132  -0.1983   0.0274   0.2967  -0.0618   0.0443
 -0.0804  -0.3108   0.1089   0.3534  -0.0644   0.0701
 -0.0821  -0.3117   0.0697   0.3238  -0.0581   0.0615
 -0.0877  -0.2936   0.0817   0.3398   0.0050   0.0532
 -0.0505  -0.2060   0.1094   0.3662  -0.0493   0.0258
 -0.0582  -0.2260   0.0681   0.3179  -0.0499   0.0334
 -0.0782  -0.1673   0.0234   0.3017  -0.0654   0.0202
 -0.0868  -0.1415  -0.0341   0.2370  -0.1240   0.0113
 -0.0797  -0.1269  -0.0305   0.2700  -0.1000   0.0096
 -0.0944  -0.0974  -0.0492   0.3031  -0.0721  -0.0088
 -0.0765  -0.0296  -0.0380   0.2638  -0.0607  -0.0353
 -0.0603  -0.0758  -0.0064   0.2490  -0.0808  -0.0201
 -0.0826  -0.0505  -0.0509   0.2309  -0.0800  -0.0115
 -0.0723  -0.0803  -0.0584   0.2345  -0.0623   0.0022
 -0.0907  -0.0721  -0.0837   0.1700  -0.0648   0.0010
 -0.0889  -0.1013  -0.0780   0.1769  -0.0861   0.0138
 -0.0906  -0.0600  -0.0751   0.1511  -0.0237   0.0140
 -0.0727  -0.0850  -0.0610   0.1526  -0.0347   0.0256
 -0.0829  -0.1488  -0.0851   0.2007  -0.0534   0.0312
 -0.0938  -0.1328  -0.1154   0.1775  -0.0641   0.0222
 -0.0626  -0.0770  -0.1470   0.1008  -0.0555   0.0132
 -0.0546  -0.0646  -0.1380   0.1148  -0.0808   0.0089
 -0.0709  -0.0510  -0.1222   0.1341  -0.0705   0.0047
 -0.0497  -0.0713  -0.0886   0.1324  -0.0533   0.0133
 -0.0633  -0.0707  -0.0709   0.1325  -0.0889  -0.0145
 -0.0057  -0.0938  -0.0697   0.0861   0.0070   0.0071
  0.0498   0.0070  -0.1611  -0.0647  -0.0368   0.0144
  0.0566   0.0259  -0.1381  -0.0724  -0.0439   0.0040
  0.0448  -0.0113  -0.0970  -0.0380   0.0182  -0.0149
  0.0387   0.0101  -0.1011  -0.0285  -0.0288  -0.0140
  0.0551  -0.0311  -0.0899   0.0469   0.0211   0.0002
  0.0182   0.0111  -0.0735   0.0540   0.0364  -0.0181
  0.0284  -0.0143  -0.0185   0.0527   0.0020  -0.0251
  0.0403   0.0882  -0.0095   0.0273   0.0625  -0.0536
  0.0471   0.0697  -0.0047   0.0076   0.0331  -0.0396
  0.0511   0.0156  -0.0511   0.0400   0.0564  -0.0050
  0.0163   0.0214  -0.0363   0.0555   0.0080  -0.0197
  0.0105   0.0640  -0.0133   0.0363   0.0139  -0.0163
  0.0037   0.0711  -0.0583  -0.0194  -0.0041  -0.0170
 -0.0713   0.0917  -0.1454  -0.0561  -0.0819   0.0072
 -0.0491   0.1401  -0.0980  -0.0259  -0.0416  -0.0403
 -0.0271   0.2554  -0.0587  -0.0976  -0.0846  -0.1109
 -0.0631   0.7529  -0.0884  -0.3962  -0.1011  -0.2374
  0.0122   1.0382  -0.1174  -0.5286  -0.0509  -0.2402
  0.0389   0.8391  -0.0486  -0.4144   0.0084  -0.1989
  0.0732   0.6342   0.0690  -0.3611   0.0148  -0.1775
  0.0581   0.5629   0.1059  -0.3270   0.0479  -0.1474
  0.0400   0.3796   0.1453  -0.2534   0.0748  -0.1294
  0.0892   0.3901   0.1705  -0.2545   0.0611  -0.1155
  0.0041   0.1720   0.2056  -0.2077   0.1175  -0.0801
  0.0233   0.0007   0.3228  -0.1608   0.1115  -0.0205
  0.0388   0.0429   0.2880  -0.1636   0.1602  -0.0131
  0.0391   0.0873   0.3131  -0.1755   0.1303  -0.0108
  0.0276  -0.0222   0.3195  -0.1278   0.1521   0.0014
  0.0720  -0.2611   0.4073  -0.0344   0.1844   0.0468
  0.0886  -0.1183   0.3461  -0.1064   0.1771   0.0401
  0.1575  -0.0478   0.2478  -0.1410   0.2002   0.0361
  0.1465   0.2289   0.1760  -0.2670   0.1358  -0.0237
  0.1533   0.3223   0.1348  -0.2431   0.1030  -0.0585
  0.1143   0.1590   0.1703  -0.1625   0.1092  -0.0483
  0.1015   0.1848   0.1335  -0.1538   0.0999  -0.0537
  0.0879   0.1853   0.1464  -0.1232   0.0661  -0.0650
  0.0782   0.1913   0.1391  -0.1218   0.0654  -0.0636
  0.0789   0.2059   0.1556  -0.1216   0.1056  -0.0675
  0.0935   0.1724   0.1461  -0.1070   0.0788  -0.0740
  0.0925   0.1914   0.1226  -0.1123   0.1260  -0.0834
  0.1039   0.1590   0.1511  -0.0957   0.0856  -0.0728
  0.1034   0.1726   0.1420  -0.1031   0.1063  -0.0760
  0.1121   0.2299   0.1380  -0.1312   0.1045  -0.0873
  0.1332   0.1849   0.1433  -0.1178   0.1392  -0.0905
  0.1054   0.1965   0.1595  -0.1249   0.1222  -0.0888
  0.0961   0.1747   0.1404  -0.1233   0.0751  -0.0873
  0.0991   0.1538   0.1537  -0.1071   0.0975  -0.0823
  0.0903   0.1378   0.1800  -0.0869   0.0935  -0.0794
  0.1290   0.1480   0.1629  -0.1196   0.0862  -0.0776
  0.0963   0.1656   0.1253  -0.1234   0.0919  -0.0670
  0.0786   0.1899   0.1219  -0.1369   0.0957  -0.0722
  0.0906   0.1801   0.1295  -0.1248   0.0636  -0.0737
  0.0889   0.1823   0.1184  -0.1145   0.0894  -0.0866
  0.0930   0.1762   0.1217  -0.1089   0.0976  -0.0846
  0.0737   0.1745   0.1331  -0.0951   0.0746  -0.0875
  0.0569   0.1661   0.1098  -0.1070   0.0834  -0.0808
  0.0737   0.1862   0.1373  -0.1511   0.0663  -0.0811
  0.0365   0.1927   0.1354  -0.1358   0.0798  -0.0719
  0.0843   0.2340   0.0725  -0.1879   0.0937  -0.0752
  0.0733   0.2199   0.1084  -0.1861   0.0672  -0.0845
  0.0776   0.1782   0.1024  -0.1464   0.0755  -0.0830
  0.0684   0.1611   0.1319  -0.1361   0.1058  -0.0714
  0.0689   0.1109   0.1486  -0.1220   0.0800  -0.0809
  0.0635   0.1140   0.1248  -0.1061   0.1146  -0.0795
  0.0666   0.1587   0.1740  -0.1383   0.1103  -0.0873
  0.0547   0.1301   0.1636  -0.1350   0.0757  -0.0807
  0.0485   0.0782   0.1517  -0.1126   0.0954  -0.0690
  0.0524   0.0770   0.1816  -0.1167   0.0826  -0.0704
  0.0450   0.0909   0.1661  -0.1060   0.0616  -0.0753
  0.0718   0.0085   0.1643  -0.0801   0.1350  -0.0631
  0.0832  -0.0000   0.2172  -0.1140   0.1132  -0.0517
  0.1027  -0.0165   0.1849  -0.1036   0.1283  -0.0458
  0.0872   0.0212   0.1792  -0.1014   0.1373  -0.0551
  0.1096  -0.0392   0.2215  -0.0950   0.1145  -0.0500
  0.0946  -0.0609   0.1766  -0.0789   0.1316  -0.0404
  0.0759  -0.0387   0.1505  -0.0971   0.1313  -0.0379
  0.0742  -0.0943   0.1900  -0.0833   0.1126  -0.0272
  0.0836  -0.1237   0.1879  -0.0761   0.1346  -0.0096
  0.0678  -0.1319   0.1829  -0.1026   0.1302   0.0011
  0.0817  -0.1462   0.2158  -0.0859   0.1250   0.0006
  0.0579  -0.1474   0.1960  -0.0768   0.1504   0.0039
  0.0621  -0.2069   0.2559  -0.0632   0.1258   0.0204
  0.0537  -0.2033   0.2349  -0.0618   0.1228   0.0229
  0.0718  -0.2048   0.2728  -0.0215   0.1755   0.0050
  0.0903  -0.1177   0.2456  -0.0888   0.1487  -0.0145
  0.0834  -0.1089   0.2233  -0.1037   0.1587  -0.0113
  0.0851  -0.1102   0.2536  -0.1081   0.1125  -0.0118
  0.0746  -0.0992   0.2318  -0.0747   0.1278  -0.0236
  0.0110  -0.1184   0.2616  -0.0600   0.1275  -0.0123
  0.0413  -0.1372   0.2871  -0.0745   0.1192   0.0029
  0.0457  -0.1941   0.2852  -0.0596   0.1259   0.0119
  0.0428  -0.1945   0.2711  -0.0530   0.1503   0.0026
  0.0913  -0.1451   0.2458  -0.0734   0.1259  -0.0242
  0.0655  -0.1225   0.2098  -0.0786   0.1204  -0.0257
  0.0748  -0.1732   0.2319  -0.0939   0.1384  -0.0024
  0.0499  -0.1509   0.2265  -0.0799   0.1014  -0.0215
  0.0483  -0.1774   0.2240  -0.0630   0.1035  -0.0085
  0.0440  -0.1850   0.2196  -0.0818   0.1300  -0.0034
  0.0624  -0.1556   0.2138  -0.0982   0.1145  -0.0082
  0.0574  -0.1897   0.2299  -0.0674   0.1043  -0.0096
  0.0466  -0.1814   0.2040  -0.0799   0.1254  -0.0083
  0.0255  -0.1347   0.2041  -0.0950   0.1150  -0.0150
