 -0.0579   0.0872   0.1360  -0.1629   0.2067   0.0443
 -0.0415   0.0916   0.1131  -0.0710   0.1822   0.0328
 -0.0315   0.0787   0.0947  -0.0429   0.1715   0.0389
 -0.0232   0.0642   0.0841  -0.0534   0.1762   0.0292
 -0.0144   0.0390   0.0759  -0.0393   0.1573   0.0134
 -0.0131   0.0271   0.0697  -0.0751   0.1481   0.0695
  0.0068   0.0042   0.0865  -0.0196   0.1385   0.0333
  0.0218  -0.0244   0.1047   0.0140   0.1346   0.0357
  0.0372  -0.0709   0.1260   0.0406   0.1428   0.0987
  0.0384  -0.1387   0.1381   0.0433   0.1438   0.0790
  0.0399  -0.1358   0.1472   0.0631   0.1188   0.1122
  0.0336  -0.1415   0.1367   0.0535   0.0973   0.1064
  0.0375  -0.0816   0.1501  -0.0511   0.1276   0.0340
  0.0509  -0.1039   0.1477  -0.0936   0.0811   0.1581
  0.0605   0.0468   0.1879  -0.1038   0.0755  -0.0073
  0.0389  -0.0497   0.1654  -0.0508   0.0569   0.0453
  0.0470  -0.0441   0.1642   0.0479   0.0322   0.0759
  0.0596  -0.0628   0.1542  -0.0129   0.0706   0.0796
  0.0571  -0.0908   0.1236  -0.0512   0.0597   0.0888
  0.0592  -0.0825   0.1168  -0.0483   0.0579   0.1077
  0.0644  -0.0783   0.1186  -0.0143   0.0629   0.0832
  0.0682  -0.0641   0.1221   0.0110   0.0599   0.0601
  0.0706  -0.0595   0.1239   0.0615   0.0543   0.0560
  0.0719  -0.0860   0.1281   0.0565   0.0546   0.0614
  0.0704  -0.0956   0.1277   0.0343   0.0513   0.0735
  0.0729  -0.0788   0.1230   0.0357   0.0422   0.0919
  0.0670  -0.0431   0.0996  -0.0035   0.0461   0.0365
  0.0879   0.1804  -0.0769  -0.2360  -0.0766  -0.0324
  0.0655   0.1310  -0.1107  -0.3975  -0.0443  -0.0865
  0.0237  -0.1942  -0.1146  -0.1773   0.0345   0.0022
  0.0144  -0.0848  -0.0795  -0.1027   0.0955  -0.0316
  0.0284  -0.0202  -0.0496  -0.0820   0.0804  -0.0133
  0.0288   0.0439  -0.0360  -0.2351   0.0824  -0.0598
  0.0462   0.0079  -0.0335  -0.2069   0.0894  -0.0354
  0.0524  -0.0174  -0.0430  -0.1356   0.0680  -0.0095
  0.0599  -0.0143  -0.0373  -0.0954   0.0707  -0.0273
  0.0594  -0.0304  -0.0345  -0.1108   0.0684  -0.0317
  0.0627  -0.0859  -0.0302  -0.0915   0.0563  -0.0045
  0.0719  -0.0741  -0.0271  -0.0774   0.0700  -0.0013
  0.0590  -0.1089  -0.0456  -0.0422   0.0329   0.0378
  0.0490  -0.1327  -0.0397  -0.0174   0.0159   0.0762
  0.0664  -0.1055  -0.0287  -0.0139   0.0181   0.0382
  0.0994  -0.1562  -0.0043   0.0540   0.0479   0.0051
  0.0968  -0.0039  -0.0388   0.0308  -0.0271  -0.2093
  0.0683  -0.0618  -0.0304  -0.0025  -0.0165   0.0385
  0.0728  -0.0898  -0.0159  -0.0262   0.0116  -0.0085
  0.0705  -0.0891  -0.0229  -0.0373   0.0120  -0.0094
  0.0670  -0.0715  -0.0529  -0.0394   0.0022   0.0164
  0.0680  -0.0586  -0.0608  -0.0710  -0.0093  -0.0071
  0.0689  -0.0650  -0.0578  -0.0818  -0.0248  -0.0178
  0.0698  -0.0876  -0.0417  -0.0198  -0.0370   0.0169
  0.0734  -0.0946  -0.0353  -0.0139  -0.0417  -0.0012
  0.0754  -0.0871  -0.0324   0.0125  -0.0338   0.0430
  0.0681  -0.0892  -0.0302  -0.0057  -0.0389   0.0088
  0.0484  -0.1269  -0.0397  -0.0075  -0.0458   0.0826
  0.0426  -0.0452  -0.0585  -0.0552  -0.0498  -0.0749
  0.0402  -0.1139  -0.0537  -0.0229  -0.0642   0.0370
  0.0730  -0.1039  -0.0337  -0.0612  -0.0760   0.0112
  0.0773  -0.1242  -0.0176  -0.0144  -0.0641   0.0351
  0.0790  -0.1293  -0.0215   0.0091  -0.0548   0.0368
  0.0807  -0.1278  -0.0224   0.0061  -0.0506   0.0300
  0.0839  -0.1289  -0.0220   0.0256  -0.0711   0.0274
  0.0778  -0.1222  -0.0235   0.0162  -0.0748   0.0308
  0.0819  -0.1280  -0.0207   0.0032  -0.0681   0.0335
  0.0803  -0.1551  -0.0217  -0.0034  -0.0748   0.0145
  0.0848  -0.1663  -0.0100  -0.0095  -0.0699   0.0256
  0.0792  -0.1739  -0.0108  -0.0041  -0.0775   0.0479
  0.0792  -0.1651  -0.0048   0.0050  -0.0726   0.0395
  0.0797  -0.1731  -0.0315   0.0222  -0.0792   0.0407
  0.0774  -0.2363  -0.0992   0.0112  -0.1177   0.0913
  0.0391  -0.1773  -0.0926   0.0180  -0.0943   0.0367
  0.0197  -0.0390  -0.1637  -0.0877  -0.0930   0.0140
 -0.2751  -0.1286   0.2371  -0.0326  -0.0917   0.0046
 -0.2674   0.1778   0.2847  -0.0870  -0.0319  -0.0452
 -0.1968   0.1703   0.2267  -0.4949   0.1245  -0.1060
 -0.0851   0.1318   0.2757  -0.0823   0.3736  -0.0905
 -0.1411   0.1085   0.1988   0.0015   0.0397  -0.0751
 -0.1457   0.2314   0.1731  -0.0564   0.0844  -0.0688
 -0.1307   0.1567   0.1599  -0.0150   0.0721  -0.0547
 -0.1000   0.0756   0.1505   0.0784   0.0701  -0.0547
 -0.1110   0.0667   0.1195   0.0712   0.0330  -0.0093
 -0.1272   0.0613   0.1083   0.0795   0.0320   0.0171
 -0.1374   0.0506   0.0788   0.0402   0.0383   0.0335
 -0.1126   0.1389   0.0675   0.0925   0.0217   0.0094
 -0.1106   0.0785   0.0590   0.0919  -0.0018   0.0170
 -0.0875   0.0472   0.0114   0.0842   0.0119   0.0156
 -0.0672   0.0468   0.0004   0.3004   0.0074  -0.0544
 -0.0128  -0.0096  -0.0053   0.3345   0.0035  -0.0293
 -0.0061   0.0301   0.0055   0.1659   0.0354   0.3216
  0.0151   0.0199   0.0177   0.1863   0.0681  -0.0193
 -0.0477   0.0873  -0.1268   0.1768   0.0211  -0.0634
 -0.0592   0.1269  -0.0933   0.1019   0.0253   0.0542
 -0.0672   0.1333  -0.0883   0.1384  -0.0094   0.0016
 -0.0875   0.0824  -0.0872   0.1153  -0.0129  -0.0719
 -0.0765   0.0897  -0.1059   0.1595  -0.0486  -0.1044
 -0.0793   0.0672  -0.0969   0.2128  -0.0598  -0.0112
 -0.0638   0.0346  -0.0842   0.2078  -0.0516  -0.0152
 -0.0572  -0.0041  -0.0648   0.1846  -0.0507   0.0319
 -0.0668  -0.0036  -0.0658   0.1325  -0.0856   0.0179
 -0.0560   0.1769  -0.0912   0.0365  -0.1056  -0.1020
 -0.0488   0.2777  -0.1475   0.0276  -0.1319  -0.1309
 -0.0542   0.1728  -0.1275   0.0619  -0.1320  -0.0924
 -0.0604   0.1686  -0.1266   0.0762  -0.1458  -0.0850
 -0.0632   0.1605  -0.1326   0.1050  -0.1385  -0.0924
 -0.0592   0.1840  -0.1339   0.1270  -0.1459  -0.0507
 -0.0593   0.1465  -0.1237   0.1160  -0.1335  -0.0552
 -0.0657   0.1339  -0.1284   0.1165  -0.1364  -0.0536
 -0.0692   0.1376  -0.1291   0.0942  -0.1388  -0.0467
 -0.0703   0.1201  -0.1181   0.0681  -0.1358  -0.0450
 -0.0557   0.0959  -0.1072   0.0944  -0.1299  -0.0436
 -0.0571   0.1115  -0.1043   0.0494  -0.1037  -0.0668
 -0.0643   0.0784  -0.1106   0.0896  -0.1042  -0.0501
 -0.0535   0.0823  -0.1149   0.0225  -0.0861  -0.0700
 -0.0563   0.1262  -0.1276   0.0268  -0.0904  -0.0516
 -0.0619   0.1188  -0.1239  -0.0039  -0.1070  -0.0645
 -0.0503   0.1229  -0.1066  -0.0326  -0.1216  -0.0805
 -0.0479   0.0907  -0.1054  -0.0424  -0.1157  -0.0690
 -0.0421   0.0889  -0.1106  -0.0128  -0.1162  -0.0893
 -0.0298   0.1786  -0.1653  -0.1029  -0.1386  -0.1570
 -0.0123   0.2404  -0.2419  -0.2650  -0.1040  -0.1795
