 -0.1122  -0.1831  -0.1205  -0.3509  -0.0600   0.2329
 -0.1023  -0.1858  -0.1370  -0.3101  -0.0599   0.1756
 -0.0996  -0.2098  -0.1466  -0.2594  -0.0579   0.2155
 -0.0931  -0.1967  -0.1344  -0.1924  -0.0523   0.1894
 -0.0909  -0.1854  -0.1411  -0.1289  -0.0515   0.1496
 -0.1021  -0.1968  -0.1576  -0.1550  -0.0557   0.1702
 -0.0887  -0.1960  -0.1365  -0.1210  -0.0481   0.1473
 -0.0859  -0.1970  -0.1436  -0.1102  -0.0574   0.1405
 -0.0810  -0.2283  -0.1424  -0.0828  -0.0576   0.1369
 -0.0756  -0.2249  -0.1304  -0.1077  -0.0595   0.1393
 -0.0589  -0.2278  -0.1239  -0.1252  -0.0567   0.1552
 -0.0734  -0.2244  -0.1260  -0.0900  -0.0495   0.1410
 -0.0697  -0.2296  -0.1186  -0.0668  -0.0465   0.1436
 -0.0686  -0.2296  -0.1268  -0.0414  -0.0479   0.1073
 -0.0657  -0.2275  -0.1284  -0.0440  -0.0485   0.1295
 -0.0690  -0.2424  -0.1256  -0.0160  -0.0422   0.1241
 -0.0643  -0.2481  -0.1207  -0.0034  -0.0385   0.1278
 -0.0571  -0.2457  -0.1245  -0.0346  -0.0399   0.1550
 -0.0524  -0.2567  -0.1110  -0.0215  -0.0406   0.1093
 -0.0602  -0.2240  -0.1064  -0.0398  -0.0419   0.1435
 -0.0751  -0.2042  -0.1031  -0.0523  -0.0475   0.1213
 -0.0785  -0.2345  -0.0931  -0.0406  -0.0445   0.1250
 -0.0702  -0.2174  -0.0977  -0.0203  -0.0458   0.1466
 -0.0726  -0.2302  -0.0936  -0.0148  -0.0452   0.1108
 -0.0752  -0.2494  -0.0804   0.0189  -0.0391   0.0879
 -0.0817  -0.2459  -0.0743   0.0680  -0.0346   0.0813
 -0.0787  -0.2419  -0.0785   0.0408  -0.0362   0.1245
 -0.0770  -0.2253  -0.0826   0.0276  -0.0369   0.1470
 -0.0673  -0.2338  -0.0715   0.0449  -0.0353   0.0730
 -0.0632  -0.2183  -0.0740   0.0634  -0.0349   0.1105
 -0.0690  -0.2110  -0.0815   0.0604  -0.0384   0.1016
 -0.0701  -0.2002  -0.0935   0.0247  -0.0408   0.1401
 -0.0730  -0.2102  -0.0858   0.0173  -0.0358   0.1293
 -0.0844  -0.2181  -0.0874   0.0566  -0.0355   0.0598
 -0.0778  -0.2280  -0.0925   0.0732  -0.0331   0.0804
 -0.0773  -0.2384  -0.0887   0.0565  -0.0334   0.0997
 -0.0729  -0.2508  -0.0852   0.0244  -0.0326   0.1174
 -0.0644  -0.2614  -0.0718   0.0550  -0.0292   0.0848
 -0.0487  -0.2676  -0.0560   0.0560  -0.0268   0.1004
 -0.0591  -0.2449  -0.0560   0.0279  -0.0308   0.1149
 -0.0586  -0.2289  -0.0567   0.0408  -0.0312   0.0931
 -0.0611  -0.2275  -0.0588   0.0388  -0.0314   0.1028
 -0.0559  -0.2371  -0.0562   0.0505  -0.0337   0.0836
 -0.0754  -0.2234  -0.0876   0.0005  -0.0389   0.1686
 -0.0745  -0.2191  -0.0979   0.0139  -0.0365   0.1129
 -0.0685  -0.2064  -0.0972   0.0182  -0.0330   0.1129
 -0.0681  -0.2150  -0.0950   0.0603  -0.0313   0.0519
 -0.0606  -0.2133  -0.1037   0.0661  -0.0304   0.0949
 -0.0647  -0.2218  -0.0970   0.0324  -0.0368   0.0931
 -0.0497  -0.2410  -0.0840   0.0718  -0.0301   0.0468
 -0.0497  -0.2386  -0.0752   0.0557  -0.0288   0.0859
 -0.0540  -0.2456  -0.0720   0.0415  -0.0277   0.0914
 -0.0631  -0.2680  -0.0698   0.0217  -0.0245   0.0477
 -0.0578  -0.2490  -0.0756   0.0197  -0.0213   0.0912
 -0.0467  -0.2444  -0.0729   0.0468  -0.0200   0.0718
 -0.0470  -0.2402  -0.0715   0.0421  -0.0244   0.0875
 -0.0461  -0.2342  -0.0601   0.0641  -0.0217   0.0433
 -0.0298  -0.2328  -0.0574   0.0858  -0.0193   0.0613
 -0.0294  -0.2274  -0.0572   0.1054  -0.0156   0.0527
 -0.0325  -0.2251  -0.0602   0.0818  -0.0141   0.0447
 -0.0372  -0.2213  -0.0526   0.1093  -0.0136   0.0121
 -0.0361  -0.2088  -0.0595   0.1081  -0.0114   0.0362
 -0.0330  -0.2098  -0.0660   0.0998  -0.0162   0.0439
 -0.0244  -0.2205  -0.0616   0.0617  -0.0183   0.0412
 -0.0168  -0.2227  -0.0572   0.0708  -0.0179   0.0233
 -0.0254  -0.2066  -0.0529   0.0751  -0.0206   0.0360
 -0.0232  -0.2126  -0.0525   0.0730  -0.0231   0.0439
 -0.0156  -0.2419  -0.0373   0.0614  -0.0253   0.0057
 -0.0178  -0.2430  -0.0278   0.0899  -0.0207   0.0189
 -0.0269  -0.2449  -0.0323   0.0986  -0.0149   0.0398
 -0.0220  -0.2225  -0.0330   0.1107  -0.0136   0.0220
 -0.0112  -0.1999  -0.0380   0.0981  -0.0163   0.0541
 -0.0119  -0.2128  -0.0348   0.1037  -0.0140  -0.0005
 -0.0092  -0.2014  -0.0296   0.1119  -0.0147   0.0333
 -0.0127  -0.1933  -0.0384   0.1091  -0.0147   0.0165
 -0.0210  -0.1879  -0.0462   0.0752  -0.0200   0.0628
 -0.0140  -0.2027  -0.0376   0.0586  -0.0172   0.0246
 -0.0211  -0.1712  -0.0308   0.0735  -0.0148   0.0038
 -0.0203  -0.1520  -0.0330   0.0576  -0.0024   0.0330
 -0.0282  -0.1735  -0.0266   0.0702  -0.0285  -0.0339
 -0.0163  -0.1908  -0.0174   0.0414  -0.0113   0.0159
 -0.1191   0.5962  -0.0176  -0.5089  -0.0293   0.1320
 -0.0234   0.4798  -0.0822  -0.5283  -0.0203   0.1268
 -0.0197   0.3848  -0.0181  -0.3809  -0.0070   0.0290
 -0.0225   0.2919   0.0074  -0.2909  -0.0085   0.0102
 -0.0105   0.3768   0.0047  -0.2619  -0.0068   0.0282
  0.0037   0.3665   0.0059  -0.2348  -0.0028   0.0372
  0.0080   0.3921  -0.0093  -0.1875   0.0002  -0.0473
  0.0245   0.3752  -0.0248  -0.1766   0.0032   0.0036
  0.0174   0.3752  -0.0313  -0.1590   0.0026  -0.0052
  0.0204   0.3382  -0.0165  -0.1439   0.0062  -0.0581
  0.0089   0.3221  -0.0196  -0.1360   0.0053  -0.0336
  0.0070   0.2554  -0.0126  -0.1211   0.0000  -0.0077
  0.0158   0.2161  -0.0013  -0.1204   0.0028  -0.0407
  0.0260   0.1915   0.0160  -0.0895   0.0059  -0.0517
  0.0250   0.1893   0.0159  -0.0792   0.0091  -0.0308
  0.0305   0.1846   0.0177  -0.0649   0.0087  -0.0285
  0.0312   0.1684   0.0221  -0.0895   0.0097  -0.0309
  0.0281   0.1667   0.0181  -0.0755   0.0128  -0.0452
  0.0228   0.1758   0.0116  -0.0763   0.0084  -0.0024
  0.0270   0.1473   0.0187  -0.0946   0.0072  -0.0404
  0.0285   0.1496   0.0322  -0.0446   0.0100  -0.0663
  0.0346   0.1739   0.0359  -0.0481   0.0125  -0.0259
  0.0357   0.1648   0.0375  -0.0392   0.0181  -0.0563
  0.0406   0.1749   0.0404  -0.0570   0.0159  -0.0401
  0.0385   0.1654   0.0349  -0.0395   0.0165  -0.0642
  0.0406   0.1789   0.0383  -0.0404   0.0171  -0.0293
  0.0340   0.1906   0.0293  -0.0366   0.0187  -0.0428
  0.0317   0.1914   0.0231  -0.0464   0.0191  -0.0609
  0.0346   0.1803   0.0376  -0.0201   0.0174  -0.0919
  0.0334   0.1765   0.0371   0.0108   0.0165  -0.0599
  0.0319   0.1943   0.0409   0.0046   0.0199  -0.0649
  0.0330   0.1937   0.0297  -0.0144   0.0187  -0.0372
  0.0360   0.1647   0.0297  -0.0181   0.0149  -0.0760
  0.0372   0.1673   0.0305  -0.0024   0.0165  -0.0746
  0.0403   0.1788   0.0402   0.0005   0.0198  -0.0533
  0.0412   0.1876   0.0345  -0.0127   0.0198  -0.0419
  0.0486   0.1547   0.0360  -0.0044   0.0213  -0.0804
  0.0401   0.1590   0.0259  -0.0020   0.0187  -0.0498
  0.0349   0.1488   0.0343  -0.0204   0.0190  -0.0519
  0.0339   0.1723   0.0407  -0.0395   0.0149  -0.0266
  0.0406   0.1510   0.0459   0.0127   0.0202  -0.0945
  0.0333   0.1431   0.0396   0.0050   0.0177  -0.0451
  0.0311   0.1665   0.0421   0.0055   0.0174  -0.0450
  0.0438   0.1588   0.0539   0.0349   0.0199  -0.0886
  0.0533   0.1929   0.0793   0.0384   0.0238  -0.0692
  0.0583   0.1848   0.0920   0.0514   0.0231  -0.0830
  0.0475   0.1888   0.0815   0.0628   0.0202  -0.0870
  0.0392   0.2055   0.0836   0.0614   0.0248  -0.0874
  0.0376   0.1784   0.0736   0.0657   0.0262  -0.1204
  0.0475   0.1870   0.0775   0.0728   0.0287  -0.1043
  0.0406   0.1866   0.0703   0.0481   0.0272  -0.0848
  0.0393   0.1891   0.0899   0.0452   0.0267  -0.1192
  0.0361   0.1461   0.0860   0.0227   0.0229  -0.0750
  0.0360   0.1495   0.0817   0.0590   0.0266  -0.0860
  0.0396   0.1282   0.0712   0.0479   0.0256  -0.0779
  0.0451   0.1373   0.0833   0.0399   0.0261  -0.0754
  0.0451   0.1515   0.0930   0.0357   0.0301  -0.0710
  0.0440   0.1640   0.0963   0.0850   0.0361  -0.1140
  0.0515   0.1758   0.0964   0.0662   0.0329  -0.0854
  0.0489   0.1777   0.0945   0.0528   0.0316  -0.0931
  0.0542   0.1690   0.1004   0.0436   0.0326  -0.1090
  0.0668   0.1745   0.1121   0.0767   0.0345  -0.1208
  0.0636   0.1739   0.1074   0.0620   0.0315  -0.0881
  0.0587   0.1692   0.1091   0.0317   0.0307  -0.1030
  0.0610   0.1643   0.1193   0.0624   0.0305  -0.1118
  0.0622   0.1684   0.1035   0.0352   0.0297  -0.0768
  0.0519   0.1655   0.0990   0.0467   0.0242  -0.0759
  0.0520   0.1445   0.1007   0.0588   0.0233  -0.0969
  0.0459   0.1295   0.0946   0.0654   0.0233  -0.0930
  0.0460   0.1067   0.0832   0.0676   0.0242  -0.0796
  0.0414   0.1114   0.0807   0.0686   0.0194  -0.1053
  0.0396   0.0762   0.0737   0.0360   0.0150  -0.0638
  0.0478   0.0692   0.0840   0.0212   0.0199  -0.0797
  0.0496   0.0934   0.0791   0.0389   0.0178  -0.0758
  0.0442   0.0858   0.0803   0.0247   0.0191  -0.0830
  0.0168   0.0265   0.0493   0.0694   0.0097  -0.0979
  0.0332   0.0060   0.0611   0.0615   0.0196  -0.0877
  0.0318   0.0206   0.0582   0.0724   0.0192  -0.0813
  0.0132   0.0332   0.0276   0.0437   0.0076  -0.0582
 -0.0287   0.1033   0.0236  -0.1268  -0.0036   0.0349
  0.0166   0.0762   0.0509  -0.0853   0.0322  -0.0094
  0.0410   0.0752   0.0544  -0.0196   0.0456  -0.0627
  0.0565   0.0590   0.0561  -0.0067   0.0339  -0.1055
  0.0576   0.0631   0.0652   0.0292   0.0330  -0.0826
  0.0593   0.0518   0.0602   0.0227   0.0338  -0.0528
  0.0528   0.0635   0.0594  -0.0181   0.0311  -0.0201
  0.0635   0.0504   0.0783   0.0319   0.0325  -0.1010
  0.0632   0.0544   0.0702  -0.0083   0.0300  -0.0314
  0.0563   0.0600   0.0645  -0.0155   0.0292  -0.0347
  0.0433   0.0412   0.0558  -0.0215   0.0265  -0.0400
  0.0473   0.0218   0.0652  -0.0119   0.0275  -0.0706
  0.0492   0.0608   0.0674   0.0024   0.0267  -0.0295
  0.0480   0.0668   0.0581   0.0312   0.0263  -0.0546
  0.0500   0.0734   0.0571   0.0147   0.0274  -0.0726
  0.0614   0.0661   0.0661   0.0467   0.0322  -0.1086
  0.0597   0.0580   0.0775   0.0321   0.0328  -0.0705
  0.0619   0.0686   0.0779   0.0121   0.0336  -0.0545
  0.0567   0.0654   0.0751   0.0171   0.0288  -0.0894
  0.0538   0.0752   0.0717   0.0312   0.0276  -0.0907
  0.0494   0.0831   0.0659   0.0288   0.0280  -0.0241
  0.0446   0.0908   0.0716  -0.0013   0.0318  -0.0492
  0.0516   0.0738   0.0951   0.0507   0.0362  -0.0901
  0.0524   0.0930   0.0926   0.0727   0.0391  -0.0803
  0.0504   0.0855   0.0823   0.0883   0.0394  -0.0896
  0.0521   0.0155   0.0780   0.1322   0.0369  -0.1605
  0.0567   0.0304   0.0729   0.0612   0.0347   0.0074
  0.0518   0.0639   0.0687   0.0374   0.0292  -0.0290
  0.0581   0.0739   0.0769   0.0669   0.0351  -0.1293
  0.0679   0.0926   0.0713   0.0949   0.0379  -0.0691
  0.0661   0.0974   0.0730   0.1335   0.0435  -0.1506
  0.0527   0.1222   0.0563   0.1028   0.0413  -0.0709
  0.0487   0.1254   0.0479   0.0940   0.0419  -0.1348
  0.0548   0.1363   0.0490   0.0777   0.0380  -0.0671
  0.0512   0.0883   0.0696   0.0565   0.0380  -0.1302
  0.0531   0.1019   0.0824   0.1015   0.0379  -0.1067
  0.0468   0.1184   0.0693   0.0723   0.0367  -0.0538
  0.0459   0.0973   0.0681   0.1158   0.0423  -0.1550
  0.0428   0.1100   0.0657   0.0943   0.0432  -0.0087
  0.0440   0.1176   0.0716   0.1230   0.0475  -0.2024
