 -0.0237  -0.1570   0.0495   0.0604   0.0318   0.0974
 -0.0093  -0.1487   0.0735   0.0413   0.0471   0.0915
  0.0026  -0.1554   0.1265  -0.0370   0.0231   0.0769
  0.0319  -0.1552   0.0757   0.0621   0.0115   0.0710
  0.0309  -0.1584   0.0644   0.0783   0.0337   0.1059
  0.0155  -0.1514   0.0686   0.0567   0.0327   0.0732
  0.0311  -0.1190   0.0862   0.0993   0.0186   0.0717
  0.0226  -0.1130   0.0894   0.1166   0.0170   0.0992
  0.0176  -0.1049   0.0874   0.0855   0.0223   0.1280
 -0.0050  -0.0983   0.0786   0.0540   0.0156   0.0918
 -0.0185  -0.0734   0.0689   0.0273   0.0147   0.0805
 -0.0221  -0.0658   0.0720   0.0170   0.0114   0.0725
 -0.0178  -0.0639   0.0621   0.0123   0.0234   0.0400
 -0.0208  -0.0398   0.0454   0.0171   0.0101   0.0304
  0.0014   0.0539   0.0142   0.0145  -0.0029   0.0274
  0.0257  -0.0261   0.0129   0.1566   0.0171   0.0231
  0.0268  -0.1563   0.0490   0.1996   0.0544  -0.0148
  0.0054  -0.1542   0.0180   0.1727   0.0431   0.0672
 -0.0095  -0.1568   0.0047   0.1513   0.0375   0.0768
 -0.0145  -0.1511  -0.0013   0.1549   0.0369   0.0822
 -0.0144  -0.1442   0.0022   0.1675   0.0434   0.0838
 -0.0299  -0.1296   0.0069   0.0845   0.0404   0.0909
 -0.0273  -0.1185  -0.0098   0.1150   0.0362   0.1157
 -0.0094  -0.0572  -0.0095   0.1284   0.0294   0.0680
 -0.0186  -0.0385   0.0049   0.1521   0.0286   0.1164
 -0.0369  -0.0270   0.0025   0.1319  -0.0028   0.0608
 -0.0220  -0.0156  -0.0127   0.1620   0.0308   0.0418
 -0.0236   0.0229  -0.0479   0.1808   0.0301  -0.0207
 -0.0552   0.0027  -0.0671   0.1176   0.0085  -0.0600
 -0.0375   0.0073  -0.0608   0.0636   0.0086   0.0328
 -0.0218   0.0121  -0.0498   0.0599   0.0092  -0.0001
 -0.0174   0.0059  -0.0356   0.0781   0.0165   0.0068
 -0.0097  -0.0045  -0.0325   0.0948   0.0185  -0.0088
 -0.0077  -0.0211  -0.0277   0.1150   0.0188  -0.0202
 -0.0132  -0.0253  -0.0189   0.1296   0.0101  -0.0425
 -0.0199  -0.0336  -0.0338   0.1265   0.0103  -0.0255
 -0.0104  -0.0209  -0.0450   0.1671   0.0063  -0.0406
  0.0011  -0.0139  -0.0371   0.1925   0.0057   0.0419
 -0.0022  -0.0133  -0.0396   0.1269   0.0248  -0.0186
 -0.0056  -0.0103  -0.0399   0.1498   0.0160   0.0230
 -0.0068  -0.0222  -0.0356   0.1336   0.0140  -0.0229
 -0.0190  -0.0036  -0.0364   0.0713   0.0021  -0.0016
 -0.0022  -0.0039  -0.0193   0.1746   0.0055  -0.0604
 -0.0217  -0.0466  -0.0376   0.1488   0.0166  -0.1814
 -0.0350  -0.0506  -0.0640   0.1631  -0.0047  -0.0582
 -0.0379  -0.0922  -0.0577   0.1780  -0.0053  -0.0387
 -0.0384  -0.0604  -0.0668   0.0869  -0.0098  -0.0652
 -0.0398  -0.0433  -0.0674   0.0692  -0.0218  -0.0199
 -0.0414  -0.0449  -0.0586   0.0702  -0.0249  -0.0441
 -0.0451  -0.0334  -0.0598   0.0511  -0.0284  -0.0521
 -0.0392  -0.0215  -0.0635   0.0428  -0.0237  -0.0270
 -0.0397  -0.0278  -0.0696   0.0228  -0.0169  -0.0211
 -0.0434  -0.0214  -0.0780   0.0132  -0.0207  -0.0073
 -0.0435  -0.0266  -0.0674   0.0345  -0.0198  -0.0379
 -0.0598  -0.0033  -0.0514   0.0251  -0.0353  -0.0132
 -0.0421  -0.0003  -0.0481   0.0251  -0.0203  -0.0399
 -0.0359   0.0082  -0.0392   0.0011  -0.0183   0.0027
 -0.0396  -0.0009  -0.0417   0.0205  -0.0309  -0.0465
 -0.0252   0.0046  -0.0568  -0.0011  -0.0375  -0.0864
 -0.0379   0.0015  -0.0441  -0.0343  -0.0262  -0.0060
 -0.0314   0.0102  -0.0525  -0.0199  -0.0324  -0.0520
 -0.0346   0.0035  -0.0570   0.0086  -0.0337  -0.0982
 -0.0639   0.0013  -0.0794  -0.0186  -0.0519  -0.0226
 -0.0045   0.0911  -0.0261  -0.1304  -0.0348  -0.0217
 -0.0529  -0.0374  -0.0720  -0.0390  -0.0459  -0.0622
 -0.0430  -0.0377  -0.0678   0.0061  -0.0468  -0.0607
 -0.0456  -0.0334  -0.0688   0.0148  -0.0456  -0.0780
 -0.0475  -0.0196  -0.0603  -0.0133  -0.0434  -0.0542
 -0.0388  -0.0077  -0.0573  -0.0599  -0.0433  -0.0089
 -0.0474   0.0003  -0.0477  -0.0721  -0.0462  -0.0191
 -0.0540  -0.0028  -0.0307  -0.0756  -0.0484  -0.0046
 -0.0586  -0.0107  -0.0174  -0.0577  -0.0559  -0.0132
 -0.0663  -0.0051  -0.0210  -0.1186  -0.0580   0.0481
 -0.0654  -0.0099  -0.0239  -0.1238  -0.0565  -0.0027
 -0.0713  -0.0101  -0.0180  -0.1173  -0.0443  -0.0212
 -0.0640  -0.0175  -0.0100  -0.1175  -0.0397  -0.0393
 -0.0411   0.0025  -0.0122  -0.0606  -0.0294  -0.0326
 -0.0528   0.0128  -0.0212  -0.0889  -0.0515  -0.0115
 -0.0281   0.0091  -0.0135  -0.1353  -0.0567  -0.0170
  0.0100   0.0330   0.0239  -0.1776  -0.0673  -0.0464
  0.0290   0.0461   0.0042  -0.3318  -0.0609  -0.0828
  0.0160   0.0232  -0.0281  -0.2921  -0.0522  -0.0412
  0.0285   0.0570  -0.0044  -0.2198  -0.0321   0.0448
  0.0262   0.0830   0.0156  -0.2378  -0.0289  -0.0097
  0.0503   0.1069   0.0182  -0.2383   0.0025  -0.0220
  0.0310   0.0869   0.0171  -0.1650  -0.0120  -0.0014
  0.0084   0.0737   0.0085  -0.1243  -0.0257  -0.0335
  0.0010   0.0634   0.0112  -0.0794  -0.0199  -0.0145
  0.0028   0.0752   0.0178  -0.1021  -0.0135  -0.0205
  0.0195   0.0664   0.0232  -0.1140  -0.0125   0.0039
  0.0255   0.0632   0.0351  -0.1372  -0.0159   0.0045
  0.0433   0.0790   0.0496  -0.1058  -0.0027  -0.0027
  0.0484   0.0604   0.0588  -0.0974   0.0042  -0.0169
  0.0391   0.0543   0.0582  -0.1829   0.0032   0.0194
  0.0357   0.0748   0.0609  -0.1276   0.0085  -0.0026
  0.0268   0.0877   0.0454  -0.1461   0.0074  -0.0390
  0.0136   0.0751   0.0291  -0.1641   0.0017   0.0384
  0.0214   0.0578   0.0281  -0.1417  -0.0018   0.0236
  0.0238   0.0751   0.0183  -0.1935   0.0039   0.0283
  0.0193   0.0613   0.0288  -0.1761  -0.0137  -0.0049
  0.0390   0.0663   0.0559  -0.1052  -0.0240   0.0204
  0.0512   0.0880   0.0514  -0.0907   0.0029   0.0466
  0.0514   0.0897   0.0415  -0.1018  -0.0168   0.0486
  0.0572   0.0938   0.0321  -0.1383  -0.0197   0.0630
  0.0742   0.0811   0.0240  -0.0801  -0.0069  -0.0065
  0.0897   0.0140   0.0048  -0.0806   0.0111   0.0384
  0.0385   0.0347  -0.0052  -0.1351  -0.0048   0.0079
  0.0374   0.0637   0.0030  -0.0758  -0.0064   0.0121
  0.0507   0.0680   0.0011  -0.0311  -0.0019   0.0286
  0.0751   0.0869  -0.0049   0.0240   0.0105  -0.0562
  0.0623   0.0770  -0.0161  -0.0259  -0.0071  -0.0261
  0.0689   0.0781   0.0009  -0.0209   0.0102   0.0285
  0.1090   0.1230   0.0443   0.0029   0.0536  -0.0102
  0.0776   0.0861   0.0726   0.0151   0.0729  -0.0484
  0.0630   0.1401   0.0515  -0.0329   0.0676  -0.0334
  0.0819   0.1360   0.0630   0.0615   0.0723  -0.0841
  0.1160   0.1760   0.0679   0.0554   0.1140  -0.0843
  0.0738   0.1503   0.0503   0.0788   0.0836  -0.0901
  0.0853   0.1673   0.0864   0.0593   0.0927  -0.0720
  0.0996   0.1591   0.0882   0.0422   0.0876  -0.0640
