 -0.0099   0.0403   0.0844  -0.1097   0.0316   0.0430
 -0.0111  -0.0188   0.0841  -0.0318   0.0360   0.0053
 -0.0030  -0.1267   0.0731   0.0138   0.0283   0.0742
 -0.0006  -0.1902   0.0706   0.0240   0.0428   0.0511
  0.0129   0.0855   0.0421  -0.0521   0.0150   0.0371
  0.0192  -0.0324   0.0844  -0.0065   0.0445   0.0516
  0.0172  -0.0441   0.0800  -0.0152   0.0360   0.0302
  0.0023   0.0083   0.2063   0.2140   0.0498  -0.3399
  0.0211   0.1746   0.2470   0.0933   0.0251   0.2876
  0.0375   0.2123   0.1937  -0.0329   0.0246   0.1206
  0.0264   0.1165   0.1596   0.0429   0.0173   0.0294
  0.0192   0.0317   0.1040   0.1789  -0.0111   0.0423
  0.0669   0.2284   0.0631   0.1406   0.0580  -0.0774
  0.1297  -0.9658   0.0648   0.9177   0.1181  -0.0897
  0.0698  -1.0886   0.0650   0.9538   0.0734  -0.0034
  0.0611  -0.8311   0.0672   0.7501   0.0584   0.0728
  0.0961  -0.4313   0.0364   0.4530   0.0306   0.0698
  0.0506  -0.4548   0.0370   0.4144   0.0449   0.0890
  0.0828  -0.4739   0.0690   0.4770   0.0527   0.0353
  0.0732  -0.4513   0.0549   0.4682   0.0567   0.0719
  0.0563  -0.4549   0.0429   0.4309   0.0558   0.0376
  0.0518  -0.3492   0.0462   0.3276   0.0391   0.0466
  0.0423  -0.1804   0.0461   0.1395   0.0198   0.0573
 -0.0060  -0.2310  -0.0452   0.1495  -0.0010   0.0313
  0.0186  -0.2152  -0.0493   0.1367   0.0078   0.0199
  0.0111  -0.0699  -0.0322   0.0452  -0.0331  -0.0144
  0.0054  -0.1187  -0.0592   0.0323  -0.0227   0.0140
  0.0024  -0.1271  -0.0746   0.0540  -0.0215   0.0265
 -0.0077  -0.1288  -0.0719   0.0497  -0.0233  -0.0110
 -0.0261   0.0326  -0.1046  -0.0349  -0.0437   0.0332
 -0.0283   0.2608  -0.1581  -0.0754  -0.0810  -0.0679
 -0.0224   0.2585  -0.1485  -0.1176  -0.0551   0.0270
 -0.0126   0.2642  -0.1213  -0.1291  -0.0584  -0.0219
 -0.0119   0.2057  -0.1467  -0.1029  -0.0585   0.0222
 -0.0235   0.2135  -0.1615  -0.1008  -0.0690  -0.0362
  0.0044   0.3425  -0.0917  -0.2538  -0.0623  -0.0106
  0.0879   0.3481   0.0460  -0.2483  -0.0244  -0.0679
  0.1151   0.2338   0.0323  -0.2713  -0.0194  -0.0139
  0.0699   0.1888  -0.0238  -0.2094  -0.0167  -0.0072
  0.0553   0.1123  -0.0378  -0.1414  -0.0165  -0.0173
  0.0358   0.0624  -0.0684  -0.1064  -0.0235  -0.0282
  0.0093   0.1523  -0.0869  -0.1243  -0.0073  -0.0155
  0.0334   0.1477  -0.0935  -0.1403  -0.0121   0.0072
  0.0521   0.1876  -0.1188  -0.1041  -0.0600  -0.0394
  0.1316   0.1958  -0.1507  -0.0918  -0.0554   0.0150
  0.1097  -0.0395  -0.0333  -0.0446  -0.0185  -0.0884
  0.0694   0.0364  -0.0866  -0.0060  -0.0220   0.0511
  0.0522   0.0247  -0.1018  -0.0429  -0.0237   0.0276
  0.0198   0.1405  -0.0893  -0.1498  -0.0271  -0.0131
  0.0333   0.1067  -0.0668  -0.1437  -0.0535   0.0076
  0.1285  -0.0905   0.0299  -0.0035   0.0092  -0.0024
  0.0609  -0.1200   0.0008   0.0135   0.0080   0.0203
  0.0333  -0.1698  -0.0262  -0.0526   0.0068   0.0168
  0.0348  -0.0780  -0.0488  -0.0400  -0.0039  -0.0043
  0.0381  -0.0262  -0.0739  -0.0248  -0.0179  -0.0073
 -0.0154  -0.0947  -0.0890   0.0362  -0.0299  -0.0158
  0.0016  -0.0398  -0.0712  -0.0183  -0.0243   0.0199
 -0.0245  -0.1083  -0.0293  -0.0320  -0.0159   0.0420
 -0.0169  -0.0815  -0.0389  -0.0067  -0.0068  -0.0306
 -0.0075  -0.0820  -0.0515  -0.0211  -0.0078   0.0271
 -0.0015  -0.1218  -0.0564   0.0365  -0.0106   0.0331
 -0.0024  -0.1289  -0.0562   0.0425  -0.0051   0.0322
 -0.0078  -0.1409  -0.0551   0.0113  -0.0087   0.0292
 -0.0240  -0.0594  -0.0533  -0.0751  -0.0282   0.0156
 -0.0166  -0.1800  -0.0210  -0.0118  -0.0146   0.0096
  0.0136  -0.1541  -0.0507  -0.0153  -0.0172  -0.0183
 -0.0124  -0.0908  -0.0215   0.0485  -0.0017  -0.0028
 -0.0296  -0.0178   0.0009  -0.0403  -0.0100   0.0304
 -0.0223  -0.1024  -0.0132  -0.0758  -0.0124   0.0280
 -0.0277  -0.1351  -0.0419  -0.0268  -0.0096   0.0264
 -0.0286  -0.1349  -0.0313  -0.0513  -0.0062   0.0072
  0.0023  -0.2063  -0.0295  -0.0077  -0.0120   0.0104
 -0.0072  -0.2083  -0.0516   0.0126  -0.0044   0.0180
 -0.0072  -0.2057  -0.0543   0.0143   0.0048   0.0187
 -0.0036  -0.2103  -0.0608   0.0491   0.0054   0.0086
 -0.0325  -0.2466  -0.1038   0.1341   0.0013   0.0059
 -0.0193  -0.2385  -0.0427   0.1322   0.0027  -0.2250
 -0.0551  -0.0197  -0.0082  -0.0659  -0.0046   0.1153
 -0.0447   0.2006   0.0237  -0.2132   0.0154   0.1604
 -0.0399   0.1787   0.0647  -0.2716  -0.0062  -0.0503
 -0.0154   0.2687   0.0919  -0.2237   0.0201   0.0522
 -0.0593   0.3020   0.0836  -0.0412   0.0373  -0.0351
 -0.0626   0.2420   0.0887  -0.0485   0.0318  -0.0180
 -0.0952   0.5515  -0.0387  -0.2896  -0.0395  -0.0547
 -0.1035   0.3378  -0.0082  -0.1239  -0.0217  -0.0632
 -0.0759   0.1420   0.0140  -0.0598   0.0173  -0.0460
 -0.0814   0.1367   0.0002  -0.0573   0.0129  -0.0207
 -0.0797   0.1393   0.0089  -0.0673   0.0122  -0.0239
 -0.0821   0.1531   0.0049  -0.0769   0.0181  -0.0028
 -0.0714   0.1207  -0.0008  -0.0845   0.0158  -0.0197
 -0.0636   0.1149   0.0109  -0.0222   0.0100  -0.0432
 -0.0461   0.1539   0.0380  -0.0285   0.0157  -0.0153
 -0.0326   0.1294  -0.0053  -0.0819   0.0039  -0.0081
 -0.0116  -0.0194   0.0044   0.0046  -0.0112  -0.0138
  0.0821  -0.0247   0.1585   0.0169   0.0312  -0.0166
  0.0275  -0.0942   0.0519   0.0587   0.0337  -0.0100
  0.0238  -0.1174   0.0723   0.0303   0.0244  -0.0264
 -0.0497   0.0872   0.0687  -0.0794   0.0117  -0.0556
 -0.0356   0.2684   0.0679  -0.1785  -0.0098  -0.0338
  0.0138   0.2384   0.1445  -0.1755  -0.0017  -0.0349
  0.0076   0.1039   0.1258  -0.0266   0.0101  -0.0224
 -0.0303  -0.1082   0.0394   0.0328   0.0045   0.0254
 -0.0334  -0.1385   0.0160   0.0585   0.0134  -0.0748
 -0.0478  -0.0846   0.0094   0.0261   0.0098   0.0206
 -0.0538  -0.0900   0.0022   0.0263   0.0162   0.0026
 -0.0439  -0.0911   0.0292   0.0266   0.0155  -0.0103
 -0.0352  -0.0644   0.0249   0.0313   0.0147   0.0023
 -0.0418  -0.0298   0.0285   0.0261   0.0181   0.0138
 -0.0448   0.0111   0.0392   0.0246   0.0190   0.0022
 -0.0382   0.0293   0.0441   0.0227  -0.0054  -0.0185
 -0.0445   0.0376   0.0458  -0.0154   0.0006   0.0089
 -0.0399   0.0712   0.0297  -0.0217   0.0093  -0.0092
 -0.0365   0.0721   0.0367  -0.0319   0.0090  -0.0311
 -0.0503   0.1960   0.0087  -0.1161  -0.0090  -0.0378
 -0.0153   0.2099  -0.0395  -0.1412  -0.0243  -0.0267
 -0.0305   0.2313  -0.0346  -0.1421  -0.0131  -0.0345
 -0.0243   0.3419  -0.0156  -0.2069  -0.0253  -0.0432
 -0.0183   0.3505  -0.0042  -0.2090  -0.0285  -0.0434
 -0.0073   0.4736  -0.0309  -0.2075  -0.0220  -0.0910
 -0.0264   0.4914   0.0172  -0.2776  -0.0225  -0.0011
