  0.1686  -0.0438   0.0866  -0.2167   0.0858   0.0928
  0.2671  -0.0255   0.0939   0.1003   0.0374   0.0293
  0.2678  -0.0178   0.1053   0.1873   0.0273   0.0013
  0.2707  -0.0467   0.0864   0.1842   0.0275  -0.0174
  0.2612  -0.0384   0.0912   0.1686   0.0230  -0.0099
  0.2198  -0.0851   0.0624   0.0219   0.0001   0.0512
  0.2252  -0.0907   0.1019   0.0543  -0.0079   0.0338
  0.2231  -0.0850   0.0818   0.0685   0.0162   0.0322
  0.2312  -0.1005   0.0909   0.0999  -0.0015   0.0183
  0.2113  -0.0930   0.0846   0.1361  -0.0113   0.0128
  0.1905  -0.0949   0.0741   0.1162  -0.0061   0.0088
  0.1662  -0.1009   0.0588   0.1180  -0.0115   0.0130
  0.1720  -0.0810   0.0443   0.0786  -0.0246   0.0176
  0.1608  -0.0987   0.0543   0.0973  -0.0460   0.0124
  0.1459  -0.0960   0.0292   0.1127  -0.0269   0.0084
  0.1472  -0.0929   0.0448   0.1353  -0.0289  -0.0028
  0.1404  -0.0851   0.0402   0.1103  -0.0285   0.0010
  0.1264  -0.0843   0.0329   0.1051  -0.0440  -0.0071
  0.1107  -0.1077   0.0153   0.1045  -0.0394   0.0100
  0.0989  -0.1141  -0.0006   0.1063  -0.0388   0.0060
  0.0900  -0.1213   0.0015   0.0719  -0.0464   0.0190
  0.0866  -0.0976  -0.0038   0.0756  -0.0480   0.0143
  0.0852  -0.1319   0.0018   0.0862  -0.0576   0.0081
  0.0776  -0.1222  -0.0291   0.0793  -0.0301   0.0077
  0.0788  -0.1188  -0.0082   0.0829  -0.0522   0.0241
  0.0748  -0.1102  -0.0082   0.0920  -0.0401   0.0101
  0.0765  -0.1031  -0.0159   0.1022  -0.0268   0.0155
  0.0841  -0.1112  -0.0119   0.0872  -0.0305   0.0206
  0.0741  -0.1243  -0.0161   0.0619  -0.0400   0.0273
  0.0674  -0.1202  -0.0106   0.0604  -0.0436   0.0219
  0.0701  -0.1276  -0.0237   0.0664  -0.0263   0.0157
  0.0713  -0.1237  -0.0238   0.0632  -0.0226   0.0073
  0.0680  -0.1197  -0.0120   0.0511  -0.0430   0.0136
  0.0583  -0.1107  -0.0212   0.0724  -0.0276  -0.0068
  0.0652  -0.0945  -0.0257   0.0947  -0.0226  -0.0010
  0.0654  -0.0904  -0.0193   0.0866  -0.0370  -0.0047
  0.0569  -0.0979  -0.0197   0.0931  -0.0384   0.0043
  0.0619  -0.0932  -0.0224   0.0989  -0.0172  -0.0022
  0.0719  -0.0987  -0.0129   0.0808  -0.0225   0.0065
  0.0637  -0.1037  -0.0039   0.0698  -0.0263   0.0073
  0.0602  -0.1071  -0.0163   0.0583  -0.0025   0.0009
  0.0637  -0.1356  -0.0125   0.0438  -0.0094   0.0161
  0.0583  -0.1305   0.0058   0.0216  -0.0366   0.0322
  0.0543  -0.1096  -0.0052   0.0240  -0.0113   0.0245
  0.0598  -0.0986  -0.0016   0.0424  -0.0056   0.0177
  0.0542  -0.0953  -0.0225   0.0598  -0.0245   0.0112
  0.0432  -0.0914  -0.0171   0.0817  -0.0146   0.0011
  0.0404  -0.1097  -0.0069   0.0574  -0.0221   0.0165
  0.0408  -0.1155   0.0043   0.0228  -0.0186   0.0182
  0.0354  -0.1110  -0.0113   0.0131  -0.0034   0.0163
  0.0308  -0.0923  -0.0021   0.0334  -0.0460   0.0161
  0.0312  -0.0792  -0.0156   0.0617  -0.0127   0.0133
  0.0456  -0.0598  -0.0112   0.0741  -0.0276   0.0115
  0.0459  -0.0627   0.0012   0.0580  -0.0454   0.0253
  0.0343  -0.0636  -0.0144   0.0659  -0.0244   0.0216
  0.0364  -0.0559  -0.0094   0.0487  -0.0324   0.0258
  0.0260  -0.0497  -0.0083   0.0546  -0.0401   0.0208
  0.0286  -0.0668  -0.0129   0.0920  -0.0343   0.0062
  0.0363  -0.0500  -0.0212   0.0822  -0.0070  -0.0033
  0.0449  -0.0713  -0.0178   0.0670  -0.0119   0.0065
  0.0207  -0.0949  -0.0189   0.0482  -0.0009   0.0150
  0.0309  -0.1037  -0.0062   0.0072  -0.0053   0.0432
  0.0203  -0.0903  -0.0002  -0.0159  -0.0181   0.0326
  0.0164  -0.0753  -0.0120   0.0215  -0.0029   0.0049
  0.0362  -0.0435  -0.0058   0.0349   0.0029  -0.0013
  0.0545  -0.0526   0.0079   0.0797  -0.0004  -0.0141
  0.0540  -0.0535   0.0007   0.0863   0.0162  -0.0289
  0.0296  -0.0707   0.0084   0.0280   0.0050  -0.0018
  0.0400  -0.0834   0.0145   0.0043   0.0058   0.0108
  0.0224  -0.0498   0.0305   0.0085  -0.0193   0.0086
  0.0240  -0.0336   0.0020   0.0318  -0.0019  -0.0104
  0.0341  -0.0449   0.0098   0.0248  -0.0197  -0.0057
  0.0427  -0.0325   0.0014   0.0480  -0.0097  -0.0042
  0.0396  -0.0363  -0.0150  -0.0010   0.0202  -0.0018
  0.0276  -0.0404  -0.0068   0.0090   0.0184  -0.0106
  0.0362  -0.0529  -0.0010   0.0055   0.0127  -0.0047
  0.0190  -0.0685   0.0073  -0.0031  -0.0079   0.0157
  0.0083  -0.0695   0.0026  -0.0326   0.0004   0.0192
  0.0153  -0.0604   0.0075  -0.0415  -0.0109   0.0232
  0.0159  -0.0380   0.0029  -0.0204  -0.0185   0.0081
  0.0046  -0.0335   0.0035   0.0075  -0.0055  -0.0024
  0.0189  -0.0193  -0.0101  -0.0045   0.0087  -0.0082
  0.0079  -0.0220   0.0089   0.0341  -0.0008  -0.0295
 -0.0015  -0.0400   0.0082   0.0180  -0.0059  -0.0104
  0.0009  -0.0556  -0.0114  -0.0499   0.0200   0.0087
  0.0115  -0.0368   0.0145   0.0070   0.0257  -0.0084
 -0.0022  -0.0421   0.0193  -0.0319   0.0086   0.0055
 -0.0045  -0.0428   0.0248  -0.0615   0.0000   0.0231
 -0.0199  -0.0158   0.0223  -0.0404   0.0056   0.0080
 -0.0186   0.0119   0.0091  -0.0211   0.0007   0.0002
  0.0014   0.0115   0.0080   0.0015  -0.0079  -0.0091
 -0.0191   0.0108  -0.0034   0.0465   0.0082  -0.0289
 -0.0175   0.0044   0.0095   0.0003   0.0033   0.0029
 -0.0200  -0.0059   0.0196  -0.0329  -0.0158   0.0202
 -0.0297   0.0094   0.0126  -0.0281  -0.0081   0.0043
 -0.0221   0.0329   0.0035  -0.0170   0.0050  -0.0078
 -0.0119   0.0372   0.0008   0.0105  -0.0028  -0.0061
 -0.0173   0.0400  -0.0168   0.0532   0.0291  -0.0292
  0.0010   0.0186  -0.0220  -0.0146   0.0456  -0.0115
 -0.0113   0.0140  -0.0029   0.0225   0.0199  -0.0163
 -0.0289   0.0091   0.0049  -0.0078   0.0022   0.0005
 -0.0325   0.0120   0.0002  -0.0489   0.0160   0.0139
 -0.0309   0.0134   0.0116  -0.0523  -0.0020   0.0094
 -0.0377   0.0453   0.0042  -0.0188  -0.0071  -0.0194
 -0.0313   0.0562  -0.0073  -0.0136  -0.0001  -0.0116
 -0.0249   0.0448  -0.0026  -0.0084  -0.0104  -0.0001
 -0.0107   0.0489  -0.0236   0.0131   0.0452  -0.0123
 -0.0024   0.0192  -0.0963  -0.0001   0.1062  -0.0087
 -0.0428   0.0296  -0.0660  -0.0218   0.0413   0.0026
 -0.0495   0.0226  -0.0436  -0.0615   0.0250   0.0213
 -0.0609   0.0446  -0.0110  -0.0958   0.0010   0.0244
 -0.0667   0.0540  -0.0233  -0.0419   0.0149  -0.0025
 -0.0446   0.0630  -0.0434  -0.0431   0.0433  -0.0036
 -0.0403   0.0499  -0.0161   0.0239   0.0382  -0.0252
 -0.0384   0.0641  -0.0258  -0.0300   0.0302  -0.0148
 -0.0422   0.0466  -0.0110  -0.0470   0.0134   0.0157
 -0.0593   0.0325   0.0091  -0.0783  -0.0196   0.0233
 -0.0616   0.0545  -0.0051  -0.0967  -0.0092   0.0192
 -0.0482   0.0888  -0.0102  -0.0637   0.0101   0.0007
 -0.0550   0.0762  -0.0255  -0.0287   0.0025  -0.0040
 -0.0612   0.0689  -0.0000   0.0383   0.0086  -0.0332
 -0.0536   0.0784  -0.0100  -0.0057   0.0135  -0.0212
 -0.0536   0.0505   0.0084  -0.0226  -0.0012  -0.0141
 -0.0690   0.0639   0.0212  -0.0262  -0.0090  -0.0152
 -0.0611   0.0696   0.0150  -0.0535   0.0001   0.0019
 -0.0669   0.0804   0.0183  -0.0760  -0.0081  -0.0049
 -0.0705   0.0845   0.0123  -0.0504  -0.0033  -0.0217
 -0.0617   0.0996   0.0014  -0.0703   0.0115  -0.0100
 -0.0615   0.0894   0.0256   0.0227  -0.0036  -0.0401
 -0.0474   0.0981   0.0065  -0.0216   0.0240  -0.0307
 -0.0616   0.0880   0.0232  -0.0121   0.0147  -0.0368
 -0.0699   0.0693   0.0224  -0.0326  -0.0113  -0.0250
 -0.0722   0.0873   0.0105  -0.0560   0.0039  -0.0210
 -0.0554   0.0862  -0.0140  -0.0948   0.0143  -0.0176
 -0.0827   0.1006  -0.0218  -0.0645   0.0030  -0.0242
 -0.0721   0.0975  -0.0230  -0.0615   0.0028  -0.0083
 -0.0690   0.1014  -0.0106  -0.0580  -0.0203   0.0073
 -0.0816   0.1093  -0.0291  -0.0489  -0.0037  -0.0145
 -0.0833   0.1129  -0.0345  -0.0585   0.0063  -0.0119
 -0.0682   0.1041  -0.0207  -0.0061   0.0080  -0.0204
 -0.0624   0.1041  -0.0348  -0.0278   0.0204  -0.0184
 -0.0666   0.0892  -0.0118  -0.0448   0.0061  -0.0007
 -0.0636   0.0902  -0.0198  -0.0185   0.0335  -0.0326
 -0.0702   0.0867  -0.0086  -0.0505   0.0179  -0.0090
 -0.0823   0.0770   0.0123  -0.0691  -0.0097   0.0147
 -0.1032   0.0698  -0.0117  -0.0914   0.0081   0.0060
 -0.1043   0.0933  -0.0064  -0.0469   0.0114  -0.0128
 -0.1106   0.1191  -0.0234  -0.0650   0.0023  -0.0143
 -0.0978   0.1014  -0.0010  -0.0733  -0.0112   0.0197
 -0.1037   0.1025  -0.0032  -0.0156   0.0100  -0.0185
 -0.0735   0.1053  -0.0142  -0.0597   0.0331  -0.0209
 -0.0855   0.1115   0.0055  -0.0491   0.0105  -0.0146
 -0.1077   0.0979   0.0062  -0.0783  -0.0004  -0.0121
 -0.1027   0.1183  -0.0153  -0.1020   0.0120  -0.0099
 -0.1042   0.1158  -0.0014  -0.1040   0.0035  -0.0153
 -0.1367   0.1085  -0.0312  -0.0450   0.0140  -0.0335
 -0.1296   0.0980  -0.0489  -0.0897   0.0148  -0.0132
 -0.1181   0.1070  -0.0190  -0.0526   0.0112  -0.0215
 -0.1129   0.1169   0.0006  -0.0367  -0.0097  -0.0243
 -0.1095   0.1091  -0.0205  -0.0690   0.0260  -0.0170
 -0.1206   0.0982  -0.0037  -0.0410   0.0087  -0.0298
 -0.1210   0.1098  -0.0002  -0.0464   0.0086  -0.0273
 -0.0876   0.0993  -0.0500  -0.1558   0.0626   0.0077
 -0.0927   0.0969  -0.0220  -0.0869   0.0374  -0.0212
 -0.0725   0.1038  -0.0500  -0.1710   0.0694   0.0020
 -0.1167   0.1089  -0.0335  -0.1248   0.0350  -0.0096
 -0.1328   0.0804  -0.0113  -0.1257  -0.0051   0.0071
 -0.1489   0.1089  -0.0150  -0.1263   0.0094  -0.0083
 -0.1297   0.1327  -0.0156  -0.1106   0.0006  -0.0140
 -0.1237   0.1434  -0.0108  -0.0628  -0.0076  -0.0348
 -0.1248   0.1492  -0.0260  -0.0558   0.0311  -0.0376
 -0.1277   0.1295  -0.0361  -0.0724   0.0179  -0.0263
 -0.1630   0.1201  -0.0433  -0.0575   0.0188  -0.0264
 -0.1437   0.1254  -0.0392  -0.0920   0.0348  -0.0263
 -0.1229   0.1247  -0.0219  -0.0888   0.0208  -0.0141
 -0.1467   0.1274  -0.0254  -0.0327   0.0331  -0.0422
 -0.1533   0.1375  -0.0259  -0.0719   0.0290  -0.0316
 -0.1513   0.1176  -0.0149  -0.1015   0.0109  -0.0091
 -0.1545   0.1321  -0.0098  -0.1020   0.0049  -0.0076
 -0.1288   0.1384  -0.0529  -0.1175   0.0431  -0.0127
