 -0.2835   0.9359   0.0564   0.3019  -0.0841   0.1452
 -0.2803   0.8566   0.0288   0.3234  -0.0856   0.1808
 -0.2716   0.9010   0.0543   0.3162  -0.0837   0.1428
 -0.2267   0.8075   0.0341   0.3389  -0.0738   0.0283
 -0.1858   0.8244   0.0489   0.3095  -0.0401   0.0039
 -0.1025   0.8797   0.0530   0.4249   0.0268  -0.1345
 -0.1168   0.7888   0.0654   0.4702   0.0234  -0.1161
 -0.1081   0.8203   0.0985   0.4157   0.0440  -0.2177
 -0.0966   0.7593   0.0683   0.3969   0.0423  -0.2515
 -0.1049   0.8184   0.0780   0.4454   0.0463  -0.2098
 -0.1123   0.7736   0.0890   0.4619   0.0585  -0.2133
 -0.1250   0.7788   0.0827   0.4089   0.0518  -0.2623
 -0.1281   0.7736   0.0866   0.4233   0.0411  -0.3102
 -0.1179   0.7093   0.0703   0.4114   0.0436  -0.1279
 -0.1268   0.7234   0.0801   0.3602   0.0455  -0.2697
 -0.1276   0.7208   0.0813   0.3719   0.0390  -0.1980
 -0.1132   0.6520   0.0686   0.3769   0.0450  -0.1851
 -0.1114   0.6839   0.0828   0.3803   0.0510  -0.2453
 -0.1112   0.7018   0.0923   0.3877   0.0490  -0.2608
 -0.0959   0.6420   0.0825   0.3719   0.0580  -0.2404
 -0.0983   0.6816   0.0853   0.3912   0.0513  -0.2440
 -0.0923   0.6696   0.0935   0.3709   0.0592  -0.1875
 -0.0803   0.6247   0.0884   0.3523   0.0475  -0.1389
 -0.0788   0.6550   0.0973   0.3857   0.0570  -0.2110
 -0.0704   0.6382   0.1053   0.3885   0.0682  -0.2211
 -0.0804   0.6321   0.0875   0.3706   0.0576  -0.0453
 -0.0673   0.6449   0.0870   0.3837   0.0621  -0.2553
 -0.0620   0.5849   0.0636   0.3866   0.0508  -0.2342
 -0.0596   0.6003   0.0673   0.3902   0.0509  -0.1303
 -0.0468   0.5516   0.0733   0.3949   0.0514  -0.1938
 -0.0470   0.5767   0.0760   0.3664   0.0635  -0.1892
 -0.0395   0.6141   0.0786   0.3563   0.0642  -0.2922
 -0.0177   0.5655   0.0734   0.3546   0.0726  -0.2484
 -0.0381   0.6099   0.0841   0.3318   0.0697  -0.4016
 -0.0477   0.5505   0.0632   0.3316   0.0547  -0.0935
 -0.0566   0.5655   0.0809   0.3292   0.0588  -0.0966
 -0.0406   0.5462   0.0701   0.3229   0.0684  -0.1690
 -0.0519   0.5806   0.0788   0.3174   0.0664  -0.1962
 -0.0437   0.5668   0.0825   0.3176   0.0652  -0.1094
 -0.0518   0.5806   0.0837   0.3286   0.0590  -0.0985
 -0.0729   0.5647   0.0876   0.3658   0.0579  -0.2003
 -0.0632   0.4879   0.0641   0.3676   0.0437  -0.1359
 -0.0805   0.5220   0.0450   0.3510   0.0266  -0.2568
 -0.0748   0.4586   0.0462   0.3640   0.0269  -0.1739
 -0.0771   0.4272   0.0299   0.3671   0.0141  -0.1269
 -0.0930   0.4666   0.0177   0.3737   0.0013   0.0122
 -0.0922   0.4277   0.0178   0.3395  -0.0061   0.0194
 -0.1373   0.4629   0.0201   0.3671  -0.0234  -0.0853
 -0.1271   0.4506   0.0183   0.3591  -0.0143  -0.1809
 -0.0861   0.3403  -0.0122   0.3030  -0.0287  -0.0841
 -0.1137   0.3360  -0.0134   0.2804  -0.0441  -0.0512
 -0.1023   0.3846  -0.0112   0.3042  -0.0374  -0.2919
 -0.0674   0.3213  -0.0082   0.2763  -0.0302  -0.0466
 -0.0856   0.3624   0.0022   0.2822  -0.0230  -0.1733
 -0.0827   0.3532   0.0150   0.2821  -0.0016  -0.1841
 -0.0858   0.3442   0.0167   0.2705  -0.0123   0.0110
 -0.0986   0.3500   0.0169   0.2732  -0.0125   0.0171
 -0.1023   0.3589   0.0253   0.2596  -0.0048   0.0579
 -0.1133   0.3536   0.0210   0.2638  -0.0039  -0.1387
 -0.0862   0.2920   0.0024   0.2639  -0.0061  -0.1784
 -0.1044   0.3443   0.0311   0.2510  -0.0040  -0.2169
 -0.1164   0.2991   0.0394   0.2522  -0.0075  -0.0809
 -0.1245   0.2995   0.0316   0.2727  -0.0202   0.1791
 -0.1262   0.2821   0.0214   0.2435  -0.0085  -0.0453
 -0.1155   0.2514   0.0147   0.2009  -0.0143  -0.0810
 -0.1121   0.2754   0.0194   0.1732  -0.0016  -0.1770
 -0.0958   0.2225   0.0232   0.1546   0.0058  -0.0825
 -0.1084   0.2528   0.0132   0.1465  -0.0041  -0.1853
 -0.1019   0.2302   0.0049   0.1249  -0.0044  -0.0344
 -0.0772   0.2230   0.0370   0.2393   0.0154  -0.0604
 -0.1197   0.2381   0.0292   0.1955  -0.0085   0.0115
 -0.1421   0.1978   0.0021   0.1438  -0.0280   0.0931
 -0.1474   0.2378   0.0154   0.1892  -0.0304   0.1178
 -0.1233   0.1835  -0.0080   0.1544  -0.0283  -0.0792
 -0.1427   0.2333  -0.0061   0.1698  -0.0415  -0.1361
 -0.1517   0.2147   0.0055   0.1735  -0.0456   0.0609
 -0.1658   0.2157  -0.0037   0.1633  -0.0550   0.1698
 -0.1677   0.2242  -0.0074   0.1626  -0.0471   0.0232
 -0.1663   0.1614  -0.0128   0.1289  -0.0551   0.0272
 -0.1579   0.2038   0.0018   0.1396  -0.0508   0.0569
 -0.1462   0.1568  -0.0114   0.1377  -0.0497   0.0683
 -0.1588   0.1629  -0.0138   0.1274  -0.0507  -0.0587
 -0.1577   0.1776  -0.0104   0.1424  -0.0438  -0.1367
 -0.1479   0.1507  -0.0002   0.1165  -0.0468   0.0701
 -0.1325   0.1187  -0.0108   0.1146  -0.0510   0.1373
 -0.1334   0.0949  -0.0140   0.0957  -0.0537   0.1574
 -0.1515   0.1244  -0.0128   0.0792  -0.0640   0.0857
 -0.1498   0.0546  -0.0173   0.0330  -0.0612   0.3768
 -0.1635   0.0857  -0.0174   0.0634  -0.0741   0.3477
 -0.1502   0.0265  -0.0166   0.0511  -0.0947   0.4991
 -0.1533   0.0868  -0.0214   0.0774  -0.0904   0.3251
 -0.1392   0.0229  -0.0342   0.0394  -0.0837   0.0466
 -0.1501   0.0676  -0.0174   0.0597  -0.0761   0.1695
 -0.1355   0.0354  -0.0258   0.0644  -0.0648   0.1310
 -0.1443   0.0611  -0.0271   0.0611  -0.0633  -0.1680
 -0.1290   0.0624  -0.0210   0.0700  -0.0585  -0.1354
 -0.1201   0.0451  -0.0180   0.0246  -0.0542   0.0028
 -0.1073   0.0177  -0.0182   0.0334  -0.0568  -0.0097
 -0.1119  -0.0193  -0.0321   0.0256  -0.0584  -0.0054
 -0.1371   0.0370  -0.0283   0.0284  -0.0706  -0.0106
 -0.1346  -0.0118  -0.0322   0.0376  -0.0634  -0.0885
 -0.1402   0.0099  -0.0302   0.0299  -0.0698  -0.1834
 -0.1601   0.0114  -0.0315   0.0411  -0.0719  -0.1169
 -0.1372  -0.0285  -0.0423  -0.0016  -0.0746   0.0028
 -0.1214   0.0150  -0.0392   0.0265  -0.0645  -0.0205
 -0.0932  -0.0302  -0.0333   0.0026  -0.0510   0.0700
 -0.0702  -0.0028  -0.0417   0.0041  -0.0610   0.0064
 -0.0440  -0.0107  -0.0468  -0.0020  -0.0468   0.0083
 -0.0338  -0.0264  -0.0584  -0.0488  -0.0466  -0.1802
 -0.0285  -0.0086  -0.0330  -0.0322  -0.0312  -0.2584
  0.0017  -0.0486  -0.0384  -0.0421  -0.0102  -0.2148
 -0.0081  -0.0241  -0.0022  -0.0378  -0.0110   0.0904
 -0.0124  -0.0864   0.0008  -0.0739  -0.0058   0.1356
 -0.0017  -0.0873  -0.0091  -0.0812  -0.0175   0.0048
  0.0153  -0.1052  -0.0039  -0.0755  -0.0028  -0.1612
  0.0296  -0.1084  -0.0007  -0.0930  -0.0181   0.1723
  0.0299  -0.1188   0.0164  -0.0907  -0.0124   0.0639
  0.0333  -0.1682   0.0101  -0.0708  -0.0152   0.0285
  0.0216  -0.1516  -0.0103  -0.0858  -0.0286  -0.0798
  0.0233  -0.1517   0.0054  -0.0909  -0.0313  -0.1029
  0.0539  -0.2067  -0.0008  -0.1562  -0.0285   0.0781
  0.0495  -0.1773   0.0042  -0.1308  -0.0332  -0.0036
  0.0372  -0.2329   0.0017  -0.1319  -0.0311   0.0366
  0.0410  -0.2255  -0.0010  -0.1720  -0.0354   0.2161
  0.0562  -0.2257   0.0111  -0.1547  -0.0128   0.1087
  0.0574  -0.2440   0.0000  -0.1717  -0.0247   0.1677
  0.0865  -0.2351   0.0150  -0.1609  -0.0057   0.2212
  0.0932  -0.2529   0.0137  -0.1828   0.0039   0.0897
  0.0757  -0.2488   0.0047  -0.1898  -0.0064   0.0364
  0.0828  -0.2810  -0.0025  -0.1737  -0.0096   0.0582
  0.1036  -0.3029  -0.0220  -0.2431  -0.0012   0.0169
  0.0984  -0.2640  -0.0062  -0.2330   0.0061   0.0116
  0.1208  -0.3325  -0.0157  -0.2485   0.0079   0.0148
  0.1392  -0.2845  -0.0146  -0.2507   0.0091  -0.2720
  0.1429  -0.3376  -0.0134  -0.2652  -0.0090  -0.0236
  0.1155  -0.3404  -0.0256  -0.2788  -0.0168   0.0354
  0.1037  -0.3015  -0.0108  -0.2510  -0.0241   0.1778
  0.1103  -0.3387  -0.0178  -0.2875  -0.0155   0.1266
  0.1015  -0.2984  -0.0096  -0.2695  -0.0101   0.0418
  0.0967  -0.3369  -0.0097  -0.2874  -0.0080   0.2463
  0.0886  -0.2873  -0.0110  -0.2977  -0.0068   0.1984
  0.0907  -0.3334  -0.0297  -0.3015   0.0028   0.1063
  0.0618  -0.3274  -0.0327  -0.3038  -0.0091   0.0614
  0.0677  -0.3310  -0.0348  -0.2455  -0.0179  -0.0249
  0.0688  -0.3505  -0.0703  -0.2527  -0.0345   0.0554
  0.0649  -0.3328  -0.0614  -0.2979  -0.0271   0.0011
  0.0829  -0.3602  -0.0591  -0.3264  -0.0153   0.3431
  0.0907  -0.3546  -0.0640  -0.2983  -0.0075   0.1478
  0.0942  -0.3321  -0.0389  -0.2843   0.0176  -0.0483
  0.1236  -0.4043  -0.0301  -0.3239   0.0328   0.0259
  0.1028  -0.3566  -0.0241  -0.2961   0.0218   0.0663
  0.1050  -0.3811  -0.0108  -0.3056   0.0363   0.0955
  0.1143  -0.4038  -0.0137  -0.3311   0.0346   0.1097
  0.1286  -0.4031  -0.0034  -0.3214   0.0395   0.1481
  0.1404  -0.4527  -0.0095  -0.3510   0.0486  -0.0166
  0.1381  -0.4291  -0.0035  -0.3441   0.0547   0.1381
  0.1580  -0.4674  -0.0097  -0.3582   0.0559   0.0570
  0.1695  -0.4629   0.0131  -0.3370   0.0699  -0.0947
  0.1991  -0.5375  -0.0180  -0.3779   0.0730   0.1224
  0.1935  -0.5047  -0.0242  -0.3368   0.0670  -0.0442
  0.2087  -0.5880  -0.0521  -0.3603   0.0518   0.0234
  0.2267  -0.5919  -0.0800  -0.3142   0.0303  -0.0095
  0.1914  -0.5698  -0.0911  -0.3581   0.0145   0.1395
  0.1605  -0.5322  -0.0948  -0.3567  -0.0015   0.1954
  0.1778  -0.5609  -0.0616  -0.3305   0.0251   0.1283
  0.1795  -0.6244  -0.0492  -0.3354   0.0106   0.2126
  0.1793  -0.6106  -0.0329  -0.3473   0.0085   0.1300
  0.2211  -0.6414  -0.0267  -0.3463   0.0358   0.1021
  0.2727  -0.6630  -0.0240  -0.3069   0.0480  -0.0772
  0.2484  -0.6800  -0.0367  -0.3711   0.0560   0.1763
  0.2265  -0.6255  -0.0444  -0.3586   0.0477   0.1302
  0.2323  -0.6421  -0.0423  -0.3320   0.0552   0.1650
  0.2158  -0.6480  -0.0457  -0.3602   0.0457   0.0044
  0.2118  -0.6387  -0.0326  -0.3509   0.0436   0.0961
  0.2321  -0.6858  -0.0292  -0.3787   0.0522   0.0833
  0.2888  -0.7072  -0.0447  -0.3096   0.0337   0.0514
  0.2614  -0.7502  -0.0505  -0.3872   0.0333   0.1223
  0.2225  -0.6820  -0.0487  -0.3954   0.0208   0.1344
  0.2064  -0.7119  -0.0502  -0.3840   0.0241   0.3471
  0.1990  -0.7365  -0.0594  -0.4070   0.0094   0.1410
  0.1642  -0.7097  -0.0567  -0.4010  -0.0034  -0.0922
  0.1673  -0.7507  -0.0636  -0.4476  -0.0072   0.2730
  0.1796  -0.7287  -0.0518  -0.3923  -0.0153   0.1772
  0.2149  -0.8280  -0.0720  -0.3656  -0.0094   0.0702
  0.2348  -0.8296  -0.0738  -0.3343  -0.0002   0.1208
  0.2197  -0.8066  -0.0764  -0.4044  -0.0021   0.3070
  0.2221  -0.7973  -0.0835  -0.4550  -0.0004   0.1596
  0.2259  -0.7530  -0.0736  -0.4240   0.0064   0.2725
  0.2088  -0.7932  -0.0726  -0.4399   0.0079   0.0998
  0.2230  -0.7512  -0.0655  -0.4036   0.0084   0.1976
  0.2233  -0.7821  -0.0583  -0.4422   0.0140   0.2462
  0.2276  -0.7863  -0.0633  -0.4638   0.0134   0.2049
  0.1971  -0.7453  -0.0605  -0.4349   0.0113   0.1140
  0.2006  -0.7875  -0.0471  -0.4546   0.0185   0.2414
  0.1961  -0.7413  -0.0515  -0.4305   0.0160   0.0230
  0.1998  -0.8022  -0.0483  -0.4611   0.0217   0.3380
  0.1858  -0.7863  -0.0413  -0.4546   0.0171   0.1573
  0.1902  -0.8304  -0.0541  -0.4791   0.0210   0.0771
  0.2184  -0.8057  -0.0372  -0.4249   0.0177  -0.0499
  0.2047  -0.7922  -0.0337  -0.4525   0.0081   0.1240
