  0.1129  -0.0263   0.1825   0.2471   0.1138   0.0097
  0.1185   0.0032   0.1704   0.2141   0.1126   0.0228
  0.1129  -0.0068   0.1705   0.2207   0.1052  -0.0113
  0.1139   0.0194   0.1687   0.2040   0.1092   0.0105
  0.1084  -0.0173   0.1722   0.1887   0.1059  -0.0483
  0.1348   0.0124   0.1453   0.2236   0.0949   0.0117
  0.1247   0.0039   0.1618   0.1907   0.1057  -0.0316
  0.1154   0.0267   0.1612   0.1705   0.1081  -0.0159
  0.1180   0.0381   0.1380   0.1038   0.1141  -0.0275
  0.1186   0.0339   0.1536   0.1493   0.1142  -0.0406
  0.1201   0.0260   0.1472   0.1555   0.1046  -0.0141
  0.1196  -0.0026   0.1229  -0.0893   0.1052  -0.0274
  0.1140  -0.0912   0.1601   0.0540   0.1064   0.0297
  0.1243  -0.0167   0.1467   0.0702   0.1035  -0.0171
  0.1303   0.0022   0.1587   0.1027   0.1186  -0.0234
  0.1634  -0.0071   0.1277   0.0945   0.1271  -0.0309
  0.1295  -0.0010   0.1436   0.1351   0.1036  -0.0392
  0.0545   0.0337   0.1256   0.1427   0.0545   0.0005
  0.0482   0.0360   0.1378   0.1328   0.0638  -0.0391
  0.0442   0.0709   0.1189   0.0987   0.0610  -0.0002
  0.0378   0.0557   0.1275   0.1083   0.0576  -0.0515
  0.0112   0.0888   0.1107  -0.0025   0.0798  -0.0072
  0.0401   0.0648   0.1125   0.0200   0.1098  -0.0549
  0.0391   0.1038   0.0830  -0.0764   0.0939  -0.0520
  0.0701   0.1057   0.0642   0.0349   0.0679  -0.0726
  0.0413   0.1152   0.0979  -0.0176   0.0689  -0.0014
  0.0412   0.1119   0.1160  -0.2291   0.0916  -0.0414
  0.0463   0.0915   0.1215  -0.0900   0.0938  -0.0428
  0.0598   0.0199   0.1543  -0.0339   0.1142   0.0024
  0.0338   0.0224   0.1511  -0.1179   0.1175   0.0430
  0.0422   0.1004   0.0847  -0.2122   0.1040  -0.0263
  0.0309   0.1069   0.1184  -0.1712   0.0851  -0.0377
  0.0141   0.0631   0.1223  -0.0329   0.0748  -0.0338
  0.0357   0.0713   0.0945  -0.0183   0.0946  -0.0177
  0.0430   0.0589   0.1091   0.0478   0.0905  -0.0599
  0.0412   0.0813   0.1004   0.0360   0.0910  -0.0141
  0.0421   0.0625   0.1134   0.0754   0.0841  -0.0576
  0.0518   0.0834   0.1018   0.0661   0.1006   0.0041
  0.0383   0.0597   0.1021   0.1064   0.0785  -0.0150
  0.0316   0.0782   0.0943   0.0976   0.0768   0.0376
  0.0099   0.0023   0.1091   0.1184   0.0807   0.0138
  0.0078  -0.0501   0.1026   0.1092   0.0792   0.0655
  0.0236  -0.0033   0.0912   0.1231   0.0746   0.1052
  0.0096  -0.0179   0.0855   0.1376   0.0630   0.0300
  0.0157   0.0109   0.0830   0.1275   0.0544   0.0136
  0.0267   0.0478   0.0692   0.1234   0.0573   0.0128
  0.0329   0.0278   0.0792   0.1316   0.0634  -0.0370
  0.0265   0.0437   0.0747   0.1272   0.0544   0.0292
  0.0194   0.0607   0.0668   0.1336   0.0450   0.0028
  0.0109   0.0390   0.0717   0.0697   0.0502  -0.0078
  0.0178  -0.0556   0.0991   0.0439   0.0635   0.0160
  0.0385  -0.0029   0.0875   0.0155   0.0698  -0.0171
  0.0423   0.0693   0.0463  -0.1482   0.0543   0.0058
  0.0092   0.0428   0.0902  -0.1541   0.0477  -0.0658
 -0.0137   0.0047   0.1048  -0.0995   0.0479   0.0060
 -0.0014   0.0033   0.0926   0.0253   0.0380   0.0090
  0.0007   0.0120   0.0966   0.0537   0.0332  -0.0178
  0.0075   0.0395   0.0856   0.0344   0.0357   0.0074
  0.0158   0.0527   0.0793   0.0763   0.0357  -0.0023
  0.0053   0.0574   0.0816   0.0764   0.0340  -0.0017
  0.0091  -0.0444   0.0907   0.1231   0.0354  -0.0106
 -0.0067  -0.0183   0.0669  -0.0241   0.0559  -0.0480
 -0.0226  -0.0076   0.0567  -0.1233   0.1109  -0.0448
  0.0023   0.0564  -0.0366  -0.1364   0.0743   0.0713
 -0.0142   0.0118  -0.0621  -0.0618   0.0546   0.0158
  0.0111   0.0051  -0.0488  -0.0334   0.0189  -0.0589
  0.0138   0.0127  -0.0396   0.0156   0.0089   0.0032
 -0.0266  -0.0320  -0.0509   0.0426  -0.0082   0.0280
 -0.0099  -0.0516  -0.0582   0.0648   0.0075   0.0494
 -0.0134  -0.0619  -0.0547   0.0714  -0.0040   0.0501
 -0.0165  -0.0463  -0.0505   0.0906  -0.0190   0.0317
 -0.0115  -0.0240  -0.0602   0.0883  -0.0133   0.0314
 -0.0183  -0.0441  -0.0484   0.0086  -0.0157  -0.0225
 -0.0338   0.0098  -0.0504  -0.0300  -0.0243   0.0617
 -0.0262   0.0017  -0.0637  -0.0121  -0.0232   0.0035
 -0.0300  -0.0156  -0.0366   0.0072  -0.0449  -0.0326
 -0.0212   0.0185  -0.0504   0.0229  -0.0430   0.0288
 -0.0155   0.0251  -0.0536   0.0339  -0.0455  -0.0216
 -0.0123   0.0241  -0.0586   0.0076  -0.0405  -0.0060
 -0.0245   0.0253  -0.0590   0.0411  -0.0504   0.0062
 -0.0252  -0.0321  -0.0459   0.0248  -0.0458  -0.0192
 -0.0452  -0.1380  -0.0213   0.0633  -0.0431   0.0774
 -0.0325  -0.0261  -0.0560   0.0012  -0.0489   0.0059
 -0.0401  -0.0362  -0.0546  -0.0048  -0.0523  -0.0168
 -0.0352  -0.0346  -0.0676   0.0441  -0.0588   0.0352
 -0.0354  -0.0258  -0.0616   0.0287  -0.0639  -0.0001
 -0.0358  -0.0209  -0.0671   0.0526  -0.0640   0.0096
 -0.0352  -0.0258  -0.0715   0.0566  -0.0756   0.0019
 -0.0388  -0.0173  -0.0744   0.0402  -0.0657   0.0128
 -0.0381  -0.0246  -0.0612   0.0406  -0.0778  -0.0047
 -0.0336  -0.0091  -0.0695   0.0331  -0.0744   0.0067
 -0.0387  -0.0261  -0.0587   0.0262  -0.0716  -0.0231
 -0.0314  -0.0070  -0.0697   0.0206  -0.0669   0.0176
 -0.0334  -0.0223  -0.0601   0.0007  -0.0672  -0.0271
 -0.0318   0.0103  -0.0689  -0.0059  -0.0712   0.0076
 -0.0278  -0.0045  -0.0691   0.0249  -0.0717  -0.0267
 -0.0212   0.0157  -0.0683  -0.0174  -0.0562  -0.0066
 -0.0227  -0.0138  -0.0560  -0.0391  -0.0649  -0.0469
 -0.0211   0.0246  -0.0420  -0.0439  -0.0251  -0.0068
 -0.0291   0.0138  -0.0505  -0.0132  -0.0384  -0.0391
 -0.0160   0.0201  -0.0814  -0.0232  -0.0453  -0.0115
 -0.0174   0.0309  -0.0851  -0.0870  -0.0277  -0.0386
 -0.0368  -0.1276  -0.0657  -0.0884  -0.0098   0.0384
  0.0088  -0.1399  -0.0614  -0.0574  -0.0008   0.0519
 -0.0185  -0.0810  -0.0776  -0.1079  -0.0305   0.0600
 -0.0445  -0.0771  -0.0830  -0.0641  -0.0520   0.0133
 -0.0510  -0.0369  -0.0926  -0.0587  -0.0541   0.0390
 -0.0529  -0.0486  -0.0798  -0.0128  -0.0659   0.0105
 -0.0533  -0.0274  -0.0726  -0.1004  -0.0597   0.0190
 -0.0519  -0.0152  -0.0697  -0.0701  -0.0669   0.0087
 -0.0546  -0.0171  -0.0743  -0.0654  -0.0653   0.0368
 -0.0486  -0.0127  -0.0719  -0.0973  -0.0643   0.0660
 -0.0510  -0.0540  -0.0797  -0.0490  -0.0581   0.0262
 -0.0694  -0.0281  -0.0876  -0.0569  -0.0617   0.0395
 -0.0729  -0.0810  -0.0896  -0.0569  -0.0631   0.0014
 -0.0566  -0.0127  -0.1256  -0.1541  -0.0494   0.0354
 -0.0723  -0.0320  -0.1205  -0.1359  -0.0678   0.0180
 -0.0669  -0.0109  -0.1067  -0.0922  -0.0761  -0.0288
 -0.0528   0.0035  -0.1144  -0.0809  -0.0677   0.0134
 -0.0577   0.0040  -0.1117  -0.0699  -0.0856  -0.0153
 -0.0464   0.0143  -0.1143  -0.0628  -0.0772   0.0095
 -0.0504   0.0277  -0.0943  -0.0756  -0.0610  -0.0032
 -0.0526  -0.0142  -0.0830  -0.0597  -0.0570  -0.0087
 -0.0585   0.0081  -0.0988  -0.0751  -0.0669   0.0179
 -0.0567  -0.0227  -0.0919  -0.0700  -0.0590  -0.0112
 -0.0504  -0.0002  -0.1085  -0.0823  -0.0570   0.0340
 -0.0534  -0.0207  -0.0888  -0.0741  -0.0626  -0.0179
 -0.0443   0.0127  -0.1065  -0.0891  -0.0700   0.0247
 -0.0463  -0.0086  -0.1073  -0.0693  -0.0707  -0.0129
 -0.0456   0.0060  -0.1065  -0.0901  -0.0718   0.0314
 -0.0447  -0.0252  -0.0972  -0.0611  -0.0724  -0.0106
 -0.0390   0.0155  -0.1061  -0.0744  -0.0653   0.0209
 -0.0475  -0.0032  -0.0914  -0.0744  -0.0682  -0.0223
 -0.0471   0.0217  -0.1086  -0.0835  -0.0765   0.0245
 -0.0560  -0.0150  -0.0992  -0.0440  -0.0775   0.0024
 -0.0422  -0.0843  -0.1067  -0.0161  -0.0717   0.0134
 -0.0517  -0.0270  -0.1036  -0.0665  -0.0798  -0.0115
 -0.0556  -0.0235  -0.1123  -0.0220  -0.0864   0.0066
 -0.0473  -0.0837  -0.0971   0.0487  -0.0983  -0.0661
 -0.0261  -0.0258  -0.0823  -0.1003  -0.1209   0.0446
 -0.0284  -0.1011  -0.1063  -0.1122  -0.1128   0.0238
 -0.0255  -0.0707  -0.1112  -0.0912  -0.0985   0.0226
 -0.0424  -0.0877  -0.1135  -0.1017  -0.1022   0.0012
 -0.0393  -0.0377  -0.1215  -0.0833  -0.1018  -0.0050
 -0.0400  -0.0288  -0.1171  -0.0146  -0.1163   0.0143
 -0.0262  -0.0477  -0.1144  -0.0168  -0.1033   0.0085
 -0.0290  -0.0299  -0.1098  -0.0428  -0.1037   0.0253
 -0.0307  -0.0284  -0.0788  -0.1479  -0.0757  -0.0281
 -0.0540   0.0135  -0.0555  -0.1707  -0.0525   0.0153
 -0.0620  -0.0319  -0.0655  -0.1381  -0.0771  -0.0367
 -0.0527  -0.0185  -0.0785  -0.1226  -0.0807   0.0018
 -0.0442  -0.0193  -0.0833  -0.1515  -0.0823  -0.0005
