  0.0142   0.4605  -0.2787   0.4867  -0.1907   0.0337
  0.0077   0.4166  -0.2577   0.5223  -0.1808   0.0729
  0.0031   0.4190  -0.2563   0.4840  -0.1778   0.0324
  0.0008   0.4213  -0.2463   0.4952  -0.1723   0.0350
 -0.0013   0.4281  -0.2295   0.5664  -0.1791   0.0831
 -0.0171   0.3974  -0.2251   0.5655  -0.1847   0.0651
 -0.0045   0.4052  -0.2260   0.5504  -0.1814   0.0552
  0.0036   0.3895  -0.2211   0.5808  -0.1854   0.0899
  0.0003   0.4025  -0.2424   0.5193  -0.1879   0.0460
  0.0100   0.4085  -0.2556   0.5392  -0.1875   0.0834
  0.0089   0.3887  -0.2400   0.5578  -0.1931   0.1027
 -0.0000   0.3989  -0.2059   0.4881  -0.1845   0.0481
 -0.0034   0.3668  -0.1478   0.4282  -0.1571   0.0258
 -0.0079   0.3364  -0.1411   0.4485  -0.1373   0.0517
  0.0008   0.2804  -0.1393   0.3366  -0.1320   0.0132
  0.0060   0.3122  -0.1679   0.3689  -0.1391   0.0233
  0.0052   0.2853  -0.1671   0.4069  -0.1433   0.0540
  0.0077   0.2927  -0.1631   0.3614  -0.1491   0.0171
  0.0082   0.3161  -0.1715   0.3655  -0.1528  -0.0020
  0.0031   0.3105  -0.1561   0.4072  -0.1505   0.0556
 -0.0081   0.2902  -0.1244   0.3573  -0.1307   0.0396
 -0.0095   0.2925  -0.1109   0.3346  -0.1223   0.0084
 -0.0189   0.2595  -0.0542   0.2838  -0.0892   0.0021
 -0.0417   0.1774  -0.0048   0.2147  -0.0542   0.0067
 -0.0554   0.0605   0.0590   0.0926  -0.0272  -0.0322
 -0.0359  -0.0285   0.0575  -0.1388  -0.0052  -0.0853
 -0.0115  -0.0784  -0.0217  -0.0366  -0.0098  -0.0134
 -0.0186  -0.0343  -0.0256   0.0176  -0.0178  -0.0316
 -0.0206  -0.0245  -0.0194   0.0633  -0.0285   0.0157
 -0.0260  -0.0362  -0.0031   0.0619  -0.0289   0.0223
 -0.0353  -0.0305   0.0037   0.0577  -0.0255   0.0108
 -0.0254  -0.0410   0.0497  -0.0326  -0.0048  -0.0285
 -0.0154  -0.0573   0.0241   0.0391   0.0007   0.0265
 -0.0051  -0.0518   0.0278  -0.0700   0.0248  -0.0195
  0.0212  -0.0555   0.0182  -0.0704   0.0350  -0.0362
  0.0145  -0.0499   0.0251  -0.0315   0.0263  -0.0067
  0.0205  -0.0658   0.0187  -0.0559   0.0355  -0.0075
  0.0123  -0.0416   0.0057  -0.0222   0.0194  -0.0034
 -0.0056  -0.0202   0.0096  -0.0959   0.0338  -0.0272
 -0.0046  -0.0548   0.0118  -0.0285   0.0240   0.0165
  0.0095  -0.0428   0.0058  -0.0488   0.0261  -0.0084
  0.0227  -0.0550   0.0329  -0.1010   0.0358  -0.0364
  0.0111  -0.0469   0.0616  -0.1272   0.0518  -0.0326
 -0.0027  -0.0662   0.0814  -0.0852   0.0500  -0.0263
 -0.0091  -0.0888   0.0889  -0.1250   0.0583  -0.0401
 -0.0065  -0.0697   0.0973  -0.0897   0.0546  -0.0321
 -0.0015  -0.1098   0.0932  -0.0480   0.0560   0.0271
 -0.0153  -0.1417   0.0738  -0.1948   0.0931  -0.0582
 -0.0130  -0.1469   0.0489   0.1147   0.0657   0.0244
  0.0013  -0.1055  -0.0056   0.0844   0.0313   0.0939
  0.0032  -0.0828   0.0308  -0.0673   0.0329   0.0060
  0.0024  -0.0864   0.0330  -0.0401   0.0331   0.0219
  0.0032  -0.1049   0.0391  -0.0175   0.0405   0.0308
  0.0111  -0.1012   0.0536  -0.0758   0.0440   0.0074
  0.0230  -0.0812   0.0529  -0.0546   0.0412  -0.0059
  0.0026  -0.1064   0.0597  -0.0359   0.0534   0.0326
  0.0111  -0.1222   0.0810  -0.0906   0.0665   0.0087
  0.0049  -0.0948   0.0726  -0.0934   0.0628  -0.0168
 -0.0080  -0.1128   0.0711  -0.0050   0.0574   0.0667
 -0.0110  -0.1220   0.0576  -0.0534   0.0776   0.0421
  0.0190  -0.1028   0.0648  -0.1302   0.0574  -0.0270
  0.0037  -0.0965   0.0652  -0.1053   0.0528   0.0275
 -0.0121  -0.0983   0.0776  -0.1083   0.0640   0.0095
 -0.0092  -0.1513   0.1017  -0.3056   0.0919  -0.0274
  0.0091  -0.2179   0.1025  -0.4351   0.1133  -0.0713
  0.0063  -0.1629   0.1085  -0.2293   0.1103  -0.0221
  0.0273  -0.2056   0.1017  -0.3681   0.1098  -0.0474
  0.0190  -0.2366   0.0429  -0.2852   0.0901   0.0257
  0.0234  -0.2142   0.0515  -0.3313   0.0802  -0.0308
  0.0148  -0.1958   0.0741  -0.4007   0.1009  -0.0455
  0.0123  -0.2217   0.0803  -0.3716   0.1067  -0.0421
  0.0165  -0.2434   0.0991  -0.4247   0.1158  -0.0538
  0.0254  -0.2698   0.1110  -0.4817   0.1291  -0.0806
  0.0178  -0.2672   0.0977  -0.4805   0.1337  -0.0729
  0.0196  -0.2524   0.0810  -0.3939   0.1173  -0.0123
  0.0248  -0.2490   0.0930  -0.4420   0.1200  -0.0165
  0.0105  -0.2324   0.1258  -0.4768   0.1148  -0.0923
 -0.0017  -0.2034   0.1352  -0.4007   0.1139  -0.0682
 -0.0107  -0.2297   0.1354  -0.3682   0.1243  -0.0487
 -0.0030  -0.2659   0.1199  -0.3323   0.1249  -0.0510
  0.0091  -0.2493   0.0952  -0.3850   0.1117   0.0031
  0.0117  -0.2734   0.1223  -0.4708   0.1207  -0.0440
  0.0135  -0.2756   0.1501  -0.5027   0.1166  -0.0637
  0.0133  -0.2839   0.1480  -0.4875   0.1236  -0.0684
  0.0162  -0.3126   0.1950  -0.5297   0.0978  -0.0461
