  0.0077  -0.0765   0.0436  -0.3291   0.0146  -0.0190
  0.0446  -0.0554   0.1422  -0.3674   0.0289  -0.0118
  0.0485  -0.0747   0.1705  -0.3243   0.0369  -0.0134
  0.0527  -0.1143   0.1702  -0.2736   0.0336  -0.0345
  0.0263  -0.1303   0.1686  -0.2538   0.0270  -0.0384
  0.0201  -0.0924   0.1745  -0.2409   0.0285   0.0191
  0.0576  -0.1062   0.0807  -0.5287  -0.0536   0.0644
  0.0991   0.0609  -0.0050  -0.5286  -0.0556  -0.0356
  0.1067   0.0543   0.0184  -0.4804  -0.0494   0.0021
  0.1082   0.0287   0.0645  -0.5000  -0.0250  -0.0117
  0.0854   0.0127   0.0928  -0.5087  -0.0033   0.0160
  0.0958   0.0309   0.1073  -0.4891  -0.0114  -0.0124
  0.0991   0.0369   0.1174  -0.4847  -0.0100  -0.0224
  0.0981   0.0297   0.1277  -0.4610  -0.0134  -0.0163
  0.0982   0.0362   0.1249  -0.4635  -0.0101  -0.0062
  0.0919   0.0313   0.1300  -0.4597  -0.0136  -0.0062
  0.0905   0.0192   0.1368  -0.4397  -0.0068  -0.0048
  0.0907   0.0079   0.1541  -0.4448  -0.0089  -0.0281
  0.0834  -0.0249   0.1470  -0.4520  -0.0156  -0.0476
  0.0919  -0.0486   0.0930  -0.4840  -0.0309  -0.0368
  0.0667  -0.0881   0.0437  -0.5552  -0.0197  -0.0255
  0.0461  -0.0464   0.0514  -0.4379  -0.0085   0.1027
  0.0420  -0.0225   0.0930  -0.4310  -0.0176   0.0418
  0.0259  -0.0336   0.0724  -0.4300  -0.0194  -0.0005
  0.0331  -0.0670   0.0984  -0.4109  -0.0135  -0.0146
  0.0377  -0.2494   0.0367  -0.4141  -0.0185   0.0248
  0.0717  -0.4529  -0.1786  -0.3281  -0.0743   0.0592
  0.0468  -0.3409  -0.1288  -0.3773  -0.0259   0.0852
  0.0342  -0.3652  -0.0713  -0.4170  -0.0202  -0.0077
  0.0589  -0.2189  -0.0261  -0.4547  -0.0070  -0.0982
  0.0273  -0.0590   0.0054  -0.5623  -0.0038   0.1981
 -0.0048  -0.1550  -0.0367  -0.5386  -0.0105   0.0769
  0.0236  -0.1468  -0.0577  -0.4780  -0.0600  -0.0284
  0.0210  -0.0955  -0.0603  -0.4278  -0.0448   0.0423
  0.0329  -0.1074  -0.0574  -0.3534  -0.0449  -0.0185
  0.0137  -0.1344  -0.0751  -0.2733  -0.0376  -0.0184
  0.0570  -0.0799  -0.0746  -0.1820  -0.0212  -0.0546
  0.0200  -0.1815  -0.0028  -0.3094  -0.0155   0.0628
  0.0121  -0.2494   0.0294  -0.3422  -0.0037   0.0566
  0.0038  -0.2452   0.0221  -0.3125   0.0025   0.0045
 -0.0223  -0.2660   0.0361  -0.3238  -0.0068  -0.0260
 -0.0357  -0.1867   0.0768  -0.3878  -0.0002   0.0204
 -0.0239  -0.1931   0.1075  -0.3347  -0.0030  -0.1241
 -0.0009  -0.1574   0.0893  -0.2466  -0.0006  -0.0491
  0.0103  -0.1295   0.0386  -0.2894  -0.0201  -0.0290
  0.0084  -0.1688   0.0818  -0.2613  -0.0093   0.0445
 -0.0077  -0.2071   0.1218  -0.3119   0.0048  -0.0265
  0.0170  -0.2445   0.1097  -0.3286   0.0099  -0.0387
  0.0580  -0.1268   0.1670  -0.4518   0.0954  -0.1780
  0.0909   0.7425   0.2220  -0.5380   0.1656  -0.1844
  0.1022   0.1352   0.0980  -0.4494   0.0846   0.3492
  0.0244   0.1063   0.0521   0.0033   0.0563  -0.0105
 -0.0984   0.2790  -0.0898   0.4261   0.0052  -0.0949
 -0.0845   0.2826  -0.0308   0.4499  -0.0057   0.0660
 -0.0285  -0.1091  -0.1293   0.6161  -0.0939   0.0076
  0.0068   0.1916  -0.4224   1.1098  -0.2127  -0.2201
 -0.0911   0.6698  -0.2801   1.9603  -0.0657  -0.1295
 -0.0996   1.0018  -0.2762   2.1771  -0.0795  -0.1247
 -0.0775   0.8380  -0.2624   1.7749  -0.0740  -0.0879
 -0.1061   0.8908  -0.3078   1.7075  -0.0837  -0.0767
 -0.0253   0.5112  -0.2572   1.2398  -0.0485  -0.0521
 -0.0172   0.1193  -0.2218  -0.4601  -0.1367   0.1043
 -0.0589   0.1919  -0.2336  -0.9436  -0.0942   0.2687
 -0.0558  -0.0423  -0.1462  -0.9569  -0.0083  -0.0421
 -0.0503  -0.0722  -0.0914  -0.8135   0.0009  -0.0777
 -0.0640  -0.0368  -0.0561  -0.5596   0.0049  -0.1207
 -0.0388  -0.0469  -0.0375  -0.5831   0.0138  -0.0250
 -0.0046  -0.0705   0.0423  -0.6697   0.0740  -0.0564
 -0.0057  -0.0453   0.1030  -0.7396   0.0468  -0.0090
 -0.0093  -0.0229   0.0626  -0.6045   0.0505  -0.0891
 -0.0173  -0.0512   0.0568  -0.6124   0.0476  -0.0354
 -0.0112  -0.0395   0.0827  -0.6117   0.0369  -0.0513
  0.0063   0.0036   0.1134  -0.6179   0.0378  -0.0117
  0.0159   0.0026   0.1179  -0.5824   0.0311  -0.0583
  0.0118  -0.0160  -0.0473  -0.4848  -0.0429  -0.0597
  0.0238  -0.1956   0.0025  -0.6307   0.0059  -0.0858
  0.0057  -0.0748   0.0488  -0.4886   0.0060   0.1277
  0.0127  -0.0475   0.0549  -0.4813   0.0064   0.0096
  0.0137  -0.0379   0.0632  -0.5272   0.0154   0.0009
  0.0087  -0.0708   0.0533  -0.4665   0.0112  -0.0416
  0.0073  -0.0453   0.0465  -0.4598   0.0126   0.0165
  0.0334   0.0641   0.0620  -0.3514   0.0104  -0.1756
  0.0229   0.8861  -0.1757   1.4215  -0.0306  -0.3466
 -0.0445   1.0756  -0.1372   1.7940   0.0747  -0.1071
 -0.0770   0.9635  -0.2312   1.7141   0.0475  -0.0682
  0.0956   0.9994  -0.1852   1.2551   0.0558   0.0614
  0.0334   0.4168   0.0648   0.6365   0.0754   0.1657
 -0.0533   0.3366  -0.0556   0.6111   0.0661  -0.0557
 -0.0151   0.3386  -0.0602   0.2424   0.1232   0.1116
 -0.0491   0.2680  -0.0744   0.2143   0.0947   0.0017
 -0.0674   0.1949  -0.0455   0.1916   0.0813   0.0449
 -0.0119   0.4050  -0.2472   0.5566  -0.0844  -0.3855
 -0.1028   0.1535  -0.2959   0.4361  -0.1127   0.1236
 -0.1242   0.1170  -0.2832   0.4144  -0.0894   0.1064
 -0.0965   0.0812  -0.1471   0.1040  -0.0071   0.0171
 -0.0330   0.1620  -0.0964   0.2244  -0.0110  -0.1196
 -0.0074   0.2198  -0.1169   0.1779  -0.0596   0.0275
 -0.0599   0.1417  -0.1865  -0.0523  -0.0576   0.1121
 -0.0618   0.1237  -0.1429  -0.2003  -0.0347   0.0649
 -0.0640   0.0480  -0.1035  -0.2656  -0.0304  -0.0370
 -0.0428   0.0376  -0.0850  -0.3306  -0.0326  -0.0135
 -0.0005   0.0625  -0.0367  -0.1182  -0.0220  -0.0531
  0.0245   0.0463  -0.1871   1.5172  -0.0618  -0.2731
 -0.0609  -0.0351  -0.2590   2.0786  -0.0022  -0.1531
 -0.1352   0.1008  -0.2362   1.9614  -0.0187  -0.1086
 -0.1166   0.0976  -0.1435   1.7989  -0.0128  -0.0024
 -0.0421   0.2730  -0.1466   1.5651  -0.0093   0.0458
  0.0434   0.8777  -0.0572   2.5411   0.0124  -0.3897
 -0.0147   0.6690  -0.1307   1.4751   0.0950  -0.0333
 -0.0665   0.0876   0.0201   0.6372   0.0655   0.0869
 -0.0807   0.0157   0.0633   0.4308   0.0623  -0.0417
 -0.0787  -0.1195   0.0494   0.3982   0.0468   0.0152
 -0.0803  -0.1727   0.0631   0.4119   0.0465   0.0231
 -0.0879  -0.2016   0.0740   0.3370   0.0516   0.0391
 -0.0976  -0.2016   0.0688   0.2516   0.0499   0.0607
 -0.0850  -0.2003   0.0751   0.2470   0.0506  -0.0427
 -0.0294  -0.1403   0.0724   0.2975   0.0922   0.0212
 -0.1082  -0.2504   0.0965  -0.0429   0.0943   0.1151
 -0.1031  -0.2218   0.1015  -0.0926   0.0775   0.0521
 -0.0958  -0.1834   0.0734  -0.2002   0.0575  -0.0607
