 -0.0400   0.3137   0.1906   0.3312   0.0299   0.0551
 -0.0761   0.2923   0.1672   0.3676   0.0265   0.0628
 -0.0828   0.2504   0.1631   0.3422   0.0308   0.0881
 -0.0946   0.2317   0.1102   0.3602  -0.0156   0.0732
 -0.1154   0.2625   0.0831   0.2974  -0.0236   0.0738
 -0.0947   0.2910   0.0719   0.2693  -0.0159   0.0894
 -0.1005   0.2665   0.0946   0.3006  -0.0200   0.0749
 -0.1024   0.2654   0.0901   0.2905  -0.0201   0.0761
 -0.0970   0.2672   0.0911   0.3053  -0.0082   0.0707
 -0.1419   0.2724   0.1721   0.4443   0.0256   0.0819
 -0.1168   0.2485   0.1407   0.4167   0.0218   0.0696
 -0.1077   0.2528   0.1371   0.3817   0.0508   0.0751
 -0.0989   0.2641   0.1585   0.3246   0.0432   0.0820
 -0.1089   0.2027   0.1444   0.3343   0.0398   0.0899
 -0.1607   0.2195   0.1779   0.3733  -0.0372   0.0871
 -0.1324   0.2845   0.1421   0.3399   0.0140   0.0869
 -0.1012   0.2082   0.1412   0.4697   0.0060   0.0846
 -0.0753   0.1934   0.1625   0.3357   0.0044   0.0675
 -0.0823   0.2210   0.1549   0.3127   0.0156   0.0801
 -0.0811   0.2041   0.1493   0.3660   0.0155   0.0712
 -0.0881   0.2054   0.1394   0.3198   0.0175   0.0700
 -0.0880   0.2044   0.1539   0.4047   0.0129   0.0449
 -0.0816   0.2499   0.1682   0.3931   0.0154   0.0651
 -0.0811   0.2583   0.1816   0.4093   0.0401   0.0511
 -0.0615   0.2729   0.1634   0.3375   0.0201   0.0577
 -0.0618   0.2622   0.1457   0.3800   0.0123   0.0507
 -0.0704   0.2154   0.1486   0.4242   0.0146   0.0592
 -0.0594   0.2116   0.1409   0.3908   0.0128   0.0520
 -0.0540   0.2067   0.1379   0.3980   0.0042   0.0477
 -0.0313   0.2268   0.1251   0.3934  -0.0015   0.0398
 -0.0307   0.1983   0.1812   0.4476   0.0239   0.0357
 -0.0329   0.1859   0.1858   0.4269   0.0191   0.0536
 -0.0312   0.1746   0.1656   0.3951   0.0071   0.0552
 -0.0305   0.1554   0.1972   0.5269  -0.0133   0.0257
 -0.0558   0.1721   0.2186   0.4016   0.0079   0.0537
 -0.0468   0.2094   0.1883   0.4601   0.0037   0.0629
 -0.0326   0.1433   0.1575   0.4726   0.0075   0.0592
 -0.0209   0.1103   0.1669   0.4426  -0.0054   0.0554
 -0.0568   0.1393   0.1470   0.3539   0.0166   0.0635
 -0.0486   0.1481   0.1708   0.3668   0.0116   0.0621
 -0.0211   0.1696   0.2005   0.4330   0.0527   0.0599
 -0.0334   0.1528   0.1571   0.2845   0.0491   0.0650
 -0.0323   0.1551   0.1664   0.3215   0.0364   0.0572
 -0.0274   0.1706   0.1760   0.3266   0.0273   0.0618
 -0.0273   0.1847   0.1540   0.3028   0.0243   0.0556
 -0.0454   0.1565   0.1356   0.3194   0.0221   0.0796
 -0.0216   0.1461   0.1621   0.3621   0.0180   0.0612
 -0.0221   0.1283   0.1405   0.3477   0.0105   0.0597
 -0.0415   0.1237   0.1914   0.2474   0.0033   0.0510
 -0.0379   0.0744   0.1860   0.3164   0.0151   0.0486
 -0.0417   0.0874   0.1788   0.3489  -0.0137   0.0457
 -0.0379   0.1509   0.1388   0.2261  -0.0039   0.0694
 -0.0496   0.1551   0.1339   0.1864   0.0195   0.0890
 -0.0281   0.1368   0.1141   0.2295   0.0090   0.0723
 -0.0281   0.1535   0.1223   0.1989   0.0011   0.0636
 -0.0021   0.1064   0.1079   0.2232   0.0041   0.0555
  0.0050   0.0941   0.1087   0.2786  -0.0002   0.0515
  0.0108   0.1088   0.1036   0.2915   0.0077   0.0606
  0.0098   0.1107   0.1041   0.2423   0.0014   0.0596
  0.0015   0.1341   0.1156   0.1938   0.0009   0.0725
 -0.0113   0.1127   0.1374   0.2457   0.0008   0.0686
 -0.0452   0.1027   0.0816   0.1847  -0.0082   0.0618
 -0.0419   0.1083   0.0726   0.2209   0.0077   0.0613
 -0.0472   0.1446   0.0414   0.2275  -0.0261   0.0642
 -0.0261   0.1089   0.0369   0.1954  -0.0271   0.0674
 -0.0205   0.1008   0.0869   0.2181   0.0006   0.0618
 -0.0223   0.0989   0.0891   0.2036  -0.0225   0.0673
 -0.0263   0.1095   0.0680   0.1538  -0.0108   0.0630
 -0.0101   0.0999   0.0785   0.1522  -0.0152   0.0594
 -0.0079   0.1426   0.0930   0.1567   0.0130   0.0403
  0.0394   0.2201   0.1881   0.1418   0.1020   0.0512
 -0.0025   0.1236   0.0847   0.1886   0.0193   0.0438
  0.0031   0.0976   0.0941   0.1175   0.0234   0.0474
  0.0281   0.0967   0.0746   0.1107   0.0141   0.0468
  0.0435   0.1245   0.0656   0.0518   0.0118   0.0395
  0.0498   0.1170   0.0816   0.0553  -0.0038   0.0305
  0.0415   0.1367   0.0634   0.0314  -0.0061   0.0439
  0.0442   0.1343   0.0556   0.0274  -0.0017   0.0375
  0.0386   0.1419   0.0527   0.0545   0.0025   0.0421
  0.0472   0.1788   0.0387   0.0215   0.0041   0.0451
 -0.0023   0.1764   0.0113   0.0500  -0.0202   0.0258
  0.0148   0.0560   0.0533   0.2115  -0.0013   0.0367
  0.0323   0.0560   0.0320   0.1094  -0.0287   0.0242
  0.0526   0.0941   0.0251   0.0921  -0.0228   0.0201
  0.0660   0.1032   0.0408   0.0822  -0.0254   0.0341
  0.0392   0.1784   0.0544   0.1582  -0.0389   0.0166
  0.0287   0.1762   0.1130   0.2564  -0.0117   0.0318
  0.0310   0.1168   0.0631   0.2025  -0.0117   0.0192
  0.0208   0.1037   0.0355   0.1771  -0.0115   0.0350
  0.0248   0.1069   0.0472   0.1272  -0.0168   0.0360
  0.0377   0.0837   0.0505   0.1049  -0.0307   0.0257
  0.0400   0.1104   0.0682   0.0795  -0.0018   0.0262
  0.0173   0.1288   0.1535   0.1603  -0.0430   0.0296
  0.0154   0.1202   0.1163   0.1202  -0.0294   0.0191
  0.0184   0.0865   0.1201   0.1414  -0.0184   0.0230
  0.0192   0.1083   0.1512   0.1657  -0.0089   0.0313
  0.0290   0.1052   0.1380   0.1636  -0.0250   0.0294
  0.0366   0.1172   0.1600   0.2068  -0.0044   0.0128
  0.0356   0.0871   0.1640   0.1906   0.0124   0.0227
  0.0282   0.0887   0.1422   0.1799  -0.0126   0.0228
  0.0319   0.0812   0.1476   0.2244  -0.0195   0.0088
  0.0066   0.0453   0.1349   0.2045  -0.0188   0.0144
  0.0206   0.0242   0.1215   0.2019  -0.0104   0.0263
  0.0410   0.0340   0.1078   0.1652  -0.0322   0.0153
  0.0421   0.0418   0.1251   0.1722  -0.0264   0.0155
  0.0354   0.0250   0.1251   0.1863  -0.0193   0.0006
  0.0418   0.0051   0.1371   0.2066  -0.0075   0.0086
  0.0355   0.0519   0.1245   0.2075  -0.0065   0.0100
  0.0166   0.0818   0.1242   0.1621   0.0057   0.0245
  0.0208   0.0828   0.1120   0.1131   0.0006   0.0098
  0.0215   0.0597   0.0961   0.1263  -0.0022   0.0044
  0.0112   0.1092   0.1085   0.1002  -0.0084   0.0085
 -0.0011   0.1136   0.1018   0.0746  -0.0080   0.0111
 -0.0364   0.1042   0.1056   0.0798  -0.0261   0.0146
  0.0118   0.0331   0.1068   0.1037   0.0226  -0.0016
  0.0074   0.0250   0.0915   0.1078   0.0128   0.0149
  0.0081   0.0152   0.0767   0.0729  -0.0070   0.0173
  0.0107   0.0211   0.0655   0.0928  -0.0088   0.0082
  0.0187   0.0297   0.0497   0.0889  -0.0107   0.0087
  0.0168   0.0209   0.0031   0.0571  -0.0347  -0.0003
  0.0173  -0.0035  -0.0237   0.0268  -0.0416  -0.0028
  0.0340  -0.0252  -0.0198   0.0588  -0.0398  -0.0092
  0.0448  -0.0204   0.0128   0.1140  -0.0213  -0.0109
  0.0381  -0.0009   0.0048   0.0304  -0.0330   0.0116
  0.0408   0.0165  -0.0024   0.0105  -0.0333   0.0115
  0.0019  -0.0299   0.0639   0.0732  -0.0101   0.0025
  0.0283   0.0024   0.0144   0.0786   0.0000  -0.0057
  0.0350   0.0133   0.0134   0.0338  -0.0070   0.0019
  0.0315   0.0212   0.0056   0.0694  -0.0161  -0.0131
  0.0229   0.0241   0.0106   0.1470   0.0015  -0.0074
  0.0331   0.0322   0.0144   0.0993  -0.0049  -0.0025
  0.0365   0.0364   0.0125   0.0363  -0.0048   0.0002
  0.0491   0.0372   0.0095   0.1254  -0.0185  -0.0156
  0.0486   0.0127  -0.0155   0.1506   0.0025  -0.0255
  0.0414  -0.0042   0.0120   0.1414   0.0014  -0.0107
  0.0302   0.0268   0.0164   0.1117  -0.0132  -0.0028
  0.0206  -0.0022  -0.0127   0.0560  -0.0107  -0.0012
  0.0227   0.0219  -0.0061   0.0379  -0.0168  -0.0044
  0.0231   0.0357   0.0025   0.0304  -0.0327  -0.0069
  0.0183   0.0280   0.0118   0.0367  -0.0176   0.0008
 -0.0075   0.0302  -0.0097   0.0266  -0.0625  -0.0016
  0.0163   0.0369  -0.0242  -0.0473  -0.0356  -0.0010
 -0.0022   0.0547  -0.0093  -0.0581  -0.0329   0.0044
  0.0187   0.0440   0.0031  -0.0063  -0.0494  -0.0116
 -0.0066   0.0022   0.0128   0.0467  -0.0215  -0.0086
 -0.0046   0.0160  -0.0150  -0.0271  -0.0255  -0.0038
  0.0087   0.0203  -0.0136   0.0031  -0.0279   0.0053
  0.0253   0.0101  -0.0161  -0.0170  -0.0205  -0.0052
  0.0437   0.0233  -0.0094  -0.0107  -0.0136  -0.0120
  0.0488   0.0176  -0.0118  -0.0123  -0.0093  -0.0260
  0.0501  -0.0069  -0.0150  -0.0415  -0.0184  -0.0209
  0.0554  -0.0077  -0.0225  -0.0501  -0.0266  -0.0192
  0.0489  -0.0151  -0.0142  -0.0334  -0.0276  -0.0216
  0.0505   0.0092  -0.0060  -0.0407  -0.0118  -0.0285
  0.0424   0.0121  -0.0059  -0.0202  -0.0032  -0.0328
  0.0330   0.0025  -0.0105  -0.0264  -0.0090  -0.0226
  0.0179   0.0135  -0.0094  -0.0093   0.0016  -0.0071
  0.0162   0.0128  -0.0018   0.0018   0.0032  -0.0091
  0.0159   0.0351  -0.0012  -0.0181   0.0076  -0.0097
  0.0140   0.0473  -0.0070  -0.0632   0.0201   0.0140
  0.0378   0.0764  -0.0160  -0.0290   0.0134   0.0009
  0.0224   0.0656  -0.0313  -0.0749   0.0239   0.0015
 -0.0074   0.0175  -0.0058  -0.0693   0.0158  -0.0047
  0.0184  -0.0310  -0.0097  -0.0213   0.0048  -0.0295
  0.0145   0.0288  -0.0189  -0.0659   0.0085  -0.0056
  0.0162   0.0423  -0.0233  -0.0736   0.0112   0.0056
  0.0087   0.0214  -0.0182  -0.0647  -0.0054  -0.0010
 -0.0066   0.0142  -0.0089  -0.0665   0.0120   0.0129
 -0.0011   0.0381  -0.0248  -0.0688   0.0102   0.0007
 -0.0023   0.0511  -0.0169  -0.1138   0.0176   0.0003
 -0.0168   0.0631  -0.0294  -0.0870   0.0204  -0.0005
  0.0354   0.0342  -0.0363  -0.0245   0.0232  -0.0129
  0.0262   0.0157  -0.0209  -0.0401   0.0407  -0.0031
  0.0153   0.0212  -0.0188  -0.0922   0.0325   0.0031
  0.0107   0.0045  -0.0153  -0.0479   0.0307  -0.0013
 -0.0187   0.0253   0.0016  -0.0771   0.0363  -0.0173
 -0.0071   0.0305  -0.0314  -0.0930   0.0246   0.0019
 -0.0140  -0.0215   0.0359  -0.0119   0.0357  -0.0184
 -0.0179  -0.0094  -0.0013  -0.0270   0.0223  -0.0157
 -0.0178   0.0012  -0.0130  -0.0929   0.0222  -0.0212
 -0.0252  -0.0043  -0.0194  -0.0657   0.0155  -0.0185
 -0.0154  -0.0067  -0.0312  -0.0911   0.0111  -0.0088
 -0.0061  -0.0371  -0.0334  -0.1357   0.0435   0.0055
 -0.0080  -0.0328  -0.0605  -0.1695   0.0374  -0.0125
 -0.0022  -0.0514  -0.0600  -0.1576   0.0351  -0.0251
  0.0036  -0.0432  -0.0669  -0.1473   0.0327  -0.0253
  0.0033  -0.0476  -0.0540  -0.1589   0.0319  -0.0145
 -0.0005  -0.0097  -0.1059  -0.1793   0.0302  -0.0157
 -0.0182  -0.0222  -0.0935  -0.1850   0.0121  -0.0075
 -0.0237  -0.0266  -0.0512  -0.1621  -0.0057  -0.0173
 -0.0187  -0.0366  -0.0849  -0.1771  -0.0045  -0.0188
 -0.0258  -0.0639  -0.0668  -0.1271   0.0006  -0.0357
 -0.0070  -0.0831  -0.0718  -0.1472   0.0151  -0.0265
 -0.0024  -0.0842  -0.0636  -0.1034   0.0077  -0.0195
 -0.0088  -0.0859  -0.0692  -0.1202   0.0173  -0.0223
 -0.0229  -0.0884  -0.0477  -0.1344   0.0251  -0.0227
 -0.0376  -0.0999  -0.0652  -0.1801   0.0224  -0.0225
 -0.0239  -0.0859  -0.0599  -0.1459   0.0273  -0.0246
 -0.0412  -0.0761  -0.0453  -0.1426   0.0210  -0.0205
 -0.0203  -0.1038  -0.0323  -0.1162   0.0235  -0.0318
 -0.0044  -0.0808  -0.0362  -0.1545   0.0251  -0.0314
 -0.0083  -0.0421  -0.0049  -0.1045   0.0460  -0.0513
 -0.0024   0.0401  -0.0553   0.0394   0.0118  -0.0401
  0.0054  -0.0320  -0.0593   0.0824   0.0038  -0.0487
  0.0129  -0.0257  -0.0665  -0.0091   0.0142  -0.0360
  0.0103  -0.0339  -0.0541  -0.0259   0.0217  -0.0376
  0.0042  -0.0618  -0.0475  -0.0596   0.0331  -0.0315
  0.0135  -0.0672  -0.0705  -0.1045   0.0335  -0.0229
  0.0123  -0.0858  -0.0996  -0.1754   0.0166  -0.0250
  0.0106  -0.0997  -0.1238  -0.1906   0.0121  -0.0266
  0.0125  -0.1424  -0.1603  -0.2263   0.0139  -0.0197
  0.0019  -0.1497  -0.1639  -0.2879   0.0336  -0.0235
  0.0014  -0.1243  -0.1344  -0.2335   0.0334  -0.0241
 -0.0003  -0.1057  -0.1351  -0.2320   0.0279  -0.0320
 -0.0127  -0.1036  -0.1449  -0.2428   0.0254  -0.0318
 -0.0082  -0.0893  -0.1460  -0.2238   0.0235  -0.0348
 -0.0029  -0.0988  -0.1417  -0.2081   0.0211  -0.0249
 -0.0350  -0.1090  -0.1455  -0.1988   0.0211  -0.0157
 -0.0231  -0.0870  -0.1539  -0.2214   0.0123  -0.0301
 -0.0173  -0.0819  -0.1533  -0.2373   0.0231  -0.0176
 -0.0093  -0.0624  -0.1519  -0.2452   0.0179  -0.0222
  0.0158  -0.0928  -0.1560  -0.2272  -0.0097  -0.0314
  0.0102  -0.0898  -0.1533  -0.2332  -0.0122  -0.0395
 -0.0002  -0.0606  -0.1565  -0.2650  -0.0031  -0.0234
 -0.0066  -0.0773  -0.1576  -0.2787  -0.0017  -0.0306
  0.0015  -0.0897  -0.1513  -0.2620  -0.0045  -0.0265
  0.0014  -0.0974  -0.1639  -0.2926  -0.0017  -0.0240
 -0.0109  -0.0844  -0.1759  -0.2852  -0.0127  -0.0428
 -0.0111  -0.1087  -0.1478  -0.2298  -0.0186  -0.0337
 -0.0018  -0.1246  -0.1508  -0.2118  -0.0134  -0.0366
  0.0027  -0.1202  -0.1461  -0.2289  -0.0155  -0.0367
  0.0008  -0.1180  -0.1480  -0.2216  -0.0138  -0.0393
  0.0085  -0.1239  -0.1483  -0.2121  -0.0220  -0.0512
  0.0199  -0.1156  -0.1701  -0.2311  -0.0114  -0.0546
  0.0236  -0.1283  -0.1736  -0.2584  -0.0127  -0.0443
  0.0254  -0.1390  -0.1690  -0.2587  -0.0072  -0.0387
  0.0278  -0.1541  -0.1909  -0.2719  -0.0169  -0.0313
  0.0146  -0.1615  -0.1911  -0.2798  -0.0235  -0.0315
  0.0219  -0.1652  -0.1840  -0.2989  -0.0133  -0.0309
  0.0181  -0.1624  -0.1859  -0.2694  -0.0157  -0.0367
  0.0245  -0.1238  -0.1792  -0.2776  -0.0179  -0.0409
  0.0003  -0.1491  -0.1289  -0.2776  -0.0034  -0.0478
  0.0162  -0.1308  -0.1194  -0.3432  -0.0086  -0.0389
  0.0198  -0.1244  -0.1340  -0.3012  -0.0138  -0.0457
  0.0030  -0.1392  -0.1443  -0.3212  -0.0174  -0.0505
  0.0182  -0.1421  -0.1178  -0.3011   0.0097  -0.0612
  0.0424  -0.1839  -0.1002  -0.2233   0.0090  -0.0571
  0.0290  -0.1741  -0.1144  -0.2575  -0.0160  -0.0572
  0.0328  -0.1740  -0.1221  -0.2514  -0.0186  -0.0649
  0.0284  -0.1777  -0.1193  -0.2621  -0.0225  -0.0576
  0.0436  -0.1641  -0.1387  -0.2567  -0.0307  -0.0703
  0.0389  -0.2003  -0.1361  -0.2564  -0.0352  -0.0711
  0.0335  -0.1961  -0.1244  -0.2414  -0.0285  -0.0623
  0.0328  -0.2196  -0.1218  -0.2684  -0.0206  -0.0619
  0.0320  -0.2577  -0.1323  -0.2589  -0.0235  -0.0495
  0.0295  -0.2619  -0.1658  -0.3175  -0.0301  -0.0445
  0.0314  -0.2570  -0.1405  -0.3013  -0.0356  -0.0449
  0.0320  -0.2525  -0.1352  -0.2922  -0.0345  -0.0489
  0.0232  -0.2607  -0.1402  -0.3309  -0.0360  -0.0385
  0.0289  -0.2423  -0.1402  -0.3417  -0.0412  -0.0483
  0.0271  -0.2488  -0.1270  -0.3076  -0.0522  -0.0565
  0.0010  -0.2363  -0.1313  -0.2842  -0.0354  -0.0709
 -0.0151  -0.2208  -0.0883  -0.2845  -0.0159  -0.0447
  0.0202  -0.2533  -0.1117  -0.2925  -0.0187  -0.0506
  0.0106  -0.2605  -0.1231  -0.2874  -0.0250  -0.0538
  0.0129  -0.2666  -0.1162  -0.3185  -0.0212  -0.0542
  0.0148  -0.2609  -0.1145  -0.3317  -0.0139  -0.0550
  0.0167  -0.2605  -0.1151  -0.3428  -0.0107  -0.0577
  0.0167  -0.2400  -0.1120  -0.3295  -0.0124  -0.0512
  0.0158  -0.2322  -0.1176  -0.3161  -0.0155  -0.0502
  0.0181  -0.2418  -0.1051  -0.3185  -0.0072  -0.0499
  0.0183  -0.2235  -0.1120  -0.3112  -0.0055  -0.0523
  0.0097  -0.2158  -0.1325  -0.3380  -0.0047  -0.0580
  0.0223  -0.2342  -0.1088  -0.3061  -0.0103  -0.0667
  0.0216  -0.2321  -0.1071  -0.3125  -0.0140  -0.0648
  0.0184  -0.2305  -0.0984  -0.3247  -0.0056  -0.0561
  0.0331  -0.2384  -0.0747  -0.2645  -0.0141  -0.0701
  0.0523  -0.2041  -0.0622  -0.2665   0.0018  -0.0814
  0.0362  -0.1988  -0.1052  -0.2939  -0.0031  -0.0595
  0.0273  -0.2044  -0.1200  -0.2912  -0.0016  -0.0679
  0.0136  -0.2156  -0.1388  -0.3099   0.0051  -0.0656
  0.0229  -0.2303  -0.0911  -0.2800   0.0071  -0.0722
  0.0196  -0.2410  -0.0862  -0.2780   0.0012  -0.0658
  0.0423  -0.1710  -0.0903  -0.2382  -0.0069  -0.0741
  0.0378  -0.2003  -0.0994  -0.2917   0.0004  -0.0654
  0.0323  -0.2047  -0.0832  -0.2828  -0.0044  -0.0714
  0.0229  -0.2249  -0.0559  -0.2843  -0.0002  -0.0617
  0.0218  -0.2153  -0.0689  -0.3075  -0.0014  -0.0723
  0.0105  -0.2242  -0.0547  -0.2946   0.0076  -0.0614
  0.0046  -0.2256  -0.1185  -0.3147   0.0065  -0.0572
  0.0163  -0.2202  -0.1090  -0.3028   0.0087  -0.0564
  0.0192  -0.2490  -0.1253  -0.2730   0.0025  -0.0597
  0.0146  -0.2604  -0.1150  -0.3057   0.0038  -0.0650
  0.0020  -0.2511  -0.1227  -0.3093  -0.0016  -0.0647
  0.0345  -0.2705  -0.1236  -0.3364   0.0140  -0.0568
  0.0307  -0.2736  -0.1117  -0.3193   0.0149  -0.0676
  0.0363  -0.2553  -0.0929  -0.2985   0.0136  -0.0615
  0.0254  -0.2400  -0.0937  -0.2928   0.0081  -0.0672
  0.0294  -0.2467  -0.0911  -0.3288   0.0108  -0.0626
  0.0363  -0.2424  -0.0807  -0.2553   0.0027  -0.0842
