 -0.0170  -0.5137   0.0389   0.1818   0.0933   0.5711
  0.0876  -0.3781   0.0624   0.1934   0.1448   0.5173
  0.0917  -0.4740   0.0694   0.4414   0.1417   0.4498
  0.0838  -0.4658   0.0593   0.4352   0.1294   0.4211
  0.0824  -0.4155   0.0887   0.3829   0.1398   0.4088
  0.0878  -0.4021   0.1202   0.3499   0.1550   0.4219
  0.0812  -0.3989   0.1265   0.3464   0.1508   0.3942
  0.0871  -0.3970   0.1145   0.3677   0.1507   0.3671
  0.0908  -0.3764   0.1272   0.3312   0.1613   0.3662
  0.1062  -0.3589   0.1214   0.3016   0.1590   0.3563
  0.0881  -0.3597   0.1103   0.3473   0.1574   0.3404
  0.0865  -0.3283   0.0965   0.3329   0.1606   0.3207
  0.0840  -0.3366   0.0835   0.3103   0.1551   0.3025
  0.0877  -0.3381   0.0882   0.3341   0.1602   0.2827
  0.0897  -0.3072   0.0847   0.3283   0.1537   0.2766
  0.0905  -0.3176   0.0941   0.3035   0.1589   0.3016
  0.0762  -0.3068   0.0873   0.2918   0.1485   0.2917
  0.0476  -0.3080   0.0790   0.3069   0.1162   0.2783
  0.0433  -0.2956   0.0796   0.2973   0.1051   0.2743
  0.0394  -0.2659   0.0781   0.2978   0.1020   0.2794
  0.0369  -0.2700   0.0718   0.2966   0.1057   0.2835
  0.0404  -0.2917   0.0682   0.3163   0.1076   0.2832
  0.0380  -0.2606   0.0735   0.3128   0.1099   0.2666
  0.0291  -0.2370   0.0603   0.3088   0.1059   0.2432
  0.0270  -0.2407   0.0545   0.3161   0.1038   0.2426
  0.0168  -0.2360   0.0514   0.3087   0.0996   0.2809
  0.0057  -0.2292   0.0481   0.3209   0.0927   0.2932
 -0.0211  -0.2822   0.0397   0.3307   0.0773   0.2725
 -0.0388  -0.2914   0.0241   0.3345   0.0606   0.3231
 -0.0218  -0.3333   0.0082   0.3600   0.0591   0.2742
 -0.0217  -0.3364   0.0113   0.5111   0.0321   0.1786
  0.0011  -0.2839   0.0089   0.2733   0.0309   0.2073
 -0.0233  -0.2805   0.0124   0.2700   0.0212   0.2203
 -0.0402  -0.2853   0.0126   0.2890   0.0096   0.1971
 -0.0453  -0.3094   0.0111   0.2667   0.0073   0.1857
 -0.0412  -0.3051   0.0169   0.2643   0.0089   0.1824
 -0.0338  -0.2806   0.0130   0.2476   0.0058   0.1793
 -0.0356  -0.2674   0.0129   0.2432   0.0071   0.1721
 -0.0315  -0.2844   0.0103   0.2713   0.0086   0.1416
 -0.0267  -0.2859  -0.0007   0.2647   0.0189   0.1487
 -0.0228  -0.2814  -0.0195   0.2675   0.0127   0.1363
 -0.0177  -0.2812  -0.0150   0.2723   0.0192   0.1349
 -0.0180  -0.2758  -0.0097   0.2856   0.0128   0.1368
 -0.0090  -0.2425   0.0026   0.2637   0.0274   0.1635
 -0.0212  -0.2408  -0.0053   0.3049   0.0154   0.0727
  0.0022  -0.1824   0.0293   0.2728   0.0545   0.1446
 -0.0068  -0.1531   0.0372   0.2178   0.0298   0.1592
 -0.0018  -0.1427   0.0508   0.2023   0.0316   0.1630
  0.0036  -0.0738   0.0468   0.1865   0.0352   0.1431
  0.0072  -0.0682   0.0572   0.2142   0.0383   0.1534
  0.0108  -0.0326   0.0338   0.2112   0.0402   0.1300
  0.0080  -0.0754   0.0328   0.2094   0.0354   0.1157
  0.0046  -0.0737   0.0321   0.2000   0.0301   0.1327
  0.0063  -0.1171   0.0297   0.2330   0.0220   0.1059
  0.0016  -0.1024   0.0292   0.1904   0.0232   0.1293
 -0.0003  -0.0924   0.0222   0.1669   0.0207   0.1142
 -0.0039  -0.0978   0.0163   0.1524   0.0191   0.1127
 -0.0020  -0.1031   0.0179   0.1229   0.0167   0.1074
  0.0018  -0.1149   0.0175   0.1344   0.0151   0.0641
  0.0020  -0.0995   0.0170   0.0783   0.0136   0.0981
 -0.0053  -0.1191   0.0133   0.0976   0.0080   0.0628
 -0.0036  -0.1044   0.0064   0.0826   0.0091   0.0517
 -0.0006  -0.0818   0.0130   0.0381   0.0190   0.0793
 -0.0180  -0.1090   0.0059   0.0634   0.0092   0.0453
 -0.0107  -0.0928   0.0073   0.0448   0.0067   0.0399
 -0.0197  -0.0968   0.0038   0.0620  -0.0056   0.0432
 -0.0167  -0.1105   0.0079   0.0724   0.0028   0.0390
 -0.0021  -0.1005   0.0126   0.0540   0.0174   0.0346
  0.0023  -0.0818   0.0155   0.0403   0.0145   0.0454
  0.0027  -0.0834   0.0175   0.0596   0.0167   0.0443
 -0.0025  -0.0999   0.0140   0.0905   0.0125   0.0307
 -0.0043  -0.0827   0.0173   0.0977   0.0163   0.0545
 -0.0058  -0.1163   0.0167   0.1287   0.0142   0.0576
 -0.0046  -0.1085   0.0099   0.1336   0.0135   0.1093
  0.0038  -0.1276   0.0159   0.1210   0.0278   0.0445
  0.0070  -0.1166   0.0200   0.0993   0.0342   0.0378
  0.0340  -0.0922   0.0475   0.0468   0.0358   0.0543
  0.0306  -0.1080   0.0505   0.0331   0.0331   0.0844
  0.0243  -0.1059   0.0367   0.0510   0.0292   0.0602
  0.0270  -0.0967   0.0410   0.0373   0.0318   0.0535
  0.0171  -0.1117   0.0404   0.0612   0.0283   0.0210
 -0.0508   0.0027   0.0575   0.0631  -0.0165   0.0055
 -0.1549  -0.0828   0.0092   0.0708  -0.1206   0.1399
 -0.0190   0.0498   0.0080  -0.0233  -0.0478   0.0935
 -0.0012   0.0532  -0.0007  -0.0366  -0.0219   0.0370
 -0.0060   0.0389   0.0020   0.0087  -0.0157  -0.0063
  0.0035   0.0512   0.0181   0.0115  -0.0159   0.0078
  0.0090   0.0571   0.0190   0.0089  -0.0077   0.0086
  0.0115   0.0536   0.0173   0.0141  -0.0027   0.0096
  0.0123   0.0737   0.0004  -0.0046  -0.0071  -0.0033
  0.0202   0.0643   0.0072  -0.0115   0.0065  -0.0053
  0.0186   0.0469   0.0041  -0.0045   0.0010   0.0043
  0.0253   0.0503  -0.0015   0.0090   0.0046  -0.0317
  0.0054   0.0525  -0.0024  -0.0538  -0.0079  -0.0338
  0.0002   0.0726  -0.0005  -0.0716  -0.0126  -0.0557
  0.0006   0.0742  -0.0014  -0.0389  -0.0200  -0.0671
  0.0010   0.0945  -0.0096  -0.0366  -0.0184  -0.0383
 -0.0008   0.0789  -0.0164  -0.0258  -0.0170  -0.0291
 -0.0013   0.0708  -0.0098  -0.0084  -0.0137  -0.0554
  0.0038   0.0758   0.0005  -0.0252  -0.0202  -0.0502
  0.0143   0.0868   0.0041  -0.0192  -0.0019  -0.0458
  0.0100   0.1001  -0.0008  -0.0386  -0.0083  -0.0423
  0.0155   0.0844  -0.0013  -0.0225  -0.0281  -0.0690
  0.0142   0.0847   0.0001  -0.0147  -0.0222  -0.0654
  0.0041   0.0925   0.0134  -0.0526  -0.0217  -0.0680
  0.0053   0.0887  -0.0022   0.0135  -0.0240  -0.1085
  0.0045   0.1311   0.0062   0.0855  -0.0333  -0.1379
 -0.0284   0.1346  -0.0185   0.0274  -0.0456  -0.0888
 -0.0196   0.1259  -0.0137   0.0370  -0.0507  -0.1099
 -0.0165   0.1048  -0.0026   0.0299  -0.0401  -0.1185
 -0.0071   0.1197   0.0109  -0.0450  -0.0259  -0.0611
 -0.0106   0.1174   0.0113  -0.0670  -0.0236  -0.0544
 -0.0129   0.1145   0.0105  -0.0642  -0.0182  -0.0533
 -0.0037   0.1157   0.0148  -0.0436  -0.0167  -0.0641
 -0.0142   0.1200   0.0097  -0.0578  -0.0247  -0.0638
 -0.0192   0.1237   0.0070  -0.0760  -0.0212  -0.0493
 -0.0299   0.1225   0.0047  -0.0564  -0.0327  -0.0967
 -0.0381   0.1299   0.0019  -0.0875  -0.0366  -0.0802
 -0.0482   0.1242  -0.0039  -0.1181  -0.0442  -0.0497
 -0.0475   0.1246  -0.0020  -0.1051  -0.0480  -0.0687
 -0.0335   0.1117   0.0050  -0.1058  -0.0435  -0.0686
 -0.0334   0.1200   0.0076  -0.1233  -0.0381  -0.0576
 -0.0051   0.0810   0.0098  -0.1630  -0.0358  -0.0333
  0.0010   0.0574   0.0239  -0.1705  -0.0382  -0.0435
  0.0071   0.0736   0.0306  -0.2031  -0.0353  -0.0399
 -0.0060   0.1011   0.0217  -0.2102  -0.0339  -0.0196
  0.0091   0.0898   0.0228  -0.1761  -0.0342  -0.0545
  0.0021   0.0928   0.0379  -0.1692  -0.0394  -0.0483
 -0.0278   0.0985   0.0189  -0.1164  -0.0447  -0.0646
 -0.0093   0.1053   0.0059  -0.0709  -0.0539  -0.1080
 -0.0162   0.1424   0.0078  -0.1261  -0.0524  -0.0885
 -0.0019   0.1171   0.0308  -0.1331  -0.0529  -0.0986
 -0.0038   0.1231   0.0188  -0.1273  -0.0518  -0.1081
 -0.0082   0.1432   0.0217  -0.1448  -0.0602  -0.0718
 -0.0069   0.1303   0.0168  -0.1543  -0.0478  -0.0840
 -0.0134   0.1279   0.0045  -0.1349  -0.0500  -0.1001
 -0.0066   0.1415   0.0015  -0.1309  -0.0393  -0.1146
 -0.0041   0.1372   0.0064  -0.1384  -0.0340  -0.0957
 -0.0013   0.1303   0.0140  -0.1222  -0.0332  -0.1092
  0.0039   0.1518   0.0220  -0.1728  -0.0293  -0.0839
  0.0046   0.1357   0.0213  -0.1095  -0.0228  -0.1433
  0.0086   0.1825   0.0372  -0.1881  -0.0221  -0.0740
  0.0170   0.1946   0.0196  -0.1644  -0.0224  -0.1284
  0.0019   0.2027   0.0090  -0.1897  -0.0393  -0.1144
 -0.0166   0.1606  -0.0058  -0.1764  -0.0421  -0.1148
 -0.0165   0.2098  -0.0157  -0.2047  -0.0455  -0.0952
 -0.0272   0.2685  -0.0268  -0.2333  -0.0499  -0.1469
 -0.0232   0.2672  -0.0338  -0.2166  -0.0455  -0.1540
 -0.0418   0.2370  -0.0287  -0.2057  -0.0635  -0.1254
 -0.0436   0.2270  -0.0273  -0.1978  -0.0642  -0.1131
 -0.0429   0.2030  -0.0330  -0.1689  -0.0649  -0.1297
 -0.0470   0.2120  -0.0365  -0.1938  -0.0660  -0.1261
 -0.0527   0.2020  -0.0463  -0.1870  -0.0647  -0.1381
 -0.0459   0.2394  -0.0598  -0.2241  -0.0533  -0.1065
 -0.0412   0.2146  -0.0718  -0.1967  -0.0522  -0.1942
 -0.0472   0.2192  -0.0735  -0.2453  -0.0589  -0.1971
 -0.0499   0.2205  -0.0772  -0.2474  -0.0607  -0.1834
 -0.0463   0.1907  -0.0777  -0.2015  -0.0512  -0.2088
 -0.0378   0.2032  -0.0868  -0.2223  -0.0401  -0.1512
 -0.0502   0.1862  -0.0965  -0.2044  -0.0487  -0.2178
 -0.0394   0.1875  -0.0884  -0.2175  -0.0426  -0.2169
 -0.0337   0.1637  -0.0741  -0.2176  -0.0531  -0.2080
 -0.0318   0.1854  -0.0685  -0.2551  -0.0468  -0.1684
 -0.0307   0.1882  -0.0725  -0.2215  -0.0564  -0.1996
 -0.0327   0.2008  -0.0631  -0.2370  -0.0572  -0.1936
 -0.0313   0.2117  -0.0670  -0.2305  -0.0602  -0.1923
 -0.0325   0.1924  -0.0684  -0.1840  -0.0623  -0.2171
 -0.0202   0.2012  -0.0631  -0.2194  -0.0592  -0.1958
 -0.0170   0.1914  -0.0643  -0.2281  -0.0519  -0.1972
 -0.0229   0.1757  -0.0716  -0.2022  -0.0481  -0.2257
 -0.0129   0.1932  -0.0731  -0.2270  -0.0486  -0.2246
 -0.0041   0.1952  -0.0793  -0.2473  -0.0441  -0.2072
 -0.0038   0.1756  -0.0741  -0.2306  -0.0476  -0.2232
 -0.0089   0.1933  -0.0729  -0.2453  -0.0510  -0.2054
 -0.0084   0.1647  -0.0688  -0.2418  -0.0518  -0.2134
 -0.0004   0.1694  -0.0667  -0.2580  -0.0570  -0.2239
  0.0077   0.1947  -0.0674  -0.2584  -0.0589  -0.2140
  0.0055   0.1870  -0.0611  -0.2560  -0.0556  -0.2169
 -0.0010   0.1728  -0.0643  -0.2233  -0.0547  -0.2538
  0.0095   0.2024  -0.0599  -0.2788  -0.0587  -0.2121
  0.0032   0.1674  -0.0680  -0.2303  -0.0559  -0.2375
  0.0123   0.1813  -0.0665  -0.2532  -0.0582  -0.2372
  0.0146   0.2200  -0.0730  -0.2836  -0.0574  -0.2309
  0.0098   0.2104  -0.0772  -0.2630  -0.0552  -0.2414
  0.0183   0.1814  -0.0752  -0.2545  -0.0561  -0.2544
  0.0214   0.1958  -0.0707  -0.2955  -0.0479  -0.2285
  0.0213   0.1894  -0.0770  -0.2940  -0.0438  -0.2506
  0.0269   0.1762  -0.0791  -0.2755  -0.0397  -0.2581
  0.0248   0.1842  -0.0705  -0.2937  -0.0391  -0.2515
  0.0241   0.1967  -0.0687  -0.3062  -0.0419  -0.2427
  0.0225   0.2028  -0.0780  -0.2883  -0.0453  -0.2611
  0.0227   0.2181  -0.0797  -0.2975  -0.0503  -0.2582
  0.0153   0.2317  -0.0843  -0.2996  -0.0449  -0.2542
  0.0100   0.2070  -0.0852  -0.2587  -0.0457  -0.2903
  0.0073   0.2114  -0.0927  -0.2797  -0.0435  -0.2741
  0.0115   0.2350  -0.1003  -0.3135  -0.0416  -0.2702
  0.0134   0.2211  -0.1003  -0.2827  -0.0438  -0.3127
  0.0148   0.2273  -0.0993  -0.2917  -0.0491  -0.2965
  0.0049   0.2344  -0.1077  -0.3020  -0.0572  -0.2794
  0.0062   0.2359  -0.1055  -0.3123  -0.0560  -0.2792
