 -0.0209  -0.0626   0.0373   0.1222   0.0562   0.1627
 -0.0280  -0.0702   0.0650   0.1251   0.0479   0.1798
 -0.0244  -0.0978   0.0475   0.1100   0.0594   0.1302
 -0.0247  -0.0487   0.0407   0.0913   0.0479   0.1512
  0.0331  -0.1343  -0.0417   0.2051   0.0963   0.1376
  0.0103  -0.0732  -0.0266   0.1064   0.0440   0.1918
  0.0104  -0.0940  -0.0299   0.1232   0.0541   0.1470
 -0.0073  -0.1340  -0.0116   0.2006   0.0526   0.1943
  0.0016  -0.1507   0.0029   0.2730   0.1066   0.2061
 -0.0037  -0.1908  -0.0118   0.2128   0.0540   0.2036
 -0.0043  -0.1427   0.0170   0.1864   0.0350   0.2078
  0.0016  -0.2121  -0.0081   0.2048   0.0415   0.1613
 -0.0361  -0.0517  -0.0050   0.0754   0.0273   0.1807
  0.0084  -0.1641  -0.0394   0.1865   0.0466   0.1578
  0.0030  -0.1938  -0.0209   0.1622   0.0372   0.1966
 -0.0040  -0.1772  -0.0162   0.1467   0.0465   0.1614
  0.0004  -0.1766  -0.0485   0.2237   0.0873   0.1752
  0.0315  -0.1867  -0.0964   0.1912   0.1095   0.1380
  0.0302  -0.1289  -0.0713   0.0899   0.0646   0.1583
  0.0305  -0.1578  -0.0252   0.1463   0.0526   0.1548
  0.0273  -0.1572  -0.0559   0.1497   0.0629   0.1400
 -0.0013  -0.1097  -0.0243   0.0977   0.0119   0.1629
 -0.0222  -0.1485   0.0791   0.0508   0.0404   0.1751
 -0.0062  -0.1605   0.0208   0.0925   0.0415   0.1431
  0.0001  -0.1438  -0.0056   0.0836   0.0520   0.1269
  0.0127  -0.0130  -0.0042   0.0461   0.0397   0.0960
 -0.0213  -0.0560   0.0151  -0.0204  -0.0089   0.1156
  0.0158  -0.1757   0.0209   0.2543   0.0595   0.1223
 -0.0206  -0.0940  -0.0309   0.0265  -0.0194   0.1348
 -0.0003  -0.1901  -0.0187   0.1147   0.0052   0.1189
 -0.0127  -0.1828   0.0086   0.1403  -0.0099   0.1349
 -0.0204  -0.2138   0.0122   0.1609  -0.0266   0.1522
 -0.0123  -0.2204   0.0234   0.1981  -0.0036   0.1315
 -0.0112  -0.1606   0.0091   0.1246  -0.0088   0.1131
 -0.0102  -0.2114   0.0182   0.1627  -0.0117   0.1082
 -0.0069  -0.2347   0.0104   0.1213  -0.0330   0.1190
 -0.0235  -0.1833   0.0320   0.0658  -0.0522   0.1195
 -0.0580  -0.3023   0.0026   0.1998  -0.0996   0.1172
 -0.0223  -0.2910   0.0077   0.1675  -0.0461   0.1166
 -0.0322  -0.2463   0.0346   0.1870  -0.0451   0.1462
 -0.0351  -0.2325   0.0292   0.0960  -0.0727   0.0673
 -0.0501  -0.2318   0.0370   0.1188  -0.0707   0.0895
 -0.0327  -0.1768   0.0315   0.0766  -0.0362   0.0784
 -0.0379  -0.1946   0.0451   0.1096  -0.0340   0.1018
 -0.0184  -0.1618   0.0716   0.1320   0.0074   0.0814
 -0.0184  -0.1870   0.0198   0.0622  -0.0283   0.0764
 -0.0175  -0.2110   0.0349   0.1057  -0.0254   0.0586
 -0.0027  -0.3209   0.0175   0.1637  -0.0261   0.0985
  0.1161  -0.2619   0.0201   0.1395   0.0700   0.1147
  0.2267  -0.4079  -0.0039   0.2410   0.1316   0.1107
  0.0836  -0.3485   0.0786   0.2111   0.0535   0.1159
  0.1129  -0.3478   0.0875   0.1839   0.0634   0.1375
  0.0793  -0.2652   0.0830   0.1213   0.0591   0.0937
 -0.0150  -0.0760   0.2275   0.0120   0.0086   0.1604
  0.0041  -0.1395   0.2163   0.0378   0.0247   0.0930
  0.0194  -0.1739   0.1829   0.0945   0.0352   0.0390
  0.0189  -0.1826   0.1543   0.0771   0.0047   0.1016
  0.0236  -0.2350   0.0950   0.0881   0.0163   0.0771
  0.0334  -0.3127   0.0975   0.1576   0.0103   0.1170
  0.0159  -0.2975   0.1019   0.1522   0.0211   0.1058
  0.0192  -0.2496   0.0826   0.1385   0.0201   0.0982
  0.0096  -0.2128   0.0757   0.0686  -0.0094   0.0701
  0.0189  -0.2833   0.0613   0.1883   0.0216   0.0767
  0.0231  -0.2575   0.0497   0.0996   0.0222   0.0635
 -0.0047  -0.2066   0.0521   0.0453  -0.0139   0.0842
 -0.0878  -0.2267  -0.0275   0.0814  -0.1225   0.0554
  0.0619  -0.2552   0.0647   0.0943   0.0161   0.1021
  0.0098  -0.1463   0.0374   0.0238  -0.0133   0.0238
  0.0277  -0.1750   0.0452   0.0613   0.0006   0.0313
  0.0093  -0.1533   0.0451   0.0069  -0.0276   0.0101
  0.0191  -0.2261   0.0341   0.0626  -0.0053   0.0071
  0.0021  -0.1596   0.0541  -0.0108  -0.0277   0.0648
  0.0239  -0.2821   0.0266   0.1015   0.0070   0.0254
  0.0156  -0.2499   0.0382   0.0581   0.0007   0.0339
  0.0095  -0.1799   0.0357   0.0092  -0.0063   0.0217
  0.0152  -0.2613  -0.0021   0.0895   0.0031   0.0085
  0.0121  -0.3177   0.0058   0.0753  -0.0013   0.0112
  0.0169  -0.2357   0.0292  -0.0004  -0.0044   0.0597
  0.0226  -0.2427   0.0210   0.0408   0.0230  -0.0111
 -0.0924   0.5667  -0.0390  -0.2875   0.0280  -0.2198
 -0.3689   1.9609   0.0139  -0.5007  -0.0540  -0.3409
 -0.2054   0.8805   0.0328  -0.2855  -0.0285  -0.1695
 -0.1551   0.7999   0.0131  -0.2451   0.0126  -0.2304
 -0.0900   0.9982   0.0270  -0.2357   0.0885  -0.2723
 -0.1713   0.8602  -0.1000  -0.3114  -0.0810  -0.1631
 -0.1137   0.7687  -0.0711  -0.2509  -0.0006  -0.2258
 -0.1206   0.8240  -0.0627  -0.3159  -0.0186  -0.2096
 -0.1115   0.7591  -0.0546  -0.2529  -0.0043  -0.2140
 -0.1025   0.6977  -0.0453  -0.2750  -0.0249  -0.1904
 -0.0720   0.5020  -0.0846  -0.1012   0.0215  -0.1855
  0.0088   0.5081  -0.1445  -0.1905   0.0343  -0.1497
 -0.0308   0.5256  -0.0955  -0.2449   0.0089  -0.1323
 -0.0206   0.3653  -0.0798  -0.1313   0.0262  -0.1222
 -0.0111   0.3681  -0.0963  -0.1716   0.0189  -0.1847
 -0.0058   0.3805  -0.0847  -0.2155   0.0092  -0.1528
  0.0051   0.3072  -0.0595  -0.0872   0.0125  -0.1420
 -0.0218   0.3049  -0.0560  -0.0924   0.0159  -0.1408
 -0.0382   0.3797  -0.0519  -0.1882  -0.0123  -0.1172
 -0.0078   0.2608  -0.0535  -0.0713   0.0148  -0.1372
  0.0048   0.2984  -0.0628  -0.1792  -0.0001  -0.1048
  0.0240   0.1772  -0.0518  -0.0130   0.0442  -0.1071
  0.0039   0.2008  -0.0330  -0.1717  -0.0308  -0.1140
  0.0054   0.1641  -0.0045  -0.1131  -0.0267  -0.1014
  0.0067   0.1734  -0.0190  -0.1327  -0.0325  -0.1089
  0.0062   0.1393  -0.0033  -0.0699  -0.0125  -0.1138
  0.0092   0.1713  -0.0113  -0.1075  -0.0160  -0.0880
  0.0544   0.0538  -0.0157  -0.0152   0.0153  -0.1054
  0.0404   0.0876  -0.0217  -0.0490  -0.0003  -0.0776
 -0.0064   0.1856  -0.0152  -0.1585  -0.0551  -0.1177
 -0.0050   0.1293  -0.0287  -0.1156  -0.0543  -0.0939
 -0.0245   0.1448  -0.0429  -0.0797  -0.0351  -0.1217
 -0.0164   0.1528  -0.0247  -0.1226  -0.0464  -0.0937
 -0.0092   0.0389  -0.0386   0.0012  -0.0528  -0.1248
 -0.0233   0.1051  -0.0233  -0.1137  -0.0572  -0.0780
 -0.0209   0.0794  -0.0134  -0.0515  -0.0432  -0.0989
 -0.0215   0.1145  -0.0129  -0.0880  -0.0475  -0.0917
 -0.0120   0.0549  -0.0241  -0.0366  -0.0339  -0.1402
 -0.0182   0.0976  -0.0100  -0.1098  -0.0502  -0.0729
 -0.0080   0.0614  -0.0239  -0.0715  -0.0307  -0.0996
 -0.0127   0.0945  -0.0095  -0.0803  -0.0377  -0.0980
 -0.0149   0.1083  -0.0170  -0.1075  -0.0331  -0.1061
 -0.0006   0.0740  -0.0193  -0.0578  -0.0176  -0.0942
 -0.0273   0.1096  -0.0404  -0.0923  -0.0831  -0.0930
  0.0500   0.1580   0.0549  -0.0810   0.0566  -0.1345
  0.0062   0.2233   0.0171  -0.2202  -0.0271  -0.1067
  0.0054   0.0944  -0.0022  -0.0999  -0.0143  -0.0978
  0.0182   0.0854  -0.0217  -0.1024  -0.0019  -0.1127
  0.0137   0.0871  -0.0282  -0.0926  -0.0128  -0.1161
  0.0000   0.1149  -0.0026  -0.1656  -0.0502  -0.1079
  0.0114   0.0373  -0.0036  -0.0508  -0.0213  -0.0990
  0.0187   0.0815  -0.0205  -0.1383  -0.0368  -0.1038
  0.0343   0.0066  -0.0159  -0.0526  -0.0144  -0.1127
  0.0195   0.0847  -0.0161  -0.1590  -0.0460  -0.0978
  0.0313   0.0235  -0.0317  -0.0847  -0.0372  -0.1247
  0.0275   0.0793  -0.0116  -0.1736  -0.0569  -0.1032
  0.0370  -0.0016  -0.0249  -0.0485  -0.0136  -0.1421
  0.0210   0.0783  -0.0210  -0.1713  -0.0507  -0.0956
  0.0308   0.0217  -0.0188  -0.0701  -0.0233  -0.0990
  0.0310   0.0575  -0.0144  -0.1310  -0.0328  -0.1132
  0.0304   0.0498  -0.0114  -0.1035  -0.0307  -0.1049
  0.0596  -0.0091  -0.0298  -0.0551   0.0045  -0.1222
  0.0401   0.0530  -0.0212  -0.0941  -0.0194  -0.0794
  0.0499  -0.0344  -0.0302  -0.0217  -0.0044  -0.1190
  0.0285   0.0576  -0.0111  -0.1291  -0.0391  -0.0748
  0.0390  -0.0307  -0.0311  -0.0230  -0.0033  -0.1283
  0.0406  -0.0519  -0.0511  -0.0438  -0.0394  -0.0399
  0.0602  -0.0712  -0.0451  -0.0087  -0.0022  -0.0673
  0.0625   0.0258  -0.0438  -0.1142  -0.0135  -0.0776
  0.0495   0.1123  -0.0465  -0.1850  -0.0185  -0.1020
  0.0588  -0.0329  -0.0491  -0.0258   0.0100  -0.1087
  0.0446   0.0503  -0.0455  -0.1191  -0.0185  -0.0779
  0.0362   0.0210  -0.0389  -0.0674  -0.0091  -0.1290
