 -0.0561   0.1299   0.0601  -0.0089   0.1513   0.1300
 -0.0467   0.1321   0.0606   0.0007   0.1703   0.1470
 -0.0549   0.0714   0.0493   0.0145   0.1428   0.1231
 -0.0459   0.0486   0.0520   0.0315   0.1510   0.1161
 -0.0578   0.1447   0.0494  -0.0694   0.1361   0.1748
 -0.0521   0.0684   0.0543  -0.0207   0.1315   0.1158
 -0.0508   0.0241   0.0365  -0.0023   0.1313   0.1263
 -0.0435   0.0154   0.0318  -0.0215   0.1382   0.0883
 -0.0217  -0.0128   0.0242  -0.0577   0.1386   0.1066
 -0.0596   0.0297  -0.0197  -0.0729   0.0854   0.1904
 -0.0701  -0.0358   0.0084  -0.0282   0.0797   0.1688
 -0.0542  -0.0403   0.0318  -0.0419   0.1037   0.1211
 -0.0571  -0.0782   0.0201   0.0011   0.1072   0.1188
 -0.0551  -0.0761   0.0394   0.0216   0.1120   0.1205
 -0.0802  -0.0812   0.0581   0.0482   0.0757   0.1114
 -0.0502  -0.1244   0.0487   0.0667   0.0905   0.1339
 -0.0473  -0.0850   0.0247   0.0170   0.0977   0.1061
 -0.0474  -0.0708   0.0399  -0.0036   0.1077   0.0859
 -0.0471  -0.0601   0.0479   0.0271   0.0938   0.1051
 -0.0252  -0.0758   0.0351   0.0161   0.1310   0.1203
 -0.0319   0.0130   0.0110  -0.0544   0.1116   0.1635
 -0.0691  -0.0757   0.0398   0.0302   0.0953   0.1498
 -0.0458  -0.0845   0.0438   0.0133   0.1053   0.1188
 -0.0496  -0.0972   0.0378   0.0340   0.1010   0.0990
 -0.0466  -0.0792   0.0308   0.0479   0.1013   0.1347
 -0.0570  -0.0870   0.0486   0.0495   0.0947   0.1128
 -0.0489  -0.1034   0.0247   0.0309   0.0922   0.1081
 -0.0561  -0.1033   0.0471   0.0313   0.0915   0.0961
 -0.0473  -0.1201   0.0358   0.0232   0.0927   0.1321
 -0.0342  -0.1438   0.0345   0.0047   0.0968   0.0835
 -0.0306  -0.1522   0.0389   0.0428   0.1012   0.1124
 -0.0388  -0.1189   0.0418   0.0392   0.0996   0.1070
 -0.0580  -0.0444   0.0388  -0.0052   0.1085   0.1179
 -0.0726  -0.0285   0.0907  -0.0212   0.0986   0.1197
 -0.0562  -0.0647   0.0637  -0.0080   0.1099   0.1045
 -0.0552  -0.0974   0.0464  -0.0046   0.1129   0.0947
 -0.0570  -0.0636   0.0345   0.0030   0.1082   0.1266
 -0.0511  -0.1184   0.0446   0.0368   0.1140   0.1246
 -0.0802  -0.3987   0.0638   0.4539   0.0110   0.1643
 -0.0724  -0.3109   0.0461   0.2133   0.0046   0.1073
  0.0122  -0.0773  -0.0010   0.0081   0.1277   0.1722
 -0.0061  -0.1167  -0.0006   0.0314   0.0945   0.0850
 -0.0373   0.1188   0.0338  -0.1065   0.0847   0.1265
 -0.0519   0.1220   0.0300  -0.0963   0.1148   0.1262
 -0.0550   0.0497   0.0330  -0.0453   0.0962   0.1015
 -0.0489   0.0106   0.0280  -0.0046   0.1080   0.1133
 -0.0443  -0.0151   0.0007  -0.0394   0.0656   0.1523
 -0.0389  -0.0512  -0.0050   0.0202   0.0958   0.1375
 -0.0653  -0.0962   0.0215  -0.0038   0.0317   0.0790
 -0.0405  -0.0819   0.0352   0.0159   0.0689   0.0770
 -0.0328  -0.1726   0.0316   0.1160   0.0758   0.0625
 -0.0498  -0.1493   0.0286   0.0699   0.0417   0.0644
 -0.0389  -0.1530   0.0349   0.0596   0.0710   0.0658
 -0.0445  -0.1463   0.0244   0.0532   0.0624   0.0820
 -0.0463  -0.1392   0.0340   0.0514   0.0653   0.0731
 -0.0404  -0.1347   0.0134   0.0352   0.1073   0.0620
 -0.0490  -0.1446   0.0263   0.0441   0.0776   0.0609
 -0.0389  -0.1430   0.0406   0.0589   0.0892   0.0694
 -0.0572  -0.1736   0.0225   0.0688   0.0254   0.0854
 -0.0329  -0.2107   0.0344   0.0798   0.0757   0.0803
 -0.0273  -0.2222   0.0148   0.0558   0.0607   0.0750
 -0.0342  -0.2164   0.0287   0.0423   0.0610   0.0687
 -0.0195  -0.2151   0.0289   0.0708   0.0578   0.0878
 -0.0398  -0.1299   0.0235   0.0378   0.0489   0.1170
 -0.0372  -0.2311   0.0308   0.0719   0.0565   0.1026
 -0.0233  -0.1838   0.0277   0.0661   0.0820   0.1270
 -0.0388  -0.1976   0.0302   0.0512   0.0815   0.0869
 -0.0336  -0.2175   0.0380   0.0951   0.0763   0.0904
 -0.0583  -0.2445   0.0381   0.1170   0.0315   0.0803
 -0.0249  -0.2392   0.0411   0.0863   0.0750   0.0797
 -0.0438  -0.2148   0.0461   0.0646   0.0406   0.0897
 -0.0237  -0.2198   0.0366   0.0506   0.0602   0.0702
 -0.0415  -0.2282   0.0494   0.0717   0.0565   0.0714
 -0.0407  -0.2320   0.0263   0.0869   0.0387   0.0828
 -0.0157  -0.2820   0.0451   0.0648   0.0039   0.0662
 -0.0896  -0.2524   0.0640   0.0798   0.0510   0.1120
 -0.0053  -0.2266   0.0109   0.0651   0.1070   0.0907
 -0.0033  -0.2435   0.0095   0.0547   0.1100   0.0776
  0.0055  -0.2449   0.0217   0.1094   0.1105   0.0679
  0.0071  -0.2479   0.0209   0.1004   0.1041   0.0667
  0.0006  -0.2541   0.0214   0.1075   0.0997   0.0761
  0.0046  -0.2657   0.0158   0.0901   0.0939   0.0532
  0.0038  -0.2702   0.0126   0.0762   0.1021   0.0510
 -0.0009  -0.2714   0.0179   0.0785   0.0969   0.0478
 -0.0130  -0.2675   0.0157   0.0683   0.0782   0.0464
  0.0020  -0.2989   0.0121   0.0995   0.0976   0.0785
  0.0014  -0.3160   0.0241   0.0882   0.0962   0.0580
  0.0005  -0.3368   0.0097   0.1118   0.0944   0.0713
  0.0072  -0.3199   0.0167   0.0977   0.0928   0.0569
  0.0012  -0.3177   0.0102   0.1256   0.0918   0.0702
  0.0016  -0.3059   0.0213   0.0944   0.0937   0.0712
 -0.0220  -0.2969   0.0130   0.0856   0.0596   0.0383
 -0.0122  -0.3241  -0.0008   0.1157   0.0865   0.0601
 -0.0231  -0.3232   0.0125   0.1027   0.0658   0.0532
 -0.0184  -0.3288   0.0117   0.1216   0.0707   0.0618
 -0.0082  -0.3169   0.0085   0.1048   0.0765   0.0658
 -0.0103  -0.3313   0.0190   0.1171   0.0832   0.0735
 -0.0103  -0.3067   0.0252   0.1102   0.0768   0.0629
 -0.0111  -0.3275   0.0169   0.1145   0.0737   0.0526
 -0.0075  -0.3326   0.0098   0.1178   0.0760   0.0606
 -0.0072  -0.3348   0.0125   0.1053   0.0789   0.0709
 -0.0116  -0.3470   0.0185   0.0925   0.0764   0.0598
 -0.0187  -0.3174   0.0156   0.0822   0.0640   0.0544
 -0.0812  -0.0799   0.0259  -0.0664   0.0172   0.1016
 -0.0986  -0.1229   0.0353  -0.0790  -0.0084   0.0713
 -0.0747  -0.1565   0.0303  -0.0012  -0.0022   0.0462
 -0.0686  -0.1663   0.0316  -0.0130   0.0281   0.0456
 -0.0595  -0.1572   0.0448  -0.0140   0.0454   0.0586
 -0.0427  -0.2049   0.0336  -0.0081   0.0493   0.0687
 -0.0450  -0.1867   0.0374  -0.0063   0.0536   0.0672
 -0.0436  -0.1784   0.0275  -0.0242   0.0482   0.0434
 -0.0691  -0.1964   0.0308  -0.0061   0.0369   0.0618
 -0.0639  -0.1806   0.0331  -0.0812   0.0343   0.0279
 -0.0677  -0.1630   0.0374  -0.0610   0.0452   0.0551
 -0.0623  -0.1722   0.0353  -0.0340   0.0521   0.0627
 -0.0582  -0.1684   0.0354  -0.0404   0.0475   0.0592
 -0.0839  -0.1377   0.0263  -0.0490   0.0306   0.0573
 -0.0961  -0.1046   0.0355  -0.0759   0.0268   0.0605
 -0.0534  -0.1717   0.0299  -0.0340   0.0611   0.0757
 -0.0648  -0.1764   0.0183  -0.0451   0.0373   0.0762
 -0.0301  -0.1667   0.0319   0.0423   0.0666   0.0669
 -0.0663   0.3450   0.0276   0.0823   0.2584   0.4404
 -0.1281   1.8413   0.0750  -0.9525   0.0180   0.7417
 -0.0273   0.5283   0.0703  -0.7430   0.0129   0.2213
  0.0226   0.4338   0.0787  -0.5680   0.1015   0.1420
 -0.0026   0.3259   0.0518  -0.4340   0.0652   0.0771
  0.0242   0.1718   0.0755  -0.2680   0.0479   0.0569
  0.0220   0.1501   0.0534  -0.2606   0.0623   0.0890
  0.0220   0.1087   0.0534  -0.2325   0.0608   0.1161
  0.0237   0.0879   0.0664  -0.2114   0.0651   0.1119
  0.0114   0.0886   0.0500  -0.2531   0.0416   0.1037
  0.0305   0.0714   0.1216  -0.2272   0.0713   0.0818
  0.0221  -0.0515   0.0712  -0.1543   0.0338   0.0526
  0.0171  -0.1905   0.0642  -0.0562   0.0245   0.0390
  0.0252  -0.2153   0.0666  -0.1190   0.0201   0.0633
  0.0496  -0.2748   0.0551  -0.0601   0.0554   0.0613
  0.0394  -0.2803   0.0584  -0.0664   0.0324   0.0385
  0.0282  -0.2407   0.0689  -0.0474   0.0386   0.0366
  0.0462  -0.2373   0.0701  -0.0830   0.0575   0.0454
  0.0419  -0.2589   0.0605  -0.0510   0.0685   0.0193
  0.0351  -0.2710   0.0574  -0.0462   0.0568   0.0611
  0.0311  -0.2283   0.0586  -0.0695   0.0496   0.0615
  0.0299  -0.2250   0.0351  -0.0297   0.1020   0.0240
  0.0350  -0.2047   0.0358  -0.1119   0.0485   0.0542
  0.0266  -0.2017   0.0359  -0.0902   0.0578   0.0279
  0.0235  -0.2042   0.0511  -0.0843   0.0610   0.0343
  0.0311  -0.2008   0.0366  -0.0880   0.0512   0.0324
  0.0225  -0.2259   0.0452  -0.0762   0.0434   0.0449
  0.0234  -0.2333   0.0364   0.1366   0.0235   0.0026
 -0.0585  -0.6545  -0.0092   0.6710  -0.1765  -0.0518
 -0.0088  -0.3132   0.0286   0.1034  -0.0584   0.0394
 -0.0895  -1.2497  -0.1097   1.5350  -0.2820  -0.2033
 -0.0112  -0.9883  -0.0550   0.6805  -0.1635  -0.0793
 -0.0050  -0.7539  -0.0410   0.5477  -0.1070  -0.0618
 -0.0162  -0.7397  -0.0386   0.5355  -0.1373  -0.0824
 -0.0066  -0.6731  -0.0435   0.4605  -0.1289  -0.0935
 -0.0294  -0.2491  -0.0385   0.2149  -0.1359  -0.0117
 -0.0492  -0.3394  -0.0077   0.2682  -0.1623  -0.0667
 -0.0435  -0.3669   0.0002   0.2850  -0.1500  -0.0652
 -0.0593  -0.3485   0.0258   0.2643  -0.1702  -0.0851
 -0.0717  -0.4171   0.0173   0.3306  -0.1501  -0.0166
 -0.0733  -0.3057   0.0240   0.2558  -0.1452  -0.0228
 -0.0552  -0.3343   0.0017   0.2239  -0.1463  -0.0159
 -0.0378  -0.3466  -0.0056   0.2179  -0.1170  -0.0132
 -0.0332  -0.3353   0.0022   0.2166  -0.1057  -0.0333
 -0.0341  -0.3392  -0.0108   0.2258  -0.1418  -0.0549
 -0.0321  -0.3002  -0.0303   0.1836  -0.1344  -0.0456
 -0.0332  -0.3644  -0.0151   0.2207  -0.1315  -0.0274
 -0.0252  -0.3968  -0.0278   0.2454  -0.1267  -0.0278
 -0.0330  -0.3196  -0.0461   0.1385  -0.1414   0.0072
 -0.0289  -0.4055  -0.0516   0.1877  -0.1374  -0.0376
 -0.0455  -0.1560  -0.0822   0.0395  -0.1596  -0.0322
 -0.0596  -0.1160  -0.0258  -0.2612  -0.1582  -0.0463
 -0.0577  -0.2628  -0.0382  -0.0674  -0.1429  -0.1226
 -0.0065  -0.2775  -0.0566   0.0546  -0.1245  -0.0704
  0.0286  -0.3474  -0.0567   0.1235  -0.1168  -0.0927
  0.0086  -0.3359  -0.0517   0.1134  -0.1225  -0.0885
  0.0151  -0.3873  -0.0522   0.1538  -0.1156  -0.0777
  0.0124  -0.3803  -0.0522   0.1570  -0.1165  -0.0684
  0.0198  -0.4116  -0.0543   0.1701  -0.1139  -0.0763
 -0.0180  -0.3669  -0.0473   0.1092  -0.1267  -0.0805
 -0.0532  -0.1715  -0.0351   0.0066  -0.1688  -0.0332
 -0.0358  -0.3459  -0.0417   0.1340  -0.1411  -0.0997
 -0.0570  -0.3239  -0.0381   0.1104  -0.1283  -0.0584
 -0.0322  -0.3969  -0.0223   0.1854  -0.1230  -0.0850
 -0.0382  -0.5809  -0.0839   0.3081  -0.1953  -0.0658
 -0.0316  -0.6576  -0.0956   0.3668  -0.2151  -0.0709
 -0.0181  -0.6446  -0.0884   0.3302  -0.1838  -0.0595
 -0.0113  -0.6562  -0.0855   0.3342  -0.1684  -0.0703
 -0.0041  -0.5782  -0.0827   0.3938  -0.1447  -0.0727
 -0.2215   2.2635  -0.2574  -0.8563   0.2455   0.4584
 -0.0601   4.6542  -0.3623  -1.3902   0.2401   0.9820
 -0.0403   2.2139   0.0477  -1.0112  -0.0079  -0.1672
  0.0134   2.1844   0.1197  -0.8162   0.0032  -0.1885
  0.0580   2.0601   0.0521  -0.7825   0.0132  -0.2309
  0.0977   1.8724   0.0104  -0.6490   0.0124  -0.2525
  0.1432   1.7055  -0.0023  -0.4891  -0.0004  -0.2586
  0.1418   1.6624  -0.0041  -0.4486  -0.0020  -0.2500
  0.1623   1.6350  -0.0101  -0.4655   0.0005  -0.2524
  0.1250   1.6137  -0.0192  -0.4745  -0.0488  -0.2520
  0.1269   1.4343  -0.0413  -0.3889  -0.0605  -0.2182
  0.1478   1.4321  -0.0486  -0.4825  -0.0791  -0.2965
  0.1465   1.3625  -0.0308  -0.5289  -0.0557  -0.2731
  0.1472   1.3124  -0.0421  -0.4167  -0.0576  -0.2439
  0.1503   1.2391  -0.0410  -0.3715  -0.0476  -0.2667
  0.1489   1.2410  -0.0571  -0.3781  -0.0485  -0.2480
  0.1550   1.2569  -0.0444  -0.3828  -0.0540  -0.2750
  0.1420   1.2409  -0.0498  -0.3609  -0.0510  -0.2833
  0.1482   1.2310  -0.0567  -0.3442  -0.0624  -0.2889
  0.1346   1.2100  -0.0812  -0.3873  -0.0811  -0.2377
  0.1773   1.1793  -0.0731  -0.4857  -0.0804  -0.2964
  0.1717   1.2267  -0.0426  -0.3685  -0.0788  -0.2604
  0.1555   1.0915  -0.0593  -0.3648  -0.0560  -0.3092
  0.1455   1.2064  -0.0793  -0.3843  -0.0758  -0.2972
  0.1061   0.7877  -0.1166   0.0984  -0.1255  -0.2079
  0.1457   0.2182  -0.1018   0.4168  -0.1809  -0.2633
  0.1618   0.1870  -0.0852   0.3493  -0.1795  -0.3006
  0.1554   0.2235  -0.0849   0.2858  -0.1969  -0.3158
  0.1362   0.1218  -0.0919   0.3638  -0.2340  -0.2897
  0.1509   0.0387  -0.1045   0.4404  -0.2096  -0.2943
  0.1698   0.0458  -0.0998   0.4082  -0.1846  -0.2731
  0.1535   0.0548  -0.1142   0.3828  -0.2086  -0.2788
  0.1567   0.3848  -0.1234   0.0762  -0.2001  -0.2887
  0.2086   0.4235  -0.2172   0.0359  -0.1197  -0.2825
  0.1656   0.3969  -0.1394   0.0909  -0.1454  -0.3250
  0.1690   0.4425  -0.1455   0.0642  -0.1408  -0.3430
  0.1723   0.4283  -0.1403   0.0626  -0.1418  -0.3038
  0.1477   0.4028  -0.1437   0.0728  -0.1744  -0.3126
  0.1492   0.3898  -0.1397   0.0486  -0.1729  -0.3185
  0.1672   0.3919  -0.1427   0.0388  -0.1490  -0.3230
  0.1504   0.3563  -0.1453   0.0752  -0.1780  -0.2935
  0.1537   0.3705  -0.1301   0.0725  -0.1690  -0.3081
  0.1548   0.4118  -0.1534  -0.0866  -0.1633  -0.3089
  0.1602   0.8572  -0.1633  -0.9777  -0.2001  -0.2581
  0.1079   0.6280  -0.1563  -0.2611  -0.2127  -0.4115
  0.1236   0.5611  -0.1598  -0.2779  -0.2228  -0.3703
  0.1219   0.5515  -0.1537  -0.2775  -0.2332  -0.3656
  0.1177   0.5492  -0.1549  -0.2545  -0.2223  -0.3523
  0.1164   0.5151  -0.1492  -0.2483  -0.2350  -0.3345
  0.1233   0.5226  -0.1516  -0.2682  -0.2272  -0.3268
