 -0.0716  -0.2141  -0.0350  -0.1443   0.0347   0.0069
 -0.0567  -0.2230  -0.0245  -0.1325   0.0398   0.0122
 -0.0173  -0.5062  -0.0769   0.5401   0.0736   0.0859
  0.0048  -0.3371  -0.0502   0.3784   0.0637   0.0882
 -0.0473  -0.2893  -0.0430   0.1304   0.0188   0.0718
 -0.0505  -0.3240  -0.0215   0.0915   0.0298   0.0442
 -0.0651  -0.2506  -0.0017   0.0980   0.0441   0.0397
 -0.0923   0.2539   0.0092  -0.1283   0.0080  -0.1086
 -0.0534   0.3333  -0.0117  -0.0555  -0.0067  -0.0984
 -0.0186   0.2317  -0.0506  -0.0227   0.0217  -0.0549
 -0.0321   0.0757  -0.0070  -0.1704  -0.0138  -0.0469
 -0.0274   0.0633  -0.0028  -0.1521  -0.0046  -0.0367
 -0.0043   0.0403  -0.0164  -0.1459  -0.0024  -0.0158
 -0.0432   0.1443   0.0244  -0.1471  -0.0157  -0.0257
 -0.0533   0.2114   0.0534  -0.1613   0.0100  -0.0370
 -0.0458   0.1773   0.0449  -0.1594   0.0049  -0.0510
 -0.0514   0.2003   0.0363  -0.1180  -0.0036  -0.0320
 -0.0326   0.1741   0.0109  -0.1016   0.0063  -0.0430
 -0.0232   0.1476   0.0318  -0.1166   0.0252  -0.0459
 -0.0256   0.1475   0.0551  -0.0924   0.0154  -0.0227
 -0.0421   0.1562  -0.0045  -0.0776   0.0113  -0.0175
 -0.0363   0.2232   0.0215  -0.1027   0.0142  -0.0431
 -0.0376   0.2463   0.0540  -0.1330   0.0214  -0.0593
 -0.0209   0.2426   0.0550  -0.1273   0.0348  -0.0186
 -0.0252   0.2448   0.0673  -0.1024   0.0230  -0.0340
 -0.0247   0.2285   0.0968  -0.0788   0.0340  -0.0247
 -0.0250   0.2518   0.0811  -0.0572   0.0291  -0.0289
 -0.0155   0.2414   0.0701  -0.0187   0.0233  -0.0327
 -0.0149   0.2535   0.0683  -0.0383   0.0170  -0.0502
 -0.0397   0.2672   0.0613  -0.0419   0.0017  -0.0472
 -0.0443   0.2656   0.0604  -0.0046   0.0047  -0.0535
 -0.0472   0.2714   0.0542  -0.0230   0.0063  -0.0576
 -0.0506   0.2485   0.0614  -0.0130   0.0198  -0.0599
 -0.0448   0.2529   0.0596  -0.0360   0.0128  -0.0353
 -0.0385   0.2276   0.0322  -0.0178   0.0080  -0.0479
 -0.0342   0.2161   0.0316  -0.0498   0.0081  -0.0525
 -0.0223   0.2180   0.0391  -0.0338   0.0059  -0.0363
 -0.0172   0.2223   0.0302   0.0146   0.0026  -0.0355
 -0.0143   0.2047   0.0420  -0.0040   0.0162  -0.0300
  0.0152   0.2041   0.0367  -0.0705   0.0081  -0.0411
  0.0064   0.2216   0.0398  -0.0781   0.0066  -0.0479
  0.0044   0.2808   0.0434  -0.0711   0.0120  -0.0537
  0.0110   0.2455   0.0359  -0.0563   0.0171  -0.0396
  0.0014   0.2268   0.0386  -0.1225   0.0046  -0.0361
 -0.0060   0.2376   0.0410  -0.1310   0.0082  -0.0447
 -0.0069   0.2447   0.0359  -0.1537  -0.0144  -0.0503
 -0.0187   0.2284   0.0317  -0.1839  -0.0030  -0.0382
 -0.0288   0.2163  -0.0001  -0.2079  -0.0029  -0.0358
 -0.0192   0.1929  -0.0091  -0.1841  -0.0054  -0.0439
 -0.0260   0.2157   0.0089  -0.1297   0.0172  -0.0303
  0.0152   0.1758   0.0528  -0.0632   0.0199  -0.0319
  0.0068   0.2021   0.0809  -0.0275  -0.0003  -0.0422
 -0.0152   0.2638   0.0623  -0.0195   0.0118  -0.0465
 -0.0092   0.3067   0.0650  -0.1067  -0.0101  -0.0486
  0.0106   0.2854   0.0903  -0.0452  -0.0073  -0.0506
 -0.0069   0.2706   0.1141  -0.0540   0.0092  -0.0571
 -0.0294   0.2826   0.0949  -0.0391   0.0196  -0.0470
 -0.0147   0.2739   0.0907  -0.0636   0.0167  -0.0614
  0.0115   0.2849   0.0950  -0.0824   0.0188  -0.0624
  0.0051   0.2610   0.0900  -0.0556   0.0144  -0.0605
 -0.0059   0.3080   0.0979  -0.0392   0.0256  -0.0595
  0.0166   0.2854   0.0905  -0.0417   0.0150  -0.0613
 -0.0037   0.2893   0.0827  -0.0490   0.0256  -0.0587
 -0.0136   0.3017   0.0925  -0.0314   0.0199  -0.0476
 -0.0391   0.3964   0.0900  -0.0253   0.0216  -0.0895
 -0.0515   0.4570   0.0627  -0.0378   0.0249  -0.1045
 -0.0631   0.4244   0.0831  -0.0513   0.0256  -0.1052
 -0.0648   0.4012   0.0794  -0.0408   0.0247  -0.1020
 -0.0630   0.4065   0.0819  -0.0221   0.0245  -0.0947
 -0.0534   0.4082   0.0940  -0.0445   0.0343  -0.1059
 -0.0419   0.4460   0.0711  -0.0504   0.0256  -0.1211
 -0.0867   0.4965   0.0898  -0.0551   0.0106  -0.1112
 -0.0536   0.4718   0.0934  -0.0575   0.0184  -0.0969
 -0.0394   0.4541   0.0947  -0.0514   0.0232  -0.1040
 -0.0423   0.4757   0.0947  -0.0731   0.0282  -0.0994
 -0.0367   0.4403   0.0927  -0.0407   0.0250  -0.0887
 -0.0365   0.4193   0.0944  -0.0315   0.0209  -0.0869
 -0.0386   0.4333   0.0902  -0.0058   0.0239  -0.0928
 -0.0443   0.4906   0.1185   0.0038   0.0164  -0.0927
  0.0799   0.4711  -0.0026   0.1798   0.0238  -0.1440
  0.4668  -0.8250  -1.1240   0.9557   0.0866   0.2008
 -0.0104  -0.2664  -0.4678   0.0053  -0.0822   0.1487
  0.0218  -0.1792  -0.2984   0.0011  -0.0283   0.0683
  0.0209  -0.0984  -0.2010   0.0108  -0.0103   0.0546
 -0.0080   0.1542  -0.1934  -0.2336  -0.0150  -0.0299
 -0.0301   0.3176  -0.1632  -0.2832   0.0046  -0.0325
  0.0194   0.7485  -0.1397  -0.0549  -0.1550  -0.1201
  0.0823   0.9147  -0.3337  -0.3260  -0.0943  -0.1938
 -0.1477   0.6312  -0.3308  -0.3404  -0.2251  -0.1382
 -0.1086   0.6094  -0.2113  -0.2458  -0.0971  -0.1400
 -0.0288   0.5797  -0.2796  -0.1577  -0.0357  -0.1332
 -0.0968   0.5195  -0.1618  -0.0640  -0.1715  -0.1048
 -0.1034   0.6025  -0.1293  -0.0758  -0.1513  -0.1297
 -0.1004   0.6263  -0.0615  -0.1125  -0.1575  -0.1178
 -0.0861   0.6104  -0.0723  -0.0733  -0.1713  -0.1131
 -0.0581   0.5981  -0.0602  -0.1089  -0.1180  -0.1372
 -0.0543   0.5588  -0.0952  -0.0626  -0.1421  -0.1216
 -0.0544   0.5255  -0.0982  -0.1232  -0.1667  -0.1173
  0.0035   0.6328  -0.1163  -0.2250  -0.0551  -0.1635
 -0.0678   0.5465  -0.1022  -0.0622  -0.1564  -0.1126
 -0.0842   0.6440   0.0488  -0.1467  -0.0225  -0.1654
 -0.1354   0.6539   0.1208  -0.1527  -0.0289  -0.1544
 -0.1050   0.4064   0.0221  -0.0670  -0.0035  -0.0755
 -0.0972   0.2557  -0.0836   0.0836   0.0024  -0.0343
 -0.0438   0.2799  -0.1321   0.0540  -0.0158  -0.0629
 -0.1650  -0.0255  -0.0031   0.0775  -0.1608   0.0327
 -0.0806  -0.0118  -0.0236   0.0389  -0.2037   0.0248
  0.0192  -0.0648   0.0803  -0.1727  -0.0654   0.0253
  0.0218  -0.2798   0.0680  -0.0646  -0.1683   0.0964
  0.0508  -0.4344   0.0346  -0.0311  -0.1269   0.1374
 -0.0040  -0.3069  -0.0456  -0.0313  -0.0995   0.0705
  0.0489  -0.3944  -0.1055   0.0418  -0.0167   0.1109
  0.0244  -0.2957  -0.0579   0.0359  -0.0233   0.0847
  0.0608  -0.2956  -0.0564   0.0019  -0.0279   0.0638
  0.0645  -0.3425  -0.0478   0.0089  -0.0361   0.0672
  0.0909  -0.3813  -0.0154  -0.0405  -0.0268   0.0822
  0.1192  -0.4855  -0.0371  -0.0443  -0.0161   0.1106
  0.1125  -0.5722  -0.0181  -0.0426  -0.0117   0.1161
  0.1200  -0.5812  -0.0724   0.0023  -0.0215   0.1360
  0.0545  -0.4946  -0.0709  -0.0355  -0.0487   0.1577
 -0.0650   0.2211   0.5138  -0.4458  -0.0124  -0.0394
 -0.1245  -0.1509   0.0730  -0.3364  -0.0326   0.0714
 -0.0570  -0.2202   0.0152  -0.0792  -0.0027   0.0508
  0.0216  -0.3776  -0.0430   0.0127  -0.0194   0.0914
  0.0566  -0.3600   0.1358  -0.0348  -0.0318   0.0867
  0.0568  -0.4616   0.0424  -0.0606  -0.0120   0.0952
  0.0538  -0.4088   0.0553  -0.1231  -0.0021   0.0743
  0.1174  -0.3761   0.0311  -0.1104   0.0645   0.0479
  0.0721  -0.4553   0.1295  -0.0394   0.0168   0.1066
  0.0434  -0.6208   0.1014   0.0851   0.0233   0.1370
  0.0623  -0.5844  -0.1037   0.2781  -0.0023   0.1506
 -0.0297  -0.3776   0.0010   0.2417  -0.0341   0.0921
  0.0038  -0.3361   0.0337   0.1439   0.0068   0.0819
  0.0464  -0.3472   0.0191   0.0706   0.0152   0.0793
  0.0631  -0.4085   0.0127   0.1510   0.0245   0.1096
  0.0547  -0.4386   0.0012   0.1228   0.0147   0.1054
  0.0646  -0.4694   0.0153   0.1672  -0.0051   0.1681
  0.0235  -0.6367  -0.0606   0.1675  -0.0123   0.1691
  0.0579  -0.5547  -0.1228   0.1926   0.0620   0.1289
  0.0892  -0.4477  -0.1114   0.2013   0.0807   0.1227
  0.0884  -0.5050  -0.1174   0.2809   0.0507   0.1188
  0.0601  -0.5378  -0.0885   0.2868   0.0407   0.1325
  0.0521  -0.5589  -0.0868   0.2407   0.0304   0.1243
  0.0602  -0.5206  -0.0750   0.2333   0.0260   0.1229
  0.0424  -0.4899  -0.0516   0.1312   0.0310   0.0975
  0.0440  -0.4822  -0.0232   0.1249   0.0299   0.0747
  0.0515  -0.4787  -0.0386   0.1233   0.0333   0.0824
  0.0565  -0.5159  -0.0420   0.1172   0.0394   0.0920
  0.0566  -0.5519  -0.0497   0.0974   0.0350   0.0951
  0.0432  -0.5157  -0.0517   0.0963   0.0335   0.0861
  0.0311  -0.4328  -0.0024   0.0749   0.0356   0.0842
  0.0279  -0.4444  -0.0197   0.1619   0.0605   0.0734
  0.0124  -0.4383  -0.0216   0.1749   0.0604   0.0717
  0.0354  -0.4276  -0.0366   0.1905   0.0480   0.0843
  0.0667  -0.4355  -0.0239   0.2476   0.0464   0.0916
  0.0804  -0.4181  -0.0301   0.2279   0.0529   0.0830
  0.0332  -0.4059  -0.0227   0.1575   0.0454   0.0700
  0.0315  -0.4112  -0.0048   0.1362   0.0421   0.0772
  0.0299  -0.4355  -0.0216   0.1640   0.0430   0.0777
  0.0317  -0.4089  -0.0162   0.1576   0.0459   0.0642
  0.0249  -0.3151   0.0149   0.1258   0.0472   0.0564
  0.0388  -0.3534   0.0156   0.0934   0.0434   0.0573
  0.0430  -0.3891   0.0254   0.1328   0.0538   0.0759
  0.0542  -0.3962   0.0327   0.1081   0.0547   0.0741
  0.0687  -0.4092   0.0253   0.0771   0.0564   0.0636
  0.0588  -0.4040   0.0325   0.0876   0.0640   0.0573
  0.0441  -0.3556   0.0586   0.1641   0.0302   0.0683
  0.0035   0.1749  -0.0632   0.0621   0.0366  -0.0046
  0.0329  -0.1302   0.0947   0.1035   0.0354  -0.0002
  0.0618  -0.1948   0.0571   0.1187   0.0439   0.0116
  0.0640  -0.2419   0.0654   0.1370   0.0439   0.0232
  0.0664  -0.2795   0.0622   0.1457   0.0499   0.0447
  0.0604  -0.2927   0.0671   0.1568   0.0446   0.0498
  0.0797  -0.3220   0.0414   0.1579   0.0394   0.0535
  0.0755  -0.3497   0.0364   0.1637   0.0451   0.0492
  0.0459  -0.3005   0.0150   0.1615   0.0405   0.0514
  0.0457  -0.3541   0.0367   0.1689   0.0457   0.0714
 -0.0103  -0.3334   0.1161   0.0885   0.0184   0.0391
  0.0238  -0.2406   0.1417   0.1111  -0.0045   0.0552
  0.0569  -0.3070   0.0964   0.0778   0.0335   0.0323
