  0.1486  -0.2996   0.0266   0.4749   0.2741   0.1745
  0.1819  -0.2859   0.0105   0.3144   0.3196   0.0721
  0.1888  -0.3133  -0.0167   0.3265   0.3113   0.3425
  0.2132  -0.3280  -0.0149   0.3443   0.3166   0.3084
  0.1989  -0.3250  -0.0026   0.3678   0.2995   0.3567
  0.2300  -0.3196   0.0020   0.3466   0.3299   0.2818
  0.2355  -0.3099   0.0131   0.3313   0.3230   0.3230
  0.2333  -0.2995   0.0137   0.3541   0.3408   0.2747
  0.2358  -0.2954   0.0061   0.3521   0.3401   0.3169
  0.2365  -0.3029  -0.0055   0.3880   0.3357   0.2770
  0.2451  -0.2915  -0.0016   0.3546   0.3328   0.2696
  0.2325  -0.3001   0.0079   0.4044   0.3372   0.3032
  0.2381  -0.3172   0.0019   0.3613   0.3410   0.2778
  0.2279  -0.3103  -0.0029   0.3796   0.3267   0.3268
  0.2284  -0.3078  -0.0190   0.3795   0.3314   0.2479
  0.2229  -0.2733  -0.0170   0.4360   0.3465   0.2575
  0.2049  -0.2883  -0.0354   0.3812   0.3192   0.2455
  0.1932  -0.3413  -0.0513   0.4594   0.3040   0.2642
  0.2508  -0.2421  -0.1481  -0.1311   0.1178   0.7981
  0.0882  -0.1435  -0.0262   0.0247   0.0824   0.3838
  0.0874  -0.2495   0.0070   0.1675   0.0733   0.4134
  0.0734  -0.1716   0.0174   0.1753   0.0836   0.3587
  0.0960  -0.1571   0.0325   0.1048   0.0852   0.3653
  0.0915  -0.1345   0.0294   0.1780   0.0661   0.2758
  0.1149  -0.1975   0.0508   0.0669   0.0836   0.2808
  0.1093  -0.1839   0.0350   0.1189   0.0618   0.2850
  0.1232  -0.1698   0.0387   0.0144   0.0886   0.3012
  0.1028  -0.1853   0.0386   0.0675   0.0737   0.2813
  0.0634  -0.1662   0.0501   0.0275   0.0480   0.3085
  0.0991  -0.1804   0.0496   0.0439   0.0685   0.2890
  0.0904  -0.1558   0.0359   0.1022   0.0770   0.2561
  0.0425  -0.1945  -0.0004   0.0238  -0.0045   0.2443
 -0.0085  -0.2702  -0.0127   0.1024  -0.0573   0.2191
 -0.0529  -0.3732  -0.0403   0.1649  -0.1351   0.2041
 -0.0498  -0.3853  -0.0107   0.2800  -0.1257   0.1720
 -0.0585  -0.4240  -0.0288   0.2225  -0.1430   0.1834
 -0.0603  -0.4241  -0.0443   0.2473  -0.1634   0.2236
 -0.0795  -0.3801  -0.0354   0.2601  -0.1697   0.1969
 -0.0837  -0.3942  -0.0651   0.2220  -0.1751   0.1757
 -0.1092  -0.4371  -0.0302   0.2169  -0.1979   0.2354
 -0.1076  -0.4491  -0.0194   0.2265  -0.1801   0.1954
 -0.1213  -0.3845  -0.0137   0.1905  -0.1754   0.2327
 -0.1155  -0.3779  -0.0131   0.2070  -0.1738   0.1320
 -0.1195  -0.3899  -0.0055   0.2041  -0.1876   0.1802
 -0.1250  -0.3867  -0.0032   0.2176  -0.1739   0.1452
 -0.1142  -0.3495   0.0027   0.1986  -0.1772   0.1628
 -0.1192  -0.3519   0.0061   0.2146  -0.1689   0.1130
 -0.1098  -0.3636  -0.0124   0.1966  -0.1719   0.1309
 -0.1178  -0.3305  -0.0124   0.1951  -0.1728   0.1501
 -0.1147  -0.2885   0.0039   0.2295  -0.1594   0.0720
 -0.1103  -0.2605  -0.0002   0.1958  -0.1727   0.0880
 -0.1035  -0.2664   0.0047   0.2119  -0.1652   0.1026
 -0.0947  -0.2707   0.0011   0.1936  -0.1572   0.0905
 -0.0868  -0.2358  -0.0028   0.2064  -0.1574   0.1189
 -0.0972  -0.2528   0.0052   0.2571  -0.1642   0.0558
 -0.0882  -0.2559  -0.0033   0.1848  -0.1702   0.0892
 -0.0904  -0.2285  -0.0019   0.2197  -0.1572   0.0742
 -0.0878  -0.2392   0.0024   0.1982  -0.1504   0.0778
 -0.0820  -0.2280  -0.0071   0.2073  -0.1382   0.1039
 -0.0777  -0.2233  -0.0047   0.2182  -0.1377   0.0521
 -0.0759  -0.2170  -0.0013   0.2091  -0.1300   0.0939
 -0.0744  -0.2042  -0.0064   0.2039  -0.1293   0.0722
 -0.0793  -0.2163   0.0058   0.2057  -0.1381   0.1112
 -0.0636  -0.1747   0.0022   0.2160  -0.1247   0.0391
 -0.0589  -0.1756   0.0133   0.2058  -0.1185   0.0703
 -0.0696  -0.1848  -0.0004   0.1936  -0.1242   0.0227
 -0.0508  -0.1828   0.0255   0.1525  -0.0897   0.0631
 -0.0542  -0.1231   0.0057   0.1805  -0.0949   0.0033
 -0.0529  -0.1151   0.0148   0.1828  -0.0945   0.0331
 -0.0566  -0.1183   0.0145   0.2039  -0.0941   0.0252
 -0.0643  -0.1269   0.0212   0.1848  -0.1230   0.0243
 -0.0550  -0.1128   0.0261   0.1969  -0.1157   0.0364
 -0.0393  -0.1072   0.0225   0.1990  -0.1113  -0.0065
 -0.0348  -0.0903   0.0137   0.1584  -0.0885   0.0301
 -0.0221  -0.0881   0.0293   0.1976  -0.0736  -0.0238
 -0.0306  -0.0857   0.0297   0.1582  -0.0954   0.0373
 -0.0345  -0.0733   0.0286   0.1912  -0.0805   0.0071
 -0.0436  -0.0942   0.0201   0.1880  -0.0966  -0.0016
 -0.0376  -0.0879   0.0261   0.1702  -0.1014   0.0397
 -0.0405  -0.0717   0.0310   0.2098  -0.0888  -0.0175
 -0.0446  -0.0806   0.0233   0.1767  -0.1096   0.0287
 -0.0387  -0.0815   0.0339   0.1829  -0.0906   0.0309
 -0.0443  -0.0789   0.0307   0.1953  -0.0897  -0.0122
 -0.0440  -0.0828   0.0268   0.1724  -0.0997   0.0288
 -0.0417  -0.0835   0.0242   0.1913  -0.0907  -0.0189
 -0.0395  -0.0618   0.0237   0.1562  -0.0958   0.0045
 -0.0436  -0.0658   0.0237   0.1953  -0.0841  -0.0004
 -0.0326  -0.0714   0.0229   0.1262  -0.0956  -0.0092
 -0.0359  -0.0512   0.0150   0.1775  -0.0769   0.0157
 -0.0481  -0.0508   0.0165   0.1388  -0.1066  -0.0229
 -0.0405  -0.0511   0.0305   0.1522  -0.0992   0.0274
 -0.0410  -0.0813   0.0080   0.1269  -0.0954   0.0008
 -0.0446  -0.0337   0.0100   0.1284  -0.0889   0.0299
 -0.0468  -0.0432   0.0197   0.1455  -0.0732  -0.0341
 -0.0484  -0.0285   0.0003   0.0853  -0.0764   0.0081
 -0.0605  -0.0111   0.0004   0.1278  -0.0904  -0.0182
 -0.0596   0.0025  -0.0049   0.1149  -0.1224  -0.0130
 -0.0624   0.0045   0.0059   0.1258  -0.0767  -0.0129
 -0.0698   0.0583  -0.0248   0.0638  -0.0750  -0.0149
 -0.0659   0.0127  -0.0293   0.0868  -0.0675   0.0035
 -0.0849   0.0081  -0.0206   0.0937  -0.0960  -0.0307
 -0.0802   0.0071  -0.0161   0.0848  -0.0975   0.0034
 -0.0959   0.0048  -0.0213   0.0986  -0.0964  -0.0350
 -0.1028   0.0236  -0.0197   0.1091  -0.1180  -0.0199
 -0.1072   0.0041  -0.0111   0.1194  -0.1068  -0.0275
 -0.1038  -0.0142  -0.0312   0.0902  -0.1225  -0.0140
 -0.1065   0.0152  -0.0188   0.1040  -0.1102  -0.0031
 -0.1053   0.0118  -0.0146   0.0945  -0.0953  -0.0269
 -0.0987   0.0107  -0.0185   0.1086  -0.0940   0.0062
 -0.1304   0.0039  -0.0108   0.1592  -0.1059  -0.0505
 -0.1102  -0.0305  -0.0094   0.0568  -0.1152  -0.0155
 -0.1044   0.0121  -0.0313   0.0599  -0.0886  -0.0397
 -0.1129   0.0372  -0.0314  -0.0193  -0.1263  -0.0568
 -0.1142   0.0858   0.0219  -0.1939  -0.0924  -0.0601
 -0.0698   0.1587   0.0283  -0.2684  -0.0777  -0.0810
 -0.0967   0.1625   0.0241  -0.2585  -0.0998  -0.0443
 -0.0985   0.2125   0.0123  -0.2418  -0.1046  -0.1211
 -0.0859   0.1858   0.0141  -0.2476  -0.1123  -0.0790
 -0.0691   0.2142   0.0167  -0.2588  -0.1054  -0.1280
 -0.0771   0.2367   0.0357  -0.2631  -0.0933  -0.1037
 -0.0644   0.1982   0.0153  -0.2710  -0.0954  -0.1094
 -0.0678   0.2047   0.0019  -0.2509  -0.0950  -0.0904
 -0.0591   0.2061   0.0083  -0.2674  -0.0962  -0.1198
 -0.0536   0.2509   0.0075  -0.2403  -0.0930  -0.1117
 -0.0609   0.2531   0.0083  -0.2425  -0.0887  -0.1533
 -0.0654   0.2253   0.0116  -0.2664  -0.1001  -0.1080
 -0.0736   0.2351   0.0154  -0.2446  -0.0971  -0.1545
 -0.0748   0.2579   0.0151  -0.2725  -0.1061  -0.1288
 -0.0608   0.2831   0.0252  -0.2623  -0.0864  -0.1455
 -0.0699   0.2666   0.0125  -0.2734  -0.0782  -0.1501
 -0.0730   0.2968   0.0130  -0.2423  -0.0711  -0.1372
 -0.0752   0.2753   0.0071  -0.2274  -0.0749  -0.1811
 -0.0869   0.2745   0.0128  -0.2263  -0.0748  -0.1445
 -0.0965   0.2520   0.0105  -0.2349  -0.0788  -0.1914
 -0.0843   0.2497   0.0008  -0.2341  -0.0712  -0.1396
 -0.0851   0.2584   0.0022  -0.2598  -0.0733  -0.1561
 -0.0937   0.2189  -0.0085  -0.2423  -0.0772  -0.1476
 -0.1025   0.2692  -0.0122  -0.2241  -0.0834  -0.1290
 -0.1069   0.2661  -0.0143  -0.2541  -0.0837  -0.1751
 -0.1196   0.2535   0.0077  -0.2457  -0.0910  -0.1270
 -0.1096   0.2370  -0.0053  -0.2584  -0.0746  -0.1773
 -0.1030   0.2663   0.0002  -0.2397  -0.0831  -0.1208
 -0.1072   0.2832   0.0124  -0.1836  -0.0760  -0.2056
 -0.0999   0.2559  -0.0035  -0.2188  -0.0837  -0.1756
 -0.0948   0.2607   0.0196  -0.2050  -0.0657  -0.1743
 -0.0698   0.2712   0.0182  -0.2427  -0.0495  -0.1999
 -0.0478   0.2713   0.0245  -0.2308  -0.0189  -0.2126
 -0.0545   0.2496   0.0084  -0.2774  -0.0299  -0.1768
 -0.0663   0.2518   0.0170  -0.2413  -0.0335  -0.1589
 -0.0611   0.2553   0.0033  -0.2642  -0.0380  -0.1806
 -0.0424   0.2562   0.0085  -0.2322  -0.0169  -0.1520
 -0.0260   0.2409   0.0042  -0.2113  -0.0014  -0.2210
 -0.0291   0.2007   0.0102  -0.2411  -0.0311  -0.1560
 -0.0367   0.2134   0.0097  -0.2052  -0.0224  -0.1677
 -0.0186   0.2323  -0.0016  -0.2272  -0.0037  -0.1728
 -0.0045   0.2470   0.0093  -0.2080  -0.0069  -0.1844
  0.0023   0.2243   0.0137  -0.2059   0.0090  -0.2112
  0.0036   0.2173   0.0155  -0.2242   0.0003  -0.1706
  0.0002   0.2571   0.0215  -0.1836   0.0084  -0.2069
  0.0159   0.2227   0.0116  -0.2095   0.0250  -0.2181
  0.0181   0.2360   0.0100  -0.2160   0.0216  -0.1610
  0.0002   0.2201   0.0055  -0.2206   0.0141  -0.1954
  0.0087   0.2393   0.0275  -0.2746   0.0027  -0.1512
 -0.0030   0.2425  -0.0088  -0.2440   0.0368  -0.1943
 -0.0094   0.2256  -0.0010  -0.2693   0.0275  -0.1535
 -0.0056   0.2497  -0.0012  -0.2601   0.0543  -0.1762
  0.0005   0.2595   0.0045  -0.3371   0.0482  -0.1393
  0.0089   0.2464  -0.0015  -0.2886   0.0568  -0.1784
  0.0121   0.2451  -0.0056  -0.3249   0.0540  -0.1533
 -0.0029   0.2763  -0.0061  -0.2855   0.0532  -0.1959
 -0.0075   0.2863  -0.0058  -0.3378   0.0460  -0.1794
 -0.0136   0.2780  -0.0067  -0.2875   0.0516  -0.1671
 -0.0191   0.2720  -0.0118  -0.3437   0.0253  -0.1577
 -0.0228   0.2441  -0.0089  -0.3052   0.0248  -0.1763
 -0.0114   0.2286  -0.0016  -0.3432   0.0234  -0.1550
 -0.0629   0.2801  -0.0142  -0.2326  -0.0214  -0.1815
 -0.0563   0.2561   0.0023  -0.2559  -0.0419  -0.2043
 -0.0443   0.2543   0.0056  -0.2125  -0.0173  -0.1710
 -0.0120   0.2406   0.0039  -0.1780  -0.0103  -0.2062
 -0.0197   0.2401   0.0007  -0.2406  -0.0029  -0.1474
 -0.0108   0.2456   0.0042  -0.3351  -0.0117  -0.1521
 -0.0252   0.3233  -0.0241  -0.5510  -0.0021  -0.0122
 -0.0161   0.3135  -0.0264  -0.5122   0.0191  -0.0644
 -0.0055   0.3047  -0.0270  -0.5503   0.0263  -0.0473
  0.0123   0.2610  -0.0288  -0.5059   0.0404  -0.0377
  0.0195   0.2500  -0.0364  -0.5117   0.0407  -0.0291
  0.0131   0.2867  -0.0396  -0.4056   0.0607  -0.0333
  0.0283   0.1976  -0.0217  -0.1574   0.1076  -0.1609
  0.0381   0.1894  -0.0429  -0.2396   0.0869  -0.1102
  0.0307   0.1936  -0.0335  -0.2215   0.0754  -0.1205
  0.0499   0.1917  -0.0324  -0.2627   0.0813  -0.1144
  0.0544   0.2027  -0.0238  -0.2724   0.0959  -0.0936
  0.0695   0.2211  -0.0203  -0.2671   0.1011  -0.1120
  0.0610   0.2397  -0.0278  -0.2510   0.0996  -0.1198
  0.0661   0.2240  -0.0443  -0.2266   0.1006  -0.1654
  0.0704   0.2262  -0.0297  -0.2548   0.0932  -0.1055
  0.0860   0.2158  -0.0373  -0.2718   0.0951  -0.1297
  0.0709   0.2326  -0.0324  -0.2110   0.1034  -0.1403
  0.0687   0.2109  -0.0346  -0.2386   0.1024  -0.1450
  0.0650   0.2493  -0.0325  -0.2311   0.0926  -0.1053
  0.0736   0.2170  -0.0542  -0.1926   0.1034  -0.1311
  0.1173   0.0357  -0.0656   0.1179   0.1352  -0.1068
  0.2583  -0.1666   0.0060   0.2410   0.3433  -0.1437
  0.3999  -0.2798  -0.0695   0.1853   0.4392  -0.0529
  0.4041  -0.2297  -0.0695   0.2081   0.4518  -0.1339
  0.4240   0.0466   0.0157   0.0549   0.4714  -0.1599
  0.4654   0.0827   0.0083   0.1240   0.5043  -0.2257
  0.4805   0.0757   0.0123   0.1066   0.5004  -0.1994
  0.4893   0.0146  -0.0068   0.2061   0.5018  -0.1434
  0.4948  -0.0536   0.0144   0.1888   0.5183  -0.2079
