 -0.3831  -0.3745  -0.2495  -0.3877  -0.3116   0.0965
 -0.3432  -0.3161  -0.2280  -0.4209  -0.2985   0.0070
 -0.3580  -0.2319  -0.2221  -0.4102  -0.3146   0.1574
 -0.3552  -0.2597  -0.2085  -0.3395  -0.3199   0.1120
 -0.3405  -0.2969  -0.2144  -0.2342  -0.3123   0.0863
 -0.3490  -0.2736  -0.1980  -0.2752  -0.3232   0.1049
 -0.3132  -0.2813  -0.1996  -0.1997  -0.3022   0.0717
 -0.3524  -0.2687  -0.1872  -0.1790  -0.3458   0.1033
 -0.3483  -0.3179  -0.1835  -0.2023  -0.3483   0.0983
 -0.3639  -0.2787  -0.1924  -0.2151  -0.3426   0.1212
 -0.3434  -0.2988  -0.1861  -0.1385  -0.3367   0.0566
 -0.3548  -0.3107  -0.1922  -0.1960  -0.3365   0.1214
 -0.3346  -0.2988  -0.1883  -0.1446  -0.3244   0.0714
 -0.3462  -0.2821  -0.1838  -0.1706  -0.3346   0.1226
 -0.3309  -0.3452  -0.1782  -0.1122  -0.3211   0.0522
 -0.3315  -0.2795  -0.1789  -0.1485  -0.3193   0.1242
 -0.3338  -0.3416  -0.1762  -0.1140  -0.3515   0.0933
 -0.3417  -0.3078  -0.1828  -0.1438  -0.3506   0.1341
 -0.3388  -0.2963  -0.1744  -0.1481  -0.3512   0.1162
 -0.3450  -0.2948  -0.1780  -0.1615  -0.3519   0.1154
 -0.3157  -0.3291  -0.1538  -0.0957  -0.3266   0.0725
 -0.3121  -0.3567  -0.1486  -0.1540  -0.3250   0.1085
 -0.2920  -0.2955  -0.1659  -0.1341  -0.2836   0.0834
 -0.3039  -0.3296  -0.1650  -0.1298  -0.3014   0.0812
 -0.3184  -0.2768  -0.1655  -0.1870  -0.3089   0.0947
 -0.3024  -0.3438  -0.1600  -0.0778  -0.2919   0.0381
 -0.3152  -0.3581  -0.1718  -0.1659  -0.2984   0.1166
 -0.3152  -0.3428  -0.1812  -0.1467  -0.3032   0.0717
 -0.3081  -0.3172  -0.1550  -0.2033  -0.3144   0.0969
 -0.3087  -0.3446  -0.1603  -0.1193  -0.3188   0.0477
 -0.3153  -0.2977  -0.1507  -0.1858  -0.3135   0.1140
 -0.3108  -0.3175  -0.1605  -0.1526  -0.3078   0.0826
 -0.2978  -0.3241  -0.1536  -0.1595  -0.2947   0.0778
 -0.2922  -0.3178  -0.1571  -0.1571  -0.2784   0.0676
 -0.3077  -0.3418  -0.1485  -0.1671  -0.2861   0.1037
 -0.3040  -0.3079  -0.1535  -0.1425  -0.2771   0.0701
 -0.3089  -0.3527  -0.1409  -0.1636  -0.2866   0.0819
 -0.2887  -0.3211  -0.1567  -0.1594  -0.2793   0.0468
 -0.3006  -0.3552  -0.1471  -0.2024  -0.2941   0.0694
 -0.3162  -0.3531  -0.1551  -0.2108  -0.2937   0.0853
 -0.3031  -0.3360  -0.1394  -0.1461  -0.2795   0.0582
 -0.2677  -0.3867  -0.1324  -0.1485  -0.2423   0.0565
 -0.2544  -0.3110  -0.1354  -0.2033  -0.2219   0.1161
 -0.3655  -0.3376  -0.1585  -0.1684  -0.3969   0.0221
 -0.2162   0.1989  -0.0795  -0.5791  -0.1568   0.1899
 -0.1807  -0.3005  -0.1231  -0.1967  -0.0749  -0.0002
 -0.2427  -0.2995  -0.1489  -0.2696  -0.1638   0.0485
 -0.2454  -0.2773  -0.1378  -0.1626  -0.1893   0.0333
 -0.2543  -0.3223  -0.1382  -0.1678  -0.2055   0.0515
 -0.2782  -0.3030  -0.1457  -0.0025  -0.2393   0.0513
 -0.2447  -0.3381  -0.1171   0.3564  -0.2588  -0.0695
 -0.2439  -0.3102  -0.1361   0.2429  -0.2436   0.0343
 -0.2253  -0.3015  -0.1180   0.1610  -0.2254   0.0625
 -0.2210  -0.3158  -0.1207   0.1209  -0.2165   0.0255
 -0.1967  -0.3049  -0.1168   0.1775  -0.1869   0.0257
 -0.2084  -0.3285  -0.1192   0.1457  -0.2005   0.0432
 -0.1892  -0.3191  -0.1069   0.1577  -0.1749   0.0300
 -0.1776  -0.3187  -0.0994   0.1344  -0.1729   0.0679
 -0.1794  -0.3468  -0.0942   0.1399  -0.1769   0.0580
 -0.1792  -0.2975  -0.0921   0.1187  -0.1798   0.0785
 -0.2041  -0.3642  -0.1127   0.1968  -0.2051   0.0287
 -0.2272  -0.2830  -0.1255   0.1162  -0.2244   0.0907
 -0.2298  -0.3267  -0.1179   0.1682  -0.2259   0.0775
 -0.2251  -0.3691  -0.1104   0.0972  -0.2134   0.0332
 -0.2226  -0.3494  -0.1014   0.0540  -0.2062   0.0287
 -0.2261  -0.3157  -0.1038  -0.0128  -0.2039   0.0663
 -0.2079  -0.3519  -0.0904   0.0624  -0.2029   0.0307
 -0.2183  -0.2916  -0.0954   0.0017  -0.2062   0.0950
 -0.1892  -0.3573  -0.0757   0.0916  -0.2033   0.0225
 -0.1963  -0.3596  -0.0855   0.0226  -0.1834   0.0540
 -0.1744  -0.3657  -0.0847   0.0246  -0.1711   0.0280
 -0.1900  -0.3352  -0.0979   0.0557  -0.1697   0.0305
 -0.1867  -0.3574  -0.0844  -0.0359  -0.1536   0.0246
 -0.0984  -0.2944  -0.1048   0.0113  -0.1017   0.0429
 -0.3264  -0.1902  -0.1369  -0.1948  -0.3929   0.0191
  0.0013   0.6693   0.0181  -0.9805  -0.0525   0.1284
 -0.1918   2.8212   0.1087  -1.8851  -0.1453   0.2730
 -0.2113   3.7321   0.1133  -2.4011  -0.1379  -0.0136
 -0.1367   2.0453   0.1822  -1.2788  -0.0963   0.3787
  0.1014  -1.3017   0.1804   0.7004  -0.0149   0.1977
  0.0047   0.6544   0.2195  -0.5794  -0.0083   0.0325
  0.0057   0.6218   0.1805  -0.6249  -0.0216   0.1254
  0.0068   0.4891   0.1815  -0.4874  -0.0324   0.0512
  0.0248   0.5233   0.1980  -0.6144  -0.0105   0.1223
  0.0158   0.4995   0.1960  -0.4089   0.0041   0.0536
  0.0718   0.4796   0.2000  -0.0008   0.0590   0.0495
  0.0816   0.2359   0.0916  -0.0583   0.1237   0.2397
  0.0477   0.2505   0.1170  -0.2791   0.0701   0.2062
  0.0125   0.2072   0.0955  -0.2906   0.0458   0.1381
  0.0172   0.2233   0.0747  -0.2404   0.0265   0.1259
  0.0668  -0.5968   0.0947   0.3468   0.0295   0.2853
 -0.1417  -0.1254   0.1207   0.0363  -0.1355   0.2195
 -0.2037  -0.1847   0.2067   0.0505  -0.1813   0.1729
 -0.1157  -0.0806   0.1880  -0.0501  -0.1144   0.1243
 -0.0120  -0.0566   0.0455  -0.0641  -0.0077   0.0849
 -0.0392  -0.0739   0.0388  -0.0557  -0.0308   0.1471
 -0.0348  -0.0942   0.0536  -0.0371  -0.0232   0.1165
 -0.0490  -0.0541   0.0620  -0.0193  -0.0083   0.1969
 -0.0461  -0.0723   0.0546  -0.0301  -0.0200   0.1655
 -0.0301  -0.0856   0.0469  -0.0729  -0.0251   0.1451
 -0.0230  -0.0594   0.0449  -0.0881  -0.0167   0.0877
 -0.0135  -0.1118   0.0508  -0.1154  -0.0031   0.1339
 -0.0071  -0.1621   0.0348  -0.0299  -0.0111   0.0920
 -0.0300  -0.1325   0.0376  -0.1229  -0.0190   0.1174
 -0.0068  -0.1171   0.0354  -0.0713   0.0086   0.0587
  0.0190  -0.0154   0.0283  -0.2470   0.0408   0.1542
  0.0221  -0.1284   0.0464  -0.1023   0.0302   0.0643
 -0.0061  -0.0927   0.0356  -0.1676   0.0079   0.1315
 -0.0109  -0.0147   0.0198  -0.1410  -0.0059   0.1219
 -0.0220  -0.0748   0.0476  -0.1296  -0.0326   0.1044
 -0.0267  -0.4722   0.0436   0.4293  -0.0924   0.1277
 -0.0003  -1.4265   0.1341   1.1422  -0.0727   0.3084
 -0.0089  -1.3847   0.1015   1.1284  -0.1110   0.2069
 -0.0102  -0.9219   0.0946   0.6343  -0.0986   0.0926
  0.1637  -0.1829   0.0977  -0.0370   0.1180   0.2691
  0.0932  -0.3538   0.0559   0.1691   0.0640   0.1326
  0.0770  -0.4635   0.0679   0.2524   0.0442   0.1149
  0.0766  -0.4532   0.0808   0.2504   0.0439   0.1332
  0.1047  -0.4459   0.0943   0.1290   0.0736   0.1598
  0.0976  -0.4510   0.0882   0.2039   0.0521   0.0836
  0.1330  -0.4347   0.1182   0.1043   0.0374   0.1169
  0.1179  -0.4617   0.1201   0.2282   0.0459   0.0863
  0.1053  -0.4245   0.1022   0.1611   0.0496   0.1405
  0.1244  -0.4629   0.0955   0.2242   0.0507   0.1129
  0.1116  -0.4399   0.1055   0.2219   0.0351   0.1314
  0.1112  -0.5117   0.0862   0.2884   0.0342   0.0831
  0.1434  -0.5579   0.1534   0.3096  -0.0039   0.0208
  0.1325  -0.4396   0.1116   0.2215   0.0283   0.0146
  0.1250  -0.4268   0.1085   0.0987   0.0217   0.1275
  0.1059  -0.4707   0.1132   0.2043   0.0026   0.0546
  0.1304  -0.4547   0.1050   0.1116   0.0421   0.0708
  0.1117  -0.4266   0.1042   0.1524   0.0267   0.0950
  0.1395  -0.4685   0.1155   0.1809   0.0560   0.0483
  0.1231  -0.4413   0.0995   0.1859   0.0340   0.1032
  0.1212  -0.4841   0.1090   0.2043   0.0342   0.0813
  0.1286  -0.4568   0.0985   0.2215   0.0447   0.0692
  0.1311  -0.4277   0.1121   0.1168   0.0464   0.1126
  0.1442  -0.4279   0.1105   0.1443   0.0464   0.0511
  0.1520  -0.4252   0.1144   0.1437   0.0565   0.0538
  0.1617  -0.4260   0.1213   0.1057   0.0755   0.0692
  0.1695  -0.4797   0.1139   0.1996   0.0865   0.0429
  0.1204  -0.4689   0.1116   0.2320   0.0614   0.1352
  0.1490  -0.5069   0.0962   0.2060   0.0688   0.0869
  0.1309  -0.4545   0.1041   0.1735   0.0532   0.0972
  0.0933  -0.3509   0.0556   0.2229  -0.0193   0.0574
 -0.1810   0.0973   0.0427   0.3184  -0.3064   0.0095
 -0.1209  -0.2654  -0.0472   0.1469  -0.1833   0.0192
  0.0685  -0.2818   0.0307   0.0785  -0.0231   0.0953
  0.2178  -0.3071   0.1046  -0.1383   0.1687   0.0262
  0.4069  -0.0914   0.0668  -0.1992   0.4377   0.0222
  2.3049   0.7511  -0.7032  -0.1082   2.5090   1.0220
  0.0102   0.0890   0.0106  -0.1651   0.3582   0.3444
 -0.7362   0.9452   0.1398  -0.6522  -0.5557   0.7044
  2.0476   2.6089   0.4179  -0.3852   2.4179   2.3212
  1.0195   2.1771  -0.4755  -0.0697   1.1614   1.1052
  0.3593   1.0330   0.1384   0.5752  -0.4844  -1.0193
  0.1795   0.4743   0.0479   0.1368  -0.0304   0.0064
  0.1397   0.8450  -0.2740   0.3737  -0.0672  -0.8194
 -0.1031   3.5163  -0.5798  -0.7170  -1.1297  -5.7362
  0.0745   3.2451  -0.1973  -1.1515  -0.4031  -2.5482
  0.1191   2.6401  -0.2075  -0.0340  -0.2113  -1.7214
  0.1821   4.7269  -0.3130  -1.3024  -0.6729  -5.1394
  0.2132   3.8238   0.0268  -1.2072  -0.0981  -1.2990
  0.1286   1.6179   0.0928   0.0156  -0.0441  -0.9679
  0.2416  -0.1852   0.2010   1.1970  -0.0063  -0.5896
  0.2006   0.2838   0.1476   0.6191   0.0579  -0.7266
  0.2543   0.2377   0.0943   0.5548   0.1273  -0.6805
  0.2812   0.1980   0.1226   0.5870   0.1344  -0.6630
  0.3327   0.2508   0.1475   0.5182   0.1735  -0.6175
  0.4262   0.0793   0.1562   0.6784   0.1791  -0.5606
  1.0514   1.4066   0.0179  -0.1308   0.7521  -0.4231
  2.3195   0.9068   0.1534   0.6620   2.2470   0.8097
  0.3607   0.9249   0.1966   0.4106   0.5424   0.4485
  0.1547   0.4789   0.0447   0.2376   0.3892   0.0226
  0.4560   0.3473   0.0672   0.2227   0.6072  -0.1295
  0.5058   0.3156   0.0629   0.2170   0.6475  -0.1372
  0.5284   0.3423   0.0482   0.2967   0.6393  -0.1648
  0.5503   0.3659   0.0879   0.1786   0.6608  -0.1166
  0.5482   0.3138   0.0975   0.2656   0.6504  -0.1690
  0.5503   0.3314   0.1094   0.2434   0.6530  -0.1295
  0.5393   0.3687   0.1015   0.2769   0.6503  -0.1374
  0.5219   0.3452   0.1058   0.4406   0.6732  -0.2360
  0.5674   0.3744   0.1351   0.8027   0.6607  -0.2172
  0.5722   0.2661   0.0866   0.5894   0.6923  -0.0745
  0.6052   0.3041   0.1341   0.3831   0.7566  -0.1138
  0.6361   0.2495   0.1225   0.4432   0.7761  -0.1821
  0.6384   0.2990   0.1123   0.4060   0.7755  -0.1497
  0.6652   0.2852   0.1351   0.4753   0.7803  -0.1917
  0.6663   0.2988   0.1521   0.4454   0.7794  -0.1541
  0.6758   0.2544   0.1674   0.5113   0.7892  -0.1824
  0.6891   0.2785   0.1581   0.4958   0.7917  -0.1379
  0.6828   0.2568   0.1622   0.5221   0.7702  -0.1645
  0.6877   0.2578   0.1625   0.5054   0.7735  -0.1464
  0.1944   1.6087   0.1936  -0.3295   0.3530  -0.4187
 -0.3639   3.7816   0.4531  -1.5157   0.0200  -0.1850
  0.0308   3.1202   0.2824  -1.0423   0.2566  -0.0990
  0.1042   1.9930   0.2758  -0.5249   0.2554  -0.0427
  0.0975   0.6669   0.2015   0.1208   0.2663  -0.1931
  0.1363   0.6994   0.1984   0.1318   0.2872  -0.2391
  0.1999   0.7088   0.2339   0.0701   0.3737  -0.2250
  0.1009   0.8004   0.2192   0.0732   0.1807  -0.2037
  0.1769   0.7732   0.2179   0.1731   0.2105  -0.2110
  0.0850   1.0268   0.2295   0.3700   0.0964  -0.7233
  0.0486   0.9947   0.2188   0.2639   0.0884  -0.6436
  0.1587   0.4463   0.0934  -0.0666   0.3737  -0.3214
  0.2008   0.4989   0.3089  -0.6827  -0.0851  -0.1903
  0.0447  -0.3529   0.1455   0.3167  -0.2111  -0.3167
  0.0122   0.7611  -0.0717  -0.4782  -0.1129   0.0476
  0.0680   1.2887  -0.3659  -1.3089  -0.0884   0.2618
  0.0904   1.6042  -0.4781  -1.8503  -0.0696   0.7047
