  0.3525   2.3546   0.2007  -0.9805   0.2415  -0.2341
  0.4149   2.4042  -0.0224  -0.7647   0.1971  -0.3391
  0.4103   2.4116  -0.0396  -0.7995   0.1579  -0.3804
  0.3970   2.5230   0.0224  -0.8378   0.1714  -0.4432
  0.3762   2.3426   0.0629  -0.7300   0.1955  -0.4442
  0.3705   2.2958   0.0573  -0.7276   0.2090  -0.4427
  0.3973   2.2944   0.1130  -0.6371   0.0803  -0.4329
  0.3244   2.1103   0.0827  -0.6680   0.1443  -0.3819
  0.3326   2.1303   0.0923  -0.6481   0.1752  -0.3772
  0.3373   2.1423   0.0872  -0.6525   0.1932  -0.4196
  0.3411   2.1497   0.1309  -0.6347   0.2022  -0.4315
  0.3400   2.0917   0.1204  -0.6073   0.2017  -0.4314
  0.3701   2.1259   0.1782  -0.6644   0.2454  -0.4280
  0.3337   2.0764   0.1458  -0.6382   0.2159  -0.4203
  0.3026   2.0001   0.0918  -0.5753   0.1762  -0.4208
  0.2420   1.7620   0.0680  -0.5154   0.1441  -0.3677
  0.1903   1.5419   0.0498  -0.4469   0.1152  -0.3199
  0.1849   1.5842   0.0150  -0.4760   0.1055  -0.3005
  0.1604   1.4587   0.0151  -0.4514   0.0875  -0.2708
  0.1237   1.3800  -0.0028  -0.4404   0.0508  -0.2327
  0.1317   1.2743   0.0024  -0.4040   0.0464  -0.2169
  0.1140   1.1636  -0.0664  -0.4214   0.0349  -0.1475
  0.1032   1.2985  -0.2314  -0.5016   0.0004  -0.1628
  0.1128   1.3054  -0.1697  -0.4778   0.0032  -0.1681
  0.0929   1.2812  -0.1559  -0.4220   0.0116  -0.1873
  0.0552   1.3461  -0.2669  -0.4110  -0.0065  -0.2456
  0.0491   1.3683  -0.1948  -0.3984  -0.0008  -0.2682
  0.0543   1.3456  -0.1900  -0.3634   0.0125  -0.2582
  0.0587   1.3062  -0.1878  -0.3109   0.0151  -0.2722
  0.0474   1.3041  -0.1979  -0.3232  -0.0014  -0.2730
  0.0426   1.3313  -0.2108  -0.3481  -0.0037  -0.2725
  0.0281   1.3160  -0.2233  -0.3407  -0.0157  -0.2748
  0.0215   1.3182  -0.1693  -0.3637  -0.0140  -0.2546
  0.0183   1.2805  -0.2825  -0.3202  -0.0358  -0.2358
 -0.0357   1.3677  -0.4095  -0.3258  -0.0837  -0.2788
 -0.0390   1.2865  -0.3405  -0.2894  -0.0762  -0.2672
 -0.0480   1.2071  -0.2996  -0.2403  -0.0709  -0.2697
 -0.0470   1.1344  -0.2692  -0.2069  -0.0530  -0.2676
 -0.0517   0.9933  -0.2558  -0.1590  -0.0399  -0.2592
 -0.0429   0.8902  -0.2505  -0.1435  -0.0577  -0.2256
 -0.0610   0.8518  -0.2343  -0.1869  -0.0931  -0.1740
 -0.0381   1.0759  -0.4184  -0.3252  -0.0759  -0.1829
 -0.0874   1.1599  -0.3528  -0.3852  -0.1082  -0.1906
 -0.0562   1.1531  -0.2803  -0.3922  -0.0812  -0.1899
 -0.0548   0.9757  -0.1987  -0.3013  -0.0563  -0.1740
 -0.0511   0.8368  -0.1608  -0.2134  -0.0342  -0.1710
 -0.0446   0.7119  -0.1266  -0.1906  -0.0274  -0.1457
 -0.0284   0.5772  -0.0851  -0.1868   0.0002  -0.0987
 -0.0185   0.4400  -0.0698  -0.1948   0.0152  -0.0413
 -0.0741   0.4487  -0.0737  -0.2960  -0.0492   0.0060
 -0.0622   0.7008  -0.2004  -0.3321  -0.0288  -0.0873
 -0.0794   0.7883  -0.1282  -0.3660  -0.0601  -0.0903
 -0.0719   0.8253  -0.1372  -0.4128  -0.0729  -0.0821
 -0.0532   0.7476  -0.0668  -0.3559  -0.0531  -0.0882
 -0.0733   0.5206  -0.0467  -0.2917  -0.0448  -0.0448
 -0.0663   0.4728  -0.0526  -0.2766  -0.0622  -0.0194
 -0.0638   0.4071  -0.0097  -0.2401  -0.0236  -0.0149
 -0.0462   0.2729   0.0024  -0.1610   0.0195   0.0030
 -0.0537   0.2213   0.0078  -0.1362   0.0197  -0.0101
 -0.0553   0.1851  -0.0118  -0.1518   0.0108   0.0210
 -0.0326   0.1419  -0.0009  -0.1134   0.0160   0.0112
 -0.0504   0.0771  -0.0273  -0.1057   0.0010   0.0428
 -0.0496   0.5362  -0.1271  -0.3407  -0.0379  -0.0336
 -0.0402   0.7514  -0.0666  -0.4998  -0.0866  -0.0314
 -0.0739   0.7038  -0.0832  -0.5221  -0.1108  -0.0034
 -0.0908   0.6310  -0.0432  -0.4445  -0.0470  -0.0032
 -0.1036   0.5433  -0.0475  -0.4601  -0.1181   0.0311
 -0.0826   0.4641  -0.0299  -0.4107  -0.0883   0.0477
 -0.0890   0.4722  -0.0080  -0.4249  -0.0858   0.0467
 -0.0902   0.4484   0.0108  -0.3811  -0.0691   0.0280
 -0.0906   0.3881   0.0131  -0.3389  -0.0661   0.0119
 -0.0813   0.4035  -0.0111  -0.3347  -0.0455   0.0274
 -0.0849   0.3939  -0.0130  -0.3287  -0.0713   0.0133
 -0.0803   0.3536  -0.0065  -0.3226  -0.0445   0.0096
 -0.0854   0.3040   0.0197  -0.3136  -0.0736   0.0253
 -0.0756   0.2433   0.0286  -0.2937  -0.0528   0.0423
 -0.0882   0.2343   0.0147  -0.2976  -0.0343   0.0648
 -0.0804   0.1560   0.0297  -0.2731  -0.0247   0.0790
 -0.0668   0.0621   0.0756  -0.2263  -0.0040   0.0979
 -0.0697   0.0457   0.0751  -0.1506   0.0111   0.0644
 -0.0622   0.0157   0.0787  -0.1365   0.0151   0.0645
 -0.0551   0.0210   0.0738  -0.1171   0.0232   0.0665
 -0.0719   0.0199   0.0821  -0.1169   0.0379   0.0489
 -0.0672   0.0031   0.0669  -0.1123   0.0127   0.0683
 -0.0695  -0.0169   0.0742  -0.0924   0.0118   0.0450
 -0.0658  -0.0295   0.0690  -0.0849   0.0105   0.0579
 -0.0671  -0.0616   0.0753  -0.1244  -0.0008   0.0968
 -0.1020  -0.1222  -0.0291  -0.0727  -0.0073   0.0950
 -0.1242  -0.1343  -0.0339  -0.0376  -0.0541   0.0905
 -0.1100  -0.1116  -0.0079  -0.0416  -0.0410   0.0795
 -0.1162  -0.0526   0.0198  -0.0020  -0.0394   0.0318
 -0.1016  -0.1253   0.0202  -0.0403  -0.0130   0.0763
 -0.0969  -0.1673   0.0291  -0.0535  -0.0201   0.0807
 -0.0893  -0.1589   0.0312  -0.0363  -0.0206   0.0920
 -0.0913  -0.1445   0.0311  -0.0444   0.0003   0.0993
 -0.0916  -0.1379   0.0326  -0.0303   0.0067   0.0837
 -0.0946  -0.1331   0.0264   0.0053  -0.0017   0.0699
 -0.0974  -0.1172   0.0227  -0.0060   0.0008   0.0688
 -0.0843  -0.1628   0.0362   0.0141   0.0077   0.0751
 -0.0774  -0.1803   0.0530   0.0038   0.0060   0.0950
 -0.0941  -0.1655   0.0330  -0.0037   0.0133   0.0730
 -0.0944  -0.1763   0.0217  -0.0058  -0.0012   0.0762
 -0.0846  -0.1743   0.0614  -0.0280  -0.0041   0.0816
 -0.1041  -0.1513   0.0624  -0.0159  -0.0053   0.0650
 -0.0927  -0.1678   0.0298  -0.0009  -0.0022   0.0685
 -0.1179  -0.1008   0.0146  -0.0490  -0.0259   0.0608
 -0.1089  -0.1446   0.0224  -0.0252  -0.0069   0.0823
 -0.1070  -0.1721   0.0262  -0.0045  -0.0116   0.0651
 -0.1085  -0.1754   0.0283   0.0037  -0.0123   0.0592
 -0.1088  -0.1889   0.0325  -0.0207  -0.0086   0.0636
 -0.1040  -0.1270   0.0072  -0.0147  -0.0170   0.0510
 -0.0854  -0.0691   0.0113  -0.0754  -0.0463   0.0714
  0.0928  -0.2303   0.1625  -0.1297  -0.0403   0.1208
  0.0790  -0.3028   0.1726   0.0667  -0.0137   0.0497
  0.0917  -0.3350   0.1938   0.6330   0.0709  -0.1605
 -0.0439  -0.5695   0.1185   0.2316   0.0322   0.0118
 -0.0290  -0.4582   0.1208   0.0045  -0.1010   0.1749
 -0.0334  -0.3764   0.1645   0.0333  -0.0093   0.1131
  0.0754  -0.5478   0.2141   0.0549   0.0679   0.1612
  0.0751  -0.6326   0.1955   0.0965   0.0923   0.1406
  0.0756  -0.6566   0.1701   0.1228   0.1208   0.1561
  0.0854  -0.7781   0.1314   0.1820   0.1030   0.1510
  0.1125  -0.8485   0.1911   0.1391   0.0829   0.2035
  0.1050  -0.8805   0.1707   0.2024   0.0854   0.1895
  0.1113  -0.8519   0.1587   0.1747   0.0913   0.2005
  0.1111  -0.8101   0.1805   0.1229   0.0718   0.2196
  0.1211  -0.8324   0.1557   0.0689   0.0754   0.2394
  0.1517  -0.7155   0.1200   0.1050   0.1261   0.1984
  0.1442  -0.8681   0.1284   0.2375   0.1171   0.1669
  0.1389  -0.9048   0.1784   0.1839   0.0872   0.1822
  0.1352  -0.9084   0.1743   0.2274   0.1074   0.1684
  0.1258  -0.9117   0.1840   0.2228   0.0934   0.1769
  0.1197  -0.9023   0.1757   0.2263   0.1363   0.1599
  0.1354  -0.8968   0.1784   0.2331   0.1120   0.1721
  0.1279  -0.9002   0.1796   0.2332   0.1201   0.1583
  0.1224  -0.9052   0.1674   0.2463   0.1146   0.1692
  0.0979  -0.9401   0.1796   0.2929   0.0863   0.1439
  0.0889  -0.9712   0.1703   0.3494   0.0852   0.1456
  0.0368  -1.6456   0.1258   0.9338   0.1240   0.2835
 -0.1118  -1.2922   0.0760   0.8955   0.1136  -0.0128
 -0.0366  -1.3271   0.1267   0.5602   0.0216   0.1641
  0.0072  -1.2781   0.1375   0.4279   0.0076   0.1612
 -0.0001  -1.2751   0.1472   0.5050   0.0076   0.1314
  0.0254  -0.8760   0.1076   0.5378   0.0662   0.0380
 -0.1083  -1.0253   0.1361   1.0501   0.0860  -0.1485
 -0.0732  -0.9430   0.1024   0.6282   0.0180   0.0102
 -0.0188  -1.0333   0.1216   0.6862   0.1025   0.0343
 -0.0218  -1.1170   0.0994   0.8033   0.0935   0.0038
 -0.0129  -1.0799   0.1025   0.6605   0.0721  -0.0069
 -0.0013  -1.0908   0.1203   0.7055   0.0720  -0.0346
  0.0031  -1.0004   0.1312   0.7124   0.0821  -0.0640
 -0.0324  -1.0535   0.1200   0.6668   0.0689  -0.0336
 -0.0259  -1.1704   0.0497   0.5876   0.0160   0.1095
 -0.0099  -1.1387   0.0303   0.6214   0.0512   0.0443
 -0.0708  -2.3354  -0.4603   0.9653  -0.3803   0.5620
 -0.1809  -2.4355  -0.3372   1.1039  -0.2897   0.4434
 -0.1074  -2.7456  -0.2943   1.2617  -0.2569   0.5475
 -0.1212  -2.3229  -0.1617   1.0591  -0.2079   0.3843
 -0.0553  -1.9706  -0.1182   0.7860  -0.1599   0.3667
  0.0002  -1.8569  -0.1296   0.7134  -0.0925   0.3361
 -0.0396  -1.7795  -0.1215   0.6557  -0.1456   0.3233
 -0.0584  -1.7600  -0.1185   0.6048  -0.1745   0.3286
 -0.0663  -1.7446  -0.0755   0.5341  -0.2185   0.3862
 -0.0674  -1.7348  -0.0724   0.6681  -0.1316   0.3129
 -0.0708  -1.6902  -0.0665   0.6524  -0.1414   0.2938
 -0.0818  -1.6285  -0.0590   0.6391  -0.1344   0.2587
 -0.0837  -1.6288  -0.0644   0.6519  -0.1340   0.2580
 -0.0740  -1.6195  -0.0750   0.6492  -0.1366   0.2643
 -0.0775  -1.6163  -0.0699   0.6669  -0.1326   0.2419
 -0.0739  -1.6008  -0.0742   0.6685  -0.1246   0.2359
 -0.0818  -1.6087  -0.0630   0.6519  -0.1276   0.2420
 -0.0721  -1.5930  -0.0436   0.6660  -0.1122   0.2229
 -0.0635  -1.4513  -0.0174   0.7333  -0.1017   0.1556
 -0.0513  -1.3823   0.0214   0.7660  -0.0939   0.1010
 -0.0285  -1.3812   0.0209   0.7692  -0.0248   0.0965
 -0.0418  -1.3816   0.0211   0.7291  -0.0302   0.1193
 -0.0426  -1.3863   0.0141   0.7222  -0.0367   0.1356
 -0.0367  -1.4246   0.0185   0.7627  -0.0503   0.1220
 -0.0427  -1.4434   0.0382   0.8046  -0.0473   0.1039
 -0.0386  -1.4319   0.0404   0.8247  -0.0518   0.1141
