 -0.0108   0.1789  -0.0614  -0.2111  -0.0816  -0.0846
 -0.0366   0.3422  -0.1108  -0.4278  -0.1175  -0.1574
 -0.0402   0.2500  -0.1150  -0.2825  -0.1298  -0.0998
 -0.0211   0.1571  -0.0965  -0.1501  -0.1220  -0.0378
 -0.0266   0.1878  -0.1024  -0.2298  -0.1114  -0.0650
 -0.0123   0.1706  -0.0795  -0.1693  -0.1248  -0.0424
 -0.0036   0.1826  -0.0978  -0.1861  -0.1146  -0.1237
 -0.0646   0.3044  -0.0844  -0.3064  -0.1254  -0.1250
 -0.0493   0.2341  -0.0526  -0.2363  -0.0994  -0.0871
 -0.0420   0.2687  -0.0572  -0.2645  -0.0893  -0.1193
 -0.0612   0.2251  -0.0425  -0.1670  -0.0927  -0.0875
 -0.0451   0.2433  -0.0798  -0.2452  -0.1172  -0.1163
 -0.0494   0.2246  -0.0580  -0.1426  -0.1337  -0.0772
 -0.0469   0.2319  -0.0892  -0.2424  -0.1236  -0.1394
 -0.0466   0.2202  -0.1074  -0.2270  -0.1568  -0.0802
 -0.0525   0.1950  -0.0978  -0.2013  -0.1346  -0.1260
 -0.0548   0.1889  -0.1118  -0.1951  -0.1516  -0.0817
 -0.0600   0.1545  -0.1230  -0.1572  -0.1672  -0.0448
 -0.0526   0.1730  -0.1211  -0.1891  -0.1531  -0.0578
 -0.0537   0.1430  -0.1102  -0.1089  -0.1659  -0.0437
 -0.0453   0.1763  -0.1208  -0.1910  -0.1475  -0.0704
 -0.0520   0.1468  -0.0927  -0.1510  -0.1440  -0.0235
 -0.0409   0.1760  -0.0759  -0.2218  -0.1018  -0.0842
 -0.0466   0.1519  -0.0809  -0.1725  -0.1206  -0.0503
 -0.0285   0.1925  -0.0848  -0.2587  -0.0895  -0.1479
 -0.0411   0.1477  -0.0743  -0.2157  -0.0873  -0.0446
 -0.0372   0.1424  -0.0834  -0.2128  -0.0843  -0.1455
 -0.0278   0.1471  -0.0736  -0.2067  -0.0881  -0.0503
 -0.0278   0.1313  -0.0832  -0.1834  -0.0927  -0.1110
 -0.0321   0.1470  -0.0766  -0.2121  -0.0877  -0.0885
 -0.0380   0.1033  -0.0791  -0.1360  -0.0929  -0.0514
 -0.0360   0.1249  -0.0884  -0.1659  -0.0991  -0.0489
 -0.0436   0.0752  -0.0931  -0.1253  -0.1025  -0.0404
 -0.0400   0.1098  -0.0916  -0.1885  -0.0922  -0.0630
 -0.0581   0.0794  -0.0988  -0.0890  -0.1332  -0.0283
 -0.0314   0.1029  -0.0876  -0.1572  -0.0994  -0.0610
 -0.0437   0.0741  -0.0548  -0.0798  -0.0985   0.0285
 -0.0300   0.1102  -0.0731  -0.1551  -0.0906  -0.0812
 -0.0409   0.0533  -0.0666  -0.0875  -0.1055  -0.0213
 -0.0393   0.0861  -0.0847  -0.1564  -0.1048  -0.0751
 -0.0287   0.0687  -0.0653  -0.0988  -0.1055  -0.0149
 -0.0231   0.0736  -0.0952  -0.1444  -0.0988  -0.0485
 -0.0407   0.0881  -0.0825  -0.1306  -0.1158  -0.0187
 -0.0388   0.0821  -0.0983  -0.1555  -0.1093  -0.0527
 -0.0444   0.0506  -0.0796  -0.0900  -0.1207   0.0104
 -0.0453   0.0587  -0.0805  -0.1394  -0.1144  -0.0678
 -0.0273   0.0558  -0.0649  -0.1024  -0.1049  -0.0016
 -0.0279   0.0778  -0.1156  -0.1759  -0.1144  -0.0582
 -0.0182   0.0597  -0.0818  -0.1035  -0.1230  -0.0045
 -0.0256   0.0737  -0.0971  -0.1846  -0.1050  -0.0285
 -0.0335   0.0440  -0.0576  -0.0944  -0.1082   0.0233
 -0.0224   0.0635  -0.0800  -0.1628  -0.0834  -0.0657
 -0.0160   0.0360  -0.0629  -0.1110  -0.0958  -0.0149
 -0.0278   0.0414  -0.0863  -0.1145  -0.1067  -0.0593
 -0.0235   0.0522  -0.0793  -0.1488  -0.0992   0.0052
 -0.0255   0.0298  -0.0753  -0.0935  -0.1040  -0.0212
 -0.0236   0.0442  -0.0771  -0.1583  -0.0870  -0.0136
 -0.0210   0.0459  -0.0590  -0.0970  -0.1024   0.0286
 -0.0219   0.0358  -0.0819  -0.0640  -0.0956  -0.0321
 -0.0379   0.0071  -0.0666  -0.0404  -0.0919   0.0060
 -0.0106   0.0359  -0.0836  -0.0935  -0.0718  -0.0614
 -0.0358   0.0270  -0.0727  -0.0574  -0.0791   0.0170
  0.0006   0.0354  -0.0672  -0.0932  -0.0497  -0.0103
 -0.0136   0.0239  -0.0526  -0.0685  -0.0585  -0.0179
 -0.0039   0.0196  -0.0549  -0.0745  -0.0425  -0.0586
 -0.0151   0.0288  -0.0568  -0.0919  -0.0471  -0.0150
  0.0151   0.0286  -0.0270  -0.0974  -0.0167  -0.0731
  0.0171   0.0247  -0.0175  -0.1224  -0.0140  -0.0208
  0.0150   0.0077  -0.0189  -0.0574  -0.0220  -0.0356
  0.0088   0.0341  -0.0232  -0.1008  -0.0226  -0.0204
  0.0045   0.0161  -0.0025  -0.0458  -0.0139  -0.0082
  0.0261   0.0489  -0.0072  -0.1524   0.0038  -0.0196
  0.0296   0.0203   0.0066  -0.0741   0.0050  -0.0164
  0.0169   0.0603   0.0063  -0.1150   0.0097  -0.0313
  0.0245   0.0556  -0.0052  -0.1169   0.0147  -0.0951
  0.0192   0.0479   0.0097  -0.1180   0.0107  -0.0084
  0.0180   0.0303   0.0098  -0.0890   0.0134  -0.0566
 -0.0039   0.0392   0.0199  -0.0502  -0.0066   0.0031
  0.0052   0.0500   0.0213  -0.0987   0.0129  -0.0849
 -0.0087   0.0463   0.0175  -0.0638   0.0107  -0.0091
  0.0040   0.0356   0.0193  -0.0638   0.0010  -0.0518
  0.0081   0.0604   0.0342  -0.0893   0.0174  -0.0624
  0.0178   0.0424   0.0300  -0.0805   0.0319  -0.0829
  0.0310   0.0675   0.0326  -0.1353   0.0431  -0.0641
  0.0233   0.0168   0.0264  -0.0928   0.0322   0.0018
  0.0122   0.0362   0.0351  -0.1113   0.0380  -0.0140
  0.0329   0.0520   0.0405  -0.1130   0.0466  -0.0967
  0.0355   0.0557   0.0464  -0.0951   0.0366  -0.0449
  0.0374   0.0747   0.0450  -0.1589   0.0441  -0.0697
  0.0450   0.0625   0.0501  -0.0786   0.0299  -0.0137
  0.0439   0.0762   0.0505  -0.1287   0.0369  -0.0483
  0.0176   0.0279   0.0524  -0.0177   0.0197   0.0267
  0.0371   0.0868   0.0236  -0.1313   0.0158  -0.0716
  0.0033   0.0302   0.0538  -0.0208   0.0030   0.0208
  0.0171   0.0831   0.0478  -0.1116   0.0115  -0.0701
 -0.0205   0.0860   0.0528  -0.0135   0.0171  -0.0204
  0.0087   0.1128   0.0262  -0.1523   0.0114  -0.0921
  0.0081   0.0802   0.0417  -0.0718   0.0221  -0.0350
 -0.0027   0.0905   0.0356  -0.1010  -0.0039  -0.0422
  0.0097   0.1224   0.0278  -0.1197   0.0032  -0.0880
  0.0012   0.0619   0.0237  -0.0499  -0.0291   0.0069
  0.0235   0.1085   0.0214  -0.1170   0.0138  -0.0562
  0.0115   0.0556   0.0309  -0.0666   0.0087  -0.0162
  0.0234   0.0888   0.0345  -0.1295   0.0160  -0.0150
 -0.0042   0.0388   0.0370  -0.0129   0.0021   0.0127
  0.0087   0.0845   0.0314  -0.1197   0.0028  -0.0180
 -0.0034   0.0520   0.0427  -0.0460   0.0041  -0.0316
  0.0060   0.0908   0.0453  -0.1220   0.0182  -0.0142
  0.0115   0.0685   0.0252  -0.1145  -0.0001  -0.0270
  0.0068   0.0928   0.0243  -0.1307   0.0020  -0.0233
 -0.0009   0.0742   0.0126  -0.1131  -0.0132  -0.0648
  0.0039   0.0858   0.0369  -0.1207   0.0086  -0.0267
  0.0097   0.0791   0.0199  -0.1124  -0.0037  -0.0660
  0.0173   0.0607   0.0243  -0.1230  -0.0016   0.0018
  0.0242   0.0448   0.0126  -0.0561  -0.0173  -0.0098
  0.0179   0.0711   0.0207  -0.1242   0.0001  -0.0218
  0.0071   0.0453   0.0225  -0.0478  -0.0073   0.0073
  0.0145   0.0629   0.0186  -0.1035   0.0107  -0.0109
  0.0235   0.0202   0.0161  -0.0501  -0.0008  -0.0126
  0.0191   0.0624   0.0276  -0.0973   0.0177  -0.0209
  0.0078   0.0042   0.0261  -0.0403   0.0055  -0.0537
  0.0086   0.0503   0.0303  -0.0813   0.0147  -0.0159
  0.0197   0.0197   0.0243  -0.0376   0.0072  -0.0179
  0.0177   0.0402   0.0209  -0.1030   0.0097  -0.0614
  0.0168   0.0134   0.0231  -0.0395   0.0157  -0.0392
  0.0264   0.0418   0.0079  -0.0957   0.0072  -0.0302
  0.0237   0.0146   0.0351  -0.0417   0.0083   0.0064
  0.0271   0.0362   0.0288  -0.0660   0.0237  -0.0270
  0.0169   0.0456   0.0277  -0.0834   0.0224  -0.0100
  0.0060   0.0217   0.0203  -0.0661   0.0096  -0.0534
  0.0152   0.0332   0.0116  -0.1405   0.0165  -0.0184
  0.0083   0.0362   0.0250  -0.0726   0.0050  -0.0234
  0.0195   0.0718   0.0156  -0.1803   0.0133  -0.0705
  0.0066   0.0745  -0.0088  -0.1398   0.0055  -0.0153
  0.0150  -0.0112  -0.0235  -0.0459   0.0006   0.0207
  0.0061  -0.0044  -0.0172  -0.0389   0.0066  -0.0157
  0.0031  -0.0225  -0.0296  -0.0198  -0.0078  -0.0371
  0.0086  -0.0103  -0.0134  -0.0218  -0.0084  -0.0140
  0.0050  -0.0270  -0.0319  -0.0156  -0.0125  -0.0285
 -0.0001  -0.0353  -0.0063  -0.0022  -0.0056   0.0154
  0.0077  -0.0554  -0.0242   0.0083  -0.0083   0.0022
 -0.0103  -0.0666  -0.0327   0.0147  -0.0351   0.0365
 -0.0097  -0.0405  -0.0556   0.0089  -0.0376  -0.0195
 -0.0075  -0.0594  -0.0387   0.0067  -0.0305   0.0346
 -0.0261  -0.2015  -0.0157   0.2990  -0.0230   0.1127
 -0.0512  -0.1934  -0.0350   0.6215  -0.0489   0.3074
 -0.0398  -0.1105  -0.0594   0.3803  -0.0407   0.0323
 -0.0297  -0.1644  -0.0379   0.3449  -0.0247   0.1108
 -0.0263  -0.1594  -0.0432   0.3469  -0.0285   0.1260
 -0.0174  -0.1751  -0.0376   0.3678  -0.0239   0.0758
 -0.0237  -0.1727  -0.0382   0.3699  -0.0315   0.0938
 -0.0167  -0.1521  -0.0256   0.3665  -0.0256   0.1138
 -0.0056  -0.1252  -0.0273   0.3106  -0.0112   0.0757
 -0.0046  -0.1697  -0.0336   0.3413  -0.0165   0.1361
 -0.0029  -0.1521  -0.0120   0.3684  -0.0137   0.1418
  0.0088  -0.1499  -0.0198   0.3484  -0.0071   0.0792
  0.0059  -0.1770  -0.0098   0.3608  -0.0090   0.1602
  0.0118  -0.1492  -0.0096   0.3455   0.0009   0.0906
 -0.0089  -0.1848  -0.0013   0.3765  -0.0065   0.1381
  0.0251  -0.1813  -0.0104   0.3257   0.0192   0.0965
  0.0163  -0.1163  -0.0035   0.2977   0.0052   0.0860
  0.0176  -0.1765  -0.0067   0.3386   0.0004   0.0813
  0.0311  -0.1401  -0.0255   0.2540   0.0093   0.0711
  0.0206  -0.2026   0.0193   0.2291   0.0157   0.0955
  0.0219  -0.1528   0.0289   0.2530   0.0277   0.1114
  0.0232  -0.1686   0.0310   0.2761   0.0316   0.0924
  0.0266  -0.1453   0.0371   0.2557   0.0417   0.1201
  0.0197  -0.1825   0.0273   0.3140   0.0451   0.1046
  0.0352  -0.1657   0.0352   0.2646   0.0559   0.1350
  0.0250  -0.1930   0.0291   0.3327   0.0579   0.1206
  0.0279  -0.1619   0.0393   0.2611   0.0581   0.0873
  0.0226  -0.1767   0.0400   0.3045   0.0475   0.1087
  0.0232  -0.1954   0.0292   0.2761   0.0349   0.0649
  0.0224  -0.1651   0.0590   0.2888   0.0715   0.1018
  0.0594  -0.1558   0.0788   0.2616   0.1363   0.0524
  0.0320  -0.1718   0.0553   0.3234   0.0796   0.1285
  0.0417  -0.1575   0.0546   0.2728   0.0937   0.0829
  0.0316  -0.1850   0.0536   0.3077   0.0871   0.1471
  0.0483  -0.1849   0.0507   0.2485   0.1031   0.0642
  0.0352  -0.1292   0.0567   0.2252   0.1005   0.0808
  0.0521  -0.1909   0.0438   0.2298   0.1027   0.0941
  0.0489  -0.1504   0.0594   0.2067   0.1037   0.1048
  0.0548  -0.1978   0.0551   0.2569   0.1205   0.0849
  0.0550  -0.1539   0.0608   0.1748   0.1106   0.0561
  0.0397  -0.2131   0.0593   0.2824   0.0742   0.1114
  0.0390  -0.1464   0.0484   0.1781   0.0895   0.0575
  0.0344  -0.1802   0.0359   0.2302   0.0762   0.0620
  0.0289  -0.1384   0.0402   0.2143   0.0717   0.0974
  0.0416  -0.1694   0.0389   0.2318   0.0723   0.0500
  0.0444  -0.1191   0.0642   0.1591   0.1037   0.0922
  0.0191  -0.1507   0.0410   0.2241   0.0720   0.1017
  0.0347  -0.1025   0.0409   0.1477   0.0986   0.0404
  0.0271  -0.1283   0.0584   0.2347   0.0871   0.0680
  0.0606  -0.0937   0.0394   0.0173   0.0781  -0.0060
  0.0452  -0.1288   0.0727   0.1396   0.0906   0.0693
  0.0678  -0.0668   0.0587   0.0238   0.1059   0.0160
  0.0656  -0.1002   0.0748   0.1064   0.1071   0.0505
  0.0637  -0.1297   0.0729   0.1006   0.1182   0.0240
  0.0321  -0.0873   0.1020   0.1497   0.1208   0.0623
  0.0505  -0.1035   0.0830   0.1270   0.1195   0.0019
  0.0319  -0.1086   0.1015   0.1813   0.0986   0.0571
  0.0261  -0.1169   0.0810   0.1757   0.1021   0.0372
  0.0291  -0.0963   0.0831   0.1074   0.1027   0.0549
  0.0263  -0.0817   0.0846   0.1328   0.1056   0.0426
  0.0355  -0.0986   0.0821   0.1247   0.1102   0.0288
  0.0313  -0.0941   0.0782   0.1370   0.1031   0.0904
  0.0465  -0.0910   0.0803   0.1095   0.1216   0.0215
  0.0241  -0.1321   0.0864   0.2019   0.0841   0.1348
  0.0176  -0.0748   0.0622   0.0881   0.0864   0.0257
  0.0134  -0.0732   0.0733   0.1542   0.0831   0.0330
  0.0116  -0.0463   0.0619   0.0965   0.0894  -0.0127
  0.0076  -0.0886   0.0647   0.1565   0.0717   0.0937
  0.0125  -0.0750   0.0424   0.1207   0.0709   0.0000
 -0.0529   0.6539   0.0436  -0.5569   0.0470  -0.2046
  0.0135   0.0578   0.0550  -0.0577   0.0709  -0.0281
 -0.0225   0.0115   0.0448  -0.0014   0.0432   0.0061
 -0.0032   0.0679   0.0667  -0.0816   0.0782  -0.0332
  0.0099   0.0387   0.0865  -0.0339   0.0801   0.0108
  0.0095   0.0640   0.0606  -0.0895   0.0794  -0.0028
 -0.0040   0.0514   0.0857  -0.0197   0.0755   0.0345
  0.0245   0.0439   0.0814  -0.0824   0.1130  -0.0326
  0.0153   0.0555   0.0930  -0.0821   0.1200  -0.0030
  0.0053   0.0536   0.0824  -0.0849   0.1075  -0.0540
 -0.0163  -0.0383   0.0645   0.0338   0.0784   0.0206
 -0.0157  -0.0386   0.0375   0.0119   0.0638   0.0214
 -0.0086  -0.0700   0.0390   0.0309   0.0751   0.0160
 -0.0312  -0.0638   0.0163   0.0484   0.0659  -0.0039
 -0.0261  -0.0531   0.0200   0.0014   0.0643  -0.0456
 -0.0193  -0.1109   0.0280   0.0743   0.0595   0.0383
  0.0013  -0.0976   0.0336   0.0121   0.0668   0.0166
 -0.0178  -0.0739   0.0436   0.0734   0.0837   0.0911
  0.0034  -0.1016   0.0268   0.0334   0.0737  -0.0077
 -0.0099  -0.0960   0.0220   0.0170   0.0714   0.0050
 -0.0022  -0.1060   0.0104   0.0115   0.0569   0.0038
 -0.0134  -0.1045   0.0179   0.0231   0.0538   0.0496
 -0.0167  -0.1197   0.0162   0.0706   0.0633  -0.0053
 -0.0133  -0.0989   0.0021   0.0117   0.0635   0.0106
 -0.0127  -0.1427   0.0041   0.0427   0.0439   0.0469
 -0.0210  -0.0900  -0.0041   0.0072   0.0381   0.0188
 -0.0142  -0.1136   0.0229   0.0863   0.0564   0.0402
 -0.0004  -0.0571   0.0609   0.0320   0.0588   0.0388
  0.0138  -0.1353   0.0411   0.0996   0.0508   0.0572
  0.0151  -0.0924   0.0546   0.0390   0.0825  -0.0090
 -0.0031  -0.0831   0.0466   0.0524   0.0631   0.0138
 -0.0168  -0.1124   0.0362   0.0663   0.0603   0.0060
 -0.0068  -0.1038   0.0513   0.0725   0.0669   0.0381
 -0.0128  -0.0923   0.0520   0.0881   0.0747   0.0052
 -0.0106  -0.1024   0.0365   0.0680   0.0699   0.0121
 -0.0063  -0.1028   0.0546   0.1147   0.0558   0.0507
 -0.0155  -0.0979   0.0612   0.0870   0.0647   0.0228
