 -0.0474  -0.0807   0.0031  -0.0099  -0.0455  -0.6357
 -0.0324  -0.0802   0.0034  -0.0358  -0.0556  -0.6425
 -0.0248  -0.0794   0.0167  -0.0084  -0.0447  -0.6239
 -0.0254  -0.0897   0.0209   0.0017  -0.0449  -0.6087
 -0.0220  -0.1017   0.0209  -0.0070  -0.0501  -0.6119
 -0.0456  -0.0982   0.0412   0.0085  -0.0554  -0.6043
 -0.0394  -0.1028   0.0405   0.0041  -0.0563  -0.6088
 -0.0199  -0.0971   0.0279   0.0478  -0.0624  -0.5845
 -0.0280  -0.1008   0.0326   0.0059  -0.0540  -0.5889
 -0.0304  -0.1216   0.0271  -0.0135  -0.0547  -0.6039
 -0.0257  -0.1092   0.0175  -0.0044  -0.0561  -0.6048
 -0.0308  -0.1251   0.0277   0.0085  -0.0525  -0.6049
 -0.0243  -0.1208   0.0216  -0.0253  -0.0532  -0.6030
 -0.0252  -0.1270   0.0232  -0.0169  -0.0562  -0.5874
 -0.0261  -0.1350   0.0218   0.0026  -0.0610  -0.5809
 -0.0294  -0.1401   0.0205  -0.0120  -0.0537  -0.5747
 -0.0231  -0.1423   0.0174  -0.0216  -0.0446  -0.5918
 -0.0256  -0.1401   0.0147  -0.0343  -0.0494  -0.5830
 -0.0215  -0.1511   0.0182  -0.0380  -0.0412  -0.5720
 -0.0172  -0.1368   0.0055  -0.0496  -0.0531  -0.5719
 -0.0086  -0.1344  -0.0107  -0.0335  -0.0585  -0.5630
 -0.0078  -0.1332  -0.0039  -0.0452  -0.0516  -0.5375
 -0.0167  -0.1263  -0.0050  -0.0151  -0.0550  -0.5390
 -0.0129  -0.1314  -0.0065  -0.0383  -0.0531  -0.5392
 -0.0140  -0.1320  -0.0032  -0.0634  -0.0468  -0.5361
 -0.0161  -0.1243  -0.0052  -0.0583  -0.0494  -0.5247
 -0.0188  -0.1225   0.0075  -0.0701  -0.0442  -0.5081
 -0.0102  -0.1288   0.0056  -0.0638  -0.0531  -0.4946
 -0.0236  -0.0867  -0.0116   0.0181  -0.0679  -0.4427
  0.0002  -0.0903  -0.0205   0.0126  -0.0653  -0.4338
 -0.0038  -0.0962  -0.0156   0.0067  -0.0644  -0.4405
 -0.0086  -0.0872   0.0007  -0.0021  -0.0633  -0.4447
 -0.0114  -0.1013   0.0047  -0.0203  -0.0654  -0.4486
 -0.0041  -0.0915  -0.0020  -0.0320  -0.0617  -0.4331
 -0.0002  -0.0910  -0.0102  -0.0404  -0.0622  -0.4270
  0.0013  -0.1121  -0.0060  -0.0632  -0.0599  -0.4229
 -0.0076  -0.1147  -0.0083  -0.0079  -0.0663  -0.4016
 -0.0030  -0.1088  -0.0036  -0.0554  -0.0573  -0.4121
 -0.0050  -0.1085   0.0022  -0.0425  -0.0436  -0.3994
 -0.0091  -0.1050  -0.0042  -0.0345  -0.0493  -0.4114
 -0.0133  -0.1023  -0.0069  -0.0296  -0.0515  -0.4102
 -0.0054  -0.0986  -0.0124  -0.0277  -0.0511  -0.3954
  0.0018  -0.1053  -0.0194  -0.0407  -0.0604  -0.3824
  0.0014  -0.1057  -0.0209  -0.0541  -0.0589  -0.3784
 -0.0098  -0.1209  -0.0070  -0.0565  -0.0605  -0.3736
 -0.0113  -0.1213  -0.0073  -0.0670  -0.0684  -0.3567
 -0.0005  -0.1129  -0.0130  -0.0607  -0.0620  -0.3540
 -0.0073  -0.1090  -0.0086  -0.0562  -0.0609  -0.3521
 -0.0001  -0.1083  -0.0135  -0.0403  -0.0661  -0.3559
  0.0005  -0.1196  -0.0086  -0.1036  -0.0685  -0.3365
  0.0091  -0.1074  -0.0179  -0.0662  -0.0724  -0.3111
  0.0036  -0.0878  -0.0114  -0.0272  -0.0725  -0.3145
  0.0107  -0.0895  -0.0006  -0.1005  -0.0734  -0.3115
  0.0054  -0.0812   0.0044  -0.0540  -0.0728  -0.2715
 -0.0021  -0.0765   0.0109  -0.0533  -0.0670  -0.2780
 -0.0021  -0.0693   0.0166  -0.0715  -0.0593  -0.2709
  0.0072  -0.0766   0.0290  -0.1020  -0.0515  -0.2659
 -0.0306  -0.0710   0.0297  -0.0037  -0.0819  -0.2107
 -0.0171  -0.0622   0.0283  -0.0492  -0.0594  -0.2239
 -0.0252  -0.0660   0.0327  -0.0689  -0.0526  -0.2298
 -0.0265  -0.0683   0.0318  -0.0544  -0.0604  -0.2080
 -0.0176  -0.0673   0.0286  -0.0396  -0.0656  -0.1903
 -0.0180  -0.0731   0.0269  -0.0388  -0.0537  -0.1850
 -0.0202  -0.0665   0.0374  -0.0596  -0.0481  -0.1868
 -0.0254  -0.0550   0.0370  -0.0734  -0.0404  -0.1795
 -0.0241  -0.0540   0.0257  -0.0778  -0.0274  -0.1692
 -0.0263  -0.0536   0.0302  -0.0600  -0.0316  -0.1369
 -0.0253  -0.0598   0.0352  -0.1106  -0.0236  -0.1365
 -0.0210  -0.0609   0.0319  -0.0941  -0.0129  -0.1391
 -0.0305  -0.0650   0.0386  -0.0761  -0.0057  -0.1318
 -0.0213  -0.0714   0.0173  -0.0826  -0.0159  -0.1228
 -0.0094  -0.0593   0.0177  -0.1100  -0.0271  -0.0931
 -0.0249  -0.0158   0.0339  -0.1579  -0.0226  -0.1035
 -0.0346   0.0361   0.0246  -0.4666   0.0242  -0.2576
 -0.0150   0.0339   0.0132  -0.2018   0.0180  -0.1692
 -0.0187   0.0466   0.0388  -0.1856   0.0221  -0.1663
 -0.0192   0.0425   0.0355  -0.1894   0.0231  -0.1647
 -0.0133   0.0421   0.0366  -0.1690   0.0196  -0.1358
 -0.0135   0.0363   0.0367  -0.1743   0.0202  -0.1180
 -0.0172   0.0078   0.0298  -0.1418   0.0220  -0.0959
 -0.0138  -0.0141   0.0232  -0.1229   0.0200  -0.0570
  0.0100   0.0288   0.0065  -0.1280   0.0114  -0.0629
 -0.0040  -0.0036   0.0276  -0.0860   0.0176  -0.0416
 -0.0170   0.0257   0.0302  -0.0464   0.0244  -0.0453
 -0.0152   0.0174   0.0292  -0.0308   0.0166  -0.0251
 -0.0111   0.0245   0.0274  -0.0357   0.0132  -0.0316
 -0.0092   0.0292   0.0251  -0.0817   0.0193  -0.0197
 -0.0149   0.0427   0.0311  -0.0860   0.0033   0.0188
 -0.0298  -0.0008   0.0466  -0.0320   0.0166   0.0382
 -0.0200  -0.0087   0.0417  -0.0210   0.0113   0.0591
 -0.0024   0.0106   0.0415  -0.0490   0.0243   0.0528
  0.0122   0.0351   0.0356  -0.1541   0.0214   0.0742
  0.0539   0.0449  -0.0249  -0.0668   0.0096   0.1171
  0.0034  -0.0144  -0.0535   0.2520   0.0014   0.2312
  0.0371  -0.0338  -0.0411   0.0388  -0.0146   0.1688
 -0.0232   0.0232  -0.0315   0.1888  -0.0057   0.2220
 -0.0243  -0.0214   0.0093   0.2009   0.0035   0.2386
 -0.0233   0.0098   0.0151   0.1760  -0.0036   0.2556
 -0.0193   0.0171   0.0060   0.2030  -0.0099   0.2698
 -0.0242   0.0353   0.0142   0.2029   0.0036   0.2595
 -0.0194   0.0383   0.0071   0.1322  -0.0111   0.2321
 -0.0101   0.0623   0.0066   0.1836  -0.0066   0.2714
  0.0093  -0.0648   0.0005   0.2290   0.0161   0.3002
 -0.0072   0.0061   0.0095   0.2252   0.0191   0.2834
  0.0204   0.0037   0.0028   0.1803   0.0275   0.2836
  0.0375   0.0453  -0.0333   0.1186   0.0236   0.2683
  0.0308   0.0420  -0.0280   0.1064   0.0260   0.2820
  0.0312   0.0338  -0.0203   0.1269   0.0218   0.3062
  0.0361   0.0267  -0.0240   0.0906   0.0236   0.3163
  0.0364   0.0467  -0.0307   0.1191   0.0249   0.3240
  0.0248   0.0238  -0.0326   0.1383   0.0240   0.3334
  0.0262   0.0353  -0.0304   0.0830   0.0250   0.3276
  0.0322   0.0488  -0.0244   0.0696   0.0302   0.3425
  0.0303   0.0500  -0.0205   0.1150   0.0392   0.3768
  0.0263   0.0662  -0.0141   0.1126   0.0488   0.3874
  0.0216   0.0952  -0.0070   0.1136   0.0833   0.4009
  0.0143   0.1091   0.0000   0.1038   0.0869   0.4103
  0.0106   0.1421  -0.0047   0.0568   0.0661   0.3987
  0.0111   0.1203  -0.0027   0.0957   0.0578   0.4311
  0.0065   0.1129  -0.0001   0.1000   0.0557   0.4305
  0.0069   0.1187  -0.0045   0.1031   0.0605   0.4467
  0.0004   0.1208  -0.0055   0.1002   0.0605   0.4513
  0.0018   0.1377  -0.0043   0.0884   0.0666   0.4571
 -0.0043   0.1434   0.0182   0.0740   0.0773   0.4633
  0.0058   0.1397  -0.0070   0.0662   0.0712   0.4750
  0.0029   0.1227  -0.0081   0.0836   0.0735   0.4908
  0.0027   0.1427   0.0020   0.0786   0.0782   0.4953
  0.0074   0.1514  -0.0071   0.0525   0.0760   0.4988
  0.0176   0.1465  -0.0062   0.0299   0.0779   0.5195
  0.0214   0.1389  -0.0089   0.0415   0.0817   0.5458
  0.0195   0.1337  -0.0095   0.0595   0.0840   0.5540
  0.0303   0.1430  -0.0157   0.0513   0.0833   0.5446
  0.0259   0.1547  -0.0137   0.0302   0.0869   0.5466
  0.0246   0.1602  -0.0122   0.0226   0.0928   0.5614
  0.0288   0.1642  -0.0087   0.0439   0.0889   0.5932
  0.0297   0.1586  -0.0122   0.0488   0.0866   0.5990
  0.0199   0.1537  -0.0102   0.0223   0.0867   0.6099
  0.0203   0.1604  -0.0071   0.0255   0.0936   0.5952
  0.0234   0.1716  -0.0072   0.0275   0.0906   0.6098
  0.0235   0.1685  -0.0082  -0.0091   0.0954   0.6180
  0.0313   0.1597  -0.0113   0.0106   0.1082   0.6292
  0.0407   0.1679  -0.0285   0.0408   0.0941   0.6602
  0.0416   0.1620  -0.0310   0.0399   0.0955   0.6780
  0.0479   0.1690  -0.0341   0.0259   0.0818   0.6833
  0.0410   0.1672  -0.0242   0.0588   0.0850   0.7032
  0.0479   0.1567  -0.0308   0.0537   0.0933   0.6985
  0.0527   0.1823  -0.0277   0.0245   0.1027   0.7075
  0.0995   0.2017  -0.1323   0.0660   0.0376   0.7576
  0.0454   0.1677  -0.0639   0.0645   0.0718   0.7591
  0.0477   0.1804  -0.0699   0.0651   0.0804   0.7562
  0.0486   0.1937  -0.0668   0.0380   0.0813   0.7593
  0.0459   0.1921  -0.0600   0.0303   0.0796   0.7745
  0.0499   0.1854  -0.0652   0.0298   0.0763   0.7998
  0.0540   0.1785  -0.0650   0.0216   0.0799   0.8041
  0.0575   0.1813  -0.0680   0.0240   0.0754   0.8286
  0.0535   0.1634  -0.0652   0.0301   0.0723   0.8477
