 -0.0586   0.0398  -0.0526  -0.0491  -0.0495  -0.1166
 -0.0470   0.0433  -0.0456  -0.1111  -0.0216  -0.1351
 -0.0276   0.0489  -0.0347  -0.1174   0.0053  -0.1279
 -0.0219   0.0316  -0.0298  -0.1286  -0.0050  -0.1190
 -0.0262   0.0404  -0.0346  -0.1113  -0.0245  -0.0959
 -0.0272   0.0438  -0.0482  -0.1119  -0.0236  -0.1014
 -0.0318   0.0524  -0.0575  -0.0827  -0.0239  -0.0865
 -0.0325   0.0437  -0.0559  -0.0449  -0.0282  -0.0586
 -0.0358   0.0380  -0.0455  -0.0183  -0.0427  -0.0412
 -0.0328   0.0404  -0.0309  -0.0295  -0.0290  -0.0490
 -0.0350   0.0374  -0.0249  -0.0924  -0.0212  -0.0796
 -0.0493   0.0159  -0.0477  -0.0435  -0.0183  -0.0534
 -0.0311   0.0245  -0.0385  -0.0659  -0.0352  -0.0763
 -0.0329   0.0236  -0.0322  -0.0350  -0.0264  -0.0553
 -0.0316   0.0226  -0.0407  -0.0405  -0.0253  -0.0461
 -0.0196   0.0336  -0.0270  -0.0308  -0.0190  -0.0475
 -0.0185   0.0315  -0.0375  -0.0295  -0.0113  -0.0429
 -0.0373   0.0413  -0.0252  -0.0171  -0.0243  -0.0528
 -0.0355  -0.0160  -0.0319   0.0762  -0.0296  -0.0180
 -0.0272   0.0007  -0.0298   0.0800  -0.0316  -0.0206
 -0.0302   0.0270  -0.0306   0.0704  -0.0385  -0.0292
 -0.0334   0.0182  -0.0117   0.0969  -0.0306  -0.0275
 -0.0356   0.0034  -0.0025   0.1339  -0.0350  -0.0110
 -0.0313  -0.0035  -0.0185   0.0805  -0.0367  -0.0277
 -0.0277  -0.0017  -0.0137   0.0703  -0.0295  -0.0511
 -0.0257   0.0038  -0.0111   0.0703  -0.0211  -0.0490
 -0.0295   0.0045  -0.0194   0.1028  -0.0339  -0.0280
 -0.0237   0.0098  -0.0146   0.0839  -0.0305  -0.0296
 -0.0130   0.0226   0.0007   0.0663  -0.0176  -0.0519
 -0.0265   0.0045  -0.0021   0.1014  -0.0240  -0.0065
 -0.0295   0.0130  -0.0066   0.0890  -0.0206  -0.0167
 -0.0265   0.0110   0.0002   0.0714  -0.0079  -0.0170
 -0.0163   0.0124   0.0002   0.0201  -0.0008  -0.0333
 -0.0159   0.0141  -0.0072   0.0648  -0.0145  -0.0019
 -0.0068   0.0137  -0.0099   0.0518  -0.0149  -0.0045
 -0.0181  -0.0023  -0.0035   0.0750  -0.0151   0.0076
 -0.0229  -0.0115  -0.0043   0.1093  -0.0154   0.0309
 -0.0154  -0.0142  -0.0046   0.0557  -0.0022   0.0254
  0.0089  -0.0065  -0.0078  -0.0495   0.0211   0.0085
  0.0065   0.0026  -0.0153  -0.0516   0.0212   0.0164
  0.0131  -0.0109  -0.0083  -0.0175   0.0212   0.0142
  0.0082  -0.0178  -0.0067   0.0221   0.0165   0.0278
  0.0144   0.0077  -0.0087  -0.0707   0.0294  -0.0148
  0.0261   0.0205  -0.0151  -0.1185   0.0369  -0.0296
  0.0179  -0.0120   0.0061  -0.0043   0.0089   0.0033
  0.0056   0.0035   0.0086   0.0096   0.0085   0.0263
  0.0027  -0.0145   0.0098  -0.0156   0.0157  -0.0021
 -0.0012  -0.0124   0.0057  -0.0269   0.0131  -0.0113
  0.0172  -0.0476  -0.0134   0.0513   0.0114   0.0260
  0.0268  -0.0280   0.0039   0.0280   0.0195   0.0056
  0.0367  -0.0291   0.0129  -0.0497   0.0301  -0.0242
  0.0282  -0.0111   0.0009  -0.0655   0.0274  -0.0271
  0.0181  -0.0233   0.0090  -0.0397   0.0170   0.0074
  0.0188  -0.0219   0.0058  -0.0017   0.0129   0.0325
  0.0198  -0.0068   0.0115  -0.0199   0.0201   0.0095
  0.0110  -0.0330   0.0142  -0.0020   0.0171   0.0298
  0.0165  -0.0136   0.0122  -0.0376   0.0181   0.0316
  0.0272  -0.0222   0.0043  -0.0125   0.0156   0.0310
  0.0176  -0.0016   0.0066  -0.0248   0.0165   0.0157
  0.0178  -0.0073   0.0324  -0.0209   0.0106   0.0327
  0.0171  -0.0095   0.0299  -0.0063   0.0210   0.0381
  0.0112  -0.0117   0.0245   0.0219   0.0230   0.0321
  0.0170  -0.0343   0.0333   0.0558   0.0150   0.0563
  0.0208  -0.0269   0.0270   0.0387   0.0118   0.0474
  0.0290  -0.0406   0.0259   0.0343   0.0024   0.0434
  0.0311  -0.0237   0.0235  -0.0088   0.0102   0.0366
  0.0260  -0.0102   0.0325   0.0252   0.0049   0.0436
  0.0310  -0.0145   0.0365   0.0147   0.0168   0.0407
  0.0213   0.0014   0.0470   0.0247   0.0208   0.0535
  0.0234  -0.0004   0.0415   0.0286   0.0201   0.0648
  0.0203  -0.0061   0.0420   0.0140   0.0129   0.0592
  0.0296  -0.0307   0.0317   0.0347   0.0215   0.0787
  0.0145  -0.0104   0.0442   0.0123   0.0223   0.0578
  0.0263  -0.0349   0.0403  -0.0229   0.0220   0.0830
  0.0347  -0.0206   0.0291  -0.0403   0.0306   0.0607
  0.0368  -0.0121   0.0310  -0.0043   0.0174   0.0546
  0.0381  -0.0149   0.0340   0.0164   0.0254   0.0804
  0.0334  -0.0330   0.0296   0.0083   0.0197   0.0821
  0.0321  -0.0246   0.0384   0.0086   0.0127   0.0955
  0.0269  -0.0061   0.0410  -0.0208   0.0256   0.0654
  0.0319  -0.0182   0.0358  -0.0149   0.0275   0.0799
  0.0361  -0.0274   0.0422   0.0040   0.0241   0.0708
  0.0506  -0.0385   0.0355  -0.0256   0.0151   0.0763
  0.0402  -0.0273   0.0388  -0.0295   0.0273   0.0846
  0.0471  -0.0128   0.0332  -0.0106   0.0199   0.0775
