 -0.2111  -0.0660  -0.2373  -0.0751  -0.2156   0.1587
 -0.1799  -0.0460  -0.2698   0.1009  -0.2900   0.1187
 -0.1902  -0.0567  -0.2393   0.1895  -0.2847   0.0915
 -0.1818  -0.0600  -0.2325   0.2419  -0.2863   0.0899
 -0.1850  -0.0660  -0.1933   0.2316  -0.2611   0.0680
 -0.1312  -0.1031  -0.1783   0.2716  -0.2310   0.0564
 -0.1043  -0.0543  -0.1446   0.2690  -0.2242   0.0420
 -0.0110   0.0196  -0.0788   0.1756  -0.1661   0.0295
 -0.0336  -0.0002  -0.0885   0.2842  -0.1718   0.0169
 -0.0316  -0.0440  -0.1036   0.2142  -0.1720   0.0328
 -0.0543  -0.0387  -0.1019   0.2460  -0.1688   0.0281
 -0.0449  -0.0413  -0.1166   0.2330  -0.1672   0.0311
 -0.0579  -0.0269  -0.1050   0.2493  -0.1721   0.0248
 -0.0560  -0.0124  -0.0947   0.2386  -0.1713   0.0210
 -0.0649  -0.0068  -0.1055   0.2327  -0.1764   0.0165
 -0.0491   0.0882  -0.0351   0.1419  -0.1748   0.0071
 -0.0629   0.0564  -0.0903   0.2248  -0.1725   0.0005
 -0.0680   0.0653  -0.1009   0.2085  -0.1680   0.0003
 -0.0728   0.0382  -0.0970   0.2347  -0.1716   0.0051
 -0.0820   0.0391  -0.1074   0.2335  -0.1890   0.0064
 -0.0865   0.0503  -0.1073   0.2345  -0.1822   0.0064
 -0.1027   0.0495  -0.1182   0.2369  -0.2058   0.0071
 -0.0936   0.0427  -0.1183   0.2341  -0.1831   0.0058
 -0.0906   0.0371  -0.1066   0.2487  -0.1762   0.0099
 -0.0528   0.0385  -0.1180   0.2157  -0.1397   0.0104
 -0.0723   0.0581  -0.0864   0.2287  -0.1678  -0.0006
 -0.0744   0.0551  -0.0973   0.2068  -0.1709  -0.0071
 -0.0831   0.0093  -0.1293   0.2240  -0.1892   0.0084
 -0.1780   0.0178  -0.0171   0.0850  -0.1952   0.0480
 -0.0344  -0.0150  -0.0298   0.1717  -0.1056   0.0106
 -0.0548   0.0051  -0.0376   0.2024  -0.1120  -0.0035
 -0.0436  -0.0047  -0.0119   0.1516  -0.1019   0.0052
 -0.0366  -0.0007  -0.0066   0.2016  -0.1165   0.0054
 -0.0430   0.0000  -0.0057   0.1854  -0.1092   0.0068
 -0.0514   0.0152  -0.0213   0.1581  -0.1090  -0.0001
 -0.0364  -0.0048  -0.0216   0.1850  -0.0976  -0.0057
 -0.0476  -0.0138  -0.0133   0.1870  -0.1000  -0.0075
 -0.0946  -0.0470  -0.0052   0.1612  -0.1287   0.0094
 -0.0907  -0.0359  -0.0127   0.2031  -0.1201   0.0111
 -0.0886  -0.0278  -0.0178   0.2099  -0.1168   0.0088
 -0.0855  -0.0455  -0.0184   0.1956  -0.1052   0.0143
 -0.0917  -0.0330  -0.0206   0.2156  -0.1164   0.0162
 -0.0513  -0.0011  -0.0114   0.1856  -0.0943   0.0086
  0.0080  -0.0427   0.0463   0.1399  -0.0670   0.0192
 -0.0368  -0.0661   0.0288   0.2155  -0.0868   0.0187
 -0.0256  -0.0368   0.0362   0.1439  -0.0557   0.0175
 -0.0437  -0.0421   0.0220   0.1933  -0.0718   0.0191
 -0.0598  -0.0511   0.0227   0.1687  -0.0786   0.0157
 -0.0523  -0.0520   0.0193   0.1527  -0.0745   0.0122
 -0.0524  -0.0336   0.0222   0.1822  -0.0783   0.0079
 -0.0339   0.0561   0.0457   0.0576  -0.0913  -0.0027
 -0.0363   0.0560   0.0296   0.1271  -0.0704  -0.0147
 -0.0246   0.0649   0.0323   0.1190  -0.0624  -0.0203
 -0.0377   0.0433   0.0303   0.1514  -0.0752  -0.0208
 -0.0384   0.0593   0.0439   0.1283  -0.0768  -0.0221
 -0.0220   0.0377   0.0482   0.1088  -0.0466  -0.0150
 -0.0243   0.0543   0.0415   0.1243  -0.0353  -0.0154
 -0.0273   0.0551   0.0395   0.1258  -0.0498  -0.0170
 -0.0081  -0.0213   0.0361   0.1149  -0.0436   0.0069
 -0.0341  -0.0367   0.0485   0.1270  -0.0541   0.0169
 -0.0458  -0.0278   0.0343   0.1478  -0.0448   0.0115
 -0.0446  -0.0385   0.0355   0.1519  -0.0586   0.0181
 -0.0608   0.0170   0.0335   0.1303  -0.0709   0.0007
 -0.0590   0.0175   0.0339   0.1547  -0.0637  -0.0009
 -0.0651   0.0282   0.0442   0.1554  -0.0725   0.0017
 -0.0617   0.0265   0.0393   0.1540  -0.0654  -0.0002
 -0.0323   0.0007   0.0413   0.0357  -0.0344   0.0188
 -0.0258   0.0047   0.0331   0.1000  -0.0314   0.0210
 -0.0846   0.0600   0.0290   0.1012  -0.0449   0.0050
 -0.0843   0.0650   0.0202   0.1203  -0.0425  -0.0053
 -0.0808   0.0687   0.0276   0.1296  -0.0472  -0.0072
 -0.0723   0.0684   0.0403   0.1438  -0.0385  -0.0089
 -0.1041   0.0818   0.0304   0.1080  -0.0448  -0.0077
 -0.1065   0.1086   0.0564   0.1193  -0.0344  -0.0202
 -0.1214   0.0887   0.0282   0.1646  -0.0283  -0.0292
 -0.0967   0.1765   0.0519   0.1567  -0.0510  -0.0601
 -0.1005   0.1621   0.0565   0.1578  -0.0342  -0.0552
 -0.0927   0.1671   0.0641   0.1462  -0.0286  -0.0611
 -0.0934   0.2990   0.0444   0.0993  -0.0535  -0.1000
 -0.0889   0.1787   0.0684   0.1096  -0.0477  -0.0658
 -0.0549   0.1670   0.0803   0.0904  -0.0397  -0.0674
 -0.0569   0.2440   0.0985   0.0460  -0.0255  -0.0719
 -0.0401   0.2442   0.0947   0.0020  -0.0149  -0.0595
 -0.0633   0.1119   0.0804   0.0002  -0.0088  -0.0320
 -0.0611   0.1932   0.0576  -0.0244  -0.0328  -0.0607
  0.0263   0.7198  -0.2490  -0.2271  -0.0587  -0.1709
 -0.2483   0.1179  -0.1762  -0.1183  -0.1191  -0.0319
 -0.1631   0.1644  -0.1328  -0.0204  -0.1045  -0.0701
 -0.1303   0.1241  -0.1151  -0.0045  -0.0741  -0.0713
 -0.0990   0.0901  -0.0721  -0.0578  -0.0265  -0.0386
 -0.1229   0.0873  -0.0891  -0.0194  -0.0458  -0.0467
 -0.1265   0.1002  -0.0862  -0.0201  -0.0609  -0.0501
 -0.1241   0.0597  -0.0518  -0.0295  -0.0502  -0.0263
 -0.0612   0.1434  -0.0040  -0.1803  -0.0152  -0.0366
 -0.0413   0.1185   0.0215  -0.1253  -0.0172  -0.0324
 -0.0593   0.0600   0.0225  -0.0939  -0.0302  -0.0199
 -0.0645   0.0355   0.0249  -0.0989  -0.0446  -0.0077
 -0.0608   0.0353   0.0167  -0.0680  -0.0286  -0.0107
 -0.0705   0.0476   0.0220  -0.0671  -0.0216  -0.0195
 -0.0693   0.0444   0.0084  -0.0427  -0.0169  -0.0238
 -0.0568   0.0565   0.0251  -0.1026  -0.0080  -0.0212
 -0.0572   0.0591   0.0086  -0.0979  -0.0132  -0.0225
 -0.0330   0.2278  -0.0407  -0.1823  -0.0230  -0.0652
 -0.0289   0.2126  -0.0461  -0.1789  -0.0217  -0.0593
 -0.0546   0.2129  -0.0424  -0.1799  -0.0161  -0.0554
 -0.0602   0.2174  -0.0251  -0.1583  -0.0167  -0.0608
 -0.0739   0.2106  -0.0684  -0.1226  -0.0312  -0.0549
 -0.0691   0.2580  -0.0500  -0.1510  -0.0161  -0.0641
 -0.0019   0.2333  -0.0075  -0.1780   0.0288  -0.0627
 -0.0328   0.2069  -0.0400  -0.1481   0.0196  -0.0617
 -0.0350   0.1956  -0.0501  -0.1510   0.0143  -0.0628
 -0.0014   0.2022  -0.0363  -0.1975   0.0165  -0.0511
 -0.0188   0.1822  -0.0497  -0.1653   0.0124  -0.0524
  0.0289   0.3915  -0.0865  -0.2413   0.0092  -0.1018
  0.0046   0.2975  -0.0537  -0.2407   0.0259  -0.0873
 -0.0138   0.2559  -0.0515  -0.2178   0.0226  -0.0697
  0.0207   0.3850  -0.0405  -0.2570   0.0326  -0.1026
 -0.0068   0.2947  -0.0420  -0.2121   0.0227  -0.0754
  0.0111   0.2694  -0.0541  -0.2109   0.0380  -0.0782
  0.0294   0.2750  -0.0527  -0.2079   0.0416  -0.0816
  0.0563   0.2995  -0.0609  -0.2125   0.0373  -0.0924
  0.0681   0.3777  -0.0440  -0.2577   0.0414  -0.1050
  0.0420   0.3192  -0.0538  -0.2172   0.0319  -0.0922
  0.0319   0.2875  -0.0556  -0.2049   0.0381  -0.0918
  0.0247   0.2197  -0.0644  -0.1015   0.0554  -0.0881
  0.2693  -1.9969   0.1209   0.6349   0.2443   0.6710
  0.1751  -0.6969   0.0212   0.0724   0.1901   0.1930
  0.1215  -0.4312   0.0848  -0.0298   0.1745   0.1909
  0.1239  -0.4488   0.0921  -0.0468   0.1809   0.1366
  0.1444  -0.4417   0.0819  -0.0708   0.1899   0.1180
  0.1361  -0.4226   0.0817  -0.0501   0.1836   0.1101
  0.1381  -0.4269   0.0764  -0.0604   0.1669   0.1236
  0.1382  -0.4272   0.0797  -0.0581   0.1801   0.1289
  0.1313  -0.4297   0.0781  -0.0563   0.1906   0.1314
  0.1617  -0.2598   0.0777  -0.1105   0.1800   0.0664
  0.1757  -0.1245   0.0801  -0.1590   0.1854   0.0448
  0.1739  -0.1484   0.0827  -0.1942   0.1910   0.0362
  0.1667  -0.1736   0.0861  -0.1614   0.1857   0.0384
  0.1398  -0.1785   0.0729  -0.1694   0.1933   0.0547
  0.1506  -0.1791   0.0785  -0.1493   0.1881   0.0520
  0.1369  -0.1554   0.0754  -0.1722   0.1792   0.0507
  0.1457  -0.1619   0.0745  -0.1664   0.1779   0.0490
  0.1628  -0.1388   0.0761  -0.1895   0.1858   0.0446
  0.1597  -0.1416   0.0696  -0.1895   0.1682   0.0401
  0.1411  -0.1474   0.0510  -0.1843   0.1526   0.0460
  0.1485  -0.1112   0.0713  -0.2099   0.1620   0.0263
  0.1385  -0.1197   0.0701  -0.1844   0.1637   0.0229
  0.1492  -0.1183   0.0491  -0.1879   0.1671   0.0214
  0.1541  -0.0393   0.0459  -0.2242   0.1617   0.0034
  0.1526   0.1250   0.0341  -0.2414   0.1039  -0.0620
  0.1465   0.0966   0.0468  -0.1829   0.1107  -0.0616
  0.2150   0.1954   0.0674  -0.2821   0.1569  -0.0996
  0.2052   0.2213   0.0625  -0.3200   0.1719  -0.0797
  0.1892   0.1567   0.0534  -0.2930   0.1590  -0.0807
  0.2058   0.1680   0.0534  -0.3058   0.1692  -0.0819
  0.2173   0.3554   0.0500  -0.3613   0.1612  -0.1203
  0.2053   0.4925   0.0747  -0.3935   0.1690  -0.1661
  0.2118   0.3455   0.1046  -0.3453   0.1697  -0.1388
  0.2142   0.3098   0.0595  -0.3469   0.1752  -0.1324
  0.2334   0.3565   0.0657  -0.3657   0.1847  -0.1394
  0.2194   0.2911   0.0821  -0.3414   0.1751  -0.1210
  0.2315   0.3048   0.0631  -0.3652   0.1776  -0.1224
  0.2542   0.3274   0.0740  -0.3699   0.1908  -0.1308
  0.2841   0.4172   0.1511  -0.4317   0.1960  -0.1538
  0.2535   0.2350   0.1478  -0.3558   0.1960  -0.1072
 -0.1327  -1.4733  -0.0432   0.4322   0.1420   0.4489
 -0.3930  -2.8542  -0.0853   0.7195  -0.0311   0.8656
  0.0903  -0.4896   0.0602  -0.1269   0.1342   0.1429
  0.1190  -0.3117   0.0892  -0.0619   0.1690   0.0459
  0.1012  -0.4118   0.0388  -0.0302   0.1824   0.0812
  0.0971  -0.3715   0.0309  -0.0447   0.1777   0.0616
  0.0913  -0.3387   0.0275  -0.0713   0.1728   0.0627
  0.1115  -0.4089   0.0572  -0.0682   0.2112   0.0805
  0.0630  -0.4246   0.0821  -0.0842   0.2112   0.0972
  0.0500  -0.4411   0.0817  -0.1040   0.2030   0.1125
  0.0599  -0.4689   0.0816  -0.1183   0.2040   0.1255
  0.0704  -0.4564   0.0957  -0.1114   0.2139   0.1241
  0.1080  -0.5060   0.1969  -0.0872   0.2872   0.1458
  0.1011  -1.0164   0.3026  -0.0311   0.3720   0.3577
  0.1247  -0.7532   0.3052  -0.0506   0.3774   0.2441
