  0.0412  -0.7187  -0.1657   0.6281  -0.0640  -0.0797
  0.0258  -0.7136  -0.1884   0.6723  -0.0783  -0.0791
  0.0215  -0.6576  -0.1642   0.6100  -0.0661  -0.1127
  0.0246  -0.6484  -0.1367   0.5822  -0.0655  -0.1153
  0.0164  -0.6035  -0.1332   0.5330  -0.0543  -0.1234
  0.0213  -0.5751  -0.1403   0.5214  -0.0622  -0.1171
  0.0174  -0.5851  -0.1314   0.5542  -0.0629  -0.0866
  0.0097  -0.6372  -0.1214   0.5820  -0.0688  -0.0704
  0.0061  -0.6229  -0.1198   0.5705  -0.0599  -0.0756
 -0.0025  -0.5952  -0.1123   0.5574  -0.0661  -0.0971
  0.0004  -0.5952  -0.1173   0.5671  -0.0638  -0.1084
  0.0101  -0.5479  -0.1061   0.5270  -0.0546  -0.1165
  0.0079  -0.5345  -0.1071   0.5233  -0.0529  -0.1070
  0.0024  -0.5116  -0.1052   0.5158  -0.0473  -0.0852
  0.0033  -0.5226  -0.1003   0.5780  -0.0529  -0.0515
  0.0044  -0.5467  -0.1017   0.5097  -0.0556  -0.0572
 -0.0002  -0.5488  -0.1036   0.5008  -0.0540  -0.1101
  0.0052  -0.5376  -0.1029   0.4846  -0.0489  -0.1291
  0.0071  -0.4851  -0.0965   0.4448  -0.0461  -0.1316
  0.0082  -0.4778  -0.1011   0.4405  -0.0483  -0.1184
  0.0162  -0.4377  -0.0935   0.3442  -0.0411  -0.1285
  0.0240  -0.4299  -0.1016   0.3390  -0.0480  -0.1284
  0.0261  -0.5240  -0.1121   0.3868  -0.0658  -0.1035
  0.0237  -0.4990  -0.0961   0.3655  -0.0609  -0.1306
  0.0222  -0.4687  -0.0868   0.3492  -0.0655  -0.1142
  0.0183  -0.4610  -0.0869   0.3428  -0.0535  -0.1195
  0.0257  -0.4418  -0.0843   0.2944  -0.0360  -0.1474
  0.0292  -0.4178  -0.0848   0.2577  -0.0299  -0.1603
  0.0144  -0.3744  -0.0868   0.2424  -0.0281  -0.1564
  0.0145  -0.3756  -0.0889   0.2576  -0.0224  -0.1393
  0.0239  -0.3671  -0.0804   0.2682  -0.0310  -0.1328
  0.0246  -0.3679  -0.0812   0.2729  -0.0167  -0.1273
  0.0270  -0.3746  -0.0813   0.2467  -0.0170  -0.1303
  0.0300  -0.3964  -0.0873   0.2564  -0.0192  -0.1099
  0.0331  -0.3892  -0.0865   0.2543  -0.0192  -0.1290
  0.0394  -0.3580  -0.0765   0.2372  -0.0188  -0.1444
  0.0469  -0.3600  -0.0719   0.2245  -0.0228  -0.1496
  0.0535  -0.3253  -0.0731   0.2017  -0.0214  -0.1491
  0.0491  -0.2931  -0.0909   0.2177  -0.0263  -0.1350
  0.0471  -0.2966  -0.1086   0.2309  -0.0211  -0.1302
  0.0464  -0.3071  -0.0989   0.2534  -0.0156  -0.1100
  0.0353  -0.3185  -0.0869   0.2583  -0.0179  -0.1157
  0.0373  -0.3191  -0.0880   0.2290  -0.0202  -0.1367
  0.0391  -0.2865  -0.0914   0.1922  -0.0075  -0.1380
  0.0412  -0.2632  -0.0904   0.1631  -0.0052  -0.1468
  0.0447  -0.2544  -0.0982   0.1827  -0.0126  -0.1132
  0.0450  -0.2543  -0.0938   0.1669  -0.0190  -0.1022
  0.0475  -0.2621  -0.0961   0.1500  -0.0202  -0.1026
  0.0565  -0.2584  -0.0887   0.1130  -0.0245  -0.0870
  0.0688  -0.2822  -0.0803   0.0784  -0.0372  -0.1100
  0.0632  -0.2406  -0.0466   0.1135  -0.0341  -0.1160
  0.0527  -0.1465  -0.0281   0.1274  -0.0315  -0.1573
  0.0590  -0.1160  -0.0210   0.0873  -0.0405  -0.1502
  0.0506  -0.1031  -0.0255   0.1302  -0.0269  -0.1044
  0.0484  -0.1261  -0.0354   0.1345  -0.0419  -0.0853
  0.0493  -0.1422  -0.0384   0.1315  -0.0356  -0.1038
  0.0482  -0.1423  -0.0375   0.1443  -0.0322  -0.0961
  0.0495  -0.1427  -0.0341   0.1299  -0.0397  -0.1016
  0.0522  -0.1272  -0.0237   0.0942  -0.0405  -0.1109
  0.0427  -0.1189   0.0013   0.0774  -0.0316  -0.1151
  0.0403  -0.0957  -0.0011   0.0749  -0.0132  -0.1406
  0.0431  -0.0875   0.0115   0.0349  -0.0058  -0.1314
  0.0328  -0.0751   0.0020   0.0665  -0.0064  -0.1257
  0.0379  -0.0792   0.0036   0.0618  -0.0043  -0.1150
  0.0491  -0.1043   0.0027   0.0638  -0.0075  -0.1088
  0.0433  -0.1311   0.0025   0.0755  -0.0020  -0.0960
  0.0403  -0.1367   0.0056   0.1005   0.0031  -0.0792
  0.0390  -0.1476   0.0188   0.0935   0.0178  -0.0692
  0.0378  -0.1452  -0.0063   0.0696   0.0068  -0.0823
  0.0340  -0.1693  -0.0023   0.0809   0.0069  -0.0903
  0.0381  -0.1614  -0.0081   0.0296   0.0149  -0.1223
  0.0245  -0.1080  -0.0050   0.0537   0.0004  -0.0788
  0.0138  -0.0867   0.0263   0.0699  -0.0021  -0.1120
  0.0019  -0.0284   0.0158   0.0386  -0.0211  -0.1012
  0.0010  -0.0009   0.0268   0.0052  -0.0016  -0.0916
 -0.0066   0.0132   0.0324   0.0336   0.0073  -0.0663
 -0.0107  -0.0061   0.0353   0.0290   0.0046  -0.0322
 -0.0187  -0.0043   0.0375   0.0210   0.0066  -0.0471
 -0.0176  -0.0179   0.0414   0.0676   0.0046  -0.0418
 -0.0113   0.0081   0.0454   0.0206   0.0027  -0.0543
 -0.0113   0.0259   0.0514   0.0152   0.0061  -0.0458
 -0.0108   0.0305   0.0519  -0.0159   0.0012  -0.0417
 -0.0074   0.0356   0.0486  -0.0210   0.0051  -0.0413
 -0.0082   0.0428   0.0465  -0.0250   0.0066  -0.0263
 -0.0080   0.0353   0.0524  -0.0456  -0.0011  -0.0141
 -0.0092   0.0552   0.0544  -0.0661  -0.0028  -0.0298
 -0.0097   0.0647   0.0501  -0.0653  -0.0128  -0.0191
 -0.0064   0.0729   0.0492  -0.0685  -0.0114  -0.0178
 -0.0079   0.1019   0.0414  -0.1296  -0.0200  -0.0195
 -0.0238   0.1647   0.0349  -0.1258  -0.0388  -0.0058
 -0.0335   0.1758   0.0471  -0.1154  -0.0322   0.0171
 -0.0248   0.1766   0.0548  -0.1388  -0.0286   0.0049
 -0.0431   0.1816   0.0494  -0.1067  -0.0349   0.0313
 -0.0241   0.1843   0.0545  -0.1013  -0.0304   0.0143
 -0.0164   0.1678   0.0636  -0.1381  -0.0191   0.0184
 -0.0281   0.1862   0.0679  -0.1450  -0.0065   0.0123
 -0.0264   0.1493   0.0711  -0.1423  -0.0249   0.0037
 -0.0382   0.1682   0.0739  -0.1480   0.0037   0.0051
 -0.0449   0.1682   0.0810  -0.0994   0.0026   0.0144
 -0.0383   0.1752   0.0813  -0.1637  -0.0006   0.0114
 -0.0485   0.2044   0.0918  -0.1778   0.0131   0.0050
 -0.0557   0.1903   0.0870  -0.1697   0.0026   0.0092
 -0.0443   0.1953   0.0938  -0.2489   0.0032   0.0077
 -0.0439   0.2289   0.0829  -0.2721  -0.0007   0.0018
 -0.0432   0.2478   0.0705  -0.2904  -0.0065  -0.0028
 -0.0400   0.2527   0.0772  -0.3211  -0.0076   0.0134
 -0.0515   0.2579   0.0742  -0.2888  -0.0051   0.0345
 -0.0499   0.2611   0.0766  -0.2787  -0.0041   0.0428
 -0.0406   0.2593   0.0711  -0.2911  -0.0016   0.0626
 -0.0434   0.2757   0.0733  -0.3246  -0.0035   0.0631
 -0.0384   0.2715   0.0788  -0.2959   0.0049   0.0693
 -0.0409   0.2693   0.0896  -0.2957   0.0053   0.0890
 -0.0376   0.2764   0.0741  -0.3235   0.0198   0.0687
 -0.0436   0.2880   0.0870  -0.2968   0.0216   0.0814
 -0.0475   0.2814   0.0642  -0.2604   0.0066   0.0993
 -0.0408   0.3209   0.0695  -0.2925   0.0193   0.0643
 -0.0457   0.3165   0.0714  -0.2743   0.0226   0.0781
 -0.0484   0.2916   0.0704  -0.2774   0.0241   0.0822
 -0.0472   0.2997   0.0702  -0.2805   0.0319   0.1165
 -0.0452   0.3322   0.0694  -0.2772   0.0304   0.1191
 -0.0439   0.3174   0.0698  -0.2640   0.0342   0.1408
 -0.0364   0.3249   0.0733  -0.2597   0.0381   0.1321
 -0.0390   0.3395   0.0555  -0.2649   0.0341   0.1182
 -0.0363   0.3919   0.0566  -0.3400   0.0310   0.1193
 -0.0365   0.4387   0.0422  -0.3382   0.0265   0.1256
 -0.0263   0.4450   0.0427  -0.3490   0.0175   0.1298
 -0.0318   0.4219   0.0476  -0.3073   0.0321   0.1543
 -0.0358   0.4291   0.0573  -0.2890   0.0391   0.1791
 -0.0370   0.4071   0.0614  -0.2458   0.0360   0.2025
 -0.0500   0.4081   0.0585  -0.2602   0.0433   0.2061
 -0.0396   0.4128   0.0494  -0.2745   0.0464   0.1955
 -0.0385   0.3715   0.0459  -0.2665   0.0420   0.1963
 -0.0371   0.4017   0.0546  -0.3173   0.0640   0.1736
 -0.0325   0.4166   0.0574  -0.3185   0.0671   0.1760
 -0.0243   0.4203   0.0665  -0.3381   0.0683   0.1935
 -0.0264   0.4525   0.0726  -0.3658   0.0732   0.1913
 -0.0179   0.4632   0.0881  -0.3767   0.0748   0.2079
 -0.0162   0.4616   0.0883  -0.3993   0.0838   0.2015
 -0.0184   0.4693   0.0855  -0.3769   0.0894   0.2071
 -0.0181   0.4834   0.0856  -0.4102   0.0850   0.2332
 -0.0136   0.4940   0.0854  -0.4248   0.0906   0.2234
 -0.0183   0.4948   0.0853  -0.4088   0.0842   0.2447
 -0.0231   0.4854   0.0748  -0.4013   0.0895   0.2558
 -0.0099   0.5229   0.0744  -0.4261   0.0896   0.2679
 -0.0088   0.5080   0.0800  -0.4214   0.0791   0.2765
 -0.0079   0.5726   0.0622  -0.4435   0.0819   0.2891
 -0.0062   0.5389   0.0595  -0.3647   0.0797   0.3095
 -0.0086   0.5237   0.0481  -0.3487   0.0706   0.3403
  0.0012   0.5092   0.0504  -0.3596   0.0813   0.3074
 -0.0006   0.5198   0.0558  -0.3969   0.0715   0.3116
 -0.0048   0.5273   0.0557  -0.3629   0.0818   0.3256
 -0.0097   0.5359   0.0680  -0.3779   0.0888   0.3479
 -0.0153   0.5500   0.0624  -0.4087   0.0957   0.3404
 -0.0019   0.5482   0.0550  -0.3914   0.0910   0.3506
 -0.0039   0.4931  -0.0204  -0.4120   0.0722   0.3254
 -0.0218   0.5606  -0.0355  -0.3539   0.0631   0.3776
