 -0.0023   0.1802   0.1496  -0.3812  -0.0885  -0.1915
  0.0961   0.2544   0.2439  -0.4554  -0.0121  -0.1867
  0.1559   0.2090   0.1622  -0.4590  -0.0016  -0.2160
  0.1438   0.3245   0.1134  -0.5106  -0.0123  -0.2161
  0.0684   0.4090   0.1425  -0.5681  -0.0548  -0.2135
  0.0274   0.4080   0.1758  -0.5521  -0.0727  -0.2279
  0.0695   0.3655   0.1324  -0.4958  -0.0390  -0.2155
  0.1174   0.4856   0.1743  -0.5657   0.0111  -0.1715
  0.0968   0.4804   0.1133  -0.4893  -0.0580  -0.1737
  0.1235   0.4982   0.1018  -0.5208  -0.0203  -0.1739
  0.0784   0.4676   0.0750  -0.5216  -0.0748  -0.1769
  0.0768   0.4510   0.0761  -0.5004  -0.0637  -0.2068
  0.0881   0.3840   0.0753  -0.4722  -0.0441  -0.2003
  0.0893   0.4411   0.0729  -0.4882  -0.0224  -0.1877
  0.0942   0.4251   0.0651  -0.4692  -0.0165  -0.1893
  0.0968   0.3424   0.0421  -0.4940  -0.0049  -0.1768
  0.0934   0.3011   0.0759  -0.4415  -0.0246  -0.1553
  0.1272   0.2905   0.1995  -0.4656   0.0369  -0.1244
  0.0234   0.3684   0.3401  -0.5131  -0.0050  -0.1175
  0.0252   0.2649   0.2245  -0.4979   0.0297  -0.1332
  0.0027   0.2220   0.1785  -0.4348   0.0054  -0.1377
  0.0013   0.1519   0.1777  -0.3320  -0.0199  -0.1292
  0.0252   0.1398   0.1597  -0.2755   0.0220  -0.1271
  0.0047   0.1374   0.1816  -0.2709   0.0235  -0.1098
  0.0303   0.2737   0.2154  -0.3661   0.0032  -0.0682
 -0.0361   0.2057   0.2166  -0.3210  -0.0045  -0.0956
  0.0907   0.1693   0.1574  -0.2716   0.0640  -0.0882
  0.0182   0.1938   0.1638  -0.2517   0.0135  -0.1114
  0.0088   0.2015   0.1586  -0.2663   0.0251  -0.1059
 -0.0181   0.2451   0.1352  -0.3380  -0.0237  -0.1034
 -0.0002   0.1933   0.1013  -0.3013  -0.0185  -0.1209
  0.0225   0.0958   0.0547  -0.2324   0.0077  -0.0954
  0.0129   0.1864   0.0770  -0.3481  -0.0075  -0.0854
  0.0203   0.1811   0.0025  -0.2903  -0.0019  -0.0644
  0.0474   0.2527  -0.0040  -0.3612  -0.0085  -0.1215
  0.0555   0.2350  -0.0351  -0.3298   0.0030  -0.1244
  0.0488   0.2493   0.0182  -0.3067   0.0087  -0.1163
  0.0300   0.2621   0.0213  -0.2827   0.0018  -0.1056
  0.0596   0.2425   0.1375  -0.2940   0.0686  -0.0990
  0.0442   0.2026   0.1120  -0.1599  -0.0393  -0.0654
  0.0601   0.1420   0.0781  -0.0970  -0.0204  -0.0717
 -0.0226   0.1699   0.0812  -0.1094  -0.0573  -0.0789
 -0.0680   0.2303   0.0758  -0.1274  -0.0698  -0.0833
 -0.0904   0.2272   0.0691  -0.1200  -0.1046  -0.0692
 -0.1049   0.1738  -0.0816  -0.0819  -0.1444  -0.0483
 -0.3807   0.2514   0.0222  -0.0898  -0.2668  -0.0383
 -0.3934   0.2515   0.0321  -0.1001  -0.2937  -0.0603
 -0.4031   0.2043   0.0406  -0.1015  -0.3134  -0.0348
 -0.2219   0.1282   0.0909  -0.1473  -0.1893  -0.0542
 -0.2573   0.1521   0.0387  -0.0909  -0.2170  -0.0529
 -0.3200   0.1866   0.1002  -0.0627  -0.2384  -0.0401
 -0.3344   0.1452   0.1125  -0.0025  -0.2713  -0.0239
 -0.2564   0.1434   0.1162  -0.0406  -0.1955  -0.0290
 -0.0144   0.1682   0.1845  -0.0012  -0.0107  -0.0666
  0.1916  -0.5707   0.2091   0.0982   0.0455   0.0433
  0.0934  -0.1873   0.1090   0.0680  -0.0105  -0.0343
  0.0170  -0.1667   0.0713   0.0939  -0.0514  -0.0513
  0.0131  -0.2443   0.0921   0.1572  -0.0267   0.0065
  0.0268  -0.1834   0.0822   0.0625  -0.0119  -0.0436
 -0.0187  -0.1424   0.0755   0.0247  -0.0287  -0.0449
 -0.0040  -0.0991   0.0783   0.0255  -0.0143  -0.0437
 -0.0344  -0.0873   0.0921  -0.0005  -0.0123  -0.0485
 -0.0849   0.1130   0.1636  -0.0283   0.0147   0.0079
 -0.1256   0.0774   0.0922   0.0413  -0.0180   0.0076
 -0.0639   0.0095   0.0566   0.0725  -0.0099  -0.0003
 -0.0429  -0.0426   0.0630   0.0919   0.0244   0.0041
 -0.0486  -0.0190   0.1250   0.1047   0.0178   0.0260
 -0.0106  -0.0431   0.0563   0.1367   0.0036   0.0083
 -0.0225  -0.0703   0.0041   0.1718  -0.0058   0.0015
  0.0336  -0.0647  -0.0304   0.1056   0.0711  -0.0013
 -0.0141  -0.0776  -0.0851   0.0888  -0.0161   0.0285
 -0.0437  -0.0996  -0.0434   0.1078  -0.0103   0.0469
 -0.0815  -0.1003  -0.0314   0.1462  -0.0263   0.0181
 -0.1080  -0.0456   0.0158   0.1723   0.0203   0.0348
 -0.0146  -0.1259   0.0279   0.1560   0.0425   0.0667
 -0.1009  -0.1218  -0.0654   0.1645   0.0006   0.0088
 -0.1078  -0.0418  -0.0195   0.0335   0.0197  -0.0037
  0.0754  -0.0328  -0.0474   0.1981   0.1132   0.0142
  0.0324   0.0106  -0.0566   0.1633   0.0868   0.0212
  0.0568  -0.0838  -0.0981   0.2169   0.0765   0.0253
  0.0144  -0.1011  -0.1014   0.2049   0.0164   0.0310
  0.0489  -0.0765  -0.0965   0.1772   0.0538   0.0319
  0.0451  -0.1040  -0.0983   0.1997   0.0543   0.0537
  0.0296  -0.1355  -0.0844   0.2241   0.0769   0.0494
  0.0666  -0.1554  -0.0784   0.2080   0.0966   0.0605
 -0.0202  -0.0071  -0.1529   0.1390   0.0796   0.0657
  0.0313  -0.0505  -0.0956   0.2432   0.0394   0.0730
  0.0016  -0.1078  -0.0998   0.2118   0.0488   0.0681
 -0.0555  -0.1208  -0.1071   0.2306   0.0325   0.0715
 -0.0636  -0.1305  -0.1037   0.2159   0.0050   0.0931
 -0.1480  -0.2594  -0.0513   0.2640  -0.0041   0.0984
 -0.1333  -0.3230  -0.1438   0.3203  -0.0246   0.0953
 -0.1179  -0.3091  -0.0845   0.2973  -0.0169   0.1039
 -0.1098  -0.3731  -0.1270   0.3245  -0.0118   0.1179
 -0.0946  -0.3235  -0.1305   0.3069   0.0135   0.0909
 -0.1189  -0.2017  -0.1042   0.1970  -0.0252   0.0840
 -0.1435  -0.1172  -0.1146   0.2768  -0.0068   0.0532
 -0.1303  -0.1649  -0.1173   0.2983  -0.0183   0.0669
 -0.1476  -0.0631  -0.0458   0.2269  -0.0172   0.1168
 -0.1737  -0.1426  -0.1045   0.2667  -0.0369   0.1223
 -0.1336  -0.1768  -0.1285   0.2981  -0.0063   0.1166
 -0.1199  -0.1813  -0.1292   0.2604   0.0055   0.1202
 -0.1198  -0.1855  -0.1480   0.3088   0.0188   0.1096
 -0.1405  -0.2088  -0.1498   0.3381   0.0032   0.1135
 -0.0643  -0.2377  -0.1076   0.3222   0.0420   0.1079
 -0.0297  -0.3087  -0.1536   0.3411   0.0122   0.1157
  0.0221  -0.2739  -0.1222   0.3406   0.0696   0.1450
 -0.0025  -0.2977  -0.1385   0.3523   0.0381   0.1522
 -0.0019  -0.3877  -0.1305   0.3606   0.0343   0.2116
  0.0540  -0.2543  -0.2217   0.3503   0.0190   0.1743
  0.0161  -0.2959  -0.2009   0.3576  -0.0168   0.1649
  0.0546  -0.2435  -0.1342   0.3598   0.0346   0.1595
  0.0878  -0.3340  -0.1556   0.4097   0.0458   0.1773
  0.1577  -0.3561  -0.1543   0.3838   0.0952   0.1713
  0.1558  -0.3243  -0.1380   0.3251   0.1164   0.1740
  0.0888  -0.2763  -0.1825   0.3527   0.0646   0.1669
  0.0830  -0.2788  -0.2041   0.3340   0.0548   0.1659
  0.1785  -0.2360  -0.2049   0.2406   0.1120   0.1721
  0.1643  -0.2692  -0.2202   0.2815   0.1106   0.2100
  0.1526  -0.2803  -0.2214   0.3167   0.0968   0.2136
  0.1510  -0.2722  -0.1981   0.3352   0.1020   0.1996
  0.1427  -0.2958  -0.1979   0.3789   0.0952   0.2041
  0.1937  -0.2647  -0.1626   0.3501   0.1464   0.2143
  0.2509  -0.2647  -0.2039   0.3687   0.1620   0.1946
  0.2271  -0.2548  -0.1651   0.3173   0.1741   0.2064
  0.1912  -0.3769  -0.2288   0.3150   0.1044   0.2520
  0.2491  -0.2670  -0.1267   0.2842   0.1779   0.2660
  0.2643  -0.4001  -0.1696   0.3409   0.2047   0.2800
