  0.1091  -0.3626  -0.0195   0.1345   0.0259   0.1048
  0.0968  -0.4504  -0.0448   0.2638   0.0138   0.1170
  0.0880  -0.4616  -0.0369   0.2082  -0.0042   0.0657
  0.0823  -0.4348  -0.0353   0.2992   0.0074   0.0873
  0.0677  -0.3469  -0.0310   0.2166   0.0013   0.0894
  0.0802  -0.4021  -0.0365   0.1965  -0.0023   0.0679
  0.0814  -0.3532  -0.0201   0.1877   0.0031   0.0480
  0.0750  -0.3655  -0.0296   0.2045   0.0090   0.0291
  0.0650  -0.3257  -0.0192   0.1472   0.0055   0.0426
  0.0688  -0.3427  -0.0101   0.1524   0.0104   0.0761
  0.0701  -0.3181  -0.0076   0.1645   0.0244   0.0545
  0.0707  -0.3134   0.0213   0.1684   0.0530   0.1199
  0.0353  -0.2197   0.0044   0.2064   0.0400   0.0299
  0.0616  -0.2767   0.0100   0.1866   0.0450   0.0849
  0.0718  -0.2761   0.0209   0.1765   0.0507   0.1020
  0.0636  -0.2558   0.0195   0.1943   0.0467   0.0953
  0.0627  -0.2294   0.0120   0.1794   0.0403   0.0550
  0.0521  -0.2522   0.0038   0.1655   0.0385   0.0787
  0.0408  -0.1797   0.0099   0.1549   0.0449   0.0078
  0.0490  -0.2195   0.0185   0.1876   0.0512   0.0457
  0.0423  -0.2230   0.0251   0.1825   0.0607   0.0760
  0.0237  -0.2175  -0.0094   0.2094   0.0307   0.1080
  0.0282  -0.2341  -0.0215   0.2110   0.0366   0.0314
  0.0209  -0.2207  -0.0168   0.1631   0.0317   0.0451
  0.0067  -0.1923  -0.0104   0.1602   0.0252   0.1039
 -0.0315  -0.1518  -0.0231   0.1800   0.0032   0.0568
 -0.0204  -0.1897  -0.0222   0.1555  -0.0086   0.0512
 -0.0161  -0.1924  -0.0228   0.1935  -0.0002   0.0593
 -0.0165  -0.1983  -0.0123   0.1781   0.0007   0.0165
 -0.0164  -0.2241  -0.0118   0.1651   0.0141   0.0920
 -0.0141  -0.1893  -0.0110   0.1715   0.0109   0.1004
 -0.0030  -0.2040  -0.0059   0.1652   0.0139   0.0241
 -0.0014  -0.1951  -0.0010   0.1669   0.0226   0.0664
 -0.0030  -0.1717   0.0081   0.2033   0.0364   0.0811
 -0.0012  -0.1780   0.0173   0.1654   0.0313   0.0507
  0.0044  -0.1632   0.0121   0.1401   0.0319   0.0535
  0.0070  -0.2091   0.0141   0.1308   0.0251   0.0343
  0.0102  -0.2207   0.0227   0.1666   0.0214   0.0649
  0.0043  -0.2011   0.0123   0.1421   0.0246   0.0889
  0.0075  -0.2096   0.0126   0.2365   0.0178   0.0899
  0.0093  -0.1959   0.0193   0.1978   0.0188   0.0435
  0.0088  -0.1790   0.0234   0.2166   0.0285   0.0529
  0.0026  -0.1829   0.0165   0.2020   0.0239   0.0452
  0.0122  -0.1886   0.0281   0.1952   0.0177   0.0280
  0.0056  -0.1640   0.0359   0.2003   0.0281   0.0943
  0.0099  -0.1915   0.0350   0.2128   0.0386   0.0981
  0.0150  -0.2074   0.0300   0.1173   0.0372   0.0526
  0.0123  -0.1788   0.0179   0.1516   0.0262   0.0831
  0.0135  -0.1612   0.0203   0.1365   0.0297   0.0375
  0.0242  -0.1848   0.0202   0.1240   0.0241   0.0644
  0.0247  -0.1737   0.0218   0.1143   0.0273   0.0713
  0.0138  -0.1387   0.0174   0.1358   0.0285   0.0589
  0.0138  -0.1707   0.0159   0.1763   0.0280   0.0200
  0.0003  -0.1473   0.0270   0.1634   0.0264   0.0589
  0.0019  -0.1349   0.0179   0.1937   0.0242   0.0901
  0.0005  -0.1396   0.0048   0.1592   0.0131   0.0283
 -0.0004  -0.1444   0.0135   0.1317   0.0141   0.0486
  0.0027  -0.1506   0.0003   0.1109   0.0055   0.0673
 -0.0047  -0.1288  -0.0050   0.1399   0.0085   0.0062
 -0.0045  -0.1561  -0.0073   0.1048  -0.0031   0.0673
 -0.0061  -0.1337  -0.0019   0.0733  -0.0029   0.0162
 -0.0086  -0.1205   0.0003   0.0680   0.0030  -0.0031
 -0.0076  -0.1334   0.0063   0.0693   0.0102   0.0816
 -0.0192  -0.1315  -0.0072   0.0963   0.0047   0.1178
 -0.0157  -0.1122  -0.0039   0.0928   0.0049   0.0638
 -0.0138  -0.1137   0.0046   0.0328   0.0151   0.0715
 -0.0003  -0.1535   0.0010   0.1090   0.0218   0.1001
 -0.0009  -0.1378   0.0048   0.0801   0.0122   0.0992
 -0.0082  -0.1102  -0.0013   0.0666   0.0116   0.0641
 -0.0118  -0.1102  -0.0050   0.0458   0.0091   0.0854
 -0.0104  -0.1014   0.0026   0.0531   0.0101   0.0647
 -0.0043  -0.1084  -0.0126   0.0779  -0.0002   0.0374
  0.0028  -0.1099  -0.0019   0.0505   0.0019   0.0407
  0.0016  -0.0997  -0.0018   0.0604  -0.0004   0.0971
  0.0037  -0.0977  -0.0062   0.0664  -0.0038   0.1014
  0.0205  -0.1192   0.0030   0.0933   0.0051   0.0488
  0.0164  -0.1108   0.0034   0.0900  -0.0035   0.0887
  0.0127  -0.0983   0.0009   0.1104  -0.0048   0.0726
  0.0087  -0.1200  -0.0030   0.0959  -0.0095   0.0742
  0.0224  -0.1476   0.0140   0.1211  -0.0081   0.0533
  0.0026  -0.1362  -0.0168   0.0923  -0.0163   0.0633
  0.0228  -0.1488   0.0017   0.0420   0.0012  -0.1149
  0.0260  -0.1253  -0.0039   0.0846   0.0048   0.0703
  0.0250  -0.1314  -0.0015   0.0557   0.0053   0.0156
  0.0297  -0.1210   0.0060   0.0550   0.0093   0.0544
  0.0326  -0.0977   0.0033   0.0547   0.0178   0.0132
  0.0267  -0.0953   0.0123   0.0385   0.0160   0.0347
  0.0223  -0.0755   0.0092   0.0246   0.0076   0.0325
  0.0060  -0.1012  -0.0163   0.0760  -0.0145   0.0979
  0.0131  -0.1187  -0.0257   0.1306   0.0038   0.0693
 -0.0015  -0.0866  -0.0001   0.0575   0.0124   0.1163
  0.0063  -0.0599   0.0006   0.0436   0.0144   0.0425
 -0.0066  -0.0562  -0.0074   0.0359   0.0066   0.0665
 -0.0136  -0.0431   0.0057   0.0273   0.0090   0.0475
 -0.0174  -0.0275   0.0168   0.0547   0.0232   0.0439
 -0.0243  -0.0014   0.0166   0.0460   0.0180   0.0203
 -0.0346  -0.0026   0.0135   0.0456   0.0128   0.1040
 -0.0393   0.0301   0.0180   0.0432   0.0213   0.0996
 -0.0396   0.0234   0.0159   0.0320   0.0197   0.0359
 -0.0515  -0.0108   0.0136   0.0221   0.0176   0.0967
 -0.0638  -0.0138   0.0179   0.0082   0.0063   0.0977
 -0.0580  -0.0077   0.0197   0.0110   0.0065   0.0763
 -0.0511   0.0087   0.0288  -0.0519  -0.0003   0.0667
 -0.0519   0.0136   0.0222  -0.0433   0.0000   0.0749
 -0.0558  -0.0057   0.0161  -0.0430  -0.0009   0.0684
 -0.0519   0.0134   0.0344  -0.0439   0.0096   0.0189
 -0.0442   0.0194   0.0281  -0.0134   0.0132   0.1048
 -0.0416   0.0092   0.0333  -0.0146   0.0083   0.0878
 -0.0381   0.0136   0.0293  -0.0086   0.0191   0.0581
 -0.0419   0.0395   0.0337  -0.0169   0.0205   0.0817
 -0.0256   0.0240   0.0330   0.0318   0.0267   0.0885
 -0.0194   0.0073   0.0403   0.0050   0.0396   0.0691
  0.0022  -0.0446   0.0341   0.0477   0.0237   0.0390
  0.0071  -0.0496   0.0417   0.0989   0.0424   0.0796
 -0.0011  -0.0813   0.0158   0.0603   0.0186  -0.0296
 -0.0106  -0.0510   0.0129   0.0639   0.0208   0.0105
 -0.0292  -0.0494  -0.0002   0.0719   0.0143   0.0066
 -0.0501  -0.0075  -0.0061   0.0525   0.0013   0.0104
 -0.0482  -0.0061  -0.0114   0.0654   0.0043   0.0248
 -0.0394  -0.0037   0.0016   0.0493   0.0071  -0.0057
 -0.0296  -0.0151   0.0057   0.0547  -0.0018  -0.0278
  0.0202  -0.0312   0.0074   0.1371  -0.0043  -0.0140
  0.0076  -0.0367   0.0029   0.1917   0.0057  -0.0058
  0.0220  -0.0510   0.0217   0.1205   0.0099  -0.0256
  0.0139   0.0166   0.0266   0.0759   0.0092   0.0026
  0.0137   0.0173   0.0301   0.0594   0.0290  -0.0475
  0.0031   0.0206   0.0237   0.0384   0.0218  -0.0643
 -0.0036   0.0390   0.0190   0.0561   0.0175  -0.0947
  0.0128   0.0163   0.0227   0.0457   0.0201  -0.0527
  0.0121   0.0426   0.0251   0.0124   0.0143  -0.0669
  0.0164   0.0780   0.0158   0.0125   0.0089  -0.0367
  0.0283   0.0583   0.0188   0.0632   0.0168  -0.0456
  0.0234   0.0360   0.0023  -0.0127   0.0066  -0.0398
  0.0273   0.0698  -0.0037  -0.0061   0.0031  -0.0426
  0.0170   0.0974  -0.0134  -0.0458  -0.0099  -0.0674
  0.0066   0.0819  -0.0111  -0.0494  -0.0102  -0.1008
  0.0048   0.1045   0.0059  -0.0544  -0.0012  -0.0364
  0.0013   0.1220   0.0060  -0.0556  -0.0016  -0.0871
  0.0041   0.1165  -0.0007  -0.0766  -0.0071  -0.0379
  0.0009   0.1115   0.0049  -0.0839  -0.0063  -0.0926
 -0.0033   0.1377   0.0071  -0.0662  -0.0015  -0.0678
 -0.0004   0.1384   0.0083  -0.0641  -0.0037  -0.0804
 -0.0135   0.1420  -0.0067  -0.0756  -0.0156  -0.1384
 -0.0186   0.1181  -0.0057  -0.0164  -0.0141  -0.0504
 -0.0129   0.1205  -0.0149  -0.0049  -0.0186  -0.1027
 -0.0113   0.1244  -0.0127  -0.0491  -0.0146  -0.0686
 -0.0264   0.1608  -0.0051  -0.0502  -0.0246  -0.0578
 -0.0188   0.1270  -0.0230  -0.0578  -0.0116  -0.0833
 -0.0076   0.1338  -0.0073  -0.0880  -0.0148  -0.0555
 -0.0177   0.1544  -0.0058  -0.0691  -0.0168  -0.0988
 -0.0256   0.1730   0.0119  -0.0791  -0.0081  -0.1035
 -0.0125   0.1412   0.0099  -0.1093  -0.0049  -0.0699
 -0.0176   0.1367   0.0082  -0.0689  -0.0193  -0.0515
 -0.0391   0.1565   0.0205  -0.0436  -0.0017  -0.1331
 -0.0582   0.2018   0.0232  -0.0936  -0.0035  -0.1081
 -0.0549   0.2031   0.0287  -0.0699  -0.0149  -0.1804
 -0.0507   0.1802  -0.0119  -0.1065  -0.0382  -0.1109
 -0.0385   0.1624  -0.0006  -0.0901  -0.0348  -0.1232
 -0.0388   0.1587  -0.0024  -0.0656  -0.0240  -0.0650
 -0.0317   0.1553   0.0038  -0.1061  -0.0278  -0.1234
 -0.0379   0.1772  -0.0074  -0.1082  -0.0274  -0.0288
 -0.0299   0.2042   0.0155  -0.1300  -0.0199  -0.0558
 -0.0284   0.2009   0.0196  -0.1403  -0.0179  -0.0963
 -0.0297   0.2368   0.0218  -0.1276  -0.0105  -0.0786
 -0.0311   0.2146   0.0170  -0.1208  -0.0135  -0.1206
 -0.0321   0.1938   0.0261  -0.1292  -0.0150  -0.1150
 -0.0383   0.2168   0.0283  -0.1217  -0.0033  -0.0833
 -0.0312   0.2103   0.0343  -0.1377   0.0082  -0.1417
 -0.0340   0.2058   0.0324  -0.1586  -0.0032  -0.1008
 -0.0320   0.2289   0.0438  -0.1397   0.0053  -0.0906
 -0.0311   0.2380   0.0448  -0.1395   0.0133  -0.0678
 -0.0109   0.2340   0.0626  -0.1681   0.0230  -0.0657
  0.0002   0.2079   0.0646  -0.1472   0.0301  -0.0666
 -0.0099   0.2498   0.0713  -0.1155   0.0295  -0.1222
 -0.0040   0.2167   0.0801  -0.1143   0.0311  -0.1335
  0.0035   0.2253   0.0827  -0.1139   0.0338  -0.0961
  0.0111   0.2231   0.0823  -0.1291   0.0492  -0.1266
  0.0069   0.2239   0.0851  -0.1527   0.0457  -0.1031
  0.0074   0.2318   0.0874  -0.1316   0.0534  -0.0598
  0.0011   0.2374   0.0897  -0.1548   0.0510  -0.0665
  0.0062   0.2481   0.0791  -0.1576   0.0390  -0.0807
  0.0130   0.2134   0.0684  -0.1021   0.0428  -0.1374
  0.0087   0.2271   0.0658  -0.1240   0.0510  -0.0936
  0.0192   0.2336   0.0949  -0.1672   0.0623  -0.0933
  0.0254   0.2230   0.1015  -0.1720   0.0737  -0.0508
  0.0162   0.2065   0.0982  -0.1392   0.0726  -0.0342
  0.0310   0.2096   0.0974  -0.1907   0.0567  -0.0409
  0.0130   0.2083   0.0218  -0.1923  -0.0107  -0.0536
  0.0131   0.1383  -0.0462  -0.1389  -0.0825  -0.1235
  0.0005   0.0870  -0.2066  -0.0163  -0.1016  -0.0592
 -0.0212   0.2278  -0.1541  -0.1380  -0.1103  -0.0678
 -0.0168   0.2550  -0.1355  -0.2143  -0.1128  -0.1021
 -0.0217   0.2573  -0.1311  -0.2276  -0.1245  -0.1511
 -0.0190   0.2629  -0.1325  -0.2191  -0.1208  -0.1101
 -0.0025   0.2602  -0.1264  -0.2439  -0.1085  -0.1421
  0.0013   0.2871  -0.1118  -0.2308  -0.1080  -0.1210
  0.0026   0.3318  -0.1126  -0.2770  -0.1056  -0.1398
 -0.0106   0.3827  -0.1187  -0.3172  -0.1046  -0.0590
 -0.0086   0.3756  -0.1083  -0.3139  -0.0958  -0.1377
 -0.0115   0.3851  -0.1118  -0.3560  -0.1062  -0.2057
  0.0097   0.5062  -0.1429  -0.6423  -0.0845   0.0547
 -0.0151   0.4166  -0.1348  -0.5063  -0.1026   0.0376
 -0.0099   0.4427  -0.1208  -0.5948  -0.0985  -0.0539
 -0.0203   0.4752  -0.1255  -0.6705  -0.1114  -0.0203
 -0.0232   0.4703  -0.1135  -0.6439  -0.1115  -0.0745
 -0.0295   0.4826  -0.1227  -0.6573  -0.1167  -0.1165
 -0.0186   0.4992  -0.1154  -0.7005  -0.1225  -0.1379
 -0.0254   0.5102  -0.1143  -0.6829  -0.1235  -0.1048
 -0.0262   0.5283  -0.1165  -0.6969  -0.1170  -0.0917
 -0.0351   0.5638  -0.1138  -0.7505  -0.1321  -0.1296
