  0.1903  -0.2728  -0.0000   0.4521   0.1328  -0.1114
  0.1667  -0.2502   0.0041   0.3889   0.1298  -0.1050
  0.1472  -0.2173   0.0020   0.3400   0.1269  -0.0689
  0.1310  -0.2185  -0.0004   0.3487   0.1338  -0.0782
  0.1403  -0.2406   0.0060   0.3595   0.1313  -0.1062
  0.1342  -0.2493  -0.0028   0.3395   0.1267  -0.0906
  0.1121  -0.2147  -0.0079   0.3284   0.1223  -0.0870
  0.1268  -0.2419  -0.0005   0.3375   0.1081  -0.0866
  0.1156  -0.2744   0.0040   0.3394   0.1084  -0.0882
  0.1001  -0.2478  -0.0069   0.2975   0.1045  -0.0492
  0.0956  -0.2554   0.0101   0.2656   0.1022  -0.0475
  0.0918  -0.2630   0.0115   0.2613   0.1133  -0.0438
  0.0890  -0.2647   0.0204   0.2549   0.1211  -0.0415
  0.0909  -0.2874   0.0173   0.2678   0.1157  -0.0500
  0.0800  -0.2663   0.0096   0.2391   0.1136  -0.0264
  0.0225  -0.2151  -0.0070   0.1993   0.0721   0.0656
  0.0515  -0.2145  -0.0284   0.2251   0.0882  -0.0828
  0.0334  -0.1829  -0.0137   0.1683   0.0927  -0.0272
  0.0153  -0.1731  -0.0173   0.1814   0.0798  -0.0412
  0.0237  -0.1877  -0.0049   0.1594   0.0720  -0.0408
 -0.0052  -0.1205  -0.0078   0.0992   0.0682  -0.0054
 -0.0349  -0.0270  -0.0119   0.0920   0.0708  -0.0019
 -0.0029  -0.0697  -0.0110   0.1208   0.0681  -0.0467
 -0.0007  -0.0658  -0.0153   0.1295   0.0636  -0.0187
  0.0186  -0.0807   0.0028   0.1652   0.0694  -0.0292
  0.0202  -0.0730   0.0066   0.1421   0.0604  -0.0465
  0.0283  -0.0992   0.0096   0.1905   0.0628  -0.0687
  0.0328  -0.1084   0.0255   0.2010   0.0662  -0.0691
  0.0264  -0.0834   0.0041   0.1285   0.0399  -0.0338
  0.0217  -0.0692  -0.0003   0.1232   0.0381  -0.0449
  0.0039  -0.0584  -0.0015   0.0934   0.0419  -0.0088
 -0.0011  -0.0372  -0.0015   0.0865   0.0389  -0.0160
 -0.0125  -0.0491   0.0069   0.0999   0.0486  -0.0389
 -0.0144  -0.0311  -0.0006   0.1044   0.0519  -0.0434
 -0.0283  -0.0315  -0.0094   0.0567   0.0476  -0.0174
 -0.0358   0.0160  -0.0099   0.0492   0.0506  -0.0137
 -0.0192   0.0209   0.0064   0.0825   0.0546  -0.0584
  0.0050  -0.0201   0.0266   0.0892   0.0339  -0.0583
  0.0038   0.0019   0.0222   0.1149   0.0297  -0.0511
  0.0072  -0.0389   0.0207   0.1374   0.0364  -0.0540
 -0.0014  -0.0160   0.0227   0.1236   0.0414  -0.0538
 -0.0127  -0.0054   0.0207   0.1031   0.0365  -0.0342
 -0.0297   0.0345   0.0309   0.0848   0.0468  -0.0210
 -0.0496   0.0814   0.0438   0.0519   0.0525  -0.0279
 -0.0699   0.1129   0.0433   0.0116   0.0591  -0.0236
 -0.0264   0.0311   0.0705   0.0401   0.0350  -0.0438
 -0.0282   0.0326   0.0655   0.0437   0.0378  -0.0469
 -0.0278   0.0495   0.0628   0.0490   0.0488  -0.0228
 -0.0425   0.0250   0.0724   0.0369   0.0600   0.0011
 -0.0404  -0.0008   0.0770   0.0515   0.0583  -0.0202
 -0.0348  -0.0175   0.0754   0.0673   0.0599  -0.0217
 -0.0152  -0.1357   0.0912   0.1178   0.0668  -0.0270
  0.0443  -0.1622   0.0912   0.1173   0.0771  -0.0142
  0.0126  -0.1216   0.0954   0.0830   0.0778  -0.0019
  0.0030  -0.1309   0.0972   0.0878   0.0698  -0.0349
 -0.0454  -0.1078   0.0949   0.0197   0.0745   0.0159
 -0.0511  -0.0903   0.0926   0.0309   0.0717   0.0043
 -0.1205  -0.0054   0.0389   0.0626   0.0120  -0.1093
 -0.1093  -0.1026   0.0450   0.0793   0.0120  -0.0783
 -0.0925  -0.1016   0.0621   0.0502   0.0016   0.0377
 -0.0420  -0.0882   0.0482   0.0845  -0.0199  -0.0297
 -0.0203  -0.0715   0.0479   0.0923  -0.0266  -0.0014
 -0.0313  -0.0708   0.0427   0.0516  -0.0250  -0.0339
 -0.0354  -0.0092   0.0292  -0.0115  -0.0177   0.0064
 -0.0511   0.1428   0.0166  -0.1071  -0.0105   0.0580
 -0.0376   0.1568   0.0272  -0.1224  -0.0180  -0.0035
 -0.0014   0.0530   0.0553  -0.0486  -0.0283  -0.0279
  0.0016   0.0219   0.0734  -0.0153  -0.0248   0.0005
 -0.0052   0.0142   0.0784  -0.0103  -0.0207   0.0042
 -0.0493   0.1561   0.0237  -0.0491  -0.0571   0.0256
  0.0070   0.0945   0.0307  -0.0441  -0.0555  -0.0460
  0.0022   0.0821  -0.0010  -0.0815  -0.0591   0.0349
  0.0143   0.1259  -0.0145  -0.0684  -0.0724   0.0061
 -0.0036   0.1024  -0.0160  -0.0608  -0.0710   0.0227
 -0.0209   0.0798   0.0021  -0.0863  -0.0670   0.0504
 -0.0161   0.0780  -0.0041  -0.1192  -0.0689   0.0102
 -0.0351   0.0586  -0.0081  -0.1565  -0.0618   0.0242
 -0.0256   0.0553   0.0039  -0.1389  -0.0705   0.0017
 -0.0311   0.0538   0.0097  -0.1413  -0.0683   0.0141
 -0.0516   0.0624  -0.0210  -0.1088  -0.0889  -0.0062
 -0.0589   0.0779  -0.0185  -0.1387  -0.0928   0.0433
 -0.0847   0.1060  -0.0128  -0.1582  -0.0725   0.0692
 -0.1095   0.1375  -0.0216  -0.1922  -0.0696   0.0475
 -0.1902   0.2717  -0.0465  -0.3435  -0.0605   0.1683
 -0.2000   0.3351  -0.0693  -0.3906  -0.0602   0.0621
 -0.1247   0.1621  -0.0362  -0.3013  -0.0917   0.0408
 -0.0967   0.1548  -0.0260  -0.2750  -0.0981   0.0756
 -0.0961   0.2354  -0.0605  -0.2429  -0.1047   0.0801
 -0.0244   0.0637  -0.0448  -0.1605  -0.0881   0.0308
 -0.0088   0.0525  -0.0460  -0.1452  -0.0825   0.0749
  0.0007   0.0439  -0.0533  -0.1233  -0.0885   0.0592
  0.0317   0.1038  -0.0285  -0.1156  -0.0881   0.0560
  0.0484   0.0502  -0.0270  -0.0941  -0.0764  -0.0025
  0.0233   0.0964  -0.0242  -0.1053  -0.0667   0.0302
 -0.0073   0.1497  -0.0387  -0.1553  -0.0800   0.0166
  0.0259   0.0993  -0.0144  -0.1341  -0.0858  -0.0044
 -0.0011   0.1627  -0.0180  -0.1860  -0.0838   0.0596
  0.0071   0.1376  -0.0019  -0.1263  -0.0673   0.0058
  0.0255   0.1169   0.0042  -0.1307  -0.0615  -0.0207
  0.0303   0.1284   0.0021  -0.1031  -0.0563   0.0150
  0.0271   0.0855   0.0079  -0.0760  -0.0503  -0.0284
  0.0344   0.0654  -0.0103  -0.0708  -0.0643   0.0218
  0.0563   0.0533  -0.0247  -0.1017  -0.0659  -0.0059
  0.0331   0.1192  -0.0266  -0.1451  -0.0569   0.0522
 -0.0021   0.1935  -0.0481  -0.2134  -0.0322   0.0700
  0.0007   0.1944  -0.0509  -0.2649  -0.0396   0.0777
 -0.0557   0.2542  -0.0991  -0.4285  -0.0502   0.1374
 -0.0477   0.2587  -0.0977  -0.3894  -0.0695   0.0860
 -0.0312   0.1581  -0.0569  -0.3143  -0.0765   0.0527
 -0.0198   0.1890  -0.0699  -0.2783  -0.0935   0.1005
 -0.0661   0.1012  -0.1013  -0.2579  -0.1157   0.0882
 -0.0194   0.0463  -0.0956  -0.2265  -0.1096   0.0597
  0.0111   0.1034  -0.0856  -0.2019  -0.1069   0.0733
 -0.0005   0.1405  -0.0842  -0.2201  -0.1038   0.0923
  0.0299   0.1462  -0.0818  -0.2170  -0.1141   0.0743
  0.0159   0.1442  -0.0836  -0.2456  -0.1134   0.0615
  0.0074   0.1133  -0.0823  -0.2647  -0.1277   0.0912
  0.0302   0.0425  -0.0435  -0.2295  -0.1216   0.0847
  0.0242   0.0518  -0.0386  -0.2268  -0.1048   0.0963
  0.0128   0.1256  -0.0578  -0.2576  -0.1100   0.1282
