 -0.1131  -1.1739  -0.6052  -0.2390  -0.1537   0.3135
 -0.0803  -1.2428  -0.5644  -0.2335  -0.1372   0.2702
 -0.0759  -1.2538  -0.5637  -0.1021  -0.1307   0.2256
 -0.0519  -1.2055  -0.5576  -0.0386  -0.1407   0.2227
 -0.1049  -1.1859  -0.5202   0.1715  -0.1354   0.2029
 -0.1570  -1.0834  -0.4976   0.2650  -0.1711   0.0693
 -0.1190   0.0596  -0.3102   0.6015  -0.3324  -0.1309
 -0.4119   0.2503  -0.3816   1.3302  -0.8815  -0.0945
 -0.2265  -0.6369  -0.4952   1.5640  -0.7539   0.0343
 -0.2725  -0.3248  -0.4767   1.4350  -0.6484   0.1027
 -0.3134  -0.3611  -0.6816   1.4636  -0.6887   0.0646
 -0.4045   1.0898  -0.8187   0.9451  -0.8262  -0.4796
 -0.5386   2.5122  -0.7155   0.3610  -0.7464  -0.8401
 -0.5671   0.6082  -0.3087   0.0848  -0.5942  -0.0206
 -0.4818   0.3298   0.0442  -0.4040  -0.4767   0.2698
 -0.1530   0.1236   0.0080  -0.4137  -0.2323  -0.0225
 -0.1040   0.1376   0.0227  -0.3625  -0.2059  -0.0030
 -0.0832  -0.1150  -0.0409  -0.3015  -0.2118  -0.0063
 -0.1377  -0.2181  -0.0308  -0.0260  -0.1890   0.0032
 -0.2863  -0.0769   0.0398   0.1791  -0.2563   0.1602
 -0.1997  -0.4922   0.1000  -0.3787  -0.1181   0.2378
 -0.2849  -0.7044   0.2917  -0.5421  -0.0742   0.3184
 -0.3939  -0.7776   0.1331  -0.3227  -0.1548   0.2385
 -0.1058  -0.7585   0.0358  -0.2473   0.0549   0.2122
 -0.0733  -0.4028   0.0008  -0.2960  -0.0039   0.1287
  0.0027  -0.0883  -0.2196  -0.1777  -0.0457   0.1302
  0.0725   0.0095  -0.1765  -0.2665   0.0692   0.0732
  0.0895   0.0804  -0.2003  -0.2644   0.0744   0.0972
  0.0622   0.0279  -0.1843  -0.3087   0.0328   0.0415
 -0.0191   0.0539  -0.0632  -0.3731   0.0331   0.1448
  0.0316  -0.2927  -0.1212  -0.1951   0.0666   0.0718
 -0.3150  -0.4708  -0.2060   0.2175  -0.1789   0.1795
 -0.1654  -0.1708  -0.1577   0.1185  -0.2076   0.2133
 -0.1300  -0.2032  -0.1612   0.0231  -0.1189   0.1335
 -0.0831  -0.1751  -0.1805   0.0343  -0.1117   0.1071
 -0.0790  -0.3049  -0.1958   0.0133  -0.1073   0.1068
 -0.0808  -0.3122  -0.2078   0.0097  -0.1201   0.0917
 -0.0639  -0.3659  -0.2154  -0.0259  -0.1029   0.1347
 -0.0598  -0.3862  -0.2385  -0.0066  -0.0712   0.0977
 -0.0531  -0.4548  -0.2854  -0.0415  -0.1209   0.1510
 -0.0769  -0.4072  -0.3082  -0.1572  -0.1434   0.1921
 -0.0542  -0.4771  -0.2847  -0.1878  -0.1114   0.2107
 -0.0359  -0.4681  -0.3034  -0.1156  -0.1041   0.1935
 -0.0558  -0.4948  -0.2939  -0.0233  -0.1146   0.2007
 -0.1100  -0.4869  -0.3356  -0.0584  -0.1252   0.2045
 -0.1179  -0.5003  -0.3626  -0.0388  -0.1097   0.1666
 -0.1109  -0.4319  -0.3714  -0.0403  -0.1066   0.1198
 -0.1117  -0.4593  -0.3730  -0.0096  -0.0868   0.1480
 -0.1345  -0.4478  -0.3793   0.0118  -0.0861   0.0593
 -0.1126  -0.4426  -0.3696  -0.0308  -0.0685   0.0749
 -0.1021  -0.4788  -0.3519   0.0018  -0.0601   0.1219
 -0.1109  -0.4819  -0.3526  -0.0126  -0.0661   0.1333
 -0.1055  -0.4550  -0.3703   0.0240  -0.0639   0.1028
 -0.1378  -0.5174  -0.3856   0.0770  -0.0886   0.1163
 -0.3231  -0.9850  -0.4208   0.5855  -0.2402   0.4089
 -0.3377  -0.8094  -0.5044   0.1834  -0.2023   0.3962
 -0.2925  -0.5466  -0.4643  -0.0696  -0.2581   0.3051
 -0.2974  -0.5325  -0.2472   0.1109  -0.1839   0.1712
 -0.1985  -0.5247  -0.2482   0.7157  -0.4208  -0.1662
 -0.0556  -0.0083  -0.1047   1.0093  -0.3965  -0.3640
 -0.1324  -0.0983  -0.3074   1.4753  -0.5759  -0.0644
 -0.3056  -0.2846  -0.5385   1.1325  -0.6597   0.0270
 -0.1118   3.2939  -0.5870  -0.2587  -0.5744  -0.9751
  0.0382   5.5292   0.1259  -0.7846  -0.6244  -0.8621
  0.2438   3.2773  -0.1395  -0.4727  -0.0928  -0.2677
  0.2229   2.9302   0.0306  -0.4321  -0.0193  -0.4269
  0.3058   2.8438   0.0201  -0.4960   0.0390  -0.5192
  0.1921   2.5530   0.1445  -0.4345   0.0254  -0.4267
  0.1345   1.0247   0.2212  -0.2195   0.1718  -0.2321
  0.0504   1.2211   0.1770  -0.2864   0.0866  -0.1918
  0.0352   0.1694  -0.1377   0.8292  -0.2268  -0.0996
 -0.5042  -0.4799  -0.3163   2.2987  -0.7968   0.1200
 -0.5074  -1.0882  -0.4556   2.4170  -0.8691   0.3307
 -0.5339  -2.1470  -0.7388   1.9269  -0.9118   0.4143
 -0.5302  -3.0694  -0.7874   1.8259  -0.8349   0.0464
 -0.1794  -0.8182  -0.3807  -1.0120  -0.0035   0.0708
  0.0239  -0.3446  -0.1491  -1.1589   0.0547   0.1466
  0.0283  -0.4650  -0.1725  -1.1069   0.0465   0.0997
  0.0164  -0.4961  -0.2478  -1.0671   0.0470   0.0937
  0.0154  -0.5210  -0.2387  -1.0760   0.0446   0.0657
  0.0257  -0.4609  -0.2186  -1.1495   0.0609   0.1118
  0.0311  -0.4423  -0.1778  -1.0623   0.0752   0.0808
 -0.0064  -0.4088  -0.1517  -0.1433  -0.0100  -0.0436
 -0.0867  -0.1145  -0.2250   0.2696  -0.0852  -0.2029
 -0.0007   2.2559   0.2418   0.0902   0.0304  -0.7114
  0.0094   2.5751   0.3505  -0.1673   0.0549  -0.8411
  0.1078   3.0971   0.5401  -0.0938   0.1092  -0.8679
  0.1325   2.5041   0.6418   0.1769   0.1144  -0.6194
  0.0032   1.9613   0.4637   0.7723  -0.1406  -0.6086
 -0.1238   1.6170   0.3889   1.1126  -0.2370  -0.5770
 -0.1916   1.7237   0.1076   1.3054  -0.4696  -0.7376
 -0.5253   1.4732  -0.0979   1.1627  -0.8962  -0.2415
 -0.3404  -0.3039   0.7168  -1.8944  -0.1658   0.9989
 -0.0297   0.1396   0.4763  -2.5352   0.0919   0.3141
 -0.0036   0.5490   0.5637  -1.5929   0.1614  -0.0867
  0.1039   0.7125   0.5489  -1.5126   0.2125  -0.1759
  0.1255   0.7293   0.5808  -1.4917   0.2295  -0.1046
  0.1671   0.7268   0.5583  -1.5376   0.2323  -0.0889
  0.2549   0.8658   0.6264  -1.6099   0.2877  -0.0435
  0.2798   0.7828   0.6071  -1.5950   0.3280  -0.1047
  0.2470   0.7896   0.6347  -1.5743   0.3246  -0.0987
  0.2725   0.8203   0.6367  -1.5999   0.3400  -0.1860
  0.2683   0.7592   0.6409  -1.5830   0.3212  -0.1036
  0.2516   0.7552   0.6613  -1.5662   0.3210  -0.1081
  0.2684   0.7233   0.6512  -1.5219   0.3406  -0.0853
  0.2629   0.7496   0.6684  -1.5068   0.3422  -0.1049
  0.2626   0.6654   0.6166  -1.5435   0.3358  -0.1286
  0.2647   0.6144   0.5968  -1.5186   0.3514  -0.0944
  0.2451   0.6866   0.5938  -1.5158   0.3340  -0.0464
  0.2344   0.6269   0.6043  -1.5081   0.3463  -0.1084
  0.2401   0.6501   0.6046  -1.5133   0.3374  -0.0275
  0.2706   0.6290   0.6417  -1.4330   0.3356  -0.1142
  0.2638   0.6633   0.6370  -1.4326   0.3316  -0.1393
  0.2604   0.7863   0.6304  -1.5021   0.3229  -0.1140
  0.2519   0.6775   0.6613  -1.4778   0.3404  -0.0601
  0.2581   0.6354   0.6477  -1.4760   0.3465  -0.0637
  0.2743   0.6397   0.6510  -1.4543   0.3485  -0.0671
  0.2807   0.7165   0.6567  -1.4682   0.3348  -0.0909
  0.2770   0.7593   0.6401  -1.5195   0.3428  -0.1573
  0.2704   0.7331   0.6462  -1.5227   0.3564  -0.1249
  0.2776   0.7440   0.6722  -1.5321   0.3540  -0.0206
  0.2968   0.7554   0.6428  -1.4883   0.3494  -0.1453
  0.2847   0.7325   0.5716  -1.4057   0.3091  -0.1454
  0.3289   1.1265   0.6223  -1.1407   0.3115  -0.2057
  0.2342   1.0507   0.6020  -1.1475   0.2968  -0.1892
  0.2064   1.2351   0.1622  -0.4833   0.1200  -0.5272
  0.1658   0.8272   0.1700   0.0953   0.1223  -0.3860
 -0.2260   0.6751   0.0738   1.8035  -0.0551  -0.2464
 -0.3695  -0.1323  -0.1812   2.0551  -0.1828  -0.2424
 -0.0573   0.0423  -0.0434   1.0451   0.0792  -0.0345
 -0.2715   0.3666   0.0596   1.3965  -0.0278  -0.1109
 -0.2653   0.3820   0.0985   1.0629  -0.0594  -0.1625
 -0.0116   1.0043   0.0060   0.8526   0.1033  -0.7077
 -0.0459   1.0745  -0.0035   0.8394   0.0938  -0.8445
 -0.0574   1.0663   0.0502   0.7634   0.1170  -0.7100
  0.0559   0.9010   0.1238   0.4024   0.1902  -0.4587
 -0.0086   0.2989   0.2716   0.1826   0.1402   0.0145
 -0.2041  -1.5491   0.5791  -0.3679  -0.0049   1.1862
 -0.2919  -2.6744   0.8275   0.0335  -0.0253   1.2254
 -0.5060  -5.8087   0.6562   1.1046  -0.2400   1.8520
 -0.3257  -5.2405   0.4538   1.1783   0.0761   1.5793
 -0.7024  -6.1851  -0.1088   1.6917  -0.3055   1.9228
 -0.7452  -5.8308  -0.3614   1.3153  -0.3493   1.3635
 -0.2938  -4.9784  -0.3062   1.1440  -0.1564   1.0594
 -0.2369  -4.2275  -0.5083   1.7378  -0.2029   0.7251
 -0.4233  -3.5888  -0.4561   1.8187  -0.4220   0.8176
 -0.2552  -2.5392  -0.3468  -0.0004  -0.0739   0.8519
  0.2148  -0.4018   0.3005  -0.7985   0.2551   0.3852
  0.2131  -0.3917   0.2293  -0.8629   0.3172   0.1973
  0.2274  -0.4468   0.2328  -0.8518   0.3050   0.1528
  0.2896  -0.2910   0.1984   0.1165   0.2213  -0.1900
  0.2451  -0.1698   0.1851   0.4521   0.1757  -0.0618
  0.2407  -0.1715   0.1300   0.2975   0.1787  -0.0699
  0.2707  -0.1725   0.1310   0.2512   0.1796  -0.0534
  0.1219  -0.2200   0.0394   0.1387   0.1452  -0.0289
  0.2600  -0.1514   0.1347   0.0417   0.1983  -0.0592
  0.2542  -0.2097   0.0917   0.1152   0.2103  -0.0033
  0.2278  -0.2363   0.0156   0.2267   0.2080  -0.0381
  0.2264  -0.1728   0.0342   0.2643   0.2129  -0.0805
  0.2498  -0.1549   0.0410   0.2309   0.2192  -0.0279
  0.2511  -0.1786   0.0456   0.0915   0.2422  -0.0382
  0.2322  -0.1712   0.0928   0.0734   0.2437  -0.0116
  0.2648  -0.2063   0.0945   0.0834   0.2667  -0.0525
  0.2983  -0.3995   0.0572   0.1708   0.2773  -0.0640
  0.2599  -0.3518   0.0790   0.1560   0.2731  -0.0733
  0.3013  -0.4315   0.0258   0.1425   0.2862  -0.0371
  0.2961  -0.4713   0.0802   0.1776   0.2679  -0.0814
  0.4158  -0.5511  -0.0801   0.2086   0.3214  -0.0809
  0.1674  -0.6092   0.1487   0.1926   0.2370   0.0735
  0.1857  -1.1463   0.0013   0.3365   0.2374   0.0563
  0.1327  -0.8659   0.1145   0.1168   0.2424  -0.0061
  0.2621  -0.5765   0.0621   0.1403   0.2461  -0.0051
  0.1269  -0.7054   0.1353   0.7082   0.1517   0.0700
  0.1795   0.6302  -0.0744   1.3607   0.0163  -0.4771
 -0.1398   3.4822  -0.1583   1.4223  -0.5921   0.0738
  0.4786   5.4646   0.2045   0.4318  -0.0822  -0.1188
  0.5456   5.2060   0.3228   0.4002   0.0962  -0.3851
  0.4677   4.8414   0.3813   0.7248   0.2190  -0.4857
  0.3600   4.4029   0.3946   1.2519   0.3337  -0.5266
  0.3596   3.9991   0.2351   1.7390   0.0927  -0.5699
  0.0904   3.3061  -0.1075   1.9838  -0.1259  -0.3725
 -0.0270   2.2547   0.1360   1.7966  -0.0879  -0.3427
 -0.0592   1.9016   0.2467   1.1817   0.1191  -0.3732
 -0.0763   1.4890   0.0648   1.0382   0.1006  -0.2656
 -0.3558   1.3540  -0.0010   1.0696  -0.0653  -0.2430
 -0.3879   1.2786  -0.0756   1.0190  -0.0964  -0.2290
 -0.3474   1.2812  -0.1010   0.9386  -0.0345  -0.2226
 -0.1117   1.4791   0.0152   0.7035   0.1771  -0.3828
  0.0889   1.5451   0.0683   0.4570   0.1407  -0.6067
  0.1007   1.4459   0.1192   0.2682   0.1145  -0.0922
  0.1291   1.3135   0.1056   0.4530   0.1911  -0.2605
  0.1676   1.3438   0.1653   0.3271   0.2297  -0.3373
  0.1730   1.3162   0.1573   0.3536   0.2362  -0.2452
  0.1632   1.3582   0.1664   0.3662   0.2154  -0.3015
  0.0177   0.3558   0.0284   0.7246   0.0737   0.0968
 -0.3675  -6.9600  -0.8366   1.8826  -0.4662   1.8794
 -0.2470  -5.9579  -0.9180   1.5227  -0.4204   1.5819
 -0.4621  -3.8120  -0.6593   1.1622  -0.3240   0.9816
 -0.3495  -3.1748  -0.6983   1.4976  -0.3726   0.7012
 -0.7020  -4.6024  -0.0573   1.2849  -0.1158   1.5217
 -0.4507  -4.4819  -0.1650   0.6631   0.0395   1.1843
 -0.3519  -3.6699  -0.3402   0.5116   0.0680   0.9263
 -0.1928  -2.8507  -0.3301   0.3639   0.1048   0.6437
 -0.1349  -2.5495  -0.2965   0.2096   0.1667   0.4538
  0.1325  -0.8102  -0.0639   0.1521   0.3147  -0.0293
  0.1711  -0.2160  -0.0831   0.1002   0.3196  -0.5534
  0.3945  -0.3793  -0.0362   0.0921   0.4593  -0.1760
  0.4325  -0.4181  -0.1545  -0.0544   0.4346  -0.5073
  0.3405  -0.5339  -0.0916   0.0068   0.4022  -0.3856
  0.2673  -1.0091  -0.2325   0.1445   0.3321  -0.1150
