  0.0969   0.9800   0.0089  -0.1403   0.2022  -0.1076
  0.0776   1.0195  -0.0192  -0.1340   0.1969  -0.1404
  0.0761   1.0045   0.0136  -0.0593   0.1898  -0.1231
  0.0720   0.9904   0.0326  -0.0774   0.2071  -0.0901
  0.0408   1.1462   0.0592  -0.1284   0.1495  -0.0218
  0.0523   1.0862   0.0620  -0.0602   0.1744  -0.1702
  0.0762   0.9695   0.0305  -0.1802   0.2291  -0.1350
  0.0637   0.9352   0.0739  -0.0996   0.2158  -0.1860
  0.0213   0.8773   0.0984  -0.1348   0.2392  -0.1194
  0.1072   0.6853   0.0204  -0.1031   0.2594  -0.1125
  0.1154   0.5307  -0.0098   0.0134   0.1837  -0.0141
  0.0402   0.4428  -0.0587   0.0453   0.1246   0.0034
  0.0846   0.4778  -0.0010  -0.0956   0.1587  -0.0310
  0.0871   0.4579   0.0323  -0.1228   0.1756   0.0173
  0.0922   0.4406   0.0019  -0.0800   0.1805  -0.0352
  0.0773   0.4687  -0.0055  -0.1544   0.1764  -0.0057
  0.0758   0.4080   0.0100  -0.0600   0.1871  -0.0796
  0.0708   0.4656   0.0682  -0.0815   0.1683  -0.0044
  0.0564   0.4729   0.0361  -0.0730   0.1591  -0.0987
 -0.0178   0.5030   0.1415   0.0346   0.1070  -0.0285
 -0.0446   0.5943   0.1703  -0.0112   0.1153  -0.1265
 -0.0536   0.5526   0.1818  -0.0260   0.0802  -0.0871
 -0.0066   0.7257   0.1093   0.0725   0.0224   0.0299
  0.0442   0.6872   0.0644  -0.1030   0.1322   0.0118
  0.0805   0.5893   0.0727  -0.0140   0.1610  -0.0352
  0.0656   0.5300   0.0450   0.0676   0.1369   0.0378
  0.0820   0.5435   0.0513   0.0244   0.1491   0.0299
  0.0554   0.4537   0.1083   0.0801   0.1638  -0.0042
  0.0267   0.4192   0.1020   0.0103   0.1283   0.0468
 -0.0191   0.4098   0.1147  -0.0655   0.1370  -0.0114
 -0.0064   0.4058   0.1152  -0.0230   0.1496  -0.0031
  0.0117   0.4158   0.1123  -0.0407   0.1503   0.0112
  0.0050   0.3838   0.1004  -0.0024   0.1079   0.0596
 -0.0588   0.4428   0.0106   0.2550  -0.0180   0.0187
 -0.0432   0.4429  -0.0522   0.1105   0.0044   0.0984
 -0.0399   0.2548   0.0127   0.0359   0.0665   0.0296
 -0.0882   0.2114   0.0597   0.1006   0.0292   0.0123
 -0.1302   0.0738   0.0482   0.2076  -0.0460   0.1009
  0.0663  -0.0636   0.1284   0.5100   0.2595   0.1690
  0.1186  -0.2582   0.0561   0.5200   0.2638   0.3447
  0.0827  -0.5348   0.0853   0.6617   0.1134   0.3366
  0.0278  -0.3716   0.0479   0.5303  -0.0023   0.0278
  0.0004   0.0020   0.0170   0.1454   0.0466   0.0121
 -0.0256  -0.0970   0.0056   0.0686   0.0391  -0.0593
 -0.0126  -0.0634  -0.0061   0.1257   0.0650  -0.0080
  0.0375  -0.0874  -0.1043   0.1372   0.1206   0.0770
  0.0089  -0.1039  -0.1151  -0.0009   0.0334   0.0276
  0.0208  -0.1509  -0.1644  -0.0339   0.0355  -0.0388
  0.0173  -0.1916  -0.1550   0.0338   0.0445  -0.0612
  0.0045  -0.1946  -0.1209   0.0631   0.0666  -0.0259
 -0.0086  -0.1481  -0.0417   0.0174   0.0709  -0.0329
 -0.2211  -0.2665  -0.0553   0.4473  -0.3412   0.0207
 -0.2210  -0.3116   0.0180   0.4723  -0.3662   0.0409
 -0.2254  -0.4128   0.0655   0.4724  -0.3817   0.1164
 -0.2435  -0.3932   0.0892   0.4930  -0.3126   0.0653
 -0.1686  -0.2873   0.0489   0.4905  -0.3365   0.2145
 -0.1116  -0.3960   0.0053   0.3588  -0.2048   0.1686
 -0.0938  -0.3033   0.0225   0.2235  -0.1437   0.1345
 -0.0961  -0.3694   0.0002   0.2599  -0.1015   0.0822
 -0.1247  -0.2615  -0.0059   0.1545  -0.1104   0.1175
 -0.1293  -0.3190  -0.0334   0.1789  -0.0977   0.0670
 -0.1314  -0.2946  -0.0257   0.1497  -0.1044   0.0972
 -0.1147  -0.2991  -0.0436   0.1969  -0.0932   0.1068
 -0.1225  -0.2727  -0.0374   0.1843  -0.1015   0.1186
 -0.1156  -0.2806  -0.0409   0.1651  -0.0975   0.1047
 -0.1342  -0.2949  -0.0423   0.1935  -0.1444   0.1179
 -0.1154  -0.3177  -0.0225   0.2142  -0.1030   0.0360
 -0.1139  -0.2888  -0.0264   0.1985  -0.0885   0.1228
 -0.1043  -0.2979  -0.0482   0.2529  -0.1193   0.1079
 -0.1003  -0.2709  -0.0404   0.2215  -0.1195   0.1163
  0.0377   0.2096  -0.2260   0.1709   0.0113  -0.0058
  0.4147   2.2616  -0.3569  -0.5729   0.2117   0.1029
  0.1555   1.0631  -0.2187  -0.4239  -0.0697   0.1297
  0.1609   0.5829  -0.1108  -0.3390  -0.0112  -0.0025
  0.1377   0.4750  -0.0915  -0.2900  -0.0202   0.0173
  0.0610   0.3674  -0.1231  -0.2198  -0.0447  -0.0924
  0.0796   0.3775  -0.0574  -0.3494  -0.0061   0.0154
  0.0693   0.3707  -0.0592  -0.3346  -0.0074  -0.0243
  0.1298   0.3491  -0.0295  -0.1466   0.0498  -0.0295
  0.0980   0.1847  -0.0929  -0.2158   0.0094   0.1038
  0.1024   0.1050  -0.1091  -0.1607  -0.0191  -0.0110
  0.0993   0.1586  -0.0776  -0.2655   0.0040   0.0503
  0.0942   0.1356  -0.0328  -0.2579   0.0401   0.0197
  0.0803   0.1384  -0.0165  -0.2945   0.0380   0.0616
  0.0814   0.1131  -0.0070  -0.2300   0.0411   0.0051
  0.0652   0.0415   0.0340  -0.2412   0.0026   0.1057
  0.0702  -0.0324   0.0236  -0.2332   0.0228  -0.0433
  0.0650  -0.0253   0.0315  -0.2460   0.0343  -0.0040
  0.0601  -0.0910  -0.0449  -0.1778   0.0315  -0.0339
  0.0349   0.0174   0.0641  -0.1670   0.0396   0.0585
  0.0875  -0.0549  -0.0297  -0.2873   0.1031   0.0137
  0.0713  -0.0683  -0.0452  -0.3535   0.0975  -0.0036
  0.0266  -0.0078   0.0142  -0.1781   0.0311  -0.0299
  0.0096   0.0473   0.0146  -0.2344   0.0043   0.0290
  0.0187  -0.0408  -0.0368  -0.1433  -0.0444  -0.0134
  0.0162  -0.0185  -0.0465  -0.2024  -0.0335   0.0337
 -0.0310   0.0018  -0.0473  -0.1966  -0.1051   0.0223
 -0.0220  -0.0032   0.0102  -0.0221  -0.1167   0.0683
  0.0468  -0.0296  -0.0103  -0.1618  -0.0036   0.0557
  0.0132  -0.0430   0.0003  -0.1475  -0.0069  -0.0157
  0.0293  -0.0421  -0.0341  -0.2441   0.0062   0.0073
  0.0344  -0.0606  -0.0321  -0.2023   0.0211  -0.0418
  0.0576  -0.0632  -0.0459  -0.3824   0.0329  -0.0261
  0.0106  -0.0867  -0.0158  -0.2801   0.0324  -0.0869
  0.0118  -0.0930  -0.0387  -0.3041   0.0376   0.0017
  0.0118  -0.1122  -0.0274  -0.2807   0.0480  -0.0675
 -0.0008  -0.0129  -0.0063  -0.2642   0.0119  -0.0489
 -0.0057   0.0468   0.0304  -0.3526  -0.0106  -0.0545
 -0.0120  -0.0970  -0.0327  -0.3024   0.0053  -0.0615
 -0.0657  -0.0626  -0.0484  -0.2710  -0.0417  -0.1408
  0.0122  -0.0428  -0.0297  -0.2522  -0.0031  -0.0117
  0.0207  -0.1024  -0.0344  -0.2302   0.0376  -0.0614
 -0.0094  -0.0931  -0.0164  -0.2765   0.0142  -0.0420
 -0.0057  -0.1100   0.0028  -0.2179   0.0077  -0.0469
 -0.0148  -0.1228   0.0085  -0.2484   0.0048  -0.0708
  0.0047  -0.0798  -0.0050  -0.3810   0.0023  -0.0736
 -0.0060  -0.1010  -0.0379  -0.4198  -0.0004  -0.1175
 -0.0002  -0.1279   0.0376  -0.3461   0.0133  -0.1545
  0.0019  -0.1119   0.0288  -0.3777   0.0195  -0.0697
 -0.0024  -0.1272   0.0217  -0.4387   0.0228  -0.1031
 -0.0161  -0.1397   0.0421  -0.3764   0.0224  -0.1407
 -0.0224  -0.1356   0.0216  -0.4290   0.0254  -0.1025
 -0.0372  -0.1546   0.0344  -0.4084   0.0300  -0.1637
 -0.0305  -0.1411   0.0478  -0.4067   0.0361  -0.0892
 -0.0221  -0.1388   0.0620  -0.4160   0.0280  -0.0796
 -0.0119  -0.1547   0.0458  -0.4218   0.0307  -0.1208
 -0.0207  -0.1713   0.0512  -0.3911   0.0226  -0.1124
 -0.0158  -0.1728   0.0479  -0.4230   0.0185  -0.1080
 -0.0226  -0.1757   0.0496  -0.4466   0.0298  -0.1142
 -0.0173  -0.1768   0.0486  -0.4298  -0.0180  -0.1503
 -0.0230  -0.1461   0.0773  -0.4291  -0.0130  -0.1000
 -0.0046  -0.1808   0.0840  -0.3245   0.0286  -0.1398
  0.0107  -0.2473   0.0837  -0.2172   0.0689  -0.0903
  0.0209  -0.1982   0.0554  -0.3123   0.0487  -0.0534
 -0.0342  -0.1284   0.0786  -0.3170   0.0316  -0.0743
 -0.1674  -0.7413   0.2129   0.4124  -0.2443  -0.0086
 -0.1409  -0.9817   0.1861   0.5486  -0.2098   0.0977
 -0.0214  -0.8248   0.1215   0.2922  -0.0946   0.0785
 -0.0512  -0.7736   0.1536   0.2466  -0.0667  -0.1160
 -0.1036  -0.7255   0.1813   0.0351  -0.0752  -0.0489
 -0.0813  -0.6868   0.1639   0.0361  -0.0779  -0.0620
 -0.1391  -1.0204   0.1157   0.6167  -0.2836   0.0689
 -0.2536  -1.4457   0.0338   1.0679  -0.3590   0.3521
 -0.1460  -1.6302  -0.0518   1.3759  -0.2833   0.3053
 -0.0874  -1.6420  -0.0268   1.1979  -0.2855   0.2507
 -0.1176  -1.7599  -0.0606   1.3653  -0.3892   0.2358
 -0.1224  -1.8689  -0.0799   1.4069  -0.3852   0.3378
 -0.1785  -1.9307  -0.1023   1.3444  -0.3793   0.3034
 -0.1575  -1.9736  -0.0871   1.4037  -0.3663   0.2909
 -0.2068  -1.9563   0.0079   1.3137  -0.3782   0.3683
 -0.1587  -2.0915   0.0460   1.4356  -0.3123   0.2835
 -0.1713  -1.7113  -0.0673   1.2222  -0.3888   0.3660
