  0.2527   0.6757   0.3622  -0.0768   0.2101  -0.1070
  0.2501   0.6300   0.4041  -0.1562   0.2518  -0.0733
  0.1467   0.5796   0.3306  -0.0578   0.1524  -0.1161
  0.1353   0.5282   0.2583  -0.0315   0.1341  -0.1037
  0.1377   0.5239   0.2609  -0.1798   0.1731  -0.0627
  0.1798   0.5016   0.2467  -0.0775   0.1610  -0.1247
  0.1590   0.4842   0.2308  -0.1182   0.1681  -0.0102
  0.1662   0.5501   0.2506  -0.0521   0.1567  -0.1054
  0.1896   0.5058   0.2800  -0.2160   0.2511   0.0070
  0.1616   0.3654   0.2368  -0.1375   0.2146   0.0825
  0.1490   0.3695   0.2167   0.0077   0.1745  -0.0166
  0.1648   0.4234   0.2126  -0.0842   0.2035   0.0294
  0.1457   0.4434   0.1311  -0.1073   0.1299  -0.0257
  0.1627   0.4671   0.1747  -0.0875   0.1366   0.0489
  0.1953   0.4146   0.1541  -0.0968   0.1543   0.0372
  0.1817   0.3255   0.1667  -0.1423   0.1676  -0.0155
  0.1817   0.3618   0.1713  -0.0125   0.1334  -0.0633
  0.1849   0.6349   0.1795  -0.1870   0.1264  -0.1084
  0.1901   0.6416   0.2384  -0.1584   0.1247  -0.0786
  0.1575   0.5064   0.1900  -0.1329   0.1252  -0.0207
  0.1493   0.6435   0.2010  -0.2127   0.1504  -0.0729
  0.1375   0.6147   0.1930  -0.1658   0.1320  -0.0661
  0.1652   0.6443   0.2776  -0.2689   0.1931  -0.0182
  0.2029   0.7369   0.4395  -0.2794   0.2320  -0.0663
  0.1891   0.6863   0.2657  -0.1969   0.1898  -0.0381
  0.1568   0.7676   0.2371  -0.2160   0.1639  -0.0733
  0.1401   0.6933   0.2084  -0.1869   0.1450  -0.0523
  0.1447   0.5959   0.2027  -0.1681   0.1479  -0.0145
  0.2023   0.5427   0.2117  -0.0787   0.1799  -0.1139
  0.1800   0.5262   0.1715  -0.2155   0.1672  -0.0145
  0.2173   0.5110   0.1618  -0.2227   0.2033  -0.0035
  0.1913   0.5097   0.1347  -0.1654   0.1863  -0.0121
  0.1981   0.4889   0.1156  -0.1876   0.1738   0.0039
  0.1806   0.4291   0.1162  -0.1643   0.1653  -0.0083
  0.1869   0.4399   0.1194  -0.2184   0.1775  -0.0275
  0.1732   0.3306   0.1487  -0.0756   0.1798  -0.1048
  0.1794   0.3228   0.1302  -0.0451   0.1103  -0.0772
  0.1622   0.2790   0.1312  -0.0467   0.1389   0.0396
  0.1038   0.4044  -0.0223  -0.1152   0.0665  -0.0719
  0.1244   0.3481  -0.0083  -0.0986   0.0662  -0.0626
  0.1351   0.3552  -0.0108  -0.1065   0.0387   0.0082
  0.0829   0.2709  -0.0565  -0.0517  -0.0006   0.0411
  0.0798   0.3048  -0.0645  -0.1193   0.0158   0.0014
  0.0655   0.3762  -0.0688  -0.1232   0.0284   0.0026
  0.0659   0.3255  -0.0893  -0.0678   0.0135  -0.0128
  0.0778   0.3657  -0.0473  -0.0569   0.0124  -0.0699
  0.0880   0.3877  -0.0697  -0.0741   0.0463   0.0148
  0.0766   0.3763  -0.0539  -0.0722   0.0449  -0.0623
  0.0671   0.2864  -0.0884  -0.0068   0.0309  -0.0449
  0.1035   0.1477  -0.0319   0.0443  -0.0001  -0.0672
  0.1090   0.1542  -0.0136  -0.0105   0.0117   0.0358
  0.0897   0.1544  -0.0323   0.0165  -0.0059  -0.0958
  0.1043   0.1749  -0.0489  -0.0201   0.0425  -0.0529
  0.0941   0.1683  -0.0627  -0.0174   0.0297  -0.0373
  0.1112   0.0668  -0.0313  -0.0190   0.0355  -0.0634
  0.0953   0.0261  -0.0428   0.0467   0.0214  -0.0227
  0.1245   0.0017   0.0037  -0.0363   0.0633   0.0053
  0.1222  -0.0648   0.0052   0.1125   0.0423  -0.0279
 -0.0445  -0.1125  -0.1122   0.0532  -0.0486  -0.0239
 -0.0772  -0.2165  -0.1384   0.1439  -0.0907  -0.0105
 -0.0530  -0.2367  -0.1203   0.0906  -0.0721   0.0023
 -0.0163   0.0051  -0.0841  -0.1371  -0.0216  -0.0507
  0.0401   0.0119   0.0211  -0.1029  -0.0870  -0.0540
  0.0237  -0.0572   0.0075   0.0772  -0.1007  -0.0634
  0.0119  -0.1783  -0.0042  -0.0179  -0.0351   0.0692
  0.0267  -0.1517   0.0161  -0.0350  -0.0244   0.0050
  0.0149  -0.1321  -0.0197   0.0257  -0.0458   0.0561
  0.0083  -0.2062  -0.0068   0.0424  -0.0501   0.0407
 -0.0080  -0.1752  -0.0415   0.0336  -0.0668   0.0760
 -0.0238  -0.2256  -0.0202   0.0403  -0.0607  -0.0041
 -0.0046  -0.2034  -0.0246  -0.0091  -0.0590   0.0837
 -0.0246  -0.2320   0.0061  -0.0115  -0.0662  -0.0289
 -0.0065  -0.1362  -0.0145  -0.0141  -0.0459   0.0545
 -0.0467  -0.0494  -0.0527   0.0229  -0.0769  -0.0132
 -0.0681  -0.0463  -0.0792  -0.0453  -0.0816   0.0347
 -0.0317  -0.0645   0.0168  -0.0743  -0.0181  -0.0228
 -0.0566  -0.1077  -0.0335   0.0050  -0.0485   0.0546
 -0.0560  -0.1300  -0.0559  -0.0088  -0.0557   0.0161
 -0.0897  -0.1841  -0.0734   0.1041  -0.0948   0.0127
 -0.0762  -0.1426  -0.1077   0.1168  -0.1258  -0.0635
 -0.0174  -0.1152  -0.0314   0.2096  -0.1334  -0.1261
 -0.0583  -0.1027  -0.0680  -0.0302  -0.0811   0.0349
 -0.0764  -0.1001  -0.0834   0.0207  -0.0773  -0.0006
 -0.0548  -0.1607  -0.1219   0.0228  -0.0986   0.0020
 -0.1795  -0.2318  -0.1809   0.0685  -0.1669  -0.0686
 -0.1296  -0.2096  -0.1691   0.0535  -0.1180   0.0105
 -0.1354  -0.1803  -0.1927   0.1494  -0.1262  -0.0091
 -0.1096  -0.2152  -0.1440   0.2640  -0.1203  -0.1461
 -0.0933  -0.1976  -0.1499   0.1232  -0.1147   0.0355
 -0.1761   0.0353  -0.0965  -0.0356  -0.1135  -0.0713
 -0.1780  -0.0746  -0.1691   0.0460  -0.1297  -0.0272
 -0.1659   0.0946  -0.1271  -0.0064  -0.1261  -0.0217
 -0.1902   0.1403  -0.1163  -0.0120  -0.1089   0.0290
 -0.1373   0.0762  -0.0699  -0.0250  -0.0636  -0.0042
 -0.1329   0.0801  -0.0942   0.0375  -0.0847   0.0333
 -0.1283   0.1052  -0.0917  -0.0288  -0.0727   0.0030
 -0.0952   0.0336  -0.0589   0.0288  -0.0680  -0.0436
 -0.0624   0.0963  -0.0306  -0.0083  -0.0479   0.0273
 -0.0724   0.0294  -0.0515   0.0097  -0.0583  -0.1067
 -0.0524   0.0517  -0.0406   0.0031  -0.0065   0.0023
 -0.0998   0.2104  -0.0016  -0.0996  -0.0283   0.0272
 -0.0759   0.0087  -0.0401  -0.0429  -0.0358   0.0443
 -0.0441  -0.0169  -0.0023  -0.0942  -0.0036   0.0697
 -0.0602  -0.0101  -0.0205  -0.1075  -0.0419   0.0163
 -0.0213   0.0047   0.0173  -0.0529  -0.0194   0.0906
 -0.0460  -0.0705  -0.0035   0.0403  -0.0233  -0.0365
 -0.0976  -0.0815  -0.0909  -0.0548  -0.0232   0.0416
 -0.0979  -0.0689  -0.0808  -0.0602  -0.0507   0.0374
 -0.1346  -0.0881  -0.1167  -0.0391  -0.0766   0.0951
 -0.1529  -0.0846  -0.1495   0.0093  -0.0881   0.0285
 -0.1475  -0.1074  -0.1131   0.0846  -0.0897  -0.0216
 -0.1111  -0.1500  -0.0923   0.0161  -0.0639   0.0391
 -0.1330  -0.1910  -0.1023   0.1328  -0.0903  -0.0233
 -0.1194  -0.1295  -0.0879   0.0454  -0.0473  -0.0009
 -0.0705  -0.2525  -0.0366   0.0491   0.0163   0.0154
 -0.0187  -0.2496  -0.0047   0.0999   0.0182   0.0302
 -0.0381  -0.2666  -0.0372   0.1227  -0.0323  -0.0585
 -0.0885  -0.2900  -0.0447   0.0985  -0.0500  -0.0269
 -0.0964  -0.3018  -0.0572   0.0345  -0.0328   0.0800
 -0.0918  -0.4060  -0.0597   0.0798  -0.0581  -0.0101
 -0.0948  -0.4178  -0.0488   0.0658  -0.0489   0.0017
 -0.0501  -0.4387  -0.0026   0.1230  -0.0158   0.0587
 -0.0989  -0.5124  -0.0615   0.0796  -0.0674   0.0571
 -0.1089  -0.5189  -0.0538   0.1329  -0.0793   0.0440
 -0.1178  -0.5081  -0.0947   0.0078  -0.0848   0.0285
 -0.1079  -0.5744  -0.0763   0.1652  -0.0418   0.0786
 -0.1181  -0.5155  -0.0768   0.1395  -0.0603   0.0706
 -0.1309  -0.5077  -0.1169   0.1178  -0.0810   0.0285
 -0.1353  -0.5166  -0.1236   0.1564  -0.1001   0.0909
 -0.1175  -0.5079  -0.1102   0.0944  -0.0845  -0.0029
 -0.1103  -0.5645  -0.0879   0.2319  -0.0630   0.0325
 -0.0847  -0.6424  -0.0802   0.2109  -0.0648   0.0966
 -0.1367  -0.5664  -0.0787   0.1814  -0.1134  -0.0084
 -0.1045  -0.5499  -0.0855   0.1110  -0.0856   0.0853
 -0.1041  -0.6128  -0.0809   0.1566  -0.0768  -0.0011
 -0.1200  -0.5361  -0.0975   0.1241  -0.0803   0.0877
 -0.1462  -0.5629  -0.0998   0.1355  -0.0928   0.0702
 -0.1413  -0.6087  -0.0955   0.2046  -0.0911   0.0870
 -0.1214  -0.6141  -0.0948   0.1786  -0.1010   0.0866
 -0.1188  -0.6059  -0.0847   0.1107  -0.0907   0.0547
 -0.1459  -0.6113  -0.1107   0.1549  -0.1154   0.0835
 -0.1412  -0.5738  -0.1112   0.1339  -0.1143   0.0966
 -0.1349  -0.6231  -0.0933   0.1335  -0.1085   0.0944
 -0.1588  -0.6236  -0.1411   0.1807  -0.1471   0.1307
 -0.0914  -0.6283  -0.1022   0.1062  -0.0996   0.0782
 -0.1219  -0.7350  -0.0825   0.1944  -0.1102   0.0608
 -0.1490  -0.7130  -0.0715   0.2022  -0.1115   0.0982
 -0.1574  -0.7088  -0.1065   0.1647  -0.1173   0.0777
 -0.1723  -0.7138  -0.0997   0.2266  -0.1259   0.1258
 -0.1690  -0.6650  -0.1051   0.1672  -0.1240   0.1253
