 -0.2882  -0.1463  -0.5910  -0.0842  -0.6449   0.0037
 -0.2734  -0.1779  -0.5887   0.0036  -0.6380   0.0489
 -0.2963  -0.1766  -0.6015  -0.0623  -0.6613   0.0012
 -0.2855  -0.2205  -0.5884   0.0091  -0.6455   0.1678
 -0.2981  -0.1859  -0.6015  -0.0308  -0.6576   0.1295
 -0.2850  -0.2402  -0.5766   0.0318  -0.6404   0.1460
 -0.2731  -0.1970  -0.5684   0.0083  -0.6210   0.0111
 -0.2451  -0.2312  -0.4979  -0.0122  -0.5613   0.0773
 -0.2227  -0.2493  -0.4476   0.1185  -0.5092  -0.0315
 -0.2107  -0.2107  -0.4525   0.0089  -0.4976   0.0834
 -0.1974  -0.2476  -0.4028   0.0669  -0.4574   0.1710
 -0.1851  -0.2491  -0.4001   0.1125  -0.4463   0.0523
 -0.1777  -0.2233  -0.3618   0.0193  -0.4187   0.2004
 -0.1617  -0.2709  -0.2989   0.2116  -0.3611   0.1525
 -0.1364  -0.2816  -0.2758   0.2439  -0.3417   0.1578
 -0.1607  -0.3118  -0.2576   0.2657  -0.3420   0.2469
 -0.1705  -0.3130  -0.3054   0.3152  -0.3729   0.2088
 -0.1830  -0.2845  -0.3060   0.2107  -0.3785   0.0937
 -0.1694  -0.2979  -0.2713   0.3482  -0.3418   0.1351
 -0.1696  -0.2513  -0.2624   0.2808  -0.3408   0.1432
 -0.1604  -0.2883  -0.2159   0.3276  -0.3130   0.3726
 -0.1538  -0.2739  -0.1786   0.4105  -0.2733   0.1943
 -0.1331  -0.2387  -0.1962   0.2511  -0.2667   0.1734
 -0.1328  -0.2590  -0.1473   0.2885  -0.2427   0.1420
 -0.1211  -0.2595  -0.1902   0.3240  -0.2488   0.1520
 -0.1652  -0.2530  -0.2229   0.2089  -0.3066   0.2377
 -0.1597  -0.2688  -0.2211   0.3165  -0.3032   0.2546
 -0.1610  -0.2419  -0.2086   0.1938  -0.3019   0.2087
 -0.1726  -0.2748  -0.2176   0.2965  -0.3149   0.2057
 -0.1305  -0.2621  -0.2156   0.3224  -0.2715   0.0822
 -0.0441  -0.1945  -0.1497   0.1082  -0.1701   0.1372
 -0.0864  -0.2423  -0.1164   0.2448  -0.1955   0.1471
 -0.0851  -0.2487  -0.1520   0.2662  -0.2098   0.0930
 -0.0831  -0.2252  -0.1655   0.1629  -0.2224   0.2738
 -0.0907  -0.2485  -0.1714   0.1500  -0.2319   0.2005
 -0.0676  -0.2643  -0.1756   0.2641  -0.2290   0.2653
 -0.0720  -0.2400  -0.1839   0.1815  -0.2367   0.2401
 -0.0705  -0.2335  -0.1737   0.1101  -0.2362   0.1148
 -0.0875  -0.2244  -0.1801   0.2047  -0.2560   0.2471
 -0.1226  -0.1893  -0.2184   0.1577  -0.3011   0.2257
 -0.1405  -0.2210  -0.2250   0.2507  -0.3125   0.0020
 -0.1834  -0.1937  -0.2704   0.1805  -0.3680   0.2571
 -0.1975  -0.1823  -0.2801   0.2517  -0.3758   0.1118
 -0.1980  -0.1824  -0.2253   0.1810  -0.3439   0.0753
 -0.1636  -0.1654  -0.2191   0.2651  -0.3056   0.0339
 -0.1341  -0.1220  -0.1539   0.1164  -0.2416   0.0937
 -0.1055  -0.1435  -0.0913   0.2653  -0.1743   0.0631
 -0.1871  -0.1401  -0.1837   0.1568  -0.2885   0.2752
 -0.3078   0.1102  -0.2521   0.0743  -0.4377  -0.0114
 -0.3103   0.1570  -0.2960   0.0800  -0.4573  -0.0135
 -0.3273   0.0637  -0.2928   0.1086  -0.4670  -0.0067
 -0.3517   0.0478  -0.3275   0.1179  -0.4980  -0.1977
 -0.3665   0.0378  -0.3336   0.1869  -0.5118   0.0123
 -0.3791  -0.0175  -0.3233   0.2828  -0.5140   0.1046
 -0.3688  -0.0245  -0.3275   0.2521  -0.5067   0.1225
 -0.3859  -0.0306  -0.3222   0.1889  -0.5221   0.0135
 -0.3866  -0.0509  -0.3337   0.2076  -0.5287  -0.1549
 -0.3569  -0.0592  -0.3125   0.2037  -0.4937   0.0337
 -0.3010  -0.0348  -0.2171   0.2868  -0.3900   0.1849
 -0.2822  -0.0703  -0.1699   0.3885  -0.3476   0.1051
 -0.2936  -0.0556  -0.1916   0.2199  -0.3588  -0.1609
 -0.2333  -0.0612  -0.2205   0.0880  -0.3217  -0.0008
 -0.1941  -0.0592  -0.1744   0.1112  -0.2681   0.2349
 -0.2443  -0.1024  -0.1854   0.2759  -0.3023   0.1341
 -0.2322  -0.1346  -0.2241   0.3885  -0.3072   0.0799
 -0.2206  -0.0895  -0.1905   0.1956  -0.2892   0.1412
 -0.1999  -0.1004  -0.1286   0.2266  -0.2360   0.1061
 -0.1795  -0.0912  -0.1465   0.3070  -0.2209   0.0645
 -0.1969  -0.0593  -0.1229   0.1650  -0.2326  -0.0754
 -0.2106  -0.0897  -0.1437   0.2666  -0.2548   0.1142
 -0.1932  -0.0440  -0.1382   0.1355  -0.2428   0.1848
 -0.1477  -0.0227  -0.0528   0.1026  -0.1499  -0.0533
 -0.1126  -0.0671  -0.0061   0.2916  -0.0966   0.0682
 -0.1545  -0.0142  -0.0495   0.1821  -0.1356   0.0082
 -0.1895  -0.0431  -0.0860   0.3250  -0.1957   0.1327
 -0.1747  -0.0172  -0.1049   0.1659  -0.2023  -0.0094
 -0.1782  -0.0374  -0.0770   0.2187  -0.1914  -0.1815
 -0.1898  -0.0595  -0.0982   0.2936  -0.2060   0.0543
 -0.1473  -0.0038  -0.0595   0.1561  -0.1931   0.0925
 -0.1841  -0.0204  -0.0309   0.3220  -0.1762  -0.0161
 -0.1777  -0.0173  -0.0585   0.2457  -0.1984   0.0731
 -0.1958  -0.0314  -0.0466   0.2198  -0.1959   0.0061
 -0.1997  -0.0244  -0.0511   0.3072  -0.2057  -0.0864
 -0.1917  -0.0176  -0.0399   0.2118  -0.2019   0.1098
 -0.2043  -0.0513  -0.0403   0.3224  -0.1934  -0.0902
 -0.1958  -0.0345  -0.0695   0.3211  -0.2031   0.0305
 -0.1399  -0.0126  -0.0129   0.1462  -0.1204  -0.0606
 -0.1863  -0.0287   0.0071   0.3246  -0.1508  -0.0061
 -0.1872  -0.0288   0.0071   0.3454  -0.1376  -0.1253
 -0.1493  -0.0085  -0.0022   0.2112  -0.1153  -0.0431
 -0.1163  -0.0237   0.0197   0.2939  -0.0785   0.0514
 -0.0842  -0.0080  -0.0034   0.1006  -0.0671  -0.0758
 -0.1276   0.0021   0.0541   0.1058  -0.0902   0.1571
 -0.1466   0.0231  -0.0094   0.1885  -0.1273   0.0010
 -0.1583   0.0164  -0.0131   0.1716  -0.1403   0.0761
 -0.1830   0.0446  -0.0358   0.0994  -0.1679  -0.1631
 -0.1745   0.0225  -0.0280   0.1898  -0.1614  -0.0387
 -0.1936   0.0416  -0.0282   0.1111  -0.1745  -0.1306
 -0.1883   0.0465  -0.0220   0.2089  -0.1671   0.0232
 -0.1261   0.0302   0.0156   0.1251  -0.0836  -0.1312
 -0.0957   0.0186   0.0292   0.1504  -0.0280  -0.0673
 -0.0730   0.0588   0.0213  -0.0157  -0.0142   0.0660
 -0.1058   0.0291   0.0465   0.1610  -0.0254   0.0495
 -0.0788   0.0257   0.0346   0.1664  -0.0258  -0.0338
 -0.0680   0.0287   0.0390  -0.0296  -0.0141  -0.0008
 -0.1000   0.0124   0.0655   0.1502  -0.0188   0.0299
  0.0983   0.0339   0.1741   0.1368   0.1982   0.0091
  0.1120   0.0181   0.2282  -0.0744   0.2492  -0.0999
  0.0902   0.0048   0.1703   0.0760   0.2423  -0.1108
  0.1795   0.0442   0.2425  -0.1343   0.3468  -0.0891
  0.1183   0.0081   0.2414   0.0150   0.2937   0.0417
  0.0503   0.0455   0.1630   0.0785   0.2023  -0.0272
  0.0347   0.0427   0.1265  -0.0379   0.1632  -0.0837
  0.0523   0.0186   0.1761   0.1076   0.2092  -0.0063
  0.0788   0.0548   0.1510  -0.0546   0.2103  -0.0792
  0.0576   0.0494   0.1772   0.0312   0.2024  -0.0889
  0.0767   0.0420   0.1597   0.0682   0.2216  -0.0405
  0.0854   0.0753   0.1459  -0.0196   0.2226  -0.1441
  0.0671   0.0428   0.1740   0.0101   0.2223   0.0029
  0.0884   0.0690   0.1562  -0.0611   0.2282  -0.1554
  0.0547   0.0782   0.1205  -0.0963   0.1743  -0.0645
  0.0439   0.0525   0.1279   0.0321   0.1711  -0.0913
  0.0485   0.0909   0.1179  -0.0798   0.1645  -0.0705
  0.0632   0.0698   0.1645  -0.0768   0.1915  -0.0468
  0.1653   0.0246   0.2194  -0.1100   0.3206  -0.0845
  0.1720   0.0668   0.1986  -0.1277   0.3108  -0.0957
  0.1666   0.0557   0.2246  -0.1015   0.3234  -0.1036
  0.1885   0.0672   0.2655  -0.0943   0.3506  -0.0325
  0.2393   0.0429   0.2371  -0.1046   0.3813  -0.1164
  0.4417   0.0003   0.3663  -0.2959   0.5757   0.0236
  0.3713  -0.0298   0.3470  -0.1773   0.5367  -0.1012
  0.3376   0.0112   0.2727  -0.1236   0.4819  -0.0520
  0.3797  -0.0038   0.3202  -0.2960   0.5149  -0.0190
  0.3637  -0.0317   0.3376  -0.0991   0.5147   0.0186
  0.3550   0.0043   0.3100  -0.3084   0.4908  -0.0502
  0.3831   0.0098   0.3341  -0.2607   0.5180   0.0529
  0.4148  -0.0017   0.3532  -0.2742   0.5564  -0.0863
  0.2619   0.0503   0.2959  -0.2130   0.4106   0.0617
  0.1356   0.0879   0.1347  -0.1156   0.2246  -0.0336
  0.2239   0.0236   0.2404  -0.2530   0.3319  -0.2040
  0.1350   0.0942   0.1325  -0.2026   0.2111  -0.0435
  0.1098   0.1509   0.0897  -0.2040   0.1663  -0.1666
  0.1002   0.1221   0.0922  -0.1603   0.1608  -0.1121
  0.0940   0.1674   0.0793  -0.2394   0.1514  -0.2075
  0.0947   0.1703   0.0940  -0.2383   0.1579  -0.1471
  0.1124   0.1609   0.1493  -0.2280   0.2037  -0.1052
  0.1348   0.1273   0.1975  -0.0887   0.2494  -0.1757
  0.1495   0.1629   0.1668  -0.2895   0.2486  -0.0989
  0.1443   0.1275   0.1889  -0.0866   0.2645  -0.2006
  0.1745   0.1502   0.1838  -0.2745   0.2788  -0.0695
  0.2088   0.1053   0.2514  -0.2010   0.3452  -0.0437
  0.2467   0.0935   0.2567  -0.2204   0.3856  -0.1635
  0.2667   0.1072   0.2690  -0.3536   0.3986  -0.0660
  0.3006   0.0641   0.2987  -0.2502   0.4416  -0.1320
  0.3307   0.0973   0.3085  -0.3388   0.4633   0.1013
  0.3407   0.0642   0.3223  -0.2116   0.4874  -0.0746
  0.3466   0.1495   0.3532  -0.4782   0.4893  -0.0686
  0.3350   0.1470   0.3520  -0.4016   0.4803  -0.1340
  0.2989   0.1288   0.2909  -0.3654   0.4230   0.0444
  0.1920   0.2386   0.1970  -0.3750   0.3021  -0.1945
  0.0689   0.5605   0.0002  -0.4725   0.0368  -0.1592
  0.0216   0.4460  -0.0423  -0.3624   0.0071  -0.2519
  0.0139   0.3844  -0.0653  -0.2733  -0.0042  -0.2397
 -0.0089   0.3351  -0.0837  -0.3113  -0.0383  -0.1234
 -0.0302   0.3161  -0.0969  -0.2233  -0.0589  -0.2544
 -0.0259   0.2605  -0.0942  -0.1321  -0.0521   0.0360
 -0.0517   0.2826  -0.1050  -0.1783  -0.0775  -0.2249
 -0.0467   0.2704  -0.1047  -0.1320  -0.0719  -0.1853
 -0.0311   0.2518  -0.0673  -0.1651  -0.0332  -0.2307
  0.0051   0.2486  -0.0558  -0.0699   0.0278  -0.0600
  0.0195   0.2528  -0.0285  -0.1309   0.0522  -0.1213
  0.0827   0.2034   0.0491  -0.1109   0.1347  -0.0735
  0.1095   0.2096   0.1066  -0.2057   0.1787  -0.0891
  0.1021   0.2210   0.1036  -0.3085   0.1737  -0.0744
  0.3190   0.1582   0.2689  -0.1858   0.4513  -0.0127
  0.3092   0.1966   0.2763  -0.2267   0.4579   0.0693
  0.2301   0.1921   0.2085  -0.2554   0.3558  -0.0465
  0.2405   0.1688   0.2225  -0.1868   0.3584  -0.1251
  0.2800   0.1884   0.2976  -0.4249   0.3938  -0.1299
  0.3346   0.1388   0.3933  -0.1940   0.4885   0.1370
  0.3465   0.1801   0.3417  -0.3945   0.4905  -0.1651
  0.3354   0.1437   0.3400  -0.2547   0.4972   0.0454
  0.3823   0.1429   0.3379  -0.3680   0.5377  -0.1427
  0.4038   0.1469   0.3750  -0.4821   0.5546  -0.0885
  0.3856   0.1342   0.3921  -0.3903   0.5568  -0.2243
  0.4026   0.1486   0.3770  -0.4648   0.5576  -0.0781
  0.4135   0.1224   0.3790  -0.4723   0.5617   0.0646
  0.4349   0.0974   0.3697  -0.3436   0.5885   0.0826
  0.4415   0.1447   0.4058  -0.5712   0.5996  -0.0779
  0.4755   0.0947   0.4411  -0.3398   0.6503   0.0423
  0.4534   0.1486   0.4099  -0.5654   0.6049  -0.1007
  0.4322   0.1170   0.3433  -0.4084   0.5582   0.0863
  0.4007   0.1475   0.3118  -0.4980   0.5085  -0.0474
  0.3972   0.1127   0.3171  -0.3275   0.5206  -0.1404
  0.4093   0.1509   0.2963  -0.3422   0.5294  -0.0533
  0.3966   0.1531   0.3648  -0.3544   0.5470  -0.1593
  0.4064   0.1312   0.3702  -0.2303   0.5684  -0.1391
  0.4094   0.1501   0.3580  -0.3161   0.5492  -0.0105
  0.3923   0.1579   0.3922  -0.4178   0.5484  -0.0856
  0.4056   0.1257   0.3978  -0.2810   0.5722  -0.1199
