  0.0242   0.1440  -0.2730  -0.4878  -0.2343  -0.3104
  0.0130   0.1231  -0.2425  -0.4238  -0.2712  -0.2827
  0.0658   0.1289  -0.1993  -0.5012  -0.1899  -0.2858
  0.0147   0.1758  -0.2017  -0.4600  -0.2203  -0.2796
 -0.0115   0.2050  -0.2162  -0.4299  -0.2587  -0.2936
 -0.0281   0.2070  -0.1956  -0.4500  -0.2501  -0.1223
 -0.0365   0.2032  -0.1908  -0.3832  -0.2802  -0.2124
 -0.0321   0.2055  -0.1930  -0.3627  -0.2863  -0.1972
 -0.0451   0.2163  -0.1916  -0.4006  -0.2989  -0.1029
 -0.0560   0.2045  -0.1815  -0.3781  -0.3048  -0.1720
 -0.0504   0.1771  -0.1915  -0.3001  -0.2839  -0.2498
 -0.0323   0.2146  -0.1588  -0.3830  -0.2284  -0.0849
 -0.0386   0.1817  -0.1473  -0.3266  -0.2157  -0.0935
 -0.0229   0.1837  -0.1365  -0.3309  -0.1950  -0.1656
 -0.0299   0.1986  -0.1326  -0.3317  -0.2078  -0.0590
 -0.0233   0.1595  -0.1240  -0.2550  -0.1838  -0.1684
 -0.0154   0.1590  -0.1311  -0.2839  -0.1841  -0.1334
 -0.0206   0.1961  -0.1095  -0.3179  -0.1652   0.0006
 -0.0223   0.1841  -0.1121  -0.2610  -0.1623  -0.1157
 -0.0328   0.1940  -0.1225  -0.3052  -0.1731  -0.0580
 -0.0297   0.1813  -0.1131  -0.2477  -0.1703  -0.0715
 -0.0181   0.1690  -0.1071  -0.2448  -0.1404  -0.1243
 -0.0118   0.1792  -0.0929  -0.2847  -0.1276  -0.0194
 -0.0099   0.1608  -0.0875  -0.2334  -0.1162  -0.1205
 -0.0234   0.1772  -0.1016  -0.2958  -0.1314  -0.0802
 -0.0259   0.1693  -0.0980  -0.2790  -0.1183  -0.0789
 -0.0155   0.1524  -0.1186  -0.2720  -0.1263  -0.1536
 -0.0169   0.1865  -0.0932  -0.3109  -0.1230   0.0176
 -0.0069   0.1439  -0.0856  -0.2281  -0.0903  -0.0867
 -0.0068   0.1399  -0.1067  -0.2439  -0.1175  -0.1414
 -0.0192   0.1637  -0.0983  -0.2721  -0.1248   0.0305
 -0.0316   0.1410  -0.1056  -0.1980  -0.1256  -0.0826
 -0.0217   0.1488  -0.1059  -0.2368  -0.1185  -0.0669
 -0.0337   0.1561  -0.1093  -0.2297  -0.1276  -0.0076
 -0.0259   0.1215  -0.1165  -0.2023  -0.1223  -0.0910
 -0.0466   0.1145  -0.1417  -0.2317  -0.1795   0.0153
 -0.0350   0.0623  -0.1466  -0.1873  -0.1612  -0.0974
 -0.0378   0.1045  -0.1346  -0.2437  -0.1653   0.0218
 -0.0444   0.1165  -0.1307  -0.2200  -0.1540   0.0341
 -0.0363   0.0980  -0.1350  -0.2056  -0.1547  -0.1153
 -0.0435   0.1191  -0.1291  -0.2266  -0.1766  -0.0073
 -0.0044   0.0591  -0.1074  -0.1618  -0.1283   0.0257
 -0.0048   0.0224  -0.1111  -0.1397  -0.1286  -0.0241
 -0.0166  -0.0143  -0.1139  -0.1539  -0.1212  -0.0583
 -0.0253  -0.0027  -0.0781  -0.1813  -0.0878   0.1573
 -0.0262   0.0138  -0.0764  -0.1497  -0.0949   0.0317
 -0.0345   0.0355  -0.1010  -0.1461  -0.1124  -0.0236
 -0.0351   0.0498  -0.0868  -0.1612  -0.1026   0.1556
 -0.0327   0.0489  -0.0821  -0.1109  -0.0869   0.0369
 -0.0299   0.0547  -0.0913  -0.1504  -0.0864  -0.0180
 -0.0321   0.0729  -0.0670  -0.1622  -0.0843   0.1448
 -0.0315   0.0499  -0.0675  -0.1184  -0.0797   0.0300
 -0.0292   0.0645  -0.0650  -0.1572  -0.0735   0.0603
 -0.0217   0.0679  -0.0599  -0.1164  -0.0764   0.0658
 -0.0120   0.0543  -0.0465  -0.1179  -0.0794   0.0461
 -0.0092   0.0729  -0.0409  -0.1303  -0.0709   0.1024
  0.0051   0.0255  -0.0386  -0.0769  -0.0389  -0.0358
 -0.0068   0.0549  -0.0414  -0.1521  -0.0473   0.0971
 -0.0194   0.0517  -0.0415  -0.1393  -0.0490   0.0985
 -0.0241   0.0434  -0.0550  -0.1593  -0.0739   0.0427
 -0.0293   0.0554  -0.0493  -0.1540  -0.0862   0.0726
 -0.0243   0.0436  -0.0466  -0.1263  -0.0700  -0.0024
 -0.0305   0.0595  -0.0695  -0.1085  -0.1113   0.1419
 -0.0119   0.0392  -0.0590  -0.0279  -0.1329   0.1500
 -0.0176   0.0261  -0.0224  -0.0473  -0.1118  -0.0382
 -0.0157   0.0093  -0.0243  -0.0380  -0.0906  -0.0190
 -0.0192   0.0250  -0.0241  -0.0334  -0.0840   0.1000
 -0.0093  -0.0088  -0.0333   0.0005  -0.0596  -0.0959
 -0.0267  -0.0208  -0.0346  -0.0216  -0.1034   0.0499
 -0.0223   0.0165  -0.0194  -0.0233  -0.0855   0.0298
 -0.0292   0.0221  -0.0185  -0.0392  -0.0845  -0.0262
 -0.0273   0.0194  -0.0183  -0.0055  -0.0807   0.0408
 -0.0250   0.0225  -0.0129  -0.0390  -0.0561  -0.0442
 -0.0206   0.0362   0.0007  -0.0417  -0.0487  -0.0035
  0.0137   0.0008  -0.0261  -0.0323  -0.0072  -0.2028
 -0.0023   0.0311  -0.0045  -0.0519  -0.0090   0.0948
 -0.0004   0.0105   0.0005   0.0033  -0.0025  -0.0151
 -0.0088   0.0216  -0.0025  -0.0474  -0.0268  -0.0227
 -0.0129   0.0323  -0.0095  -0.0269  -0.0325   0.0277
 -0.0014  -0.0335  -0.0141  -0.0061  -0.0171  -0.0909
  0.0000  -0.0007  -0.0130  -0.0571  -0.0067   0.0023
  0.0034  -0.0068  -0.0038  -0.0152   0.0003   0.0608
 -0.0021   0.0087  -0.0319  -0.0223  -0.0183  -0.1208
 -0.0129  -0.0065  -0.0246  -0.0454  -0.0246  -0.0833
 -0.0067   0.0024  -0.0019  -0.0176  -0.0071   0.0429
 -0.0044  -0.0205  -0.0052  -0.0062   0.0042  -0.0759
  0.0039   0.0144   0.0080   0.0035   0.0193   0.0071
 -0.0056   0.0029  -0.0044  -0.0187  -0.0092  -0.0970
 -0.0190  -0.0362  -0.0230   0.0172  -0.0219  -0.0631
 -0.0156  -0.0283  -0.0276  -0.0130  -0.0028  -0.0772
 -0.0235  -0.0279  -0.0186  -0.0239   0.0269   0.0547
 -0.0281  -0.0311  -0.0222   0.0219  -0.0078  -0.0603
 -0.0166  -0.0418  -0.0289   0.0430  -0.0035  -0.1577
 -0.0308  -0.0178  -0.0197   0.0027  -0.0168   0.0292
 -0.0180  -0.0256  -0.0224  -0.0302  -0.0209  -0.1001
 -0.0107  -0.0226  -0.0128  -0.0346   0.0146  -0.0499
 -0.0122   0.0093   0.0028  -0.0048   0.0333   0.0623
 -0.0146  -0.0062  -0.0030   0.0123   0.0233  -0.0354
 -0.0219  -0.0033   0.0037  -0.0034   0.0233   0.0212
 -0.0205  -0.0164   0.0031   0.0284   0.0197   0.0040
 -0.0196  -0.0202   0.0145   0.0561   0.0220   0.0186
 -0.0205  -0.0250   0.0214   0.0696   0.0270   0.0444
 -0.0120   0.0008   0.0210   0.0488   0.0520   0.0737
 -0.0175  -0.0309   0.0284   0.0676   0.0428  -0.0009
 -0.0081  -0.0754   0.0213   0.1103   0.0207  -0.0407
 -0.0208  -0.0571   0.0344   0.0707   0.0176   0.0984
 -0.0256  -0.0495   0.0390   0.0921   0.0221   0.0399
 -0.0102  -0.0682   0.0544   0.1035   0.0557  -0.0514
 -0.0141  -0.0368   0.0569   0.0780   0.0493   0.0974
 -0.0200  -0.0328   0.0565   0.0827   0.0319   0.0118
 -0.0187  -0.0553   0.0479   0.0765   0.0177  -0.0696
 -0.0275  -0.0454   0.0426   0.0616  -0.0026   0.0353
 -0.0192  -0.0765   0.0438   0.0945   0.0112  -0.0408
 -0.0141  -0.0929   0.0403   0.0607   0.0141   0.0291
 -0.0209  -0.0584   0.0443   0.0666   0.0063   0.0809
 -0.0340  -0.0698   0.0200   0.0763  -0.0285  -0.0601
 -0.0300  -0.0477   0.0261   0.0488  -0.0390  -0.0139
 -0.0306  -0.0323   0.0356   0.0691  -0.0201   0.0976
 -0.0230  -0.0380   0.0395   0.0742  -0.0165  -0.0359
 -0.0175  -0.0299   0.0549   0.0781  -0.0047   0.0393
 -0.0131  -0.0225   0.0606   0.0803   0.0004   0.0085
 -0.0024  -0.0600   0.0602   0.1041   0.0293  -0.0591
  0.0001  -0.0393   0.0718   0.0575   0.0408   0.0620
 -0.0022  -0.0616   0.0706   0.0862   0.0579   0.0415
  0.0198  -0.0758   0.0652   0.0927   0.0722  -0.1269
  0.0138  -0.0463   0.0716   0.0738   0.0666   0.0497
  0.0091  -0.0497   0.0773   0.1221   0.0517   0.0170
  0.0094  -0.0426   0.0750   0.1013   0.0551   0.0003
  0.0078  -0.0528   0.0725   0.1091   0.0564  -0.0026
  0.0085  -0.0420   0.0867   0.0897   0.0611   0.0154
  0.0205  -0.0943   0.0873   0.1320   0.0738   0.0037
  0.0185  -0.0635   0.0693   0.0805   0.0624  -0.0291
  0.0358  -0.0499   0.0807   0.0763   0.0903  -0.0174
  0.0260  -0.0774   0.0850   0.1179   0.0838  -0.0258
  0.0280  -0.0745   0.0738   0.0956   0.0764  -0.0553
  0.0226  -0.0614   0.0911   0.0913   0.0829   0.0837
  0.0256  -0.0796   0.0810   0.1378   0.0630  -0.0307
  0.0229  -0.0893   0.0677   0.1399   0.0500  -0.0862
  0.0214  -0.0582   0.0864   0.0955   0.0663   0.0690
  0.0248  -0.0725   0.0961   0.1130   0.0923   0.0442
  0.0345  -0.0975   0.0923   0.1541   0.1306  -0.0666
  0.0393  -0.0814   0.0987   0.0968   0.1187   0.0497
  0.0338  -0.0735   0.0985   0.1203   0.1275   0.1102
  0.0343  -0.0925   0.0982   0.1684   0.1332  -0.0053
  0.0397  -0.0845   0.1023   0.1387   0.1193   0.0246
  0.0349  -0.0698   0.1049   0.1193   0.1145   0.1082
  0.0336  -0.1027   0.0943   0.1768   0.1076   0.0222
  0.0502  -0.1217   0.0921   0.1595   0.1383  -0.0240
  0.0401  -0.0819   0.0945   0.1333   0.1390   0.1307
  0.0367  -0.0817   0.0859   0.1622   0.1193   0.0523
  0.0353  -0.0719   0.0928   0.1429   0.1130   0.0394
  0.0303  -0.0661   0.0915   0.1651   0.1062   0.0797
  0.0450  -0.1019   0.0858   0.2178   0.1361   0.0071
  0.0437  -0.0771   0.0924   0.1527   0.1267   0.0557
  0.0386  -0.0756   0.0807   0.1616   0.1244   0.0979
  0.0440  -0.1028   0.0823   0.2020   0.1345  -0.0452
  0.0372  -0.0804   0.0848   0.1465   0.1064   0.0378
  0.0415  -0.0682   0.0957   0.1606   0.1205   0.0992
  0.0405  -0.0934   0.0925   0.2231   0.1174   0.0069
  0.0397  -0.0802   0.0846   0.1801   0.1169   0.0546
  0.0352  -0.0870   0.0873   0.2027   0.1136   0.0777
  0.0381  -0.0979   0.0874   0.1751   0.1281   0.0150
  0.0399  -0.0893   0.0980   0.1909   0.1367   0.0671
  0.0487  -0.0949   0.1008   0.2016   0.1538   0.0133
  0.0429  -0.0714   0.0977   0.1879   0.1578   0.1004
  0.0419  -0.0945   0.0842   0.2284   0.1580   0.0107
  0.0374  -0.0623   0.0935   0.1683   0.1531   0.1235
  0.0380  -0.0798   0.0944   0.2221   0.1587   0.0654
  0.0488  -0.0866   0.1029   0.1894   0.1803   0.0609
  0.0520  -0.0816   0.1117   0.2171   0.1883   0.1129
  0.0511  -0.0914   0.1021   0.2182   0.1928   0.0378
  0.0498  -0.0799   0.1099   0.2129   0.1908   0.1076
  0.0558  -0.0875   0.1087   0.2382   0.2012   0.0523
  0.0567  -0.0738   0.1094   0.2180   0.1955   0.1035
  0.0381  -0.0840   0.0933   0.2510   0.1719   0.0248
  0.0376  -0.0998   0.0929   0.2264   0.1701   0.0249
  0.0343  -0.0729   0.1019   0.2060   0.1798   0.1496
  0.0318  -0.0950   0.0989   0.2519   0.1779   0.0399
  0.0317  -0.0784   0.1075   0.2117   0.1790   0.1089
  0.0295  -0.0821   0.1022   0.2306   0.1762   0.0724
  0.0425  -0.1007   0.0994   0.2391   0.1906  -0.0013
  0.0320  -0.0692   0.1054   0.2125   0.1790   0.1479
  0.0241  -0.0964   0.0903   0.2570   0.1674   0.0333
  0.0191  -0.0881   0.0929   0.1929   0.1595   0.0910
  0.0177  -0.0732   0.0804   0.2459   0.1542   0.0655
  0.0107  -0.0781   0.0779   0.2147   0.1337   0.0551
  0.0120  -0.0748   0.0828   0.2341   0.1421   0.0840
  0.0159  -0.0957   0.0566   0.2336   0.1367  -0.0267
  0.0124  -0.0684   0.0594   0.1988   0.0984   0.1264
  0.0135  -0.1070   0.0641   0.2709   0.1131  -0.0092
  0.0107  -0.0772   0.0569   0.2261   0.1119   0.1137
  0.0064  -0.0692   0.0666   0.2335   0.1194   0.1104
  0.0088  -0.1024   0.0598   0.2837   0.1240   0.0414
  0.0165  -0.0697   0.0728   0.2301   0.1310   0.1235
  0.0146  -0.0975   0.0829   0.2998   0.1397   0.0771
  0.0181  -0.0907   0.0742   0.2529   0.1375   0.0762
  0.0091  -0.1048   0.0834   0.2608   0.1372   0.1486
  0.0163  -0.1306   0.0797   0.2997   0.1572   0.0346
  0.0268  -0.0958   0.0795   0.2471   0.1598   0.1702
  0.0319  -0.1460   0.0669   0.3068   0.1520   0.0835
