 -0.2389   0.3509  -0.1126  -0.0248  -0.1437   0.1822
 -0.2321   0.3303  -0.1119  -0.0073  -0.1381   0.1724
 -0.2373   0.3251  -0.1190   0.0181  -0.1534   0.1740
 -0.2431   0.3298  -0.1282   0.0069  -0.1636   0.1691
 -0.2708   0.3142  -0.1273   0.0405  -0.1658   0.1645
 -0.2801   0.3345  -0.1324   0.0456  -0.1790   0.1398
 -0.2716   0.3289  -0.1230  -0.0063  -0.1756   0.1578
 -0.2670   0.3319  -0.1226  -0.0059  -0.1702   0.1552
 -0.2687   0.3362  -0.1154   0.0242  -0.1635   0.1582
 -0.2752   0.3473  -0.1096  -0.0047  -0.1676   0.1517
 -0.2600   0.3488  -0.1113  -0.0242  -0.1703   0.1384
 -0.2609   0.3307  -0.1112  -0.0315  -0.1629   0.1559
 -0.2610   0.3371  -0.1136   0.0061  -0.1581   0.1455
 -0.2629   0.3429  -0.1059  -0.0105  -0.1558   0.1597
 -0.2573   0.3521  -0.0951  -0.0482  -0.1580   0.1485
 -0.2513   0.3536  -0.0968  -0.0358  -0.1544   0.1383
 -0.2571   0.3538  -0.0955  -0.0438  -0.1511   0.1457
 -0.2580   0.3625  -0.0976  -0.0497  -0.1551   0.1432
 -0.2618   0.3436  -0.1003  -0.0468  -0.1470   0.1438
 -0.2653   0.3471  -0.1030  -0.0128  -0.1532   0.1221
 -0.2567   0.3540  -0.0910  -0.0342  -0.1554   0.1115
 -0.2542   0.3559  -0.0933  -0.0831  -0.1614   0.1102
 -0.2559   0.3344  -0.1006  -0.0483  -0.1518   0.1176
 -0.2542   0.3602  -0.0899  -0.0757  -0.1466   0.1269
 -0.2537   0.3347  -0.0946  -0.0664  -0.1584   0.1132
 -0.2506   0.3232  -0.0840  -0.0313  -0.1507   0.1161
 -0.2273   0.3327  -0.0709  -0.0680  -0.1400   0.1296
 -0.2217   0.3262  -0.0767  -0.0868  -0.1406   0.1446
 -0.2032   0.3163  -0.0591  -0.0554  -0.1311   0.1139
 -0.2141   0.3368  -0.0650  -0.0705  -0.1286   0.1257
 -0.2087   0.3446  -0.0601  -0.0805  -0.1246   0.1251
 -0.2008   0.3103  -0.0591  -0.0536  -0.1272   0.1195
 -0.2057   0.3080  -0.0628  -0.0307  -0.1198   0.1144
 -0.2239   0.3280  -0.0584  -0.0323  -0.1127   0.1159
 -0.2140   0.3887  -0.0439  -0.0614  -0.1069   0.1016
 -0.2281   0.5115  -0.0399   0.0159  -0.0787   0.0197
 -0.2428   0.3115  -0.0550   0.3901  -0.0656   0.2182
 -0.0772  -1.0912   0.1108   1.3324  -0.2141   0.2944
 -0.1654  -0.5444  -0.0412   0.8493  -0.1783   0.1920
 -0.1181  -0.2657  -0.0310   0.7225  -0.1115   0.1013
 -0.1449  -0.2229  -0.0640   0.7007  -0.1067   0.0890
 -0.1343  -0.2240  -0.0518   0.6512  -0.0974   0.0972
 -0.1235  -0.1806  -0.0501   0.5740  -0.1034   0.0964
 -0.1279  -0.1705  -0.0512   0.5621  -0.1040   0.1010
 -0.1481  -0.1721  -0.0596   0.5620  -0.1092   0.0955
 -0.1407  -0.1389  -0.0550   0.5425  -0.0982   0.0947
 -0.1325  -0.1189  -0.0589   0.5289  -0.0922   0.0972
 -0.1340  -0.1161  -0.0592   0.4925  -0.0927   0.0899
 -0.1393  -0.1090  -0.0555   0.5064  -0.1028   0.0811
 -0.1304  -0.0954  -0.0459   0.5020  -0.0832   0.0851
 -0.1302  -0.0702  -0.0478   0.4843  -0.0874   0.0837
 -0.1256  -0.0602  -0.0472   0.4615  -0.0820   0.0793
 -0.1201  -0.0510  -0.0492   0.4489  -0.0803   0.0814
 -0.1261  -0.0525  -0.0477   0.4560  -0.0724   0.0752
 -0.1314  -0.0624  -0.0595   0.4814  -0.0854   0.0727
 -0.1386  -0.0470  -0.0674   0.4689  -0.0879   0.0746
 -0.1591  -0.0228  -0.0776   0.4992  -0.0833   0.0588
 -0.3389   0.1192  -0.1779   0.6356  -0.1155   0.0089
 -0.3774   0.1530  -0.1677   0.6394  -0.1211  -0.0100
 -0.3356   0.1380  -0.1632   0.5921  -0.1079  -0.0030
 -0.3034   0.1290  -0.1481   0.5523  -0.1107  -0.0095
 -0.3444   0.1572  -0.1526   0.6416  -0.0827  -0.0383
 -0.3542   0.2164  -0.1724   0.6215  -0.0741  -0.0345
 -0.3352   0.2212  -0.1630   0.5607  -0.0812  -0.0283
 -0.3327   0.2044  -0.1606   0.5706  -0.0708  -0.0233
 -0.3332   0.2056  -0.1517   0.6119  -0.0496  -0.0240
 -0.3345   0.1709  -0.1651   0.5965  -0.0754  -0.0201
 -0.3334   0.1841  -0.1761   0.5691  -0.0752  -0.0178
 -0.3464   0.1685  -0.1885   0.6059  -0.0942  -0.0266
 -0.3384   0.1734  -0.1772   0.6569  -0.0994  -0.0307
 -0.3342   0.1942  -0.1698   0.6161  -0.0971  -0.0411
 -0.3362   0.1850  -0.1830   0.5904  -0.1014  -0.0343
 -0.3361   0.1571  -0.1949   0.6320  -0.1037  -0.0347
 -0.3374   0.1740  -0.1896   0.6357  -0.1072  -0.0427
 -0.3381   0.2054  -0.1826   0.5997  -0.1069  -0.0474
 -0.3614   0.2582  -0.1749   0.6884  -0.0980  -0.0630
 -0.3543   0.2484  -0.1679   0.6338  -0.1043  -0.0682
 -0.3593   0.2460  -0.1890   0.6016  -0.1057  -0.0684
 -0.3727   0.2410  -0.1841   0.6339  -0.1024  -0.0760
 -0.3765   0.2290  -0.1952   0.6600  -0.1041  -0.0782
 -0.3547   0.2447  -0.1821   0.6294  -0.1039  -0.0601
 -0.3475   0.2342  -0.1737   0.6268  -0.1059  -0.0599
 -0.3652   0.2112  -0.1819   0.6906  -0.1058  -0.0542
 -0.2988   0.0459  -0.1608   0.6945  -0.0934  -0.0240
 -0.3081   0.0899  -0.1671   0.6645  -0.0954  -0.0329
 -0.3156   0.1015  -0.1860   0.6630  -0.1038  -0.0374
 -0.3289   0.1166  -0.1894   0.6554  -0.1087  -0.0477
 -0.3367   0.1228  -0.1875   0.6252  -0.1175  -0.0425
 -0.3315   0.1145  -0.1899   0.6127  -0.1170  -0.0474
 -0.3334   0.1152  -0.1855   0.6641  -0.1193  -0.0536
 -0.3344   0.1326  -0.1779   0.6149  -0.1197  -0.0495
 -0.3499   0.1453  -0.1966   0.6284  -0.1275  -0.0528
 -0.3840   0.1439  -0.2079   0.7312  -0.1195  -0.0672
 -0.4093   0.2324  -0.2264   0.7001  -0.1380  -0.0804
 -0.3909   0.2378  -0.2164   0.6574  -0.1264  -0.0784
 -0.3767  -0.0020  -0.2271   0.7149  -0.1313  -0.0129
 -0.3839  -0.3240  -0.2202   0.9487  -0.1260   0.0541
 -0.4069  -0.1371  -0.2397   0.8910  -0.1504  -0.0035
 -0.3802  -0.0716  -0.2216   0.8049  -0.1391  -0.0110
 -0.3835  -0.0636  -0.2356   0.8185  -0.1540  -0.0274
 -0.3768  -0.0721  -0.2425   0.7610  -0.1703  -0.0369
 -0.3612  -0.0122  -0.2411   0.7140  -0.1655  -0.0267
 -0.3772  -0.0001  -0.2383   0.7005  -0.1706  -0.0339
 -0.3515   0.0071  -0.2182   0.6502  -0.1476  -0.0355
 -0.3491  -0.0852  -0.2301   0.7717  -0.1709   0.0379
 -0.4072  -0.0077  -0.3637   0.2676  -0.3205   0.0246
 -0.2170   0.1972  -0.2226   0.0496  -0.1907  -0.0187
 -0.1586   0.1889  -0.1523  -0.1102  -0.1555  -0.0278
 -0.1703   0.2181  -0.1636  -0.1132  -0.1373  -0.0471
 -0.1920   0.2123  -0.1726  -0.0376  -0.1261  -0.0544
 -0.1787   0.2063  -0.1614  -0.0265  -0.1108  -0.0286
 -0.1904   0.1494  -0.1402  -0.0098  -0.1129  -0.0126
 -0.2041   0.1157  -0.1598   0.0744  -0.1309  -0.0251
 -0.2480   0.1239  -0.1766   0.1244  -0.1549  -0.0405
 -0.2898   0.1251  -0.2078   0.1443  -0.1484  -0.0391
 -0.3113   0.1306  -0.1943   0.2105  -0.1275  -0.0575
 -0.3224   0.1362  -0.2149   0.2958  -0.1331  -0.0646
 -0.3251   0.1462  -0.2359   0.2982  -0.1266  -0.0664
 -0.3083   0.1353  -0.2294   0.2789  -0.1329  -0.0607
 -0.2361  -0.0117  -0.1815   0.2880  -0.0886   0.0136
 -0.2148   0.0184  -0.1748   0.2927  -0.0778  -0.0036
 -0.2014   0.0428  -0.1724   0.2845  -0.0619  -0.0200
 -0.2014   0.0500  -0.1895   0.2657  -0.0682  -0.0338
 -0.1859   0.0833  -0.1719   0.2513  -0.0642  -0.0456
 -0.2066   0.2701  -0.1613   0.1290  -0.0573  -0.0682
 -0.2300   0.4466  -0.2047  -0.0408  -0.0873  -0.0789
 -0.2794   0.4124  -0.1910  -0.0477  -0.0686  -0.1036
 -0.2723   0.3909  -0.1487  -0.0769  -0.0550  -0.1041
 -0.2663   0.3900  -0.1266  -0.0867  -0.0585  -0.1013
 -0.2550   0.4058  -0.1313  -0.0741  -0.0684  -0.1008
 -0.2394   0.4073  -0.1396  -0.0761  -0.0670  -0.0838
 -0.2244   0.4050  -0.1287  -0.0985  -0.0619  -0.0841
 -0.2398   0.3688  -0.1380  -0.0464  -0.0775  -0.0926
 -0.2332   0.3610  -0.1425  -0.0347  -0.0774  -0.0912
 -0.2198   0.3599  -0.1305  -0.0645  -0.0692  -0.0909
 -0.2306   0.3617  -0.1366  -0.0635  -0.0639  -0.0941
 -0.2277   0.3284  -0.1374  -0.0330  -0.0647  -0.0920
 -0.2249   0.3266  -0.1345  -0.0226  -0.0717  -0.0833
 -0.2107   0.2883  -0.1346   0.0526  -0.0565  -0.0538
 -0.1682  -0.2354  -0.0687   0.3583  -0.0770  -0.0010
 -0.1591  -0.1072  -0.0980   0.2257  -0.0692  -0.0368
 -0.1704  -0.0770  -0.1284   0.2483  -0.0878  -0.0555
 -0.1675  -0.0602  -0.1269   0.2638  -0.0890  -0.0461
 -0.1603  -0.0503  -0.1174   0.2408  -0.0745  -0.0420
 -0.1572  -0.0279  -0.1211   0.2080  -0.0809  -0.0495
 -0.1631  -0.0074  -0.1404   0.1855  -0.0854  -0.0540
 -0.1623  -0.0020  -0.1344   0.1535  -0.0875  -0.0560
 -0.1537  -0.0042  -0.1189   0.1417  -0.0778  -0.0614
 -0.1628  -0.0026  -0.1314   0.1704  -0.0966  -0.0650
 -0.1665   0.0168  -0.1285   0.1666  -0.0881  -0.0629
 -0.1650   0.0184  -0.1340   0.1502  -0.0880  -0.0583
 -0.2141   0.0136  -0.1792   0.2083  -0.1246  -0.0730
 -0.6605   0.2149  -0.5506   0.4327  -0.3375  -0.1582
 -0.5307   0.1480  -0.5467   0.3529  -0.2686  -0.1490
 -0.4606   0.1133  -0.4840   0.2982  -0.2585  -0.1414
 -0.4258   0.0785  -0.4448   0.3398  -0.2352  -0.1405
 -0.4077   0.0890  -0.4340   0.3581  -0.2240  -0.1335
 -0.3970   0.0803  -0.4081   0.3423  -0.2198  -0.1193
 -0.3949   0.0842  -0.3999   0.3206  -0.2104  -0.1342
 -0.3834   0.0742  -0.4223   0.3330  -0.2280  -0.1273
 -0.3598   0.1141  -0.3935   0.3339  -0.2092  -0.1196
 -0.2854  -0.1396  -0.3894   0.3779  -0.1965  -0.0242
 -0.1609  -0.7815  -0.2566   0.5560  -0.1959   0.0968
 -0.1134  -0.6418  -0.1929   0.3872  -0.1659   0.0463
 -0.0878  -0.5453  -0.1786   0.3392  -0.1493   0.0245
 -0.1009  -0.5062  -0.2003   0.3257  -0.1577   0.0170
 -0.1039  -0.6453  -0.1802   0.4863  -0.1717   0.0383
 -0.0982  -0.5174  -0.1850   0.4083  -0.1515   0.0231
 -0.0700  -0.4317  -0.1704   0.2948  -0.1328   0.0125
 -0.0603  -0.4281  -0.1752   0.2669  -0.1292  -0.0067
 -0.0786  -0.3937  -0.1777   0.2970  -0.1265  -0.0040
 -0.0686  -0.3548  -0.1655   0.2543  -0.1138   0.0035
 -0.0658  -0.3401  -0.1692   0.2367  -0.1208  -0.0066
 -0.0653  -0.3611  -0.1662   0.2482  -0.1392  -0.0139
 -0.0542  -0.3108  -0.1670   0.1989  -0.1267  -0.0125
 -0.0330  -0.2668  -0.1598   0.1512  -0.1151  -0.0158
 -0.0312  -0.2819  -0.1375   0.1921  -0.1182  -0.0267
  0.0277  -0.2272  -0.0784   0.1825  -0.0699  -0.0048
  0.0143  -0.2433  -0.1173   0.1495  -0.0982  -0.0119
 -0.0009  -0.2696  -0.1260   0.2010  -0.1225  -0.0170
 -0.0023  -0.2427  -0.1140   0.1597  -0.1058  -0.0256
  0.0106  -0.2399  -0.1036   0.1698  -0.0787  -0.0205
  0.0429  -0.2408  -0.0963   0.1886  -0.0604   0.0039
  0.0330  -0.2248  -0.0994   0.1960  -0.0601   0.0070
  0.0580  -0.2201  -0.0732   0.1216  -0.0272   0.0077
  0.0437  -0.2455  -0.0868   0.1342  -0.0357  -0.0199
  0.0365  -0.2482  -0.0977   0.1805  -0.0417  -0.0214
  0.0227  -0.1960  -0.0522   0.2125  -0.0330  -0.0144
  0.0166  -0.1838  -0.0436   0.1979  -0.0196  -0.0117
  0.0470  -0.1864  -0.0399   0.1893  -0.0359  -0.0143
  0.0364  -0.1795  -0.0440   0.1702  -0.0401  -0.0157
  0.0409  -0.1764  -0.0466   0.1429  -0.0482  -0.0174
  0.0661  -0.1781  -0.0404   0.1279  -0.0643  -0.0185
  0.0786  -0.1634  -0.0363   0.1184  -0.0380  -0.0176
  0.1001  -0.1425  -0.0318   0.0661  -0.0139  -0.0428
  0.1228  -0.1201  -0.0272   0.0550  -0.0162  -0.0336
  0.1338  -0.0907  -0.0265  -0.0078   0.0166  -0.0357
  0.1508  -0.1417  -0.0096  -0.0553   0.0003  -0.0271
  0.1677  -0.1576  -0.0149  -0.0304  -0.0070  -0.0273
  0.1568  -0.1420   0.0209  -0.0132   0.0367  -0.0285
  0.2341  -0.1037   0.1026  -0.0781   0.1024  -0.0060
  0.2409  -0.1047   0.1163  -0.1372   0.1109   0.0010
  0.2649  -0.0992   0.1228  -0.1108   0.1179  -0.0058
  0.2763  -0.1065   0.1311  -0.1372   0.1373   0.0001
  0.2386  -0.0993   0.1099  -0.1493   0.0839  -0.0066
  0.3156  -0.1060   0.1593  -0.1610   0.1128  -0.0003
  0.2907  -0.1102   0.1357  -0.1097   0.1009  -0.0039
  0.2650  -0.1123   0.1154  -0.0793   0.0676  -0.0052
  0.2513  -0.1508   0.1141  -0.0696   0.0502  -0.0203
  0.2292  -0.1629   0.1014  -0.0472   0.0427  -0.0213
  0.2134  -0.1354   0.1018  -0.0556   0.0490  -0.0144
  0.1991  -0.1520   0.0993  -0.0380   0.0501  -0.0185
  0.1630  -0.2867   0.0898   0.1022   0.0274   0.0022
  0.1523  -0.2560   0.0897   0.0862   0.0324  -0.0033
  0.1485  -0.2530   0.0980   0.0408   0.0344  -0.0147
  0.1471  -0.2940   0.1020   0.1085   0.0224  -0.0147
  0.1579  -0.3022   0.1126   0.1499   0.0206  -0.0060
  0.1926  -0.2720   0.1330   0.1576   0.0333  -0.0149
  0.2104  -0.2543   0.1496   0.1322   0.0333  -0.0292
  0.2268  -0.2245   0.1397   0.0837   0.0154  -0.0346
  0.2527  -0.2074   0.1465  -0.0452   0.0335  -0.0273
  0.2823  -0.2171   0.1917  -0.2092   0.0472  -0.0079
  0.3349  -0.2118   0.2114  -0.2377   0.0752  -0.0171
  0.3117  -0.2013   0.1833  -0.2190   0.0626  -0.0251
  0.3210  -0.1949   0.2085  -0.3804   0.1194  -0.0133
  0.3607  -0.2023   0.2789  -0.3965   0.1400   0.0041
  0.3754  -0.1985   0.2764  -0.3803   0.1459  -0.0158
  0.3912  -0.1744   0.2515  -0.3809   0.1486   0.0051
  0.3681  -0.2293   0.2209  -0.3948   0.1317   0.0186
  0.2699  -0.1605   0.1599  -0.2877   0.0860  -0.0055
  0.3372  -0.1601   0.2330  -0.2607   0.1313   0.0369
  0.3774  -0.2043   0.2559  -0.3671   0.1147   0.0670
  0.3571  -0.2146   0.2555  -0.3076   0.1277   0.0354
  0.3658  -0.2003   0.2715  -0.3289   0.1394   0.0092
  0.3782  -0.2004   0.2787  -0.3910   0.1309   0.0045
  0.4160  -0.2324   0.3048  -0.4490   0.1976   0.0202
  0.4291  -0.2749   0.3267  -0.5413   0.1960   0.0107
  0.4831  -0.2575   0.4381  -0.7520   0.3175   0.0290
  0.5145  -0.2406   0.4101  -0.6519   0.2951   0.0299
  0.6601  -0.2259   0.4612  -0.7829   0.3691   0.0525
  0.7414  -0.1917   0.5171  -0.8427   0.3762   0.0624
  0.6817  -0.2693   0.4417  -0.7083   0.3366   0.0479
  0.6317  -0.2481   0.4161  -0.6736   0.3245   0.0422
  0.6415  -0.2108   0.4339  -0.6956   0.3382   0.0530
  0.6357  -0.2287   0.4131  -0.6856   0.3386   0.0448
  0.6071  -0.1918   0.4116  -0.7013   0.3477   0.0463
  0.6114  -0.1831   0.4707  -0.8717   0.3754   0.0423
  0.6274  -0.1740   0.4500  -0.7267   0.3754   0.0215
  0.6340  -0.1922   0.4840  -0.9073   0.3940   0.0278
  0.6368  -0.1938   0.4262  -0.7793   0.3490   0.0301
  0.6591  -0.1984   0.4326  -0.7311   0.3549   0.0404
  0.6440  -0.2111   0.4308  -0.7878   0.3538   0.0357
  0.6439  -0.2360   0.4116  -0.7172   0.3397   0.0382
  0.6498  -0.2208   0.4052  -0.6861   0.3424   0.0392
  0.6488  -0.1880   0.4108  -0.7141   0.3566   0.0536
  0.6642  -0.2097   0.4104  -0.7081   0.3539   0.0552
  0.6546  -0.2009   0.4004  -0.6743   0.3642   0.0419
  0.6361  -0.1588   0.4190  -0.7570   0.3729   0.0410
  0.6593  -0.1548   0.4663  -0.8149   0.3745   0.0260
  0.6526  -0.1210   0.5371  -0.9173   0.4060  -0.0045
  0.6969  -0.1226   0.5962  -1.0285   0.4488   0.0057
  0.7374  -0.0674   0.5980  -1.1058   0.4073   0.0144
  0.7261  -0.1666   0.5192  -0.9111   0.3703   0.0329
  0.7122  -0.1795   0.5645  -1.1133   0.4289   0.0342
  0.7200  -0.1680   0.5500  -0.9302   0.4171   0.0276
  0.7420  -0.1712   0.6179  -1.1328   0.4432   0.0381
  0.7196  -0.1938   0.5441  -0.9623   0.3890   0.0449
  0.6823  -0.1602   0.5030  -0.9490   0.3558   0.0382
  0.6546  -0.1784   0.4821  -0.9640   0.3289   0.0454
  0.6403  -0.2202   0.4721  -0.9089   0.3346   0.0755
  0.6457  -0.1765   0.4706  -0.9577   0.3342   0.0659
  0.6371  -0.1606   0.4684  -0.9512   0.3281   0.0682
  0.6204  -0.2348   0.4843  -0.8272   0.3761   0.1016
  0.3697   1.1732   0.4918  -1.5542   0.2788  -0.0937
  0.3852   0.1830   0.5643  -1.1071   0.2471  -0.0210
  0.3494   0.1802   0.5322  -1.0733   0.2013  -0.0549
  0.4038   0.0640   0.4922  -0.9834   0.1916  -0.0357
  0.4398  -0.0458   0.4501  -0.8884   0.1796  -0.0286
  0.4559  -0.0641   0.4742  -0.8890   0.2029  -0.0300
  0.4733  -0.1215   0.4794  -0.9540   0.1938  -0.0265
  0.5123  -0.1537   0.5205  -1.0456   0.2544  -0.0339
  0.5359  -0.1399   0.5368  -0.9680   0.2567  -0.0321
  0.5314  -0.1421   0.5223  -0.9656   0.2436  -0.0514
  0.5397  -0.1382   0.4925  -0.9778   0.2256  -0.0356
  0.6164  -0.0921   0.5829  -1.1645   0.3267  -0.0220
  0.6872  -0.1291   0.6788  -1.3360   0.4007  -0.0304
  0.6910  -0.0808   0.6752  -1.4020   0.4214  -0.0523
  0.7230  -0.0869   0.7064  -1.4288   0.4492  -0.0431
  0.7492  -0.1067   0.7295  -1.4703   0.4660  -0.0390
  0.7562  -0.1300   0.7415  -1.4193   0.4837  -0.0305
  0.7416  -0.1536   0.7204  -1.3563   0.4571  -0.0170
  0.7571  -0.1922   0.7331  -1.3574   0.4487   0.0018
  0.7603  -0.2210   0.7105  -1.2798   0.4324   0.0180
  0.7643  -0.1906   0.6996  -1.3225   0.4408   0.0203
  0.7745  -0.0847   0.7133  -1.5692   0.4872  -0.0133
  0.7871  -0.1798   0.7081  -1.4041   0.4509   0.0006
  0.7977  -0.1718   0.7421  -1.4256   0.4576   0.0100
  0.7989  -0.1327   0.7526  -1.4944   0.5209  -0.0245
  0.7884  -0.1232   0.7346  -1.3611   0.4693  -0.0245
  0.7959  -0.2258   0.7200  -1.2931   0.4536  -0.0042
