  0.4121   0.0463   0.0320  -0.5604   0.1935   0.2865
  0.4587   0.0780  -0.0191  -0.3692   0.2028   0.2640
  0.4479   0.0358   0.0007  -0.3139   0.1681   0.2427
  0.4520   0.0168  -0.0013  -0.2737   0.1840   0.2247
  0.4543   0.0274   0.0159  -0.3299   0.1972   0.2538
  0.4164  -0.0129   0.0117  -0.2585   0.1608   0.2438
  0.4199   0.0134  -0.0063  -0.3047   0.1786   0.2425
  0.3651   0.0129   0.0007  -0.2294   0.1178   0.2198
  0.3628  -0.0165   0.0106  -0.2432   0.1470   0.2240
  0.3486  -0.0251   0.0391  -0.2563   0.1339   0.2379
  0.3478  -0.0182   0.0114  -0.2604   0.1024   0.2306
  0.3434  -0.0205   0.0168  -0.3365   0.1334   0.2639
  0.2802  -0.0419   0.0015  -0.3287   0.1264   0.2838
  0.3059  -0.0311   0.0114  -0.3635   0.1498   0.2857
  0.2936  -0.0024  -0.0054  -0.2810   0.0871   0.2508
  0.3081  -0.0063   0.0021  -0.2847   0.1240   0.2517
  0.3228  -0.0604   0.0310  -0.1642   0.1282   0.2222
  0.3325  -0.0650   0.0329  -0.2425   0.1828   0.2549
  0.3123  -0.0582   0.0209  -0.2012   0.1188   0.2264
  0.3328  -0.0399   0.0153  -0.2329   0.1356   0.2440
  0.3188  -0.0361   0.0123  -0.2596   0.1225   0.2440
  0.2948  -0.0247  -0.0145  -0.2630   0.1075   0.2323
  0.3194  -0.0109   0.0119  -0.3157   0.1473   0.2369
  0.3027  -0.0031  -0.0243  -0.3092   0.0893   0.2329
  0.2642   0.0204   0.0167  -0.3587   0.1194   0.2546
  0.2508   0.0281   0.0040  -0.2790   0.0932   0.2209
  0.2769   0.0756   0.0289  -0.3050   0.1283   0.2334
  0.3080   0.1194   0.0108  -0.1724   0.0780   0.1436
  0.2915   0.0721   0.0078  -0.1359   0.1279   0.1138
  0.2187   0.0187  -0.0090  -0.0660   0.0391   0.0830
  0.1909   0.0128  -0.0172  -0.0765   0.0795   0.0871
  0.1807  -0.0114  -0.0033  -0.0634   0.0379   0.0820
  0.1871  -0.0074  -0.0171  -0.0657   0.0622   0.0779
  0.1717   0.0010   0.0206  -0.0765   0.0295   0.0819
  0.1709  -0.0056   0.0004  -0.0539   0.0823   0.0754
  0.2020  -0.0231   0.0042  -0.1152   0.0882   0.0988
  0.1710   0.0605   0.0095  -0.0586   0.0585   0.0843
  0.1637   0.0336   0.0051  -0.0851   0.1042   0.0922
  0.1367  -0.0276  -0.0057  -0.0605   0.0531   0.0847
  0.1432   0.0001  -0.0200  -0.0768   0.0704   0.0766
  0.1399  -0.0366  -0.0375  -0.1005  -0.0248   0.0905
  0.1336  -0.0183  -0.0213  -0.1429   0.0324   0.1173
  0.1102  -0.0189  -0.0181  -0.1047  -0.0104   0.0972
  0.1535   0.0151  -0.0180  -0.1381   0.0399   0.1100
  0.1261   0.0186  -0.0174  -0.1027  -0.0022   0.0803
  0.1466   0.0294  -0.0119  -0.1396   0.0252   0.0815
  0.1766   0.0330   0.0089  -0.1212  -0.0051   0.0666
  0.1843   0.0418   0.0034  -0.1328   0.0258   0.0736
  0.1538  -0.0072   0.0169  -0.0859  -0.0003   0.0523
  0.1454  -0.0041   0.0174  -0.1331   0.0349   0.0732
  0.1532  -0.0121   0.0497  -0.0794   0.0054   0.0426
  0.1236   0.0373   0.0594  -0.1487   0.0490   0.0325
  0.1550   0.0353   0.0654  -0.1272   0.0386   0.0388
  0.1440   0.0036   0.0497  -0.0744   0.0123   0.0278
  0.1693   0.0186   0.0472  -0.0591   0.0409   0.0088
  0.1420  -0.0202   0.0504  -0.0360   0.0212   0.0115
  0.1357  -0.0038   0.0545  -0.0208  -0.0082  -0.0105
  0.1666   0.0071   0.0417  -0.0462   0.0361   0.0008
  0.1372   0.0073   0.0338   0.0059   0.0108  -0.0134
  0.1242  -0.0086   0.0165  -0.0352   0.0399  -0.0065
  0.1182   0.0039   0.0392  -0.0100   0.0127  -0.0006
  0.1243  -0.0027   0.0277  -0.0383   0.0327   0.0059
  0.1187   0.0059   0.0430  -0.0102   0.0042   0.0074
  0.0666   0.0011   0.0296  -0.0189   0.0285   0.0030
  0.0982   0.0141   0.0553  -0.0685   0.0302   0.0297
  0.0828   0.0030   0.0384   0.0309   0.0080  -0.0318
  0.0759   0.0299   0.0305   0.0209   0.0234  -0.0446
  0.0609   0.0075   0.0306   0.0013   0.0117  -0.0351
  0.0551  -0.0337   0.0248  -0.0120   0.0114  -0.0035
  0.0600   0.0022   0.0287  -0.0157   0.0357  -0.0067
  0.0478  -0.0055   0.0026  -0.0008   0.0010  -0.0263
  0.0318   0.0156  -0.0041   0.0439   0.0023  -0.0412
 -0.0465   0.0576   0.0114   0.1159  -0.0438  -0.0662
 -0.0381   0.0631   0.0242   0.1259  -0.0300  -0.0660
 -0.0067   0.0656   0.0240   0.0416  -0.0124  -0.0524
 -0.0063   0.0552   0.0247   0.0664  -0.0390  -0.0472
  0.0126   0.0594   0.0074   0.0301   0.0064  -0.0419
  0.0231   0.0544   0.0212   0.0988  -0.0403  -0.0659
  0.0058   0.0364   0.0162   0.0837  -0.0177  -0.0607
  0.0110   0.0518   0.0214   0.0594  -0.0046  -0.0483
 -0.0306  -0.0633   0.0060   0.0111  -0.0148  -0.0302
  0.0177  -0.0289   0.0208  -0.1447   0.0360   0.0318
  0.0249  -0.0382   0.0217  -0.1183   0.0026   0.0381
 -0.0017  -0.0361   0.0144  -0.1119   0.0257   0.0168
  0.0002  -0.0157   0.0298  -0.1028   0.0403   0.0001
 -0.0254  -0.0615   0.0244  -0.0749   0.0226   0.0033
  0.0026  -0.0410   0.0196  -0.0830   0.0274   0.0138
 -0.0224  -0.0514   0.0093  -0.0327   0.0014   0.0019
 -0.0198  -0.0396   0.0029  -0.0738   0.0113   0.0235
 -0.0372  -0.0574   0.0139  -0.0096  -0.0208   0.0260
 -0.0504  -0.0545  -0.0068  -0.0725   0.0097   0.0413
 -0.0379  -0.1111  -0.0023   0.0253  -0.0107   0.0114
 -0.0478  -0.1183  -0.0101   0.0341  -0.0245   0.0099
 -0.0368  -0.0811   0.0039   0.0030  -0.0278   0.0322
 -0.0682  -0.1065  -0.0088   0.0439  -0.0395   0.0204
 -0.0485  -0.0919  -0.0008   0.0261  -0.0178   0.0248
 -0.0882  -0.0932  -0.0146   0.0739  -0.0619   0.0046
 -0.0699  -0.0789  -0.0012   0.0234  -0.0241   0.0163
 -0.0918  -0.0642   0.0183  -0.0077  -0.0635   0.0182
 -0.0785  -0.0246   0.0016  -0.0258  -0.0067  -0.0029
 -0.0577   0.0657   0.0069  -0.0353  -0.0369  -0.0157
 -0.0726  -0.0018  -0.0018  -0.0247  -0.0173  -0.0280
 -0.0575  -0.0138  -0.0053   0.0233  -0.0344  -0.0326
 -0.0576  -0.0194  -0.0005   0.0066  -0.0064  -0.0243
 -0.0794  -0.0546  -0.0099   0.0535  -0.0281  -0.0156
 -0.0995  -0.0722  -0.0187   0.0699  -0.0054  -0.0304
 -0.1239  -0.0532  -0.0008   0.0283  -0.0440   0.0009
 -0.1283  -0.0238  -0.0125   0.0164  -0.0082  -0.0074
 -0.1301  -0.0303  -0.0107   0.0418  -0.0567  -0.0212
 -0.1270  -0.0071   0.0039   0.0242  -0.0221  -0.0107
 -0.1336  -0.0205  -0.0224   0.0556  -0.0478  -0.0351
 -0.1217  -0.0060   0.0105   0.0337  -0.0381  -0.0214
 -0.1242  -0.0144  -0.0189   0.1008  -0.0754  -0.0649
 -0.0985  -0.0059   0.0282   0.0790  -0.0830  -0.0619
 -0.1390  -0.0182   0.0041   0.1052  -0.0970  -0.0869
 -0.1481  -0.0220   0.0166   0.0363  -0.0436  -0.0533
 -0.1676  -0.0414  -0.0013   0.0840  -0.0773  -0.0881
 -0.1541  -0.0063   0.0020   0.0496  -0.0446  -0.0753
 -0.1536  -0.0196   0.0010   0.0953  -0.0750  -0.0915
 -0.1245   0.0101   0.0042   0.0656  -0.0380  -0.0709
 -0.1466   0.0076   0.0100   0.1162  -0.0718  -0.1018
 -0.1425   0.0072  -0.0007   0.0888  -0.0443  -0.0884
 -0.1531  -0.0168   0.0143   0.1055  -0.0899  -0.0951
 -0.1376  -0.0171   0.0123   0.0778  -0.0520  -0.0787
 -0.1582  -0.0239   0.0168   0.1030  -0.0716  -0.1083
 -0.1590   0.0077   0.0017   0.1310  -0.0832  -0.1096
 -0.1443   0.0179   0.0097   0.0723  -0.0591  -0.0907
 -0.1434   0.0010  -0.0064   0.1553  -0.0755  -0.1043
 -0.1417   0.0147  -0.0137   0.1087  -0.0630  -0.1035
 -0.1332   0.0077  -0.0076   0.1472  -0.1069  -0.1054
 -0.1407   0.0174  -0.0130   0.0916  -0.0657  -0.0908
 -0.1455   0.0270  -0.0068   0.1538  -0.1092  -0.1000
 -0.1653   0.0361  -0.0186   0.1104  -0.0673  -0.0921
 -0.1629   0.0343  -0.0034   0.1734  -0.0941  -0.1236
 -0.1668   0.0142  -0.0206   0.1760  -0.0819  -0.1462
 -0.1857   0.0197   0.0002   0.1624  -0.1081  -0.1286
 -0.1711   0.0217  -0.0095   0.1756  -0.0950  -0.1412
 -0.1571   0.0349  -0.0028   0.1345  -0.0826  -0.1291
 -0.1939  -0.0035  -0.0192   0.1462  -0.1024  -0.1341
 -0.1833   0.0213  -0.0156   0.1508  -0.0973  -0.1361
 -0.1714   0.0074  -0.0078   0.1194  -0.0942  -0.1185
 -0.1864   0.0294  -0.0071   0.1812  -0.1185  -0.1514
 -0.1667   0.0251  -0.0191   0.1289  -0.1008  -0.1332
 -0.1759   0.0531   0.0013   0.1742  -0.1246  -0.1498
 -0.1805   0.0484  -0.0234   0.1606  -0.0522  -0.1445
 -0.2191   0.0394  -0.0243   0.1782  -0.0650  -0.1461
 -0.2368   0.0411  -0.0427   0.1670  -0.0636  -0.1496
 -0.2333   0.0551  -0.0188   0.1625  -0.0642  -0.1389
 -0.2415   0.0182  -0.0313   0.1893  -0.0844  -0.1501
 -0.2022   0.0299  -0.0143   0.1474  -0.0591  -0.1172
 -0.1986  -0.0335  -0.0217   0.1694  -0.0697  -0.1120
 -0.2088  -0.0156  -0.0227   0.1376  -0.0414  -0.1053
 -0.2285  -0.0098  -0.0154   0.1487  -0.0569  -0.1105
 -0.2147   0.0271  -0.0426   0.2166  -0.0719  -0.1684
 -0.2215  -0.0009  -0.0334   0.2130  -0.0585  -0.1580
 -0.2401   0.0016  -0.0356   0.2434  -0.0905  -0.1740
 -0.2376   0.0228  -0.0343   0.2005  -0.0598  -0.1414
 -0.2620   0.0228  -0.0304   0.2540  -0.1021  -0.1586
 -0.2047   0.0597  -0.0286   0.2150  -0.0482  -0.1573
 -0.2189   0.0233  -0.0332   0.2836  -0.0633  -0.1780
 -0.2143   0.0473  -0.0510   0.2254  -0.0126  -0.1599
 -0.2278   0.0158  -0.0475   0.2611  -0.0933  -0.1636
 -0.2062  -0.0000  -0.0333   0.1963  -0.0393  -0.1661
 -0.2110   0.0060  -0.0396   0.2458  -0.0761  -0.1798
 -0.2212   0.0292  -0.0448   0.1633  -0.0260  -0.1315
 -0.2468   0.0094  -0.0390   0.2746  -0.0697  -0.1771
 -0.2350   0.0027  -0.0418   0.2380  -0.0466  -0.1700
 -0.2971  -0.0123  -0.0275   0.2051  -0.0794  -0.1333
 -0.2638  -0.0037  -0.0214   0.0577  -0.0299  -0.0502
 -0.2574   0.0233  -0.0235   0.0840  -0.0457  -0.0499
 -0.2522   0.0256  -0.0455   0.0924  -0.0142  -0.0652
 -0.2539   0.0404  -0.0339   0.1752  -0.0374  -0.0995
 -0.2369   0.0509  -0.0457   0.1617  -0.0098  -0.0951
 -0.2521   0.0353  -0.0403   0.1998  -0.0369  -0.1190
 -0.3132   0.0116  -0.0319   0.2402  -0.0467  -0.1376
 -0.3146   0.0372  -0.0354   0.1835  -0.0290  -0.1248
 -0.3118   0.0259  -0.0373   0.2542  -0.0507  -0.1473
 -0.3220   0.0519  -0.0341   0.2007  -0.0505  -0.1412
 -0.3211   0.0476  -0.0178   0.2459  -0.0729  -0.1538
 -0.3201   0.0491  -0.0408   0.2225  -0.0633  -0.1455
