  0.0792  -0.1040   0.1768   0.0555   0.1080   0.1429
  0.0872  -0.1399   0.1577   0.1967   0.0945   0.0665
  0.0736  -0.0972   0.1517   0.1424   0.0790   0.0623
  0.0841  -0.0939   0.1349   0.1277   0.0849   0.0558
  0.0840  -0.0777   0.1349   0.1812   0.0764   0.0047
  0.0599  -0.0201   0.1206   0.1295   0.0711   0.0562
  0.0638  -0.0627   0.1038   0.1969   0.0749   0.0012
  0.0459   0.0262   0.0903   0.0943   0.0624   0.0299
  0.0602  -0.0153   0.0964   0.1394   0.0675  -0.0110
  0.0509   0.0244   0.1004   0.0972   0.0658   0.0355
  0.0500   0.0013   0.0971   0.0797   0.0876  -0.0021
  0.0462  -0.0207   0.0975   0.1119   0.0855   0.0306
  0.0350   0.0061   0.1008   0.0253   0.0689   0.0824
  0.0538  -0.0227   0.1119   0.0934   0.0839  -0.0041
  0.0354   0.0435   0.1071   0.0267   0.0738   0.0144
  0.0489  -0.0556   0.0996   0.0827   0.0896  -0.0286
  0.0387   0.0370   0.1014  -0.0097   0.0784   0.0773
  0.0433  -0.0042   0.1091   0.0079   0.0825   0.0575
  0.0433  -0.0134   0.1078   0.0600   0.0834   0.0419
  0.0403   0.0028   0.0936   0.0111   0.0785   0.0129
  0.0482  -0.0620   0.1086   0.0515   0.0961   0.0183
  0.0366  -0.0247   0.1065  -0.0348   0.0999   0.0692
  0.0426  -0.0720   0.0948   0.0424   0.1004   0.0752
  0.0438  -0.0340   0.1049   0.0033   0.0935   0.0399
  0.0195  -0.0242   0.0904  -0.0828   0.0828   0.0543
  0.0383  -0.0380   0.0995   0.0185   0.0970   0.0134
  0.0288   0.0279   0.0922  -0.0415   0.0881   0.0652
  0.0536  -0.0372   0.1012   0.0098   0.1004   0.0554
  0.0484  -0.0115   0.1049  -0.0247   0.0964   0.0300
  0.0517  -0.0414   0.1043  -0.0377   0.1047   0.0133
  0.0522  -0.0806   0.1159  -0.0133   0.1135   0.0561
  0.0410  -0.0396   0.1086  -0.0582   0.0966   0.0910
  0.0503  -0.1005   0.0960   0.0149   0.1120  -0.0301
  0.0436  -0.0296   0.1048  -0.0265   0.1058   0.0526
  0.0467  -0.0762   0.1043  -0.0431   0.1121   0.0587
  0.0473  -0.0832   0.1013  -0.0044   0.0993   0.0912
  0.0226   0.0093   0.0768  -0.0777   0.0839   0.0019
  0.0407  -0.0146   0.0888   0.0402   0.0824  -0.0222
  0.0326   0.0308   0.0883   0.0036   0.0736   0.0552
  0.0396  -0.0391   0.0950  -0.0382   0.0977   0.0588
  0.0459  -0.0613   0.1066   0.0108   0.1013   0.0307
  0.0260  -0.0507   0.1119  -0.0448   0.0991   0.0878
  0.0394  -0.1235   0.0935  -0.0214   0.1082  -0.0038
  0.0150  -0.0627   0.0934   0.0152   0.1054   0.0550
  0.0401  -0.1573   0.0866   0.0128   0.1149  -0.0008
  0.0374  -0.0526   0.1039  -0.0458   0.1084   0.0368
  0.0277  -0.0649   0.1068  -0.0439   0.1230   0.0148
  0.0246  -0.0584   0.1018  -0.0500   0.1161   0.0088
  0.0244  -0.0292   0.1044  -0.1106   0.1166   0.0805
  0.0342  -0.0794   0.1108  -0.0540   0.1178   0.0306
  0.0205  -0.0679   0.0901  -0.0927   0.1218   0.0443
  0.0344  -0.0581   0.1047  -0.0325   0.1144   0.0303
  0.0274  -0.0194   0.1012  -0.0878   0.1077   0.0944
  0.0304  -0.0704   0.0909  -0.0172   0.0970  -0.0082
  0.0186   0.0070   0.0971  -0.0754   0.0947   0.0881
  0.0196  -0.0010   0.0904  -0.0660   0.0937  -0.0084
  0.0195  -0.0023   0.1010  -0.0117   0.0920   0.0196
  0.0156  -0.0099   0.0841  -0.0519   0.0930  -0.0281
  0.0153  -0.0191   0.0877  -0.0291   0.0897  -0.0148
  0.0134  -0.0205   0.0861  -0.0608   0.0911   0.0271
  0.0212  -0.0676   0.0855  -0.0357   0.1001   0.0190
  0.0037   0.0402   0.0981  -0.1370   0.0854   0.0420
  0.0242  -0.0379   0.0836  -0.0766   0.0902   0.0180
  0.0132   0.0127   0.0897  -0.0986   0.0833   0.0329
  0.0205   0.0101   0.0883  -0.0742   0.0926   0.0457
  0.0151   0.0009   0.0781  -0.0058   0.0854   0.0259
  0.0125   0.0099   0.0704  -0.0773   0.0791   0.0384
  0.0107  -0.0171   0.0862  -0.0222   0.0865  -0.0085
 -0.0159   0.0206   0.0805  -0.1447   0.0916   0.0164
 -0.0002  -0.0431   0.0807  -0.0599   0.0889   0.0277
 -0.0087   0.0061   0.0679  -0.0828   0.0897  -0.0057
 -0.0079  -0.0796   0.0612  -0.0710   0.1021  -0.0182
 -0.0210   0.0094   0.0620  -0.1199   0.0976   0.0539
 -0.0182  -0.0311   0.0575  -0.0799   0.1014   0.0288
 -0.0187  -0.0010   0.0585  -0.0905   0.0893   0.0437
 -0.0238  -0.0211   0.0417  -0.0629   0.0845  -0.0121
 -0.0189  -0.0191   0.0463  -0.0464   0.0805   0.0719
 -0.0262  -0.0178   0.0380  -0.0981   0.0927  -0.0398
 -0.0203  -0.0031   0.0456  -0.0479   0.0819   0.0350
 -0.0232  -0.0004   0.0398  -0.0998   0.0842  -0.0043
 -0.0182  -0.0440   0.0383  -0.0358   0.0899   0.0256
 -0.0097  -0.0584   0.0512  -0.0493   0.0933  -0.0766
 -0.0212   0.0119   0.0411  -0.1375   0.1023  -0.0264
 -0.0162  -0.0093   0.0359  -0.0609   0.0922   0.0280
 -0.0213   0.0511   0.0295  -0.0406   0.0811   0.0524
 -0.0259   0.0839   0.0316  -0.0206   0.0763  -0.0038
 -0.0287   0.0637   0.0250  -0.0336   0.0692  -0.0070
 -0.0314   0.0535   0.0243  -0.0778   0.0782   0.0153
 -0.0266   0.0839   0.0360  -0.0377   0.0706   0.0370
 -0.0339   0.0683   0.0149  -0.0944   0.0698  -0.0567
 -0.0118   0.0805   0.0472  -0.0327   0.0835   0.0105
 -0.0194   0.0981   0.0226  -0.0730   0.0633   0.0107
 -0.0201   0.0372   0.0258  -0.0620   0.0701  -0.0097
 -0.0201   0.1170   0.0378  -0.0946   0.0677   0.0251
 -0.0205   0.0558   0.0289  -0.0711   0.0748   0.0000
 -0.0217   0.0601   0.0244  -0.0637   0.0711  -0.0082
 -0.0291   0.1166   0.0134  -0.1184   0.0554   0.0429
 -0.0165   0.0464   0.0263  -0.0644   0.0731  -0.0199
 -0.0184   0.1260   0.0409  -0.1234   0.0593   0.0259
 -0.0119   0.0651   0.0248  -0.1175   0.0627  -0.0035
 -0.0108   0.0772   0.0372  -0.0790   0.0661   0.0084
 -0.0187   0.1071   0.0264  -0.1230   0.0592  -0.0066
 -0.0191   0.0490   0.0278  -0.0412   0.0657  -0.0485
 -0.0325   0.1061   0.0309  -0.1629   0.0590   0.0534
 -0.0181   0.0614   0.0443  -0.0906   0.0763  -0.0001
 -0.0218   0.1074   0.0574  -0.2005   0.0775   0.0391
 -0.0126   0.0076   0.0368  -0.1165   0.0801   0.0177
 -0.0293   0.0760   0.0450  -0.1199   0.0718   0.0264
 -0.0268   0.0426   0.0449  -0.1512   0.0802  -0.0087
 -0.0222   0.0423   0.0365  -0.0992   0.0709   0.0087
 -0.0472   0.1069   0.0338  -0.1709   0.0499   0.0274
 -0.0240   0.0269   0.0497  -0.1301   0.0647   0.0313
 -0.0135   0.0659   0.0837  -0.1478   0.0623   0.0424
 -0.0162   0.0183   0.0583  -0.1709   0.0795   0.0547
 -0.0137   0.0207   0.0694  -0.1589   0.0806   0.0323
 -0.0171   0.0287   0.0787  -0.2030   0.0933   0.0324
 -0.0245  -0.0088   0.0535  -0.1216   0.0817   0.0167
 -0.0400   0.0446   0.0456  -0.2063   0.0746   0.0250
 -0.0261   0.0267   0.0389  -0.1113   0.0735  -0.0128
 -0.0335   0.0804   0.0489  -0.1458   0.0507   0.0696
 -0.0171   0.0051   0.0419  -0.1565   0.0586   0.0138
 -0.0174   0.0177   0.0430  -0.0771   0.0582  -0.0115
 -0.0100  -0.0068   0.0438  -0.0937   0.0674  -0.0006
 -0.0224   0.0745   0.0462  -0.1162   0.0441   0.0718
 -0.0201   0.0553   0.0369  -0.1192   0.0513   0.0216
 -0.0232   0.1044   0.0532  -0.0948   0.0698   0.0399
 -0.0204   0.0878   0.0236  -0.1006   0.0665  -0.0140
 -0.0162   0.0928   0.0265  -0.0853   0.0640  -0.0066
 -0.0071   0.0801   0.0276  -0.1247   0.0610  -0.0086
  0.0044   0.0743   0.0290  -0.0441   0.0637  -0.0083
  0.0033   0.1460   0.0192  -0.1053   0.0529  -0.0251
  0.0118   0.0755   0.0171  -0.0596   0.0474  -0.0366
  0.0038   0.1326   0.0445  -0.1158   0.0346   0.0655
  0.0151   0.0698   0.0247  -0.0949   0.0547  -0.0604
  0.0042   0.1168   0.0317  -0.1114   0.0521   0.0030
  0.0244   0.0282   0.0188  -0.0572   0.0638  -0.0802
  0.0067   0.0115  -0.0497   0.2274  -0.0109  -0.0588
 -0.0223   0.0314  -0.0100   0.0744  -0.0774   0.0031
 -0.0267   0.0453  -0.0284   0.0215  -0.1044   0.0414
  0.0080   0.0112  -0.0165  -0.0185  -0.0819  -0.0642
  0.0340   0.0107   0.0078  -0.0225  -0.0653   0.0527
  0.0429  -0.0346  -0.0203   0.0306  -0.0887  -0.0518
  0.0209   0.0036  -0.0119   0.0172  -0.1155   0.0310
  0.0421  -0.0796  -0.0247   0.0550  -0.1049  -0.0679
  0.0090  -0.0227  -0.0341   0.0079  -0.1284   0.0475
  0.0005  -0.0695  -0.0462  -0.0167  -0.1320  -0.0142
  0.0142  -0.0882  -0.0321  -0.0195  -0.1326  -0.0482
  0.0000  -0.0885  -0.0655  -0.0401  -0.1378  -0.0188
 -0.0071  -0.0756  -0.0567  -0.0024  -0.1369   0.0221
 -0.0179  -0.1204  -0.0810   0.0000  -0.1466   0.0416
 -0.0063  -0.1259  -0.0481   0.0271  -0.1177  -0.0339
 -0.0442  -0.1413  -0.0778   0.0051  -0.1237  -0.0369
 -0.0350  -0.1315  -0.0894   0.0464  -0.1242  -0.0426
 -0.0309  -0.0647  -0.0951   0.0059  -0.1081  -0.0412
 -0.0327  -0.0541  -0.1052   0.1071  -0.1322  -0.0543
 -0.0226  -0.0229  -0.1139   0.0194  -0.1194  -0.0589
 -0.0264  -0.0156  -0.1065   0.0627  -0.1480  -0.0111
 -0.0300  -0.0044  -0.1103   0.0065  -0.1439  -0.0481
 -0.0346  -0.0029  -0.1114   0.0155  -0.1502   0.0314
 -0.0261  -0.0072  -0.1085   0.0067  -0.1352  -0.0745
 -0.0258   0.0049  -0.1089   0.0279  -0.1402   0.0018
 -0.0374   0.0163  -0.1353  -0.0131  -0.1566  -0.0446
 -0.0120  -0.0074  -0.1202   0.0617  -0.1419  -0.0929
 -0.0088   0.0197  -0.1185   0.0063  -0.1399  -0.0627
 -0.0088  -0.0126  -0.1073   0.0390  -0.1329  -0.0640
 -0.0155  -0.0410  -0.0974  -0.0655  -0.1244  -0.0301
  0.0137  -0.0649  -0.0820   0.0375  -0.1158  -0.0264
 -0.0319  -0.0034  -0.1202  -0.0591  -0.1346  -0.0051
 -0.0416  -0.0484  -0.1345   0.0731  -0.1258  -0.0526
 -0.0994  -0.0135  -0.1594  -0.1067  -0.1624   0.0099
 -0.0844  -0.0331  -0.1589  -0.0156  -0.1571  -0.0614
 -0.0835  -0.0322  -0.1348  -0.0419  -0.1324   0.0002
 -0.0927  -0.0183  -0.1827  -0.0966  -0.1590  -0.0409
 -0.0827  -0.0723  -0.1630   0.0012  -0.1425  -0.0222
 -0.1056   0.0135  -0.1781  -0.0698  -0.1583   0.0055
 -0.0751  -0.0500  -0.1462  -0.0751  -0.1265  -0.0314
 -0.0702   0.0122  -0.1424  -0.1385  -0.1297   0.0518
 -0.0859  -0.0311  -0.1792  -0.0606  -0.1394  -0.0265
 -0.0725  -0.0133  -0.1586  -0.0514  -0.1180  -0.0059
 -0.0950  -0.0345  -0.1746  -0.0685  -0.1255   0.0004
 -0.1006   0.0038  -0.1960   0.1661  -0.1557  -0.1359
 -0.0552   0.0225  -0.1690   0.2718  -0.1699  -0.0582
 -0.0571   0.0139  -0.1618   0.2214  -0.1986  -0.0025
 -0.0383   0.0047  -0.1686   0.3543  -0.1798  -0.1134
 -0.0555   0.0820  -0.1932   0.2209  -0.2160  -0.0468
 -0.0618   0.0981  -0.2126   0.2941  -0.2358  -0.1434
 -0.0746   0.0940  -0.2190   0.2102  -0.2390  -0.0660
 -0.0577   0.0741  -0.2001   0.2624  -0.2302  -0.0869
 -0.0645   0.0734  -0.2107   0.2575  -0.2273  -0.1154
 -0.0021   0.0949  -0.1994   0.1908  -0.2619  -0.0855
  0.0369   0.1323  -0.1531   0.1759  -0.2555  -0.0998
  0.0313   0.1369  -0.1972   0.3259  -0.2600  -0.0796
  0.0077   0.0994  -0.2519   0.3679  -0.2775  -0.0252
  0.0099   0.1218  -0.2118   0.3542  -0.2632  -0.0270
  0.0016   0.1126  -0.2056   0.2811  -0.2582  -0.0294
  0.0333   0.0343  -0.1836   0.2223  -0.2359  -0.1103
  0.0346   0.0110  -0.1804   0.1178  -0.2205  -0.0067
  0.0567  -0.0235  -0.1749   0.1133  -0.1998  -0.0710
  0.0429  -0.0300  -0.1651   0.0607  -0.2053   0.0220
  0.0294  -0.1410  -0.2028  -0.0117  -0.2096  -0.0375
  0.0485  -0.1506  -0.1754  -0.0654  -0.2261   0.1141
  0.0468  -0.1536  -0.2007  -0.0690  -0.2169   0.0175
  0.0492  -0.1435  -0.1801   0.0092  -0.2012   0.0449
  0.0292  -0.1488  -0.2051   0.0680  -0.1803  -0.0537
  0.0157  -0.1479  -0.2011   0.1877  -0.1563  -0.0672
 -0.0113  -0.0738  -0.2597   0.2562  -0.1674  -0.0726
 -0.0350  -0.0430  -0.2742   0.2739  -0.2054  -0.0693
 -0.0201   0.0145  -0.1829   0.3066  -0.1388  -0.1039
  0.0054   0.1303  -0.1577   0.4999  -0.0068  -0.3131
  0.0221   0.6033   0.0031   0.8913   0.1744  -0.3522
