 -0.1872   0.1289  -0.1963  -0.0460  -0.1483   0.0734
 -0.1833   0.1163  -0.1878  -0.0255  -0.1250   0.0492
 -0.1530   0.1261  -0.1537  -0.0252  -0.0973   0.0329
 -0.1403   0.1025  -0.1418  -0.0365  -0.0994   0.0545
 -0.1300   0.1136  -0.1369  -0.0162  -0.0989   0.0627
 -0.1307   0.1190  -0.1244   0.0338  -0.0963   0.0121
 -0.1145   0.1124  -0.1170   0.0225  -0.0815  -0.0082
 -0.1128   0.1161  -0.1126   0.0254  -0.0566  -0.0166
 -0.1134   0.1096  -0.1113   0.0291  -0.0572  -0.0289
 -0.1006   0.1109  -0.0995   0.0252  -0.0532  -0.0160
 -0.0970   0.1157  -0.0857   0.0396  -0.0573  -0.0217
 -0.0953   0.1087  -0.0811   0.0559  -0.0484  -0.0331
 -0.1003   0.1047  -0.0779   0.0581  -0.0477  -0.0379
 -0.0963   0.1318  -0.0818   0.0839  -0.0287  -0.0499
 -0.0975   0.1155  -0.0803   0.0607  -0.0395  -0.0569
 -0.1094   0.1098  -0.0862   0.0500  -0.0481  -0.0598
 -0.1101   0.1054  -0.0878   0.0537  -0.0523  -0.0374
 -0.1083   0.1007  -0.0860   0.0619  -0.0482  -0.0516
 -0.1063   0.1063  -0.0921   0.0653  -0.0507  -0.0490
 -0.1070   0.0977  -0.0893   0.0651  -0.0598  -0.0514
 -0.1092   0.1140  -0.0898   0.0691  -0.0491  -0.0452
 -0.0966   0.1020  -0.0777   0.0792  -0.0342  -0.0637
 -0.0956   0.1098  -0.0648   0.1052  -0.0378  -0.0881
 -0.0952   0.1024  -0.0681   0.0930  -0.0320  -0.0901
 -0.0920   0.1129  -0.0632   0.0805  -0.0256  -0.0749
 -0.0878   0.1209  -0.0845   0.0760   0.0044  -0.0719
 -0.1029   0.1156  -0.0897   0.0654   0.0111  -0.0773
 -0.0992   0.0914  -0.0805   0.0737   0.0108  -0.0865
 -0.0878   0.0813  -0.0748   0.0912   0.0170  -0.0510
 -0.0790   0.0792  -0.0716   0.0784   0.0148  -0.0373
 -0.0714   0.0852  -0.0689   0.0776   0.0109  -0.0423
 -0.0616   0.0883  -0.0714   0.0657   0.0155  -0.0434
 -0.0595   0.0904  -0.0633   0.0638   0.0262  -0.0456
 -0.0515   0.0813  -0.0594   0.0627   0.0258  -0.0639
 -0.0507   0.0894  -0.0509   0.0733   0.0344  -0.0635
 -0.0582   0.0680  -0.0590   0.0582   0.0391  -0.0742
 -0.0556   0.0706  -0.0453   0.0995   0.0357  -0.0851
 -0.0507   0.0650  -0.0473   0.0818   0.0404  -0.0815
 -0.0460   0.0578  -0.0487   0.0816   0.0417  -0.0715
 -0.0395   0.0592  -0.0487   0.0778   0.0491  -0.0731
 -0.0274   0.0391  -0.0410   0.0720   0.0348  -0.0620
 -0.0218   0.0565  -0.0325   0.0793   0.0361  -0.0604
 -0.0255   0.0464  -0.0309   0.0648   0.0321  -0.0661
 -0.0242   0.0381  -0.0359   0.0685   0.0338  -0.0464
 -0.0203   0.0491  -0.0346   0.0799   0.0331  -0.0597
 -0.0142   0.0402  -0.0278   0.0569   0.0305  -0.0460
 -0.0103   0.0437  -0.0195   0.0691   0.0228  -0.0615
 -0.0113   0.0422  -0.0197   0.0654   0.0288  -0.0530
 -0.0078   0.0379  -0.0194   0.0826   0.0316  -0.0735
 -0.0075   0.0378  -0.0264   0.0730   0.0422  -0.0585
  0.0064   0.0344  -0.0225   0.0657   0.0612  -0.0465
  0.0191   0.0260  -0.0107   0.0519   0.0454  -0.0509
  0.0286   0.0256  -0.0044   0.0279   0.0546  -0.0295
  0.0276   0.0225  -0.0043   0.0326   0.0552  -0.0552
  0.0350   0.0090   0.0044   0.0314   0.0555  -0.0307
  0.0480   0.0016   0.0145   0.0374   0.0542  -0.0228
  0.0694   0.0167   0.0371   0.0327   0.0607  -0.0223
  0.0744   0.0115   0.0344   0.0175   0.0496  -0.0279
  0.0837   0.0128   0.0382   0.0066   0.0637  -0.0104
  0.0891   0.0013   0.0460   0.0114   0.0671  -0.0207
  0.0891   0.0065   0.0574   0.0375   0.0705  -0.0272
  0.0880   0.0068   0.0489   0.0321   0.0767  -0.0247
  0.0906   0.0012   0.0486   0.0303   0.0727  -0.0360
  0.0973   0.0145   0.0541   0.0254   0.0640  -0.0299
  0.0979   0.0129   0.0481   0.0247   0.0639  -0.0307
  0.0940   0.0107   0.0566   0.0349   0.0601  -0.0374
  0.0970   0.0149   0.0603   0.0406   0.0502  -0.0457
  0.1107   0.0096   0.0740   0.0411   0.0507  -0.0484
  0.1173   0.0157   0.0854   0.0537   0.0495  -0.0530
  0.1217   0.0177   0.0872   0.0482   0.0485  -0.0640
  0.1154   0.0112   0.0797   0.0411   0.0547  -0.0551
  0.1169   0.0024   0.0781   0.0369   0.0505  -0.0520
  0.1218   0.0158   0.0857   0.0363   0.0489  -0.0569
  0.1260   0.0041   0.0863   0.0141   0.0558  -0.0436
  0.1338   0.0070   0.0926   0.0130   0.0538  -0.0374
  0.1368   0.0154   0.0913   0.0089   0.0641  -0.0325
  0.1355   0.0011   0.0928   0.0006   0.0704  -0.0298
  0.1358   0.0087   0.0901  -0.0000   0.0672  -0.0292
  0.1357   0.0052   0.0920  -0.0099   0.0631  -0.0283
  0.1338   0.0082   0.0916  -0.0151   0.0580  -0.0186
  0.1274   0.0023   0.0913  -0.0188   0.0584  -0.0198
  0.1258   0.0157   0.0940  -0.0183   0.0551  -0.0209
  0.1256   0.0315   0.0913  -0.0135   0.0548  -0.0228
  0.1251   0.0236   0.0925  -0.0370   0.0406  -0.0225
  0.1312   0.0154   0.0882  -0.0512   0.0277   0.0160
  0.1276   0.0280   0.0963  -0.0390   0.0355  -0.0042
  0.1269   0.0179   0.0995  -0.0459   0.0329  -0.0101
  0.1320   0.0219   0.0942  -0.0538   0.0312   0.0170
  0.1328   0.0243   0.0971  -0.0484   0.0338  -0.0112
  0.1375   0.0097   0.0950  -0.0745   0.0273   0.0024
  0.0248  -0.1056   0.0313  -0.1032  -0.0335   0.0804
 -0.0300  -0.1725   0.0159  -0.1044  -0.0868   0.0558
 -0.0144  -0.1639   0.0467  -0.0653  -0.0808   0.0986
 -0.0098  -0.1658   0.0384  -0.0590  -0.0689   0.0814
 -0.0135  -0.1824   0.0308  -0.0833  -0.0692   0.1130
 -0.0075  -0.1651   0.0360  -0.0745  -0.0584   0.1158
  0.0035  -0.1607   0.0368  -0.0715  -0.0554   0.0970
  0.0095  -0.1655   0.0398  -0.0597  -0.0378   0.0917
  0.0194  -0.1620   0.0463  -0.0794  -0.0484   0.1098
  0.0163  -0.1613   0.0425  -0.0910  -0.0427   0.1147
  0.0112  -0.1550   0.0410  -0.1102  -0.0398   0.1107
  0.0201  -0.1632   0.0516  -0.1174  -0.0359   0.1089
  0.0146  -0.1633   0.0479  -0.1152  -0.0216   0.1203
  0.0088  -0.1678   0.0443  -0.1195  -0.0225   0.1087
  0.0116  -0.1714   0.0434  -0.1183  -0.0400   0.1171
  0.0029  -0.1708   0.0377  -0.1207  -0.0370   0.1225
  0.0023  -0.1689   0.0438  -0.1374  -0.0310   0.1293
 -0.0036  -0.1677   0.0371  -0.1336  -0.0297   0.1200
 -0.0023  -0.1792   0.0336  -0.1353  -0.0324   0.1430
 -0.0028  -0.1680   0.0451  -0.1275  -0.0384   0.1219
 -0.0063  -0.1719   0.0393  -0.1318  -0.0436   0.1416
 -0.0084  -0.1873   0.0330  -0.1372  -0.0434   0.1273
 -0.0084  -0.1779   0.0321  -0.1316  -0.0366   0.1136
 -0.0096  -0.1962   0.0368  -0.1361  -0.0297   0.0677
 -0.0138  -0.1865   0.0419  -0.1205  -0.0452   0.1181
 -0.0085  -0.1846   0.0438  -0.1450  -0.0447   0.1363
 -0.0081  -0.1634   0.0453  -0.1209  -0.0416   0.1253
 -0.0050  -0.1629   0.0583  -0.1249  -0.0376   0.1171
 -0.0115  -0.1854   0.0545  -0.1410  -0.0463   0.1181
 -0.0053  -0.1712   0.0529  -0.1371  -0.0453   0.1458
