 -0.0828   0.2307  -0.1641  -0.2667  -0.1360   0.1068
 -0.0685   0.2169  -0.1207  -0.1738  -0.0939   0.0541
 -0.0620   0.2541  -0.1178  -0.2027  -0.0838   0.0831
 -0.0654   0.2405  -0.1435  -0.2101  -0.0976   0.0734
 -0.0857   0.2331  -0.1180  -0.1515  -0.0925   0.0270
 -0.0842   0.2622  -0.1140  -0.1564  -0.1001  -0.0028
 -0.0844   0.2443  -0.1284  -0.1706  -0.1045  -0.0262
 -0.0865   0.2019  -0.1227  -0.1070  -0.0965  -0.0343
 -0.0830   0.2565  -0.1108  -0.1436  -0.1054   0.0328
 -0.0806   0.2219  -0.1249  -0.1566  -0.1039   0.0031
 -0.0798   0.2194  -0.1070  -0.1201  -0.0951   0.0707
 -0.0805   0.2409  -0.0907  -0.1308  -0.0822   0.0290
 -0.0751   0.2117  -0.0973  -0.0820  -0.0739  -0.0126
 -0.0751   0.2347  -0.1017  -0.1010  -0.0818  -0.0018
 -0.0628   0.1188  -0.0984  -0.0676  -0.0733   0.0476
 -0.0776   0.1479  -0.1364  -0.1005  -0.1194   0.0414
 -0.0769   0.1513  -0.1407  -0.1572  -0.1180  -0.0281
 -0.0816   0.1634  -0.1056  -0.0820  -0.0995   0.0422
 -0.0657   0.2219  -0.1035  -0.0956  -0.0974  -0.0641
 -0.0673   0.1940  -0.0898  -0.0625  -0.0735  -0.0391
 -0.0663   0.1983  -0.0728  -0.0505  -0.0671  -0.0313
 -0.0737   0.2159  -0.0662  -0.0872  -0.0674  -0.0230
 -0.0566   0.2058  -0.0525  -0.0358  -0.0497   0.0039
 -0.0431   0.2491  -0.0487  -0.0668  -0.0444  -0.0151
 -0.0528   0.1725  -0.0598  -0.0460  -0.0412  -0.0404
 -0.0410   0.2168  -0.0526  -0.0555  -0.0396   0.0242
 -0.0437   0.2140  -0.0621  -0.0697  -0.0517  -0.0451
 -0.0638   0.1991  -0.0830  -0.0515  -0.0597  -0.0342
 -0.0600   0.2401  -0.0901  -0.0781  -0.0772  -0.0368
 -0.0645   0.2242  -0.0790  -0.0735  -0.0726  -0.0406
 -0.0639   0.1910  -0.0784  -0.0667  -0.0586  -0.0091
 -0.0556   0.2437  -0.0656  -0.0779  -0.0460  -0.0090
 -0.0569   0.2578  -0.0705  -0.0995  -0.0471  -0.0831
 -0.0588   0.2343  -0.0642  -0.0552  -0.0369  -0.0954
 -0.0460   0.2455  -0.0417  -0.0661  -0.0364  -0.0226
 -0.0652   0.2091  -0.0571  -0.0741  -0.0529  -0.1312
 -0.0565   0.2041  -0.0482  -0.0353  -0.0437  -0.0279
 -0.0584   0.2605  -0.0430  -0.0886  -0.0531  -0.0193
 -0.0457   0.2077  -0.0352  -0.0730  -0.0432  -0.0564
 -0.0494   0.2048  -0.0472  -0.0355  -0.0365  -0.0557
 -0.0387   0.2287  -0.0045  -0.0434  -0.0153  -0.0746
 -0.0333   0.1764   0.0269  -0.0089   0.0044  -0.0637
  0.0128   0.0833   0.0544   0.1242   0.0541   0.0051
  0.0175   0.1624   0.0862   0.0083   0.0643  -0.0813
  0.0222   0.0957   0.0905   0.0965   0.0762  -0.0258
  0.0374   0.1170   0.0757   0.0848   0.0747  -0.0478
  0.0286   0.1036   0.0803   0.0922   0.0728  -0.1242
  0.0438   0.0878   0.0948   0.1565   0.0910  -0.0884
  0.0575   0.1157   0.0953   0.1066   0.0930  -0.0371
  0.0517   0.0687   0.0984   0.1166   0.0933  -0.0861
  0.0545   0.1156   0.0882   0.0864   0.0941  -0.0137
  0.0532   0.0823   0.0903   0.1005   0.0989  -0.0545
  0.0571   0.1028   0.1033   0.1299   0.1045  -0.0804
  0.0701   0.1420   0.1091   0.0649   0.1177  -0.0444
  0.0644   0.0726   0.1159   0.1246   0.1275  -0.0600
  0.0689   0.1322   0.1254   0.1043   0.1299  -0.0655
  0.0636   0.1174   0.1269   0.0835   0.1352  -0.1142
  0.0591   0.0809   0.1255   0.1555   0.1318  -0.0517
  0.0778   0.1091   0.1427   0.0839   0.1488  -0.0821
  0.0750   0.0588   0.1497   0.1296   0.1604  -0.0894
  0.0819   0.1185   0.1547   0.1269   0.1637  -0.0624
  0.0830   0.0903   0.1481   0.1182   0.1558  -0.0793
  0.0781   0.0517   0.1320   0.1616   0.1432  -0.0501
  0.0833   0.0657   0.1192   0.0667   0.1431  -0.0158
  0.0815   0.0233   0.1268   0.1653   0.1500  -0.0813
  0.0911   0.0736   0.1202   0.1129   0.1481  -0.0304
  0.0809   0.0414   0.1228   0.1111   0.1466  -0.0594
  0.0810   0.0560   0.1209   0.1519   0.1437  -0.0014
  0.0835   0.0568   0.1212   0.0937   0.1458  -0.0163
  0.0808   0.0255   0.1259   0.1695   0.1444  -0.0485
  0.0870   0.0851   0.1223   0.0766   0.1365  -0.0488
  0.0906  -0.0156   0.0904   0.1214   0.1313  -0.0304
  0.0954   0.0435   0.0812   0.0966   0.1158   0.0125
  0.0789  -0.0042   0.0855   0.1070   0.1236  -0.0663
  0.0938   0.0245   0.1083   0.1317   0.1452   0.0102
  0.0931   0.0314   0.1053   0.0867   0.1424  -0.0640
  0.0878   0.0062   0.0939   0.1432   0.1361  -0.0611
  0.0922   0.0615   0.0806   0.0638   0.1180  -0.0289
  0.0783   0.0307   0.0799   0.0567   0.1194  -0.0663
  0.0774   0.0165   0.1010   0.1464   0.1266  -0.0608
  0.0808   0.0598   0.0868   0.0556   0.1139  -0.0694
  0.1187   0.1234   0.1199   0.0822   0.1504  -0.0266
  0.0887   0.0124   0.1059   0.1036   0.1461  -0.0822
  0.0910   0.0733   0.1024   0.0534   0.1256   0.0054
  0.0676   0.0475   0.1018   0.0589   0.1328  -0.0347
  0.0708   0.0528   0.1064   0.1367   0.1283  -0.0465
  0.0745   0.0686   0.0978   0.0571   0.1255  -0.0657
  0.0575   0.0737   0.0825   0.1360   0.1040  -0.1266
  0.0203   0.0798   0.0588   0.0569   0.0760  -0.1808
  0.0411   0.0876   0.0551   0.0173   0.0707   0.0148
  0.0296   0.0204   0.0728   0.0880   0.0589   0.0335
  0.0474   0.0861   0.0529   0.0150   0.0635   0.0478
  0.0033   0.0581   0.0438   0.0234   0.0473  -0.2394
  0.0313   0.0928   0.0506   0.0242   0.0592  -0.0490
  0.0334   0.0653   0.0613   0.1190   0.0650  -0.0604
  0.0204   0.0851   0.0456   0.0387   0.0488  -0.1033
  0.0242   0.0873   0.0289   0.0678   0.0391   0.0257
 -0.0039   0.0905   0.0162   0.0162   0.0269  -0.0834
  0.0067   0.1504   0.0172   0.0154   0.0177  -0.0731
 -0.0013   0.1297   0.0117   0.0546   0.0239  -0.0999
  0.0084   0.1561   0.0109  -0.0121   0.0113  -0.0421
 -0.0044   0.1110   0.0249  -0.0021   0.0208  -0.0559
  0.0101   0.1247   0.0392  -0.0038   0.0297  -0.0399
 -0.0022   0.0886   0.0281  -0.0378   0.0194  -0.0854
  0.0021   0.0884   0.0200  -0.0019   0.0071  -0.0616
  0.0009   0.1158   0.0144  -0.0747   0.0031  -0.0168
 -0.0005   0.0467   0.0118  -0.0065   0.0015  -0.0030
  0.0054   0.0983   0.0143  -0.0473   0.0013  -0.0792
 -0.0015   0.0562   0.0079  -0.0637  -0.0049  -0.0752
  0.0001   0.0289   0.0063  -0.0243  -0.0018  -0.0193
  0.0013   0.0718   0.0006  -0.0469  -0.0093  -0.0076
 -0.0071   0.0716   0.0068  -0.0818  -0.0096  -0.0299
 -0.0105   0.0250   0.0191   0.0069  -0.0100  -0.0558
 -0.0016   0.0751   0.0007  -0.0556  -0.0159  -0.0199
 -0.0164   0.0189   0.0075  -0.0351  -0.0267  -0.0163
 -0.0048   0.0470   0.0156  -0.0152  -0.0129  -0.0667
 -0.0033   0.0102  -0.0042  -0.0609  -0.0234  -0.0304
  0.0034  -0.0252   0.0067   0.0269  -0.0220   0.0554
  0.0009   0.0055   0.0027  -0.0494  -0.0272  -0.0106
 -0.0089  -0.0543   0.0157   0.0385  -0.0251  -0.0000
 -0.0083   0.0057  -0.0093  -0.0555  -0.0313   0.0251
 -0.0089  -0.1025  -0.0196   0.0162  -0.0416  -0.0440
  0.0013  -0.0274  -0.0008  -0.0194  -0.0344   0.0513
 -0.0026  -0.0383  -0.0166  -0.0624  -0.0397  -0.0025
 -0.0149  -0.0846  -0.0195  -0.0019  -0.0424   0.0469
 -0.0027  -0.0321  -0.0095  -0.0397  -0.0313   0.0119
 -0.0198  -0.1230  -0.0240   0.0856  -0.0218  -0.0750
 -0.0379  -0.0611  -0.0495   0.0012  -0.0381  -0.0425
 -0.0102  -0.0379  -0.0244  -0.0395  -0.0365   0.1077
 -0.0100  -0.0440  -0.0283  -0.0402  -0.0517   0.0185
 -0.0048  -0.0562  -0.0252  -0.0253  -0.0551   0.0225
 -0.0026  -0.0138  -0.0212  -0.0631  -0.0565   0.0051
 -0.0084  -0.0495  -0.0171  -0.0416  -0.0592  -0.0067
 -0.0015  -0.0579  -0.0063   0.0023  -0.0474   0.0105
  0.0218  -0.0887  -0.0105  -0.0926  -0.0382   0.0498
 -0.0047  -0.1245  -0.0138  -0.0062  -0.0512  -0.0824
  0.0022  -0.1010  -0.0008  -0.0301  -0.0326   0.0468
  0.0037  -0.1441  -0.0063   0.0084  -0.0363   0.0658
 -0.0091  -0.1134  -0.0143  -0.0395  -0.0358   0.0014
 -0.0134  -0.1539  -0.0018   0.0160  -0.0356   0.0331
 -0.0018  -0.0749  -0.0071  -0.0353  -0.0350   0.0203
 -0.0198  -0.1119  -0.0042  -0.0400  -0.0476  -0.0291
 -0.0162  -0.1023   0.0058  -0.0043  -0.0385   0.0070
  0.0006  -0.0614   0.0137  -0.0448  -0.0169  -0.0046
 -0.0129  -0.1456   0.0080   0.0288  -0.0153  -0.0436
 -0.0083  -0.0646   0.0090  -0.0082  -0.0237  -0.0450
 -0.0087  -0.1006   0.0111  -0.0033  -0.0223  -0.0620
 -0.0099  -0.0978   0.0226   0.0394  -0.0098   0.0511
 -0.0096  -0.0842   0.0148  -0.0076  -0.0097   0.0020
 -0.0122  -0.1381  -0.0007   0.0077  -0.0111   0.0016
 -0.0115  -0.1312   0.0001   0.0497  -0.0111   0.0355
 -0.0015  -0.0855   0.0169   0.0034  -0.0084  -0.0039
 -0.0136  -0.1204   0.0187   0.0203  -0.0037  -0.0222
 -0.0076  -0.1051   0.0261   0.0441   0.0044   0.0637
 -0.0091  -0.0983   0.0101  -0.0139  -0.0018   0.0153
 -0.0171  -0.1379   0.0129   0.0596  -0.0094   0.0368
 -0.0085  -0.0851   0.0157   0.0020  -0.0169  -0.0170
 -0.0160  -0.1752  -0.0131  -0.0158  -0.0371   0.0910
 -0.0123  -0.2546  -0.0029   0.1049  -0.0346   0.0736
 -0.0025  -0.2030  -0.0075   0.0237  -0.0512   0.0670
 -0.0115  -0.3037  -0.0299   0.1062  -0.0563   0.0556
 -0.0069  -0.2267  -0.0220   0.0221  -0.0666   0.1029
 -0.0154  -0.2470  -0.0313   0.0090  -0.0628   0.0679
 -0.0108  -0.2307  -0.0243   0.0529  -0.0609   0.1068
 -0.0081  -0.2317  -0.0288   0.0182  -0.0649   0.0758
  0.0381  -0.0966  -0.0093  -0.1416  -0.0280   0.2102
 -0.0298  -0.2203  -0.0313   0.0104  -0.0719  -0.0526
 -0.0187  -0.1348  -0.0276  -0.0701  -0.0671   0.0779
 -0.0313  -0.2026  -0.0211  -0.0231  -0.0577   0.0259
 -0.0122  -0.1474  -0.0110   0.0029  -0.0393   0.0595
 -0.0165  -0.1283  -0.0235  -0.0513  -0.0426   0.0043
 -0.0152  -0.1478  -0.0221  -0.0137  -0.0380   0.0764
 -0.0179  -0.1165  -0.0274  -0.0774  -0.0452   0.0274
 -0.0180  -0.1733  -0.0189   0.0028  -0.0346  -0.0112
 -0.0065  -0.1177  -0.0157  -0.0522  -0.0385   0.0648
 -0.0167  -0.1663  -0.0149  -0.0049  -0.0280   0.0613
 -0.0042  -0.1148   0.0029  -0.0263  -0.0122   0.0661
 -0.0075  -0.1375   0.0036  -0.0165  -0.0026   0.0230
 -0.0044  -0.1279   0.0007  -0.0040  -0.0125   0.1122
 -0.0094  -0.1324  -0.0115  -0.0641  -0.0231   0.0478
 -0.0112  -0.1653  -0.0119   0.0129  -0.0265   0.1131
 -0.0015  -0.1109  -0.0175  -0.0575  -0.0267   0.0073
 -0.0117  -0.1499  -0.0128  -0.0084  -0.0177   0.0087
 -0.0024  -0.1307  -0.0090  -0.0053  -0.0083   0.0560
 -0.0156  -0.1424  -0.0324  -0.0405  -0.0072   0.0674
 -0.0065  -0.1828  -0.0278   0.0003  -0.0037   0.0589
  0.0075  -0.1496  -0.0413  -0.0362   0.0016   0.0422
 -0.0077  -0.2149  -0.0485  -0.0133  -0.0064   0.0357
 -0.0003  -0.1740  -0.0388   0.0070  -0.0118   0.0729
  0.0038  -0.1944  -0.0551  -0.0371  -0.0182   0.0847
 -0.0163  -0.2529  -0.0588   0.0460  -0.0371   0.0603
 -0.0063  -0.2149  -0.0715  -0.0305  -0.0506   0.1074
 -0.0172  -0.2925  -0.0814   0.0196  -0.0546   0.0901
 -0.0056  -0.2579  -0.0723   0.0148  -0.0449   0.0694
 -0.0102  -0.2288  -0.0761  -0.0306  -0.0431   0.0806
 -0.0167  -0.2461  -0.0682   0.0141  -0.0496   0.0725
 -0.0072  -0.2294  -0.0691  -0.0511  -0.0530   0.0968
 -0.0270  -0.2883  -0.0710   0.0037  -0.0479   0.1012
 -0.0046  -0.2210  -0.0528  -0.0222  -0.0477   0.1183
 -0.0267  -0.3073  -0.0742   0.0031  -0.0552   0.0869
 -0.0134  -0.2664  -0.0601  -0.0000  -0.0485   0.1300
 -0.0130  -0.2805  -0.0780  -0.0472  -0.0630   0.1010
 -0.0214  -0.3403  -0.0658   0.0512  -0.0554   0.0613
 -0.0068  -0.2720  -0.0602  -0.0447  -0.0595   0.1011
 -0.0184  -0.3589  -0.0659   0.0065  -0.0626   0.0898
 -0.0021  -0.2990  -0.0491   0.0065  -0.0568   0.0714
 -0.0035  -0.2930  -0.0490  -0.0396  -0.0581   0.1563
 -0.0082  -0.3841  -0.0608   0.0377  -0.0464   0.1314
 -0.0006  -0.3054  -0.0566  -0.0041  -0.0454   0.2019
 -0.0062  -0.3129  -0.0714  -0.0301  -0.0447   0.1536
