 -0.1159  -0.0749  -0.1501   0.1020  -0.1555   0.3349
 -0.0561  -0.0386  -0.1459   0.1064  -0.1880   0.2097
 -0.0084  -0.0457  -0.1548   0.1252  -0.1494   0.1689
  0.0023  -0.0185  -0.1648   0.1212  -0.1557   0.1624
 -0.0009  -0.0253  -0.1423   0.1296  -0.1654   0.1471
 -0.0296  -0.0227  -0.1751   0.1174  -0.1349   0.1752
  0.0301   0.0238  -0.1742   0.1898  -0.1970   0.0976
  0.0188  -0.0093  -0.1610   0.1278  -0.1367   0.1190
  0.0054  -0.0237  -0.1535   0.1295  -0.1424   0.1342
  0.0095  -0.0355  -0.1649   0.1554  -0.1388   0.1168
  0.0024  -0.0293  -0.1716   0.1074  -0.1330   0.1256
  0.0199  -0.0389  -0.1537   0.1593  -0.1488   0.0952
  0.0136  -0.0336  -0.1674   0.1158  -0.1175   0.1169
  0.0119  -0.0564  -0.1426   0.1511  -0.1510   0.1079
  0.0134  -0.0673  -0.1404   0.1377  -0.1253   0.1004
  0.0326  -0.0480  -0.1525   0.0892  -0.1288   0.1122
  0.0284  -0.0408  -0.1568   0.1053  -0.1372   0.0940
  0.0108  -0.0560  -0.1655   0.0591  -0.1296   0.0943
  0.0232  -0.0741  -0.1468   0.1103  -0.1500   0.0887
  0.0497  -0.0475  -0.0777   0.0532  -0.0774   0.0919
  0.0638  -0.0766  -0.0710   0.1280  -0.1046   0.0665
  0.0392  -0.0755  -0.0974   0.0694  -0.0750   0.1094
  0.0629  -0.0886  -0.0844   0.0982  -0.0953   0.0893
  0.0493  -0.0799  -0.0942   0.0764  -0.0731   0.0862
  0.0458  -0.0784  -0.0889   0.0635  -0.0814   0.0961
  0.0403  -0.0852  -0.0977   0.0865  -0.0939   0.0841
  0.0382  -0.0652  -0.1013   0.0385  -0.0733   0.0971
  0.0384  -0.0843  -0.0752   0.0955  -0.0906   0.0810
  0.0164  -0.0729  -0.1154   0.0347  -0.0753   0.1122
 -0.0124  -0.0915  -0.1129   0.0726  -0.1128   0.1051
 -0.0248  -0.0881  -0.1281   0.0424  -0.0968   0.1047
 -0.0270  -0.0963  -0.1125   0.0489  -0.1152   0.1166
 -0.0352  -0.0834  -0.1217   0.0528  -0.1001   0.0898
 -0.0392  -0.0855  -0.1263   0.0173  -0.0901   0.1049
 -0.0390  -0.0837  -0.1025   0.0558  -0.1139   0.0892
 -0.0311  -0.0693  -0.1081   0.0372  -0.0855   0.0960
 -0.0046  -0.0760  -0.0563   0.1090  -0.0991   0.0684
 -0.0296  -0.0818  -0.1037   0.0624  -0.0881   0.0893
 -0.0451  -0.0723  -0.0942   0.0374  -0.0769   0.1020
 -0.0474  -0.0833  -0.0952   0.0676  -0.0881   0.0876
 -0.0384  -0.0646  -0.1082   0.0216  -0.0621   0.1039
 -0.0412  -0.0630  -0.0858   0.0503  -0.0923   0.0931
 -0.0726  -0.0735  -0.0991   0.0223  -0.0820   0.1021
 -0.0587  -0.0824  -0.0847   0.0406  -0.0957   0.0906
 -0.0658  -0.0792  -0.1260   0.0168  -0.0680   0.1114
 -0.0883  -0.1048  -0.0808   0.0597  -0.1213   0.1145
 -0.0962   0.0114  -0.0844  -0.0047  -0.0879   0.1225
 -0.0607  -0.0234  -0.0684   0.0133  -0.0881   0.1105
 -0.0496  -0.0486  -0.0735   0.0128  -0.0696   0.0943
 -0.0521  -0.1362  -0.0922   0.0355  -0.0647   0.1090
 -0.0906  -0.1179  -0.0688   0.0203  -0.0665   0.1099
 -0.0636  -0.1177  -0.0596   0.0148  -0.0544   0.1095
 -0.0504  -0.0976  -0.0643   0.0414  -0.0445   0.0891
 -0.0591  -0.0822  -0.0603  -0.0059  -0.0404   0.1005
 -0.0539  -0.0294  -0.0763  -0.0126  -0.0738   0.0987
 -0.0311  -0.0575  -0.0505  -0.0136  -0.0305   0.0832
 -0.0456  -0.0571  -0.0725  -0.0137  -0.0702   0.0898
 -0.0520  -0.0724  -0.0927  -0.0234  -0.0690   0.0964
 -0.0556  -0.1224  -0.1100  -0.0554  -0.1025   0.1292
 -0.0670  -0.1009  -0.1133  -0.0742  -0.0749   0.1261
 -0.0678  -0.0861  -0.0868  -0.0351  -0.0946   0.1077
 -0.0745  -0.0785  -0.0938  -0.0306  -0.0722   0.1041
 -0.0745  -0.0802  -0.0819  -0.0353  -0.0752   0.1127
 -0.0693  -0.0698  -0.1067  -0.0253  -0.0844   0.0979
 -0.0799  -0.0730  -0.1028  -0.0595  -0.0757   0.1076
 -0.0797  -0.0920  -0.0990  -0.0311  -0.0706   0.0847
 -0.0885  -0.0639  -0.1357  -0.0563  -0.0739   0.1191
 -0.1144  -0.0360  -0.1227  -0.0497  -0.1093   0.1248
 -0.0946  -0.0153  -0.1443  -0.1017  -0.0917   0.1118
 -0.1002  -0.0328  -0.1358  -0.0485  -0.0896   0.0761
 -0.1041  -0.0243  -0.1188  -0.0804  -0.0761   0.0848
 -0.0900  -0.0397  -0.1145  -0.0444  -0.0851   0.0575
 -0.1060  -0.0168  -0.1178  -0.0887  -0.0627   0.0996
 -0.1063  -0.0090  -0.1127  -0.0664  -0.0762   0.0815
 -0.0816   0.0084  -0.1256  -0.0976  -0.0346   0.0704
 -0.0707  -0.0274  -0.0962  -0.0430  -0.0613   0.0332
 -0.0881   0.0057  -0.1221  -0.1039  -0.0426   0.0628
 -0.0847   0.0102  -0.0983  -0.0746  -0.0684   0.0710
 -0.0785   0.0189  -0.1105  -0.0674  -0.0566   0.0492
 -0.0929   0.0088  -0.1152  -0.0966  -0.0524   0.0507
 -0.0795  -0.0001  -0.0982  -0.0568  -0.0649   0.0378
 -0.0927   0.0045  -0.1246  -0.0886  -0.0453   0.0511
 -0.0893  -0.0204  -0.1053  -0.0635  -0.0646   0.0424
 -0.0948  -0.0066  -0.1121  -0.0605  -0.0532   0.0380
 -0.0905  -0.0102  -0.0869  -0.0915  -0.0459   0.0638
 -0.0902  -0.0091  -0.0863  -0.0344  -0.0527   0.0434
 -0.1018   0.0142  -0.0951  -0.0791  -0.0350   0.0459
 -0.0898   0.0073  -0.0868  -0.0846  -0.0424   0.0500
 -0.0875   0.0120  -0.0724  -0.0368  -0.0431   0.0117
 -0.0909  -0.0023  -0.0870  -0.0810  -0.0176   0.0274
 -0.0775   0.0010  -0.0578  -0.0212  -0.0352  -0.0056
 -0.0849  -0.0006  -0.0731  -0.0913   0.0014   0.0279
 -0.0974  -0.0168  -0.0619  -0.0424  -0.0341   0.0085
 -0.1108   0.0033  -0.0869  -0.0527  -0.0175   0.0236
 -0.1085   0.0168  -0.0704  -0.0680  -0.0173   0.0262
 -0.0767   0.0108  -0.0504  -0.0149  -0.0228  -0.0059
 -0.0798   0.0211  -0.0557  -0.0780   0.0036   0.0290
 -0.0671   0.0003  -0.0135  -0.0039  -0.0225  -0.0096
 -0.0906   0.0196  -0.0426  -0.0638  -0.0037  -0.0018
 -0.0715   0.0283  -0.0091  -0.0577   0.0104   0.0015
 -0.0384   0.0397   0.0208  -0.0224   0.0288  -0.0331
 -0.0282   0.0458   0.0266  -0.0596   0.0558  -0.0114
 -0.0170   0.0301   0.0524   0.0298   0.0142  -0.0585
 -0.0372   0.0668   0.0328  -0.0250   0.0186  -0.0303
 -0.0290   0.0727   0.0528  -0.0092   0.0093  -0.0332
 -0.0122   0.0733   0.0732   0.0380  -0.0017  -0.0745
 -0.0167   0.1067   0.0765  -0.0354   0.0394  -0.0362
  0.0063   0.0885   0.1183   0.0660   0.0261  -0.0932
 -0.0098   0.1087   0.0876  -0.0185   0.0620  -0.0602
 -0.0007   0.0909   0.0798   0.0022   0.0366  -0.0616
 -0.0087   0.0908   0.0460   0.0088   0.0231  -0.0632
 -0.0057   0.0717   0.0667   0.0274  -0.0003  -0.0591
 -0.0242   0.0451   0.0033  -0.0431   0.0223  -0.0134
 -0.0248   0.0473   0.0099   0.0156   0.0035  -0.0464
 -0.0360   0.0433   0.0083  -0.0109   0.0180  -0.0259
 -0.0325   0.0238   0.0227   0.0395   0.0010  -0.0495
 -0.0543   0.0397  -0.0093  -0.0447   0.0310  -0.0333
 -0.0458   0.0027   0.0231   0.0295   0.0051  -0.0644
 -0.0431   0.0155   0.0210  -0.0295   0.0226  -0.0406
 -0.0295   0.0045   0.0489   0.0247   0.0120  -0.0529
 -0.0049   0.0243   0.0606   0.0043   0.0310  -0.0698
 -0.0138   0.0172   0.0623   0.0174   0.0352  -0.0660
 -0.0135  -0.0046   0.0508   0.0442   0.0218  -0.0908
 -0.0143   0.0126   0.0480  -0.0314   0.0532  -0.0502
  0.0033   0.0063   0.0789   0.0414   0.0310  -0.1063
 -0.0022   0.0127   0.0693  -0.0226   0.0434  -0.0837
  0.0035   0.0077   0.0828   0.0265   0.0290  -0.0897
  0.0051   0.0165   0.0671  -0.0139   0.0420  -0.0907
 -0.0165   0.0084   0.0637  -0.0556   0.0323  -0.0497
 -0.0280   0.0016   0.0670  -0.0013   0.0192  -0.0713
 -0.0312   0.0326   0.0437  -0.0537   0.0286  -0.0386
 -0.0250   0.0240   0.0452  -0.0658   0.0400  -0.0345
 -0.0218   0.0330   0.0522   0.0049   0.0334  -0.0763
 -0.0369   0.0295   0.0369  -0.0339   0.0484  -0.0528
 -0.0174   0.0249   0.0819   0.0119   0.0401  -0.0715
  0.0069   0.0447   0.0765  -0.0469   0.0764  -0.0711
  0.0260   0.0504   0.1233   0.0246   0.0768  -0.1048
  0.0121   0.0436   0.0824  -0.0538   0.0834  -0.0741
 -0.0083   0.0432   0.0789  -0.0568   0.0716  -0.0587
  0.0240   0.0402   0.0998  -0.0290   0.0713  -0.0768
  0.0499   0.0577   0.1130  -0.0934   0.0960  -0.0779
  0.0605   0.0532   0.1316  -0.0381   0.0818  -0.0884
  0.0626   0.0682   0.1325  -0.0470   0.1025  -0.1041
  0.0579   0.0685   0.1400  -0.0140   0.1087  -0.1101
  0.0782   0.0624   0.1444   0.0034   0.1034  -0.1377
  0.0513   0.0673   0.1373  -0.0352   0.1083  -0.1054
  0.0706   0.0732   0.1642   0.0197   0.0998  -0.1487
  0.0758   0.0866   0.1404  -0.0797   0.1313  -0.1105
  0.0976   0.0809   0.1844   0.0469   0.1064  -0.1617
  0.0825   0.0794   0.1612  -0.0786   0.1698  -0.1253
  0.1246   0.0747   0.2085   0.0500   0.1215  -0.1811
  0.1223   0.0644   0.1807  -0.0718   0.1646  -0.1324
  0.1349   0.0642   0.2241   0.0417   0.1391  -0.1716
  0.1222   0.0966   0.2083  -0.0137   0.1577  -0.1684
  0.1256   0.0822   0.2158  -0.0288   0.1607  -0.1494
  0.1415   0.1077   0.2157  -0.0088   0.1666  -0.1812
  0.1343   0.0885   0.2133  -0.1125   0.1758  -0.1234
  0.1670   0.0955   0.2482   0.0157   0.1611  -0.2054
  0.1443   0.1054   0.2289  -0.0633   0.1914  -0.1572
  0.1409   0.1076   0.2218   0.0222   0.1519  -0.1900
  0.1547   0.0817   0.2047  -0.0466   0.1860  -0.1752
  0.1622   0.0669   0.2299  -0.0476   0.1845  -0.1613
  0.1675   0.0684   0.2141  -0.0607   0.1876  -0.1760
  0.1588   0.0636   0.2318  -0.0413   0.1980  -0.1777
  0.1505   0.0601   0.2113  -0.0686   0.2108  -0.1870
  0.1456   0.0549   0.2429   0.0337   0.1920  -0.2162
  0.1331   0.0494   0.2182  -0.0834   0.2355  -0.1731
  0.1468   0.0528   0.2460   0.0203   0.1976  -0.2110
  0.1316   0.0674   0.2114  -0.0757   0.2354  -0.1849
  0.1593   0.0699   0.2558   0.0347   0.1963  -0.2311
  0.1414   0.0521   0.2205  -0.0406   0.2232  -0.2082
  0.1772   0.0431   0.2719   0.0083   0.2133  -0.2140
  0.1726   0.0682   0.2478  -0.0501   0.2299  -0.1922
  0.1886   0.0814   0.2625  -0.0381   0.2157  -0.1877
  0.1902   0.0761   0.2583  -0.0114   0.2216  -0.2294
  0.1732   0.0811   0.2295  -0.1003   0.2483  -0.1750
  0.2051   0.0705   0.2860   0.0503   0.2118  -0.2572
  0.1818   0.0905   0.2403  -0.0861   0.2424  -0.1903
  0.2177   0.0994   0.3104   0.0280   0.2139  -0.2391
  0.1980   0.0998   0.2625  -0.1272   0.2531  -0.1883
