  0.3652  -0.0802   0.2986  -0.0631   0.1321  -0.0729
  0.3675  -0.0735   0.2681  -0.0699   0.1329  -0.0481
  0.3014  -0.0954   0.2452  -0.0389   0.1119  -0.0202
  0.3296  -0.1353   0.2703  -0.0218   0.1147  -0.0691
  0.3369  -0.1255   0.2557  -0.0300   0.1200  -0.0403
  0.3154  -0.1087   0.2527  -0.0355   0.1112  -0.0438
  0.3159  -0.1151   0.2544  -0.0382   0.1062  -0.0099
  0.3011  -0.1278   0.2394  -0.0065   0.1021  -0.0394
  0.3014  -0.1300   0.2479  -0.0209   0.1005  -0.0443
  0.2786  -0.0991   0.2296  -0.0328   0.0862   0.0048
  0.2628  -0.0949   0.2370  -0.0375   0.0822  -0.0454
  0.2577  -0.0503   0.2175  -0.0399   0.0823  -0.0279
  0.2500  -0.0228   0.2232  -0.0938   0.0788  -0.0155
  0.2486  -0.0505   0.2473  -0.0985   0.0724  -0.0272
  0.2922  -0.1032   0.2860  -0.0817   0.1149  -0.0455
  0.2679   0.0117   0.2097  -0.2003   0.1189   0.0146
  0.2664  -0.2585   0.2463  -0.0545   0.1006  -0.0157
  0.2561  -0.2718   0.2388   0.0240   0.1087  -0.0072
  0.2744  -0.2809   0.2829   0.0433   0.1324  -0.0148
  0.3103  -0.2962   0.2935   0.0510   0.1398  -0.0015
  0.3169  -0.2225   0.2420   0.1152   0.1487  -0.0559
  0.4799   0.6558   0.1073  -0.4329   0.2344  -0.1494
  0.4056   0.3915   0.0453  -0.0108   0.1908  -0.2103
  0.4824   0.7950  -0.0848   0.1612   0.2306  -0.1964
  0.4315   0.4906   0.1130   0.0855   0.1607  -0.1995
  0.3599   0.4110   0.1125   0.0601   0.1411  -0.1609
  0.3663   0.3929   0.0992   0.1647   0.1313  -0.1466
  0.3084   0.3322   0.0914   0.0693   0.1292  -0.0605
  0.3049   0.2660   0.0756   0.0303   0.1327  -0.0377
  0.2853   0.2306   0.0665   0.0342   0.1333  -0.0377
  0.2568   0.2212   0.0432  -0.0043   0.1394  -0.0632
  0.3422   0.6257  -0.0238   0.0169   0.1980  -0.1925
  0.4323   0.7906  -0.2475  -0.1082   0.2618  -0.0583
  0.2964   0.1596   0.0379  -0.0305   0.0945   0.1376
  0.2629   0.0444   0.0229   0.0328   0.0938   0.0906
  0.2736   0.0042   0.0437   0.1597   0.0764   0.1022
  0.2229  -0.0613   0.0288   0.2014   0.1076  -0.0061
  0.1988  -0.0711  -0.0028   0.2193   0.1006   0.0892
  0.1834  -0.1335   0.0002   0.2088   0.0944   0.0277
  0.1796  -0.1526  -0.0033   0.1984   0.0977   0.0215
  0.1178  -0.1495  -0.0230   0.1678   0.0717   0.0223
  0.1414  -0.0811   0.0174   0.1963   0.0732  -0.0743
  0.2404  -0.2248   0.0800   0.1586   0.1014  -0.0588
  0.2138  -0.0439  -0.0088   0.1458   0.1067   0.0342
  0.1683  -0.0528   0.0098   0.1000   0.1015  -0.0135
  0.1620   0.0156  -0.0064   0.0791   0.0969  -0.0114
  0.1381  -0.0150  -0.0122   0.1071   0.0818   0.0332
  0.1319  -0.0491  -0.0032   0.0742   0.0915  -0.0225
  0.1356  -0.0529  -0.0153   0.1108   0.0891   0.0497
  0.1521  -0.0543  -0.0070   0.1000   0.1188   0.0078
  0.1574  -0.0696   0.0081   0.1174   0.1283  -0.0398
  0.1484  -0.0774   0.0353   0.1194   0.1086   0.0035
  0.1422  -0.0834   0.0203   0.1163   0.0922  -0.0062
  0.1535  -0.0950   0.0012   0.1166   0.0957  -0.0300
  0.0327  -0.0368  -0.1549   0.1016  -0.0005  -0.0386
 -0.0074  -0.0395  -0.1253   0.0894   0.0106  -0.0223
 -0.0140  -0.0553  -0.1001   0.0812   0.0145  -0.0352
 -0.0003  -0.0376  -0.1021   0.0882   0.0153  -0.0629
 -0.0183  -0.0286  -0.1323   0.1142  -0.0019   0.0084
 -0.0171  -0.0295  -0.1276   0.1355  -0.0017   0.0112
 -0.0217  -0.0587  -0.2002   0.1567  -0.0759  -0.0200
 -0.0137  -0.1139  -0.0994   0.1348  -0.0414  -0.0251
  0.0196  -0.0893  -0.1445   0.1142  -0.0078  -0.0055
 -0.0722   0.4560  -0.1852  -0.2919  -0.0668   0.0344
 -0.0421   0.3164  -0.0829  -0.2300   0.0244  -0.0158
 -0.0277   0.2665  -0.0795  -0.1564   0.0454  -0.0046
 -0.0547   0.4350  -0.0812  -0.2714   0.0188   0.0173
 -0.0337   0.1928  -0.0675  -0.1358   0.0310   0.0146
 -0.0507   0.1889  -0.0596  -0.1196   0.0096  -0.0056
 -0.0630   0.1922  -0.0569  -0.0951   0.0039  -0.0216
 -0.0395   0.1584  -0.0445  -0.0506   0.0259  -0.0177
 -0.0438   0.0816  -0.0201  -0.0124   0.0101  -0.0106
 -0.0474   0.0998  -0.0282  -0.0099   0.0121   0.0122
 -0.0486   0.0735  -0.0213  -0.0203   0.0107   0.0127
 -0.0402   0.0695  -0.0091  -0.0101   0.0220   0.0345
 -0.0366   0.0638  -0.0124   0.0309   0.0112   0.0186
 -0.0249   0.0357  -0.0044   0.0309   0.0180   0.0372
 -0.0192   0.0056   0.0112   0.0206   0.0157  -0.0166
 -0.0222   0.0346   0.0080   0.0086   0.0069  -0.0228
 -0.0205   0.0357   0.0077  -0.0002   0.0127   0.0280
 -0.0106  -0.0012   0.0387   0.0404   0.0206   0.0374
 -0.0573   0.2014   0.0255  -0.2094  -0.0240   0.0727
 -0.1046   0.0833   0.0473  -0.1211  -0.0513   0.0255
 -0.0945   0.0529   0.0382  -0.0760  -0.0358   0.0475
 -0.1096   0.0408   0.0177  -0.0232  -0.0427   0.0412
 -0.1085   0.0316   0.0194  -0.0270  -0.0333   0.0448
 -0.1155   0.0300   0.0311  -0.0181  -0.0244   0.0244
 -0.1069   0.0084   0.0398  -0.0335  -0.0154  -0.0186
 -0.1070   0.0158   0.0328  -0.0430  -0.0239  -0.0042
 -0.1269   0.0335   0.0352  -0.0158  -0.0442  -0.0110
 -0.1201   0.0423   0.0411  -0.0190  -0.0412  -0.0101
 -0.0772   0.0765   0.0052  -0.0449  -0.0189   0.0078
 -0.0798   0.1019   0.0113  -0.0632  -0.0197  -0.0343
 -0.0855   0.1106   0.0266  -0.0800  -0.0168   0.0132
 -0.1020   0.1080   0.0117  -0.0632  -0.0232   0.0249
 -0.1057   0.1115  -0.0062  -0.0650  -0.0146   0.0265
 -0.1266   0.0956   0.0057  -0.0328  -0.0177   0.0180
 -0.1289   0.0706  -0.0222  -0.0509  -0.0214   0.0026
 -0.1354   0.0690  -0.0284  -0.0073  -0.0364   0.0188
 -0.1624   0.0548  -0.0629   0.0014  -0.0882   0.0151
 -0.1748   0.0205  -0.0294  -0.0093  -0.0764   0.0048
 -0.1584   0.0169  -0.0292   0.0057  -0.0647   0.0483
 -0.1578  -0.0057  -0.0253   0.0062  -0.0617   0.0370
 -0.1550  -0.0034  -0.0204  -0.0112  -0.0528   0.0097
 -0.1447   0.0169  -0.0178   0.0022  -0.0538   0.0001
 -0.1406  -0.0116  -0.0145   0.0070  -0.0526   0.0316
 -0.1474  -0.0151  -0.0192  -0.0002  -0.0589   0.0216
 -0.1645  -0.0242  -0.0294   0.0349  -0.0742   0.0231
 -0.1493  -0.1179  -0.0281   0.0645  -0.0886   0.0273
 -0.1816  -0.1080  -0.0465   0.0508  -0.1041  -0.0056
 -0.1801  -0.1017  -0.0475   0.0578  -0.0995  -0.0122
 -0.1826  -0.1347  -0.0500   0.0654  -0.0959   0.0239
 -0.1761  -0.1057  -0.0438   0.0541  -0.0982   0.0562
 -0.1906  -0.0678  -0.0692   0.0203  -0.1038   0.0368
 -0.2040  -0.0159  -0.0627  -0.0675  -0.1078  -0.0645
 -0.2234  -0.0121  -0.1130  -0.0658  -0.1130   0.0235
 -0.2187  -0.0327  -0.0886  -0.0263  -0.1074   0.0239
 -0.2207  -0.0539  -0.0798  -0.0388  -0.1150  -0.0196
 -0.2007  -0.0680  -0.0806  -0.0346  -0.1077  -0.0135
 -0.2382  -0.0948  -0.0916  -0.0070  -0.1322   0.0241
 -0.2230  -0.0882  -0.0636  -0.0364  -0.1324  -0.0068
 -0.2099  -0.0829  -0.0717   0.0978  -0.1433   0.0013
 -0.2227  -0.1759  -0.0562   0.0209  -0.1441  -0.0262
 -0.2155  -0.1767  -0.0680   0.0165  -0.1305   0.0022
 -0.2138  -0.1391  -0.0752  -0.0080  -0.1284   0.0267
 -0.2103  -0.1044  -0.0710  -0.0294  -0.1331   0.0291
 -0.2388  -0.1372  -0.0850  -0.0001  -0.1234   0.0592
 -0.2665   0.1501  -0.2035  -0.2511  -0.1225   0.0739
 -0.2363  -0.1122  -0.1381  -0.1205  -0.1330   0.0184
 -0.2848  -0.1277  -0.1296  -0.0999  -0.1869   0.0613
 -0.2595  -0.1390  -0.1352  -0.0467  -0.1668   0.0546
 -0.2579  -0.1450  -0.1432  -0.0687  -0.1489   0.0473
 -0.2643  -0.1596  -0.1149  -0.0806  -0.1554   0.0363
 -0.2812  -0.1947  -0.1433  -0.0654  -0.1857   0.0542
 -0.3167  -0.1679  -0.1290  -0.0667  -0.1804   0.0553
 -0.3032  -0.1864  -0.1044  -0.0136  -0.1854   0.0737
 -0.2828  -0.2522  -0.1009   0.0612  -0.1921   0.0292
 -0.2337  -0.3305  -0.0716   0.0480  -0.1773   0.0656
 -0.2771  -0.2898  -0.0843   0.0112  -0.1820   0.0798
 -0.2808  -0.2742  -0.1055   0.0326  -0.1819   0.0519
 -0.3082  -0.2566  -0.1207   0.0532  -0.1900   0.0529
 -0.3202  -0.2089  -0.1308   0.0665  -0.1834   0.0024
 -0.2653  -0.0471  -0.2213   0.0648  -0.0952   0.0370
 -0.2526  -0.0721  -0.1130  -0.0325  -0.0867  -0.0167
 -0.2834  -0.0556  -0.1048   0.0504  -0.0911   0.0230
 -0.2524   0.1140  -0.1262  -0.0520  -0.0389   0.0165
 -0.2565   0.1311  -0.0953  -0.2372  -0.0695   0.1306
 -0.2212  -0.0378  -0.1085  -0.1578  -0.0618   0.0932
 -0.2166  -0.0818  -0.0975  -0.1003  -0.0810   0.0581
 -0.2008  -0.1516  -0.0926  -0.0165  -0.0670   0.0140
