  0.0395   0.1327  -0.0593  -0.2821   0.0387   0.2115
  0.0339   0.0664  -0.0718  -0.1780   0.0332   0.1604
  0.0391   0.1196  -0.0630  -0.2070   0.0397   0.2213
  0.0322   0.0487  -0.0560  -0.1365   0.0289   0.0921
  0.0361   0.1262  -0.0639  -0.2007   0.0271   0.2384
  0.0390   0.0574  -0.0532  -0.1281   0.0413   0.1849
  0.0406   0.1316  -0.0592  -0.2301   0.0340   0.2194
  0.0284   0.0659  -0.0595  -0.1307   0.0287   0.1480
  0.0484   0.1047  -0.0609  -0.1963   0.0443   0.0908
  0.0482   0.0740  -0.0471  -0.1174   0.0492   0.2011
  0.0547   0.0994  -0.0504  -0.1648   0.0550   0.1584
  0.0749   0.0491  -0.0066  -0.0742   0.1107   0.1651
  0.0671   0.0747  -0.0421  -0.1425   0.0895   0.1408
  0.0635   0.0928  -0.0334  -0.1059   0.0802   0.1908
  0.0624   0.0783  -0.0335  -0.1209   0.0810   0.1053
  0.0672   0.1209  -0.0348  -0.1112   0.0867   0.2605
  0.0769   0.0741  -0.0174  -0.0978   0.1033   0.1263
  0.0843   0.0913  -0.0016  -0.1180   0.1171   0.1522
 -0.0761   0.0046  -0.1326  -0.0389   0.0019   0.1026
 -0.0083   0.0843  -0.0473  -0.0924   0.0400   0.1385
  0.0016   0.0226  -0.0850  -0.0441   0.0326   0.0784
  0.0237   0.0541  -0.0677  -0.0818   0.0675   0.0871
  0.0303   0.0373  -0.0535  -0.0400   0.0823   0.0761
  0.1007   0.0722   0.0121  -0.0204   0.1485   0.1119
  0.0312   0.0204  -0.0455  -0.0709   0.0462   0.0278
 -0.0092   0.0541  -0.0180  -0.1393   0.0026   0.1389
  0.0058  -0.0385  -0.0029  -0.0052   0.0378   0.0012
  0.0322   0.0507  -0.0268  -0.0642   0.0479   0.0461
  0.0399   0.0127  -0.0363  -0.0044   0.0698   0.0376
  0.0393   0.0761  -0.0178  -0.0842   0.0603   0.1061
  0.0313   0.0242  -0.0303  -0.0012   0.0601   0.0925
  0.0644   0.0846   0.0372  -0.0851   0.1227   0.1173
  0.0844   0.0189   0.0533   0.0349   0.1142   0.1107
  0.0692   0.1036   0.0213  -0.0715   0.0930   0.0606
 -0.0280   0.1229  -0.0396   0.0149  -0.0045   0.1017
  0.0288   0.1600  -0.0141  -0.0624   0.0512   0.1032
  0.0208   0.1032  -0.0313   0.0353   0.0563   0.1168
 -0.0217   0.1337  -0.0378  -0.0436   0.0045   0.1542
 -0.0191   0.1022  -0.0043   0.0118   0.0161   0.2142
 -0.0099   0.1031  -0.0124  -0.0176   0.0366   0.1276
 -0.0350   0.1419  -0.0111  -0.0570  -0.0192   0.2431
 -0.0502   0.0474   0.0096   0.0595  -0.0386   0.1017
  0.0092   0.0884   0.0494  -0.0324   0.0754   0.1911
  0.0111  -0.0362   0.0296   0.0867   0.0523   0.0949
  0.0095   0.0014   0.0579  -0.0230   0.0609   0.0524
 -0.0126  -0.0748   0.0390   0.0930   0.0228   0.0309
 -0.0139  -0.0099   0.0750  -0.0128   0.0128   0.0744
  0.0198  -0.0620   0.0550   0.1197   0.0595   0.0809
  0.0088  -0.0033   0.0637   0.0178   0.0622   0.0529
 -0.0052  -0.0329   0.0600   0.0491   0.0511   0.1415
 -0.0173  -0.0329   0.0578  -0.0023   0.0115  -0.0322
 -0.0282  -0.0210   0.0463  -0.0275   0.0022   0.0719
 -0.0247  -0.0466   0.0532  -0.0283   0.0030  -0.0609
 -0.0409  -0.0176   0.0349  -0.0486  -0.0109   0.0503
 -0.0438  -0.0467   0.0445  -0.0388  -0.0357  -0.0814
 -0.0478  -0.0219   0.0387  -0.0628  -0.0281   0.0509
 -0.0596  -0.0572   0.0405  -0.0298  -0.0513  -0.0049
 -0.0688  -0.0054   0.0318  -0.0661  -0.0691   0.0561
 -0.0597  -0.0623   0.0438   0.0104  -0.0473  -0.0394
 -0.0562   0.0104   0.0357  -0.0540  -0.0406   0.0286
 -0.0544  -0.0500   0.0266   0.0504  -0.0355   0.0074
 -0.0489   0.0371   0.0102  -0.0208  -0.0314   0.0504
 -0.0456  -0.0438  -0.0016   0.0954  -0.0198   0.0438
 -0.0502   0.0443  -0.0150  -0.0516  -0.0569   0.0532
 -0.1176  -0.0083  -0.0396   0.1035  -0.1320   0.1026
 -0.0736   0.0488  -0.0561  -0.0004  -0.1096   0.0721
 -0.0347   0.0076  -0.0564   0.0653  -0.0795   0.1101
 -0.0339   0.0291  -0.0641  -0.0004  -0.0774   0.0849
 -0.0236   0.0064  -0.0604   0.0736  -0.0591   0.0930
 -0.0261   0.0118  -0.0394   0.0338  -0.0596  -0.0025
 -0.0202   0.0239  -0.0376   0.0533  -0.0488   0.0904
 -0.0262   0.0036  -0.0545   0.0457  -0.0516   0.0597
 -0.0255   0.0532  -0.0440   0.0161  -0.0466   0.1059
 -0.0365  -0.0253  -0.0543   0.0929  -0.0563   0.0219
 -0.0354   0.1207  -0.0482  -0.0464  -0.0552   0.1107
 -0.0378  -0.0063  -0.0526   0.1361  -0.0440   0.0738
 -0.0110   0.0348  -0.0380   0.0456  -0.0224   0.0208
  0.0450  -0.0236   0.0067   0.2602   0.0356   0.1080
  0.0593  -0.0191   0.0218   0.2166   0.0510   0.0002
  0.0414  -0.0392  -0.0035   0.2574   0.0330   0.0991
  0.0278   0.0331   0.0256   0.0219  -0.0109   0.0245
  0.0085  -0.0687   0.0113   0.1654  -0.0035   0.0164
  0.0081  -0.0293  -0.0055   0.1165  -0.0108  -0.0745
  0.0110  -0.0771  -0.0083   0.1817  -0.0026   0.0012
  0.0223  -0.0093   0.0012   0.0390   0.0199  -0.0048
  0.0050  -0.0360  -0.0059   0.1161  -0.0179   0.0091
  0.0040  -0.0551  -0.0037   0.1326  -0.0060  -0.0784
 -0.0067  -0.0247  -0.0114   0.0456  -0.0363  -0.0052
 -0.0081  -0.0622   0.0008   0.0857  -0.0226  -0.0222
 -0.0040  -0.0123   0.0071   0.0002  -0.0140   0.0548
  0.0050  -0.0878   0.0147   0.1565  -0.0141  -0.0907
 -0.0086  -0.0241   0.0149  -0.0066  -0.0341  -0.0362
 -0.0137  -0.0827   0.0163   0.1095  -0.0315  -0.0353
 -0.0086  -0.0293   0.0203   0.0284  -0.0359  -0.0536
 -0.0069  -0.0983   0.0199   0.0995  -0.0212  -0.0485
 -0.0113  -0.0224   0.0146  -0.0401  -0.0339  -0.0338
 -0.0172  -0.0891   0.0202   0.1129  -0.0335  -0.0231
 -0.0069  -0.0249   0.0078   0.0224  -0.0094  -0.0811
 -0.0069  -0.0538   0.0094   0.0844  -0.0063   0.0144
  0.0033  -0.0380   0.0024   0.0568  -0.0055  -0.0919
  0.0075  -0.0403  -0.0040   0.1300  -0.0049  -0.0501
 -0.0012  -0.0162   0.0042   0.0300  -0.0032  -0.1122
 -0.0065  -0.0334   0.0005   0.1138  -0.0213  -0.0338
 -0.0045  -0.0366   0.0101   0.0821  -0.0111  -0.1210
 -0.0098  -0.0159   0.0277   0.0918  -0.0128  -0.0226
 -0.0059  -0.0599   0.0276   0.1182  -0.0196  -0.1430
 -0.0052  -0.0067   0.0164   0.0270  -0.0192  -0.0520
 -0.0001  -0.0969   0.0191   0.1572  -0.0106  -0.0943
  0.0050  -0.0123   0.0081   0.0290  -0.0105  -0.1140
  0.0021  -0.0807   0.0075   0.1290  -0.0085  -0.0687
 -0.0004  -0.0121   0.0054  -0.0164  -0.0231  -0.1164
 -0.0105  -0.0658   0.0115   0.0984  -0.0226  -0.0036
 -0.0096  -0.0130   0.0171   0.0075  -0.0288  -0.0803
 -0.0041  -0.0582   0.0202   0.1002  -0.0248  -0.1017
 -0.0109  -0.0296   0.0197   0.0002  -0.0303  -0.1398
 -0.0091  -0.0438   0.0154   0.0477  -0.0286  -0.0748
 -0.0007  -0.0432   0.0187  -0.0001  -0.0177  -0.1469
 -0.0035  -0.0362   0.0137  -0.0022  -0.0189  -0.1014
 -0.0024  -0.0471   0.0175  -0.0345  -0.0210  -0.1629
 -0.0025  -0.0422   0.0175  -0.0106  -0.0098  -0.1055
  0.0160  -0.0742   0.0142   0.0159   0.0002  -0.2142
  0.0045  -0.0097   0.0221  -0.0372  -0.0155  -0.1432
  0.0061  -0.0863   0.0216   0.0290  -0.0256  -0.2430
 -0.0146  -0.0053   0.0195  -0.0953  -0.0461  -0.1375
 -0.0115  -0.0670   0.0181   0.0444  -0.0324  -0.1489
 -0.0139  -0.0127   0.0207  -0.0385  -0.0265  -0.1400
 -0.0149  -0.0716   0.0277   0.0827  -0.0300  -0.1448
 -0.0145  -0.0180   0.0280  -0.0246  -0.0322  -0.1647
 -0.0146  -0.0385   0.0259   0.0442  -0.0256  -0.1289
 -0.0122  -0.0454   0.0311   0.0210  -0.0281  -0.1750
 -0.0169  -0.0259   0.0166   0.0019  -0.0276  -0.1050
 -0.0093  -0.0658   0.0267   0.0506  -0.0269  -0.2040
 -0.0185  -0.0150   0.0215  -0.0235  -0.0326  -0.1192
 -0.0131  -0.0663   0.0240   0.0142  -0.0331  -0.2460
 -0.0150  -0.0054   0.0206  -0.0501  -0.0317  -0.0918
  0.0004  -0.0693   0.0265   0.0350  -0.0224  -0.2018
 -0.0074   0.0009   0.0202  -0.0626  -0.0253  -0.1311
 -0.0051  -0.0753   0.0245   0.0536  -0.0272  -0.1983
 -0.0100  -0.0093   0.0241  -0.0715  -0.0286  -0.1532
 -0.0020  -0.0571   0.0277   0.0365  -0.0250  -0.1890
 -0.0041  -0.0347   0.0305  -0.0578  -0.0269  -0.1946
 -0.0054  -0.0394   0.0234  -0.0156  -0.0237  -0.1479
 -0.0088  -0.0571   0.0296  -0.0349  -0.0268  -0.2117
 -0.0078  -0.0260   0.0201  -0.0438  -0.0229  -0.1442
 -0.0050  -0.0716   0.0252  -0.0031  -0.0233  -0.2721
 -0.0137  -0.0168   0.0173  -0.0626  -0.0330  -0.1671
 -0.0076  -0.0613   0.0257  -0.0213  -0.0326  -0.2140
 -0.0023  -0.0070   0.0227  -0.0937  -0.0113  -0.1448
  0.0091  -0.0722   0.0186   0.0031   0.0018  -0.2214
  0.0007   0.0004   0.0263  -0.0961  -0.0189  -0.1673
