 -0.1420  -0.5862   0.7569  -0.9978   0.6002   0.4723
 -0.1461  -0.7286   0.8217  -0.9947   0.6276   0.4848
 -0.1340  -0.7608   0.8032  -1.0145   0.6065   0.5121
 -0.1544  -0.7949   0.7909  -0.9336   0.6136   0.5070
 -0.1768  -0.7862   0.7564  -0.8118   0.5760   0.4599
 -0.1805  -0.7215   0.7416  -0.8349   0.5667   0.4750
 -0.1969  -0.7923   0.7486  -0.8561   0.5613   0.4998
 -0.1884  -0.7682   0.7427  -0.9010   0.5552   0.5060
 -0.1786  -0.7594   0.7396  -0.9406   0.5586   0.4480
 -0.1783  -0.7900   0.7626  -0.9159   0.5658   0.4603
 -0.1698  -0.7168   0.7320  -0.9210   0.5475   0.4681
 -0.1640  -0.7563   0.7369  -0.9270   0.5486   0.4997
 -0.1645  -0.7959   0.7541  -0.9378   0.5627   0.4983
 -0.1557  -0.7842   0.7538  -0.9607   0.5765   0.4840
 -0.1511  -0.8525   0.7727  -0.9724   0.5924   0.5019
 -0.1698  -0.8185   0.7568  -0.9576   0.5706   0.4969
 -0.1771  -0.8070   0.7450  -0.9580   0.5593   0.5030
 -0.1832  -0.8542   0.7499  -0.9341   0.5500   0.5054
 -0.1848  -0.7732   0.7425  -0.9332   0.5380   0.5501
 -0.1777  -0.7436   0.7530  -0.8754   0.5544   0.4240
 -0.1830  -0.7891   0.7459  -0.8697   0.5589   0.5003
 -0.1725  -0.7318   0.7417  -0.8621   0.5615   0.4703
 -0.1654  -0.6991   0.7573  -0.8550   0.5668   0.4042
 -0.1689  -0.7466   0.7989  -0.8569   0.5767   0.4702
 -0.1719  -0.6782   0.7921  -0.8649   0.5617   0.5042
 -0.1759  -0.7053   0.8001  -0.8700   0.5614   0.3837
 -0.1783  -0.7174   0.7968  -0.8324   0.5769   0.4698
 -0.1802  -0.6483   0.8180  -0.8384   0.5899   0.4404
 -0.1765  -0.6722   0.8476  -0.8757   0.5936   0.4151
 -0.1836  -0.6738   0.8414  -0.8409   0.5857   0.4632
 -0.1188  -0.3796   0.6386  -0.7204   0.4847   0.2384
 -0.1649   0.1327   0.0333   0.3301  -0.0382  -0.0630
 -1.4563  -0.1595  -3.2686   1.8091  -2.9037   0.0769
 -0.3732  -0.0221  -0.6842   1.0517  -0.8018   0.0351
  0.0010   0.3287  -0.5907   0.7729  -0.6541  -0.1186
 -0.1184   0.1314  -0.6477   0.7067  -0.6714  -0.0736
 -0.2265  -0.0465  -0.4953   0.5709  -0.5524  -0.0367
 -0.2353   0.0296  -0.4356   0.4926  -0.4824  -0.0601
 -0.2305   0.0214  -0.3832   0.4075  -0.4108  -0.0126
 -0.2540  -0.0617  -0.3574   0.4505  -0.4036  -0.0316
 -0.2678  -0.0364  -0.4309   0.4608  -0.4347   0.0243
 -0.2614  -0.0520  -0.4223   0.4174  -0.4224  -0.0475
 -0.2400  -0.0658  -0.4334   0.5690  -0.4062  -0.0328
 -0.2528  -0.1152  -0.3975   0.5689  -0.4001  -0.0005
 -0.2656  -0.1910  -0.4057   0.5498  -0.4283  -0.0464
 -0.2680  -0.1504  -0.4196   0.5436  -0.4444   0.0970
 -0.2591  -0.1866  -0.3958   0.5190  -0.4246  -0.0183
 -0.2666  -0.1487  -0.4014   0.5366  -0.4338   0.0497
 -0.2684  -0.1886  -0.4150   0.5339  -0.4467  -0.0300
 -0.2623  -0.1321  -0.4241   0.5390  -0.4562   0.0336
 -0.2640  -0.1732  -0.4264   0.5022  -0.4622   0.0473
 -0.2616  -0.1564  -0.4294   0.5148  -0.4661   0.0802
 -0.2549  -0.1788  -0.4222   0.4938  -0.4635   0.0420
 -0.2448  -0.1642  -0.4062   0.4686  -0.4419   0.0677
 -0.2408  -0.1746  -0.4430   0.5765  -0.4776  -0.0673
 -0.1801  -0.1809  -0.3916   0.5377  -0.4150   0.0425
 -0.1960  -0.2040  -0.3874   0.5282  -0.4194   0.0725
 -0.2000  -0.1891  -0.3930   0.5419  -0.4348   0.0416
 -0.2127  -0.1727  -0.4052   0.5489  -0.4499  -0.0078
 -0.2131  -0.2324  -0.4030   0.5709  -0.4430   0.0232
 -0.2157  -0.1937  -0.3968   0.5467  -0.4538   0.0153
 -0.2195  -0.2511  -0.3814   0.5335  -0.4417   0.0084
 -0.2133  -0.1965  -0.3925   0.6398  -0.4117   0.0140
 -0.1982  -0.1436  -0.4267   0.7608  -0.4140  -0.0585
 -0.3054   0.1245  -0.3414   0.5105  -0.4869  -0.1795
 -0.1201   0.5973  -0.3164   0.0948  -0.3170  -0.0835
 -0.1280   0.7018  -0.2321  -0.2540  -0.1713  -0.1280
 -0.1521   0.4755  -0.2204   0.0574  -0.2369  -0.1043
 -0.1505   0.4553  -0.3362   0.0580  -0.2542   0.0731
 -0.0802   0.4200  -0.5660   0.2153  -0.3115  -0.2529
  0.5625   0.8581   0.4462   0.6699   0.6373  -0.4451
  0.7158   0.4775   0.2723   0.1122   0.3335  -0.1611
  0.7241   0.7152   0.4215  -0.2166   0.4987  -0.1451
  0.5112   0.8629   0.2197   0.3220   0.3412  -0.4932
  0.2840   1.3399   0.4730   0.0698   0.2571  -0.4227
  0.1772   0.6043   0.3020   0.2035   0.1783  -0.2484
  0.2227   0.6514   0.3084   0.2809   0.2100  -0.2501
  0.1741  -0.1628   0.1775   1.3824   0.0250  -0.3105
  0.1984   0.5100   0.1946   0.2771   0.1664  -0.1130
  0.1993   0.4199   0.0800   0.4852   0.1072  -0.3960
  0.1740   0.2997   0.0488   0.5376   0.0480  -0.2620
  0.1698   0.2565   0.0301   0.5695   0.0178  -0.2513
  0.1657   0.1652   0.0321   0.4893   0.0106  -0.1854
  0.1668   0.1822   0.0113   0.4892  -0.0096  -0.1962
  0.1760   0.1417   0.0175   0.4148  -0.0181  -0.1658
  0.1735   0.1382   0.0264   0.4070   0.0404  -0.1152
  0.1513   0.1130   0.0120   0.4573   0.0289  -0.1847
  0.1355   0.1095  -0.0162   0.3982  -0.0050  -0.1138
  0.1369   0.0688  -0.0104   0.4184  -0.0226  -0.0972
  0.1360   0.0957  -0.0220   0.4473  -0.0297  -0.0783
  0.1250   0.0922  -0.0292   0.4141  -0.0489  -0.1009
  0.1301   0.0572  -0.0098   0.3758  -0.0241  -0.1133
  0.1104   0.0608  -0.0031   0.3996  -0.0301  -0.0703
  0.1050   0.0718  -0.0074   0.3955  -0.0399  -0.1104
  0.0997   0.0326  -0.0088   0.4296  -0.0405  -0.0923
  0.1107   0.0688  -0.0082   0.4103  -0.0467  -0.1196
  0.1139   0.0668  -0.0047   0.4606  -0.0351  -0.1461
  0.1049   0.0983  -0.0333   0.4329  -0.0647  -0.0960
  0.1013   0.0773  -0.0074   0.3934  -0.0469  -0.1172
  0.0937   0.0882  -0.0021   0.3995  -0.0412  -0.1281
  0.0969   0.0895  -0.0222   0.3930  -0.0478  -0.1122
  0.1442   0.1563  -0.0150   0.3570  -0.0097  -0.1901
  0.1387   0.1277   0.0270   0.3944   0.0015  -0.1147
  0.0849   0.0830   0.0461   0.3817  -0.0278  -0.1123
  0.1072   0.0575   0.0334   0.3757  -0.0197  -0.0950
  0.0994   0.1249   0.0183   0.4482  -0.0361  -0.1311
  0.1023   0.1203   0.0074   0.4716  -0.0271  -0.1665
  0.1190   0.0355   0.0205   0.4622  -0.0128  -0.0652
  0.1110   0.0478   0.0296   0.4240  -0.0170  -0.1384
  0.1622  -0.0492   0.1602  -0.4153   0.2007   0.1535
  0.1184  -0.0783   0.1686  -0.3045   0.2899   0.1096
  0.1226   0.0408   0.1876  -0.2245   0.2692   0.0396
  0.1205  -0.0003   0.1436  -0.1429   0.2416   0.0203
  0.1250   0.0185   0.1312  -0.1640   0.2239   0.0936
  0.1128  -0.0284   0.1331  -0.1781   0.2186   0.0585
  0.1147  -0.0069   0.1171  -0.1565   0.1927   0.0234
  0.1128  -0.0215   0.1294  -0.1637   0.2024   0.0801
  0.0938  -0.0362   0.1151  -0.1169   0.1844   0.0094
  0.1141   0.0007   0.1052  -0.0968   0.1698   0.0043
  0.1804   0.1185  -0.0895  -0.0677  -0.0181  -0.0518
 -0.2270   0.2330  -0.0009   0.1273  -0.1439  -0.1509
  0.0529   0.1906  -0.1526   0.4214   0.0135  -0.1687
 -0.1026   0.2256  -0.0915   0.4610  -0.1999  -0.1688
 -0.2239   0.1017  -0.2329   1.0379  -0.2448  -0.2824
 -0.1062   0.1678  -0.2154   0.9854  -0.1667  -0.7530
 -0.0212  -0.1659   0.1062  -0.5463   0.1148   0.1560
  0.0574  -0.0801   0.0924   0.0284   0.1361   0.0139
  0.0405  -0.1276   0.0502   0.0943   0.0591  -0.0715
  0.0250  -0.1430   0.0495   0.0988   0.0431  -0.0233
  0.0259  -0.1205  -0.0071   0.0786  -0.0312  -0.0210
 -0.0188  -0.1674  -0.0726   0.0802  -0.1157  -0.0551
 -0.0379  -0.0480  -0.0496   0.0169  -0.0948  -0.0472
 -0.0093  -0.1212  -0.0480   0.0295  -0.0721   0.0109
 -0.0153  -0.1444  -0.0272   0.0321  -0.0526  -0.0158
  0.0061  -0.1184  -0.0456   0.0620  -0.0507  -0.0011
 -0.0058  -0.1849  -0.0364   0.0268  -0.0677   0.0493
 -0.0222  -0.2149  -0.0216   0.0648  -0.0685   0.0447
 -0.0259  -0.1923  -0.0176   0.0932  -0.0740   0.0095
 -0.0221  -0.2138  -0.0281   0.1025  -0.0607   0.0041
 -0.0441  -0.2498  -0.0214   0.0987  -0.0754   0.0327
 -0.0486  -0.2087  -0.0272   0.1002  -0.0767   0.0551
 -0.0495  -0.2334  -0.0394   0.0662  -0.0983   0.0336
 -0.0581  -0.2404  -0.0556   0.0769  -0.1070   0.0752
 -0.0603  -0.2393  -0.0632   0.1117  -0.1141   0.0403
 -0.0610  -0.2373  -0.0510   0.1211  -0.1112   0.0119
 -0.0541  -0.2460  -0.0456   0.1461  -0.0941   0.0334
 -0.0575  -0.1868  -0.0543   0.1503  -0.0987   0.0269
 -0.0680  -0.2286  -0.0506   0.1341  -0.1084   0.0520
 -0.0769  -0.2467  -0.0507   0.1247  -0.1090   0.0587
 -0.0818  -0.2401  -0.0563   0.1230  -0.1184   0.0383
 -0.0775  -0.2529  -0.0478   0.1313  -0.1043   0.0487
 -0.0839  -0.3080  -0.0373   0.0969  -0.0954   0.0683
 -0.0889  -0.2955  -0.0419   0.1067  -0.0981   0.0611
 -0.0897  -0.2761  -0.0359   0.1171  -0.0947   0.0399
 -0.0962  -0.3178  -0.0385   0.1164  -0.1083   0.0533
 -0.1003  -0.2853  -0.0417   0.1391  -0.1111   0.0523
 -0.0949  -0.2872  -0.0264   0.1547  -0.1006  -0.0053
 -0.1150  -0.3358  -0.0271   0.1657  -0.1200  -0.0021
 -0.1107  -0.2973  -0.0331   0.1494  -0.1226   0.0794
 -0.1229  -0.3138  -0.0242   0.1845  -0.1189   0.0085
 -0.1285  -0.3074  -0.0332   0.1911  -0.1267   0.0492
 -0.1234  -0.3026  -0.0395   0.2010  -0.1297   0.0016
 -0.0856  -0.2983  -0.0314   0.2036  -0.0891   0.0148
 -0.2721  -0.0076  -0.1216   0.2018  -0.3217  -0.0884
 -0.3008   0.4396  -0.0612   0.2296  -0.3453  -0.2120
  0.1942   0.4386  -0.4870   0.6726  -0.3298  -0.2763
  0.7209   0.4341   0.1939   0.6817   0.6597  -0.4896
 -0.3012  -0.0691  -0.3821   0.6011  -0.2675  -0.2053
 -0.1160  -0.1363  -0.1554   0.0146  -0.1882   0.0380
  0.0062  -0.1410  -0.0520  -1.0006   0.0053   0.4375
 -0.0228  -0.3925   0.0405  -0.9034   0.0574   0.2728
 -0.0095  -0.3472   0.0771  -1.2224   0.0880   0.3642
  0.2006  -0.1200   0.3821  -2.2019   0.3393   0.4431
  0.1584  -0.2996   0.4379  -2.0839   0.3723   0.5953
  0.1764  -0.1642   0.3728  -2.0038   0.3743   0.4419
  0.1498   0.1876   0.2289  -0.8143   0.2946   0.0302
  0.0169   0.5086  -0.2493  -0.4034  -0.1050  -0.1216
  0.0881   0.4306  -0.1296  -0.1985   0.0388  -0.1603
  0.1028   0.4362  -0.1048  -0.2770   0.0296  -0.1314
  0.0991   0.4482  -0.1187  -0.2983   0.0255  -0.1477
  0.1112   0.4599  -0.1105  -0.2954   0.0479  -0.1374
  0.1253   0.4586  -0.0880  -0.4184   0.0665  -0.1463
  0.1225   0.4582  -0.1070  -0.3145   0.0481  -0.1281
  0.1268   0.5027  -0.1009  -0.0363   0.0099  -0.2738
  0.1360   0.5215  -0.1077  -0.2641   0.0079  -0.1479
  0.1583   0.4947  -0.0821  -0.2420   0.0383  -0.1806
  0.1627   0.5022  -0.0321  -0.2298   0.0471  -0.1414
  0.1634   0.4278  -0.0152  -0.2692   0.0443  -0.1947
  0.1684   0.4603  -0.0576  -0.0887   0.0373  -0.2035
  0.3030   0.8965  -0.4677   0.4235  -0.3124  -0.5202
  0.1442   0.6286  -0.3555   0.3570  -0.1213  -0.4022
  0.1809   0.5949  -0.3832   0.3769  -0.1622  -0.3391
  0.1947   0.5345  -0.1901  -0.3817  -0.0256  -0.2507
  0.3629   1.0048  -0.1895  -1.2626   0.2137   0.0639
  0.2945   0.5880  -0.1119  -0.3448   0.1306  -0.3070
  0.2713   0.6420  -0.1767  -0.3794   0.0923  -0.2239
  0.2057   0.5396  -0.1482  -0.1531   0.0571  -0.2056
  0.1932   0.5248  -0.1791  -0.1806   0.0274  -0.1911
  0.1895   0.4337  -0.1631  -0.2171   0.0278  -0.2419
  0.1851   0.4410  -0.1755  -0.2338   0.0186  -0.1367
  0.1871   0.4386  -0.1557  -0.2792   0.0258  -0.1730
  0.1772   0.3813  -0.1225  -0.3017   0.0412  -0.1248
  0.1803   0.4055  -0.1362  -0.2788   0.0333  -0.1082
  0.1780   0.3690  -0.1183  -0.3090   0.0314  -0.1287
  0.1799   0.3762  -0.1138  -0.2806   0.0378  -0.0897
  0.1722   0.3659  -0.1193  -0.3075   0.0389  -0.0897
  0.1622   0.2904  -0.1117  -0.2990   0.0385  -0.0720
  0.1649   0.3358  -0.1106  -0.2731   0.0380  -0.0913
  0.1707   0.3721  -0.0843  -0.2825   0.0641  -0.1101
  0.1661   0.3227  -0.0919  -0.2652   0.0518  -0.1235
