 -0.0783  -0.5652   0.1085   0.8453   0.0362   0.3986
 -0.0687  -0.5400   0.1231   0.8457   0.0475   0.4055
 -0.0728  -0.5169   0.0994   0.8425   0.0360   0.4277
 -0.0799  -0.5629   0.0599   0.8714   0.0345   0.4066
 -0.0699  -0.5156   0.0727   0.8381   0.0313   0.4231
 -0.0708  -0.4983   0.0643   0.7727   0.0379   0.4121
 -0.0547  -0.4833   0.0813   0.7464   0.0468   0.3923
 -0.0308  -0.4528   0.0561   0.6633   0.0385   0.3871
 -0.0464  -0.2420  -0.1129   0.2938  -0.0869   0.0081
 -0.0228  -0.1307  -0.1410   0.1352  -0.1404  -0.2819
  0.0090  -0.2126  -0.1039   0.1916  -0.0918  -0.2533
  0.0002  -0.2366  -0.0532   0.2548  -0.0578  -0.1612
 -0.0059  -0.3020   0.0097   0.3054  -0.0193  -0.1250
  0.0001  -0.2796   0.0352   0.3027  -0.0234  -0.1326
  0.0422  -0.3439   0.0368   0.4573   0.0343  -0.0475
  0.0530  -0.2891   0.0333   0.4458   0.0539  -0.0530
  0.0515  -0.3289   0.0308   0.4340   0.0411  -0.0788
  0.0618  -0.3455   0.0040   0.4656   0.0273  -0.0735
  0.0521  -0.2803  -0.0023   0.4062   0.0131  -0.0777
  0.0415  -0.2603  -0.0050   0.3747   0.0025  -0.0846
  0.0434  -0.2520   0.0094   0.3855   0.0081  -0.0802
  0.0285  -0.2546   0.0296   0.3189   0.0065  -0.0676
  0.0304  -0.2427   0.0182   0.3074   0.0051  -0.0795
  0.0288  -0.2189   0.0014   0.3075   0.0020  -0.0838
  0.0080  -0.1833  -0.0105   0.3023  -0.0226  -0.0690
  0.0258  -0.1497   0.0510   0.3200   0.0627  -0.0541
  0.0710  -0.2818   0.0619   0.2590   0.1033   0.0072
  0.0300  -0.8235   0.1156   0.7374   0.1555  -0.0502
  0.0125  -0.7973   0.2134   0.8813   0.1776  -0.0407
  0.0378  -0.8470   0.1786   0.8614   0.1552  -0.0212
  0.0062  -0.7256   0.1890   0.7664   0.0964   0.0039
 -0.0032  -0.5835   0.1272   0.7198   0.0326   0.0047
 -0.0302  -0.5743   0.0889   0.7462   0.0188  -0.0117
 -0.0315  -0.5707   0.0626   0.7185  -0.0226   0.0271
 -0.0225  -0.5526   0.0786   0.7276   0.0110   0.0427
 -0.0189  -0.5172   0.0859   0.7093   0.0252   0.0519
 -0.0102  -0.4843   0.1458   0.7285   0.0691   0.0340
 -0.0005  -0.3962   0.1191   0.5974   0.0675   0.0276
  0.0120  -0.3480   0.0299   0.5243   0.0785  -0.0142
  0.0072  -0.2702   0.0329   0.4920   0.0852  -0.0139
  0.0125  -0.2593   0.0344   0.5082   0.1086  -0.0256
  0.0319  -0.2331   0.0347   0.4987   0.1146  -0.0196
  0.0294  -0.1950   0.0167   0.4953   0.1224   0.0050
  0.0437  -0.2191   0.0399   0.5659   0.1614  -0.0183
  0.0545  -0.2049   0.0664   0.5463   0.1769   0.0047
  0.0626  -0.2258   0.0690   0.5985   0.1755  -0.0061
  0.0681  -0.2543   0.0458   0.5608   0.1564   0.0076
  0.0865  -0.2234   0.0366   0.5191   0.1519  -0.0174
  0.0900  -0.2285   0.0489   0.5374   0.1531  -0.0049
  0.0845  -0.1968   0.0313   0.5368   0.1361  -0.0070
  0.0961  -0.2084   0.0164   0.4890   0.1043   0.0117
  0.0659  -0.1821   0.0090   0.4409   0.0613   0.0352
  0.0449  -0.1934   0.0255   0.3660   0.0215   0.0639
  0.0247  -0.1904   0.0185   0.3024  -0.0172   0.0490
  0.0206  -0.1589   0.0028   0.2808  -0.0350   0.0574
  0.0170  -0.1379   0.0005   0.3020  -0.0384   0.0613
 -0.0022  -0.1245  -0.0109   0.2052  -0.0372   0.0496
 -0.0256  -0.1232  -0.0110   0.2419  -0.0306   0.0810
 -0.0120  -0.1190  -0.0246   0.1797  -0.0095   0.0581
  0.0176  -0.0985   0.0159   0.1046   0.0430   0.0519
  0.0214  -0.0495   0.0128   0.1417   0.0876   0.0586
  0.0183  -0.0686  -0.0035   0.1355   0.0845   0.0431
  0.0045  -0.1032  -0.0129   0.1729   0.0187   0.0345
  0.0293  -0.0713  -0.0074   0.1436   0.0547   0.0560
  0.0057  -0.0628  -0.0058   0.1463   0.0310   0.0687
 -0.0069  -0.0128  -0.0169   0.0496   0.0069   0.0509
 -0.0225  -0.0125  -0.0165  -0.0286   0.0010   0.0187
 -0.0093  -0.0311   0.0185   0.1202   0.0347   0.0357
 -0.0049  -0.0050  -0.0008   0.0448   0.0418   0.0316
  0.0024  -0.0019  -0.0321   0.0526   0.0343   0.0255
 -0.0125   0.0108  -0.0383   0.0190   0.0069   0.0392
  0.0003   0.0001  -0.0314   0.0457   0.0096   0.0314
 -0.0139   0.0157  -0.0346   0.0278  -0.0124   0.0404
 -0.0324   0.0191  -0.0375  -0.0013  -0.0267   0.0388
 -0.0116   0.0035  -0.0277   0.0269  -0.0222   0.0368
 -0.0065   0.0011  -0.0186   0.0394   0.0003   0.0378
 -0.0115   0.0143  -0.0197   0.0028  -0.0131   0.0561
  0.0007   0.0078  -0.0262   0.0415   0.0045   0.0451
  0.0162  -0.0022  -0.0186   0.0592   0.0222   0.0472
  0.0006   0.0260  -0.0267   0.0003   0.0033   0.0413
 -0.0089   0.0012  -0.0327   0.0038   0.0095   0.0152
 -0.0146   0.0377  -0.0433  -0.0477  -0.0208   0.0250
 -0.0170   0.0178  -0.0430  -0.1003  -0.0261   0.0017
 -0.0356   0.0326  -0.0395  -0.1755  -0.0472   0.0021
 -0.0238   0.0240  -0.0492  -0.1939  -0.0268   0.0192
 -0.0282  -0.1243  -0.0554  -0.1643  -0.0471   0.0952
 -0.0206  -0.1062  -0.0218  -0.1922  -0.0135   0.0773
 -0.0208  -0.0360  -0.0439  -0.3042  -0.0392  -0.0235
  0.0122   0.0032  -0.0790  -0.3715  -0.0211  -0.0371
  0.0495  -0.0008  -0.0914  -0.3854  -0.0117  -0.0613
  0.0674   0.0312  -0.1013  -0.3977   0.0001  -0.0663
  0.0792   0.0557  -0.1069  -0.3752   0.0054  -0.0692
  0.0732   0.0537  -0.1083  -0.3861   0.0017  -0.0676
  0.0751   0.0565  -0.1087  -0.3765   0.0035  -0.0552
  0.0702   0.0679  -0.1006  -0.3861  -0.0000  -0.0502
  0.0713   0.0928  -0.0902  -0.3814   0.0020  -0.0608
  0.0693   0.0880  -0.0919  -0.3984  -0.0069  -0.0738
  0.0669   0.1015  -0.0936  -0.4140  -0.0102  -0.0763
  0.0701   0.1078  -0.0774  -0.3699  -0.0036  -0.0684
  0.0767  -0.0049  -0.0688  -0.3788  -0.0175  -0.0354
  0.0503   0.1065  -0.0573  -0.3865  -0.0360  -0.0738
  0.0267   0.1331  -0.0503  -0.3726  -0.0481  -0.0583
  0.0215   0.1504  -0.0399  -0.3673  -0.0420  -0.0486
  0.0064   0.1634  -0.0430  -0.3614  -0.0335  -0.0433
  0.0218   0.1691  -0.0444  -0.3668  -0.0321  -0.0258
  0.0334   0.1846  -0.0482  -0.3728  -0.0310  -0.0397
  0.0321   0.1697  -0.0433  -0.3411  -0.0245  -0.0247
  0.0410   0.1858  -0.0470  -0.3461  -0.0276  -0.0083
  0.0322   0.1962  -0.0540  -0.3740  -0.0368  -0.0200
  0.0316   0.1985  -0.0412  -0.3501  -0.0446  -0.0354
  0.0348   0.2202  -0.0403  -0.3799  -0.0391  -0.0372
  0.0423   0.2098  -0.0391  -0.4023  -0.0445  -0.0595
  0.0421   0.2122  -0.0442  -0.4010  -0.0467  -0.0408
  0.0389   0.2008  -0.0396  -0.3975  -0.0416  -0.0586
  0.0296   0.1849  -0.0248  -0.4093  -0.0296  -0.0365
  0.0458   0.1855  -0.0197  -0.4357  -0.0130  -0.0461
  0.0323   0.2256  -0.1184  -0.4559  -0.0328  -0.0257
  0.0070   0.2742  -0.1093  -0.4649  -0.0297  -0.0460
 -0.0186   0.3429  -0.0893  -0.4811  -0.0286  -0.0195
 -0.0122   0.3562  -0.0790  -0.4677  -0.0292  -0.0417
 -0.0273   0.3728  -0.0691  -0.4686  -0.0488   0.0020
 -0.0335   0.4122  -0.0578  -0.5317  -0.0576  -0.0342
 -0.0355   0.3856  -0.0310  -0.5220  -0.0572  -0.0257
  0.0022   0.1553  -0.0191  -0.3600  -0.0298   0.0406
 -0.0393   0.3399   0.0078  -0.4901  -0.0563  -0.0028
 -0.0428   0.3641   0.0578  -0.4617  -0.0484  -0.0046
 -0.0277   0.3736   0.0655  -0.3780  -0.0352   0.0090
 -0.0372   0.4138   0.0511  -0.4682  -0.0498   0.0192
 -0.0465   0.4094   0.0483  -0.5006  -0.0545  -0.0062
 -0.0586   0.4176   0.0563  -0.5055  -0.0474  -0.0035
 -0.0935   0.4167   0.0377  -0.4525  -0.0253   0.0170
 -0.0934   0.4499   0.0239  -0.5109  -0.0548   0.0132
 -0.0748   0.4336   0.0449  -0.4691  -0.0416   0.0083
 -0.0540   0.4237   0.0496  -0.4310  -0.0427   0.0063
 -0.0600   0.4315   0.0558  -0.4224  -0.0447   0.0087
 -0.0748   0.4525   0.0507  -0.4654  -0.0658   0.0151
 -0.0763   0.4537   0.0499  -0.4861  -0.0690   0.0045
 -0.0667   0.4575   0.0660  -0.4984  -0.0589  -0.0166
 -0.0659   0.4791   0.0641  -0.5407  -0.0499  -0.0002
 -0.0570   0.3759   0.0361  -0.5731  -0.0748   0.0210
 -0.0743   0.4444   0.0281  -0.5808  -0.0709  -0.0469
 -0.0673   0.4384   0.0431  -0.5339  -0.0536  -0.0308
 -0.0609   0.4551   0.0496  -0.5628  -0.0520  -0.0355
 -0.0569   0.5033   0.0232  -0.6453  -0.0802  -0.0599
 -0.0474   0.4842   0.0264  -0.6225  -0.0774  -0.0569
 -0.0549   0.4969   0.0337  -0.6204  -0.0856  -0.0564
 -0.0689   0.5281   0.0245  -0.6872  -0.1158  -0.0576
 -0.0746   0.5149   0.0482  -0.6437  -0.1253  -0.0614
 -0.1194   0.6799   0.1256  -0.6354  -0.1087  -0.0884
 -0.1396   0.8314   0.0685  -0.5677  -0.0744  -0.1554
 -0.1048   0.7281  -0.0000  -0.5793  -0.0910  -0.1499
 -0.1303   0.7287  -0.0099  -0.6856  -0.0934  -0.1579
