  0.0713  -0.1587   0.0984   0.0133  -0.0289   0.0947
  0.0835  -0.1744   0.0923   0.0749   0.0102   0.0801
  0.0787  -0.1989   0.0912   0.0645   0.0001   0.1013
  0.0730  -0.1879   0.1019   0.0928   0.0036   0.0491
  0.0689  -0.2055   0.1073   0.1009  -0.0146   0.0462
  0.0712  -0.2209   0.1145   0.0694  -0.0105   0.0513
  0.0574  -0.2494   0.0914   0.0464  -0.0076   0.0786
  0.0609  -0.2595   0.0862   0.0300  -0.0253   0.0891
  0.0707  -0.2437   0.1056   0.0315  -0.0165   0.0918
  0.0629  -0.2257   0.1050   0.0375  -0.0242   0.0698
  0.0648  -0.2317   0.1012   0.0423  -0.0153   0.0590
  0.0719  -0.2495   0.1023   0.0441  -0.0080   0.0635
  0.0701  -0.2408   0.0967   0.0587  -0.0157   0.0595
  0.0692  -0.2126   0.1089   0.1011  -0.0030   0.0219
  0.0508  -0.2238   0.0987   0.2228  -0.0393  -0.0165
  0.0274  -0.3234   0.0816   0.2435  -0.0561  -0.0527
  0.0198  -0.2749   0.1019   0.1921  -0.0538  -0.0048
 -0.0898  -0.3568   0.0794   0.2532  -0.1124  -0.0499
 -0.0273  -0.3181   0.0734   0.2229  -0.0814  -0.0081
 -0.0394  -0.3258   0.0783   0.2107  -0.0769  -0.0173
 -0.0357  -0.3091   0.0851   0.2279  -0.0894  -0.0126
 -0.0353  -0.3003   0.0917   0.2564  -0.0932  -0.0263
 -0.0429  -0.2701   0.1011   0.2404  -0.1048  -0.0227
 -0.0355  -0.2877   0.1069   0.2365  -0.0989  -0.0378
 -0.0393  -0.3050   0.0952   0.2508  -0.0971  -0.0433
 -0.0373  -0.3243   0.0901   0.2454  -0.0850  -0.0265
 -0.0325  -0.3491   0.0930   0.2432  -0.0864  -0.0233
 -0.0276  -0.3670   0.0868   0.2324  -0.0851  -0.0080
 -0.0390  -0.3076   0.1053   0.2236  -0.0826   0.0020
 -0.0338  -0.3118   0.1061   0.2328  -0.0918  -0.0288
 -0.0338  -0.3045   0.1166   0.3025  -0.0959  -0.0545
 -0.0392  -0.3035   0.1173   0.2874  -0.0913  -0.0353
 -0.0473  -0.3122   0.0951   0.2792  -0.0784  -0.0399
 -0.0320  -0.3133   0.1022   0.2833  -0.0854  -0.0314
  0.0080  -0.3553   0.1271   0.3092  -0.0554  -0.0287
  0.0347  -0.3482   0.1631   0.3263  -0.0455  -0.0353
  0.0178  -0.3909   0.1377   0.3220  -0.0563  -0.0233
 -0.0608  -0.5193   0.0921   0.4094  -0.1153   0.0054
 -0.0353  -0.4941   0.1119   0.3896  -0.0971   0.0017
 -0.0712   0.3932  -0.1809  -0.3220  -0.0620  -0.0324
 -0.0087   0.9299  -0.2254  -0.6959   0.0620  -0.0640
  0.0252   0.6958  -0.1350  -0.4535   0.0274  -0.0163
  0.0017   0.7332  -0.1218  -0.4380  -0.0033  -0.0787
 -0.0327   0.8451  -0.2427  -0.5898  -0.0268  -0.1693
 -0.0733   0.5977  -0.1330  -0.3718   0.0410  -0.0121
 -0.0473   0.5235  -0.0893  -0.2855  -0.0186  -0.0422
 -0.0091   0.5176  -0.0596  -0.2566  -0.0321  -0.0692
  0.0097   0.4223  -0.0419  -0.2400  -0.0282  -0.0402
  0.0034   0.4096  -0.0726  -0.1961  -0.0151  -0.0772
 -0.0072   0.3640  -0.0798  -0.1697  -0.0066  -0.0498
 -0.0054   0.3534  -0.0861  -0.2175   0.0005  -0.0411
 -0.0056   0.3492  -0.0803  -0.2270   0.0083  -0.0308
  0.0133   0.3119  -0.0824  -0.2572   0.0327  -0.0379
  0.0178   0.3463  -0.0590  -0.2296   0.0305  -0.0146
  0.0007   0.3727  -0.0955  -0.2376   0.0632  -0.0233
  0.0162   0.4152  -0.0888  -0.2521   0.0403  -0.0556
  0.0469   0.3676  -0.0542  -0.2109   0.0339  -0.0714
  0.0393   0.3359  -0.0567  -0.1821   0.0398  -0.0697
  0.0333   0.3347  -0.0597  -0.1764   0.0277  -0.0733
  0.0190   0.3159  -0.0695  -0.1579   0.0177  -0.0615
  0.0153   0.2796  -0.0558  -0.1357   0.0192  -0.0655
  0.0350   0.2511  -0.0288  -0.1513   0.0250  -0.0481
  0.0248   0.2885  -0.0596  -0.1484   0.0352  -0.0780
  0.0310   0.2712  -0.0549  -0.1238   0.0406  -0.0703
  0.0353   0.2439  -0.0425  -0.1266   0.0376  -0.0581
  0.0321   0.2602  -0.0559  -0.1285   0.0337  -0.0544
  0.0279   0.2583  -0.0468  -0.1287   0.0244  -0.0587
  0.0264   0.2352  -0.0439  -0.1243   0.0326  -0.0657
  0.0184   0.2260  -0.0440  -0.1126   0.0270  -0.0569
  0.0136   0.2340  -0.0367  -0.0960   0.0354  -0.0626
  0.0328   0.1909  -0.0410  -0.0504   0.0663  -0.0782
  0.0721   0.1954  -0.0261  -0.0651   0.0934  -0.0716
  0.0124   0.1672  -0.0249  -0.0508   0.0306  -0.0616
 -0.0133   0.1368  -0.0040  -0.0268   0.0212  -0.0459
  0.0263  -0.1088   0.1005   0.1457   0.0799  -0.0555
  0.0051  -0.1011   0.0699   0.1215   0.0832  -0.0356
  0.0028  -0.1178   0.0702   0.1090   0.0674  -0.0227
  0.0113  -0.1075   0.0766   0.0987   0.0669  -0.0189
 -0.0024  -0.1185   0.0834   0.1263   0.0496  -0.0239
 -0.0073  -0.1259   0.0782   0.1331   0.0321  -0.0333
  0.0026  -0.1112   0.0889   0.1302   0.0396  -0.0335
 -0.0027  -0.1020   0.0879   0.1378   0.0372  -0.0332
  0.0068  -0.1253   0.0855   0.1485   0.0477  -0.0168
  0.0041  -0.1460   0.0848   0.1542   0.0436  -0.0432
 -0.0567   0.4241  -0.0095  -0.2523   0.0685  -0.1074
 -0.1099   0.9313   0.0086  -0.7618  -0.0304   0.2450
 -0.1042   0.8150  -0.1224  -0.6803  -0.0431   0.0764
 -0.0975   0.3929  -0.0774  -0.3443  -0.0862   0.0018
 -0.1014   0.2024  -0.0591  -0.1783  -0.1040   0.0738
 -0.1011   0.1507  -0.0418  -0.1453  -0.1116   0.1016
 -0.0873   0.1141  -0.0067  -0.1111  -0.0868   0.1066
 -0.1084  -0.0194  -0.0247  -0.0486  -0.0880   0.1113
 -0.0941  -0.0313  -0.0296  -0.0590  -0.0907   0.1080
 -0.0807   0.0090  -0.0650  -0.1012  -0.0747   0.0996
 -0.1356   0.0941  -0.1493  -0.1507  -0.0343  -0.0268
 -0.0992  -0.0707  -0.0881  -0.0410  -0.0046   0.1799
 -0.1345  -0.0418  -0.1259  -0.0217  -0.0552   0.0632
 -0.0199   0.0112  -0.1652   0.0295   0.0708  -0.0367
  0.1719   0.1002  -0.0755  -0.0015   0.2050  -0.0239
  0.0883   0.0039  -0.0891   0.0349   0.1244  -0.0212
  0.0306  -0.0066  -0.1072  -0.0184   0.1066   0.0204
  0.0429  -0.0103  -0.1084  -0.0161   0.1012   0.0523
  0.0471  -0.0382  -0.0897   0.0109   0.0418   0.0449
  0.0404  -0.0426  -0.0829   0.0274   0.0461   0.0382
  0.0199  -0.0708  -0.0778   0.0276   0.0443   0.0433
  0.0317  -0.0970  -0.0646   0.0256   0.0732   0.0503
  0.0108  -0.0729  -0.0425   0.0150   0.0528   0.0533
  0.0260  -0.0802  -0.0357   0.0082   0.0717   0.0524
  0.0190  -0.0861  -0.0615   0.0003   0.0789   0.0666
  0.0110  -0.1059  -0.0401   0.0415   0.0537   0.0619
  0.0046  -0.1517  -0.0337   0.0976   0.0495   0.0457
  0.0135  -0.1946  -0.0193   0.1020   0.0441   0.0455
  0.0069  -0.2090  -0.0216   0.1079   0.0437   0.0481
  0.0050  -0.1979  -0.0280   0.0998   0.0646   0.0506
 -0.0028  -0.2207  -0.0514   0.1102   0.0592   0.0487
  0.0029  -0.2589  -0.0590   0.1326   0.0558   0.0672
 -0.0193  -0.2673  -0.0493   0.1564   0.0616   0.0582
 -0.0085  -0.2413  -0.0465   0.1431   0.0551   0.0604
 -0.0209  -0.2461  -0.0448   0.1276   0.0289   0.0576
 -0.0151  -0.2568  -0.0278   0.1467   0.0448   0.0568
