 -0.0626   0.0117  -0.0251  -0.1006  -0.0516   0.1413
 -0.0647  -0.0296  -0.0281  -0.0246  -0.0544   0.0632
 -0.0800   0.0056  -0.0246  -0.0252  -0.0530   0.2177
 -0.0804  -0.0253  -0.0343  -0.0114  -0.0469   0.0881
 -0.0806   0.0048  -0.0244  -0.0034  -0.0425   0.2212
 -0.0756  -0.0122  -0.0313  -0.0144  -0.0496   0.1068
 -0.0724   0.0184  -0.0145  -0.0100  -0.0400   0.1412
 -0.0568   0.0106   0.0002  -0.0127  -0.0408   0.1651
 -0.0561   0.0007  -0.0087   0.0226  -0.0404   0.1298
 -0.0580   0.0123  -0.0079  -0.0348  -0.0353   0.1989
 -0.0660   0.0041  -0.0206   0.0018  -0.0298   0.0594
 -0.0695   0.0310  -0.0253  -0.0284  -0.0253   0.2215
 -0.0622  -0.0025  -0.0185   0.0029  -0.0467   0.0267
 -0.0645   0.0289  -0.0147  -0.0358  -0.0357   0.2234
 -0.0613  -0.0041  -0.0145   0.0071  -0.0460   0.0416
 -0.0668   0.0152  -0.0268  -0.0278  -0.0285   0.1881
 -0.0673   0.0111  -0.0353  -0.0689  -0.0162   0.1191
 -0.0258   0.0737  -0.0004  -0.0732   0.0164   0.1992
 -0.0345   0.0361  -0.0125  -0.0691  -0.0072   0.0367
 -0.0548   0.0673  -0.0079  -0.0508  -0.0246   0.1504
 -0.0335   0.0480   0.0025  -0.0700  -0.0140   0.1113
 -0.0418   0.0308   0.0064  -0.0284  -0.0104   0.0148
 -0.0349   0.0442   0.0092  -0.0860  -0.0153   0.1907
 -0.0345   0.0317  -0.0051  -0.0627  -0.0056   0.0150
 -0.0326   0.0656  -0.0016  -0.0923  -0.0070   0.1978
 -0.0211   0.0301  -0.0052  -0.0573  -0.0007   0.0003
 -0.0270   0.0565   0.0061  -0.0789  -0.0115   0.1867
 -0.0253   0.0289   0.0029  -0.0703  -0.0097   0.0015
 -0.0069   0.0782   0.0041  -0.0829   0.0303   0.2568
 -0.0024   0.0248   0.0012  -0.0554   0.0078  -0.0034
 -0.0140   0.0521   0.0085  -0.0720   0.0066   0.1574
 -0.0092   0.0406   0.0109  -0.1017   0.0041   0.1382
 -0.0062   0.0308   0.0052  -0.0715   0.0107   0.0053
 -0.0129   0.0558   0.0046  -0.0965   0.0141   0.2065
  0.0023   0.0270  -0.0017  -0.0874   0.0165  -0.0118
 -0.0002   0.0549   0.0085  -0.0825   0.0098   0.1742
  0.0033   0.0350   0.0047  -0.0825   0.0063   0.0881
 -0.0001   0.0360   0.0047  -0.0426   0.0102   0.0793
 -0.0046   0.0460   0.0017  -0.0740   0.0207   0.1409
  0.0090   0.0215   0.0030  -0.0525   0.0128  -0.0344
  0.0011   0.0641   0.0077  -0.0627   0.0155   0.1655
  0.0119   0.0313   0.0070  -0.0705   0.0124   0.0470
  0.0125   0.0496   0.0061  -0.0393   0.0053   0.0795
  0.0113   0.0563   0.0069  -0.0782   0.0183   0.1236
  0.0082   0.0328   0.0044  -0.0338   0.0145  -0.0114
  0.0054   0.0470   0.0098  -0.0704   0.0194   0.1724
  0.0067   0.0244   0.0009  -0.0611   0.0180  -0.0115
  0.0264   0.0595   0.0215  -0.0920   0.0308   0.2506
  0.0172   0.0355   0.0126  -0.0596   0.0105   0.0059
  0.0148   0.0426   0.0112  -0.0649   0.0023   0.1631
  0.0154   0.0384   0.0139  -0.0789   0.0025   0.0959
  0.0088   0.0200   0.0113  -0.0606   0.0010   0.0103
  0.0067   0.0420   0.0024  -0.0723   0.0154   0.1695
  0.0230   0.0155  -0.0012  -0.0655   0.0136  -0.0324
  0.0095   0.0320  -0.0003  -0.0570   0.0095   0.1151
  0.0203   0.0383   0.0028  -0.0660   0.0021   0.0838
  0.0264   0.0124   0.0018  -0.0532  -0.0007  -0.0066
  0.0174   0.0302   0.0108  -0.0464   0.0086   0.1564
  0.0212   0.0101   0.0096  -0.0118   0.0056  -0.0136
  0.0163   0.0233   0.0163   0.0199   0.0024   0.0326
  0.0114   0.0345   0.0099  -0.0170   0.0021   0.1133
  0.0192   0.0018   0.0108   0.0119   0.0002  -0.0155
  0.0157   0.0347   0.0169   0.0103   0.0113   0.1493
  0.0249   0.0061   0.0108   0.0030   0.0141  -0.0314
  0.0169   0.0152   0.0141   0.0400   0.0108   0.0821
  0.0240   0.0059   0.0113  -0.0003   0.0150   0.0765
  0.0227   0.0032   0.0136   0.0473   0.0172  -0.0167
  0.0210   0.0208   0.0107   0.0356   0.0232   0.1048
  0.0264  -0.0036  -0.0005   0.0322   0.0188  -0.0426
  0.0211   0.0204   0.0009   0.0332   0.0244   0.0785
  0.0268   0.0028  -0.0013  -0.0040   0.0268   0.0051
  0.0294  -0.0032  -0.0006   0.0080   0.0195   0.0055
  0.0264   0.0141   0.0025  -0.0207   0.0259   0.1137
  0.0226  -0.0084   0.0010   0.0108   0.0071  -0.0740
  0.0232   0.0204   0.0058  -0.0224   0.0205   0.1356
  0.0208  -0.0010  -0.0098   0.0118   0.0326  -0.0561
  0.0119   0.0188   0.0067  -0.0058   0.0115   0.0937
  0.0176  -0.0125   0.0028  -0.0085   0.0057  -0.0580
  0.0100   0.0307   0.0083  -0.0469   0.0131   0.1327
  0.0227   0.0229   0.0187  -0.0114  -0.0006  -0.0537
  0.0110   0.0493   0.0148  -0.0218   0.0074   0.0904
  0.0252   0.0218   0.0097  -0.0252   0.0044  -0.0195
  0.0356   0.0095   0.0093   0.0112   0.0076  -0.0552
  0.0311   0.0175   0.0156  -0.0321   0.0109   0.0382
  0.0357  -0.0056   0.0100  -0.0312  -0.0006  -0.1081
  0.0192   0.0261   0.0093  -0.0319   0.0036   0.0259
  0.0200   0.0280   0.0010  -0.0422   0.0075  -0.0209
  0.0242   0.0098  -0.0000  -0.0105  -0.0015  -0.1321
  0.0137   0.0351   0.0076  -0.0359   0.0114   0.1023
  0.0221   0.0058  -0.0046  -0.0093   0.0135  -0.1385
  0.0140   0.0339  -0.0008  -0.0090   0.0186   0.0719
  0.0238   0.0018  -0.0029   0.0101   0.0124  -0.1319
  0.0143   0.0219  -0.0038   0.0287   0.0095  -0.0041
  0.0181   0.0248  -0.0021  -0.0105   0.0223  -0.0139
  0.0246   0.0027  -0.0054   0.0044   0.0180  -0.1203
  0.0162   0.0320  -0.0050  -0.0097   0.0197   0.0438
  0.0205   0.0083  -0.0087  -0.0071   0.0142  -0.0596
  0.0096   0.0206  -0.0109   0.0305   0.0244  -0.0361
  0.0165   0.0139  -0.0131  -0.0156   0.0269  -0.0318
  0.0199  -0.0074  -0.0069   0.0330   0.0161  -0.1484
  0.0091   0.0199  -0.0109  -0.0052   0.0233   0.0130
  0.0084   0.0166  -0.0102   0.0102   0.0207  -0.0307
  0.0116  -0.0073  -0.0007   0.0349   0.0111  -0.1138
  0.0092  -0.0011  -0.0016   0.0389   0.0028  -0.0445
  0.0133   0.0092  -0.0020   0.0103   0.0126  -0.0608
  0.0193  -0.0213  -0.0066   0.0497   0.0032  -0.1661
  0.0083   0.0047   0.0004   0.0213   0.0077   0.0246
  0.0154  -0.0312  -0.0045   0.0485   0.0041  -0.2180
  0.0098   0.0084   0.0010   0.0435   0.0065  -0.0043
  0.0153  -0.0096  -0.0027   0.0371   0.0129  -0.1122
  0.0063  -0.0295  -0.0021   0.0947  -0.0032  -0.1512
  0.0186   0.0007  -0.0101   0.0204   0.0161   0.0118
  0.0156  -0.0074   0.0098   0.0449  -0.0023  -0.1035
  0.0098  -0.0366   0.0112   0.0031  -0.0094  -0.0854
  0.0104  -0.0574   0.0128   0.0399  -0.0170  -0.1374
  0.0104  -0.0332   0.0105  -0.0005  -0.0010  -0.0144
  0.0169  -0.0777  -0.0013   0.0362   0.0016  -0.2407
  0.0074  -0.0567   0.0049   0.0259  -0.0086  -0.0177
  0.0160  -0.0770   0.0034   0.0178  -0.0129  -0.1556
  0.0020  -0.0513   0.0026   0.0674  -0.0178  -0.1248
  0.0098  -0.0338  -0.0011   0.0398  -0.0027  -0.0894
  0.0107  -0.0774   0.0025   0.0794  -0.0058  -0.1812
  0.0098  -0.0493   0.0024   0.0567  -0.0024  -0.0527
  0.0136  -0.0732   0.0051   0.0572  -0.0077  -0.1975
  0.0005  -0.0492   0.0033   0.0942  -0.0070  -0.0762
  0.0066  -0.0642  -0.0000   0.0687  -0.0046  -0.1283
  0.0029  -0.0651  -0.0031   0.1092  -0.0004  -0.1622
  0.0059  -0.0447  -0.0020   0.0527  -0.0011  -0.0775
  0.0046  -0.0614  -0.0030   0.0898  -0.0059  -0.1672
  0.0007  -0.0414  -0.0015   0.0978  -0.0064  -0.0749
  0.0047  -0.0652  -0.0091   0.0639  -0.0045  -0.1572
  0.0049  -0.0679  -0.0026   0.0933  -0.0132  -0.1798
  0.0103  -0.0535  -0.0059   0.0539   0.0001  -0.1054
  0.0119  -0.0920  -0.0064   0.0704  -0.0113  -0.2591
  0.0045  -0.0559  -0.0074   0.0405  -0.0024  -0.0419
  0.0136  -0.0847  -0.0105   0.0660  -0.0011  -0.2699
  0.0035  -0.0442  -0.0017   0.0561   0.0022  -0.0698
  0.0105  -0.0811  -0.0109   0.0661  -0.0006  -0.2279
  0.0005  -0.0494  -0.0007   0.0837  -0.0012  -0.0512
  0.0095  -0.0770  -0.0043   0.0742   0.0046  -0.2245
  0.0022  -0.0683  -0.0027   0.1058  -0.0027  -0.1288
  0.0094  -0.0619  -0.0092   0.0677   0.0112  -0.1527
  0.0046  -0.0875  -0.0009   0.1399  -0.0128  -0.2497
  0.0080  -0.0560  -0.0052   0.1106  -0.0026  -0.1146
  0.0048  -0.0947  -0.0050   0.1518  -0.0163  -0.2489
 -0.0003  -0.0336   0.0052   0.1092  -0.0043  -0.0834
  0.0054  -0.0790   0.0096   0.1020  -0.0202  -0.2694
  0.0052  -0.0568   0.0221   0.1501  -0.0284  -0.0981
  0.0085  -0.0741   0.0090   0.0913  -0.0228  -0.1910
  0.0043  -0.0768   0.0132   0.1565  -0.0286  -0.2252
