 -0.1756   0.2832  -0.2558  -0.1518  -0.2744   0.0053
 -0.1824   0.2955  -0.2588  -0.1318  -0.2751   0.0141
 -0.1760   0.2833  -0.2470  -0.1039  -0.2716  -0.0520
 -0.1934   0.3007  -0.2502  -0.0475  -0.2726   0.0318
 -0.1897   0.3325  -0.2849  -0.0485  -0.2822  -0.0146
 -0.1738   0.3062  -0.2874  -0.0163  -0.2674  -0.0350
 -0.1536   0.3459  -0.3089  -0.0048  -0.2642  -0.0405
 -0.1381   0.3359  -0.3127  -0.0556  -0.2671  -0.0600
 -0.1098   0.3806  -0.2900  -0.0730  -0.2503  -0.0474
 -0.1299   0.4295  -0.3281  -0.1564  -0.2669  -0.1100
 -0.1456   0.3773  -0.2810  -0.0577  -0.2684  -0.1407
 -0.1924   0.4774  -0.4109  -0.0644  -0.3550  -0.0791
 -0.2519   0.4270  -0.4621  -0.1132  -0.4150  -0.0980
 -0.2649   0.3272  -0.4171  -0.3796  -0.4724  -0.0208
 -0.1961   0.2551  -0.3063  -0.2806  -0.3552  -0.0949
 -0.1879   0.2644  -0.2982  -0.2013  -0.3447  -0.0811
 -0.1942   0.2331  -0.2857  -0.1296  -0.3439  -0.0123
 -0.1899   0.2535  -0.2914  -0.0835  -0.3488   0.0057
 -0.1983   0.3190  -0.3101  -0.1056  -0.3431   0.0166
 -0.2431   0.4409  -0.3914  -0.1295  -0.4017  -0.0554
 -0.2147   0.3301  -0.3014  -0.1729  -0.3663  -0.0610
 -0.0968   0.2777  -0.2289  -0.2856  -0.2919  -0.0454
 -0.0594   0.2972  -0.1547  -0.6847  -0.2354  -0.0016
 -0.0249   0.1628  -0.1148  -0.7425  -0.1670  -0.0890
 -0.0298   0.0868  -0.1342  -0.6242  -0.1942  -0.0344
 -0.0382   0.0331  -0.1285  -0.6173  -0.1905  -0.0871
 -0.0286   0.0444  -0.1223  -0.5486  -0.1900  -0.0125
 -0.0420   0.0270  -0.1238  -0.5488  -0.1846  -0.0631
 -0.0297   0.0592  -0.0842  -0.4661  -0.1446  -0.0118
 -0.0321   0.0249  -0.0989  -0.4221  -0.1474  -0.0326
 -0.0496  -0.0310  -0.1463  -0.3572  -0.1874   0.0016
 -0.0893   0.0493  -0.1797  -0.3040  -0.2191   0.0053
 -0.0989   0.0087  -0.1986  -0.2713  -0.2387  -0.0524
 -0.0916   0.1101  -0.1820  -0.2238  -0.2341  -0.0101
 -0.0866   0.1621  -0.2158  -0.2721  -0.2378  -0.1066
 -0.1930   0.0374  -0.1971  -0.4146  -0.2794   0.0090
 -0.1693  -0.0439  -0.1517  -0.5881  -0.2015  -0.0229
 -0.1191  -0.0081  -0.1336  -0.6565  -0.1237  -0.0023
 -0.0973  -0.0412  -0.1323  -0.6006  -0.1092  -0.0203
 -0.1138  -0.0927  -0.1495  -0.5882  -0.1243  -0.0145
 -0.1168  -0.1374  -0.1529  -0.5171  -0.1213   0.0471
 -0.1329  -0.2339  -0.1280  -0.4483  -0.1112   0.0623
 -0.1444  -0.3087  -0.1385  -0.3700  -0.1238   0.1408
 -0.1485  -0.2968  -0.1297  -0.3423  -0.1283   0.1269
 -0.1025  -0.3002   0.0019  -0.2249  -0.0509   0.0211
 -0.0660  -0.6495   0.1349  -0.3319  -0.0134   0.3257
  0.0190  -0.7270   0.2507  -0.3205   0.1577   0.2888
  0.0477  -0.7044   0.3136  -0.2127   0.2501   0.3010
  0.0606  -0.6733   0.2932  -0.1102   0.2624   0.2493
  0.0367  -0.6424   0.2723  -0.0319   0.2410   0.3076
  0.0441  -0.6221   0.2662  -0.0113   0.2366   0.2145
  0.0307  -0.5606   0.2610   0.0004   0.2231   0.2736
  0.0709  -0.4941   0.2321   0.0517   0.2389   0.1750
  0.0440  -0.4739   0.2209   0.1478   0.2109   0.2654
  0.0582  -0.4534   0.2063   0.1289   0.2089   0.1432
  0.0298  -0.3388   0.1754   0.1164   0.1874   0.1864
  0.0166  -0.2966   0.1715   0.1506   0.1727   0.1080
  0.0175  -0.2105   0.1530   0.1085   0.1615   0.1442
  0.0291  -0.2547   0.1555   0.0791   0.1605   0.0356
  0.0430  -0.2647   0.1709   0.0860   0.1881   0.1175
  0.0577  -0.1673   0.1256   0.1260   0.1811   0.1055
  0.0439  -0.0965   0.0299   0.0543   0.1157   0.0446
 -0.0649   0.0493  -0.1361  -0.0083  -0.0475   0.0382
 -0.0564  -0.0109  -0.1313  -0.0568  -0.0463  -0.0295
 -0.0302   0.0992  -0.0763   0.0208   0.0199   0.0055
 -0.0633   0.0361  -0.0803   0.0207  -0.0048  -0.0464
 -0.0573   0.0234  -0.0716   0.0443  -0.0050  -0.0067
 -0.0229   0.0194  -0.0632   0.0873   0.0394  -0.0144
 -0.0319   0.0547  -0.0208   0.1493   0.0728   0.0346
 -0.0120  -0.0097  -0.0089   0.0986   0.0758  -0.0731
 -0.0062   0.1600  -0.0371   0.0593   0.0822  -0.0386
  0.0126   0.1124   0.0101   0.1126   0.1059  -0.0451
 -0.0149   0.1429  -0.0400   0.1178   0.0464  -0.0182
  0.0154   0.2106  -0.0346   0.1042   0.0824  -0.0744
 -0.0627   0.0012  -0.0684  -0.4077  -0.0834  -0.0005
 -0.0002  -0.1003   0.0552  -0.3047   0.0910  -0.0284
  0.0439   0.0381   0.0919  -0.6822   0.1653  -0.0840
  0.1131   0.2016   0.2567  -0.8946   0.2103  -0.0850
  0.1178   0.0750   0.1931   0.0560   0.1530  -0.2620
  0.1000  -0.0287   0.1841   0.0521   0.1472   0.0046
  0.0947  -0.0495   0.1954   0.0897   0.1530   0.0275
  0.0826  -0.0826   0.1988   0.0647   0.1546  -0.0022
  0.0873  -0.0852   0.2056   0.1077   0.1568   0.0227
  0.0869  -0.0747   0.1980   0.1210   0.1662   0.0594
  0.0808  -0.1432   0.1860   0.1708   0.1578   0.0113
  0.0511   0.1317   0.0721  -0.1470   0.0520  -0.1176
  0.0341  -0.0481   0.1214  -0.3566   0.0783   0.0493
  0.1085  -0.1506   0.2198   0.1484   0.1633  -0.0201
  0.0702  -0.1672   0.1950   0.4410   0.1406  -0.0794
  0.0756  -0.1797   0.2012   0.3592   0.1526   0.1043
  0.0887  -0.1626   0.2095   0.3907   0.1704   0.1199
  0.0898  -0.2355   0.2337   0.4933   0.1997   0.0981
  0.0804  -0.2309   0.2096   0.5001   0.1890   0.0928
  0.0964  -0.1943   0.1646   0.4456   0.1911   0.0957
  0.1117  -0.2711   0.1992   0.4798   0.1596   0.0862
  0.1167  -0.3249   0.2819   0.4664   0.2114   0.0787
  0.1165  -0.0503   0.1594   0.1798   0.1401  -0.0353
  0.0980  -0.0995   0.1953   0.2577   0.1607   0.0110
  0.1213  -0.0079   0.1460   0.2190   0.1362  -0.0995
  0.1074   0.1758   0.0729   0.0602   0.0798  -0.1002
  0.1050   0.0429   0.1265   0.2252   0.1372  -0.1119
  0.1058   0.0403   0.1205   0.3272   0.1350  -0.0832
  0.1276   0.0831   0.1049   0.2610   0.1493  -0.0728
  0.1294   0.0653   0.1141   0.3281   0.1437  -0.1327
  0.1152   0.0569   0.0744   0.3419   0.1209  -0.0833
  0.1032   0.0893   0.0826   0.4411   0.1181  -0.1084
  0.1538   0.1025   0.1243   0.4846   0.1904  -0.0931
  0.2185   0.1408   0.0910   0.5837   0.1982  -0.1330
  0.1924   0.0817   0.1260   0.5313   0.1930  -0.0922
  0.1854   0.0676   0.1739   0.5696   0.2005  -0.0791
  0.1954   0.0563   0.1929   0.5564   0.2240  -0.1107
  0.2094   0.1164   0.1988   0.6718   0.2407  -0.0167
  0.2241   0.2602   0.1385   0.5960   0.2230  -0.1224
  0.1882   0.3698   0.0198   0.4585   0.1575  -0.1431
  0.1899   0.2747   0.1042   0.6252   0.1783  -0.1890
  0.1269   0.0131   0.1680   0.4014   0.0672  -0.0005
  0.1639  -0.0831   0.2549   0.6228   0.1930  -0.0730
  0.1622  -0.0546   0.2565   0.6282   0.1930  -0.0531
  0.1474  -0.0163   0.2507   0.6469   0.1899   0.0304
  0.1985   0.0586   0.2155   0.6743   0.2317  -0.0298
