  0.0116   0.6143  -0.1229   0.0962  -0.0243   0.0095
  0.0128   0.5956  -0.1290   0.0822  -0.0257   0.0236
  0.0032   0.5837  -0.1228   0.0637  -0.0276   0.0102
  0.0182   0.5824  -0.1186   0.0781  -0.0301  -0.0157
  0.0230   0.5946  -0.1250   0.0332  -0.0189   0.0288
  0.0211   0.5451  -0.1271   0.0237  -0.0224  -0.0164
  0.0113   0.5648  -0.1151   0.0157  -0.0364  -0.0255
  0.0128   0.6149  -0.0972  -0.0007  -0.0393   0.0185
  0.0244   0.5770  -0.1021  -0.0021  -0.0275   0.0285
  0.0177   0.5626  -0.1136  -0.0232  -0.0246   0.0138
  0.0177   0.5364  -0.1085   0.0131  -0.0305   0.0071
  0.0161   0.5160  -0.1165  -0.0019  -0.0278  -0.0336
  0.0148   0.5097  -0.1138   0.0339  -0.0338  -0.0259
  0.0165   0.4972  -0.1050   0.0661  -0.0234   0.0398
  0.0146   0.4981  -0.1062   0.0629  -0.0289  -0.0245
  0.0080   0.4456  -0.0990   0.0456  -0.0332  -0.0209
  0.0030   0.3937  -0.0822   0.0200  -0.0298  -0.0319
  0.0050   0.3643  -0.0514  -0.0648  -0.0289  -0.0120
  0.0070   0.3110  -0.0774  -0.0234  -0.0198   0.0406
  0.0089   0.3148  -0.0818   0.0185  -0.0247   0.0070
 -0.0061   0.2852  -0.0919   0.0135  -0.0282  -0.0082
 -0.0078   0.2255  -0.0913   0.0303  -0.0303   0.0012
  0.0019   0.2295  -0.0908   0.0113  -0.0291   0.0221
 -0.0053   0.2328  -0.1077   0.0664  -0.0271   0.0038
 -0.0104   0.2033  -0.1188  -0.0735  -0.0249  -0.0153
  0.0086   0.1540  -0.1132  -0.0258  -0.0293   0.0103
 -0.0010   0.1450  -0.1162  -0.0632  -0.0274   0.0007
 -0.0263   0.1280  -0.0995  -0.0748  -0.0090  -0.0051
 -0.0377   0.0514  -0.0729  -0.0731   0.0004   0.0379
 -0.0500   0.0523  -0.0673  -0.0833   0.0048   0.0201
 -0.0651   0.0146  -0.0775  -0.1150   0.0067   0.0476
 -0.0613  -0.0098  -0.0743  -0.0768   0.0038   0.0381
 -0.0574  -0.0253  -0.0638  -0.1126   0.0028   0.0404
 -0.0558  -0.0684  -0.0681  -0.0999   0.0017   0.0342
 -0.0433  -0.1224  -0.0651  -0.1138  -0.0002   0.0489
 -0.0400  -0.1216  -0.0441  -0.1185  -0.0002   0.0268
 -0.0315  -0.1406  -0.0461  -0.1282  -0.0035   0.0450
 -0.0597  -0.1707  -0.0627  -0.2348   0.0050   0.0242
 -0.0431  -0.1735  -0.0620  -0.1835   0.0076   0.0399
 -0.0510  -0.1908  -0.0675  -0.2155   0.0128   0.0386
 -0.0396  -0.2024  -0.0643  -0.1499   0.0077   0.0531
 -0.0461  -0.2060  -0.0683  -0.1449   0.0063   0.0323
 -0.0211  -0.2694  -0.0682  -0.0313  -0.0107   0.0605
 -0.0401  -0.2584  -0.0587  -0.1124   0.0059   0.0575
 -0.0209  -0.2813  -0.0424  -0.0457  -0.0061   0.0734
 -0.0235  -0.2890  -0.0366  -0.0004  -0.0110   0.0559
 -0.0169  -0.3079  -0.0354   0.0820  -0.0113   0.0604
 -0.0237  -0.3417  -0.0393   0.0678  -0.0071   0.0452
 -0.0127  -0.3737  -0.0175   0.0999  -0.0084   0.0475
 -0.0157  -0.4177  -0.0249   0.1025  -0.0044   0.0905
  0.0012  -0.3786  -0.0570   0.0259  -0.0060   0.0526
  0.0111  -0.4742  -0.0378   0.0487  -0.0058   0.0655
 -0.0411  -0.3850   0.0421  -0.0306  -0.0233   0.0444
 -0.0046  -0.3818   0.0097  -0.0358  -0.0118   0.0558
 -0.0049  -0.4291   0.0463   0.0557  -0.0159   0.0589
 -0.0014  -0.4191   0.0724   0.0355  -0.0121   0.0686
  0.0515  -0.5253   0.1281   0.0908  -0.0098   0.0181
  0.0377  -0.5236   0.1179   0.1072  -0.0122   0.0492
  0.0442  -0.4820   0.1127   0.1064  -0.0061   0.0522
  0.0455  -0.4687   0.0976   0.1140   0.0061   0.1056
  0.0361  -0.4903   0.1000   0.1613   0.0050   0.0607
  0.0325  -0.4604   0.0855   0.1533  -0.0060   0.0646
  0.0359  -0.4580   0.0822   0.1492  -0.0044   0.0543
  0.0320  -0.4533   0.0851   0.1564  -0.0022   0.0607
  0.0304  -0.2798   0.0816   0.1443   0.0009   0.1412
  0.0125  -0.2465   0.0760   0.1113   0.0133   0.0960
  0.0268  -0.3031   0.0573   0.1529   0.0080   0.0940
  0.0047  -0.2633   0.0648   0.1219   0.0021   0.0760
 -0.0092  -0.1977   0.0640   0.1298  -0.0121   0.1122
 -0.0399  -0.0808   0.0556   0.1045  -0.0252   0.1047
 -0.0767   0.1181   0.0622   0.0535  -0.0290   0.1315
 -0.1012   0.1809   0.0964   0.0986  -0.0184   0.0847
 -0.0970   0.3274   0.0927   0.0742  -0.0149   0.0625
 -0.1056   0.3746   0.1089   0.0618  -0.0219   0.0427
 -0.0990   0.3285   0.1121   0.0294  -0.0140   0.0365
 -0.0797   0.2791   0.0976   0.0666  -0.0098   0.0236
 -0.0740   0.2172   0.0857   0.0238  -0.0007   0.0236
 -0.0645   0.2575   0.1369   0.1005  -0.0123   0.0551
 -0.0694   0.2578   0.1155   0.0690  -0.0036  -0.0008
 -0.0510   0.1753   0.1037   0.0210   0.0082  -0.0190
 -0.0247   0.2043   0.0906  -0.0371   0.0343  -0.0176
 -0.0126   0.1589   0.0470   0.0440   0.0522   0.0315
  0.0163   0.8510  -0.0346   0.1867   0.0144   0.1836
 -0.0481   0.8407  -0.1147   0.3130   0.0079  -0.0077
  0.0333   0.5198  -0.1175   0.2113   0.0327  -0.0989
  0.0173   0.3098  -0.0480   0.2156   0.0008  -0.1027
  0.0178   0.2993  -0.0511   0.2000  -0.0030  -0.0829
 -0.0060   0.2217  -0.0513   0.2414   0.0034  -0.0945
 -0.0213   0.2260  -0.0527   0.2579   0.0043  -0.0244
 -0.0033   0.2251  -0.0939   0.1516   0.0068  -0.0603
 -0.0064   0.2101  -0.0562   0.1857   0.0028  -0.0155
 -0.0202   0.2759  -0.0453   0.1679   0.0029  -0.0446
 -0.0349   0.2943  -0.0585   0.1113  -0.0001  -0.0465
 -0.0252   0.2964  -0.0509   0.1286  -0.0037  -0.0205
 -0.0395   0.3380  -0.0638  -0.0631   0.0139  -0.0517
  0.0009   0.2857  -0.0395   0.0764   0.0114  -0.0656
 -0.0081   0.2904  -0.0163  -0.0006   0.0132  -0.0264
 -0.0265   0.3097  -0.0186  -0.0642   0.0156  -0.0582
 -0.0143   0.2792  -0.0134  -0.0433   0.0091  -0.0300
 -0.0214   0.2827  -0.0117  -0.0451   0.0149  -0.0441
 -0.0338   0.3182  -0.0240  -0.1011   0.0111  -0.0303
 -0.0165   0.3258  -0.0073  -0.0875   0.0069   0.0121
 -0.0371   0.3257  -0.0114  -0.1697   0.0096  -0.0149
 -0.0246   0.2452  -0.0370  -0.0600   0.0110  -0.0103
 -0.0431   0.3717  -0.0671  -0.1282   0.0309  -0.0673
 -0.0402   0.3470  -0.0443  -0.0733   0.0049  -0.0486
 -0.0358   0.3176  -0.0412  -0.0355   0.0045  -0.0827
 -0.0369   0.2213  -0.0783  -0.0884   0.0054  -0.0886
 -0.0250   0.1568  -0.0793  -0.0375  -0.0016  -0.0779
 -0.0355   0.1631  -0.0679  -0.0207   0.0027  -0.0316
 -0.0250   0.1619  -0.0598   0.0597  -0.0006  -0.0394
 -0.0270   0.1401  -0.0651   0.0456  -0.0003  -0.0399
 -0.0196   0.1306  -0.0726   0.0483   0.0071  -0.0600
 -0.0384   0.0910  -0.0886   0.0324  -0.0097  -0.0714
 -0.0276   0.0509  -0.0850   0.0607  -0.0058  -0.0426
 -0.0475   0.0000  -0.1027   0.0436  -0.0012  -0.0610
 -0.0277  -0.0427  -0.1077   0.0504   0.0017  -0.0353
 -0.0322  -0.0839  -0.0585   0.0597  -0.0087  -0.0596
 -0.0106  -0.1485  -0.0903   0.1927  -0.0069  -0.0222
 -0.0152  -0.2035  -0.0431   0.0852  -0.0088  -0.0566
  0.0006  -0.2177  -0.0393   0.1115  -0.0124  -0.0348
 -0.0111  -0.2364  -0.0341   0.0926  -0.0185  -0.0528
  0.0040  -0.2616  -0.0401   0.0991  -0.0130  -0.0325
 -0.0126  -0.2620  -0.0359   0.0684  -0.0118  -0.0407
  0.0063  -0.3026  -0.0345   0.0946  -0.0106  -0.0068
 -0.0001  -0.2904  -0.0424   0.0675  -0.0068  -0.0212
  0.0031  -0.2506  -0.0391   0.0762  -0.0052   0.0180
 -0.0067  -0.2233  -0.0368   0.0096  -0.0047  -0.0176
  0.0020  -0.1952  -0.0173  -0.0053  -0.0060  -0.0060
 -0.0173  -0.1944  -0.0301  -0.0160   0.0017  -0.0007
 -0.0230  -0.2227  -0.0300   0.1056  -0.0147   0.0114
 -0.0166  -0.2243  -0.0128  -0.0005  -0.0091  -0.0069
 -0.0034  -0.2155   0.0099   0.0385   0.0001   0.0215
 -0.0032  -0.1891   0.0119   0.0174  -0.0022  -0.0025
  0.0067  -0.1796   0.0228   0.0324  -0.0062   0.0036
 -0.0027  -0.1807   0.0321   0.0162  -0.0088  -0.0145
  0.0034  -0.1651   0.0554   0.0237   0.0032   0.0104
 -0.0103  -0.1665   0.0563  -0.0130   0.0080  -0.0154
 -0.0064  -0.1434   0.0679  -0.0023   0.0054   0.0019
 -0.0218  -0.1556   0.0761  -0.0480   0.0026   0.0104
 -0.0107  -0.1542   0.0859   0.0034   0.0039  -0.0001
 -0.0119  -0.1594   0.0898  -0.0123   0.0078   0.0121
 -0.0241  -0.1486   0.0860  -0.0662   0.0156  -0.0109
 -0.0076  -0.1163   0.0972  -0.1753   0.0161  -0.0085
 -0.0150   0.0454   0.1453  -0.4201   0.0496   0.0222
  0.0239   0.1964   0.0650  -0.0695   0.0320   0.0197
  0.0158   0.2018   0.0691  -0.1267   0.0318   0.0116
  0.0143   0.1511  -0.0095   0.0106  -0.0181  -0.1196
  0.0254   0.0018  -0.0368  -0.0405  -0.0114   0.0078
  0.0260  -0.2409  -0.0287   0.0623  -0.0010  -0.0665
  0.0459  -0.0538  -0.0339  -0.1342   0.0067  -0.0724
  0.0450  -0.1564   0.0077  -0.1056   0.0015  -0.0643
  0.0472  -0.1805   0.0187  -0.0643  -0.0058  -0.0456
  0.0582  -0.2108   0.0275   0.0018  -0.0022  -0.0583
  0.0586  -0.2219   0.0493  -0.0833  -0.0019  -0.0644
  0.0654  -0.2193   0.0833  -0.1180  -0.0107  -0.0526
  0.0665  -0.2948   0.0713  -0.0586   0.0081  -0.0277
  0.1222  -0.1819   0.1305  -0.1050   0.0105   0.0674
  0.1230   0.0459   0.2348  -0.4128   0.0132  -0.0062
  0.1151  -0.1226   0.1957  -0.2724   0.0231  -0.0919
  0.1132  -0.1628   0.1913  -0.1716   0.0253  -0.0491
  0.0972  -0.1833   0.1690  -0.0747   0.0182  -0.0715
  0.0887  -0.2070   0.1692  -0.0199   0.0209  -0.0668
  0.0759  -0.2126   0.1673  -0.0274   0.0253  -0.0642
  0.0670  -0.2199   0.1455  -0.0697   0.0294  -0.0601
  0.0726  -0.2491   0.1488  -0.0332   0.0356  -0.0147
  0.0532  -0.1514   0.1224  -0.0955   0.0204  -0.0170
  0.0483  -0.0942   0.1139  -0.1250   0.0202  -0.0154
  0.0505  -0.1820   0.0895  -0.1212   0.0201  -0.0150
  0.0615  -0.2437   0.1114  -0.1121   0.0260  -0.0580
  0.0729  -0.1016   0.1635  -0.0960   0.0278  -0.0141
  0.0669  -0.1514   0.1452  -0.1025   0.0325  -0.0356
  0.0655  -0.3084   0.1186  -0.0836   0.0377  -0.0324
  0.0473  -0.3471   0.0986  -0.1978   0.0513  -0.0360
  0.0593  -0.5018   0.1093  -0.0301   0.0394  -0.0053
  0.0540  -0.4843   0.1116  -0.0120   0.0399  -0.0265
  0.0415  -0.5106   0.0944  -0.0488   0.0416  -0.0239
  0.0419  -0.5409   0.0976  -0.0336   0.0413   0.0104
  0.0292  -0.5350   0.0894  -0.0952   0.0492  -0.0163
  0.0336  -0.4509   0.0965  -0.1288   0.0621  -0.0216
