  0.1228  -0.1999   0.1542  -0.7623   0.0953   0.1339
  0.1091  -0.1494   0.0987  -0.6865   0.0897   0.1248
  0.0631  -0.2103  -0.0108  -0.5730   0.0399   0.1206
  0.0560  -0.1424   0.0154  -0.5853   0.0363   0.1220
  0.0625  -0.1392   0.0287  -0.5749   0.0373   0.1279
  0.0542  -0.1234   0.0211  -0.5856   0.0388   0.1198
  0.0566  -0.1259   0.0271  -0.6109   0.0363   0.1278
  0.0507  -0.1067   0.0172  -0.6671   0.0257   0.1171
  0.0402  -0.0666   0.0072  -0.6633   0.0232   0.1147
  0.0417  -0.0676   0.0173  -0.5905   0.0211   0.1070
  0.0340  -0.0209   0.0292  -0.6057   0.0212   0.1143
  0.0396   0.0117   0.0245  -0.5821   0.0181   0.0906
  0.0398   0.0056   0.0213  -0.5685   0.0311   0.0668
  0.0321   0.0098   0.0202  -0.5666   0.0296   0.0603
  0.0293   0.0177   0.0145  -0.5587   0.0248   0.0731
  0.0338  -0.0036   0.0332  -0.5944   0.0235   0.0926
 -0.0062  -0.0894   0.0366  -0.4457   0.0289   0.0628
  0.0192  -0.1101   0.0848  -0.5320   0.0639   0.0904
  0.0126  -0.0835   0.0468  -0.4962  -0.0119   0.0053
  0.0187  -0.0811   0.0115  -0.4231  -0.0081   0.0566
 -0.0076  -0.1142  -0.0343  -0.3463  -0.0415   0.0601
 -0.0403  -0.1149  -0.0582  -0.2917  -0.0434   0.0574
 -0.0503  -0.1401  -0.0703  -0.2307  -0.0202   0.0320
  0.0116  -0.0503  -0.0513  -0.2286  -0.0203   0.0315
  0.0328  -0.0732  -0.0244  -0.1643   0.0029   0.0533
  0.1460  -0.0252   0.0805  -0.6556   0.2626   0.1426
  0.0124  -0.0679  -0.0189  -0.3605   0.0336  -0.0286
  0.0163  -0.0247  -0.0037  -0.0957   0.0149  -0.0564
 -0.0222   0.1073   0.0043  -0.1353  -0.0360  -0.0420
 -0.0154   0.0567  -0.0230   0.0062  -0.0609  -0.0188
 -0.0138   0.0664  -0.0511   0.0477  -0.0541   0.0121
  0.0090  -0.0283  -0.0452   0.1083  -0.0278   0.0323
  0.0079  -0.0446  -0.0515   0.0679  -0.0350   0.0589
 -0.0019  -0.0225  -0.0639   0.0779  -0.0420   0.0380
 -0.0144  -0.0015  -0.0673   0.0727  -0.0435   0.0219
 -0.0064   0.0377  -0.0600   0.0512  -0.0326   0.0126
 -0.0064   0.0435  -0.0575   0.0332  -0.0346   0.0183
 -0.0088   0.0190  -0.0600   0.0262  -0.0413   0.0218
 -0.0108   0.0193  -0.0570   0.0223  -0.0408   0.0209
 -0.0178  -0.0621  -0.0734   0.0485  -0.0474   0.0258
 -0.0388  -0.0637   0.0692  -0.1387  -0.0359   0.0815
 -0.0152  -0.0711   0.0054  -0.0744  -0.0460   0.0056
 -0.0137  -0.0369  -0.0050  -0.0269  -0.0382   0.0131
 -0.0219  -0.0188  -0.0249  -0.0176  -0.0440   0.0111
 -0.0261  -0.0160  -0.0261   0.0011  -0.0536   0.0077
 -0.0359  -0.0322  -0.0200   0.0068  -0.0667  -0.0009
 -0.0313  -0.0494  -0.0188   0.0219  -0.0494  -0.0061
 -0.0216  -0.0345  -0.0227   0.0284  -0.0471  -0.0196
 -0.0244  -0.0492  -0.0262   0.0770  -0.0593  -0.0169
 -0.0265  -0.0245  -0.0214   0.0685  -0.0598   0.0047
 -0.0235  -0.0252  -0.0069   0.0889  -0.0426   0.0233
  0.0166   0.0468   0.0976   0.1897   0.0572   0.0482
 -0.0148  -0.0487   0.0361   0.1527  -0.0255  -0.0226
 -0.0190  -0.0489   0.0358   0.2239  -0.0128   0.0194
 -0.0033  -0.0677   0.0578   0.2679  -0.0081   0.0051
 -0.0011  -0.0638   0.0339   0.2635  -0.0114   0.0067
 -0.0055  -0.0198   0.0293   0.2164  -0.0152   0.0035
 -0.0066  -0.0343   0.0232   0.2371  -0.0185   0.0023
 -0.0176  -0.0265   0.0129   0.2052  -0.0344   0.0060
 -0.0090  -0.0344   0.0323   0.1632  -0.0232   0.0001
 -0.0090  -0.0443   0.0405   0.1630  -0.0170   0.0153
 -0.0036  -0.0346   0.0589   0.1922  -0.0144  -0.0054
  0.0015  -0.0058   0.0569   0.1873  -0.0107  -0.0041
 -0.0027   0.0016   0.0454   0.1830  -0.0116  -0.0030
 -0.0119   0.0089   0.0176   0.1838  -0.0007  -0.0045
 -0.0103   0.0234   0.0247   0.1691  -0.0119  -0.0055
 -0.0081   0.0371   0.0197   0.1817  -0.0135  -0.0222
 -0.0083   0.0059   0.0107   0.1842  -0.0186  -0.0157
 -0.0153   0.0057   0.0220   0.1711  -0.0102  -0.0120
 -0.0166   0.0213   0.0205   0.1702  -0.0118  -0.0208
 -0.0134   0.0263   0.0235   0.1486  -0.0217  -0.0232
 -0.0211   0.0325   0.0190   0.1426  -0.0271  -0.0159
 -0.0230   0.0365   0.0205   0.1438  -0.0273  -0.0118
 -0.0152   0.0277   0.0148   0.1480  -0.0234  -0.0261
 -0.0069   0.0195   0.0142   0.1519  -0.0193  -0.0149
 -0.0088   0.0283   0.0172   0.1488  -0.0193  -0.0190
 -0.0049   0.0202   0.0118   0.1465  -0.0230  -0.0203
 -0.0082   0.0076   0.0181   0.1124  -0.0206  -0.0061
 -0.0273  -0.0137   0.0447   0.1550  -0.0253   0.0224
 -0.0432   0.0492   0.0301   0.0445  -0.0085   0.0232
 -0.0410  -0.0924  -0.0280   0.2063  -0.0345  -0.0245
 -0.0429  -0.0806  -0.0463   0.3402  -0.0380  -0.0135
 -0.0485  -0.0403  -0.0294   0.2922  -0.0332  -0.0267
 -0.0530  -0.0332  -0.0300   0.3120  -0.0423  -0.0027
 -0.0341  -0.0074  -0.0254   0.3004  -0.0278   0.0079
 -0.0247  -0.0177  -0.0204   0.2977  -0.0253  -0.0035
 -0.0162   0.0160  -0.0088   0.2687  -0.0154  -0.0212
 -0.0105   0.0334  -0.0063   0.2743  -0.0082  -0.0203
 -0.0052   0.0685  -0.0078   0.2681  -0.0020  -0.0235
  0.0001   0.0537  -0.0138   0.2605   0.0002  -0.0263
 -0.0006   0.0729  -0.0132   0.2437   0.0001  -0.0178
 -0.0007   0.0832  -0.0198   0.2280  -0.0045  -0.0346
 -0.0045   0.0821  -0.0129   0.2216  -0.0044  -0.0265
  0.0047   0.0446  -0.0211   0.1654  -0.0094  -0.0184
 -0.0013   0.0617  -0.0142   0.1979  -0.0082  -0.0165
  0.0051   0.1020  -0.0188   0.2059  -0.0069  -0.0359
  0.0033   0.1013  -0.0132   0.2196  -0.0101  -0.0326
  0.0029   0.0777  -0.0090   0.2122  -0.0067  -0.0158
  0.0006   0.0659  -0.0126   0.1837  -0.0056  -0.0399
  0.0017   0.0923  -0.0079   0.1884  -0.0015  -0.0415
 -0.0008   0.0978  -0.0143   0.2052  -0.0052  -0.0466
  0.0036   0.1085  -0.0027   0.2095  -0.0083  -0.0399
  0.0078   0.1287  -0.0035   0.2012  -0.0073  -0.0470
  0.0161   0.1083  -0.0253   0.2148  -0.0116  -0.0425
  0.0134   0.1186  -0.0142   0.2051  -0.0126  -0.0341
  0.0080   0.1103  -0.0145   0.1725  -0.0083  -0.0230
 -0.0162   0.1255  -0.0135   0.1798  -0.0258  -0.0383
 -0.0376   0.0494   0.0302   0.0690   0.0189   0.0386
 -0.0447  -0.2476   0.2593   0.4823   0.1877   0.0169
  0.0169   0.0500   0.3167   0.2549   0.4048  -0.4515
  0.0498   0.0266   0.1419   0.1007   0.2758  -0.3258
  0.0076  -0.2160  -0.0619  -0.0513   0.1332  -0.2955
 -0.0009   0.0266  -0.0698  -0.0727   0.0534  -0.0774
  0.0011   0.0646  -0.1096   0.0640   0.0244  -0.0973
 -0.0075   0.0991  -0.1114   0.1433   0.0117  -0.0805
 -0.0064   0.0932  -0.0909   0.1851   0.0031  -0.0622
 -0.0155   0.0951  -0.0956   0.2306  -0.0249  -0.0647
  0.0013   0.1151  -0.0850   0.2229  -0.0010  -0.0686
 -0.0004   0.1279  -0.0830   0.2319   0.0015  -0.0666
  0.0003   0.1579  -0.0805   0.1896   0.0047  -0.0663
