 -0.0193  -0.0213   0.0433   0.0564  -0.0151  -0.3778
 -0.0183  -0.0191   0.0299   0.0065  -0.0089  -0.3846
 -0.0119  -0.0460   0.0426   0.0316  -0.0079  -0.3569
 -0.0280  -0.0678   0.0435   0.0375  -0.0031  -0.3822
 -0.0277  -0.1143   0.0351   0.1070  -0.0024  -0.3703
 -0.0276  -0.0878   0.0122   0.0270  -0.0063  -0.3893
 -0.0348  -0.0674   0.0249   0.0432   0.0016  -0.3795
 -0.0320  -0.0366   0.0419   0.0351  -0.0101  -0.3672
 -0.0288  -0.0483   0.0412  -0.0002  -0.0043  -0.3751
 -0.0366  -0.0565   0.0325   0.0005  -0.0038  -0.3875
 -0.0322  -0.0652   0.0321   0.0242  -0.0070  -0.3872
 -0.0324  -0.0546   0.0293   0.0210  -0.0022  -0.3713
 -0.0323  -0.0755   0.0315   0.0364  -0.0099  -0.3477
 -0.0246  -0.0916   0.0184   0.0522  -0.0044  -0.3616
 -0.0367  -0.0859   0.0285   0.0119  -0.0115  -0.3717
 -0.0342  -0.0907   0.0236  -0.0052  -0.0070  -0.3767
 -0.0285  -0.0890   0.0131   0.0049  -0.0048  -0.3725
 -0.0228  -0.0531   0.0251  -0.0016  -0.0089  -0.3499
 -0.0262  -0.0779   0.0235   0.0011  -0.0067  -0.3329
 -0.0251  -0.0837   0.0179  -0.0218  -0.0065  -0.3554
 -0.0320  -0.0860   0.0134  -0.0294  -0.0060  -0.3661
 -0.0315  -0.0677   0.0205  -0.0180  -0.0013  -0.3508
 -0.0328  -0.0457   0.0220  -0.0072  -0.0061  -0.3451
  0.0621   0.2536  -0.0093  -0.0712   0.0115  -0.2884
  0.0393   0.0859  -0.0051   0.0222   0.0090  -0.3034
  0.0129   0.0087  -0.0136   0.0167   0.0022  -0.3388
  0.0050  -0.0187  -0.0136   0.0212   0.0047  -0.3406
  0.0003  -0.0426   0.0186  -0.0085  -0.0065  -0.3264
 -0.0201  -0.0652   0.0319  -0.0449  -0.0157  -0.3588
 -0.0215  -0.0537   0.0342  -0.0114  -0.0113  -0.3308
 -0.0084  -0.0359   0.0228  -0.0285  -0.0066  -0.3185
  0.0120   0.0021   0.0149  -0.0331   0.0072  -0.3140
 -0.0041  -0.0222   0.0086  -0.0092   0.0067  -0.3154
 -0.0047  -0.0517   0.0091  -0.0221  -0.0051  -0.3116
  0.0075   0.0657   0.0167  -0.0309   0.0021  -0.2743
 -0.0052  -0.0128   0.0030   0.0378   0.0042  -0.2981
 -0.0060  -0.0462   0.0019   0.0596   0.0044  -0.3022
  0.0004  -0.0123   0.0057   0.0506   0.0052  -0.2909
 -0.0088  -0.0461   0.0071   0.0243   0.0020  -0.2873
 -0.0058  -0.1083   0.0136   0.0521   0.0027  -0.2699
 -0.0048  -0.1197   0.0163   0.0457   0.0051  -0.2646
 -0.0155  -0.1336   0.0035   0.0306  -0.0017  -0.2919
 -0.0252  -0.1555   0.0019   0.0188  -0.0077  -0.2900
 -0.0182  -0.1073   0.0004  -0.0222  -0.0113  -0.2962
 -0.0039  -0.0310   0.0078   0.0072  -0.0030  -0.2335
 -0.0054  -0.0768   0.0041   0.0329   0.0019  -0.2430
  0.0040  -0.0897   0.0257   0.0270  -0.0007  -0.2268
 -0.0059  -0.0334   0.0121  -0.0455   0.0004  -0.2255
  0.0163   0.1400   0.0539  -0.2796  -0.0232  -0.2862
 -0.0144   0.0826   0.0392  -0.1834  -0.0170  -0.2765
  0.0115   0.0152   0.0330   0.1095   0.0117  -0.1432
  0.0167  -0.0216   0.0328  -0.0584  -0.0002  -0.2147
 -0.0022  -0.0266   0.0328  -0.0510  -0.0035  -0.2120
 -0.0022  -0.0291   0.0238  -0.0188   0.0009  -0.2138
 -0.0015  -0.0435   0.0276  -0.0062   0.0071  -0.2199
 -0.0029  -0.0469   0.0286  -0.0158   0.0074  -0.2040
 -0.0124   0.0243   0.0170  -0.0982  -0.0051  -0.2344
  0.0026   0.0071   0.0002  -0.0564  -0.0045  -0.2455
  0.0216   0.0709   0.0123  -0.0132   0.0140  -0.1733
  0.0312   0.3032  -0.0172  -0.1974   0.0061  -0.2198
  0.0251   0.2835  -0.0018  -0.1440  -0.0016  -0.1928
  0.0183   0.1700   0.0015  -0.0486   0.0072  -0.1812
 -0.0101   0.0888   0.0006   0.0526   0.0103  -0.1813
 -0.0017   0.1258   0.0175   0.0276  -0.0018  -0.1409
  0.0023   0.0511   0.0195  -0.0112  -0.0054  -0.1637
 -0.0101   0.0566   0.0249  -0.0882  -0.0132  -0.1852
  0.0031   0.1563  -0.0177  -0.1666  -0.0047  -0.1709
  0.0138   0.0990   0.0096  -0.0332   0.0005  -0.1573
  0.0013   0.1326   0.0430  -0.0372  -0.0137  -0.1439
  0.0142   0.1422   0.0097  -0.0227   0.0043  -0.1139
  0.0139   0.1061   0.0256   0.0269  -0.0011  -0.1032
  0.0124   0.0087   0.0219   0.0264  -0.0108  -0.1351
 -0.0100   0.1106   0.0146  -0.0632  -0.0066  -0.1354
  0.0119   0.1745   0.0308  -0.1415  -0.0081  -0.1087
  0.0173   0.1033   0.0105  -0.0618  -0.0047  -0.0849
 -0.0004   0.0191   0.0293  -0.0153  -0.0003  -0.0913
  0.0426   0.2188  -0.0010  -0.0602  -0.0025  -0.0807
  0.0130   0.0499   0.0242   0.0346  -0.0019  -0.0526
  0.0376   0.0188   0.0160   0.0157  -0.0001  -0.0732
  0.0221   0.0267   0.0129  -0.0185  -0.0011  -0.0804
  0.0193   0.0141  -0.0014  -0.0309   0.0062  -0.0767
  0.0085   0.0068   0.0190   0.0149  -0.0006  -0.0523
  0.0030   0.0023   0.0136   0.0245  -0.0031  -0.0512
 -0.0062  -0.0600   0.0066   0.0193  -0.0069  -0.0523
 -0.0035  -0.0351   0.0007   0.0179  -0.0012  -0.0348
 -0.0061  -0.0715   0.0049   0.0507  -0.0027  -0.0295
  0.0107   0.0662   0.0066   0.0632  -0.0048   0.0251
  0.0082   0.2157   0.0650  -0.1034  -0.0105  -0.0193
 -0.0051   0.1321   0.0608   0.0084  -0.0117   0.0219
 -0.0054   0.0256   0.0140   0.1311  -0.0011   0.0394
 -0.0133   0.0108   0.0149   0.0744   0.0012   0.0041
 -0.0179  -0.0182   0.0221   0.0577  -0.0058   0.0137
 -0.0177  -0.0400   0.0333   0.0474  -0.0072   0.0235
 -0.0062   0.0314   0.0270   0.0864  -0.0071   0.0873
 -0.0157   0.0007   0.0281   0.0408  -0.0074   0.0778
 -0.0082   0.0291   0.0226  -0.0061  -0.0062   0.0783
 -0.0049   0.0110   0.0202   0.0216  -0.0115   0.0771
 -0.0045  -0.0008   0.0094   0.0317  -0.0104   0.0653
 -0.0102   0.0407   0.0112  -0.0002  -0.0061   0.0700
  0.0028   0.0100  -0.0027   0.0400  -0.0037   0.1085
  0.0283   0.0765  -0.0415  -0.0668   0.0151   0.1203
  0.0313   0.1660  -0.0172  -0.0607   0.0012   0.1175
  0.0055   0.0287   0.0039  -0.0186  -0.0020   0.1006
 -0.0107  -0.1235   0.0112  -0.0040   0.0019   0.1037
 -0.0076  -0.0867   0.0161   0.0109  -0.0007   0.1315
 -0.0119  -0.1602   0.0242   0.0345   0.0036   0.1505
 -0.0160  -0.2005   0.0311   0.0458  -0.0101   0.1577
  0.0094  -0.1482   0.0254   0.0957  -0.0050   0.1929
  0.0044  -0.1290  -0.0059   0.0785   0.0029   0.1775
 -0.0143  -0.1637  -0.0042   0.1447   0.0075   0.2048
  0.0023  -0.0241   0.0003   0.1544   0.0161   0.2563
 -0.0113  -0.0013  -0.0122   0.0798   0.0131   0.2348
  0.0090   0.0060  -0.0288   0.0391   0.0154   0.2297
 -0.0107  -0.0016  -0.0229   0.0355   0.0034   0.2114
 -0.0050   0.0151  -0.0147   0.0585   0.0093   0.2299
  0.0167   0.0525  -0.0152   0.0652   0.0093   0.2976
 -0.0023  -0.0130  -0.0246   0.0511   0.0044   0.2774
 -0.0084  -0.0476  -0.0266   0.0458   0.0047   0.2715
 -0.0155  -0.0628  -0.0255   0.0734   0.0078   0.2728
 -0.0080  -0.0446  -0.0281   0.0704   0.0108   0.2726
 -0.0137   0.0111  -0.0111   0.0342  -0.0003   0.3059
 -0.0204   0.0338   0.0006  -0.0219  -0.0097   0.3047
 -0.0184   0.0397  -0.0143  -0.0266  -0.0082   0.2978
  0.0033   0.1806  -0.0366  -0.1194   0.0091   0.3080
  0.0117   0.2344  -0.0357  -0.1037  -0.0047   0.3676
  0.0126   0.1813  -0.0357  -0.1406  -0.0043   0.3218
  0.0089   0.1534  -0.0216  -0.0821  -0.0087   0.3282
  0.0107   0.1268  -0.0369  -0.0743   0.0011   0.3518
  0.0013   0.1053  -0.0405  -0.0598  -0.0060   0.3305
  0.0120   0.1144  -0.0298  -0.0287  -0.0007   0.3737
  0.0023   0.0558  -0.0310  -0.0549  -0.0041   0.3690
 -0.0049   0.0311  -0.0375  -0.0659  -0.0085   0.3579
 -0.0024   0.0758  -0.0299  -0.0390  -0.0063   0.3950
 -0.0017  -0.0128  -0.0570  -0.0269   0.0101   0.4126
 -0.0181  -0.1144  -0.0331   0.0153   0.0037   0.4310
 -0.0131  -0.1406  -0.0091   0.0060  -0.0127   0.4322
 -0.0045  -0.2364  -0.0390   0.0505   0.0003   0.4419
  0.0034  -0.0689  -0.0400  -0.0071   0.0049   0.4367
  0.0180   0.0595  -0.0242   0.2143   0.0141   0.5737
  0.0443   0.1230  -0.0315  -0.0803  -0.0010   0.4574
  0.0442   0.0954  -0.0335  -0.1043   0.0152   0.4566
  0.0426   0.0548  -0.0527   0.0413   0.0166   0.4996
  0.0398   0.0965  -0.0587  -0.0085   0.0180   0.5192
  0.0371   0.0945  -0.0488   0.0551   0.0182   0.5487
  0.0309   0.0516  -0.0644   0.0701   0.0147   0.5491
  0.0270   0.0441  -0.0692   0.0412   0.0100   0.5497
  0.0238  -0.0165  -0.0580   0.0148   0.0122   0.5354
  0.0054  -0.1543  -0.0486   0.0256   0.0080   0.5303
  0.0130  -0.0904  -0.0441   0.0713   0.0079   0.5909
  0.0529  -0.0751  -0.0838   0.0703   0.0337   0.5993
  0.0065  -0.0139  -0.0914  -0.1931   0.0128   0.5481
  0.0405  -0.0483  -0.1087  -0.1552   0.0230   0.5625
  0.0462  -0.1549  -0.1023  -0.0578   0.0152   0.5665
  0.0158  -0.2461  -0.0608   0.1302   0.0083   0.6065
  0.0325  -0.1825  -0.0745   0.0782   0.0172   0.6324
  0.0213  -0.1589  -0.0923   0.0099   0.0088   0.6134
