 -0.0663  -1.2808   0.0620   0.8144  -0.0130   0.5925
 -0.0514  -1.2535   0.0717   0.8507   0.0197   0.5427
 -0.0497  -1.2976   0.0910   0.8227   0.0441   0.5520
 -0.0477  -1.2638   0.0706   0.7469   0.0628   0.5222
 -0.0447  -1.1854   0.0474   0.6544   0.0691   0.4765
 -0.0492  -1.1484   0.0460   0.5462   0.0847   0.4819
 -0.0320  -1.1048   0.0397   0.5192   0.1184   0.4455
 -0.0278  -1.0738   0.0247   0.4947   0.1262   0.4090
 -0.0138  -1.0180   0.0118   0.4880   0.1407   0.3859
 -0.0119  -0.9699   0.0124   0.5105   0.1358   0.3845
 -0.0239  -0.9449   0.0168   0.5084   0.1182   0.3544
 -0.0337  -0.8994   0.0296   0.5106   0.0898   0.3343
 -0.0340  -0.8508   0.0060   0.4722   0.0924   0.3216
 -0.0441  -0.7744   0.0081   0.4180   0.0857   0.3034
 -0.0322  -0.6992   0.0179   0.3916   0.1079   0.2536
 -0.0028  -0.5955  -0.0111   0.3441   0.1243   0.2199
 -0.0028  -0.4890  -0.1402   0.3442   0.0301   0.1710
  0.0116  -0.4019  -0.1751   0.4016   0.0451   0.1388
 -0.0716  -0.4331  -0.1262   0.4096   0.0070   0.1669
 -0.0845  -0.4776  -0.1010   0.4203  -0.0107   0.1754
 -0.0771  -0.4491  -0.0877   0.4069   0.0128   0.1608
 -0.0571  -0.4316  -0.1007   0.3865   0.0435   0.1583
 -0.0472  -0.4447  -0.0981   0.3893   0.0588   0.1639
 -0.0379  -0.4328  -0.0892   0.3696   0.0736   0.1294
 -0.0245  -0.4061  -0.0782   0.3484   0.0922   0.1334
 -0.0144  -0.3804  -0.0736   0.3272   0.1030   0.1153
  0.0016  -0.3671  -0.0869   0.3156   0.1260   0.1137
  0.0013  -0.3458  -0.0774   0.2976   0.1330   0.1090
  0.0126  -0.3252  -0.0865   0.2358   0.1465   0.0804
  0.0174  -0.3202  -0.0836   0.2451   0.1493   0.0804
  0.0333  -0.2817  -0.0828   0.2432   0.1871   0.0627
  0.0327  -0.2636  -0.0789   0.2332   0.1843   0.0515
  0.0333  -0.2386  -0.0819   0.2210   0.1882   0.0625
  0.0323  -0.2349  -0.0847   0.1982   0.1918   0.0494
  0.0352  -0.2229  -0.0643   0.1994   0.1869   0.0336
  0.0330  -0.2129  -0.0646   0.1889   0.1863   0.0193
  0.0316  -0.1896  -0.0670   0.1651   0.1849   0.0255
  0.0284  -0.1786  -0.0650   0.1646   0.1743   0.0057
  0.0317  -0.1826  -0.0567   0.1898   0.1794   0.0142
  0.0367  -0.1761  -0.0521   0.1855   0.1814   0.0267
  0.0387  -0.1679  -0.0510   0.1777   0.1800   0.0032
  0.0444  -0.1465  -0.0440   0.1831   0.1692   0.0023
  0.0408  -0.1165  -0.0286   0.2063   0.1796   0.0030
  0.0375  -0.1078  -0.0398   0.1827   0.1855  -0.0089
  0.0573   0.0467  -0.0442   0.0858   0.2209  -0.0090
  0.0732   0.0961  -0.0379   0.0640   0.2313  -0.1011
  0.0786   0.1049  -0.0447   0.0864   0.2288  -0.1146
  0.1007   0.1012  -0.0295   0.1059   0.2563  -0.1130
  0.1040   0.1118  -0.0228   0.1041   0.2522  -0.0912
  0.1008   0.1204  -0.0213   0.1145   0.2493  -0.1007
  0.0922   0.1145   0.0212   0.1816   0.2318  -0.1005
  0.1063   0.1125   0.0207   0.1710   0.2527  -0.1199
  0.1151   0.1068   0.0336   0.1826   0.2582  -0.1037
  0.1153   0.1146   0.0449   0.1809   0.2562  -0.1106
  0.1320   0.1242   0.0475   0.1711   0.2589  -0.0931
  0.1346   0.1326   0.0640   0.1728   0.2439  -0.1268
  0.1338   0.1790   0.0674   0.1642   0.2286  -0.1498
  0.1228   0.1826   0.0809   0.1495   0.2042  -0.1251
  0.1190   0.2123   0.1140   0.1247   0.2183  -0.1050
  0.1092   0.2091   0.0739   0.1132   0.1976  -0.1078
  0.0942   0.2507   0.0826   0.1061   0.1781  -0.1309
  0.0940   0.2427   0.1021   0.1427   0.1677  -0.1616
  0.1021   0.2602   0.1117   0.1409   0.1767  -0.1641
  0.1108   0.2742   0.1154   0.1255   0.1919  -0.1635
  0.1157   0.2687   0.1157   0.1267   0.2000  -0.1678
  0.1241   0.2462   0.1090   0.1321   0.2166  -0.1955
  0.1126   0.2784   0.0940  -0.0284   0.1610  -0.1536
  0.0518   0.3354   0.1409  -0.0959   0.1903  -0.1497
  0.0594   0.3546   0.1260  -0.1533   0.2456  -0.1763
  0.0449   0.3136   0.1347  -0.0480   0.1717  -0.1845
  0.0544   0.3107   0.1428  -0.0060   0.1748  -0.1886
  0.0611   0.3218   0.1477   0.0528   0.1763  -0.1654
  0.0755   0.3280   0.1512   0.0803   0.1855  -0.1800
  0.0850   0.3425   0.1673   0.0956   0.1800  -0.1756
  0.1000   0.3619   0.1458   0.0997   0.1685  -0.1835
  0.0995   0.3469   0.1368   0.0982   0.1607  -0.1689
  0.0931   0.2878   0.1346   0.1277   0.1399  -0.1364
  0.0913   0.2876   0.1414   0.1470   0.1285  -0.1416
  0.0832   0.2887   0.1375   0.1510   0.1190  -0.1352
  0.0816   0.3162   0.1038   0.1229   0.1154  -0.1162
  0.0876   0.3257   0.1151   0.1267   0.1279  -0.1576
  0.0876   0.3338   0.1338   0.1587   0.1150  -0.1530
  0.0971   0.3471   0.1392   0.1283   0.1252  -0.1662
  0.1150   0.3627   0.1387   0.1025   0.1533  -0.1701
  0.1308   0.3643   0.1420   0.1065   0.1731  -0.1670
  0.1262   0.3847   0.1282   0.0836   0.1669  -0.1805
  0.1018   0.4337   0.0993   0.0372   0.1329  -0.1736
  0.1173   0.5263   0.0793  -0.0518   0.1526  -0.2244
  0.1013   0.5284   0.0279  -0.0656   0.1296  -0.1669
  0.1112   0.5599   0.0632  -0.0442   0.1386  -0.2729
  0.1184   0.5220   0.0777   0.0017   0.1368  -0.2417
  0.1103   0.4652   0.0958   0.0608   0.1129  -0.2236
  0.1057   0.4917   0.1084   0.0584   0.1046  -0.2219
  0.1041   0.5066   0.1119   0.0337   0.1080  -0.2461
  0.1049   0.5336   0.1161   0.0084   0.0990  -0.2490
  0.0969   0.5460   0.1462   0.0187   0.0837  -0.2345
  0.0940   0.5181   0.1532   0.0746   0.0762  -0.2262
  0.0918   0.5183   0.1580   0.0857   0.0804  -0.2298
  0.0864   0.4915   0.1574   0.1101   0.0624  -0.2150
  0.1055   0.4805   0.1078   0.1549   0.0626  -0.2033
  0.0700   0.4725   0.0978   0.1478   0.0359  -0.1716
  0.0777   0.4892   0.1215   0.1238   0.0406  -0.2064
  0.0816   0.4795   0.1401   0.1453   0.0458  -0.2242
  0.1162   0.4130   0.1031   0.0281   0.0903  -0.1974
  0.1273   0.5024   0.1057   0.0307   0.1245  -0.2232
  0.1791   0.3359  -0.0807   0.3162   0.0964  -0.1407
  0.1749   0.2704   0.0542   0.3936   0.0147  -0.0479
  0.1722  -0.0474   0.0240  -0.0906   0.0337   0.1564
 -0.2460  -0.5758  -0.0286  -0.7979  -0.0210   0.2573
 -0.2137  -0.2522  -0.0285  -0.7203   0.0176  -0.0214
 -0.1927  -0.2344   0.0208  -0.6459   0.0397  -0.0171
 -0.1959  -0.2885   0.0269  -0.5855   0.0130   0.0271
 -0.1085  -0.2523   0.0657  -0.5414   0.0698  -0.0438
  0.0340   0.1111   0.1233  -0.3017   0.0198  -0.1475
  0.0258   0.0609   0.1001  -0.3286  -0.0478  -0.0458
  0.0135   0.0384   0.0848  -0.3431  -0.0507  -0.0388
 -0.0158   0.0768   0.1013  -0.3358  -0.0881  -0.0524
 -0.0288   0.0933   0.1000  -0.3446  -0.1111  -0.0490
 -0.0201   0.0540   0.1131  -0.2692  -0.1034  -0.0230
 -0.0029   0.0811   0.1056  -0.2677  -0.0827  -0.0386
 -0.0148   0.0745   0.1271  -0.2521  -0.0921  -0.0248
 -0.0202   0.0890   0.1396  -0.2404  -0.1264  -0.0264
 -0.0271   0.0998   0.1410  -0.2039  -0.1557  -0.0357
  0.0167   0.2958   0.1423  -0.3017  -0.1127  -0.1698
 -0.0748  -0.9898  -0.2566  -2.5098  -0.0214   0.6691
 -0.2336  -0.3763  -0.0774  -0.9145  -0.1540  -0.0976
 -0.2603  -0.2978  -0.0128  -0.7290  -0.1767   0.0142
 -0.2643  -0.2476  -0.0074  -0.6875  -0.1985   0.0796
 -0.2680  -0.2543   0.0357  -0.6179  -0.2192   0.0477
 -0.2594  -0.2262   0.0400  -0.6023  -0.2060   0.0798
 -0.2431  -0.2317   0.0515  -0.5658  -0.1985   0.0583
 -0.2108  -0.1687   0.0664  -0.5965  -0.1835   0.0572
 -0.2054  -0.1346   0.0514  -0.5875  -0.1922   0.0392
 -0.1801  -0.0680   0.0296  -0.6271  -0.1785   0.0103
 -0.1444  -0.0179   0.0125  -0.6024  -0.1554   0.0051
 -0.1310   0.0024  -0.0073  -0.5747  -0.1482  -0.0025
 -0.1228   0.0177  -0.0255  -0.5660  -0.1532  -0.0200
 -0.1191   0.0017  -0.0065  -0.5249  -0.1566  -0.0095
 -0.1154   0.0004  -0.0222  -0.5049  -0.1799  -0.0038
 -0.1001   0.0256  -0.0309  -0.5091  -0.1590  -0.0170
 -0.0795   0.0809  -0.0405  -0.5111  -0.1433  -0.0252
 -0.0725   0.0891  -0.0275  -0.4822  -0.1355  -0.0340
 -0.0767   0.1013  -0.0299  -0.4805  -0.1397  -0.0347
 -0.0560   0.1472  -0.0109  -0.4752  -0.1162  -0.0526
 -0.0623   0.1523  -0.0014  -0.5104  -0.1135  -0.0864
 -0.0639   0.1812  -0.0135  -0.4729  -0.1229  -0.0685
 -0.1080   0.2254  -0.0981  -0.5007  -0.1939  -0.0734
 -0.1092   0.2892  -0.0765  -0.5217  -0.1973  -0.1158
 -0.1051   0.2348  -0.0735  -0.4660  -0.1970  -0.0863
 -0.0974   0.2321  -0.0518  -0.4721  -0.1847  -0.0823
 -0.0796   0.2377  -0.0436  -0.4928  -0.1670  -0.0817
 -0.0643   0.1964  -0.0624  -0.4911  -0.1478  -0.0917
 -0.0714   0.2511  -0.0517  -0.4658  -0.1647  -0.0893
 -0.0650   0.2605  -0.0383  -0.4596  -0.1650  -0.0563
 -0.0587   0.2490  -0.0193  -0.4215  -0.1590  -0.0832
 -0.0537   0.2199  -0.0131  -0.3672  -0.1643  -0.0785
 -0.0644   0.1976  -0.0119  -0.3407  -0.1869  -0.0715
 -0.0441   0.2117  -0.0016  -0.3319  -0.1559  -0.0696
 -0.0381   0.2066  -0.0018  -0.3202  -0.1460  -0.0766
 -0.0465   0.2292  -0.0116  -0.3435  -0.1486  -0.0665
 -0.0312   0.2510  -0.0323  -0.3851  -0.1091  -0.0199
 -0.0190   0.3029  -0.0555  -0.4365  -0.0868  -0.0868
 -0.0167   0.2883  -0.0519  -0.3909  -0.1004  -0.0931
 -0.0167   0.2713  -0.0492  -0.3775  -0.1077  -0.0792
  0.0223   0.1611  -0.0737  -0.3605  -0.0781  -0.0348
  0.0243   0.1448  -0.0548  -0.2383  -0.1030   0.0952
 -0.0179   0.1559  -0.1348  -0.2244  -0.1779  -0.0085
 -0.0682   0.1113  -0.1588  -0.2071  -0.1950  -0.0768
 -0.0690   0.1354  -0.1243  -0.1795  -0.1931  -0.0277
 -0.0655   0.1187  -0.0962  -0.1249  -0.1944  -0.0061
 -0.0604   0.1015  -0.0660  -0.0595  -0.1832  -0.0048
 -0.0597   0.0954  -0.0638  -0.0652  -0.1792   0.0233
 -0.0537   0.1076  -0.0323  -0.0609  -0.1616   0.0228
 -0.0263   0.1024  -0.0587  -0.0317  -0.1515   0.0151
 -0.0262   0.0887  -0.0641  -0.0123  -0.1643   0.0310
 -0.0197   0.0940  -0.0654  -0.0431  -0.1547   0.0227
 -0.0199   0.1655  -0.1027  -0.0568  -0.1729   0.0188
 -0.0212   0.1404  -0.1037  -0.0085  -0.2515   0.0953
 -0.0408   0.1403  -0.1044   0.0574  -0.2803   0.0604
 -0.0549   0.0203  -0.1245   0.0991  -0.3165   0.0693
 -0.0481  -0.0657  -0.1403   0.3258  -0.2897   0.1011
 -0.0472  -0.0466  -0.1257   0.3473  -0.2968   0.1299
 -0.0478  -0.0716  -0.1199   0.3847  -0.2908   0.1326
 -0.0336  -0.0788  -0.0982   0.3729  -0.2631   0.1451
 -0.0326  -0.1153  -0.1028   0.3763  -0.2639   0.1584
 -0.0188  -0.0770  -0.1329   0.2720  -0.2480   0.1735
 -0.0150  -0.0195  -0.1357   0.1996  -0.2557   0.1314
 -0.0239  -0.0694  -0.1440   0.2555  -0.2730   0.1030
 -0.0375  -0.1070  -0.1456   0.3067  -0.3048   0.1293
 -0.0337  -0.1276  -0.1333   0.3411  -0.3048   0.1614
 -0.0275  -0.1374  -0.1251   0.3670  -0.3076   0.1512
 -0.0420  -0.1372  -0.1303   0.3866  -0.3354   0.1715
 -0.0352  -0.1359  -0.1398   0.3813  -0.3337   0.1955
  0.0088  -0.2380  -0.1225   0.4611  -0.2981   0.2367
  0.0042  -0.6111  -0.2993   0.6631  -0.2386   0.4431
 -0.0166  -0.3926  -0.1483   0.4121  -0.1538   0.2609
 -0.0110  -0.3801  -0.1097   0.5838  -0.1493   0.2389
 -0.0032  -0.3277  -0.1105   0.5993  -0.1393   0.2457
 -0.0196  -0.3077  -0.0974   0.5393  -0.1677   0.2699
 -0.0373  -0.2189  -0.1022   0.4455  -0.1856   0.2090
