 -0.0458   0.3954   0.3566  -0.6250   0.1323   0.1227
 -0.0265   0.4915   0.3539  -0.6543   0.1517   0.1177
 -0.0356   0.4610   0.3416  -0.6754   0.1467   0.1088
 -0.0349   0.5247   0.3356  -0.6815   0.1550   0.1243
 -0.0325   0.4005   0.3382  -0.6826   0.1368   0.1426
 -0.0631   0.3748   0.3925  -0.5788   0.1264   0.1542
  0.0023   0.3860   0.3758  -0.6744   0.1896   0.0607
  0.0389   0.4242   0.3742  -0.6597   0.2307   0.1479
  0.0162   0.3742   0.3560  -0.6389   0.2214   0.1021
 -0.0000   0.2843   0.3339  -0.5326   0.2044   0.0760
 -0.0388   0.3228   0.3313  -0.5338   0.1630   0.0741
 -0.0284   0.3719   0.2716  -0.6146   0.1776   0.0316
 -0.0478   0.3571   0.2965  -0.6789   0.1880   0.2068
 -0.0516   0.3977   0.2400  -0.6883   0.1574   0.1393
 -0.0569   0.3192   0.2339  -0.5768   0.1634   0.1468
 -0.0324   0.3592   0.2073  -0.5753   0.1542   0.0925
 -0.0159   0.4027   0.2413  -0.6399   0.1803   0.0955
 -0.0279   0.4001   0.2557  -0.6616   0.1787   0.0734
 -0.0623   0.4297   0.2188  -0.6562   0.1566   0.1626
 -0.0805   0.4017   0.2077  -0.6299   0.1348   0.1497
 -0.0539   0.3334   0.1877  -0.5018   0.1388   0.0966
 -0.0237   0.2871   0.1584  -0.4560   0.1251   0.0719
 -0.0293   0.2962   0.1582  -0.4592   0.1285   0.0601
 -0.0090   0.2918   0.1543  -0.4391   0.1311   0.0556
 -0.0264   0.2951   0.1552  -0.4422   0.1310   0.0273
 -0.0113   0.2969   0.1571  -0.4259   0.1265   0.0733
 -0.0116   0.2842   0.1499  -0.4290   0.1278   0.0428
 -0.0097   0.2786   0.1610  -0.4171   0.1286   0.0395
 -0.0277   0.2588   0.1707  -0.3750   0.1278   0.0575
 -0.0442   0.2731   0.1725  -0.4097   0.1052   0.0935
 -0.0638   0.2679   0.2232  -0.4852   0.2030   0.0422
 -0.1091   0.2599   0.2561  -0.4835   0.2102   0.0819
 -0.0384   0.3302   0.2508  -0.6402   0.2435   0.2053
 -0.0008   0.3482   0.2533  -0.6434   0.2596   0.1553
 -0.0079   0.3447   0.2462  -0.6244   0.2337   0.0808
  0.0116   0.3278   0.2238  -0.5417   0.2420   0.0830
  0.0128   0.3252   0.1943  -0.5101   0.2331   0.0322
  0.0157   0.2860   0.1755  -0.4767   0.2344   0.0318
 -0.1127   0.2748   0.1427  -0.9145   0.1246   0.2396
 -0.2164   0.2934   0.0238  -0.7164   0.0383   0.2248
 -0.1786   0.2027  -0.0830  -0.5730   0.0237   0.2565
 -0.1596   0.3690  -0.0670  -0.6624  -0.0121   0.0787
 -0.1964   0.4287  -0.0558  -0.5846  -0.0806   0.1112
 -0.1836   0.3745  -0.0329  -0.5882  -0.0208   0.1405
 -0.1608   0.3433  -0.0727  -0.5274  -0.0274   0.0716
 -0.1672   0.2870   0.0100  -0.5272   0.0241   0.1598
 -0.1828   0.2911   0.0119  -0.4582   0.0233   0.1045
 -0.1887   0.2917   0.0008  -0.4702   0.0179   0.1527
 -0.1372   0.2616   0.0438  -0.4572   0.0245   0.0772
 -0.1367   0.2924   0.0250  -0.3944   0.0301   0.0145
 -0.1030   0.2715   0.0094  -0.5358   0.0316   0.1424
 -0.0544   0.2652  -0.0043  -0.4616   0.0711   0.0432
 -0.0778   0.2730  -0.0240  -0.4964   0.0257   0.1254
 -0.1137   0.2538  -0.0253  -0.4870   0.0178   0.0677
 -0.0974   0.2831  -0.0130  -0.5451   0.0244   0.1105
 -0.0867   0.2841  -0.0320  -0.5821   0.0283   0.0729
 -0.0841   0.2894  -0.0310  -0.5539   0.0263   0.1282
 -0.0753   0.2878  -0.0610  -0.5537   0.0132   0.1163
 -0.1079   0.3005  -0.0616  -0.5357   0.0008   0.1271
 -0.1195   0.2852  -0.0612  -0.5325  -0.0023   0.0883
 -0.1429   0.2958  -0.0693  -0.4938  -0.0271   0.0764
 -0.1320   0.2783  -0.0840  -0.4839  -0.0231   0.1002
 -0.0752   0.2554  -0.0641  -0.4345   0.0120   0.0707
 -0.0878   0.2112  -0.0863  -0.4600  -0.0037   0.0448
 -0.0944   0.2157  -0.0744  -0.4522   0.0020   0.0639
 -0.0906   0.2481  -0.0983  -0.4733   0.0015   0.0924
 -0.0955   0.2129  -0.1174  -0.4139  -0.0067   0.0630
 -0.0889   0.1745  -0.1286  -0.3808  -0.0274   0.1201
 -0.0845   0.1665  -0.1079  -0.3428  -0.0294   0.0692
 -0.0842   0.1505  -0.1055  -0.3648  -0.0291   0.1566
 -0.0772   0.1282  -0.0867  -0.3526  -0.0050   0.0594
 -0.0788   0.1301  -0.0714  -0.3389  -0.0223   0.1278
 -0.0727   0.1022  -0.0753  -0.3185  -0.0079   0.0689
 -0.0501   0.0719  -0.0720  -0.3221   0.0006   0.1287
 -0.0351   0.0023  -0.0825  -0.2770   0.0125   0.0796
 -0.0475  -0.0211  -0.0835  -0.2619  -0.0047   0.1264
 -0.0700  -0.0845  -0.0835  -0.1814  -0.0102   0.1167
 -0.0386  -0.0900  -0.0790  -0.1754  -0.0215   0.0982
 -0.0613  -0.1126  -0.0942  -0.1822  -0.0281   0.0998
 -0.0384  -0.0928  -0.0951  -0.2090  -0.0220   0.1517
 -0.0093  -0.1011  -0.1045  -0.2036   0.0015   0.0717
 -0.0084  -0.0752  -0.1043  -0.2051  -0.0121   0.0775
 -0.0211  -0.0977  -0.0999  -0.1375  -0.0150   0.0959
 -0.0125  -0.0321  -0.1026  -0.1279  -0.0362   0.0684
 -0.0321  -0.0370  -0.1056  -0.0038  -0.0622   0.0084
 -0.0166  -0.0852  -0.1188   0.0190  -0.0657   0.0941
 -0.0244  -0.1067  -0.1132  -0.0156  -0.0436   0.0273
  0.0125  -0.0708  -0.1106   0.0231  -0.0480   0.0437
 -0.0013  -0.1074  -0.1140   0.0555  -0.0455  -0.0204
  0.0273  -0.0748  -0.0975   0.0521  -0.0510   0.0169
  0.0001  -0.0929  -0.1154   0.0632  -0.0652  -0.0164
  0.0092  -0.0884  -0.1072   0.0852  -0.0617   0.0375
  0.0179  -0.0954  -0.1102   0.0775  -0.0612  -0.0086
  0.0159  -0.0905  -0.1051   0.0791  -0.0643  -0.0041
  0.0130  -0.1684  -0.0698   0.1154  -0.0409  -0.0110
  0.0485  -0.1674  -0.0200   0.0960  -0.0081   0.0222
  0.0822  -0.1450  -0.0240   0.0765  -0.0021   0.0197
  0.0539  -0.1623  -0.0344   0.0699  -0.0037   0.0501
 -0.0592  -0.2346   0.0527   0.0173   0.0194   0.1092
 -0.0018  -0.1931   0.0320   0.0693   0.0144   0.0320
  0.0211  -0.1789   0.0439   0.0917   0.0086   0.0896
  0.0232  -0.1243   0.0050   0.0066   0.0202   0.0141
  0.0242  -0.1113  -0.0025   0.0401   0.0096   0.0621
  0.0352  -0.1504   0.0111   0.0179   0.0229   0.0004
  0.0531  -0.1110   0.0151   0.0163   0.0267   0.0568
  0.0432  -0.1369   0.0236   0.0375   0.0371   0.0036
  0.0542  -0.1347   0.0186   0.0444   0.0313   0.0177
  0.0577  -0.1100   0.0096   0.1039   0.0219   0.0122
  0.0601  -0.1111  -0.0018   0.0882   0.0098  -0.0029
  0.0428  -0.1029  -0.0145   0.1114  -0.0051  -0.0410
  0.0632  -0.1003  -0.0038   0.1171   0.0063  -0.0030
  0.0584  -0.1042  -0.0107   0.1536   0.0093  -0.0602
  0.0514  -0.1040  -0.0275   0.1345  -0.0033  -0.0075
  0.0549  -0.0751  -0.0187   0.1391  -0.0100   0.0002
  0.0580  -0.1016  -0.0255   0.1187  -0.0056  -0.0329
  0.0510  -0.0789  -0.0249   0.1621  -0.0084  -0.0502
  0.0460  -0.0796  -0.0465   0.1024  -0.0070  -0.0259
  0.0480  -0.0760  -0.0322   0.1218  -0.0105  -0.0294
  0.0601  -0.0793  -0.0293   0.1116  -0.0029  -0.0316
  0.0606  -0.0722  -0.0213   0.1241  -0.0007   0.0275
  0.0609  -0.0998  -0.0336   0.0910  -0.0014  -0.0035
  0.0648  -0.0816  -0.0305   0.1523  -0.0081  -0.0033
  0.0516  -0.1169  -0.0301   0.1387  -0.0201   0.0074
  0.0579  -0.0982  -0.0115   0.1351  -0.0036  -0.0199
  0.0718  -0.1185  -0.0011   0.1182  -0.0040  -0.0192
  0.0678  -0.0926  -0.0006   0.1455  -0.0085   0.0233
  0.0785  -0.0827  -0.0095   0.1285  -0.0085   0.0308
  0.0798  -0.0576  -0.0201   0.1464  -0.0053   0.0413
  0.0730  -0.0737  -0.0124   0.1154  -0.0134  -0.0716
  0.0636  -0.0536  -0.0220   0.1358  -0.0117  -0.0104
  0.0686  -0.0838  -0.0249   0.0822  -0.0067  -0.0148
  0.0701  -0.0538  -0.0330   0.1088  -0.0166  -0.0247
  0.0723  -0.0661  -0.0349   0.0652  -0.0185  -0.0123
  0.0690  -0.0442  -0.0234   0.0722  -0.0079   0.0221
  0.0774  -0.0101  -0.0250   0.0309  -0.0064  -0.0358
  0.0678   0.0078  -0.0330   0.1200  -0.0184  -0.0781
  0.0621  -0.0329  -0.0324   0.1254  -0.0387  -0.0233
  0.0324  -0.0421  -0.0539   0.1564  -0.0646   0.0108
  0.0436  -0.0239  -0.0821   0.1349  -0.0711  -0.0613
  0.0540   0.0115  -0.0843   0.1585  -0.0702  -0.0443
  0.0561  -0.0177  -0.0652   0.1385  -0.0523  -0.0263
  0.0570  -0.0103  -0.0476   0.1369  -0.0412  -0.0426
  0.0506  -0.0314  -0.0612   0.1309  -0.0548  -0.0612
  0.0463  -0.0135  -0.0655   0.1600  -0.0623  -0.0540
  0.0664  -0.0337  -0.0522   0.1525  -0.0468  -0.0897
  0.0688  -0.0221  -0.0490   0.1792  -0.0434  -0.0735
  0.0708  -0.0216  -0.0549   0.1565  -0.0483  -0.0647
  0.0529  -0.0182  -0.0468   0.1857  -0.0496  -0.0469
  0.0753  -0.0020  -0.0480   0.1525  -0.0400  -0.0688
  0.0628  -0.0175  -0.0452   0.1915  -0.0462  -0.0583
  0.0628  -0.0247  -0.0611   0.1520  -0.0474  -0.0844
  0.0636  -0.0301  -0.0549   0.1769  -0.0442  -0.0633
  0.0738  -0.0578  -0.0297   0.1665  -0.0334  -0.0301
  0.0741  -0.0624  -0.0269   0.1788  -0.0301  -0.0825
  0.0828  -0.0452  -0.0352   0.1513  -0.0364  -0.0501
  0.0714  -0.0163  -0.0421   0.1673  -0.0450  -0.0177
  0.0863  -0.0267  -0.0386   0.1512  -0.0321  -0.0367
  0.0560   0.0137  -0.0462  -0.1680  -0.0094   0.1191
  0.0539  -0.1619  -0.0442   0.4340  -0.0731  -0.1492
  0.0492  -0.1786  -0.0776   0.5018  -0.0777  -0.2227
  0.0528  -0.1935  -0.0809   0.4871  -0.0740  -0.1622
  0.0414  -0.2079  -0.0897   0.5561  -0.0904  -0.1301
  0.0385  -0.2508  -0.0805   0.4252  -0.0854  -0.1544
  0.0331  -0.1555  -0.0900   0.3208  -0.0696  -0.0894
  0.0095  -0.1582  -0.1326   0.3426  -0.0976  -0.1255
  0.0125  -0.1439  -0.1511   0.4009  -0.1038  -0.1383
  0.0097  -0.1811  -0.1502   0.3709  -0.0959  -0.1080
  0.0361  -0.1570  -0.1339   0.4375  -0.1013  -0.1146
  0.0238  -0.1793  -0.1365   0.4439  -0.1148  -0.1931
  0.0371  -0.1153  -0.1338   0.4335  -0.1053  -0.1393
  0.0150  -0.1802  -0.1424   0.4275  -0.1161  -0.1414
  0.0224  -0.1600  -0.1448   0.4451  -0.1071  -0.0997
  0.0237  -0.1768  -0.1201   0.4301  -0.0939  -0.1328
  0.0295  -0.1805  -0.1125   0.4599  -0.0913  -0.1046
  0.0458  -0.1765  -0.1204   0.4415  -0.0927  -0.1432
  0.0278  -0.1928  -0.1148   0.4893  -0.0931  -0.1584
  0.0278  -0.1799  -0.1322   0.4736  -0.1056  -0.1381
  0.0139  -0.1758  -0.1384   0.4771  -0.1080  -0.0842
  0.0258  -0.2159  -0.1248   0.5060  -0.1042  -0.1106
  0.0119  -0.2412  -0.1168   0.5681  -0.1182  -0.1224
  0.0336  -0.2512  -0.0928   0.6077  -0.1077  -0.1288
  0.0171  -0.3234  -0.0851   0.6366  -0.1033  -0.1642
  0.0387  -0.3628  -0.0675   0.6747  -0.1018  -0.1167
  0.0092  -0.3710  -0.0780   0.6546  -0.1136  -0.1984
  0.0315  -0.3512  -0.0827   0.6840  -0.1133  -0.1147
  0.0077  -0.3977  -0.0815   0.7064  -0.1100  -0.1351
  0.0288  -0.3550  -0.0870   0.6799  -0.1062  -0.1381
  0.0031  -0.4101  -0.0980   0.7136  -0.1236  -0.1319
  0.0301  -0.3821  -0.0928   0.7226  -0.1215  -0.0914
  0.0059  -0.4093  -0.0822   0.7415  -0.1204  -0.1232
  0.0646  -0.3509  -0.0364   0.7780  -0.0940  -0.1662
  0.0501  -0.3909  -0.0327   0.7863  -0.0852  -0.1921
  0.0622  -0.3493  -0.0227   0.7593  -0.0851  -0.1255
  0.0327  -0.3926  -0.0422   0.7922  -0.0960  -0.1683
  0.0525  -0.3795  -0.0339   0.7803  -0.0918  -0.1485
  0.0343  -0.4145  -0.0507   0.8071  -0.1056  -0.1579
  0.0400  -0.3686  -0.0542   0.7691  -0.1073  -0.1387
  0.0371  -0.3724  -0.0625   0.8168  -0.1101  -0.2274
  0.0372  -0.3739  -0.0515   0.7706  -0.1137  -0.1525
  0.0243  -0.4289  -0.0542   0.8150  -0.1188  -0.2328
  0.0503  -0.4133  -0.0464   0.7808  -0.1016  -0.1797
  0.0280  -0.4186  -0.0428   0.8109  -0.1031  -0.1578
  0.0504  -0.4078  -0.0426   0.7728  -0.0918  -0.1686
  0.0704  -0.4593  -0.0122   0.8249  -0.0812  -0.1772
  0.0853  -0.5208   0.0304   0.8523  -0.0618  -0.1587
  0.0950  -0.5730   0.0587   0.9445  -0.0353  -0.1586
  0.1346  -0.5778   0.0802   0.9951  -0.0243  -0.1226
  0.0997  -0.6335   0.0766   1.0138  -0.0323  -0.1295
  0.1281  -0.5886   0.0969   0.9939  -0.0184  -0.1164
  0.1046  -0.6653   0.0913   1.0866  -0.0304  -0.1285
