  0.0262  -0.1661  -0.1619   0.1512  -0.0201   0.0547
  0.0333  -0.1809  -0.1676   0.1210  -0.0258   0.1305
  0.0274  -0.1718  -0.1790   0.0732  -0.0240   0.0639
  0.0263  -0.1551  -0.1512   0.0787  -0.0284   0.1151
  0.0228  -0.1353  -0.1500   0.1313  -0.0314   0.0518
  0.0481  -0.1659  -0.1616   0.1172  -0.0296   0.1040
  0.0257  -0.1511  -0.1580   0.0632  -0.0418   0.0949
  0.0287  -0.1419  -0.1388   0.1117  -0.0251   0.0336
  0.0285  -0.1569  -0.1337   0.1277  -0.0142   0.0709
  0.0600  -0.1652  -0.1495   0.1061  -0.0086   0.0916
  0.0399  -0.1418  -0.1397   0.0772  -0.0227   0.0691
  0.0110  -0.1364  -0.1291   0.0871  -0.0310   0.0388
  0.0217  -0.1434  -0.1289   0.0342  -0.0440   0.0501
  0.0164  -0.1256  -0.1146   0.0737  -0.0609   0.0638
  0.0003  -0.1072  -0.1154   0.1072  -0.0403   0.0872
  0.0344  -0.1377  -0.1244   0.0768  -0.0361   0.0664
  0.0291  -0.1291  -0.1180   0.0716  -0.0567   0.0742
 -0.0020  -0.0885  -0.0993   0.1152  -0.0507   0.0804
  0.0023  -0.1176  -0.1015   0.1069  -0.0428   0.1017
  0.0181  -0.1205  -0.1052   0.0251  -0.0567   0.1504
  0.0199  -0.1164  -0.0887   0.0538  -0.0528   0.1412
 -0.0160  -0.0900  -0.0973   0.0727  -0.0482   0.1035
 -0.0319  -0.0667  -0.0978   0.0418  -0.0362   0.0551
  0.0138  -0.1308  -0.0898   0.0971  -0.0404   0.1059
  0.0262  -0.1091  -0.0981   0.0294  -0.0421   0.0833
 -0.0053  -0.1024  -0.0886   0.0665  -0.0513   0.0473
 -0.0486  -0.0640  -0.0909   0.0573  -0.0552   0.0341
 -0.0081  -0.1113  -0.0891   0.0643  -0.0435   0.0698
  0.0064  -0.0929  -0.0805   0.0362  -0.0467   0.1317
 -0.0363  -0.0740  -0.0769   0.0639  -0.0476   0.0467
 -0.0011  -0.0900  -0.0887   0.0344  -0.0490   0.1149
 -0.0160  -0.0692  -0.0783   0.0394  -0.0531   0.0838
 -0.0443  -0.0735  -0.0621   0.0323  -0.0487   0.0374
 -0.0158  -0.0801  -0.0613   0.0845  -0.0251   0.1133
 -0.0170  -0.1226  -0.0757   0.0681  -0.0295   0.0774
 -0.0152  -0.0997  -0.0813   0.0135  -0.0313   0.0864
 -0.0145  -0.0986  -0.0554   0.0681  -0.0223   0.0326
 -0.0118  -0.0813  -0.0614   0.0461  -0.0097   0.0741
  0.0060  -0.1339  -0.0820   0.0786  -0.0164   0.0723
 -0.0041  -0.1180  -0.0908   0.0309  -0.0237   0.0756
 -0.0142  -0.0921  -0.0657   0.0869  -0.0287   0.0395
 -0.0135  -0.1196  -0.0815   0.0734  -0.0265   0.0353
 -0.0014  -0.1035  -0.0666   0.0591  -0.0226   0.0834
 -0.0002  -0.0947  -0.0613   0.0953  -0.0079  -0.0257
  0.0095  -0.1134  -0.0607   0.0594  -0.0073   0.0789
  0.0043  -0.0948  -0.0520   0.0801   0.0007   0.0477
  0.0186  -0.1138  -0.0596   0.0474  -0.0147   0.0364
  0.0174  -0.0992  -0.0518   0.0398  -0.0181  -0.0090
 -0.0177  -0.0604  -0.0388   0.0544  -0.0108   0.0291
  0.0131  -0.1023  -0.0127   0.0483   0.0196   0.0533
  0.0371  -0.1012  -0.0206   0.0656   0.0026   0.0955
  0.0277  -0.0831  -0.0136   0.0689  -0.0030   0.0877
  0.0112  -0.0683  -0.0164   0.0354   0.0195   0.0213
  0.0264  -0.1038  -0.0332   0.0414   0.0065   0.0291
  0.0314  -0.0911  -0.0123   0.0251   0.0082   0.0388
  0.0017  -0.0849  -0.0159   0.0455   0.0192  -0.0132
  0.0423  -0.1144  -0.0287   0.0344   0.0201  -0.0040
  0.0383  -0.0858  -0.0108   0.0489   0.0227   0.0589
  0.0269  -0.0835  -0.0451   0.0790   0.0313   0.0339
  0.0325  -0.0760  -0.0286   0.0348   0.0198   0.0027
 -0.0113  -0.0469  -0.0183   0.0325   0.0107  -0.1030
  0.0193  -0.0733  -0.0255   0.0153   0.0127   0.0374
 -0.0166  -0.0483  -0.0133  -0.0161   0.0040   0.0213
  0.0047  -0.0853  -0.0206   0.0264   0.0049   0.0125
 -0.0279  -0.0465  -0.0113  -0.0129  -0.0030   0.0435
 -0.0182  -0.0937  -0.0288   0.0341   0.0099   0.0067
 -0.0014  -0.0740  -0.0264   0.0138   0.0027   0.0601
 -0.0453  -0.0541  -0.0269   0.0250  -0.0059  -0.0110
 -0.0230  -0.0744  -0.0295   0.0225  -0.0067   0.0311
 -0.0178  -0.0325  -0.0245   0.0653   0.0120   0.0192
 -0.0082  -0.0672  -0.0314   0.0404   0.0185   0.0482
 -0.0074  -0.0541  -0.0247   0.0401   0.0016   0.0089
 -0.0502  -0.0405  -0.0094   0.0460  -0.0076  -0.0327
 -0.0000  -0.0820  -0.0216   0.0301   0.0009   0.0750
  0.0056  -0.0588   0.0002   0.0603   0.0068   0.0303
  0.0173  -0.0522   0.0069   0.0602   0.0242   0.0349
  0.0200  -0.0698  -0.0150   0.0193   0.0195  -0.0172
  0.0225  -0.0397   0.0053   0.0473   0.0229   0.0277
  0.0247  -0.0597   0.0027   0.0622   0.0333  -0.0318
  0.0182  -0.0689  -0.0202   0.0241   0.0169   0.0005
  0.0231  -0.0436   0.0107   0.0414   0.0158   0.0844
  0.0244  -0.0363   0.0026   0.0577   0.0291   0.0211
  0.0273  -0.0393  -0.0033   0.0081   0.0245  -0.0081
  0.0235  -0.0061   0.0114   0.0384   0.0305  -0.0385
  0.0274  -0.0380   0.0130   0.0410   0.0310   0.0145
  0.0323  -0.0345   0.0133  -0.0102   0.0252   0.0369
  0.0272  -0.0185   0.0277   0.0336   0.0185   0.0218
  0.0375  -0.0372   0.0206   0.0265   0.0237  -0.0237
  0.0507  -0.0374   0.0295   0.0571   0.0269  -0.0042
  0.0513  -0.0401   0.0256   0.0523   0.0385  -0.0201
  0.0583  -0.0250   0.0262   0.0068   0.0306  -0.0175
  0.0351  -0.0043   0.0314   0.0082   0.0386  -0.0713
  0.0530  -0.0213   0.0022  -0.0270   0.0171   0.0180
 -0.0099   0.0701   0.0199  -0.1249  -0.0083  -0.0233
  0.0045   0.0599   0.0529  -0.0617  -0.0014   0.0225
 -0.0090   0.0765   0.0383  -0.0115   0.0093  -0.0146
 -0.0319   0.0487   0.0354  -0.0420  -0.0000  -0.0106
 -0.0167   0.0337   0.0179  -0.0587  -0.0119  -0.0086
 -0.0084   0.0471   0.0405  -0.0257  -0.0038   0.0589
 -0.0165   0.0443   0.0419  -0.0099  -0.0011   0.0009
 -0.0079   0.0388   0.0362  -0.0331  -0.0015   0.0704
 -0.0077   0.0570   0.0526   0.0222   0.0023  -0.0575
 -0.0101   0.0443   0.0512  -0.0021   0.0202  -0.0110
 -0.0003   0.0286   0.0340  -0.0231   0.0090  -0.0696
 -0.0204   0.0563   0.0535  -0.0156   0.0052   0.0161
 -0.0297   0.0566   0.0573  -0.0120   0.0061  -0.0591
 -0.0200   0.0387   0.0394  -0.0390  -0.0032  -0.0120
 -0.0198   0.0686   0.0576  -0.0155   0.0023  -0.0153
 -0.0326   0.0497   0.0567  -0.0002  -0.0075   0.0070
 -0.0196   0.0639   0.0669  -0.0203  -0.0021  -0.0211
 -0.0412   0.0589   0.0643  -0.0088  -0.0041  -0.0233
 -0.0143   0.0496   0.0532  -0.0444  -0.0067  -0.0551
 -0.0149   0.0769   0.0704  -0.0260  -0.0102  -0.0200
 -0.0190   0.0676   0.0692  -0.0074   0.0060  -0.1338
 -0.0163   0.0739   0.0659  -0.0324  -0.0017  -0.0517
 -0.0281   0.0794   0.0784  -0.0013   0.0023   0.0034
 -0.0198   0.0602   0.0536  -0.0395  -0.0155  -0.0415
 -0.0110   0.0842   0.0756  -0.0146  -0.0077  -0.0729
 -0.0105   0.2306   0.0910  -0.1143   0.0135  -0.0675
 -0.0132   0.1468   0.1039  -0.0318   0.0169  -0.0539
 -0.0208   0.1058   0.0764  -0.0985  -0.0030  -0.0743
 -0.0500   0.1459   0.0580  -0.1419  -0.0224  -0.0833
 -0.0443   0.1276   0.0883  -0.0744  -0.0042  -0.0787
 -0.0793   0.1556   0.0709  -0.1202  -0.0111  -0.1056
 -0.0429   0.1115   0.0642  -0.1040  -0.0167  -0.0191
 -0.0460   0.1475   0.0643  -0.1220  -0.0191  -0.0679
 -0.0360   0.1436   0.0857  -0.0571   0.0033  -0.0621
 -0.0383   0.1298   0.0636  -0.0823  -0.0038  -0.0467
 -0.0341   0.1451   0.0778  -0.1210  -0.0085  -0.0547
 -0.0700   0.1641   0.0877  -0.1041  -0.0081  -0.1691
 -0.0403   0.1339   0.0662  -0.1252  -0.0154  -0.0291
 -0.0586   0.1607   0.0768  -0.1162  -0.0098  -0.1289
 -0.0429   0.1363   0.0713  -0.1353  -0.0005  -0.1171
 -0.0503   0.1733   0.0829  -0.1186  -0.0003  -0.1001
 -0.0382   0.1404   0.0780  -0.1073   0.0093  -0.1011
 -0.0310   0.1601   0.0825  -0.1086   0.0014  -0.0091
 -0.0369   0.1677   0.0945  -0.0851   0.0180  -0.0704
  0.0000   0.1407   0.0873  -0.1004   0.0224  -0.0684
 -0.0061   0.1682   0.0961  -0.0446   0.0239  -0.0521
 -0.0024   0.1431   0.0900  -0.0504   0.0310  -0.0706
  0.0155   0.1562   0.0967  -0.0526   0.0428  -0.0541
  0.0159   0.1432   0.0922  -0.0530   0.0527  -0.0507
  0.0148   0.1339   0.0800  -0.0748   0.0410  -0.0266
  0.0169   0.1718   0.0983  -0.0523   0.0487  -0.1050
  0.0227   0.1270   0.0840  -0.0564   0.0464  -0.1058
  0.0185   0.1428   0.0954  -0.0745   0.0430  -0.0939
  0.0274   0.1503   0.1045  -0.0848   0.0566  -0.0500
  0.0231   0.1226   0.0805  -0.1018   0.0431  -0.0714
  0.0195   0.1515   0.1053  -0.1074   0.0461  -0.0738
  0.0201   0.1476   0.0982  -0.1152   0.0548  -0.0907
  0.0166   0.1514   0.0781  -0.1335   0.0421  -0.0367
  0.0070   0.1800   0.0997  -0.1112   0.0419  -0.1561
  0.0173   0.1577   0.0899  -0.1183   0.0376  -0.1326
 -0.0024   0.2077   0.1030  -0.1351   0.0258  -0.1349
 -0.0011   0.1723   0.1035  -0.1391   0.0337  -0.0701
  0.0104   0.1835   0.1144  -0.1270   0.0332  -0.1162
  0.0021   0.1805   0.1186  -0.1195   0.0465  -0.1143
  0.0175   0.1728   0.1115  -0.1482   0.0391  -0.1406
 -0.0067   0.1887   0.1155  -0.1115   0.0373  -0.1352
  0.0159   0.1638   0.1136  -0.1458   0.0340  -0.1233
 -0.0044   0.1936   0.1224  -0.1172   0.0387  -0.1132
  0.0182   0.1705   0.1124  -0.1608   0.0307  -0.0217
