  0.0514  -0.0258   0.1011  -0.2386   0.0864   0.2306
  0.0412  -0.0237   0.0970  -0.2431   0.0872   0.2229
  0.0329  -0.0124   0.1206  -0.2107   0.1065   0.2192
  0.0524   0.0068   0.1158  -0.1780   0.1090   0.2085
  0.0538  -0.0236   0.1400  -0.2287   0.0982   0.2213
  0.0506  -0.0019   0.1225  -0.2248   0.0862   0.2026
  0.0669  -0.0255   0.1363  -0.2023   0.0893   0.2089
  0.0597  -0.0405   0.1290  -0.2110   0.0983   0.2167
  0.0755  -0.0233   0.1467  -0.2052   0.1247   0.2153
  0.1073  -0.0454   0.1507  -0.2455   0.1822   0.2400
  0.0825  -0.0381   0.1665  -0.2169   0.1564   0.2119
  0.0763  -0.0448   0.1760  -0.2087   0.1488   0.2130
  0.0776  -0.0504   0.1734  -0.2027   0.1506   0.2184
  0.0771  -0.0536   0.1641  -0.2147   0.1406   0.2289
  0.0793  -0.0548   0.1723  -0.2071   0.1536   0.2315
  0.0796  -0.0491   0.1800  -0.2026   0.1453   0.2289
  0.0807  -0.0565   0.1828  -0.2102   0.1484   0.2208
  0.0838  -0.0633   0.1953  -0.2082   0.1572   0.2239
  0.0984  -0.0373   0.1815  -0.1979   0.1420   0.2073
  0.0846  -0.0599   0.1911  -0.2119   0.1393   0.2195
  0.0891  -0.0631   0.1906  -0.2015   0.1364   0.2134
  0.0965  -0.0640   0.1960  -0.2511   0.1333   0.2206
  0.0772  -0.0532   0.1637  -0.2120   0.0968   0.2072
  0.0779  -0.0541   0.1642  -0.1899   0.0979   0.2088
  0.0938  -0.0637   0.1635  -0.2000   0.1062   0.2148
  0.0893  -0.0473   0.1547  -0.3059   0.1031   0.2272
  0.0916  -0.0374   0.1104  -0.1824   0.0997   0.1798
  0.0626  -0.0168   0.1377  -0.1482   0.0883   0.1803
  0.0500  -0.0252   0.1405  -0.1434   0.1003   0.1837
  0.0556  -0.0263   0.1432  -0.1496   0.0917   0.1781
  0.0612  -0.0408   0.1497  -0.1100   0.1014   0.1673
  0.0830   0.0001   0.1307  -0.1001   0.1109   0.1531
  0.0838  -0.0058   0.1281  -0.1142   0.1145   0.1587
  0.0646  -0.0026   0.1254  -0.1051   0.1094   0.1621
  0.0709  -0.0199   0.1306  -0.1231   0.0994   0.1676
  0.0809  -0.0203   0.1519  -0.1321   0.0979   0.1828
  0.0868  -0.0295   0.1528  -0.1420   0.0924   0.1653
  0.0813  -0.0257   0.1556  -0.1544   0.0968   0.1631
  0.0794  -0.0201   0.1537  -0.1656   0.0966   0.1654
  0.0788  -0.0318   0.1462  -0.1596   0.0837   0.1600
  0.0725  -0.0249   0.1556  -0.1637   0.1042   0.1582
  0.0719  -0.0274   0.1586  -0.1685   0.1059   0.1513
  0.0772  -0.0418   0.1695  -0.1715   0.1109   0.1541
  0.0755  -0.0139   0.1609  -0.1543   0.0938   0.1464
  0.0840  -0.0102   0.1452  -0.1546   0.0832   0.1447
  0.0847   0.0021   0.1534  -0.1479   0.0966   0.1382
  0.0756  -0.0096   0.1263  -0.1446   0.0857   0.1420
  0.0727  -0.0289   0.1251  -0.1641   0.0745   0.1614
  0.0842  -0.0138   0.1412  -0.1541   0.0811   0.1526
  0.0804  -0.0048   0.1360  -0.1298   0.0893   0.1374
  0.0862  -0.0352   0.1509  -0.1258   0.1152   0.1445
  0.0803  -0.0255   0.1495  -0.1339   0.0936   0.1558
  0.0936  -0.0557   0.1538  -0.1389   0.0956   0.1684
  0.0764  -0.0173   0.1366  -0.1566   0.0949   0.1637
  0.0830  -0.0271   0.1459  -0.1672   0.0913   0.1558
  0.0863  -0.0215   0.1465  -0.1120   0.0943   0.1305
  0.0720  -0.0053   0.1239  -0.1225   0.0731   0.1286
  0.0723  -0.0110   0.1349  -0.1329   0.0822   0.1358
  0.0713   0.0113   0.1366  -0.1060   0.0847   0.1194
  0.0807   0.0196   0.1229  -0.0947   0.0689   0.1163
  0.0759   0.0078   0.1374  -0.1097   0.0792   0.1351
  0.0759   0.0035   0.1302  -0.1346   0.0709   0.1433
  0.0748  -0.0029   0.1285  -0.1360   0.0688   0.1501
  0.0812   0.0076   0.1353  -0.1220   0.0755   0.1484
  0.0772   0.0049   0.1385  -0.1175   0.0724   0.1392
  0.1017  -0.0143   0.1408  -0.1227   0.0773   0.1463
  0.0916   0.0034   0.1087  -0.1219   0.0845   0.1437
  0.0914  -0.0118   0.1270  -0.1065   0.0640   0.1418
  0.0917  -0.0062   0.1288  -0.1295   0.0725   0.1398
  0.0863  -0.0028   0.1175  -0.1313   0.0699   0.1296
  0.0782  -0.0187   0.1154  -0.1362   0.0637   0.1328
  0.0401  -0.0190   0.0614  -0.1843   0.0900   0.1271
  0.0261  -0.0008   0.0576   0.0037   0.0613   0.1133
  0.0306  -0.0047   0.0830  -0.0091   0.0666   0.0934
  0.0453   0.0127   0.1022   0.0245   0.0829   0.0881
  0.0538  -0.0043   0.1108   0.0032   0.0801   0.1022
  0.0487  -0.0005   0.1057   0.0159   0.0869   0.0921
  0.0490  -0.0097   0.1128  -0.0128   0.0836   0.0884
  0.0459   0.0023   0.1165  -0.0090   0.0887   0.0834
  0.0586  -0.0014   0.1123  -0.0135   0.0765   0.0819
  0.0607  -0.0018   0.1205  -0.0065   0.0873   0.0913
  0.0604   0.0166   0.1277   0.0084   0.0836   0.0872
  0.0777   0.0016   0.1385  -0.0314   0.0840   0.0812
  0.0634   0.0095   0.1206  -0.0201   0.0862   0.0794
  0.0560  -0.0012   0.1047  -0.0565   0.0832   0.0838
  0.0642   0.0166   0.1281  -0.0153   0.0865   0.0822
  0.0779  -0.0032   0.1291   0.0216   0.0897   0.0716
  0.0851  -0.0172   0.1281   0.0957   0.0935   0.0726
  0.0859   0.0263   0.1251   0.0357   0.0771   0.0731
  0.0757   0.0075   0.1154   0.0269   0.0603   0.0713
  0.0703   0.0154   0.1109   0.0278   0.0730   0.0738
  0.0710   0.0178   0.0989   0.0199   0.0556   0.0728
  0.0651  -0.0093   0.1023   0.0657   0.0494   0.0588
  0.0635   0.0105   0.0986   0.0349   0.0600   0.0718
  0.0657   0.0150   0.0922   0.0427   0.0704   0.0581
  0.0735  -0.0095   0.1074   0.0433   0.0808   0.0773
  0.0497  -0.0333   0.1084  -0.0759   0.0359   0.0925
  0.0414   0.0166   0.1046   0.0097   0.0359   0.0589
  0.0499   0.0131   0.1068   0.0336   0.0463   0.0550
  0.0542   0.0232   0.1098   0.0574   0.0439   0.0534
 -0.3715  -0.3174  -0.0188  -0.0217   0.2531   0.0879
  0.0916  -0.0528   0.0408   0.2018   0.1420   0.0224
  0.0900  -0.0374   0.0434   0.1891   0.1198   0.0132
  0.1011  -0.0230   0.0625   0.1880   0.1200   0.0109
  0.0905  -0.0305   0.0607   0.1545   0.1246   0.0240
  0.0853  -0.0119   0.0665   0.1680   0.1324   0.0259
  0.0882  -0.0154   0.0642   0.1570   0.1483   0.0173
  0.0928  -0.0220   0.0724   0.1592   0.1402   0.0197
  0.0693   0.0047   0.0604   0.1559   0.1143   0.0158
  0.0708  -0.0040   0.0644   0.1136   0.1091   0.0189
  0.0633  -0.0152   0.0598   0.1283   0.1151   0.0243
  0.0646  -0.0002   0.0632   0.1443   0.1113   0.0111
  0.0879  -0.0107   0.0814   0.1142   0.1272   0.0034
  0.0796   0.0032   0.0723   0.1279   0.1301   0.0039
  0.0845   0.0034   0.0749   0.1188   0.1202  -0.0045
  0.0963  -0.0398   0.0827   0.1560   0.1305   0.0188
  0.0831  -0.0310   0.0619   0.0991   0.1144   0.0270
  0.0902  -0.0434   0.0719   0.0990   0.1211   0.0362
  0.0969  -0.0396   0.0685   0.1029   0.1150   0.0363
  0.1003  -0.0319   0.0807   0.1196   0.1151   0.0276
  0.0276   0.1333   0.0383   0.0242   0.0980  -0.0375
  0.0255   0.0545   0.0378   0.1223   0.0699   0.0035
  0.0486   0.0356   0.0588   0.1030   0.0851   0.0005
  0.0482   0.0378   0.0678   0.1199   0.1050  -0.0057
  0.0429   0.0116   0.0626   0.0912   0.0959   0.0122
  0.0506   0.0357   0.0794   0.1352   0.1089  -0.0061
  0.0627   0.0323   0.0878   0.1136   0.1184  -0.0074
  0.0670   0.0075   0.0864   0.0908   0.1137  -0.0025
  0.0579   0.0321   0.0773   0.1130   0.1077  -0.0199
  0.0504   0.0180   0.0979   0.1050   0.1011  -0.0200
  0.0640   0.0125   0.1055   0.1102   0.1175  -0.0136
  0.0584   0.0179   0.0956   0.1071   0.1028  -0.0133
  0.0647   0.0009   0.0875   0.1136   0.1173  -0.0074
  0.0696   0.0099   0.0666   0.0994   0.1070  -0.0191
 -0.1896   0.0680   0.0096   0.1895   0.0482  -0.0075
  0.0241  -0.0055  -0.0563   0.1555   0.0996  -0.0332
  0.0197   0.0226  -0.0204   0.1606   0.1109  -0.0452
  0.0146   0.0289  -0.0169   0.1672   0.1062  -0.0394
  0.0183   0.0169  -0.0081   0.1766   0.1076  -0.0178
  0.0073   0.0243  -0.0109   0.1979   0.1064  -0.0254
  0.0096   0.0111  -0.0113   0.1800   0.1074  -0.0149
  0.0290   0.0242   0.0109   0.2106   0.1347  -0.0184
  0.0283   0.0182   0.0116   0.1781   0.1271  -0.0140
  0.0213   0.0127  -0.0070   0.1374   0.1047  -0.0079
 -0.0106   0.1322  -0.0518   0.0995   0.0492  -0.0314
 -0.0065   0.0754  -0.0355   0.1184   0.0631  -0.0081
 -0.0065   0.0540  -0.0170   0.1356   0.0665  -0.0268
 -0.0015   0.0557  -0.0359   0.1427   0.0535  -0.0181
  0.0090   0.0193  -0.0118   0.1653   0.0989  -0.0314
  0.0113   0.0319  -0.0267   0.1567   0.0772  -0.0502
 -0.3056   0.0022  -0.1734   0.0807  -0.0520   0.0292
 -0.1216  -0.0564  -0.0755  -0.0225  -0.1040  -0.0418
 -0.1251   0.0528  -0.1323   0.2471  -0.0675  -0.0531
 -0.1239   0.0305  -0.1519   0.2402  -0.0563  -0.0535
 -0.1167   0.0286  -0.1415   0.2267  -0.0453  -0.0549
 -0.1288   0.0406  -0.1720   0.2208  -0.0755  -0.0549
 -0.1271   0.0163  -0.1547   0.2260  -0.0454  -0.0505
 -0.1302   0.0222  -0.1536   0.2198  -0.0523  -0.0472
 -0.1221   0.0080  -0.1478   0.1774  -0.0507  -0.0361
 -0.1290   0.0065  -0.1437   0.1876  -0.0422  -0.0421
 -0.1156   0.0226  -0.1357   0.2081  -0.0559  -0.0537
 -0.1050   0.0110  -0.1213   0.2293  -0.0421  -0.0489
 -0.1214   0.0239  -0.1053   0.2257  -0.0495  -0.0534
 -0.1141  -0.0071  -0.1341   0.1898  -0.0533  -0.0440
 -0.1211  -0.0217  -0.1303   0.1792  -0.0498  -0.0402
 -0.1164  -0.0063  -0.1290   0.1850  -0.0535  -0.0450
 -0.1115  -0.0318  -0.1115   0.1676  -0.0399  -0.0363
 -0.0878  -0.0389  -0.1464   0.0714  -0.1171  -0.0307
 -0.0497  -0.1154  -0.1388  -0.0389  -0.1329  -0.0201
 -0.0364   0.0029  -0.1491   0.0122  -0.1136  -0.0308
 -0.0544  -0.0038  -0.0996   0.0074  -0.1302  -0.0421
 -0.0643  -0.0028  -0.1043   0.0284  -0.1027  -0.0320
 -0.0607  -0.0051  -0.0882   0.0282  -0.1274  -0.0319
 -0.0583  -0.0139  -0.0875   0.0579  -0.1264  -0.0371
 -0.0569  -0.0254  -0.0878   0.0502  -0.1275  -0.0306
 -0.0559  -0.0088  -0.0899   0.0496  -0.1224  -0.0321
 -0.0602  -0.0023  -0.0816   0.0716  -0.1123  -0.0711
 -0.0635  -0.0073  -0.0843   0.0400  -0.0950  -0.0674
 -0.0610  -0.0074  -0.0869  -0.0211  -0.0999  -0.0439
 -0.0492  -0.0157  -0.0935  -0.0494  -0.0997  -0.0310
 -0.0492  -0.0166  -0.0770  -0.0429  -0.0977  -0.0273
 -0.0515   0.0017  -0.0726  -0.0481  -0.1105  -0.0388
 -0.0512  -0.0214  -0.0755  -0.0628  -0.1035  -0.0312
 -0.0529  -0.0231  -0.0657  -0.0439  -0.0970  -0.0350
 -0.0304  -0.0330  -0.1029  -0.0382  -0.0908  -0.0371
 -0.0393   0.0303  -0.1229  -0.1528  -0.0974  -0.0137
 -0.0559  -0.0328  -0.1008  -0.0442  -0.1264  -0.0236
 -0.0867  -0.0898  -0.1190  -0.0770  -0.1423  -0.0590
 -0.0660  -0.0313  -0.1129  -0.0342  -0.1530  -0.0521
 -0.0500  -0.0681  -0.1004  -0.0703  -0.1280  -0.0281
 -0.0525  -0.0609  -0.0928  -0.0518  -0.1392  -0.0334
 -0.0727  -0.0364  -0.1034  -0.0364  -0.1670  -0.0450
 -0.0706  -0.0494  -0.0965  -0.0147  -0.1389  -0.0360
 -0.0588  -0.0293  -0.0891  -0.0077  -0.1491  -0.0474
 -0.0650  -0.0484  -0.1037  -0.0342  -0.1461  -0.0463
 -0.0731  -0.0443  -0.0964  -0.0030  -0.1517  -0.0427
 -0.0615  -0.0621  -0.0956  -0.0666  -0.1375  -0.0227
 -0.0533  -0.0460  -0.0677  -0.0324  -0.1425  -0.0454
 -0.0697  -0.0651  -0.0957  -0.0518  -0.1396  -0.0331
 -0.0744  -0.0799  -0.0824  -0.0580  -0.1439  -0.0149
 -0.0702  -0.0550  -0.0580   0.0311  -0.1306  -0.0449
 -0.0688  -0.0894  -0.0774   0.0637  -0.1096  -0.0403
 -0.0539  -0.0737  -0.0812  -0.0402  -0.1214  -0.0420
 -0.0446  -0.0885  -0.0824  -0.0131  -0.1312  -0.0426
 -0.0623  -0.0621  -0.0877  -0.0042  -0.1671  -0.0474
 -0.0537  -0.0433  -0.1068  -0.0270  -0.1746  -0.0582
 -0.0890   0.0106  -0.1116  -0.0120  -0.1852  -0.0672
 -0.0530  -0.0725  -0.1120  -0.0436  -0.1639  -0.0395
 -0.0648  -0.0744  -0.0960  -0.0327  -0.1666  -0.0360
 -0.0658  -0.0568  -0.0934  -0.0432  -0.1694  -0.0582
 -0.0642  -0.0756  -0.0908  -0.0230  -0.1433  -0.0559
 -0.0606  -0.0673  -0.0859  -0.0096  -0.1444  -0.0480
 -0.0586  -0.0656  -0.0921  -0.0482  -0.1628  -0.0447
 -0.0505  -0.0686  -0.0761  -0.0042  -0.1546  -0.0482
 -0.0550  -0.0137  -0.0818  -0.0414  -0.1246  -0.0604
 -0.0453   0.0097  -0.0667  -0.0681  -0.1202  -0.0573
 -0.0461   0.0238  -0.1132  -0.2645  -0.0963  -0.0324
 -0.0466  -0.0199  -0.1063  -0.0752  -0.1395  -0.0501
 -0.0700  -0.0460  -0.0996  -0.3432  -0.1067  -0.0105
 -0.0966   0.1580  -0.1764  -0.2847  -0.1315  -0.1303
 -0.1321  -0.0090  -0.1808   0.2428  -0.1163  -0.1207
 -0.1245  -0.0120  -0.1681   0.1886  -0.1200  -0.1044
 -0.0906  -0.0322  -0.1261   0.1963  -0.1144  -0.1116
 -0.0912  -0.0325  -0.1295   0.0707  -0.1146  -0.0944
 -0.0979  -0.0279  -0.1147   0.0908  -0.1415  -0.0939
 -0.0962  -0.0390  -0.1331   0.1054  -0.1198  -0.0952
 -0.0940  -0.0422  -0.1157   0.1162  -0.1192  -0.1016
 -0.0956  -0.0311  -0.1090   0.0741  -0.1337  -0.0953
 -0.0621  -0.0073  -0.1478   0.0775  -0.1146  -0.1030
 -0.0798  -0.0356  -0.1440   0.1011  -0.1096  -0.1039
 -0.0887  -0.0354  -0.1425   0.0818  -0.1320  -0.0927
 -0.0823  -0.0337  -0.1585   0.0369  -0.0956  -0.0944
 -0.1335   0.0960  -0.2095   0.1474  -0.0763  -0.2012
 -0.0669   0.2509  -0.1012   0.0832  -0.0847  -0.2026
 -0.0178   0.1563  -0.0396   0.0724  -0.1332  -0.1589
 -0.0095   0.1010   0.0208   0.1301  -0.1024  -0.1563
 -0.0187   0.0737  -0.0007   0.1165  -0.1086  -0.1530
 -0.0047   0.0680  -0.0321   0.1105  -0.0924  -0.1571
 -0.0115   0.0694  -0.0362   0.1251  -0.0952  -0.1577
 -0.0113   0.0826  -0.0369   0.1309  -0.0960  -0.1628
 -0.0154   0.0642  -0.0334   0.1344  -0.0957  -0.1547
 -0.0208   0.0734  -0.0450   0.0934  -0.1129  -0.1524
 -0.0298   0.0843  -0.0474   0.0881  -0.1086  -0.1498
 -0.0300   0.0564  -0.0478  -0.0177  -0.1029  -0.1296
 -0.0208   0.0516  -0.0317   0.0142  -0.0933  -0.1405
 -0.0200   0.0617  -0.0540   0.0100  -0.0953  -0.1417
 -0.0306   0.0336  -0.0562   0.0036  -0.0995  -0.1245
 -0.0482   0.0697  -0.0550   0.0269  -0.1176  -0.1724
 -0.0414   0.0299  -0.0626  -0.0075  -0.1108  -0.1373
 -0.0399   0.0189  -0.0542   0.0280  -0.0929  -0.1470
 -0.0750  -0.0045  -0.1070   0.0486  -0.1490  -0.1669
 -0.0577  -0.0337  -0.1638   0.0513  -0.1033  -0.1508
 -0.0349   0.0153  -0.1353   0.0119  -0.1242  -0.1491
 -0.0303   0.0093  -0.1093   0.0327  -0.1126  -0.1399
 -0.0256   0.0194  -0.0981   0.0490  -0.1243  -0.1477
 -0.0328   0.0671  -0.1149  -0.1270  -0.1379  -0.1251
 -0.0331   0.0288  -0.0676   0.0519  -0.1329  -0.1388
 -0.0251   0.0178  -0.0872   0.0076  -0.1260  -0.1236
 -0.0293   0.0179  -0.0838   0.0194  -0.1257  -0.1278
 -0.0287   0.0269  -0.0780   0.0272  -0.1294  -0.1377
 -0.0286   0.0428  -0.1057   0.0252  -0.1428  -0.1283
 -0.0642   0.0194  -0.0845   0.0121  -0.1107  -0.1354
 -0.0699   0.0573  -0.0841   0.0358  -0.1446  -0.1647
 -0.0580   0.0544  -0.0725   0.0721  -0.1417  -0.1662
 -0.0578   0.0727  -0.0578   0.0506  -0.1377  -0.1716
 -0.0601   0.0580  -0.0612   0.0454  -0.1343  -0.1735
 -0.0563   0.0767  -0.0461   0.0385  -0.1230  -0.1778
 -0.0521   0.0554  -0.0596  -0.0039  -0.1168  -0.1734
 -0.0521   0.0610  -0.0588  -0.0106  -0.1372  -0.1683
 -0.0419   0.0613  -0.0583  -0.0084  -0.1211  -0.1704
 -0.0487   0.0471  -0.0594  -0.0174  -0.1215  -0.1650
 -0.0602   0.0530  -0.0613  -0.0312  -0.1291  -0.1605
 -0.0508   0.0549  -0.0635  -0.0335  -0.1097  -0.1671
 -0.0047   0.0943  -0.0954  -0.0165  -0.0732  -0.1913
 -0.0348   0.0884  -0.0795  -0.0154  -0.1113  -0.1903
 -0.0334   0.0821  -0.0781  -0.0285  -0.1037  -0.1879
 -0.0265   0.0820  -0.0659  -0.0192  -0.0961  -0.1994
 -0.0584   0.3206  -0.2957  -0.5675  -0.0552  -0.1067
 -0.0384  -0.0174  -0.2282   0.4199   0.0551  -0.2266
 -0.0460   0.0143  -0.2333   0.4524   0.0350  -0.2355
 -0.0544   0.0368  -0.2132   0.3746   0.0218  -0.2176
 -0.0454   0.0767  -0.2082   0.3048  -0.0069  -0.2157
 -0.0507   0.1402  -0.1683   0.1908  -0.0384  -0.2224
 -0.0532   0.1595  -0.1692   0.2038  -0.0357  -0.2387
 -0.0432   0.1308  -0.1743   0.1835  -0.0635  -0.2271
 -0.0559   0.2209  -0.1674  -0.1571  -0.0674  -0.2033
 -0.0543   0.2005  -0.1532   0.0528  -0.0325  -0.2387
 -0.0327   0.1504  -0.1359   0.2096   0.0193  -0.2382
 -0.0393   0.1545  -0.1300   0.1695   0.0030  -0.2382
 -0.0390   0.1744  -0.1376   0.1870   0.0148  -0.2469
 -0.0300   0.1385  -0.1249   0.1079   0.0345  -0.2295
 -0.0385   0.1686  -0.1280   0.1000   0.0072  -0.2303
 -0.0240   0.1484  -0.1225   0.1266   0.0017  -0.2327
 -0.0251   0.1751  -0.1268   0.1453   0.0008  -0.2547
 -0.0293   0.1530  -0.1258   0.1464   0.0045  -0.2458
 -0.0308   0.1402  -0.1180   0.0890  -0.0035  -0.2399
 -0.0394  -0.3255  -0.1574  -0.3516  -0.0335   0.3442
 -0.0100  -4.4754  -0.1966  -2.5694  -0.2353   0.7883
 -0.1115  -3.1288  -0.3607  -1.9826  -0.2263   0.4746
 -0.2055  -2.2988  -0.2826  -1.5671  -0.1864   0.4346
