 -0.0074   0.0411   0.0148  -0.0359  -0.0008   0.0239
  0.0291  -0.0047   0.0242   0.0164   0.0375  -0.1307
  0.0645  -0.0246   0.0209   0.1123  -0.0010   0.1196
  0.0611  -0.0482   0.0381   0.2079   0.0014  -0.0505
  0.0549   0.0462   0.0406   0.1327  -0.0211   0.0687
  0.0907   0.1350   0.1021   0.0458   0.0128  -0.0377
  0.1068   0.2234   0.1335   0.0155   0.0403   0.0401
 -0.0195  -0.0675   0.0311  -0.0339   0.0076   0.0202
 -0.0160  -0.0601   0.0210   0.0348  -0.0017   0.0225
 -0.0394  -0.1124  -0.0106   0.0964   0.0084   0.0332
  0.0209   0.0643   0.0301  -0.0886   0.0166  -0.0336
  0.0423   0.0477   0.0313  -0.1277   0.0007   0.0501
  0.0348   0.0077   0.0315  -0.1161  -0.0142  -0.0789
  0.0334   0.0366   0.0100  -0.1083   0.0121   0.1007
  0.0385   0.0084  -0.0017  -0.0903  -0.0124  -0.0553
 -0.0007  -0.0173   0.0014  -0.0782  -0.0158   0.0136
  0.0169  -0.0150  -0.0059  -0.0975   0.0265   0.0322
  0.0360  -0.0583  -0.0016  -0.0390  -0.0341  -0.0954
  0.0332  -0.1208   0.0045   0.0671  -0.0203   0.0403
  0.0120   0.0799   0.0056  -0.1385   0.0266  -0.0059
 -0.0001   0.0916  -0.0340  -0.2979   0.0016   0.0550
 -0.0087   0.1321  -0.0382  -0.0169   0.0060  -0.0013
  0.0066   0.0748  -0.0126   0.0376   0.0278  -0.0288
 -0.0243   0.0251  -0.0652  -0.0451  -0.0358   0.0521
 -0.0411  -0.0064  -0.0405  -0.0776  -0.0322  -0.0100
 -0.0261  -0.0400  -0.0314  -0.0490   0.0616  -0.0118
 -0.0063  -0.0315  -0.0308  -0.0400  -0.0077   0.0217
 -0.0199  -0.0339  -0.0410  -0.0622  -0.0134   0.0379
 -0.0428  -0.0776  -0.0345  -0.0628  -0.0065  -0.1404
 -0.0269  -0.0353  -0.0395  -0.1222   0.0351   0.1610
 -0.0044  -0.0649  -0.0365  -0.0890  -0.0142  -0.1192
 -0.0031  -0.0812  -0.0167  -0.0665  -0.0163   0.0863
  0.0219  -0.1316  -0.0094  -0.0662   0.0270  -0.1295
 -0.0051   0.0969  -0.0144   0.0309  -0.0165   0.1128
 -0.0212   0.1450  -0.0512   0.0020   0.0009  -0.0154
 -0.0169   0.1646  -0.0469   0.0125  -0.0006   0.0509
  0.0121  -0.0115   0.0402  -0.0298   0.0120  -0.0108
 -0.0355   0.0608   0.0021  -0.0513   0.0028  -0.0254
 -0.0026  -0.0169  -0.0227  -0.1226   0.0325   0.0235
 -0.0000  -0.0525   0.0154  -0.0639  -0.0093  -0.0115
 -0.0025  -0.0190   0.0065  -0.0911  -0.0225  -0.0193
 -0.0149   0.0049   0.0273  -0.1906  -0.0173   0.0499
  0.0045   0.0374   0.0434  -0.1262   0.0302  -0.0562
 -0.0138   0.0381   0.0112  -0.1455   0.0050  -0.0087
 -0.0091   0.0316   0.0055  -0.1076  -0.0113   0.0954
  0.0061  -0.0135   0.0008  -0.0582   0.0276  -0.0719
  0.0131  -0.0210  -0.0074  -0.0365   0.0008   0.0486
  0.0199  -0.0230  -0.0002  -0.0719   0.0114  -0.0041
  0.0362  -0.0553  -0.0260  -0.0502   0.0266  -0.0069
  0.0316  -0.0840  -0.0047  -0.0657  -0.0428   0.0118
  0.0139  -0.0639  -0.0102  -0.0771  -0.0055   0.0092
  0.0553  -0.0636   0.0241  -0.0481  -0.0204  -0.0496
  0.0332  -0.0426   0.0246  -0.0911   0.0093   0.0864
  0.0351  -0.0428   0.0156  -0.0671  -0.0002  -0.0592
  0.0243  -0.0585   0.0227  -0.0544  -0.0250   0.0042
  0.0107  -0.0922   0.0100   0.0923  -0.0180  -0.0263
  0.0114  -0.1035   0.0084  -0.0089   0.0263  -0.0119
 -0.0183   0.0993  -0.0134  -0.0002  -0.0333   0.0896
 -0.0183   0.0685  -0.0181   0.0024   0.0100  -0.0761
 -0.0159   0.0709  -0.0184   0.0362  -0.0262   0.0658
 -0.0280   0.0368  -0.0450   0.0654  -0.0231  -0.0364
 -0.0048  -0.0141  -0.0259   0.0830   0.0173  -0.0181
 -0.0089   0.0004  -0.0389   0.1174  -0.0133   0.0458
 -0.0094  -0.0438  -0.0321   0.0977   0.0051  -0.0791
 -0.0487   0.0492  -0.0640   0.0580   0.0266   0.1632
 -0.0431   0.0216  -0.0682   0.0531   0.0081  -0.1117
 -0.0308  -0.0308  -0.0809   0.1149   0.0095   0.0474
 -0.0419  -0.0567  -0.0515   0.3377   0.0143  -0.1019
 -0.0667   0.2793   0.1560   0.1821  -0.0239   0.0257
  0.0666  -0.0692  -0.0173   0.0421   0.0078   0.0929
  0.1658  -0.1801  -0.1950   0.1868   0.1215  -0.0879
  0.0066   0.0394   0.0300  -0.5673   0.0058   0.0203
 -0.0059   0.0635  -0.0429  -0.0020   0.0256   0.0093
  0.0026   0.0234  -0.0286  -0.0213  -0.0077  -0.0631
  0.0077   0.0028  -0.0237  -0.0246   0.0207   0.0608
  0.0287   0.0115  -0.0270  -0.0166  -0.0054   0.0122
  0.0249   0.0440   0.0064  -0.1224   0.0143  -0.0413
  0.0458   0.0199  -0.0142  -0.0369   0.0140   0.1102
  0.0503   0.0042  -0.0240  -0.0406   0.0045  -0.0918
  0.0474   0.0095  -0.0270  -0.0302   0.0080   0.0474
  0.0451  -0.0083  -0.0207  -0.0170  -0.0061  -0.0223
 -0.0327   0.1556   0.0183  -0.3919  -0.0372   0.0972
 -0.0389   0.0607  -0.0218  -0.0243   0.0057  -0.0399
  0.0065  -0.0422   0.0072   0.0083   0.0422  -0.0334
  0.0221  -0.0777  -0.0410   0.0412   0.0109   0.0004
  0.0359  -0.0568  -0.0417   0.0788  -0.0061   0.0538
  0.0060   0.1700  -0.0855   0.0306  -0.0084   0.0278
 -0.0189   0.0376   0.0508  -0.0435  -0.0028   0.0161
 -0.0372   0.0449   0.0449  -0.0231  -0.0118   0.0536
  0.0052  -0.1373   0.0466   0.1697   0.0397  -0.1712
  0.0549   0.0850   0.0153  -0.0731  -0.0017   0.1087
  0.0443   0.0826   0.0173  -0.0434   0.0022  -0.0623
  0.0593   0.0355   0.0331  -0.0366  -0.0061   0.0323
  0.0620  -0.0302   0.0545   0.0085  -0.0208  -0.0085
  0.0557   0.0266   0.0560  -0.0617   0.0025   0.0121
  0.0238   0.1872   0.0208  -0.1403  -0.0546   0.0747
  0.0067  -0.1629   0.0172   0.0318   0.0279  -0.0934
  0.0154   0.0140  -0.0074   0.0437  -0.0259  -0.0382
  0.0351   0.0136  -0.0417   0.0634   0.0319   0.1361
  0.0341  -0.0242  -0.0330   0.0722  -0.0190  -0.1044
  0.0571  -0.0636  -0.0557   0.0396   0.0399   0.0603
  0.0850  -0.0819  -0.0766  -0.0036  -0.0059  -0.0430
  0.0372  -0.1012  -0.0345   0.0306  -0.0390  -0.0035
  0.0523  -0.0918  -0.0570   0.0568   0.0239  -0.0270
  0.0572  -0.1112  -0.0422   0.0462   0.0010  -0.0039
 -0.0264   0.0829   0.0079  -0.0488  -0.0119   0.0349
 -0.0264   0.0092   0.0286   0.0242   0.0225  -0.0800
 -0.0142  -0.0145   0.0291   0.0437   0.0084   0.0461
 -0.0106  -0.0131   0.0165   0.0201  -0.0012   0.0009
 -0.0207  -0.0300   0.0243   0.0291  -0.0039  -0.0274
 -0.0677   0.1157   0.0237  -0.1062  -0.0325   0.0200
 -0.0448   0.1127   0.0397  -0.0440   0.0411  -0.0203
 -0.0362  -0.0339   0.0696   0.1130  -0.0525   0.0489
 -0.0142  -0.0876   0.0340   0.1578   0.0534  -0.0652
  0.0194   0.0780  -0.0282  -0.0593  -0.0260   0.1417
  0.0250   0.0174  -0.0317   0.0376   0.0692  -0.1750
  0.0192   0.0763  -0.0218   0.0648  -0.0217   0.1330
  0.0213   0.0954  -0.0091   0.0806   0.0050  -0.0862
  0.0083   0.0962   0.0210   0.0722  -0.0284   0.0585
 -0.0321   0.1881   0.0605   0.2245  -0.0219  -0.0758
  0.0011  -0.1962  -0.0047   0.0547  -0.0060   0.1421
  0.0577   0.2304  -0.0805  -0.1489  -0.0037  -0.0051
 -0.0962   0.2489  -0.0074  -0.1321  -0.0132  -0.0581
 -0.0356  -0.1367   0.1250   0.0317   0.0295   0.0514
 -0.0391  -0.1291   0.1232   0.0183  -0.0142   0.0903
 -0.0348  -0.1685   0.0960   0.0351  -0.0063   0.0748
 -0.0761  -0.0221   0.0822   0.0416  -0.0012   0.0074
 -0.0647  -0.1060   0.1197   0.0993   0.0228   0.0271
 -0.0735  -0.0891   0.1205   0.0790  -0.0122   0.0950
 -0.0569  -0.1034   0.1093   0.0513   0.0051  -0.0776
  0.0103   0.0796  -0.0011  -0.1628  -0.0237   0.0385
  0.0062   0.0945  -0.0476  -0.8510   0.0708   0.0184
  0.0208   0.0459  -0.0075   0.1927   0.0020  -0.0343
  0.0095   0.0179  -0.0121   0.2866   0.0045  -0.0305
  0.0094  -0.0124   0.0112  -0.0488  -0.0126   0.0651
  0.0014  -0.0515   0.0284   0.0213  -0.0055  -0.0887
  0.0016  -0.0495   0.0251   0.0783   0.0028   0.0602
  0.0012  -0.0767   0.0462   0.1028  -0.0071  -0.0910
  0.0110  -0.0669   0.0300   0.1201  -0.0177   0.0854
 -0.0003  -0.1293   0.0601   0.1335   0.0006  -0.1158
 -0.0193   0.0681  -0.0091  -0.0296  -0.0449   0.1162
 -0.0306   0.0323  -0.0174   0.0642  -0.0028  -0.0624
 -0.0422   0.0504  -0.0179   0.0402   0.0082   0.0025
 -0.0292   0.2026  -0.0824  -0.0437  -0.0147   0.0671
 -0.0355  -0.0334   0.0811  -0.0577   0.0327  -0.0203
 -0.0258  -0.0560   0.0505   0.0256  -0.0015  -0.0123
 -0.0117  -0.1069   0.0790   0.1477   0.0302  -0.0938
 -0.0070  -0.1365   0.0797   0.1303  -0.0104   0.0066
  0.0134   0.0873  -0.0208  -0.0000  -0.0085   0.0700
  0.0174   0.0608  -0.0252   0.0240   0.0173  -0.0808
  0.0250   0.0533  -0.0296   0.0514  -0.0120   0.0424
  0.0365   0.0143  -0.0255   0.0429  -0.0150  -0.0833
  0.0364   0.0147  -0.0347   0.0757  -0.0084   0.0992
  0.0283  -0.0016  -0.0356   0.1146   0.0126  -0.0766
  0.0431  -0.0651   0.0134   0.0976  -0.0235  -0.0301
  0.0515  -0.0585  -0.0064   0.1148  -0.0158   0.0409
  0.0492  -0.0702  -0.0028   0.1621   0.0014  -0.0695
  0.0628  -0.0511  -0.0217   0.1663  -0.0149   0.0483
  0.0840  -0.0251  -0.0066   0.0872  -0.0182  -0.0701
  0.0918  -0.0945   0.1082   0.2729  -0.1536   0.0865
 -0.1266  -0.0100  -0.2482  -0.1141   0.1290  -0.0402
  0.0584   0.0768   0.0698  -0.0260   0.0107  -0.0500
  0.0626   0.0377   0.1012  -0.0514   0.0404  -0.0127
  0.0291   0.1259   0.1511  -0.0644  -0.0694  -0.0163
  0.0632  -0.1077  -0.0293  -0.0011   0.0023   0.1175
  0.0006   0.0093  -0.0177  -0.0859   0.0572  -0.1069
 -0.0002  -0.0116  -0.0437  -0.0836  -0.0293   0.0053
 -0.0059  -0.0315  -0.0436  -0.0558   0.0230  -0.0221
 -0.0231  -0.0182   0.0039  -0.0668   0.0080  -0.0136
 -0.0459  -0.0059  -0.0313  -0.0373  -0.0181  -0.0226
 -0.0446  -0.0332  -0.0373  -0.0545   0.0218  -0.0165
 -0.0417  -0.0552  -0.0331  -0.0539   0.0094  -0.0245
 -0.0642  -0.0544  -0.0411  -0.0200  -0.0090   0.0038
 -0.0517  -0.0585  -0.0419  -0.0483   0.0271  -0.0422
 -0.0369  -0.0742  -0.0197  -0.0298   0.0128   0.0061
 -0.0588   0.0260  -0.0512  -0.0378  -0.0060   0.0059
 -0.0502   0.1824  -0.0751  -0.3081   0.0130   0.0539
  0.0153  -0.0809   0.0146   0.1309   0.0086  -0.1441
  0.0161  -0.1270   0.0291   0.1806  -0.0040   0.0827
  0.0168  -0.1622   0.0319   0.1620   0.0104  -0.0898
 -0.0096   0.0383  -0.0236   0.0024  -0.0014   0.0350
 -0.0049   0.0169  -0.0434   0.0633  -0.0195  -0.0109
 -0.0068  -0.0217  -0.0385   0.0444   0.0084  -0.0450
  0.0051  -0.0044  -0.0523   0.0696  -0.0187   0.0579
  0.0042  -0.0549  -0.0373   0.0521   0.0015  -0.0658
  0.0239  -0.1136  -0.0163   0.0786  -0.0212   0.0085
  0.0434   0.1112  -0.0058  -0.1070  -0.0094   0.0604
  0.0858   0.0354   0.1918  -0.0094  -0.1683  -0.0484
 -0.1097   0.0712  -0.0465  -0.0940   0.1225  -0.0035
 -0.1618   0.0655  -0.0865  -0.1754   0.0156   0.0280
  0.0230   0.0186  -0.0038   0.0619   0.0307  -0.0089
 -0.0056  -0.0014   0.0024   0.0380  -0.0185  -0.0649
  0.0023   0.0045  -0.0137   0.0774   0.0043   0.0530
 -0.0031  -0.0232  -0.0116   0.1124   0.0207  -0.0956
  0.0028   0.0037  -0.0128   0.1740   0.0017   0.0733
 -0.0004  -0.0308  -0.0023   0.1649  -0.0010  -0.0961
 -0.0033  -0.0315  -0.0252   0.1866  -0.0154   0.0615
 -0.0000  -0.0304  -0.0191   0.1841   0.0045  -0.0485
  0.0024  -0.0066  -0.0345   0.2220  -0.0158   0.0362
  0.0057   0.0101   0.0180  -0.1273   0.0295  -0.0526
  0.0748   0.4321  -0.1114  -0.3294   0.0303   0.0942
 -0.0552  -0.1889   0.0919   0.1504  -0.0381  -0.1313
 -0.0289  -0.0308   0.0326   0.1503   0.0064   0.0944
 -0.0092  -0.0675   0.0210   0.1172  -0.0216  -0.0096
 -0.0054  -0.0911   0.0143   0.0992  -0.0149  -0.0175
  0.0077  -0.1148   0.0091   0.0736   0.0229  -0.0262
 -0.0149   0.0524  -0.0111  -0.0388  -0.0145   0.0461
 -0.0256   0.0189  -0.0055  -0.0075   0.0044  -0.0690
 -0.0307   0.0025  -0.0070   0.0185  -0.0055   0.0358
 -0.0163  -0.0132  -0.0196   0.0327   0.0265   0.0155
 -0.0254  -0.0257  -0.0057   0.0184   0.0012  -0.0318
 -0.0364  -0.0392  -0.0041   0.0344  -0.0213   0.0287
 -0.0406  -0.0379  -0.0070   0.0268  -0.0276  -0.0168
 -0.0342  -0.0542   0.0025  -0.0325   0.0332  -0.0551
 -0.0440  -0.0382   0.0034   0.0048  -0.0488   0.0567
 -0.0025  -0.1435   0.0131   0.0999   0.0463  -0.0824
  0.0327   0.1208   0.0609   0.0191  -0.0332   0.0806
  0.0057   0.4262   0.0437  -0.2120   0.0079   0.0176
 -0.0631  -0.0581  -0.0190   0.0151  -0.0208   0.0998
 -0.0624  -0.0759   0.0012  -0.0068   0.0169   0.0015
 -0.0548  -0.0340   0.0031  -0.0899   0.0195  -0.0070
 -0.0519   0.1710  -0.0701  -0.2125  -0.0547   0.1389
 -0.0361   0.0477  -0.0703  -0.1569   0.0412  -0.1626
 -0.0299  -0.0251  -0.0577  -0.0997  -0.0079   0.0246
 -0.0305  -0.0462  -0.0529  -0.0929   0.0037   0.0083
 -0.0423  -0.0479  -0.0379  -0.1276  -0.0134  -0.0298
 -0.0525  -0.0955  -0.0246  -0.1072   0.0091  -0.0564
 -0.0008   0.0858   0.0379   0.0147  -0.0133   0.0473
 -0.0058   0.0580   0.0239   0.0194  -0.0192  -0.0442
  0.0070   0.0397   0.0138   0.0376   0.0089   0.0139
  0.0045   0.0267   0.0134   0.0505  -0.0334   0.0091
  0.0015  -0.0048   0.0255  -0.0023   0.0170  -0.0673
  0.0118  -0.0102   0.0255   0.0604  -0.0378   0.0696
  0.0115  -0.0269   0.0274   0.0676   0.0046  -0.0784
  0.0197  -0.0510   0.0276   0.0992  -0.0040   0.0303
  0.0200  -0.0852   0.0383   0.0674  -0.0338  -0.0344
  0.0476  -0.1478   0.0715   0.1755  -0.0358   0.0111
 -0.0542   0.0656   0.0011  -0.0997  -0.0282  -0.0435
 -0.0624   0.0524   0.0076  -0.0366   0.0194   0.0512
 -0.1276   0.2359   0.0058  -0.1291  -0.0202   0.0866
