 -0.0635   0.0278  -0.0764   0.3064  -0.0540   0.1715
 -0.0760   0.0357  -0.0993   0.4365  -0.0569   0.1495
 -0.0795   0.0652   0.0197   0.3437   0.0092   0.1261
 -0.0804   0.0420  -0.0078   0.3406   0.0188   0.1252
 -0.0681   0.0376   0.0126   0.3994   0.0113   0.1143
 -0.0729   0.0462  -0.0171   0.3208   0.0057   0.1265
 -0.0614   0.0749  -0.0525   0.4054  -0.0107   0.1261
 -0.0563   0.0569  -0.0419   0.3518   0.0031   0.1267
 -0.0571   0.0418  -0.0403   0.3908  -0.0020   0.1260
 -0.0910   0.0757  -0.0707   0.4071   0.0011   0.1254
 -0.0480   0.0198  -0.1020   0.3395  -0.0357   0.1526
  0.0031   0.0038  -0.1011   0.4547  -0.0574   0.1374
 -0.0272   0.0043  -0.0615   0.3913  -0.0119   0.1303
 -0.0196  -0.0160  -0.0864   0.4579  -0.0273   0.1347
 -0.0245   0.0057  -0.0706   0.4747  -0.0185   0.1291
 -0.0260   0.0000  -0.0816   0.3792  -0.0260   0.1344
 -0.0221  -0.0157  -0.0776   0.4311  -0.0312   0.1282
 -0.0408  -0.0006  -0.0844   0.4272  -0.0281   0.1368
 -0.0272  -0.0324  -0.0964   0.4370  -0.0384   0.1582
 -0.0502  -0.0472  -0.1041   0.4346  -0.0500   0.1531
 -0.0407  -0.0234  -0.0814   0.3451  -0.0393   0.1385
 -0.0324  -0.0500  -0.0823   0.3744  -0.0516   0.1436
 -0.0104  -0.0387  -0.0984   0.4481  -0.0723   0.1324
 -0.0316  -0.0531  -0.1261   0.2976  -0.0989   0.1505
 -0.0302  -0.0341  -0.0671   0.3774  -0.0586   0.1189
 -0.0349  -0.0155  -0.0917   0.3014  -0.0282   0.1262
 -0.0304  -0.0462  -0.0745   0.3833  -0.0360   0.1139
 -0.0477  -0.0301  -0.0879   0.3635  -0.0293   0.1191
 -0.0405  -0.0300  -0.0926   0.3251  -0.0340   0.1295
 -0.0257  -0.0339  -0.0832   0.4237  -0.0406   0.1359
 -0.0425  -0.0222  -0.0967   0.3553  -0.0319   0.1492
 -0.0285  -0.0537  -0.0954   0.3736  -0.0389   0.1387
 -0.0080  -0.0373  -0.0715   0.3925  -0.0385   0.1369
 -0.0191  -0.0467  -0.0742   0.3684  -0.0377   0.1451
 -0.0103   0.0065  -0.0628   0.4945  -0.0292   0.1184
 -0.0218  -0.0488  -0.0442   0.3011  -0.0349   0.1375
 -0.0450  -0.0386  -0.0415   0.3668  -0.0133   0.1154
 -0.0507  -0.0508  -0.0461   0.2553  -0.0090   0.1355
 -0.0422   0.0077  -0.1082   0.3243  -0.0330   0.1208
 -0.0477   0.0015  -0.0932   0.3026  -0.0328   0.1211
 -0.0362  -0.0357  -0.0900   0.2857  -0.0341   0.1177
 -0.0490  -0.0385  -0.0879   0.3187  -0.0241   0.1153
 -0.0624  -0.0539  -0.0955   0.2414  -0.0262   0.1329
 -0.0466  -0.0523  -0.0932   0.3676  -0.0260   0.1265
 -0.0597  -0.0647  -0.0757   0.2492  -0.0125   0.1322
 -0.0579  -0.0956  -0.0854   0.2465  -0.0161   0.1646
 -0.0611  -0.1124  -0.0481   0.1795  -0.0202   0.1517
 -0.0583  -0.1151  -0.0697   0.1753  -0.0142   0.1510
 -0.0496  -0.0204  -0.0424   0.2080  -0.0094   0.0660
 -0.0452   0.1220  -0.1477  -0.1486  -0.0192   0.0654
 -0.0227   0.1141  -0.0816   0.0994  -0.0196   0.0612
 -0.0454   0.0797  -0.0970  -0.0165  -0.0010   0.0749
 -0.0550   0.0657  -0.0889   0.0097   0.0005   0.0963
 -0.0510   0.0541  -0.0857   0.1581  -0.0112   0.0891
 -0.0458   0.0413  -0.0785   0.0761  -0.0146   0.0898
 -0.0416   0.0160  -0.0667   0.1242  -0.0133   0.0912
 -0.0576   0.0173  -0.0619   0.1013  -0.0094   0.0862
 -0.0649  -0.0118  -0.0693   0.0888  -0.0166   0.1012
 -0.0505  -0.0257  -0.0770   0.2913  -0.0126   0.0911
 -0.1014  -0.0425  -0.0846   0.2545   0.0045   0.1057
 -0.0703   0.0019  -0.0987   0.3645  -0.0028   0.0877
 -0.1071   0.0021  -0.0862   0.2151   0.0088   0.0946
 -0.0527   0.0177  -0.0716   0.2255  -0.0200   0.0971
 -0.1087  -0.0128  -0.0619   0.2539   0.0044   0.1003
 -0.0672  -0.0842  -0.0589   0.2488   0.0060   0.0881
 -0.0620  -0.0866  -0.0544   0.2915  -0.0162   0.0934
 -0.0464  -0.0745  -0.0591   0.2558  -0.0200   0.0992
 -0.0412  -0.1052  -0.0626   0.2704  -0.0142   0.1055
 -0.0622  -0.1194  -0.0540   0.3207  -0.0212   0.1198
 -0.0590  -0.1108  -0.0736   0.2169  -0.0307   0.1185
 -0.0441  -0.1125  -0.0636   0.3190  -0.0362   0.1107
 -0.0379  -0.1000  -0.0572   0.2983  -0.0308   0.1028
 -0.0085  -0.1304  -0.0676   0.2926  -0.0217   0.1101
 -0.0191  -0.1012  -0.0500   0.2788  -0.0194   0.1088
 -0.0180  -0.1195  -0.0625   0.3431  -0.0252   0.0995
 -0.0297  -0.0345  -0.0616   0.2842  -0.0182   0.0745
 -0.0368  -0.0522  -0.0615   0.1896  -0.0127   0.0840
 -0.0584  -0.0838  -0.0561   0.2760  -0.0138   0.0860
 -0.0552  -0.0794  -0.0576   0.1689  -0.0095   0.0818
 -0.0373  -0.0982  -0.0482   0.2343  -0.0144   0.0836
 -0.0533  -0.0930  -0.0403   0.2649  -0.0095   0.0798
 -0.0505  -0.1032  -0.0515   0.2434  -0.0084   0.1006
 -0.0309  -0.1055  -0.0430   0.3211  -0.0039   0.1065
 -0.0420  -0.1131  -0.0490   0.2326  -0.0096   0.1141
 -0.0268  -0.1273  -0.0372   0.3747  -0.0527   0.0949
 -0.0630  -0.1121  -0.0369   0.2070  -0.0217   0.1126
 -0.0252  -0.1270  -0.0240   0.2438  -0.0315   0.0861
 -0.0327  -0.1190  -0.0151   0.3444  -0.0220   0.0837
 -0.0419  -0.1088  -0.0403   0.2285  -0.0186   0.0753
 -0.0300  -0.1220  -0.0378   0.3366  -0.0240   0.0742
 -0.0323  -0.1035  -0.0351   0.2435  -0.0136   0.0831
 -0.0454  -0.0945  -0.0440   0.2665  -0.0208   0.0427
 -0.0795  -0.0830  -0.0479   0.1380  -0.0244   0.0761
 -0.0689  -0.0904  -0.0419   0.1258  -0.0190   0.0845
 -0.0858  -0.0958  -0.0179   0.1749  -0.0129   0.0731
 -0.0772  -0.1007  -0.0393   0.0958  -0.0108   0.0836
 -0.0591  -0.1238  -0.0273   0.2398  -0.0114   0.0847
 -0.0787  -0.1041  -0.0369   0.1246  -0.0079   0.0887
 -0.0306  -0.1520  -0.0272   0.1862  -0.0172   0.0850
 -0.0355  -0.1105  -0.0384   0.0665  -0.0125   0.0704
  0.0020  -0.1027  -0.0354   0.3235  -0.0297   0.0475
 -0.0418  -0.0616  -0.0616   0.3222  -0.0132   0.0198
 -0.0377  -0.1155  -0.0510   0.1512  -0.0200   0.0649
 -0.0571  -0.1179  -0.0608   0.2641  -0.0052   0.0608
 -0.0468  -0.1225  -0.0452   0.1923  -0.0095   0.0714
 -0.0283  -0.1321  -0.0499   0.2545  -0.0296   0.0685
 -0.0431  -0.1056  -0.0512   0.1891  -0.0224   0.0689
 -0.0154  -0.1514  -0.0414   0.2153  -0.0289   0.0786
 -0.0467  -0.1061  -0.0425   0.3081  -0.0229   0.0506
 -0.1290  -0.1246  -0.0863   0.2169  -0.0001   0.0427
 -0.0863  -0.0942  -0.0770   0.3179  -0.0145   0.0459
 -0.0591  -0.0980  -0.1134   0.3390  -0.0287   0.0327
 -0.0316  -0.2100  -0.1370   0.3641  -0.0239   0.0431
 -0.0077  -0.1738  -0.0826   0.3908   0.0022   0.0476
  0.0002  -0.0935  -0.0400   0.2276  -0.0028   0.0349
 -0.0225  -0.1178  -0.0870   0.2330  -0.0262   0.0365
 -0.0190  -0.1215  -0.0562   0.2046  -0.0052   0.0346
 -0.0226  -0.1396  -0.0660   0.2076  -0.0054   0.0581
 -0.0017  -0.1538  -0.0530   0.3208  -0.0134   0.0555
 -0.0193  -0.1627  -0.0689   0.2630  -0.0041   0.0722
 -0.0095  -0.1626  -0.0633   0.3480  -0.0061   0.0652
  0.0113  -0.1613  -0.0520   0.2602  -0.0212   0.0628
  0.0171  -0.1974  -0.0522   0.3482  -0.0166   0.0715
  0.0161  -0.1490  -0.0455   0.3116  -0.0079   0.0664
  0.0108  -0.1693  -0.0589   0.3375  -0.0100   0.0663
  0.0036  -0.1404  -0.0556   0.3154  -0.0008   0.0452
  0.0224  -0.1808  -0.0588   0.3568  -0.0033   0.0520
  0.0261  -0.1737  -0.0574   0.3373  -0.0039   0.0612
  0.0305  -0.2081  -0.0435   0.3122  -0.0015   0.0623
  0.0591  -0.1914  -0.0118   0.3566   0.0052   0.0209
  0.0820  -0.1668  -0.0174   0.2932   0.0081   0.0312
  0.0581  -0.1604  -0.0265   0.3371   0.0094   0.0322
  0.0381  -0.1792  -0.0540   0.2566  -0.0003   0.0427
  0.0388  -0.1867  -0.0339   0.3079  -0.0208   0.0358
  0.1125   0.2200  -0.0037  -0.1940  -0.1230  -0.0830
  0.0269   0.2042  -0.0516  -0.0845  -0.0490  -0.0548
  0.0082   0.0350  -0.0976   0.0869  -0.0575  -0.0027
 -0.0063   0.0046  -0.0788   0.1468  -0.0470  -0.0042
 -0.0099  -0.0321  -0.0953   0.0915  -0.0489   0.0239
 -0.0173  -0.0838  -0.0935   0.2042  -0.0504   0.0370
 -0.0380  -0.1075  -0.0839   0.0382  -0.0468   0.0564
 -0.0082  -0.1071  -0.0618   0.0926  -0.0465   0.0364
 -0.0151  -0.1152  -0.0373   0.0307  -0.0351   0.0309
 -0.0085  -0.1194  -0.0614   0.1256  -0.0333   0.0357
 -0.0107  -0.1133  -0.0450   0.0811  -0.0346   0.0266
 -0.0236  -0.1472  -0.0535   0.1970  -0.0317   0.0321
 -0.0138  -0.1429  -0.0501   0.1078  -0.0087   0.0372
  0.0051  -0.1000  -0.0616   0.2060  -0.0001  -0.0044
  0.0095  -0.1436  -0.0482   0.2703   0.0094   0.0149
 -0.0171  -0.1476  -0.0500   0.2938  -0.0040   0.0332
 -0.0562  -0.1523  -0.0309   0.2234   0.0279   0.0302
 -0.0355  -0.1778  -0.0196   0.1688   0.0110   0.0350
 -0.0003  -0.1793  -0.0065   0.1816   0.0001   0.0279
 -0.0060  -0.2020  -0.0293   0.1353   0.0028   0.0334
  0.0047  -0.2099  -0.0340   0.2089   0.0021   0.0282
 -0.0098  -0.1976  -0.0286   0.0226  -0.0030   0.0364
  0.0257  -0.0863  -0.0196  -0.1456  -0.0239   0.0455
  0.0071  -0.0402  -0.0006  -0.2179   0.0113   0.0027
  0.0556   0.1110  -0.0482   0.1260  -0.0537  -0.0603
 -0.0270   0.0248  -0.0437   0.0724  -0.0001  -0.0111
 -0.0358  -0.0032  -0.0485  -0.0319   0.0014  -0.0076
 -0.0489  -0.0678  -0.0237   0.0825   0.0163  -0.0029
 -0.0355  -0.1725  -0.0013   0.1597   0.0076   0.0259
 -0.0046  -0.1970   0.0219   0.1961  -0.0035   0.0140
 -0.0068  -0.2108   0.0177   0.1032   0.0027   0.0329
 -0.0140  -0.2301   0.0310   0.1605   0.0023   0.0347
 -0.0159  -0.2263   0.0175   0.0952   0.0027   0.0331
 -0.0301  -0.2282  -0.0099   0.2047   0.0121   0.0394
 -0.0364  -0.2308   0.0125   0.0621   0.0250   0.0504
 -0.0321  -0.2283  -0.0026   0.1189   0.0193   0.0464
 -0.0141  -0.2235   0.0033   0.1715   0.0262   0.0424
 -0.0087  -0.2576  -0.0071   0.2096   0.0110   0.0387
  0.0032  -0.2818   0.0008   0.0714   0.0084   0.0406
  0.0192  -0.2298   0.0020   0.0191   0.0026   0.0380
 -0.0049  -0.0998   0.0571  -0.0893  -0.0335   0.0473
 -0.0211  -0.1849   0.0519  -0.1275  -0.0014   0.0406
  0.0160  -0.2053   0.0546  -0.0249   0.0020   0.0295
  0.0019  -0.1870   0.0538  -0.0327   0.0047   0.0138
  0.0266  -0.2016   0.0318  -0.0013  -0.0116   0.0235
  0.0132  -0.1558   0.0597   0.0273  -0.0098  -0.0190
 -0.0006  -0.1501   0.0584  -0.0814   0.0026  -0.0028
  0.0163  -0.1377   0.0789   0.0341   0.0014  -0.0196
  0.0041  -0.1653   0.0819  -0.1032   0.0145   0.0081
  0.0083  -0.1818   0.0887  -0.0127   0.0306   0.0108
 -0.0030  -0.1712   0.0777  -0.0173   0.0240   0.0155
 -0.0007  -0.1931   0.0535  -0.0475   0.0050   0.0225
  0.0142  -0.2025   0.0576  -0.0366  -0.0027   0.0178
  0.0072  -0.2202   0.0474  -0.0428  -0.0032   0.0216
 -0.0299  -0.2296   0.0463   0.1166   0.0174   0.0266
 -0.0361  -0.2168   0.0354  -0.0649   0.0069   0.0168
  0.0088  -0.1312   0.0118   0.0066  -0.0002   0.0037
  0.0288  -0.1643   0.0542  -0.1442   0.0092   0.0016
  0.0143  -0.1044   0.0634  -0.0393  -0.0007  -0.0047
  0.0195  -0.1333   0.0513  -0.1188   0.0177   0.0022
  0.0156  -0.1479   0.0766   0.0117   0.0128  -0.0066
  0.0186  -0.1204   0.0429  -0.1053   0.0132   0.0015
  0.0307  -0.1371   0.0555  -0.1145   0.0285  -0.0056
  0.0249  -0.1581   0.0615  -0.0315   0.0127   0.0103
  0.0195  -0.1437   0.0807  -0.0356   0.0132  -0.0102
  0.0314  -0.1468   0.0762  -0.1407   0.0114  -0.0173
  0.0177  -0.1311   0.0556  -0.1101   0.0251  -0.0586
  0.0266  -0.0952   0.0681  -0.0074   0.0168  -0.0547
  0.0279  -0.1138   0.0836  -0.0760   0.0262  -0.0160
  0.0394  -0.0791   0.0960  -0.1920   0.0124  -0.0264
  0.0557   0.0103   0.0791  -0.2256   0.0138  -0.0632
  0.0551   0.0569   0.0482  -0.2608   0.0328  -0.0743
  0.0370   0.0298   0.0821  -0.0908   0.0364  -0.0642
  0.0240   0.0432   0.0858  -0.1878   0.0273  -0.0561
  0.0511   0.0160   0.0850  -0.1597   0.0135  -0.0503
  0.0389   0.1409   0.0920  -0.2757  -0.0247  -0.0977
  0.0656   0.1738   0.1235  -0.3004   0.0181  -0.1463
  0.0487   0.0108   0.1298  -0.0482   0.0155  -0.1038
  0.1012   0.3730  -0.0229  -0.3388  -0.0089  -0.1548
  0.0227  -0.3214   0.0852  -0.0993  -0.0233  -0.1015
  0.0266  -0.0222   0.1465  -0.1891   0.0298  -0.0694
  0.0285   0.0711   0.1424  -0.2424   0.0390  -0.0902
  0.0038   0.0490   0.0888  -0.1806   0.0455  -0.0822
  0.0305   0.1215   0.1254  -0.2832   0.0259  -0.1109
  0.0245   0.0848   0.1100  -0.2411   0.0176  -0.1037
  0.0263   0.1538   0.1302  -0.3482   0.0405  -0.1249
  0.0481   0.0742   0.1265  -0.2103   0.0154  -0.1112
  0.0414   0.1124   0.1132  -0.3545   0.0347  -0.1183
  0.0409   0.0974   0.1237  -0.2351   0.0347  -0.1179
  0.0519   0.1086   0.1374  -0.2512   0.0307  -0.0970
  0.0299   0.1081   0.1290  -0.1725   0.0250  -0.0961
  0.0268   0.1376   0.0948  -0.3836   0.0197  -0.0761
  0.0446   0.0995   0.1220  -0.2018   0.0199  -0.1042
  0.0471   0.1236   0.1187  -0.3696   0.0322  -0.1168
  0.0464   0.1375   0.1349  -0.2500   0.0304  -0.1161
  0.0333   0.1192   0.1440  -0.3969   0.0136  -0.1140
  0.0606   0.1680   0.1641  -0.3231   0.0154  -0.1138
  0.0825   0.0760   0.1478  -0.2378   0.0212  -0.0943
  0.0542   0.1256   0.1420  -0.3852   0.0272  -0.1166
  0.0790   0.1109   0.1338  -0.2261   0.0139  -0.1153
  0.0904   0.0902   0.1610  -0.3538   0.0495  -0.1079
  0.0731   0.0563   0.1529  -0.1727   0.0372  -0.0891
  0.0475   0.0548   0.1308  -0.2762   0.0563  -0.1038
  0.0484   0.0723   0.1294  -0.2376   0.0586  -0.1216
  0.0526   0.0748   0.1633  -0.3439   0.0502  -0.1177
  0.0577   0.0761   0.1633  -0.2905   0.0401  -0.1258
  0.0296   0.0514   0.1896  -0.4053   0.0233  -0.1232
  0.0493   0.1682   0.1547  -0.2968   0.0405  -0.1607
  0.0739   0.2313   0.0516   0.0540  -0.0833  -0.1777
  0.0469   0.1872   0.0961  -0.3420   0.0295  -0.1598
  0.0143   0.1856   0.1075  -0.3109   0.0430  -0.1560
  0.0815   0.0321   0.0743  -0.3483   0.0380  -0.0992
  0.1564   0.2587   0.0511  -0.7457   0.0901  -0.1994
  0.1417   0.2868   0.0605  -0.6287   0.0352  -0.2192
  0.0558   0.6408   0.0484  -0.7364   0.0410  -0.2288
  0.0741  -0.0019   0.0000  -0.3931   0.0275  -0.0858
  0.0782   0.4072   0.0098  -0.6305   0.0360  -0.1891
  0.0787   0.3271  -0.0175  -0.5591   0.0321  -0.1972
 -0.0659   0.1458   0.0076  -0.5935   0.0661  -0.1816
  0.0378   0.1906   0.0487  -0.6201   0.0619  -0.1718
  0.0637   0.1526   0.0502  -0.4738   0.0531  -0.1435
  0.0614   0.2312   0.0459  -0.6165   0.0618  -0.1683
  0.0384   0.1970   0.0851  -0.5358   0.0628  -0.1692
  0.0497   0.2099   0.0600  -0.6061   0.0700  -0.1683
  0.0738   0.2915   0.0729  -0.5324   0.0379  -0.1629
  0.0569   0.3099   0.0489  -0.6461   0.0736  -0.1908
  0.0674   0.2175   0.0733  -0.5162   0.0600  -0.1522
  0.0577   0.2550   0.0469  -0.6461   0.0659  -0.1720
  0.0719   0.2965   0.0476  -0.5574   0.0293  -0.1763
  0.0696   0.3651   0.0605  -0.6834   0.0565  -0.2028
  0.0720   0.2927   0.0492  -0.5377   0.0460  -0.1783
  0.0565   0.3091   0.0530  -0.6239   0.0664  -0.1902
  0.0771   0.2732   0.1230  -0.4685   0.0683  -0.2036
  0.1103   0.9043   0.0918  -0.8273   0.0018  -0.3071
  0.0894   0.5980   0.0836  -0.5068   0.0161  -0.2555
  0.0688   0.6307   0.0725  -0.7432   0.0405  -0.2765
  0.0775   0.5055   0.0884  -0.4904   0.0295  -0.2373
  0.0540   0.5213   0.0696  -0.6717   0.0429  -0.2355
  0.0622   0.4637   0.1105  -0.5539   0.0329  -0.2224
  0.0612   0.4413   0.1171  -0.6429   0.0331  -0.2213
  0.0667   0.4196   0.0951  -0.5613   0.0259  -0.2113
  0.0412   0.4109   0.0986  -0.5792   0.0288  -0.2120
  0.0154   0.3001   0.1309  -0.6169   0.0244  -0.1824
  0.0428   0.3666   0.1286  -0.6584   0.0636  -0.2062
  0.0274   0.4119   0.1179  -0.6126   0.0542  -0.2237
  0.0156   0.3313   0.0240  -0.3932   0.0399  -0.2076
  0.0716   0.4397   0.1176  -0.5966   0.0412  -0.2280
  0.1048   0.4199   0.1162  -0.5673   0.0217  -0.2283
  0.0797   0.4598   0.1250  -0.6976   0.0520  -0.2606
  0.0943   0.3486   0.1430  -0.5328   0.0355  -0.2206
  0.0857   0.4042   0.1456  -0.6127   0.0489  -0.2234
  0.0986   0.3951   0.1208  -0.6601   0.0395  -0.2215
  0.0718   0.6446   0.0267  -0.5848  -0.0020  -0.3032
  0.0966   0.6628   0.0704  -0.6632   0.0406  -0.2874
  0.0567   0.5190   0.1218  -0.6046   0.0187  -0.2338
  0.0647   0.4586   0.1584  -0.5343  -0.0089  -0.2374
  0.0745   0.5471   0.1234  -0.6502   0.0381  -0.2517
  0.0727   0.3481   0.1454  -0.4622   0.0231  -0.2154
  0.0635   0.4330   0.1763  -0.5990   0.0288  -0.2302
  0.0720   0.4347   0.1466  -0.5618   0.0454  -0.2305
  0.0680   0.3714   0.1644  -0.4961   0.0410  -0.2394
  0.0662   0.3829   0.1723  -0.5736   0.0394  -0.2323
  0.0821   0.3581   0.1739  -0.5411   0.0353  -0.2267
  0.0747   0.3969   0.1829  -0.5469   0.0450  -0.2372
  0.0761   0.3762   0.1986  -0.5537   0.0354  -0.2281
  0.0658   0.3684   0.1757  -0.5979   0.0428  -0.2181
