 -0.1097   0.1420   0.0566   0.0326  -0.0505  -0.1930
 -0.1117  -0.2126   0.0517   0.0498  -0.0363  -0.1268
 -0.1131   0.0187   0.0351   0.0168  -0.0449  -0.1566
 -0.1166   0.0182   0.1291   0.1017  -0.0468  -0.1871
 -0.1190   0.0238   0.0650   0.0751  -0.0269  -0.1897
 -0.1106   0.0068   0.0644   0.0793  -0.0191  -0.1713
 -0.1120  -0.0144   0.0549   0.0836  -0.0225  -0.1679
 -0.0917  -0.0193   0.0362   0.0752  -0.0205  -0.1811
 -0.0959  -0.0216   0.0462   0.0886  -0.0231  -0.1491
 -0.1042   0.0054   0.0393   0.0917  -0.0305  -0.1714
 -0.0988   0.0437  -0.1664   0.1097  -0.0457  -0.1652
 -0.0705   0.0515  -0.0884   0.0506  -0.0389  -0.1648
 -0.0583   0.0496  -0.0629   0.0441  -0.0505  -0.1635
 -0.0598   0.0581  -0.0553   0.0483  -0.0437  -0.1678
 -0.0689  -0.0636   0.0022   0.0593  -0.0276  -0.1089
 -0.0777  -0.2312  -0.0250   0.2045  -0.0589  -0.1811
 -0.0419   0.0242  -0.0418   0.0118  -0.0369  -0.1294
 -0.0638  -0.0120  -0.0555   0.0340  -0.0514  -0.1227
 -0.0627  -0.0087  -0.0592   0.0485  -0.0402  -0.1505
 -0.0607  -0.0243  -0.0583   0.0466  -0.0353  -0.1363
 -0.0340   0.0429  -0.0488   0.0167  -0.0299  -0.1337
 -0.0916   0.0865  -0.1024  -0.0020  -0.0744  -0.1274
 -0.0620   0.0256  -0.0984  -0.0161  -0.0383  -0.1430
 -0.0433   0.0045  -0.0603   0.0260  -0.0475  -0.1197
 -0.0482   0.0037  -0.0793   0.0418  -0.0356  -0.1330
 -0.0425   0.0672  -0.0464   0.0307  -0.0090  -0.1290
 -0.0278   0.1100  -0.0668   0.0349  -0.0089  -0.1521
 -0.0286   0.1137  -0.0826   0.0172  -0.0136  -0.1470
 -0.0187   0.0537  -0.0767   0.0578  -0.0279  -0.1374
 -0.0184   0.1006  -0.0836   0.0258  -0.0307  -0.1371
 -0.0328   0.0856  -0.0518   0.0396  -0.0375  -0.1267
 -0.0180   0.1062  -0.0498   0.0271  -0.0254  -0.1403
 -0.0300   0.0992  -0.0650   0.0427  -0.0314  -0.1396
 -0.0152   0.0734  -0.0453   0.0199  -0.0153  -0.1247
 -0.0291   0.0468  -0.0742   0.0432  -0.0217  -0.1280
 -0.0069   0.1544  -0.0675   0.0090  -0.0498  -0.0980
 -0.0062   0.1360  -0.0636   0.0189  -0.0493  -0.0977
 -0.0147   0.1234  -0.0580   0.0139  -0.0378  -0.1046
 -0.0055   0.1252  -0.0604   0.0017  -0.0386  -0.1001
 -0.0079   0.1321  -0.0550   0.0033  -0.0373  -0.1060
 -0.0032   0.1179  -0.0460   0.0099  -0.0300  -0.1196
  0.0117   0.1345  -0.0223  -0.0237  -0.0119  -0.0954
  0.0093   0.1487  -0.0709   0.0118   0.0055  -0.1010
  0.0181   0.1566  -0.0597  -0.0061   0.0135  -0.1155
  0.0112   0.1633  -0.0740  -0.0083   0.0041  -0.1141
  0.0240   0.1997  -0.0650  -0.0228   0.0035  -0.1126
  0.0337   0.2924  -0.0728  -0.0198  -0.0001  -0.1256
 -0.0165   0.1495  -0.1161  -0.0430  -0.0546  -0.0777
 -0.0012   0.1402  -0.1000  -0.0090  -0.0320  -0.0834
  0.0288   0.1453  -0.0916  -0.0112  -0.0046  -0.0952
  0.0289   0.1356  -0.1104   0.0036  -0.0090  -0.0820
  0.0385  -0.0178  -0.0678  -0.0094   0.0052  -0.0707
  0.0260   0.0682  -0.1017  -0.0133  -0.0077  -0.0639
  0.0303   0.0726  -0.0496  -0.0388  -0.0076  -0.0693
  0.0261   0.0096  -0.0600  -0.0127   0.0002  -0.0367
  0.0282   0.0341  -0.0688  -0.0190  -0.0025  -0.0625
  0.0231   0.0415  -0.0740  -0.0178  -0.0053  -0.0529
  0.0267   0.0433  -0.0676  -0.0065  -0.0035  -0.0571
  0.0343   0.0564  -0.0640  -0.0048   0.0019  -0.0659
  0.0085   0.0312  -0.0574  -0.0439  -0.0272  -0.0449
  0.0179  -0.0138   0.0072  -0.0327   0.0018  -0.0451
 -0.0002   0.0107  -0.0434   0.0315   0.0268  -0.0953
  0.0197   0.0179  -0.0533  -0.0040   0.0186  -0.0747
  0.0111   0.0228  -0.0620   0.0017   0.0135  -0.0613
 -0.0039   0.1173  -0.1205   0.0080   0.0092  -0.0743
  0.0079   0.0775  -0.0981   0.0328   0.0047  -0.0754
  0.0064   0.0474  -0.0770   0.0176   0.0178  -0.0566
  0.0165   0.0662  -0.0867   0.0192   0.0042  -0.0712
  0.0117   0.0637  -0.0919   0.0168  -0.0067  -0.0577
  0.0207   0.0710  -0.0869   0.0336  -0.0012  -0.0604
  0.0446   0.0609  -0.0650   0.0004   0.0123  -0.0378
  0.0311   0.0570  -0.0676   0.0005   0.0041  -0.0461
  0.0302   0.0586  -0.0796  -0.0068  -0.0042  -0.0473
  0.0168   0.0815  -0.0923  -0.0110  -0.0033  -0.0463
  0.0233   0.0885  -0.0935  -0.0020   0.0029  -0.0370
  0.0407   0.0565  -0.0761  -0.0217   0.0002  -0.0222
  0.0208   0.0470  -0.0706  -0.0012   0.0098  -0.0353
  0.0130   0.0340  -0.0769   0.0090  -0.0065  -0.0354
  0.0151   0.0122  -0.0766  -0.0059  -0.0072  -0.0229
  0.0210   0.0076  -0.0726   0.0051  -0.0015  -0.0338
  0.0194   0.0062  -0.0706   0.0081  -0.0024  -0.0238
  0.0294  -0.0037  -0.0635  -0.0029   0.0085  -0.0235
  0.0878   0.0202  -0.0313  -0.0256   0.0350   0.0083
  0.0681  -0.0672   0.0342  -0.0395   0.0023   0.0191
  0.0450  -0.0356  -0.0048  -0.0095   0.0038   0.0127
  0.0392  -0.0341  -0.0216  -0.0001  -0.0030   0.0023
  0.0364  -0.0295  -0.0306   0.0033   0.0052   0.0092
  0.0393  -0.0159  -0.0305   0.0009   0.0068  -0.0036
  0.0411  -0.0298  -0.0045  -0.0012   0.0184   0.0111
  0.0286  -0.0252  -0.0255   0.0044   0.0001   0.0108
  0.0337  -0.0244  -0.0332  -0.0051   0.0006   0.0113
  0.0525  -0.0092  -0.0572   0.0120   0.0103  -0.0094
  0.0157   0.0297  -0.0602  -0.0157  -0.0189   0.0146
  0.0537  -0.0362  -0.0142  -0.0172   0.0075   0.0591
  0.0107  -0.0477  -0.0154  -0.0123  -0.0015   0.0370
  0.0285  -0.0268  -0.0173  -0.0291  -0.0066   0.0376
  0.0243  -0.0123  -0.0347  -0.0107   0.0006   0.0312
  0.0158  -0.0369  -0.0410   0.0266  -0.0105   0.0471
  0.0435  -0.0204  -0.0224   0.0025   0.0112   0.0333
  0.0103   0.0011  -0.0230  -0.0159  -0.0133   0.0451
 -0.0015   0.0297   0.0514  -0.0105   0.0026   0.0443
 -0.0028   0.0093   0.0496  -0.0144  -0.0078   0.0445
 -0.0108   0.0044   0.0561  -0.0163   0.0004   0.0644
 -0.0166   0.0256   0.0399  -0.0032  -0.0088   0.0546
 -0.0023   0.0265   0.0433  -0.0265  -0.0053   0.0366
 -0.0179  -0.0279   0.0446  -0.0006  -0.0061   0.0649
 -0.0124  -0.0198   0.0475   0.0041  -0.0021   0.0611
  0.0114  -0.0187   0.0747  -0.0246  -0.0101   0.0825
  0.0049  -0.0219   0.0784  -0.0141   0.0018   0.0715
  0.0854   0.0149  -0.0344  -0.0493   0.0146   0.0324
  0.0568  -0.0095   0.0031  -0.0169   0.0326   0.0495
  0.0041   0.0199   0.0449  -0.0061  -0.0091   0.0496
  0.0255  -0.0832   0.0888  -0.0238   0.0072   0.0709
  0.0085  -0.0035   0.0781  -0.0434  -0.0047   0.0885
  0.0030  -0.0164   0.0640  -0.0223   0.0074   0.0762
  0.0137  -0.0081   0.0504  -0.0146   0.0075   0.0837
  0.0249  -0.0105   0.0524  -0.0153   0.0174   0.0913
  0.0200   0.0012   0.0484  -0.0156   0.0077   0.0855
  0.0002  -0.0299   0.0688  -0.0302   0.0099   0.1137
  0.0377   0.0069   0.0901  -0.0593   0.0129   0.1154
  0.0168  -0.0350   0.0797  -0.0655   0.0027   0.1156
  0.0053  -0.0353   0.0858  -0.0587  -0.0057   0.1204
  0.0102  -0.0210   0.0891  -0.0504   0.0044   0.1124
  0.0133  -0.0352   0.0990  -0.0377   0.0117   0.1254
  0.0190  -0.0447   0.0967  -0.0300   0.0201   0.1261
  0.0215  -0.0427   0.1021  -0.0212   0.0256   0.1226
  0.0176  -0.0181   0.0943  -0.0160   0.0221   0.1251
  0.0250   0.0026   0.0967  -0.0298   0.0230   0.1310
  0.0298  -0.0027   0.0955  -0.0350   0.0203   0.1338
  0.0257  -0.0151   0.0972  -0.0141   0.0308   0.1269
  0.0368  -0.0449   0.1223  -0.0270   0.0289   0.1421
  0.0277  -0.2324   0.0712  -0.0613   0.0109   0.2346
  0.0080  -0.3074   0.1049  -0.0278   0.0246   0.2143
  0.0348  -0.1253   0.1510  -0.0743   0.0386   0.1639
  0.0093  -0.1927   0.1176  -0.0606   0.0372   0.2053
  0.0052  -0.1709   0.1071  -0.0558   0.0250   0.1929
  0.0031  -0.1978   0.0968  -0.0181   0.0270   0.1762
  0.0211  -0.1894   0.1001  -0.0463   0.0295   0.1972
  0.0395  -0.1729   0.0995   0.0163   0.0636   0.1804
  0.0131  -0.1413   0.1501  -0.0199   0.0703   0.2023
  0.0137  -0.1512   0.1277  -0.0230   0.0505   0.1940
  0.0150  -0.1738   0.1134  -0.0133   0.0522   0.2132
  0.0108  -0.1681   0.1022   0.0047   0.0499   0.2026
  0.0022  -0.1505   0.1067   0.0052   0.0576   0.2053
  0.0041  -0.1189   0.0989  -0.0227   0.0729   0.1970
  0.0079  -0.1280   0.0903  -0.0144   0.0576   0.1912
  0.0034  -0.1423   0.1039  -0.0160   0.0515   0.1981
  0.0165  -0.1241   0.1021  -0.0159   0.0594   0.2116
  0.0139  -0.1117   0.1000  -0.0112   0.0527   0.2095
  0.0190  -0.1273   0.1029  -0.0285   0.0563   0.2171
  0.0199  -0.1391   0.1112  -0.0283   0.0520   0.2370
  0.0087  -0.1249   0.1026  -0.0275   0.0443   0.2305
  0.0167  -0.1151   0.1051  -0.0438   0.0427   0.2217
  0.0379  -0.0863   0.1272  -0.0301   0.0619   0.2167
  0.0173  -0.1156   0.1256  -0.0399   0.0420   0.2359
  0.0200  -0.1327   0.1393  -0.0909   0.0411   0.2616
