  0.0958  -0.0091   0.0168  -0.1698  -0.0313   0.1018
  0.0920  -0.0578   0.0239  -0.2171  -0.0335   0.1116
  0.1031  -0.0373   0.0563  -0.2331  -0.0311   0.0828
  0.1008  -0.0263   0.0418  -0.2699  -0.0095   0.0592
  0.1214  -0.0310   0.0485  -0.3249  -0.0136   0.0541
  0.1146  -0.0513   0.0377  -0.3279  -0.0036   0.0492
  0.1014  -0.0564   0.0334  -0.2685   0.0047   0.0599
  0.0866  -0.1009   0.0243  -0.2480   0.0105   0.0791
  0.0866  -0.0739   0.0459  -0.2358   0.0039   0.0428
  0.0793  -0.0532   0.0492  -0.2778   0.0086   0.0272
  0.0907  -0.0435   0.0613  -0.2679  -0.0039   0.0424
  0.0891  -0.0331   0.0507  -0.2880   0.0065   0.0424
  0.0924  -0.0281   0.0616  -0.3567   0.0186   0.0461
  0.0727  -0.0054   0.0586  -0.2258   0.0119   0.0347
  0.0847  -0.0066   0.0674  -0.3109   0.0222   0.0391
  0.0818   0.0241   0.0285  -0.2234  -0.0159   0.0200
  0.0772  -0.0062   0.0204  -0.2169  -0.0099   0.0547
  0.0731  -0.0348   0.0272  -0.2784  -0.0222   0.0513
  0.0974  -0.0264   0.0576  -0.3466  -0.0173   0.0439
  0.0984  -0.0109   0.0608  -0.2746  -0.0086   0.0361
  0.0940  -0.0129   0.0499  -0.2663  -0.0158   0.0221
  0.1002   0.0213   0.0195  -0.3688  -0.0192   0.0179
  0.0996  -0.0286   0.0174  -0.3116  -0.0205   0.0138
  0.1070  -0.0361   0.0313  -0.3005  -0.0320   0.0256
  0.1128  -0.0143   0.0421  -0.3053  -0.0328   0.0220
  0.1110  -0.0614   0.0352  -0.2784  -0.0276   0.0299
  0.1143  -0.0541   0.0342  -0.2511  -0.0269   0.0345
  0.1125  -0.0460   0.0443  -0.2676  -0.0323   0.0332
  0.1101  -0.0411   0.0506  -0.2445  -0.0179   0.0348
  0.1140  -0.0217   0.0435  -0.2659  -0.0179   0.0284
  0.1075  -0.0413   0.0398  -0.2881  -0.0182   0.0367
  0.1041  -0.0344   0.0432  -0.2685  -0.0271   0.0499
  0.0924  -0.0256   0.0352  -0.2608  -0.0097   0.0337
  0.1049  -0.0108   0.0520  -0.3012   0.0028   0.0200
  0.1010  -0.0123   0.0508  -0.2983  -0.0002   0.0158
  0.1057  -0.0121   0.0522  -0.3200  -0.0092   0.0225
  0.1016  -0.0097   0.0546  -0.3080  -0.0350   0.0287
  0.1047  -0.0046   0.0659  -0.3110  -0.0123   0.0114
  0.0928  -0.0208   0.0695  -0.3056  -0.0225   0.0295
  0.0992  -0.0164   0.0556  -0.2618  -0.0375   0.0362
  0.1026  -0.0110   0.0572  -0.2760  -0.0309   0.0383
  0.1031  -0.0181   0.0648  -0.2644  -0.0326   0.0433
  0.1014  -0.0244   0.0566  -0.2460  -0.0358   0.0288
  0.1028  -0.0231   0.0636  -0.2406  -0.0331   0.0404
  0.1015  -0.0418   0.0631  -0.2541  -0.0320   0.0437
  0.0947  -0.0032   0.0610  -0.2629  -0.0314   0.0132
  0.0768   0.1828   0.0165  -0.3001  -0.0446   0.0064
  0.0629   0.0773   0.0651  -0.3228  -0.0412  -0.0056
  0.0573   0.0190   0.0412  -0.2211  -0.0868   0.0080
  0.0615  -0.0534   0.0544  -0.2170  -0.0575   0.0362
  0.0740  -0.0385   0.0715  -0.2511  -0.0425   0.0436
  0.0824  -0.0308   0.0654  -0.2240  -0.0382   0.0333
  0.0784  -0.0574   0.0654  -0.2497  -0.0296   0.0344
  0.0717  -0.0596   0.0732  -0.2346  -0.0261   0.0238
  0.0713  -0.0368   0.0712  -0.2638  -0.0195   0.0269
  0.0720  -0.0472   0.0911  -0.2618  -0.0214   0.0403
  0.0655  -0.0458   0.0838  -0.3061  -0.0014   0.0149
  0.0750  -0.0280   0.1033  -0.3671   0.0087   0.0225
  0.0767  -0.0444   0.0992  -0.2989  -0.0049   0.0266
  0.0794  -0.0334   0.0944  -0.3234  -0.0099   0.0157
  0.0771  -0.0171   0.0940  -0.3269  -0.0132   0.0065
  0.0706  -0.0375   0.0936  -0.2756   0.0121   0.0252
  0.0704  -0.0066   0.0768  -0.2906   0.0182  -0.0008
  0.0503  -0.0279   0.0516  -0.2407  -0.0137   0.0102
  0.0811  -0.0373   0.0680  -0.2117  -0.0215   0.0414
  0.0852  -0.0288   0.0530  -0.2346  -0.0082   0.0266
  0.0722  -0.0215   0.0432  -0.2387  -0.0043   0.0203
  0.0700  -0.0523   0.0401  -0.2253   0.0030   0.0237
  0.0675  -0.0429   0.0403  -0.2447   0.0017   0.0336
  0.0634  -0.0704   0.0341  -0.2344  -0.0006   0.0268
  0.0505  -0.0935   0.0201  -0.1937  -0.0172   0.0306
  0.0606  -0.0857   0.0779  -0.1583   0.0252   0.0430
  0.0441  -0.0582   0.0684  -0.1943   0.0290   0.0048
  0.0308  -0.0439   0.0445  -0.1860   0.0028   0.0171
  0.0286  -0.0342   0.0353  -0.2254  -0.0094   0.0123
  0.0372  -0.0361   0.0437  -0.1823  -0.0210   0.0393
  0.0333  -0.0501   0.0402  -0.1932  -0.0149   0.0315
  0.0330  -0.0576   0.0398  -0.2286  -0.0062   0.0338
  0.0337  -0.0166   0.0480  -0.2311  -0.0060   0.0109
  0.0395  -0.0241   0.0563  -0.2324  -0.0065   0.0320
  0.0358  -0.0292   0.0574  -0.2050   0.0018   0.0216
  0.0362  -0.0287   0.0433  -0.1839  -0.0043   0.0256
  0.0311  -0.0172   0.0526  -0.2008  -0.0001   0.0136
  0.0380  -0.0048   0.0637  -0.2327   0.0091   0.0180
  0.0509   0.0044   0.0653  -0.2046   0.0128   0.0001
  0.0466  -0.0022   0.0656  -0.1568   0.0080   0.0136
  0.0355  -0.0084   0.0745  -0.1611   0.0236  -0.0106
  0.0759   0.0431   0.0964  -0.1985   0.0548  -0.0061
  0.0549   0.0420   0.0497  -0.1881   0.0323  -0.0060
  0.0330   0.0053   0.0195  -0.1549   0.0021   0.0005
  0.0141  -0.0420   0.0097  -0.1079  -0.0230   0.0296
  0.0317  -0.0152   0.0337  -0.1702  -0.0123   0.0265
  0.0384  -0.0442   0.0431  -0.1875  -0.0049   0.0165
  0.0470   0.0287   0.0546  -0.2087  -0.0006  -0.0018
  0.0359   0.0086   0.0299  -0.2164  -0.0196   0.0095
  0.0444  -0.0092   0.0089  -0.2408  -0.0455  -0.0435
  0.0308  -0.0118   0.0279  -0.0905  -0.0429   0.0311
  0.0307  -0.0298   0.0224  -0.0432  -0.0415   0.0246
  0.0246  -0.0170   0.0382  -0.0741  -0.0356   0.0294
  0.0270  -0.0425   0.0170  -0.0027  -0.0455   0.0356
  0.0274  -0.0160   0.0282   0.0014  -0.0420   0.0373
  0.0140  -0.0166   0.0329   0.0118  -0.0319   0.0406
  0.0002   0.0019   0.0247  -0.0053  -0.0252   0.0276
  0.0069   0.0156   0.0462  -0.0070  -0.0305   0.0267
  0.0067   0.0042   0.0460   0.0168  -0.0336   0.0422
  0.0005  -0.0088   0.0406   0.0442  -0.0303   0.0314
 -0.0037  -0.0046   0.0331   0.0497  -0.0331   0.0076
  0.0066   0.0065   0.0426   0.0196  -0.0225   0.0131
  0.0059   0.0095   0.0489   0.0266  -0.0169   0.0068
 -0.0026   0.0091   0.0471   0.0164   0.0020   0.0079
 -0.0017   0.0006   0.0434   0.0335  -0.0166   0.0314
 -0.0007  -0.0094   0.0397   0.0524  -0.0282   0.0230
  0.0002  -0.0370   0.0234   0.0804  -0.0206   0.0275
 -0.0133  -0.0105   0.0210   0.0423  -0.0196   0.0215
 -0.0080  -0.0487   0.0251   0.0083  -0.0173   0.0137
 -0.0005  -0.0069   0.0448   0.0468  -0.0101   0.0017
  0.0013  -0.0024   0.0376   0.0284  -0.0020   0.0079
  0.0130   0.0099   0.0502  -0.0237   0.0106   0.0155
  0.0184  -0.0082   0.0512   0.0083  -0.0009   0.0263
  0.0172  -0.0206   0.0470   0.0460  -0.0025   0.0070
  0.0079   0.0104   0.0437   0.0466  -0.0044  -0.0010
  0.0065  -0.0081   0.0414   0.0494  -0.0086   0.0071
  0.0214  -0.0300   0.0303   0.0621  -0.0127   0.0320
  0.0152  -0.0081   0.0432   0.0095  -0.0028   0.0273
  0.0066  -0.0333   0.0268   0.0712  -0.0134   0.0471
  0.0083   0.0069   0.0347   0.0321  -0.0093   0.0183
  0.0065  -0.0090   0.0357   0.0567  -0.0193   0.0279
  0.0072  -0.0163   0.0289   0.0929  -0.0248   0.0261
  0.0118   0.0069   0.0390   0.0147  -0.0231   0.0205
  0.0084  -0.0072   0.0343   0.0119  -0.0274   0.0252
  0.0046  -0.0167   0.0296   0.0419  -0.0340   0.0296
  0.0098   0.0060   0.0266   0.0190  -0.0339   0.0011
  0.0030  -0.0120   0.0295   0.0064  -0.0192   0.0089
 -0.0049  -0.0137   0.0153   0.0389  -0.0454   0.0168
 -0.0011  -0.0071   0.0264   0.0425  -0.0326   0.0025
  0.0015   0.0141   0.0437   0.0223  -0.0076   0.0121
 -0.0130   0.0032   0.0423   0.0561  -0.0056   0.0045
 -0.0069   0.0080   0.0562   0.0532  -0.0086   0.0097
 -0.0101   0.0274   0.0440   0.0459  -0.0006   0.0044
 -0.0061   0.0338   0.0494   0.0367  -0.0009   0.0087
 -0.0036   0.0024   0.0542   0.0488   0.0072   0.0125
 -0.0053   0.0300   0.0465   0.0450   0.0065  -0.0053
 -0.0020   0.0381   0.0541   0.0275   0.0070   0.0028
 -0.0077   0.0324   0.0443   0.0564   0.0028   0.0048
  0.0001   0.0447   0.0598   0.0700   0.0010  -0.0098
  0.0031   0.0451   0.0604   0.0348  -0.0116  -0.0110
 -0.0049   0.0284   0.0605   0.0620  -0.0091   0.0061
 -0.0090   0.0244   0.0549   0.0761  -0.0025  -0.0096
  0.0010   0.0229   0.0603   0.0708   0.0002  -0.0063
 -0.0002   0.0209   0.0458   0.0835  -0.0033  -0.0086
  0.0033   0.0486   0.0560   0.0505  -0.0053  -0.0085
  0.0067   0.0423   0.0528   0.0570  -0.0074  -0.0151
 -0.0194   0.0371   0.0902   0.1009  -0.0141  -0.0058
  0.0160   0.0471   0.0719   0.0565   0.0374  -0.0263
 -0.0001   0.0564   0.0325   0.0280   0.0071  -0.0252
 -0.0117   0.0282   0.0398   0.0211  -0.0289  -0.0174
 -0.0087  -0.0203   0.0175   0.0757  -0.0570   0.0042
  0.0481  -0.0018   0.0158  -0.0513  -0.0287  -0.0057
  0.0352  -0.0580  -0.0074  -0.0426  -0.0472  -0.0088
  0.0194  -0.0267  -0.0010   0.0421  -0.0472  -0.0074
  0.0173  -0.0054   0.0042  -0.0013  -0.0423  -0.0155
  0.0077  -0.0216   0.0019   0.0292  -0.0427  -0.0002
  0.0056  -0.0183   0.0017   0.0498  -0.0387  -0.0176
  0.0187  -0.0056   0.0200   0.0269  -0.0458  -0.0179
  0.0107  -0.0029   0.0113   0.0212  -0.0315  -0.0085
  0.0065  -0.0265   0.0120   0.0775  -0.0338   0.0158
  0.0129   0.0062   0.0005   0.0405  -0.0205  -0.0167
  0.0058  -0.0236   0.0034   0.0657  -0.0242   0.0122
 -0.0060  -0.0318  -0.0101   0.0486  -0.0317   0.0157
 -0.0026  -0.0492  -0.0095   0.0931  -0.0293   0.0110
  0.0050  -0.0311  -0.0060   0.0830  -0.0304   0.0023
  0.0065  -0.0089  -0.0039   0.0440  -0.0133  -0.0081
  0.0069  -0.0230   0.0026   0.0676  -0.0236   0.0092
  0.0018  -0.0344  -0.0077   0.0854  -0.0252  -0.0077
 -0.0079  -0.0243  -0.0154   0.0900  -0.0231  -0.0183
 -0.0345  -0.0258  -0.0366   0.1759  -0.0207  -0.0036
 -0.0455   0.0090  -0.0252   0.1374  -0.0111  -0.0267
 -0.0468   0.0072  -0.0271   0.1089  -0.0219   0.0001
 -0.0537  -0.0107  -0.0355   0.1435  -0.0280   0.0075
 -0.0491   0.0024  -0.0395   0.1276  -0.0229   0.0009
 -0.0452   0.0190  -0.0262   0.1014  -0.0171  -0.0108
 -0.0525   0.0023  -0.0326   0.1370  -0.0246  -0.0020
 -0.0454  -0.0103  -0.0443   0.1331  -0.0317   0.0089
 -0.0445   0.0118  -0.0286   0.0862  -0.0174  -0.0106
 -0.0511  -0.0204  -0.0450   0.1285  -0.0281  -0.0047
 -0.0506  -0.0023  -0.0409   0.0989  -0.0149  -0.0121
 -0.0576   0.0159  -0.0447   0.0963  -0.0135  -0.0191
 -0.0507  -0.0130  -0.0413   0.1236  -0.0293   0.0086
 -0.0582   0.0105  -0.0464   0.0891  -0.0174  -0.0078
 -0.0510  -0.0114  -0.0430   0.0952  -0.0141  -0.0091
 -0.0452   0.0223  -0.0370   0.0594  -0.0009  -0.0155
 -0.0538   0.0000  -0.0438   0.1700  -0.0118  -0.0064
 -0.0479  -0.0059  -0.0277   0.1187  -0.0073  -0.0015
 -0.0426   0.0323  -0.0250   0.0845  -0.0099  -0.0165
 -0.0585   0.0511  -0.0261   0.2618   0.0086  -0.0226
 -0.0409   0.0615  -0.0003   0.2737   0.0631  -0.0090
 -0.0157   0.0274  -0.0097   0.1856   0.0435   0.0051
 -0.0061   0.0034  -0.0083   0.0719   0.0445  -0.0205
 -0.0280   0.0716  -0.0369   0.0403  -0.0266  -0.0158
 -0.0738  -0.0023  -0.0696   0.0834  -0.0574  -0.0078
 -0.0269   0.0752  -0.0113   0.1988   0.0193  -0.0252
 -0.0371   0.0687  -0.0396   0.1891  -0.0094  -0.0292
 -0.0384   0.0333  -0.0393   0.1695  -0.0174  -0.0195
 -0.0476  -0.0047  -0.0654   0.2303  -0.0430  -0.0005
 -0.0374   0.0005  -0.0535   0.2228  -0.0199  -0.0265
 -0.0469   0.0093  -0.0539   0.1687  -0.0178  -0.0047
 -0.0291   0.0059  -0.0455   0.1784  -0.0127  -0.0047
 -0.0350   0.0118  -0.0530   0.1576  -0.0094  -0.0067
 -0.0311   0.0286  -0.0293   0.1279   0.0099  -0.0447
 -0.0291   0.0387  -0.0360   0.0969   0.0109  -0.0193
 -0.0418   0.0129  -0.0470   0.1494  -0.0015  -0.0073
 -0.0340   0.0177  -0.0460   0.1704  -0.0079  -0.0198
 -0.0343   0.0399  -0.0415   0.1637  -0.0005  -0.0270
 -0.0339   0.0460  -0.0361   0.1244   0.0114  -0.0239
 -0.0383   0.0208  -0.0364   0.1614   0.0099  -0.0016
 -0.0422   0.0276  -0.0473   0.1702   0.0079  -0.0340
 -0.0328   0.0572  -0.0331   0.1429   0.0212  -0.0368
 -0.0320   0.0671  -0.0289   0.1451   0.0193  -0.0446
 -0.0247   0.0797  -0.0176   0.1233   0.0228  -0.0341
 -0.0299   0.0658  -0.0221   0.1565   0.0209  -0.0317
 -0.0344   0.0212  -0.0377   0.1770   0.0258  -0.0296
 -0.0460   0.0266  -0.0449   0.1611  -0.0017  -0.0349
 -0.0458   0.0426  -0.0453   0.1485   0.0113  -0.0462
 -0.0582   0.0368  -0.0348   0.1805   0.0207  -0.0253
 -0.0598   0.0429  -0.0419   0.1823   0.0229  -0.0399
 -0.0483   0.0470  -0.0403   0.1755   0.0207  -0.0419
 -0.0439   0.0496  -0.0313   0.1754   0.0262  -0.0509
 -0.0385   0.0628  -0.0265   0.1387   0.0291  -0.0488
 -0.0418   0.0582  -0.0226   0.1295   0.0217  -0.0338
 -0.0387   0.0620  -0.0184   0.1124   0.0412  -0.0374
 -0.0480   0.0534  -0.0275   0.1705   0.0250  -0.0314
 -0.0527   0.0616  -0.0284   0.1665   0.0299  -0.0537
 -0.0472   0.0638  -0.0188   0.1185   0.0496  -0.0474
 -0.0643   0.0517  -0.0146   0.1775   0.0583  -0.0271
 -0.0563   0.0488  -0.0254   0.1520   0.0672  -0.0558
 -0.0604   0.0809  -0.0368   0.1120   0.0693  -0.0637
 -0.0626   0.0758  -0.0318   0.1186   0.0736  -0.0538
 -0.0707   0.0401  -0.0427   0.1575   0.0591  -0.0310
 -0.0652   0.0277  -0.0477   0.1531   0.0539  -0.0453
 -0.0623   0.0464  -0.0510   0.1416   0.0502  -0.0626
 -0.0575   0.0508  -0.0531   0.1475   0.0526  -0.0506
 -0.0698   0.0486  -0.0507   0.1354   0.0525  -0.0420
 -0.0586   0.0420  -0.0441   0.1668   0.0463  -0.0450
 -0.0597   0.0189  -0.0504   0.1712   0.0398  -0.0292
 -0.0581   0.0290  -0.0555   0.1802   0.0345  -0.0350
 -0.1000   0.0131  -0.0790   0.2180   0.0037  -0.0214
 -0.1144   0.0228  -0.0515   0.1814   0.0164  -0.0520
 -0.0742  -0.0128  -0.0721   0.1690   0.0015  -0.0328
 -0.0827  -0.0161  -0.0641   0.1830   0.0042  -0.0119
 -0.0834  -0.0307  -0.0786   0.2134  -0.0034  -0.0018
 -0.0737  -0.0499  -0.0863   0.2439   0.0017  -0.0110
 -0.0866  -0.0253  -0.0989   0.2376  -0.0095  -0.0331
 -0.0997  -0.0199  -0.0931   0.2580  -0.0110  -0.0350
 -0.1051  -0.0284  -0.0919   0.2934  -0.0051  -0.0175
 -0.0959  -0.0202  -0.0875   0.2829   0.0017  -0.0358
 -0.1030  -0.0214  -0.0887   0.2444   0.0147  -0.0331
 -0.0973  -0.0334  -0.0853   0.2531   0.0182  -0.0186
 -0.0956  -0.0198  -0.0855   0.1864   0.0337  -0.0426
 -0.1030  -0.0421  -0.0830   0.2172   0.0451  -0.0134
 -0.1054  -0.0350  -0.0954   0.2429   0.0238  -0.0296
 -0.0769  -0.0092  -0.1108   0.1354   0.0136  -0.0264
 -0.0787  -0.0185  -0.1031   0.1956   0.0164  -0.0421
 -0.0920  -0.0386  -0.1276   0.2506   0.0136  -0.0159
 -0.0600  -0.0504  -0.1193   0.3756   0.0289  -0.0192
 -0.0732  -0.0374  -0.1226   0.2753   0.0280  -0.0126
 -0.0529  -0.0263  -0.1067   0.1590   0.0159  -0.0306
 -0.0769  -0.0147  -0.0977   0.1828   0.0492  -0.0243
 -0.0719  -0.0152  -0.1126   0.1896   0.0287  -0.0389
 -0.0690   0.0206  -0.1047   0.1388   0.0277  -0.0488
 -0.0705   0.0242  -0.0947   0.0955   0.0374  -0.0470
 -0.0683  -0.0065  -0.0765   0.1019   0.0490  -0.0447
 -0.0710   0.0038  -0.0904   0.1296   0.0392  -0.0476
 -0.0641   0.0251  -0.0852   0.1269   0.0405  -0.0693
 -0.0669   0.0266  -0.0813   0.1250   0.0481  -0.0527
 -0.0673   0.0292  -0.0703   0.0985   0.0628  -0.0638
 -0.0773   0.0182  -0.1015   0.1398   0.0346  -0.0437
 -0.0837   0.0144  -0.0998   0.1634   0.0337  -0.0526
 -0.0781   0.0295  -0.0950   0.1304   0.0388  -0.0527
 -0.0832   0.0158  -0.0879   0.1213   0.0408  -0.0667
 -0.0759  -0.0079  -0.0933   0.1727   0.0227  -0.0429
 -0.0797   0.0153  -0.0867   0.1197   0.0453  -0.0597
 -0.1066  -0.0260  -0.1146   0.2088  -0.0068  -0.0080
 -0.0926  -0.0780  -0.0863   0.2557  -0.0060  -0.0123
 -0.0917  -0.0449  -0.0731   0.4891   0.0522   0.0098
 -0.0716   0.0510  -0.0669   0.3140   0.1077  -0.0066
 -0.0710   0.0732  -0.0686   0.1414   0.1105  -0.0225
 -0.0591   0.0596  -0.0810   0.1215   0.0635  -0.0386
 -0.0648   0.0539  -0.0880   0.2020   0.0375  -0.0186
 -0.0624   0.0585  -0.0960   0.2096   0.0456  -0.0216
 -0.0643   0.0780  -0.0977   0.1641   0.0329  -0.0182
 -0.0720   0.0438  -0.1082   0.3247   0.0310  -0.0314
 -0.1034   0.0749  -0.1011   0.2623   0.0626  -0.0148
 -0.0918   0.0736  -0.0962   0.1486   0.0706  -0.0461
 -0.0971   0.0285  -0.0939   0.1522   0.0640  -0.0283
 -0.0962   0.0119  -0.1030   0.1798   0.0560  -0.0330
 -0.0871   0.0300  -0.0915   0.1583   0.0591  -0.0344
 -0.0964   0.0049  -0.0932   0.1574   0.0648  -0.0359
 -0.0973  -0.0206  -0.1050   0.1775   0.0617  -0.0157
 -0.0841  -0.0025  -0.0846   0.1228   0.0784  -0.0414
 -0.0830  -0.0068  -0.0614   0.1459   0.0882  -0.0303
