 -0.0120  -0.1329   0.0139   0.1507  -0.0045  -0.4604
  0.0047  -0.1078   0.0025   0.0454  -0.0043  -0.4875
 -0.0047  -0.0641   0.0009   0.0164  -0.0026  -0.5157
 -0.0063  -0.0870   0.0037   0.0570  -0.0052  -0.4855
 -0.0015  -0.1109   0.0175   0.0398  -0.0063  -0.4570
 -0.0013  -0.0377   0.0022  -0.0296   0.0010  -0.5126
  0.0096  -0.0565  -0.0064  -0.0286   0.0018  -0.5344
  0.0256  -0.1089  -0.0015   0.0084   0.0174  -0.4809
  0.0197  -0.1427   0.0001  -0.0698   0.0014  -0.4972
  0.0096  -0.1472   0.0130   0.0209   0.0044  -0.4677
  0.0073  -0.1402   0.0186   0.0203   0.0050  -0.4562
  0.0103  -0.1442   0.0212   0.0196   0.0041  -0.4469
  0.0075  -0.1579   0.0048   0.0165  -0.0010  -0.4451
  0.0088  -0.1436   0.0100   0.0043   0.0062  -0.4617
  0.0154  -0.1288   0.0115  -0.0009   0.0065  -0.4586
  0.0152  -0.1499   0.0114  -0.0099   0.0078  -0.4528
  0.0221  -0.2156   0.0125   0.0471   0.0081  -0.3743
  0.0142  -0.1112   0.0165  -0.0556   0.0062  -0.4649
  0.0143  -0.1762   0.0194  -0.0269   0.0022  -0.4325
  0.0168  -0.1551   0.0192  -0.0039   0.0080  -0.4658
  0.0146  -0.1692   0.0158   0.0144   0.0082  -0.4205
  0.0457  -0.1506  -0.0111   0.2155   0.0164  -0.3901
  0.0443  -0.4403  -0.0099   0.7382   0.0251  -0.3130
  0.0230  -0.2121   0.0401  -0.0241   0.0168  -0.4493
 -0.0046  -0.1574   0.0203   0.1548   0.0294  -0.3275
  0.0039  -0.2563   0.0590   0.1383   0.0249  -0.3575
  0.0066  -0.2698   0.0719   0.1349   0.0255  -0.3590
  0.0088  -0.2141   0.0455   0.1146   0.0223  -0.3462
  0.0056  -0.2736   0.0428   0.1280   0.0234  -0.3395
  0.0129  -0.2796   0.0495   0.1669   0.0229  -0.3218
  0.0187  -0.2677   0.0457   0.1607   0.0265  -0.3586
  0.0173  -0.2951   0.0657   0.1582   0.0184  -0.3204
  0.0085  -0.0943   0.0702   0.0799   0.0150  -0.3574
  0.0266   0.1250   0.1048   0.0350   0.0380  -0.3273
  0.0352  -0.0069   0.0881   0.0964   0.0337  -0.3372
  0.0361  -0.0341   0.0822   0.0958   0.0341  -0.3078
  0.0382  -0.0985   0.0759   0.1078   0.0352  -0.3083
  0.0372  -0.1228   0.0899   0.1063   0.0291  -0.3120
  0.0351  -0.1681   0.0762   0.1174   0.0264  -0.2844
  0.0298  -0.2195   0.0774   0.1101   0.0239  -0.2654
  0.0403  -0.1711   0.0703   0.0833   0.0286  -0.2902
  0.0426  -0.1680   0.0722   0.1010   0.0330  -0.2618
  0.0424  -0.1494   0.0813   0.0802   0.0325  -0.2900
  0.0389  -0.5355   0.0919   0.1721   0.0300  -0.2741
  0.0435  -0.5412   0.1324   0.2478   0.0348  -0.2072
  0.0435  -0.5186   0.1290   0.1877   0.0354  -0.2251
  0.0524  -0.3517   0.0946   0.0626   0.0453  -0.2968
  0.0342  -0.2889   0.0958   0.0512   0.0306  -0.2389
  0.0143  -0.2748   0.1062   0.0538   0.0281  -0.2059
  0.0351  -0.3035   0.0800   0.1248   0.0405  -0.1819
 -0.0126  -0.2418   0.0037  -0.1891   0.0287  -0.1757
  0.0019  -0.2082   0.0477  -0.0616   0.0310  -0.2655
 -0.0002  -0.2445   0.0813   0.0065   0.0279  -0.1972
 -0.0054  -0.2605   0.0845  -0.0264   0.0224  -0.1893
 -0.0015  -0.2872   0.0847   0.0059   0.0210  -0.1672
  0.0073  -0.3170   0.0700   0.0191   0.0291  -0.1410
  0.0275  -0.3551   0.0411   0.0329   0.0370  -0.1479
 -0.0128  -0.3606   0.0782   0.1365   0.0212  -0.1171
 -0.0279  -0.4089   0.0848   0.5960   0.0510  -0.0474
 -0.0007  -0.0755   0.0842  -0.0331   0.0373  -0.1118
 -0.0007  -0.3613   0.1067  -0.0023   0.0335  -0.1091
  0.0130  -0.3025   0.0958  -0.0298   0.0374  -0.1434
  0.0078  -0.3373   0.1018   0.0071   0.0339  -0.1025
 -0.0066  -0.3537   0.1126   0.0309   0.0306  -0.0988
  0.0021  -0.3339   0.1092   0.0319   0.0300  -0.0870
  0.0002  -0.3239   0.1137  -0.0065   0.0321  -0.0790
  0.0002  -0.2944   0.0992  -0.0407   0.0273  -0.0947
  0.0360   0.8612   0.0041  -0.4001   0.0484  -0.1273
  0.0584   2.0578  -0.1442  -0.4721   0.0433  -0.1794
  0.0195   1.7115  -0.1180  -0.4392   0.0264  -0.1930
  0.0238   1.5174  -0.0990  -0.4245   0.0235  -0.1766
  0.0208   1.3559  -0.0885  -0.3494   0.0254  -0.1432
  0.0155   1.1350  -0.0734  -0.2791   0.0293  -0.1078
  0.0178   1.1090  -0.0653  -0.2839   0.0296  -0.1156
  0.0185   1.0638  -0.0576  -0.3005   0.0246  -0.1001
  0.0170   1.0574  -0.0847  -0.3381   0.0203  -0.1029
  0.0147   1.0172  -0.0742  -0.2817   0.0225  -0.0849
  0.0076   0.9626  -0.0645  -0.2714   0.0216  -0.0613
  0.0472   1.0497   0.0092  -0.3391   0.0761   0.0070
  0.0042   0.8102  -0.0068  -0.2504   0.0291  -0.0196
 -0.0059   0.8377   0.0052  -0.2503   0.0294  -0.0269
  0.0054   0.6241   0.0182  -0.2420   0.0291   0.0098
  0.0046   0.6141   0.0261  -0.2676   0.0316   0.0235
 -0.0016   0.5956   0.0108  -0.2637   0.0301   0.0211
 -0.0294   1.2363   0.0204  -0.9818   0.0438  -0.0721
  0.0372   2.8310  -0.1694  -1.6908  -0.0020  -0.5193
  0.0296   1.9849  -0.3770  -0.7988  -0.0000  -0.2265
  0.0503   1.6010  -0.2532  -0.6462   0.0141  -0.1120
  0.0403   1.4583  -0.1966  -0.6594   0.0106  -0.1231
  0.0336   1.4244  -0.1641  -0.6349   0.0133  -0.0981
  0.0346   1.2817  -0.1279  -0.5832   0.0161  -0.0627
  0.0416   1.2668  -0.1374  -0.5832   0.0158  -0.0615
  0.0559   1.2757  -0.1219  -0.5971   0.0211  -0.0658
  0.0625   1.1942  -0.1133  -0.5693   0.0163  -0.0266
  0.0603   1.1705  -0.1108  -0.5638   0.0214  -0.0032
  0.0579   1.1640  -0.1124  -0.5340   0.0227  -0.0025
  0.0520   1.1038  -0.1035  -0.5345   0.0096   0.0105
  0.0531   1.0097  -0.0792  -0.5173   0.0204   0.0499
  0.0506   1.0268  -0.0748  -0.5089   0.0216   0.0594
  0.0451   0.9641  -0.0727  -0.4980   0.0292   0.0689
  0.0104   0.7057  -0.0218  -0.5127   0.0334   0.0799
  0.0107   0.5046  -0.0260  -0.3800   0.0240   0.1364
 -0.0015   0.3647  -0.0146  -0.2935   0.0054   0.1563
  0.0198   0.4368  -0.0162  -0.3707   0.0183   0.1349
 -0.0001   0.6189  -0.0024  -0.4411   0.0131   0.1264
  0.0002   0.5910  -0.0067  -0.4367   0.0179   0.1364
 -0.0026   0.5984  -0.0076  -0.4266   0.0131   0.1477
  0.0022   0.6136  -0.0131  -0.4358   0.0176   0.1537
  0.0161   0.5862  -0.0228  -0.3991   0.0239   0.1786
  0.0123   0.5829  -0.0195  -0.4319   0.0218   0.1770
  0.0132   0.6452  -0.0370  -0.4506   0.0267   0.1238
  0.0080   0.6500  -0.0473  -0.1862   0.0233   0.2755
  0.0166   0.6282  -0.0721  -0.5925   0.0287   0.2450
  0.0416   0.1290  -0.0595  -0.3834   0.0189   0.2596
  0.0149   0.0705  -0.0667  -0.3747   0.0203   0.2854
  0.0040   0.1290  -0.0243  -0.3518   0.0169   0.2896
  0.0085   0.1993  -0.0158  -0.3415   0.0236   0.3041
  0.0138   0.2603  -0.0193  -0.3892   0.0237   0.2840
  0.0154   0.1825  -0.0259  -0.3068   0.0214   0.3315
  0.0219   0.2051  -0.0127  -0.2013   0.0082   0.2346
  0.0299   0.1354   0.0106   0.0667   0.0054   0.4538
  0.0390  -0.0097  -0.0331  -0.2008   0.0168   0.4082
  0.0499  -0.0288  -0.0354  -0.2753   0.0187   0.3806
  0.0126   0.0638  -0.2026  -0.2016   0.0444   0.4146
  0.0402   1.4421  -0.1390   1.9750  -0.0152   0.4553
  0.1653   0.3790   0.0002   3.4861  -0.0225   0.6663
 -0.2090  -0.0522  -0.3254  -1.1439  -0.1069   0.1944
 -0.0844   0.0639  -0.0896  -0.2717  -0.1033   0.3623
 -0.0559   0.0875  -0.0988  -0.1486  -0.0802   0.4057
 -0.0380  -0.0387  -0.0988  -0.0858  -0.0695   0.4438
 -0.0383  -0.1456  -0.0888  -0.0344  -0.0742   0.4749
 -0.1100  -0.1852  -0.1133   0.4419  -0.0993   0.5472
 -0.2634  -1.0842  -0.1419   2.6333  -0.2433   0.8126
 -0.2157  -1.2411  -0.0123   3.9632  -0.2258   1.1397
 -0.3033  -1.6294  -0.2184   1.5527  -0.2019   0.8447
 -0.2043  -1.7101  -0.0635   0.7524  -0.1576   0.6854
 -0.1660  -1.8725  -0.0298   0.6696  -0.1219   0.7354
 -0.1594  -1.8838  -0.0466   0.6410  -0.1272   0.7488
 -0.1752  -1.9153  -0.0527   0.6410  -0.1376   0.7669
 -0.1846  -1.9671  -0.0431   0.7704  -0.1332   0.8565
 -0.1604  -1.9365  -0.0335   0.7885  -0.1320   0.8425
 -0.0906  -1.9509  -0.0133   0.8509  -0.1083   0.8911
 -0.1544  -1.9781  -0.0320   0.6928  -0.1181   0.8553
 -0.1323  -1.8898  -0.0251   0.6205  -0.1058   0.8091
 -0.1246  -2.0176  -0.0254   0.6919  -0.1011   0.9253
 -0.1271  -1.9798  -0.0326   0.6356  -0.0944   0.8306
 -0.1324  -1.9203  -0.0124   0.5407  -0.1017   0.8970
 -0.1188  -1.8991  -0.0128   0.5304  -0.0883   0.8511
 -0.1046  -1.8943  -0.0208   0.4807  -0.0801   0.8650
 -0.1288  -2.1390  -0.0451   0.5757  -0.1087   0.9623
 -0.1299  -2.0055  -0.0229   0.6178  -0.0958   0.9084
 -0.1166  -2.0469  -0.0084   0.6324  -0.0909   0.9694
 -0.1193  -2.0376  -0.0781   0.7248  -0.0874   0.9112
 -0.0962  -2.1617   0.0023   1.1136  -0.0896   1.0851
 -0.0944  -2.0875  -0.0138   0.5955  -0.0790   1.0092
 -0.0354  -2.0318  -0.0635   0.5270  -0.0723   0.9839
