  0.0231  -0.0459   0.0256   0.1286   0.0440   0.0842
  0.0231  -0.0459   0.0256   0.1286   0.0440   0.0842
  0.0204  -0.0564   0.0327   0.1515   0.0350   0.0887
 -0.0007  -0.0651  -0.0218   0.1800   0.0009   0.0996
  0.0119  -0.0984   0.0465   0.1020   0.0455   0.0824
  0.0181  -0.0538   0.0712   0.1257   0.0404   0.0873
  0.0048  -0.0536   0.0467   0.1230   0.0348   0.0904
 -0.0011  -0.1111   0.0249   0.1352   0.0375   0.0768
 -0.0005  -0.0876   0.0214   0.1038   0.0322   0.0742
  0.0206  -0.0480   0.0351   0.2168   0.0312   0.0755
  0.0119  -0.0531   0.0563   0.1480   0.0337   0.0807
  0.0186  -0.0598   0.0513   0.1468   0.0395   0.0849
  0.0225  -0.0990   0.0576   0.1173   0.0408   0.0978
  0.0136  -0.0955   0.0141   0.1693   0.0097   0.0914
 -0.0019  -0.0748   0.0314   0.0793   0.0378   0.0679
  0.0124  -0.0599   0.0566   0.1499   0.0446   0.0874
  0.0184  -0.0925   0.0689   0.1354   0.0496   0.0801
  0.0026  -0.0915   0.0619   0.1401   0.0502   0.0940
  0.0261  -0.0864   0.0823   0.0905   0.0502   0.0869
  0.0232  -0.0915   0.0648   0.1056   0.0495   0.0656
  0.0370  -0.0479   0.0234   0.2763   0.0093   0.0510
  0.0105  -0.1025   0.0161   0.0387   0.0513   0.0683
  0.0183  -0.0943   0.0275   0.0325   0.0428   0.0633
  0.0240  -0.0950   0.0197   0.0445   0.0297   0.0684
  0.0317  -0.0654   0.0325   0.0822   0.0289   0.0699
  0.0294  -0.0842   0.0441   0.1317   0.0323   0.0629
  0.0266  -0.1258   0.0511   0.0999   0.0302   0.0627
  0.0385  -0.0821   0.0223   0.1539   0.0180   0.0737
  0.0185  -0.0977   0.0182   0.0619   0.0289   0.0753
  0.0166  -0.0914   0.0471   0.0517   0.0385   0.0671
  0.0122  -0.0848   0.0509   0.0692   0.0347   0.0689
  0.0251  -0.0971   0.0656   0.0527   0.0522   0.0715
  0.0270  -0.1032   0.0712   0.0034   0.0507   0.0801
  0.0194  -0.0841   0.1000   0.0933   0.0527   0.0389
  0.0606  -0.0887   0.1413   0.0895   0.0441   0.0333
  0.0552  -0.1032   0.1452   0.0888   0.0450   0.0529
  0.0475  -0.1093   0.1191   0.0869   0.0431   0.0549
  0.0449  -0.1224   0.1264   0.0449   0.0474   0.0658
  0.0334  -0.1375   0.1092   0.0224   0.0463   0.0379
  0.0345  -0.1587   0.1136   0.0187   0.0440   0.0380
  0.0712  -0.1309   0.0821   0.2029   0.0078   0.0368
  0.0440  -0.1239   0.1119   0.0679   0.0414   0.0401
  0.0338  -0.0812   0.0912   0.1164   0.0310   0.0547
  0.0309  -0.1217   0.0913   0.0834   0.0281   0.0340
  0.0194  -0.1240   0.0133   0.0295   0.0196   0.0558
  0.0075  -0.1504   0.0303  -0.0087   0.0039   0.0569
  0.0226  -0.1149   0.0492   0.1147   0.0152   0.0487
  0.0248  -0.1100   0.0734   0.0482   0.0182   0.0342
  0.0213  -0.1280   0.0772   0.0484   0.0170   0.0601
  0.0008  -0.1362   0.0718  -0.0274   0.0198   0.0726
 -0.0163  -0.0517   0.0180   0.1863  -0.0083   0.0322
 -0.0274  -0.0511  -0.0387   0.0833   0.0183   0.0668
 -0.0128  -0.0698  -0.0042   0.1586   0.0153   0.0577
 -0.0127  -0.0724   0.0198   0.0774   0.0142   0.0333
 -0.0245  -0.0421   0.0009   0.0499   0.0257   0.0520
 -0.0249  -0.0701   0.0207   0.0993   0.0263   0.0675
 -0.0034  -0.0850   0.0229   0.0753   0.0077   0.0454
  0.0015  -0.0725   0.0185   0.0495   0.0069   0.0459
  0.0184  -0.0647   0.0202   0.0686   0.0045   0.0636
  0.0016  -0.0558   0.0005   0.1562  -0.0009   0.0445
  0.0172  -0.0755   0.0291   0.0619  -0.0039   0.0379
  0.0051  -0.0687   0.0374   0.0526   0.0068   0.0584
  0.0183  -0.0661   0.0358   0.1172   0.0030   0.0441
  0.0126  -0.0740   0.0329   0.0968  -0.0025   0.0338
  0.0027  -0.0608   0.0405   0.0366   0.0038   0.0434
 -0.0151  -0.0519   0.0189   0.1703   0.0128   0.0486
 -0.0075  -0.0894   0.0278   0.0286   0.0034   0.0273
  0.0125  -0.0534   0.0326   0.0373  -0.0057   0.0421
  0.0071  -0.0378   0.0283   0.1418  -0.0032   0.0433
  0.0038  -0.0401   0.0440   0.1002  -0.0002   0.0385
  0.0102  -0.0322   0.0591   0.1188   0.0018   0.0265
  0.0175  -0.0549   0.0721   0.1223  -0.0060   0.0224
  0.0019  -0.0589   0.0768  -0.0071  -0.0124   0.0469
  0.0154  -0.1263   0.0115  -0.0139  -0.0214   0.0178
 -0.0026  -0.0209   0.0349   0.0449  -0.0006   0.0279
  0.0032  -0.0385   0.0337   0.1206  -0.0257   0.0203
  0.0119  -0.0455   0.0355   0.1008  -0.0208   0.0043
  0.0143  -0.0378   0.0612   0.0716  -0.0118   0.0277
  0.0107  -0.0335   0.0573   0.0723  -0.0119   0.0358
  0.0164  -0.0231   0.0572   0.1440  -0.0137   0.0180
 -0.0036  -0.0085   0.0164   0.1211  -0.0016   0.0162
 -0.0058   0.0204   0.0356   0.0980   0.0078   0.0456
 -0.0011   0.0413   0.0527   0.1579   0.0110   0.0445
  0.0187   0.0205   0.0792   0.1395   0.0058   0.0216
  0.0082   0.0174   0.0710   0.1445   0.0129   0.0144
  0.0032   0.0254   0.0704   0.1364   0.0079   0.0191
 -0.0030   0.0088   0.0308   0.1012   0.0117   0.0006
 -0.0138   0.0186  -0.0172   0.0087   0.0087   0.0318
 -0.0078  -0.0368   0.0059  -0.0109   0.0138   0.0221
 -0.0177   0.0196   0.0267   0.0028   0.0094  -0.0036
 -0.0148   0.0409   0.0337   0.0689   0.0048   0.0015
 -0.0121   0.0352   0.0618   0.0020   0.0066   0.0082
 -0.0016   0.0423   0.0822   0.0195   0.0154   0.0045
 -0.0088   0.0312   0.0771   0.0029   0.0200   0.0068
  0.0131   0.0192   0.0785   0.0648   0.0132  -0.0146
  0.0109   0.0420   0.0899   0.0164   0.0083   0.0034
  0.0077   0.0208   0.0604   0.0588   0.0042   0.0309
  0.0125  -0.0433   0.0565  -0.0318   0.0054   0.0050
  0.0001  -0.0091   0.0650  -0.0046   0.0176   0.0206
 -0.0124   0.0017   0.0485   0.1296   0.0047  -0.0015
 -0.0319   0.0236   0.0472   0.0146   0.0126   0.0155
 -0.0077   0.0246   0.0472   0.1149   0.0148  -0.0039
  0.0005   0.0065   0.0736   0.0179   0.0101  -0.0037
 -0.0070   0.0277   0.0552   0.0519   0.0117   0.0211
  0.0089  -0.0124   0.0572   0.1014   0.0049   0.0044
  0.0134   0.0009   0.0803   0.0537   0.0081  -0.0150
  0.0109   0.0176   0.0761   0.0141   0.0050   0.0008
  0.0108  -0.0339   0.0513   0.0431   0.0022   0.0111
  0.0128  -0.0271   0.0562   0.1276  -0.0062  -0.0145
 -0.0432  -0.0112   0.0343   0.0037   0.0192  -0.0015
 -0.0150  -0.0035   0.0265   0.0612   0.0111   0.0096
 -0.0150  -0.0246   0.0372   0.0431   0.0142  -0.0031
 -0.0164  -0.0243   0.0667   0.0009   0.0184  -0.0020
 -0.0174  -0.0273   0.0526  -0.0355   0.0127   0.0182
 -0.0080  -0.0009   0.0482   0.0294   0.0166   0.0084
 -0.0108  -0.0154   0.0469   0.0331   0.0119  -0.0161
 -0.0145  -0.0025   0.0666  -0.0027   0.0135  -0.0053
  0.0036   0.0132   0.0457   0.0627   0.0055  -0.0108
 -0.0096  -0.0011   0.0545  -0.0154   0.0159  -0.0204
 -0.0125  -0.0107   0.0766  -0.0541   0.0240  -0.0182
 -0.0055   0.0145   0.0721  -0.0495   0.0300  -0.0068
 -0.0017   0.0167   0.0693  -0.0044   0.0218  -0.0077
 -0.0264  -0.0192   0.0401  -0.0084   0.0253   0.0101
 -0.0161   0.0099   0.0552  -0.0421  -0.0020  -0.0249
  0.0024   0.0092   0.0720  -0.0827   0.0178  -0.0470
 -0.0065  -0.0007   0.0949  -0.0722   0.0332  -0.0088
  0.0017   0.0096   0.0901  -0.0262   0.0337  -0.0044
 -0.0205  -0.0050   0.0927  -0.0396   0.0328  -0.0143
 -0.0181   0.0050   0.0929  -0.0240   0.0381  -0.0096
 -0.0322  -0.0124   0.0865  -0.1048   0.0293  -0.0141
 -0.0278  -0.0313   0.0647  -0.1282   0.0237  -0.0098
 -0.0486  -0.0117   0.0144  -0.2340   0.0389  -0.0080
 -0.0428  -0.0328   0.0408  -0.0547   0.0309  -0.0263
 -0.0358  -0.0250   0.0674  -0.1442   0.0353  -0.0223
 -0.0321   0.0324   0.0750   0.0064   0.0317  -0.0192
 -0.0324   0.0086   0.0929  -0.1129   0.0391  -0.0230
 -0.0102  -0.0431   0.0610  -0.1242   0.0266  -0.0172
  0.0049  -0.0430   0.0586  -0.1043   0.0251  -0.0321
 -0.0102  -0.0064   0.0507  -0.0657   0.0046  -0.0236
 -0.0202  -0.0079   0.0667  -0.0963   0.0244  -0.0116
 -0.0251   0.0041   0.0714  -0.0748   0.0216   0.0041
 -0.0175  -0.0101   0.0553  -0.0503   0.0219  -0.0095
 -0.0154  -0.0307   0.0707  -0.0719   0.0152  -0.0290
 -0.0161  -0.0321   0.0544  -0.1264   0.0199   0.0097
  0.0367  -0.0301   0.0892   0.4630  -0.0383  -0.0504
  0.0458   0.0449  -0.0614   0.2301  -0.0709  -0.0193
  0.0690   0.0120  -0.0540   0.0717  -0.0229  -0.0370
  0.0363  -0.0186  -0.0437   0.0110  -0.0253  -0.0355
  0.0089   0.0245  -0.0435   0.0585  -0.0153  -0.0242
 -0.0108   0.0051  -0.0107   0.0063  -0.0180  -0.0240
  0.0041   0.0230  -0.0072   0.1232  -0.0200  -0.0237
  0.0069   0.0320   0.0069   0.0068  -0.0155  -0.0198
  0.0302  -0.0107  -0.0413   0.0571  -0.0460  -0.0081
  0.0241  -0.0224  -0.0465  -0.0295  -0.0361  -0.0532
 -0.0160   0.0056  -0.0412  -0.0892  -0.0198  -0.0276
  0.0058   0.0260  -0.0243  -0.0544  -0.0108  -0.0202
  0.0173   0.0264  -0.0214  -0.0337  -0.0169  -0.0260
  0.0236  -0.0389  -0.0727  -0.0800  -0.0432  -0.0082
  0.0115  -0.0701  -0.0877  -0.1561  -0.0304  -0.0465
  0.0023  -0.0009  -0.0837  -0.1674  -0.0320  -0.0311
  0.0198  -0.0278  -0.0961  -0.1396  -0.0459  -0.0130
 -0.0013  -0.0060  -0.0890  -0.0990  -0.0445  -0.0609
  0.0003   0.0423  -0.0710  -0.0764  -0.0317  -0.0297
  0.0019   0.0312  -0.0680   0.0119  -0.0525  -0.0369
  0.0064   0.0318  -0.0556  -0.0289  -0.0441  -0.0414
  0.0229   0.0112  -0.0447  -0.0049  -0.0507  -0.0517
  0.0046   0.0470  -0.0660  -0.0592  -0.0285  -0.0293
 -0.0007   0.0338  -0.0512  -0.0371  -0.0157  -0.0498
 -0.0179   0.0347  -0.0378  -0.0535  -0.0206  -0.0489
  0.0085   0.0457  -0.0272  -0.0394  -0.0289  -0.0306
  0.0069   0.0634  -0.0460  -0.0402  -0.0348  -0.0271
  0.0106   0.0867  -0.0398  -0.0232  -0.0293  -0.0469
  0.0462   0.1786  -0.0763  -0.0857  -0.0435  -0.0645
  0.0156   0.1346  -0.0357  -0.0846  -0.0205  -0.0619
  0.0135   0.1223  -0.0165  -0.0753  -0.0204  -0.0583
  0.0086   0.1209  -0.0440  -0.0355  -0.0356  -0.0522
 -0.0110   0.1040  -0.0603  -0.0725  -0.0197  -0.0719
 -0.0034   0.1171  -0.0549   0.0189  -0.0243  -0.0617
 -0.0218   0.0469  -0.0553  -0.1627  -0.0188  -0.0507
 -0.0165   0.0645  -0.0881  -0.0218  -0.0172  -0.0494
 -0.0253   0.0785  -0.0672  -0.0941  -0.0144  -0.0571
 -0.0365   0.1098  -0.0863  -0.0114  -0.0158  -0.0464
 -0.0332   0.1009  -0.0737  -0.0797  -0.0160  -0.0639
 -0.0399   0.1022  -0.0707  -0.1138  -0.0191  -0.0563
 -0.0130   0.0840  -0.0603  -0.0322  -0.0210  -0.0304
 -0.0116   0.0774  -0.0696  -0.0452  -0.0281  -0.0691
 -0.0121   0.1053  -0.0868  -0.1121  -0.0315  -0.0423
 -0.0265   0.1053  -0.0376  -0.1089  -0.0173  -0.0390
  0.0021   0.0775  -0.0336  -0.0795  -0.0334  -0.0380
  0.0307   0.0428   0.0012  -0.0354  -0.0336  -0.0634
  0.0103   0.0642  -0.0212  -0.1415  -0.0312  -0.0605
 -0.0026   0.0719  -0.0468  -0.1544  -0.0348  -0.0595
  0.0011   0.0122  -0.0810  -0.1950  -0.0343  -0.0613
 -0.0285   0.0278  -0.0604  -0.2126  -0.0209  -0.0441
 -0.0125   0.0424  -0.0539  -0.1249  -0.0191  -0.0513
 -0.0062   0.0370  -0.0690  -0.1288  -0.0414  -0.0611
 -0.0287   0.0460  -0.0643  -0.2021  -0.0193  -0.0566
 -0.0175   0.0816  -0.0728  -0.1947  -0.0210  -0.0449
 -0.0214   0.0709  -0.0732  -0.1618  -0.0190  -0.0398
 -0.0095   0.0634  -0.0760  -0.1546  -0.0274  -0.0482
 -0.0143   0.0610  -0.0783  -0.0908  -0.0324  -0.0621
 -0.0195   0.0641  -0.0753  -0.1845  -0.0243  -0.0597
 -0.0212   0.0540  -0.0743  -0.1647  -0.0205  -0.0426
 -0.0162   0.0464  -0.0699  -0.1488  -0.0218  -0.0452
 -0.0202   0.0153  -0.0910  -0.2149  -0.0358  -0.0683
 -0.0225   0.0462  -0.0871  -0.2229  -0.0412  -0.0567
 -0.0274   0.0676  -0.0943  -0.1737  -0.0279  -0.0438
 -0.0301   0.0598  -0.0912  -0.0771  -0.0301  -0.0574
 -0.0162   0.0751  -0.0932  -0.1072  -0.0295  -0.0622
 -0.0170   0.0858  -0.0903  -0.1161  -0.0313  -0.0593
 -0.0096   0.0779  -0.0811  -0.1169  -0.0321  -0.0476
 -0.0113   0.0859  -0.0803  -0.1146  -0.0288  -0.0497
 -0.0061   0.0815  -0.0863  -0.0004  -0.0182  -0.0365
 -0.0209   0.0837  -0.0841  -0.0552  -0.0169  -0.0550
 -0.0040   0.0746  -0.1341  -0.3103  -0.0351  -0.0330
 -0.0069   0.0151  -0.2187  -0.0908  -0.0461  -0.0597
 -0.0103   0.0475  -0.2012  -0.1784  -0.0281  -0.0443
 -0.0053   0.0972  -0.1734   0.0272  -0.0298  -0.0457
 -0.0169   0.1016  -0.1519  -0.1276  -0.0260  -0.0463
 -0.0259   0.1065  -0.1494  -0.0617  -0.0236  -0.0513
 -0.0115   0.0947  -0.1453  -0.0875  -0.0355  -0.0601
 -0.0134   0.1230  -0.1403  -0.1099  -0.0364  -0.0431
 -0.0198   0.0943  -0.1504  -0.0545  -0.0329  -0.0449
 -0.0095   0.1126  -0.1627  -0.0475  -0.0388  -0.0584
 -0.0062   0.1119  -0.1523  -0.0834  -0.0352  -0.0414
 -0.0112   0.1026  -0.1492  -0.0905  -0.0299  -0.0449
 -0.0287   0.1061  -0.1063  -0.0887  -0.0110  -0.0546
 -0.0372   0.1173  -0.1083  -0.1074  -0.0137  -0.0329
 -0.0246   0.0935  -0.1151  -0.0935  -0.0227  -0.0601
 -0.0122   0.1207  -0.1112  -0.1194  -0.0286  -0.0543
 -0.0250   0.1429  -0.1272  -0.0966  -0.0213  -0.0419
 -0.0266   0.1238  -0.1155  -0.0868  -0.0298  -0.0485
 -0.0134   0.1384  -0.1196  -0.0541  -0.0331  -0.0577
 -0.0235   0.1338  -0.1174  -0.0666  -0.0354  -0.0499
 -0.0185   0.1257  -0.1233  -0.1360  -0.0371  -0.0479
 -0.0135   0.1374  -0.1248  -0.0736  -0.0399  -0.0422
 -0.0132   0.0926  -0.1245  -0.1857  -0.0362  -0.0569
 -0.0297   0.1334  -0.1277  -0.1585  -0.0276  -0.0514
 -0.0194   0.1310  -0.1269  -0.0993  -0.0333  -0.0554
 -0.0168   0.1460  -0.1307  -0.1393  -0.0445  -0.0797
