 -0.0974   0.2613   0.0965  -0.4491   0.0419   0.0853
 -0.0958   0.2977   0.0878  -0.3569   0.0406   0.0566
 -0.0883   0.3139   0.0764  -0.3572   0.0321   0.0806
 -0.1122   0.2929   0.0958  -0.2675   0.0256   0.0504
 -0.1414   0.2696   0.1117  -0.2249  -0.0011   0.0516
 -0.1372   0.2603   0.1283  -0.2209  -0.0069   0.0220
 -0.1374   0.2306   0.1341  -0.2257  -0.0135   0.0516
 -0.1195   0.2253   0.1147  -0.1830   0.0021   0.0309
 -0.1240   0.2284   0.1198  -0.1739  -0.0021   0.0564
 -0.1252   0.2317   0.1230  -0.1848  -0.0105   0.0392
 -0.1503   0.2070   0.1187  -0.2159  -0.0279   0.0701
 -0.1273   0.2232   0.0962  -0.2008  -0.0024   0.0495
 -0.1373   0.2419   0.0803  -0.1837  -0.0135   0.0268
 -0.1424   0.2127   0.0841  -0.1877  -0.0359   0.0538
 -0.1409   0.2115   0.0764  -0.1926  -0.0163   0.0386
 -0.1274   0.2353   0.0714  -0.1946  -0.0136   0.0440
 -0.1217   0.2545   0.0666  -0.1886  -0.0118   0.0341
 -0.1221   0.2793   0.0834  -0.1909  -0.0361   0.0328
 -0.1064   0.3819   0.0675  -0.3128  -0.0090   0.0118
 -0.1067   0.2115   0.1019  -0.1425  -0.0180   0.0085
 -0.1133   0.2202   0.0821  -0.1870  -0.0103   0.0303
 -0.1143   0.2319   0.0708  -0.1832  -0.0095   0.0281
 -0.1191   0.2246   0.0615  -0.1319  -0.0268   0.0133
 -0.1240   0.2302   0.0787  -0.1209  -0.0399   0.0070
 -0.1294   0.2223   0.0774  -0.0787  -0.0456   0.0260
 -0.1310   0.1795   0.0708  -0.1276  -0.0577   0.0379
 -0.1413   0.2098   0.0599  -0.0791  -0.0540  -0.0073
 -0.1235   0.2329  -0.0099  -0.0930  -0.0446   0.0148
 -0.1034   0.1960   0.0002  -0.1109  -0.0083  -0.0106
 -0.1049   0.1890   0.0100  -0.1107  -0.0133  -0.0210
 -0.0979   0.2155   0.0133  -0.0952  -0.0019  -0.0153
 -0.0969   0.2021   0.0110  -0.0977  -0.0138   0.0218
 -0.0835   0.1878   0.0080  -0.1368  -0.0053  -0.0020
 -0.0777   0.2066   0.0171  -0.0650  -0.0093  -0.0086
 -0.0602   0.2385   0.0055  -0.1008  -0.0085   0.0160
 -0.0607   0.2412   0.0017  -0.0826  -0.0022  -0.0113
 -0.0701   0.2290  -0.0159  -0.0915  -0.0043  -0.0262
 -0.0799   0.2136  -0.0147  -0.0591  -0.0198  -0.0546
 -0.0938   0.1802  -0.0011  -0.0826  -0.0364  -0.0125
 -0.0794   0.1737   0.0014  -0.1046  -0.0366  -0.0047
 -0.0631   0.1846   0.0035  -0.0176  -0.0319  -0.0338
 -0.0720   0.1950   0.0081  -0.0259  -0.0368   0.0087
 -0.0659   0.1886  -0.0157  -0.0966  -0.0112  -0.0144
 -0.0663   0.2079  -0.0246  -0.1100  -0.0169  -0.0172
 -0.0363   0.1758  -0.0349  -0.1157   0.0442  -0.0364
 -0.0324   0.1395  -0.0535  -0.1194   0.0497  -0.0441
 -0.0311   0.1415  -0.0257  -0.1076   0.0440  -0.0557
 -0.0377   0.1295  -0.0037  -0.1471   0.0576  -0.0262
 -0.0258   0.1478   0.0174  -0.1096   0.0359  -0.0325
 -0.0241   0.1575   0.0199  -0.0721   0.0333  -0.0316
 -0.0173   0.1522   0.0126  -0.0490   0.0342  -0.0513
 -0.0323   0.1468   0.0262  -0.0353   0.0007  -0.0454
 -0.0343   0.1719   0.0181  -0.0480  -0.0018  -0.0088
 -0.0314   0.1676   0.0314  -0.0159  -0.0109  -0.0736
 -0.0410   0.1653   0.0204  -0.0251  -0.0226  -0.0464
 -0.0421   0.3350  -0.0118  -0.1644  -0.0282   0.0542
 -0.0201   0.1262  -0.0111  -0.0153  -0.0069  -0.0377
  0.0058   0.0323  -0.0190   0.1796   0.0002  -0.1168
  0.0140   0.0613  -0.0098   0.1431  -0.0124  -0.0447
  0.0051   0.0544   0.0008   0.1753  -0.0253  -0.0495
 -0.0067   0.0850  -0.0010   0.1332  -0.0268  -0.0289
 -0.0083   0.0908  -0.0220   0.0793  -0.0100  -0.0394
 -0.0117   0.0869  -0.0196   0.0676  -0.0077  -0.0592
 -0.0181   0.0758   0.0075   0.0902  -0.0228  -0.0593
 -0.0181   0.0733   0.0148   0.1123  -0.0293  -0.0485
 -0.0188   0.0873   0.0060   0.1335  -0.0150  -0.0737
 -0.0266   0.0391  -0.0088   0.1135  -0.0107  -0.0409
 -0.0285   0.0440  -0.0353   0.1163  -0.0117  -0.0639
 -0.0292   0.0455  -0.0195   0.1811  -0.0214  -0.0973
 -0.0311   0.0042  -0.0023   0.2102  -0.0383  -0.0966
 -0.0375  -0.0442   0.0057   0.1771  -0.0338  -0.0299
 -0.0173  -0.0435   0.0030   0.2512  -0.0257  -0.1064
  0.0037  -0.0493   0.0058   0.2899  -0.0216  -0.1315
  0.0216  -0.0255   0.0100   0.2183  -0.0199  -0.0418
  0.0324  -0.0385  -0.0057   0.1763  -0.0148  -0.0811
  0.0186  -0.0380  -0.0007   0.1815  -0.0362  -0.0380
 -0.0099  -0.0131  -0.0063   0.1862  -0.0583  -0.0855
 -0.0017   0.0136  -0.0206   0.1575  -0.0347  -0.0697
  0.0038  -0.0066  -0.0140   0.2038  -0.0308  -0.1007
 -0.0052  -0.0113  -0.0104   0.2278  -0.0268  -0.1196
 -0.0058   0.0157  -0.0228   0.1940  -0.0215  -0.0880
  0.0049   0.0233  -0.0369   0.1970   0.0021  -0.1251
  0.0483  -0.0389  -0.0545   0.1541   0.0717  -0.1008
  0.0668  -0.0613  -0.0362   0.1718   0.0659  -0.0922
  0.0603  -0.0728  -0.0488   0.1137   0.0426  -0.0576
  0.0983  -0.1163  -0.1099   0.0858   0.0812  -0.0524
  0.0912  -0.1749  -0.1152   0.1446   0.0582  -0.0627
  0.0926  -0.1988  -0.0668   0.1079   0.0350  -0.0192
  0.0998  -0.2759  -0.0697   0.1210   0.0313   0.0095
  0.1031  -0.3524  -0.0510   0.1780   0.0297   0.0162
  0.1143  -0.2909  -0.0588   0.1978   0.0381  -0.0026
  0.1658  -0.4394  -0.1424   0.0693   0.1176   0.0652
  0.1869  -0.8623  -0.1916   0.0118   0.1406   0.2879
  0.1339  -0.6251  -0.2209  -0.0883   0.0727   0.2502
  0.1078  -0.4836  -0.1730  -0.1213   0.0554   0.2333
  0.1244  -0.4290  -0.1262   0.0614   0.0377   0.1046
  0.1337  -0.3989  -0.0764   0.0616   0.0211   0.1243
  0.1495  -0.4035  -0.0498   0.1116   0.0258   0.0931
  0.1437  -0.4033  -0.0429   0.0523   0.0094   0.1373
  0.1457  -0.4085  -0.0375   0.0700  -0.0054   0.0866
  0.1417  -0.3498  -0.0407   0.1138   0.0129   0.0561
  0.1451  -0.3880  -0.0313   0.1036   0.0438   0.1005
  0.1387  -0.3879  -0.0329   0.0935   0.0269   0.0815
  0.1444  -0.3866  -0.0613   0.0883   0.0550   0.0728
  0.1597  -0.4091  -0.0925   0.0370   0.0577   0.0909
  0.1475  -0.4204  -0.0647   0.0576   0.0207   0.0418
  0.1461  -0.4418  -0.0429   0.0819   0.0035   0.0373
  0.1711  -0.3954  -0.0336   0.1063  -0.0053   0.0210
  0.1737  -0.3836  -0.0425   0.1060   0.0097   0.0287
  0.1768  -0.3617  -0.0261   0.1450   0.0039  -0.0147
  0.1844  -0.3637  -0.0266   0.1326   0.0037   0.0337
  0.1960  -0.3800  -0.0070   0.1732   0.0053   0.0124
  0.1997  -0.3787  -0.0098   0.1426  -0.0005   0.0002
  0.2061  -0.3874  -0.0083   0.1331   0.0014   0.0289
  0.2032  -0.3467   0.0003   0.1284  -0.0105   0.0152
  0.1986  -0.3462  -0.0079   0.0815  -0.0230   0.0375
  0.1845  -0.3500  -0.0311   0.0912  -0.0352   0.0035
  0.1847  -0.3392  -0.0216   0.2103  -0.0349  -0.0297
  0.1807  -0.2553  -0.0462   0.2567  -0.0339  -0.0731
  0.1373  -0.1438  -0.0341   0.0698  -0.0339   0.0154
