  0.0944  -0.3508   0.1372   0.1742   0.0077   0.2143
  0.1239  -0.3437   0.0846   0.1494  -0.0477   0.1178
  0.1139  -0.2942   0.0059   0.0596  -0.0563   0.1151
  0.1148  -0.2600  -0.0120   0.0378  -0.0649   0.0761
  0.1081  -0.3055   0.0274   0.0806  -0.0660   0.0601
  0.0904  -0.3221   0.0214   0.0778  -0.0597   0.0549
  0.0890  -0.3388   0.0157   0.0795  -0.0597   0.0555
  0.0654  -0.3057   0.0153   0.1142  -0.0444   0.0516
  0.0675  -0.2867   0.0211   0.1140  -0.0408   0.0561
  0.0698  -0.3318   0.0125   0.1037  -0.0491   0.0503
  0.0628  -0.2945   0.0188   0.1087  -0.0446   0.0462
  0.0671  -0.3154   0.0958   0.1334  -0.0457   0.0488
  0.0445  -0.3506   0.0496   0.1509  -0.0460   0.0364
  0.0325  -0.3239   0.0629   0.1333  -0.0746   0.0378
  0.0511  -0.3501   0.0799   0.1406  -0.0801   0.0270
  0.0516  -0.3459   0.0654   0.1424  -0.0630   0.0327
  0.0485  -0.3362   0.0552   0.1537  -0.0610   0.0290
  0.0389  -0.3439   0.0557   0.1412  -0.0532   0.0336
  0.0456  -0.3618   0.0520   0.1234  -0.0582   0.0452
  0.0521  -0.3526   0.0479   0.1238  -0.0509   0.0409
  0.0610  -0.3544   0.0497   0.1395  -0.0522   0.0373
  0.0630  -0.3413   0.0400   0.1413  -0.0479   0.0315
  0.0496  -0.3435   0.0519   0.1229  -0.0318   0.0378
  0.0482  -0.3516   0.0306   0.1099  -0.0334   0.0353
  0.0524  -0.3400   0.0394   0.1307  -0.0398   0.0392
  0.0537  -0.3423   0.0403   0.1356  -0.0435   0.0327
  0.0496  -0.3567   0.0405   0.1290  -0.0401   0.0267
  0.0553  -0.3634   0.0389   0.1281  -0.0379   0.0220
  0.0464  -0.3528   0.0347   0.0994  -0.0358   0.0437
  0.0474  -0.3396   0.0375   0.1135  -0.0388   0.0373
  0.0448  -0.3396   0.0395   0.1152  -0.0354   0.0386
  0.0383  -0.3377   0.0472   0.1067  -0.0304   0.0342
  0.0394  -0.3466   0.0468   0.1060  -0.0286   0.0340
  0.0444  -0.3301   0.0466   0.0920  -0.0298   0.0370
  0.0421  -0.3265   0.0508   0.0730  -0.0430   0.0473
  0.0520  -0.3262   0.0697   0.1284  -0.0478   0.0333
  0.0383  -0.3271   0.0635   0.1302  -0.0422   0.0304
  0.0299  -0.3245   0.0644   0.1016  -0.0397   0.0349
  0.0301  -0.3370   0.0682   0.1068  -0.0284   0.0378
  0.0313  -0.3250   0.0616   0.1035  -0.0255   0.0315
  0.0199  -0.3107   0.0641   0.1080  -0.0290   0.0261
  0.0152  -0.3179   0.0599   0.1074  -0.0344   0.0352
  0.0164  -0.3187   0.0608   0.1051  -0.0379   0.0302
  0.0150  -0.3141   0.0619   0.1053  -0.0354   0.0295
 -0.0043  -0.3157   0.0680   0.1020  -0.0454   0.0398
  0.0601  -0.3941   0.0542   0.0748  -0.0616   0.0396
  0.0359  -0.3525   0.0437   0.0610  -0.0621   0.0408
  0.0210  -0.3418   0.0383   0.0632  -0.0450   0.0436
  0.0295  -0.3383   0.0518   0.0590  -0.0335   0.0466
  0.0221  -0.3248   0.0527   0.0754  -0.0228   0.0388
 -0.0039  -0.3122   0.0431   0.0988  -0.0150   0.0413
  0.0088  -0.3388   0.0539   0.0897  -0.0106   0.0423
  0.0090  -0.3480   0.0574   0.0891  -0.0241   0.0416
  0.0090  -0.3465   0.0509   0.0849  -0.0192   0.0415
  0.0129  -0.3342   0.0460   0.0856  -0.0219   0.0377
  0.0101  -0.3218   0.0464   0.0944  -0.0218   0.0336
  0.0105  -0.3156   0.0422   0.0918  -0.0167   0.0300
  0.0146  -0.3176   0.0407   0.0681  -0.0300   0.0422
  0.0263  -0.3371   0.0407   0.0492  -0.0392   0.0513
  0.0069  -0.3389   0.0419   0.0892  -0.0218   0.0307
 -0.0015  -0.3614   0.0131   0.0791  -0.0245   0.0280
 -0.0206  -0.3367  -0.0168   0.0672  -0.0360   0.0346
 -0.0332  -0.3371  -0.0115   0.0937  -0.0696   0.0375
 -0.0186  -0.3467   0.0022   0.0822  -0.0456   0.0470
 -0.0120  -0.3614   0.0093   0.0704  -0.0353   0.0429
  0.0008  -0.3762   0.0135   0.0642  -0.0333   0.0491
  0.0031  -0.3405   0.0072   0.0659  -0.0315   0.0356
  0.0086  -0.3546  -0.0019   0.0719  -0.0335   0.0376
  0.0032  -0.3708   0.0068   0.0783  -0.0292   0.0326
 -0.0002  -0.3728   0.0084   0.0747  -0.0330   0.0327
 -0.0109  -0.3723   0.0103   0.0628  -0.0225   0.0354
 -0.0062  -0.3766   0.0029   0.0645  -0.0220   0.0387
  0.0012  -0.3643   0.0050   0.0669  -0.0213   0.0374
  0.0103  -0.3417   0.0078   0.0757  -0.0115   0.0332
  0.0057  -0.3383   0.0112   0.0824  -0.0034   0.0301
  0.0000  -0.3502   0.0021   0.0734  -0.0046   0.0245
  0.0067  -0.3256   0.0122   0.0583  -0.0003   0.0230
  0.0086  -0.3053   0.0172   0.0726   0.0047   0.0329
 -0.0098  -0.3230   0.0247   0.0787   0.0042   0.0273
 -0.0020  -0.3372   0.0069   0.0714   0.0019   0.0225
  0.0005  -0.3336   0.0218   0.0673  -0.0045   0.0238
 -0.0009  -0.3268   0.0282   0.0532  -0.0030   0.0413
 -0.0035  -0.3130   0.0278   0.0766  -0.0105   0.0239
 -0.0017  -0.3135   0.0287   0.0683  -0.0040   0.0190
 -0.0085  -0.3166   0.0238   0.0649   0.0120   0.0220
 -0.0066  -0.3353   0.0243   0.0506   0.0181   0.0363
 -0.0003  -0.3389   0.0325   0.0555   0.0048   0.0356
 -0.0135  -0.3407   0.0855   0.0439  -0.0211   0.0663
 -0.0112  -0.3192   0.0784   0.0639  -0.0183   0.0532
  0.0025  -0.3157   0.0484   0.0455  -0.0003   0.0305
  0.0117  -0.3349   0.0415   0.0316   0.0030   0.0364
  0.0042  -0.3519   0.0329   0.0233   0.0115   0.0267
 -0.0004  -0.3440   0.0441   0.0426   0.0116   0.0257
  0.0249  -0.3423   0.0479   0.0423   0.0065   0.0328
  0.0163  -0.3484   0.0447   0.0457   0.0116   0.0382
  0.0007  -0.3544   0.0464   0.0383   0.0182   0.0542
 -0.0067  -0.3834   0.0748   0.0265  -0.0011   0.0707
 -0.0109  -0.3703   0.1066   0.0374  -0.0139   0.0522
  0.0010  -0.3651   0.0721   0.0268   0.0045   0.0523
  0.0117  -0.3561   0.0607   0.0315   0.0015   0.0528
 -0.0071  -0.3493   0.0517   0.0379   0.0269   0.0564
  0.0001  -0.3678   0.0574   0.0188   0.0224   0.0535
  0.0002  -0.3665   0.0588   0.0320   0.0113   0.0506
 -0.0016  -0.3578   0.0575   0.0374   0.0081   0.0459
 -0.0002  -0.3571   0.0634   0.0348   0.0009   0.0440
 -0.0046  -0.3578   0.0617   0.0194   0.0082   0.0614
 -0.0359  -0.3767   0.1091   0.0106  -0.0159   0.0703
 -0.0505  -0.2959   0.1272  -0.0201  -0.0081   0.0887
 -0.0523  -0.3268   0.0708  -0.0319   0.0037   0.0825
 -0.0345  -0.3346   0.0920  -0.0012  -0.0138   0.0745
 -0.0379  -0.2750   0.0664  -0.0091   0.0138   0.0741
 -0.0639  -0.3525   0.1337   0.0032  -0.0224   0.0766
 -0.0625  -0.2922   0.1400  -0.0096  -0.0022   0.0764
 -0.0554  -0.1845   0.0808  -0.0977   0.0096   0.1010
 -0.0669  -0.2526   0.0491  -0.0672   0.0161   0.1108
 -0.0805  -0.2029   0.1064  -0.0976   0.0200   0.1369
  0.0057  -0.2186   0.0259  -0.1319   0.0502   0.1317
 -0.0065  -0.2216  -0.0064  -0.1258   0.0411   0.1278
 -0.0077  -0.1961   0.0020  -0.1091   0.0436   0.1038
  0.0048   0.3792   0.0021  -0.1015   0.0670  -0.0464
 -0.0461   1.0536  -0.0522  -0.0862   0.0868  -0.1612
 -0.0435   1.1392  -0.1159  -0.1441   0.0564  -0.1614
 -0.0418   1.1607  -0.1274  -0.1564   0.0681  -0.1552
 -0.0362   1.1158  -0.0992  -0.1582   0.0672  -0.1386
 -0.0329   1.1272  -0.1044  -0.1464   0.0751  -0.1483
 -0.0308   1.1010  -0.1035  -0.1478   0.0733  -0.1536
 -0.0204   1.1397  -0.1120  -0.1533   0.0716  -0.1622
 -0.0263   1.1931  -0.1162  -0.1480   0.0722  -0.1720
 -0.0273   1.1879  -0.1213  -0.1480   0.0809  -0.1677
 -0.0311   1.1849  -0.1173  -0.1444   0.0873  -0.1622
 -0.0240   1.1806  -0.1160  -0.1451   0.0820  -0.1633
 -0.0339   1.1520  -0.1101  -0.1589   0.0795  -0.1622
 -0.0321   1.1340  -0.1157  -0.1583   0.0719  -0.1709
 -0.0292   1.1652  -0.1080  -0.1500   0.0623  -0.1778
 -0.0831   1.1509  -0.0856  -0.1798   0.0701  -0.1589
 -0.0923   1.1338  -0.0221  -0.1590   0.0504  -0.1494
 -0.0616   1.0345  -0.0985  -0.1937   0.0639  -0.1542
 -0.0434   0.8397  -0.0445  -0.1525   0.0292  -0.1215
 -0.0445   0.8197  -0.0604  -0.1707   0.0330  -0.1125
 -0.0404   0.8232  -0.0694  -0.1751   0.0377  -0.1126
 -0.0467   0.8118  -0.0595  -0.1700   0.0355  -0.1129
 -0.0468   0.7232  -0.0344  -0.1798   0.0198  -0.0870
 -0.0053   0.4604  -0.0451  -0.1792   0.0304  -0.0453
 -0.0149   0.5329  -0.0371  -0.1622   0.0234  -0.0667
 -0.0208   0.5851  -0.0576  -0.1419   0.0347  -0.0877
 -0.0217   0.5888  -0.0718  -0.1330   0.0304  -0.0914
 -0.0512   0.5620  -0.1119  -0.1318   0.0346  -0.0862
 -0.0680   0.5703  -0.1040  -0.1700   0.0463  -0.0705
 -0.0510   0.5761  -0.1192  -0.1525   0.0355  -0.0927
 -0.0342   0.5911  -0.1212  -0.1560   0.0371  -0.0964
 -0.0299   0.5836  -0.1059  -0.1717   0.0089  -0.0723
 -0.0041   0.6648  -0.0886   0.0336  -0.0057  -0.1805
 -0.0034   0.5849  -0.0936  -0.1091   0.0180  -0.1176
  0.0080   0.5564  -0.0818  -0.1488  -0.0056  -0.0911
 -0.0178   0.5789  -0.1031  -0.1089   0.0187  -0.1051
 -0.0140   0.5868  -0.1158  -0.1421   0.0325  -0.0939
 -0.0141   0.5676  -0.1061  -0.1200   0.0360  -0.1028
 -0.0242   0.5505  -0.1205  -0.1481   0.0448  -0.1012
 -0.0248   0.5651  -0.1148  -0.1340   0.0347  -0.1071
 -0.0209   0.5595  -0.1203  -0.1391   0.0395  -0.0834
 -0.0212   0.5545  -0.1154  -0.1286   0.0359  -0.1002
 -0.0266   0.5564  -0.1153  -0.1285   0.0376  -0.1099
 -0.0275   0.5608  -0.1119  -0.1328   0.0379  -0.1068
 -0.0300   0.5631  -0.1119  -0.1471   0.0451  -0.1030
 -0.0325   0.5643  -0.1162  -0.1432   0.0447  -0.0968
 -0.0444   0.5624  -0.1148  -0.1330   0.0502  -0.0947
 -0.0460   0.5620  -0.1209  -0.1219   0.0513  -0.1057
 -0.0480   0.5619  -0.1255  -0.1267   0.0572  -0.1032
 -0.0507   0.5562  -0.1206  -0.1410   0.0580  -0.0914
 -0.0753   0.5707  -0.1079  -0.1672   0.0555  -0.0784
 -0.0563   0.5163  -0.0925  -0.1330   0.0287  -0.0903
 -0.0461   0.5124  -0.1021  -0.1543   0.0275  -0.0866
 -0.0553   0.5289  -0.1011  -0.1280   0.0284  -0.1028
 -0.0469   0.5115  -0.0970  -0.1279   0.0218  -0.0930
 -0.0320   0.4930  -0.1091  -0.1382   0.0212  -0.1016
 -0.0354   0.5043  -0.1013  -0.1358   0.0241  -0.0963
 -0.0387   0.5098  -0.1097  -0.1456   0.0273  -0.0954
 -0.0454   0.5121  -0.1095  -0.1459   0.0258  -0.0897
 -0.0405   0.4933  -0.1195  -0.1716   0.0324  -0.0830
 -0.0481   0.5057  -0.1196  -0.1587   0.0173  -0.0881
