  0.0715  -0.2477   0.3008   0.4056   0.0835   0.1435
  0.0649  -0.2985   0.3025   0.5291   0.1241   0.1408
  0.0676  -0.2463   0.3063   0.4482   0.1161   0.1436
  0.0600  -0.2649   0.2841   0.4952   0.1426   0.1410
  0.0681  -0.2662   0.2977   0.5002   0.1307   0.1501
  0.0697  -0.2239   0.2754   0.4026   0.1043   0.1443
  0.0672  -0.2514   0.2922   0.4835   0.1351   0.1398
  0.0812  -0.2403   0.3143   0.4580   0.1066   0.1360
  0.0691  -0.2207   0.2880   0.3866   0.1225   0.1439
  0.0647  -0.2896   0.3100   0.5118   0.1402   0.1406
  0.0663  -0.2080   0.2835   0.3780   0.1046   0.1349
  0.0666  -0.2405   0.2831   0.4785   0.1384   0.1353
  0.0636  -0.2181   0.2840   0.4277   0.1265   0.1358
  0.0666  -0.2498   0.2780   0.4907   0.1387   0.1337
  0.0751  -0.2312   0.2973   0.4802   0.1467   0.1314
  0.0713  -0.2112   0.2713   0.3888   0.1347   0.1408
  0.0731  -0.2439   0.2875   0.4642   0.1488   0.1443
  0.0775  -0.2184   0.2845   0.4371   0.1412   0.1381
  0.0692  -0.2254   0.2623   0.3998   0.1540   0.1380
  0.0842  -0.2258   0.2982   0.4459   0.1650   0.1354
  0.0786  -0.1814   0.2521   0.3397   0.1577   0.1341
  0.0813  -0.2214   0.2648   0.4373   0.1992   0.1312
  0.0816  -0.1702   0.2685   0.3931   0.1956   0.1177
  0.0871  -0.1643   0.2609   0.3272   0.1903   0.1035
  0.0914  -0.1956   0.2696   0.3967   0.2245   0.1045
  0.1000  -0.1637   0.2839   0.3770   0.1993   0.0966
  0.0938  -0.1568   0.2608   0.3075   0.2017   0.1022
  0.1027  -0.1804   0.2722   0.3755   0.2086   0.1063
  0.1150  -0.1655   0.2806   0.3620   0.1761   0.1040
  0.0988  -0.1425   0.2641   0.2718   0.1722   0.1099
  0.1013  -0.1779   0.2664   0.3340   0.1828   0.1133
  0.1123  -0.1815   0.2817   0.3404   0.1626   0.1150
  0.1071  -0.1625   0.2644   0.2855   0.1749   0.1041
  0.1075  -0.1941   0.2868   0.3567   0.1973   0.1033
  0.1131  -0.1719   0.2885   0.2740   0.1618   0.0988
  0.1080  -0.1936   0.2676   0.2603   0.1653   0.0912
  0.1162  -0.1866   0.2929   0.2802   0.1612   0.0897
  0.1208  -0.1600   0.2961   0.2126   0.1393   0.0994
  0.1085  -0.1694   0.2647   0.2411   0.1609   0.1029
  0.1210  -0.1675   0.3000   0.2611   0.1410   0.1008
  0.1187  -0.1452   0.2856   0.1741   0.1288   0.1013
  0.1161  -0.1750   0.2991   0.2773   0.1760   0.1075
  0.1153  -0.1552   0.3048   0.2244   0.1614   0.1022
  0.1125  -0.1455   0.2737   0.2071   0.1675   0.0954
  0.1211  -0.1688   0.2900   0.2489   0.1519   0.0914
  0.1213  -0.1478   0.2809   0.2081   0.1296   0.0845
  0.1111  -0.1452   0.2639   0.1598   0.1236   0.0787
  0.1119  -0.1831   0.2790   0.2517   0.1413   0.0954
  0.1195  -0.1512   0.2854   0.2049   0.1182   0.0890
  0.1057  -0.1448   0.2352   0.1515   0.1075   0.0876
  0.1084  -0.1558   0.2550   0.2222   0.1309   0.0864
  0.1018  -0.1185   0.2543   0.1459   0.1095   0.0930
  0.0937  -0.1208   0.2268   0.1564   0.1330   0.0791
  0.1071  -0.1435   0.2378   0.2121   0.1271   0.0817
  0.1043  -0.1129   0.2371   0.1264   0.0955   0.0901
  0.0997  -0.1114   0.2093   0.1467   0.1352   0.0888
  0.1098  -0.1332   0.2381   0.2003   0.1306   0.0821
  0.1109  -0.1176   0.2405   0.1577   0.1142   0.0727
  0.1099  -0.1130   0.2250   0.1288   0.1235   0.0726
  0.1181  -0.1192   0.2479   0.1799   0.1434   0.0809
  0.1095  -0.0928   0.2336   0.0947   0.1087   0.0813
  0.0956  -0.1052   0.1980   0.1164   0.0904   0.0668
  0.1089  -0.1024   0.2188   0.1499   0.0961   0.0696
  0.1071  -0.0746   0.2067   0.0401   0.1009   0.0789
  0.1136  -0.1079   0.2129   0.1388   0.1170   0.0758
  0.1150  -0.1007   0.2034   0.1272   0.0898   0.0700
  0.1084  -0.0795   0.1842   0.0586   0.0938   0.0719
  0.1095  -0.0847   0.1722   0.1135   0.1173   0.0688
  0.1169  -0.0949   0.1985   0.1256   0.1063   0.0652
  0.1056  -0.0712   0.1834   0.0408   0.0801   0.0628
  0.1087  -0.1152   0.1832   0.1348   0.0955   0.0532
  0.1058  -0.0953   0.1890   0.0625   0.0542   0.0519
  0.1001  -0.0860   0.1730   0.0780   0.0801   0.0514
  0.0942  -0.0825   0.1858   0.0955   0.0836   0.0598
  0.0863  -0.0673   0.1725   0.0292   0.0810   0.0606
  0.0905  -0.0960   0.1734   0.1110   0.0870   0.0550
  0.0873  -0.0681   0.1668   0.0369   0.0586   0.0536
  0.0839  -0.0628   0.1503   0.0440   0.0706   0.0434
  0.0870  -0.0630   0.1709   0.0945   0.0703   0.0521
  0.0818  -0.0431   0.1612   0.0015   0.0651   0.0561
  0.0858  -0.0601   0.1478   0.0689   0.0805   0.0529
  0.0985  -0.0402   0.1583   0.0450   0.0611   0.0455
  0.0881  -0.0306   0.1448  -0.0250   0.0656   0.0531
  0.0897  -0.0428   0.1599   0.0576   0.0780   0.0453
  0.0922  -0.0196   0.1567  -0.0156   0.0556   0.0409
  0.0851  -0.0197   0.1361   0.0169   0.0698   0.0253
  0.0890  -0.0310   0.1453   0.0503   0.0618   0.0311
  0.0922  -0.0139   0.1376  -0.0460   0.0501   0.0358
  0.0926  -0.0292   0.1265  -0.0088   0.0576   0.0307
  0.0856  -0.0273   0.1457   0.0370   0.0491   0.0225
  0.0727  -0.0158   0.1160  -0.0454   0.0177   0.0394
  0.0630  -0.0163   0.0964  -0.0112   0.0147   0.0348
  0.0573  -0.0126   0.1368  -0.0551   0.0018   0.0306
  0.0566   0.0050   0.0899  -0.0395   0.0271   0.0170
  0.0666   0.0253   0.1060  -0.0319   0.0143   0.0179
  0.0659   0.0421   0.1053  -0.1074  -0.0015   0.0398
  0.0709   0.0292   0.0679  -0.0162  -0.0020   0.0390
  0.0684   0.0257   0.0775  -0.0205  -0.0016   0.0345
  0.0699   0.0349   0.0639  -0.1021  -0.0152   0.0326
  0.0705   0.0290   0.0568  -0.0602   0.0112   0.0249
  0.0734   0.0395   0.0624  -0.0264  -0.0056   0.0220
  0.0690   0.0631   0.0498  -0.1003  -0.0080   0.0168
  0.0751   0.0361   0.0619  -0.0112   0.0055   0.0188
  0.0638   0.0519   0.0568  -0.0832  -0.0216   0.0265
  0.0653   0.0375   0.0414  -0.0423   0.0035   0.0224
  0.0665   0.0354   0.0435  -0.0304  -0.0180   0.0262
  0.0580   0.0430   0.0310  -0.0988  -0.0052   0.0246
  0.0663   0.0224   0.0389  -0.0204   0.0074   0.0258
  0.0561   0.0307   0.0534  -0.0309  -0.0148   0.0199
  0.0447   0.0360   0.0445  -0.1109   0.0106   0.0304
  0.0403   0.0058   0.0454  -0.0515   0.0032   0.0242
  0.0399   0.0268   0.0475  -0.0839  -0.0123   0.0241
  0.0233   0.0237   0.0182  -0.0965  -0.0108   0.0303
  0.0262   0.0018   0.0175  -0.0508  -0.0241   0.0318
  0.0221   0.0036   0.0089  -0.1168  -0.0319   0.0426
  0.0287  -0.0163   0.0162  -0.0531  -0.0296   0.0292
  0.0220   0.0028   0.0028  -0.0999  -0.0423   0.0375
  0.0209  -0.0085  -0.0072  -0.0955  -0.0332   0.0363
  0.0212  -0.0475   0.0149  -0.0309  -0.0243   0.0267
  0.0224  -0.0265   0.0160  -0.1227  -0.0345   0.0270
  0.0268  -0.0424   0.0108  -0.0343   0.0236   0.0113
  0.0248  -0.0292   0.0152  -0.0418   0.0077   0.0129
  0.0247  -0.0290   0.0046  -0.1288  -0.0069   0.0163
  0.0166  -0.0355  -0.0073  -0.0802   0.0003   0.0242
  0.0209  -0.0223   0.0180  -0.1014  -0.0291   0.0274
  0.0134  -0.0120  -0.0110  -0.1275  -0.0307   0.0342
  0.0175  -0.0176  -0.0028  -0.0722  -0.0227   0.0317
  0.0185  -0.0099   0.0004  -0.1091  -0.0325   0.0159
  0.0158   0.0092  -0.0032  -0.1524  -0.0003   0.0089
  0.0241  -0.0097   0.0013  -0.1042   0.0011  -0.0014
  0.0187   0.0227  -0.0056  -0.1821  -0.0176   0.0058
  0.0155   0.0207  -0.0165  -0.1629  -0.0019   0.0116
  0.0225  -0.0015  -0.0033  -0.1294   0.0041   0.0120
  0.0175   0.0140  -0.0056  -0.1737  -0.0025   0.0086
  0.0151   0.0163  -0.0264  -0.1758  -0.0049   0.0058
  0.0215  -0.0002  -0.0231  -0.1043   0.0013   0.0023
  0.0132   0.0101  -0.0245  -0.1698  -0.0022   0.0105
  0.0165   0.0113  -0.0424  -0.1429   0.0161   0.0084
  0.0150   0.0036  -0.0288  -0.1218  -0.0022   0.0136
  0.0087   0.0161  -0.0461  -0.1851  -0.0115   0.0107
  0.0048  -0.0067  -0.0520  -0.1050   0.0065   0.0093
  0.0098   0.0160  -0.0492  -0.1689  -0.0196   0.0073
 -0.0006   0.0198  -0.0688  -0.1344   0.0034   0.0092
 -0.0031   0.0085  -0.0536  -0.1065  -0.0047   0.0094
 -0.0147   0.0118  -0.0343  -0.1857   0.0061  -0.0049
 -0.0099  -0.0148  -0.0402  -0.0785   0.0210  -0.0102
 -0.0189   0.0102   0.0026  -0.1635   0.0335  -0.0065
 -0.0095   0.0456  -0.0096  -0.1386   0.0441  -0.0038
 -0.0071   0.0440  -0.0124  -0.1119   0.0136  -0.0195
 -0.0181   0.0564  -0.0274  -0.1974   0.0125  -0.0031
 -0.0106   0.0391  -0.0173  -0.0668   0.0269  -0.0003
 -0.0103   0.0478  -0.0293  -0.1102   0.0114   0.0036
 -0.0086   0.0472  -0.0474  -0.1047   0.0209  -0.0109
 -0.0137   0.0598  -0.0512  -0.1387  -0.0032  -0.0163
 -0.0110   0.0773  -0.0745  -0.1704   0.0120  -0.0130
 -0.0117   0.0528  -0.0560  -0.1233   0.0147  -0.0054
 -0.0117   0.0710  -0.0624  -0.1635   0.0069  -0.0090
 -0.0154   0.0418  -0.0851  -0.0811   0.0254  -0.0105
 -0.0181   0.0743  -0.0667  -0.1705   0.0007  -0.0190
 -0.0193   0.0615  -0.0684  -0.1226   0.0054  -0.0241
 -0.0258   0.0686  -0.0654  -0.1393  -0.0097  -0.0183
 -0.0308   0.0706  -0.0789  -0.1655  -0.0119  -0.0149
 -0.0245   0.0802  -0.0633  -0.1311  -0.0034  -0.0147
 -0.0230   0.0873  -0.0709  -0.1571   0.0005  -0.0109
 -0.0217   0.0661  -0.0719  -0.0914   0.0098  -0.0057
 -0.0220   0.0788  -0.0670  -0.1298  -0.0033  -0.0279
 -0.0313   0.0909  -0.0707  -0.1820   0.0031  -0.0371
 -0.0298   0.0736  -0.0718  -0.1045  -0.0087  -0.0320
 -0.0291   0.1037  -0.0820  -0.1805  -0.0243  -0.0225
 -0.0324   0.0966  -0.1051  -0.1513  -0.0287  -0.0184
 -0.0271   0.0997  -0.0979  -0.1383  -0.0482  -0.0231
 -0.0263   0.1088  -0.0906  -0.2160  -0.0333  -0.0331
 -0.0253   0.0897  -0.0903  -0.1363  -0.0247  -0.0229
 -0.0185   0.1052  -0.0980  -0.1903  -0.0611  -0.0383
 -0.0249   0.1104  -0.1035  -0.1616  -0.0403  -0.0405
 -0.0274   0.1097  -0.0915  -0.1594  -0.0584  -0.0283
 -0.0303   0.1132  -0.1083  -0.1860  -0.0525  -0.0358
 -0.0294   0.1073  -0.0912  -0.1435  -0.0511  -0.0345
 -0.0289   0.1176  -0.0992  -0.2390  -0.0504  -0.0325
 -0.0321   0.0970  -0.1039  -0.1466  -0.0377  -0.0317
 -0.0251   0.1121  -0.1051  -0.1773  -0.0495  -0.0221
 -0.0281   0.1212  -0.1257  -0.2011  -0.0279  -0.0280
 -0.0211   0.0945  -0.0996  -0.1466  -0.0175  -0.0336
 -0.0254   0.1082  -0.1111  -0.1826  -0.0363  -0.0452
 -0.0221   0.1134  -0.1187  -0.1793  -0.0332  -0.0464
 -0.0174   0.0964  -0.1035  -0.1308  -0.0354  -0.0450
 -0.0243   0.1126  -0.1192  -0.2011  -0.0507  -0.0420
 -0.0280   0.1018  -0.1199  -0.1182  -0.0357  -0.0373
 -0.0290   0.0965  -0.1114  -0.1232  -0.0535  -0.0479
 -0.0286   0.1091  -0.1267  -0.1829  -0.0525  -0.0470
 -0.0242   0.0902  -0.1202  -0.1062  -0.0565  -0.0466
 -0.0304   0.1129  -0.1213  -0.2085  -0.0650  -0.0377
 -0.0206   0.1001  -0.1170  -0.1022  -0.0394  -0.0469
 -0.0259   0.1173  -0.1148  -0.1655  -0.0571  -0.0454
 -0.0291   0.0966  -0.1270  -0.1167  -0.0257  -0.0532
 -0.0305   0.0891  -0.1122  -0.1084  -0.0493  -0.0664
 -0.0274   0.1063  -0.1238  -0.1750  -0.0492  -0.0514
 -0.0286   0.0980  -0.1131  -0.1202  -0.0523  -0.0501
 -0.0280   0.1157  -0.1122  -0.1898  -0.0707  -0.0528
 -0.0306   0.0899  -0.1191  -0.1038  -0.0423  -0.0422
 -0.0304   0.0986  -0.1123  -0.1476  -0.0711  -0.0498
 -0.0341   0.1065  -0.1181  -0.1111  -0.0453  -0.0570
 -0.0245   0.1351  -0.1047  -0.1712  -0.0440  -0.0519
 -0.0243   0.1287  -0.1329  -0.1077  -0.0491  -0.0480
 -0.0226   0.1210  -0.1140  -0.0829  -0.0652  -0.0514
 -0.0311   0.1127  -0.1245  -0.0851  -0.0521  -0.0587
 -0.0178   0.0986  -0.1162  -0.0107  -0.0455  -0.0611
 -0.0244   0.0968  -0.1133  -0.0686  -0.0612  -0.0569
 -0.0251   0.0926  -0.1215  -0.0555  -0.0477  -0.0642
 -0.0205   0.0899  -0.1096   0.0070  -0.0517  -0.0636
 -0.0254   0.1142  -0.1212  -0.0978  -0.0457  -0.0570
 -0.0163   0.1056  -0.1310   0.0067  -0.0313  -0.0585
 -0.0235   0.1125  -0.1326  -0.0710  -0.0493  -0.0605
 -0.0256   0.1267  -0.1480  -0.0685  -0.0360  -0.0716
 -0.0244   0.1124  -0.1287  -0.0232  -0.0507  -0.0764
 -0.0303   0.1234  -0.1399  -0.1360  -0.0643  -0.0730
 -0.0300   0.1188  -0.1411  -0.0309  -0.0485  -0.0667
 -0.0363   0.1271  -0.1452  -0.0425  -0.0665  -0.0674
 -0.0344   0.1383  -0.1618  -0.1101  -0.0651  -0.0689
 -0.0375   0.1159  -0.1542  -0.0186  -0.0586  -0.0757
 -0.0389   0.1426  -0.1667  -0.1007  -0.0710  -0.0619
 -0.0412   0.1450  -0.1816  -0.0696  -0.0610  -0.0679
 -0.0493   0.1085  -0.1760  -0.0181  -0.1012  -0.0657
 -0.0549   0.1239  -0.1794  -0.1436  -0.0930  -0.0721
 -0.0578   0.1122  -0.1789  -0.0400  -0.0837  -0.0693
 -0.0614   0.1187  -0.1849  -0.0666  -0.0945  -0.0599
 -0.0697   0.1184  -0.1942  -0.0826  -0.0766  -0.0641
 -0.0646   0.1284  -0.1669  -0.0746  -0.0881  -0.0707
 -0.0625   0.1330  -0.1653  -0.1146  -0.0660  -0.0774
 -0.0571   0.1156  -0.1524  -0.0240  -0.0727  -0.0778
 -0.0593   0.1365  -0.1624  -0.1318  -0.0835  -0.0775
 -0.0591   0.1142  -0.1667  -0.0804  -0.0581  -0.0724
 -0.0548   0.1270  -0.1661  -0.0805  -0.0727  -0.0693
 -0.0570   0.1264  -0.1646  -0.1198  -0.0595  -0.0690
 -0.0564   0.0943  -0.1498  -0.0282  -0.0482  -0.0736
 -0.0614   0.0919  -0.1611  -0.0659  -0.0595  -0.0806
 -0.0602   0.0978  -0.1610  -0.0928  -0.0521  -0.0856
 -0.0622   0.0717  -0.1439  -0.0346  -0.0541  -0.0859
 -0.0704   0.0892  -0.1525  -0.1364  -0.0694  -0.0774
 -0.0770   0.0730  -0.1686  -0.0735  -0.0539  -0.0702
 -0.0706   0.0664  -0.1406  -0.0739  -0.0694  -0.0769
 -0.0787   0.0820  -0.1585  -0.1237  -0.0660  -0.0816
 -0.0772   0.0635  -0.1449  -0.0337  -0.0723  -0.0787
 -0.0691   0.0758  -0.1395  -0.1355  -0.0760  -0.0789
 -0.0760   0.0608  -0.1530  -0.0411  -0.0665  -0.0748
 -0.0774   0.0753  -0.1497  -0.1339  -0.0959  -0.0748
 -0.0837   0.0717  -0.1668  -0.1160  -0.0829  -0.0692
 -0.0772   0.0667  -0.1511  -0.0745  -0.0979  -0.0727
 -0.0797   0.0772  -0.1570  -0.1656  -0.0860  -0.0658
 -0.0780   0.0589  -0.1619  -0.0734  -0.0825  -0.0540
 -0.0839   0.0703  -0.1628  -0.0898  -0.1008  -0.0486
 -0.0901   0.0785  -0.1722  -0.1335  -0.0968  -0.0575
 -0.0935   0.0312  -0.1723  -0.0603  -0.1014  -0.0543
 -0.1032   0.0208  -0.1849  -0.1041  -0.1221  -0.0615
 -0.1052   0.0303  -0.1868  -0.1265  -0.1144  -0.0626
 -0.1115   0.0229  -0.1754  -0.0781  -0.1185  -0.0609
 -0.1127   0.0449  -0.1633  -0.1268  -0.1097  -0.0529
 -0.1062   0.0366  -0.1655  -0.0851  -0.0998  -0.0712
 -0.1023   0.0447  -0.1576  -0.1283  -0.1042  -0.0767
 -0.1044   0.0352  -0.1615  -0.0182  -0.1052  -0.0692
 -0.1013   0.0473  -0.1645  -0.1074  -0.1042  -0.0612
 -0.1072   0.0306  -0.1651  -0.0221  -0.1021  -0.0727
 -0.1075   0.0404  -0.1748  -0.0688  -0.1147  -0.0826
 -0.1146   0.0358  -0.1820  -0.0662  -0.1079  -0.0860
 -0.1124   0.0217  -0.1791  -0.0063  -0.1101  -0.0840
 -0.1127   0.0306  -0.1781  -0.0842  -0.1179  -0.0807
 -0.1196   0.0189  -0.1781  -0.0189  -0.0917  -0.0765
 -0.1202   0.0268  -0.1706  -0.0053  -0.1046  -0.0815
 -0.1205   0.0290  -0.1778  -0.0545  -0.0934  -0.0860
 -0.1180   0.0183  -0.1721   0.0318  -0.0951  -0.0892
 -0.1116   0.0320  -0.1764  -0.0595  -0.1037  -0.0836
 -0.1204   0.0219  -0.1866   0.0025  -0.0971  -0.0754
 -0.1220   0.0233  -0.1785   0.0085  -0.1013  -0.0637
 -0.1252   0.0466  -0.1870  -0.0483  -0.0912  -0.0678
 -0.1265   0.0198  -0.1935   0.0287  -0.0885  -0.0785
 -0.1288   0.0469  -0.1957  -0.0573  -0.1016  -0.0897
 -0.1271   0.0258  -0.2017   0.0279  -0.1016  -0.1018
 -0.1369   0.0575  -0.1783  -0.0557  -0.1136  -0.0876
 -0.1427   0.0053  -0.1844   0.0022  -0.1054  -0.0843
 -0.1396   0.0222  -0.1829  -0.0954  -0.1186  -0.0711
 -0.1423  -0.0004  -0.1929   0.0156  -0.1177  -0.0763
 -0.1407   0.0139  -0.1850  -0.0228  -0.1299  -0.0840
 -0.1396   0.0279  -0.2077  -0.0365  -0.1326  -0.0844
 -0.1499   0.0297  -0.1842   0.0080  -0.1522  -0.0885
 -0.1458   0.0326  -0.1896  -0.1315  -0.1530  -0.0812
 -0.1510   0.0150  -0.1993  -0.0201  -0.1486  -0.0923
 -0.1514   0.0238  -0.2026  -0.0273  -0.1622  -0.1046
 -0.1547   0.0220  -0.2001  -0.0828  -0.1455  -0.1031
 -0.1609  -0.0045  -0.1818  -0.0681  -0.1605  -0.1018
 -0.1620   0.0195  -0.2133  -0.0614  -0.1365  -0.1035
 -0.1532   0.0318  -0.1954  -0.0724  -0.1575  -0.0982
 -0.1632   0.0339  -0.2018  -0.0503  -0.1444  -0.0840
 -0.1584   0.0102  -0.1858   0.0028  -0.1604  -0.0809
 -0.1556   0.0040  -0.1774  -0.1114  -0.1551  -0.0912
 -0.1595  -0.0042  -0.1808  -0.0216  -0.1575  -0.1012
 -0.1507   0.0158  -0.1759  -0.0846  -0.1675  -0.0998
 -0.1608   0.0133  -0.1867  -0.0766  -0.1556  -0.0923
 -0.1556   0.0112  -0.1839  -0.0740  -0.1610  -0.0957
 -0.1634   0.0091  -0.1890  -0.0892  -0.1511  -0.0905
 -0.1613   0.0025  -0.1831  -0.0165  -0.1597  -0.0911
