 -0.0025  -0.0859  -0.1309   0.0331   0.0046   0.0905
  0.0055  -0.1027  -0.1265   0.0753   0.0041   0.0672
  0.0058  -0.1005  -0.1241   0.0756   0.0077   0.0859
  0.0029  -0.1000  -0.1154   0.0702   0.0071   0.0732
  0.0008  -0.0835  -0.1088   0.0572  -0.0006   0.0849
  0.0037  -0.0752  -0.1132   0.0321   0.0045   0.0722
  0.0039  -0.0693  -0.1160   0.0634   0.0022   0.0691
  0.0018  -0.0662  -0.1111   0.0489   0.0034   0.0770
  0.0079  -0.0624  -0.0985   0.0482   0.0052   0.0657
  0.0107  -0.0553  -0.0889   0.0558   0.0115   0.0650
  0.0078  -0.0598  -0.0982   0.0319   0.0164   0.0708
  0.0101  -0.0562  -0.0989   0.0472   0.0243   0.0390
  0.0090  -0.0602  -0.0932   0.0647   0.0176   0.0632
  0.0068  -0.0429  -0.0869   0.0398   0.0188   0.0776
  0.0078  -0.0556  -0.0903   0.0380   0.0165   0.0417
  0.0093  -0.0601  -0.0763   0.0482   0.0175   0.0402
  0.0112  -0.0500  -0.0738   0.0506   0.0174   0.0565
  0.0037  -0.0561  -0.0670   0.0488   0.0148   0.0517
  0.0022  -0.0541  -0.0574   0.0517   0.0068   0.0476
  0.0034  -0.0362  -0.0545   0.0545  -0.0016   0.0640
  0.0004  -0.0286  -0.0517   0.0557   0.0011   0.0577
 -0.0059  -0.0175  -0.0435   0.0632  -0.0069   0.0538
 -0.0089  -0.0400  -0.0494   0.0306  -0.0054   0.0559
 -0.0015  -0.0351  -0.0413   0.0376  -0.0066   0.0260
 -0.0048  -0.0303  -0.0432   0.0598  -0.0029   0.0553
 -0.0019  -0.0398  -0.0474   0.0457  -0.0044   0.0454
 -0.0042  -0.0317  -0.0352   0.0367  -0.0032   0.0430
 -0.0070  -0.0380  -0.0391   0.0289  -0.0014   0.0441
 -0.0019  -0.0405  -0.0363   0.0239  -0.0057   0.0281
 -0.0103  -0.0373  -0.0379   0.0344  -0.0063   0.0494
 -0.0132  -0.0470  -0.0402   0.0242  -0.0087   0.0263
 -0.0155  -0.0369  -0.0281   0.0455  -0.0151   0.0429
 -0.0130  -0.0309  -0.0340   0.0527  -0.0177   0.0291
 -0.0148  -0.0181  -0.0297   0.0520  -0.0228   0.0258
 -0.0169  -0.0249  -0.0354   0.0282  -0.0264   0.0394
 -0.0172  -0.0237  -0.0295   0.0130  -0.0189   0.0277
 -0.0193  -0.0190  -0.0315   0.0324  -0.0182   0.0087
 -0.0200  -0.0081  -0.0282   0.0449  -0.0203   0.0121
 -0.0179  -0.0101  -0.0209   0.0294  -0.0202   0.0160
 -0.0102  -0.0072  -0.0199   0.0363  -0.0179   0.0099
 -0.0090  -0.0057  -0.0120   0.0213  -0.0149   0.0102
 -0.0125  -0.0087  -0.0155   0.0197  -0.0076   0.0158
 -0.0121  -0.0160  -0.0201   0.0180  -0.0110   0.0098
 -0.0065  -0.0013  -0.0097   0.0217  -0.0135   0.0112
 -0.0064  -0.0032  -0.0102   0.0156  -0.0084   0.0151
 -0.0079  -0.0079  -0.0111   0.0101  -0.0069   0.0062
 -0.0108   0.0022  -0.0050   0.0039  -0.0059   0.0034
 -0.0099   0.0102  -0.0039  -0.0042  -0.0027   0.0179
 -0.0104  -0.0133  -0.0068   0.0033   0.0016  -0.0169
 -0.0114  -0.0069  -0.0093  -0.0260   0.0008   0.0043
 -0.0087  -0.0102  -0.0093  -0.0287  -0.0015  -0.0092
  0.0003   0.0005  -0.0043  -0.0022  -0.0050   0.0042
 -0.0039   0.0005   0.0047  -0.0015  -0.0036  -0.0041
 -0.0056  -0.0070   0.0006   0.0132  -0.0054  -0.0073
 -0.0030   0.0054   0.0025   0.0274  -0.0005   0.0069
 -0.0080   0.0026  -0.0033   0.0126  -0.0067   0.0017
 -0.0139  -0.0012  -0.0056  -0.0259  -0.0075   0.0145
 -0.0055   0.0043   0.0024   0.0082  -0.0053  -0.0100
  0.0004   0.0071   0.0046   0.0214   0.0012   0.0021
 -0.0007   0.0113   0.0069   0.0273   0.0009   0.0002
 -0.0081   0.0096   0.0005   0.0147  -0.0019   0.0046
 -0.0038   0.0030   0.0067  -0.0002   0.0029  -0.0082
 -0.0082   0.0174   0.0100  -0.0098   0.0091  -0.0054
 -0.0066   0.0141   0.0047   0.0153   0.0006  -0.0265
 -0.0080   0.0127   0.0061  -0.0014   0.0034  -0.0166
 -0.0155   0.0176   0.0028  -0.0359   0.0030  -0.0192
 -0.0141   0.0245  -0.0074  -0.0101   0.0085  -0.0329
 -0.0101   0.0215   0.0010   0.0041   0.0073  -0.0349
 -0.0136   0.0146  -0.0002  -0.0165  -0.0007   0.0018
 -0.0146   0.0202   0.0007  -0.0266   0.0035  -0.0295
 -0.0150   0.0121   0.0036  -0.0044  -0.0010  -0.0324
 -0.0180   0.0139   0.0031  -0.0354  -0.0045  -0.0100
 -0.0105   0.0141   0.0059  -0.0256  -0.0002  -0.0227
 -0.0127   0.0193   0.0038  -0.0160  -0.0023  -0.0228
 -0.0143   0.0135   0.0034  -0.0216  -0.0009  -0.0218
 -0.0120   0.0169   0.0185  -0.0148  -0.0021  -0.0237
 -0.0101   0.0137   0.0180  -0.0040  -0.0077  -0.0297
 -0.0116   0.0207   0.0310  -0.0247  -0.0130  -0.0032
 -0.0068   0.0349   0.0347  -0.0238  -0.0109  -0.0164
 -0.0002   0.0375   0.0384  -0.0052  -0.0083  -0.0277
 -0.0048   0.0266   0.0338  -0.0483  -0.0010  -0.0033
 -0.0053   0.0301   0.0391  -0.0240  -0.0010  -0.0429
 -0.0021   0.0340   0.0416  -0.0152  -0.0006  -0.0455
  0.0023   0.0354   0.0383  -0.0030  -0.0050  -0.0290
 -0.0016   0.0382   0.0411  -0.0216  -0.0012  -0.0096
  0.0003   0.0232   0.0399  -0.0314   0.0007  -0.0339
  0.0055   0.0329   0.0407  -0.0313   0.0046  -0.0256
 -0.0005   0.0259   0.0418  -0.0431   0.0036  -0.0304
  0.0079   0.0239   0.0466  -0.0326   0.0067  -0.0394
  0.0025   0.0372   0.0446  -0.0342   0.0052  -0.0333
 -0.0045   0.0260   0.0339  -0.0508   0.0088  -0.0368
 -0.0029   0.0269   0.0371  -0.0462   0.0042  -0.0484
 -0.0034   0.0392   0.0413  -0.0575   0.0047  -0.0424
  0.0025   0.0344   0.0413  -0.0494   0.0069  -0.0439
  0.0092   0.0348   0.0442  -0.0410   0.0051  -0.0655
  0.0084   0.0478   0.0427  -0.0388   0.0032  -0.0442
  0.0117   0.0462   0.0445  -0.0476   0.0071  -0.0445
  0.0105   0.0355   0.0475  -0.0644   0.0090  -0.0625
  0.0096   0.0486   0.0572  -0.0599   0.0095  -0.0572
  0.0125   0.0533   0.0718  -0.0687   0.0112  -0.0637
  0.0177   0.0574   0.0837  -0.0526   0.0063  -0.0604
  0.0105   0.0398   0.0689  -0.0753   0.0042  -0.0384
  0.0142   0.0409   0.0752  -0.0651   0.0108  -0.0612
  0.0208   0.0383   0.0775  -0.0352   0.0007  -0.0433
  0.0185   0.0606   0.0862  -0.0323   0.0039  -0.0484
  0.0175   0.0492   0.0761  -0.0432   0.0095  -0.0384
  0.0160   0.0451   0.0752  -0.0489   0.0077  -0.0399
  0.0124   0.0504   0.0832  -0.0450   0.0083  -0.0407
  0.0159   0.0350   0.0775  -0.0494   0.0100  -0.0481
  0.0141   0.0491   0.0830  -0.0548   0.0098  -0.0452
  0.0183   0.0402   0.0843  -0.0379   0.0073  -0.0468
  0.0207   0.0427   0.0841  -0.0324   0.0034  -0.0505
  0.0209   0.0472   0.0905  -0.0480   0.0089  -0.0379
  0.0217   0.0359   0.0913  -0.0300   0.0097  -0.0478
  0.0257   0.0436   0.0926  -0.0256   0.0054  -0.0373
  0.0227   0.0370   0.0927  -0.0304  -0.0000  -0.0352
  0.0267   0.0452   0.0943  -0.0444   0.0045  -0.0305
  0.0296   0.0375   0.0934  -0.0424   0.0149  -0.0502
  0.0297   0.0421   0.0982  -0.0408   0.0079  -0.0501
  0.0280   0.0376   0.1010  -0.0378   0.0066  -0.0351
