 -0.5174  -0.6307  -0.2358   0.1131  -0.3696   0.4563
 -0.5024  -0.6482  -0.2326   0.1129  -0.3685   0.4687
 -0.4995  -0.6382  -0.2283   0.0852  -0.3754   0.4517
 -0.4938  -0.5680  -0.2039   0.0653  -0.3567   0.4139
 -0.4916  -0.5784  -0.2117   0.1059  -0.3647   0.4546
 -0.4987  -0.5262  -0.2052   0.0919  -0.3558   0.4715
 -0.4941  -0.5501  -0.2155   0.1082  -0.3641   0.4746
 -0.4753  -0.5452  -0.2130   0.1260  -0.3532   0.3748
 -0.4735  -0.5127  -0.1886   0.0748  -0.3337   0.4283
 -0.4721  -0.5488  -0.2063   0.1022  -0.3469   0.4500
 -0.4647  -0.5296  -0.1781   0.0405  -0.3161   0.4533
 -0.4667  -0.4876  -0.1799   0.0430  -0.2887   0.4099
 -0.4689  -0.5280  -0.1860   0.0895  -0.3142   0.4495
 -0.4638  -0.5553  -0.1979   0.1239  -0.3191   0.4314
 -0.4456  -0.5036  -0.1723   0.0883  -0.3085   0.3903
 -0.4461  -0.4883  -0.1732   0.0795  -0.3065   0.4150
 -0.4347  -0.4675  -0.1654   0.0775  -0.2899   0.4261
 -0.4391  -0.4846  -0.1714   0.1015  -0.2968   0.4354
 -0.4253  -0.4943  -0.1569   0.0725  -0.2829   0.4558
 -0.4185  -0.4632  -0.1648   0.0735  -0.2745   0.3936
 -0.4092  -0.5179  -0.1691   0.0894  -0.2706   0.4144
 -0.4017  -0.4664  -0.1581   0.0595  -0.2531   0.4179
 -0.3991  -0.4521  -0.1642   0.0380  -0.2440   0.3983
 -0.3893  -0.5088  -0.1633   0.0379  -0.2465   0.4158
 -0.3744  -0.5139  -0.1598   0.0180  -0.2537   0.4320
 -0.3628  -0.4560  -0.1593   0.0118  -0.2207   0.3868
 -0.3498  -0.4889  -0.1645   0.0416  -0.2212   0.4070
 -0.3510  -0.4495  -0.1500  -0.0105  -0.2006   0.3776
 -0.3582  -0.4533  -0.1584   0.0304  -0.2177   0.3992
 -0.3492  -0.4539  -0.1390  -0.0072  -0.1987   0.4131
 -0.3523  -0.4133  -0.1518  -0.0273  -0.1858   0.3709
 -0.3527  -0.4436  -0.1493   0.0119  -0.2000   0.4024
 -0.3490  -0.4867  -0.1588   0.0614  -0.2037   0.4101
 -0.3420  -0.4791  -0.1621   0.0336  -0.2053   0.3871
 -0.3342  -0.4143  -0.1400  -0.0199  -0.2017   0.3468
 -0.3341  -0.3757  -0.1393  -0.0384  -0.1790   0.3197
 -0.3361  -0.3616  -0.1384  -0.0305  -0.1914   0.3850
 -0.3279  -0.4244  -0.1447   0.0254  -0.2005   0.3718
 -0.3190  -0.3709  -0.1280   0.0144  -0.1928   0.3532
 -0.3399  -0.3591  -0.1410  -0.0238  -0.1820   0.3425
 -0.3347  -0.3477  -0.1424  -0.0360  -0.1663   0.3957
 -0.3250  -0.3869  -0.1420   0.0359  -0.1856   0.3830
 -0.2994  -0.3919  -0.1440   0.0378  -0.1781   0.3714
 -0.2913  -0.4173  -0.1539   0.0668  -0.1751   0.3224
 -0.2857  -0.3931  -0.1396   0.0492  -0.1744   0.3020
 -0.2762  -0.3549  -0.1381   0.0576  -0.1603   0.2836
 -0.2662  -0.3812  -0.1430   0.0260  -0.1598   0.3284
 -0.2670  -0.3393  -0.1262  -0.0047  -0.1524   0.2847
 -0.2706  -0.3019  -0.1183  -0.0256  -0.1373   0.2812
 -0.2816  -0.3209  -0.1232   0.0200  -0.1600   0.2767
 -0.2634  -0.3861  -0.1372   0.0641  -0.1449   0.3619
 -0.2598  -0.3941  -0.1389   0.0531  -0.1540   0.3215
 -0.2617  -0.3665  -0.1238   0.0093  -0.1616   0.3032
 -0.2621  -0.3312  -0.1150  -0.0349  -0.1578   0.3079
 -0.2686  -0.2926  -0.1185  -0.0305  -0.1482   0.2811
 -0.2882  -0.2782  -0.1196  -0.0441  -0.1396   0.2993
 -0.2793  -0.3358  -0.1154   0.0318  -0.1614   0.3678
 -0.2680  -0.3682  -0.1243   0.0565  -0.1591   0.3598
 -0.2592  -0.3629  -0.1138  -0.0064  -0.1496   0.3003
 -0.2419  -0.3412  -0.1174  -0.0018  -0.1411   0.2909
 -0.2532  -0.2942  -0.1009  -0.0504  -0.1376   0.3200
 -0.2634  -0.2793  -0.1122  -0.0525  -0.1349   0.2734
 -0.2498  -0.3183  -0.1155  -0.0170  -0.1384   0.3212
 -0.2441  -0.3529  -0.1221   0.0128  -0.1366   0.3188
 -0.2284  -0.3615  -0.1432   0.0462  -0.1381   0.2791
 -0.2437  -0.3393  -0.1212  -0.0159  -0.1543   0.2822
 -0.2359  -0.2800  -0.0982  -0.0662  -0.1261   0.2324
 -0.2485  -0.2384  -0.1106  -0.0512  -0.1279   0.2918
 -0.2344  -0.3015  -0.1049   0.0268  -0.1359   0.2595
 -0.2016  -0.3187  -0.1161   0.0349  -0.1162   0.2898
 -0.1891  -0.2937  -0.0988  -0.0495  -0.1157   0.2606
 -0.2070  -0.2515  -0.0934  -0.0447  -0.1235   0.2313
 -0.2090  -0.2615  -0.1015   0.0078  -0.1351   0.2448
 -0.1879  -0.2385  -0.0848  -0.0426  -0.1221   0.2602
 -0.1822  -0.2064  -0.0895  -0.0316  -0.1080   0.1945
 -0.1631  -0.2442  -0.0871  -0.0218  -0.1024   0.2437
 -0.1657  -0.2074  -0.0861  -0.0352  -0.1029   0.2164
 -0.1765  -0.2290  -0.0892  -0.0186  -0.1108   0.2144
 -0.1864  -0.2111  -0.0945  -0.0511  -0.0916   0.1986
 -0.1858  -0.2107  -0.0962  -0.0325  -0.0991   0.2533
 -0.1620  -0.2570  -0.0973   0.0254  -0.0901   0.2649
 -0.1473  -0.2719  -0.1052   0.0298  -0.0864   0.2564
 -0.1388  -0.2702  -0.0911   0.0093  -0.0814   0.2465
 -0.1288  -0.2213  -0.0829   0.0251  -0.0729   0.1840
 -0.1245  -0.2311  -0.0824   0.0047  -0.0668   0.2359
 -0.1166  -0.1913  -0.0785   0.0155  -0.0691   0.1844
 -0.1038  -0.2046  -0.0702   0.0096  -0.0607   0.2108
 -0.1122  -0.1669  -0.0630  -0.0050  -0.0628   0.2186
 -0.1019  -0.2040  -0.0631   0.0555  -0.0760   0.2232
 -0.0930  -0.2125  -0.0658   0.0484  -0.0672   0.2560
 -0.0874  -0.1662  -0.0587   0.0334  -0.0594   0.1714
 -0.0805  -0.1941  -0.0603   0.0294  -0.0525   0.2360
 -0.0957  -0.1384  -0.0515   0.0017  -0.0524   0.1892
 -0.0809  -0.1705  -0.0583   0.0346  -0.0515   0.2209
 -0.0798  -0.1228  -0.0335  -0.0385  -0.0462   0.2284
 -0.0768  -0.1408  -0.0493   0.0166  -0.0568   0.1941
 -0.0731  -0.1218  -0.0330  -0.0124  -0.0434   0.1948
 -0.0851  -0.1133  -0.0403  -0.0216  -0.0512   0.1410
 -0.0678  -0.1875  -0.0418   0.0110  -0.0360   0.1894
 -0.0518  -0.1960  -0.0447   0.0159  -0.0205   0.2296
 -0.0511  -0.1978  -0.0526   0.0028  -0.0303   0.1864
 -0.0497  -0.1632  -0.0454  -0.0043  -0.0296   0.1501
 -0.0516  -0.1301  -0.0287  -0.0412  -0.0155   0.1655
 -0.0604  -0.1010  -0.0326  -0.0365  -0.0155   0.1344
 -0.0530  -0.1272  -0.0359  -0.0035  -0.0295   0.1930
 -0.0213  -0.1703  -0.0442   0.0307  -0.0047   0.1955
 -0.0233  -0.1449  -0.0634   0.0073  -0.0191   0.1408
 -0.0233  -0.1046  -0.0513  -0.0284  -0.0238   0.1300
 -0.0248  -0.0825  -0.0505  -0.0194  -0.0253   0.1154
 -0.0395  -0.0551  -0.0417  -0.0742  -0.0256   0.1376
 -0.0377  -0.0643  -0.0439  -0.0334  -0.0228   0.1766
 -0.0133  -0.1046  -0.0546  -0.0155  -0.0008   0.1549
 -0.0088  -0.0657  -0.0339  -0.0591  -0.0037   0.1361
 -0.0190  -0.0421  -0.0376  -0.0467  -0.0170   0.1069
 -0.0185  -0.0923  -0.0417  -0.0106  -0.0083   0.1274
 -0.0218  -0.0613  -0.0360  -0.0278  -0.0176   0.0783
 -0.0201  -0.0337  -0.0288  -0.0444  -0.0147   0.0751
 -0.0304  -0.0161  -0.0288  -0.0607  -0.0173   0.1084
 -0.0315  -0.0428  -0.0341  -0.0294  -0.0237   0.1565
 -0.0092  -0.0784  -0.0458  -0.0187  -0.0028   0.1700
  0.0034  -0.0697  -0.0452  -0.0371  -0.0050   0.1129
 -0.0048  -0.0231  -0.0325  -0.0715  -0.0131   0.0454
 -0.0053   0.0133  -0.0298  -0.0433  -0.0002   0.0563
 -0.0138  -0.0374  -0.0276  -0.0128  -0.0198   0.0745
 -0.0103  -0.0495  -0.0358  -0.0090  -0.0121   0.0723
 -0.0139  -0.0547  -0.0360  -0.0131  -0.0143  -0.0110
 -0.0150  -0.0169  -0.0219  -0.0242  -0.0251  -0.0195
 -0.0018   0.0204  -0.0193   0.0079  -0.0247   0.0178
  0.0128   0.0501  -0.0194   0.0125   0.0003  -0.0172
  0.0191   0.0209  -0.0156   0.0403  -0.0021   0.0110
  0.0365  -0.0117  -0.0191   0.0417   0.0215  -0.0045
  0.0394  -0.0119  -0.0244   0.0327   0.0395  -0.0154
  0.0548  -0.0034  -0.0095   0.0120   0.0448  -0.0465
  0.0548   0.0253  -0.0017  -0.0436   0.0312  -0.0112
  0.0453   0.0588  -0.0045  -0.0274   0.0288  -0.0704
  0.0442   0.0818  -0.0060  -0.0219   0.0335  -0.0404
  0.0395   0.0291  -0.0148   0.0124   0.0322  -0.0003
  0.0521   0.0364  -0.0168   0.0143   0.0524  -0.0171
  0.0677   0.0558  -0.0015  -0.0030   0.0489  -0.0812
  0.0699   0.1072   0.0118   0.0024   0.0501  -0.1092
  0.0832   0.1237   0.0134   0.0256   0.0537  -0.1171
  0.0884   0.1138   0.0156   0.0286   0.0682  -0.0861
  0.1130   0.0858   0.0142   0.0273   0.0909  -0.0394
  0.1154   0.1294   0.0252   0.0093   0.0832  -0.1160
  0.1145   0.0804   0.0214   0.0477   0.0904  -0.0706
  0.1189   0.0821   0.0283   0.0364   0.0932  -0.1204
  0.1212   0.1179   0.0279   0.0084   0.0881  -0.1755
  0.1279   0.1505   0.0351  -0.0104   0.0990  -0.1458
  0.1265   0.1208   0.0320   0.0307   0.1009  -0.1113
  0.1238   0.1283   0.0524  -0.0136   0.0851  -0.1237
  0.1274   0.1549   0.0580  -0.0214   0.0875  -0.1347
  0.1265   0.1867   0.0436  -0.0101   0.0860  -0.1305
  0.1256   0.1297   0.0411   0.0327   0.0826  -0.1017
  0.1364   0.1018   0.0331   0.0446   0.0987  -0.1181
  0.1448   0.1104   0.0407   0.0008   0.1003  -0.1307
  0.1492   0.1431   0.0544  -0.0214   0.1040  -0.1595
  0.1452   0.1440   0.0460   0.0143   0.1046  -0.1651
  0.1504   0.1308   0.0468  -0.0227   0.1031  -0.0949
  0.1479   0.1646   0.0529  -0.0345   0.1018  -0.1608
  0.1392   0.1929   0.0450  -0.0100   0.1059  -0.1699
  0.1393   0.1961   0.0533   0.0121   0.0993  -0.1308
  0.1512   0.1297   0.0532   0.0267   0.1099  -0.1143
  0.1544   0.1234   0.0506   0.0105   0.1061  -0.1290
  0.1589   0.1362   0.0589  -0.0378   0.0960  -0.1831
  0.1766   0.1857   0.0675  -0.0447   0.0935  -0.1903
  0.1823   0.2269   0.0625  -0.0037   0.0959  -0.2053
  0.1742   0.1834   0.0589   0.0163   0.1047  -0.1346
  0.1660   0.1882   0.0668   0.0020   0.0907  -0.2095
  0.1768   0.2360   0.0800  -0.0097   0.0952  -0.2379
  0.2007   0.2403   0.0834   0.0311   0.1107  -0.2149
  0.2131   0.2030   0.0706  -0.0037   0.1258  -0.2127
  0.2158   0.1901   0.0673  -0.0046   0.1301  -0.2399
  0.2170   0.1813   0.0570  -0.0157   0.1362  -0.2047
  0.2220   0.2088   0.0795  -0.0443   0.1263  -0.2216
  0.2081   0.2318   0.0822  -0.0089   0.1133  -0.2245
  0.1995   0.2516   0.0775  -0.0141   0.1096  -0.2125
  0.2051   0.2464   0.0782   0.0160   0.1083  -0.2223
  0.2314   0.2321   0.0741  -0.0013   0.1322  -0.2179
  0.2138   0.2710   0.0854  -0.0212   0.1234  -0.2288
  0.2141   0.2816   0.0818  -0.0141   0.1156  -0.2242
  0.2338   0.2243   0.0836  -0.0092   0.1387  -0.1851
  0.2224   0.2109   0.0750  -0.0161   0.1306  -0.2207
  0.2269   0.2144   0.0811  -0.0532   0.1313  -0.2778
  0.2182   0.2658   0.0910  -0.0738   0.1178  -0.2994
  0.2148   0.3019   0.0923  -0.0436   0.1163  -0.2182
  0.2185   0.3229   0.0989  -0.0572   0.1238  -0.2121
  0.2242   0.2952   0.0985  -0.0080   0.1156  -0.2417
  0.2166   0.2421   0.1013   0.0114   0.1253  -0.2371
  0.2159   0.2378   0.0955   0.0296   0.1273  -0.3027
  0.2101   0.2443   0.1117  -0.0261   0.1117  -0.3238
  0.2373   0.2826   0.1392  -0.0876   0.1216  -0.2736
  0.2323   0.3228   0.1290  -0.0856   0.1448  -0.3145
  0.2568   0.3080   0.1312  -0.0356   0.1502  -0.2519
  0.2646   0.3454   0.1437  -0.0726   0.1568  -0.2669
  0.2648   0.3462   0.1313  -0.0293   0.1620  -0.3362
  0.2673   0.3684   0.1458  -0.0699   0.1650  -0.2978
  0.2732   0.3458   0.1330  -0.0306   0.1677  -0.3028
  0.2725   0.3785   0.1470  -0.0476   0.1692  -0.3158
  0.2680   0.4081   0.1426  -0.0555   0.1823  -0.3083
  0.2633   0.3649   0.1363   0.0002   0.1613  -0.3405
  0.2645   0.3426   0.1320  -0.0053   0.1709  -0.3391
  0.2670   0.3674   0.1611  -0.0690   0.1824  -0.3669
  0.2618   0.3967   0.1551  -0.0691   0.1890  -0.3651
  0.2621   0.4178   0.1510  -0.0523   0.1845  -0.3094
  0.2753   0.4213   0.1406  -0.0219   0.1775  -0.3188
  0.2891   0.3629   0.1494   0.0184   0.1950  -0.3433
  0.3067   0.3550   0.1454   0.0030   0.2017  -0.3588
  0.3033   0.3796   0.1650  -0.0656   0.1875  -0.4284
  0.2919   0.4243   0.1734  -0.0899   0.1929  -0.4163
  0.2869   0.4457   0.1555  -0.0705   0.1877  -0.4062
  0.2869   0.3879   0.1612  -0.0159   0.1760  -0.3711
  0.2972   0.3862   0.1663  -0.0330   0.1830  -0.3852
  0.3114   0.4353   0.1813  -0.0571   0.1892  -0.4294
  0.3119   0.4839   0.1823  -0.0456   0.2054  -0.4044
  0.3235   0.4404   0.1816   0.0320   0.2000  -0.4168
  0.3259   0.4128   0.1794   0.0418   0.2041  -0.3960
  0.3327   0.4205   0.1894   0.0019   0.2048  -0.4579
  0.3397   0.4682   0.2008  -0.0169   0.2225  -0.4664
  0.3408   0.5110   0.1980   0.0079   0.2249  -0.4499
  0.3432   0.4323   0.1955   0.0642   0.2151  -0.4504
  0.3462   0.4071   0.1960   0.0407   0.2180  -0.4208
  0.3485   0.4471   0.2068   0.0093   0.2122  -0.4582
  0.3443   0.4878   0.1970   0.0038   0.2047  -0.4710
  0.3534   0.4694   0.1997  -0.0166   0.2083  -0.4388
  0.3589   0.5178   0.2031   0.0129   0.2128  -0.4519
  0.3663   0.4835   0.2064  -0.0072   0.2137  -0.4815
  0.3611   0.4968   0.2140   0.0134   0.2161  -0.5266
  0.3513   0.5189   0.2170  -0.0146   0.2212  -0.4958
  0.3549   0.5333   0.2143   0.0074   0.2160  -0.4449
  0.3529   0.4832   0.2101   0.0069   0.2135  -0.4443
  0.3543   0.5117   0.2232  -0.0310   0.2162  -0.4717
  0.3444   0.5398   0.2108  -0.0330   0.2207  -0.4767
  0.3498   0.5642   0.2038  -0.0139   0.2129  -0.4461
  0.3471   0.5049   0.2116   0.0064   0.2184  -0.4664
  0.3599   0.5175   0.2065   0.0117   0.2255  -0.5213
  0.3736   0.5483   0.2237  -0.0309   0.2252  -0.5365
  0.3913   0.5672   0.2209  -0.0025   0.2449  -0.5632
  0.3951   0.6107   0.2279  -0.0264   0.2416  -0.5816
  0.3955   0.6397   0.2262  -0.0320   0.2579  -0.5668
  0.3995   0.6546   0.2236  -0.0087   0.2573  -0.5617
  0.3984   0.5926   0.2313   0.0212   0.2569  -0.5356
  0.4089   0.6032   0.2397  -0.0030   0.2643  -0.5654
  0.4070   0.6304   0.2443  -0.0481   0.2598  -0.6041
  0.4085   0.6546   0.2325  -0.0350   0.2581  -0.5501
  0.4026   0.5865   0.2290  -0.0039   0.2499  -0.5173
  0.4029   0.5893   0.2372  -0.0052   0.2524  -0.5217
  0.4202   0.6187   0.2397  -0.0418   0.2449  -0.5638
  0.4166   0.6455   0.2391  -0.0362   0.2433  -0.5801
  0.4076   0.6242   0.2368   0.0188   0.2354  -0.6026
  0.4105   0.6036   0.2455   0.0186   0.2541  -0.5783
