 -0.0323   0.3401  -0.3552  -0.0545  -0.1021  -0.4441
 -0.0282   0.3557  -0.3535  -0.0804  -0.1189  -0.4488
 -0.0350   0.3603  -0.3509  -0.0587  -0.1098  -0.4313
 -0.0418   0.4307  -0.3475  -0.1583  -0.1220  -0.4811
 -0.0272   0.3531  -0.3133  -0.0876  -0.1117  -0.4516
 -0.0275   0.4201  -0.3104  -0.1222  -0.1073  -0.4630
 -0.0391   0.4250  -0.3042  -0.1171  -0.1026  -0.4681
 -0.0526   0.3756  -0.2862  -0.0741  -0.0900  -0.4192
 -0.0283   0.4637  -0.2808  -0.1551  -0.0925  -0.4666
 -0.0351   0.4581  -0.2601  -0.1376  -0.0912  -0.4560
 -0.0518   0.4458  -0.2980  -0.1142  -0.1120  -0.4501
 -0.0431   0.4914  -0.2785  -0.1637  -0.0985  -0.4641
 -0.0458   0.4628  -0.2849  -0.1221  -0.0875  -0.4263
 -0.0277   0.4298  -0.2485  -0.1068  -0.0780  -0.4134
 -0.0130   0.4620  -0.2187  -0.1739  -0.0749  -0.4488
  0.0005   0.4588  -0.1947  -0.1448  -0.0628  -0.4240
  0.0053   0.4453  -0.1667  -0.1621  -0.0836  -0.4049
 -0.0276   0.5958  -0.1891  -0.2759  -0.0823  -0.4417
 -0.0279   0.6334  -0.1673  -0.2603  -0.0686  -0.4529
 -0.0236   0.5890  -0.1506  -0.2074  -0.0680  -0.4194
 -0.0255   0.6361  -0.1622  -0.2573  -0.0839  -0.4435
 -0.0267   0.6807  -0.1529  -0.3458  -0.0926  -0.4499
 -0.0170   0.6964  -0.1459  -0.3374  -0.0890  -0.4578
 -0.0267   0.6928  -0.1672  -0.2941  -0.1057  -0.4220
 -0.0166   0.7306  -0.1445  -0.3352  -0.1074  -0.4485
 -0.0144   0.7490  -0.1384  -0.3419  -0.1067  -0.4565
 -0.0196   0.6917  -0.1285  -0.3127  -0.1069  -0.4089
 -0.0143   0.7422  -0.1299  -0.4022  -0.1018  -0.4326
 -0.0205   0.7105  -0.1353  -0.3542  -0.1076  -0.4254
 -0.0163   0.6880  -0.1208  -0.3356  -0.1054  -0.4058
 -0.0024   0.7104  -0.1356  -0.3573  -0.0982  -0.4442
 -0.0082   0.7187  -0.1422  -0.3407  -0.1013  -0.4414
 -0.0127   0.6731  -0.1546  -0.2857  -0.1067  -0.3875
 -0.0105   0.6412  -0.1699  -0.2776  -0.1149  -0.4168
 -0.0182   0.7017  -0.1653  -0.3704  -0.1196  -0.4304
 -0.0266   0.6959  -0.1680  -0.3803  -0.1179  -0.3995
 -0.0143   0.7407  -0.1566  -0.3306  -0.1133  -0.4277
 -0.0206   0.8054  -0.1488  -0.4000  -0.1167  -0.4424
 -0.0127   0.7715  -0.1380  -0.3662  -0.1097  -0.4048
 -0.0078   0.7584  -0.1434  -0.3310  -0.1141  -0.3824
 -0.0241   0.7965  -0.1459  -0.3877  -0.1300  -0.3765
  0.0224   0.8198  -0.1501  -0.3841  -0.1145  -0.3860
  0.0021   0.7792  -0.1360  -0.3305  -0.1312  -0.3442
 -0.0066   0.8690  -0.1330  -0.3872  -0.1251  -0.3648
 -0.0189   0.8532  -0.1333  -0.3925  -0.1299  -0.3571
 -0.0212   0.8714  -0.1121  -0.3999  -0.1284  -0.3314
 -0.0219   0.9452  -0.1223  -0.4445  -0.1305  -0.3766
 -0.0199   0.9661  -0.1104  -0.4470  -0.1319  -0.3803
 -0.0284   0.9691  -0.1189  -0.4644  -0.1325  -0.3462
 -0.0243   0.9714  -0.1082  -0.4219  -0.1339  -0.3476
 -0.0065   1.0084  -0.1094  -0.4498  -0.1179  -0.3872
 -0.0247   0.9525  -0.1047  -0.4450  -0.1172  -0.3302
 -0.0200   0.9587  -0.0961  -0.4068  -0.1176  -0.3171
  0.0045   0.8014   0.0256  -0.4213  -0.0668  -0.3413
 -0.0059   0.8038   0.0348  -0.4250  -0.0694  -0.3084
 -0.0022   0.8248   0.0225  -0.4254  -0.0719  -0.3058
  0.0187   0.6703   0.0199  -0.4078  -0.0520  -0.3185
  0.0180  -0.0163   0.0830  -0.0552   0.0363  -0.2157
  0.0310  -0.0654   0.1100  -0.1257   0.0430  -0.2057
  0.0440  -0.2024   0.1362  -0.0307   0.0486  -0.1695
  0.0350  -0.2885   0.1453   0.0345   0.0732  -0.1557
  0.0288  -0.2897   0.1436  -0.0701   0.0801  -0.1822
  0.0221  -0.3658   0.1510   0.1646   0.0965  -0.1011
  0.0709  -0.3660   0.1841  -0.0134   0.1068  -0.1398
  0.0601  -0.2541   0.1446  -0.0829   0.1095  -0.2077
  0.0002   0.4123  -0.0265  -0.2062  -0.0234  -0.1844
  0.0256   0.5225  -0.0894  -0.3997  -0.0622  -0.2641
  0.0288   0.5691  -0.0996  -0.3960  -0.0644  -0.2627
  0.0203   0.4919  -0.0516  -0.2777  -0.0572  -0.1754
  0.0271   0.2909  -0.0274  -0.1846  -0.0261  -0.1662
  0.0206   0.2127  -0.0431  -0.1657  -0.0253  -0.1563
  0.0250   0.2596  -0.0326  -0.1966  -0.0261  -0.1078
  0.0414   0.2394  -0.0374  -0.1562  -0.0333  -0.1411
  0.0308   0.2123  -0.0396  -0.1603  -0.0306  -0.1182
  0.0165   0.2283  -0.0382  -0.1355  -0.0223  -0.0832
  0.0232   0.0583   0.0361  -0.0381   0.0022  -0.0713
  0.0179  -0.0441   0.0512  -0.0238   0.0168  -0.0473
  0.0368  -0.1824   0.0641   0.0736   0.0323  -0.0203
  0.0380  -0.1787   0.0635  -0.0380   0.0394  -0.0522
  0.0083  -0.2843   0.0738   0.1218   0.0522  -0.0084
  0.0382  -0.1791   0.0292  -0.0842   0.0154  -0.0516
  0.0490  -0.0178   0.0057  -0.2296   0.0121  -0.0808
  0.0536  -0.1768   0.0268   0.0624   0.0157  -0.0329
  0.0307  -0.2297   0.0884  -0.0006   0.0386   0.0044
  0.0050  -0.2911   0.0960   0.0794   0.0563   0.0353
  0.0334  -0.3508   0.1215   0.1013   0.0636   0.0405
  0.0128  -0.3188   0.0832   0.0312   0.0632   0.0439
  0.0126  -0.3421   0.0764   0.0134   0.0569   0.0702
  0.0335  -0.3441   0.0896   0.0557   0.0488   0.0111
  0.0086  -0.3380   0.1016   0.1078   0.0557   0.0363
  0.0049  -0.4358   0.1287   0.1912   0.0681   0.1197
  0.0215  -0.3710   0.1194  -0.0002   0.0691   0.0674
 -0.0069  -0.4743   0.1623   0.2080   0.0912   0.1295
  0.0282  -0.4371   0.1578   0.0172   0.0793   0.0842
 -0.0181  -0.4498   0.1329   0.1404   0.0971   0.0979
  0.0064  -0.5311   0.1515   0.1714   0.0901   0.1254
  0.0225  -0.4536   0.1530  -0.0066   0.0887   0.0826
  0.0001  -0.5435   0.1622   0.2674   0.0963   0.1197
  0.0317  -0.4945   0.1671   0.0842   0.0937   0.1177
  0.0097  -0.5621   0.1648   0.2571   0.1054   0.1950
  0.0379  -0.5576   0.1675   0.1158   0.1015   0.1727
  0.0129  -0.5184   0.1553   0.0993   0.1069   0.1656
  0.0333  -0.5935   0.1695   0.1882   0.1064   0.2157
  0.0282  -0.4573   0.1206   0.0111   0.0892   0.1941
  0.0080  -0.5922   0.1580   0.2238   0.1079   0.2138
  0.0211  -0.6129   0.1803   0.2334   0.1046   0.2011
  0.0130  -0.5512   0.1595   0.1137   0.1019   0.2288
  0.0092  -0.6243   0.1680   0.2498   0.1159   0.2743
  0.0310  -0.6184   0.1767   0.1590   0.1049   0.2517
  0.0128  -0.5722   0.1655   0.1063   0.1074   0.2449
  0.0000  -0.6443   0.1775   0.2267   0.1161   0.2946
  0.0340  -0.6004   0.1724   0.0705   0.1074   0.2505
  0.0017  -0.6358   0.1708   0.2557   0.1173   0.2938
  0.0428  -0.3741  -0.0013   0.3941  -0.0143   0.3589
 -0.0064   0.1175  -0.2198  -0.0815  -0.0994   0.2309
  0.0117   0.1123  -0.2165  -0.1422  -0.1013   0.2180
  0.0059   0.1154  -0.1761  -0.0394  -0.0809   0.2214
 -0.0061   0.0489  -0.1055   0.0839  -0.0632   0.2784
 -0.0001  -0.3143   0.0331   0.3377   0.0019   0.3904
 -0.0060  -0.3911   0.0649   0.2665   0.0237   0.3687
 -0.0200  -0.5333   0.0986   0.4441   0.0502   0.4347
  0.0052  -0.4746   0.1022   0.2468   0.0420   0.3938
 -0.0162  -0.5632   0.1166   0.4434   0.0625   0.4519
 -0.0041  -0.5510   0.1482   0.2886   0.0542   0.4067
 -0.0207  -0.5810   0.1320   0.3683   0.0667   0.4234
 -0.0029  -0.6307   0.1518   0.3752   0.0700   0.4359
 -0.0043  -0.5593   0.1450   0.2419   0.0690   0.3960
 -0.0506  -0.6177   0.1565   0.3897   0.0826   0.4729
  0.0064  -0.5729   0.0615   0.3395   0.0566   0.4741
  0.0062  -0.5670   0.1231   0.2857   0.0701   0.4164
 -0.0441  -0.5600   0.1203   0.3570   0.0992   0.4265
 -0.0454  -0.7193   0.1589   0.6018   0.1107   0.5708
 -0.0105  -0.5906   0.1376   0.2854   0.0866   0.4864
 -0.0299  -0.6054   0.1128   0.3732   0.0940   0.5050
 -0.0196  -0.6637   0.1151   0.4485   0.0909   0.5709
  0.0093  -0.5624   0.1248   0.2458   0.0818   0.4698
 -0.0256  -0.6513   0.1431   0.5345   0.0973   0.5607
 -0.0060  -0.7052   0.1536   0.5142   0.0987   0.6183
  0.0062  -0.6020   0.1305   0.3469   0.0923   0.5807
 -0.0172  -0.7277   0.1610   0.5744   0.1022   0.6473
 -0.0079  -0.6515   0.1264   0.3674   0.0874   0.5956
 -0.0328  -0.6211   0.1268   0.4157   0.1027   0.5924
 -0.0104  -0.6794   0.1614   0.4887   0.0973   0.5745
 -0.0142  -0.6201   0.1423   0.4231   0.0892   0.5985
 -0.0286  -0.7233   0.1626   0.6060   0.1083   0.7182
 -0.0086  -0.6378   0.1427   0.4303   0.0964   0.6437
 -0.0085  -0.6420   0.1246   0.3407   0.0926   0.6407
 -0.0249  -0.6531   0.1313   0.3823   0.1030   0.6900
  0.0043  -0.6982   0.1654   0.4271   0.0934   0.6550
 -0.0077  -0.6181   0.1497   0.3562   0.0994   0.6548
 -0.0135  -0.7510   0.1664   0.5822   0.1185   0.7629
  0.0133  -0.6482   0.1528   0.2958   0.0961   0.7016
 -0.0012  -0.6169   0.1307   0.2470   0.0963   0.6999
  0.0079  -0.7158   0.1635   0.4170   0.1052   0.7095
  0.0156  -0.6408   0.1501   0.3019   0.0926   0.6829
 -0.0137  -0.7136   0.1467   0.5104   0.1190   0.7889
