  0.2192   0.8934  -0.0091   0.0266   0.0177  -0.2042
  0.2247   0.8089   0.0320   0.0951   0.0234  -0.1839
  0.1813   0.8063   0.0000   0.0823   0.0041  -0.1740
  0.1912   0.8275   0.0077   0.1104   0.0101  -0.1988
  0.1963   0.8093  -0.0032   0.0981   0.0004  -0.1926
  0.2077   0.8147   0.0069   0.0791   0.0132  -0.1945
  0.1902   0.7785  -0.0004   0.0953   0.0068  -0.1714
  0.2134   0.8349   0.0423   0.1304   0.0548  -0.2238
  0.1528   0.7494  -0.0593   0.0171  -0.0234  -0.1747
  0.1639   0.6641  -0.1693   0.0337  -0.0042  -0.1481
  0.1596   0.7084  -0.1186   0.0332  -0.0096  -0.1537
  0.1457   0.6516  -0.1165   0.0391  -0.0216  -0.1269
  0.1299   0.6206  -0.1029   0.0741  -0.0111  -0.1398
  0.1310   0.6357  -0.1165   0.0552  -0.0279  -0.1509
  0.1361   0.6573  -0.0999   0.0150  -0.0183  -0.1485
  0.1416   0.6290  -0.0867  -0.0053  -0.0314  -0.1236
  0.1333   0.6114  -0.0792   0.0243  -0.0287  -0.1199
  0.1226   0.6284  -0.0931   0.0396  -0.0311  -0.1318
  0.1010   0.5973  -0.0944  -0.0002  -0.0346  -0.1082
  0.0774   0.5797  -0.0870  -0.0066  -0.0338  -0.1123
  0.0820   0.5977  -0.0919   0.0030  -0.0305  -0.1211
  0.0871   0.6406  -0.0769   0.0243  -0.0266  -0.1423
  0.0916   0.5945  -0.0660   0.0067  -0.0214  -0.1161
  0.0888   0.5818  -0.0677   0.0109  -0.0243  -0.1251
  0.0997   0.5894  -0.0643   0.0585  -0.0177  -0.1182
  0.0966   0.5976  -0.0644   0.0545  -0.0250  -0.1328
  0.0785   0.5814  -0.0638   0.0285  -0.0275  -0.1209
  0.0829   0.5882  -0.0686   0.0336  -0.0305  -0.1183
  0.0778   0.5984  -0.0691   0.0447  -0.0227  -0.1292
  0.0877   0.6079  -0.0618   0.0816  -0.0239  -0.1388
  0.0903   0.5671  -0.0531   0.0875  -0.0169  -0.1249
  0.0769   0.4946  -0.0219   0.1202  -0.0122  -0.1421
  0.0941   0.5962  -0.0344   0.1034  -0.0096  -0.1511
  0.1065   0.5470  -0.0323   0.0979   0.0055  -0.1377
  0.1083   0.5304  -0.0230   0.0872   0.0026  -0.1383
  0.0779   0.4848  -0.0682   0.0243  -0.0240  -0.0869
  0.0740   0.4181  -0.0555   0.0848  -0.0124  -0.0895
  0.0631   0.4684  -0.0572   0.1005  -0.0139  -0.1289
  0.0734   0.4368  -0.0611   0.0885  -0.0178  -0.1091
  0.0661   0.4789  -0.0625   0.1112  -0.0084  -0.1316
  0.0624   0.4701  -0.0467   0.0530  -0.0024  -0.0989
  0.0791   0.4986  -0.0366   0.0636   0.0072  -0.1305
  0.0593   0.4573  -0.0396  -0.1137   0.0156  -0.0780
  0.0701   0.4166  -0.0428   0.0151   0.0083  -0.0878
  0.0572   0.4202  -0.0695   0.0079  -0.0103  -0.0900
  0.0564   0.4081  -0.0470   0.0557  -0.0127  -0.1017
  0.0704   0.3983  -0.0494   0.0698  -0.0064  -0.0934
  0.0377   0.3686  -0.0566   0.1888  -0.0244  -0.1175
  0.0753   0.3947  -0.0631   0.2134  -0.0402  -0.1612
  0.0654   0.3832  -0.0442   0.1631  -0.0222  -0.1417
  0.0590   0.3555  -0.0600   0.1547  -0.0168  -0.1168
  0.0481   0.3477  -0.0733   0.1898  -0.0343  -0.1256
  0.0466   0.3490  -0.0660   0.1569  -0.0327  -0.1132
  0.0542   0.3767  -0.0608   0.1568  -0.0295  -0.1324
  0.0345   0.3402  -0.0609   0.1563  -0.0232  -0.1160
  0.0313   0.3319  -0.0597   0.1781  -0.0199  -0.1060
  0.0360   0.3236  -0.0658   0.2092  -0.0247  -0.1088
  0.0377   0.3396  -0.0663   0.1596  -0.0262  -0.1108
  0.0427   0.3409  -0.0735   0.1867  -0.0307  -0.1056
  0.0354   0.3178  -0.0722   0.1708  -0.0322  -0.1001
  0.0381   0.2991  -0.0662   0.1859  -0.0187  -0.1016
  0.0290   0.3211  -0.0685   0.1388  -0.0227  -0.1113
  0.0260   0.3425  -0.0708   0.1192  -0.0345  -0.1021
  0.0329   0.3216  -0.0633   0.1429  -0.0333  -0.0962
  0.0348   0.3251  -0.0683   0.1536  -0.0278  -0.1000
  0.0473   0.3419  -0.0679   0.1609  -0.0292  -0.1097
  0.0423   0.3002  -0.0747   0.1510  -0.0379  -0.0975
  0.0562   0.3189  -0.0766   0.1548  -0.0344  -0.0956
  0.0233   0.3092  -0.0714   0.1579  -0.0284  -0.1022
  0.0122   0.2864  -0.0616   0.1617  -0.0285  -0.0940
  0.0220   0.2688  -0.0766   0.1360  -0.0181  -0.0816
  0.0181   0.2017  -0.0759   0.0100  -0.0470  -0.0364
  0.0420   0.1425   0.0157   0.0851   0.0142  -0.0475
  0.0839   0.2137   0.0248   0.1623   0.0350  -0.0931
  0.0709   0.2042  -0.0025   0.1591   0.0057  -0.0751
  0.0657   0.1933  -0.0095   0.1237  -0.0042  -0.0631
  0.0984   0.2047   0.0135   0.1527   0.0155  -0.0704
  0.1089   0.1873   0.0219   0.1713   0.0197  -0.0693
  0.0847   0.2050   0.0123   0.1434   0.0115  -0.0734
  0.0749   0.1661   0.0034   0.1528   0.0081  -0.0579
  0.0835   0.1928   0.0044   0.1814   0.0069  -0.0916
  0.0756   0.1924   0.0049   0.1483   0.0097  -0.0787
  0.0495   0.2025   0.0292  -0.0660   0.0217  -0.0330
  0.0597   0.1869   0.0128   0.0123   0.0135  -0.0477
  0.0450   0.1512   0.0071   0.0341   0.0130  -0.0382
  0.0452   0.1734   0.0028  -0.0204   0.0004  -0.0441
  0.0486   0.1597  -0.0098   0.0232  -0.0147  -0.0397
  0.0334   0.1627   0.0084   0.0346  -0.0076  -0.0331
  0.0550   0.1483   0.0091   0.1339  -0.0076  -0.0525
  0.0503   0.1666   0.0111   0.0782  -0.0071  -0.0475
  0.0491   0.1519   0.0145   0.0294   0.0079  -0.0372
  0.0352   0.1416   0.0114   0.0566  -0.0075  -0.0377
  0.0250   0.1170   0.0094   0.0526   0.0061  -0.0522
  0.0245   0.1392  -0.0048   0.0862  -0.0080  -0.0813
 -0.0091   0.1381  -0.0150   0.0957  -0.0194  -0.0688
  0.0063   0.1342  -0.0001   0.1321  -0.0104  -0.0653
  0.0088   0.1303  -0.0064   0.1346  -0.0161  -0.0645
  0.0201   0.1163  -0.0064   0.1042  -0.0120  -0.0547
  0.0236   0.1174  -0.0067   0.1272  -0.0100  -0.0624
  0.0221   0.1310   0.0002   0.1172  -0.0039  -0.0556
  0.0137   0.1152  -0.0000   0.1073  -0.0224  -0.0454
  0.0222   0.1305   0.0038   0.1205  -0.0241  -0.0473
  0.0047   0.0701   0.0122   0.1446  -0.0143  -0.0395
  0.0073   0.0972   0.0047   0.1132  -0.0189  -0.0466
  0.0071   0.0706  -0.0063   0.0934  -0.0203  -0.0446
 -0.0020   0.0569  -0.0029   0.1190  -0.0239  -0.0397
  0.0163   0.0808   0.0092   0.1537  -0.0124  -0.0643
  0.0082   0.0617  -0.0026   0.0886  -0.0263  -0.0307
 -0.0111   0.0514   0.0039   0.0801  -0.0218  -0.0341
 -0.0022   0.0785   0.0048   0.1470  -0.0264  -0.0397
  0.0006   0.0738   0.0044   0.1134  -0.0249  -0.0345
  0.0043   0.0445   0.0214   0.0305  -0.0061  -0.0234
  0.0465  -0.0127   0.0159   0.0418   0.0180  -0.0162
  0.0298  -0.0159   0.0197   0.0691   0.0013  -0.0174
  0.0208  -0.0151   0.0102   0.0502  -0.0102   0.0004
  0.0147  -0.0600   0.0122   0.0932  -0.0132   0.0070
  0.0085  -0.0389   0.0108   0.0753  -0.0182  -0.0280
  0.0169  -0.0259   0.0112   0.0811  -0.0165  -0.0062
  0.0013  -0.0436   0.0122   0.0888  -0.0171  -0.0089
  0.0468  -0.0190   0.0119   0.1337  -0.0158  -0.0101
  0.0072  -0.0263   0.0274   0.1036  -0.0090  -0.0110
 -0.0086  -0.0415   0.0273   0.0821  -0.0137  -0.0023
 -0.0077  -0.0500   0.0383   0.0522  -0.0075  -0.0182
 -0.0095  -0.0053   0.0126  -0.1184  -0.0455   0.0207
 -0.0121  -0.0232   0.0328  -0.0579  -0.0154   0.0311
 -0.0169  -0.0591   0.0314   0.0039  -0.0101   0.0168
 -0.0348  -0.0426   0.0349  -0.0151  -0.0021  -0.0052
 -0.0054  -0.0604   0.0533  -0.1392  -0.0032   0.0068
 -0.0249  -0.0906   0.0778  -0.1387  -0.0132   0.0424
 -0.0656  -0.0394   0.0400   0.0197  -0.0101  -0.0204
 -0.0161  -0.0623   0.0331  -0.0042  -0.0055   0.0139
 -0.0258  -0.0727   0.0247  -0.0304  -0.0107   0.0242
 -0.0227  -0.0802   0.0225   0.0419  -0.0206   0.0188
 -0.0271  -0.0637   0.0253   0.0210  -0.0179   0.0078
 -0.0303  -0.0746   0.0277  -0.0196  -0.0081   0.0223
 -0.0295  -0.0506   0.0250   0.0213  -0.0165   0.0058
 -0.0176  -0.0670   0.0388  -0.0098  -0.0146   0.0159
 -0.0278  -0.0752   0.0354   0.0131  -0.0168   0.0105
 -0.0107  -0.1444   0.0139   0.0012   0.0117   0.0282
 -0.0359  -0.1419   0.0266   0.0622  -0.0245  -0.0075
 -0.0272  -0.1023   0.0353  -0.0788  -0.0059   0.0283
 -0.0146  -0.1104   0.0311  -0.0026  -0.0122   0.0217
 -0.0081  -0.1697   0.0203   0.0106  -0.0061   0.0384
 -0.0278  -0.1474   0.0366  -0.0216  -0.0062   0.0256
 -0.0179  -0.1241   0.0337   0.0792  -0.0046  -0.0019
 -0.0147  -0.1266   0.0581   0.0405  -0.0010   0.0126
 -0.0329  -0.1578   0.0369  -0.0127  -0.0060   0.0330
 -0.0173  -0.1367   0.0287   0.0286   0.0014   0.0089
 -0.0217  -0.1380   0.0246  -0.0310  -0.0239   0.0260
 -0.0357  -0.2200   0.0409   0.0640  -0.0101   0.0343
 -0.0065  -0.1435   0.0344   0.0198  -0.0198   0.0068
 -0.0337  -0.1722   0.0646  -0.0979   0.0021   0.0686
 -0.0601  -0.1717   0.0556  -0.1078  -0.0026   0.0760
 -0.0440  -0.1550   0.0608  -0.0239  -0.0091   0.0480
 -0.0466  -0.1710   0.0516  -0.0367  -0.0059   0.0510
 -0.0427  -0.2101   0.0609  -0.0148   0.0042   0.0594
 -0.0447  -0.1850   0.0768  -0.0286   0.0137   0.0373
 -0.0514  -0.1706   0.0843  -0.0611   0.0184   0.0465
 -0.0445  -0.1793   0.0740  -0.0127   0.0077   0.0406
 -0.0374  -0.1644   0.0838   0.0181   0.0071   0.0253
 -0.0359  -0.1762   0.0752  -0.0163   0.0026   0.0249
 -0.0399  -0.1833   0.0711  -0.0081   0.0040   0.0433
 -0.0527  -0.1880   0.0673   0.0164  -0.0009   0.0313
 -0.0457  -0.1650   0.0730   0.0103   0.0017   0.0203
 -0.0532  -0.1713   0.0756   0.0052  -0.0056   0.0302
 -0.0583  -0.1690   0.0742  -0.0296  -0.0041   0.0252
 -0.0622  -0.1601   0.0729   0.0067   0.0009   0.0273
 -0.0536  -0.2008   0.0785   0.0067   0.0058   0.0436
 -0.0498  -0.2214   0.0702   0.0462   0.0038   0.0431
 -0.0583  -0.2088   0.0749   0.0078   0.0056   0.0464
 -0.0635  -0.2228   0.0714   0.0122   0.0068   0.0476
 -0.0421  -0.1814   0.0603   0.0652  -0.0094   0.0021
 -0.0568  -0.2024   0.0763  -0.0511   0.0102   0.0456
 -0.0660  -0.2427   0.0869   0.0098   0.0239   0.0608
 -0.0516  -0.2401   0.0779   0.0143   0.0535   0.0446
 -0.0761  -0.2467   0.0774   0.0367   0.0104   0.0364
 -0.0396  -0.2962   0.0582   0.0489   0.0292   0.0539
 -0.0212  -0.2698   0.0672   0.0927   0.0425   0.0424
 -0.0396  -0.2587   0.0686   0.0428   0.0119   0.0392
 -0.0538  -0.2891   0.0661   0.0215   0.0110   0.0545
 -0.0549  -0.3034   0.0676   0.0830   0.0118   0.0382
 -0.0658  -0.2753   0.0744   0.0324   0.0096   0.0523
 -0.0525  -0.3281   0.0671   0.1019   0.0194   0.0452
 -0.0423  -0.3085   0.0321   0.0594   0.0262   0.0356
 -0.0611  -0.2983   0.0524   0.0492   0.0094   0.0454
 -0.0741  -0.5485   0.0180  -0.1760   0.0222   0.1872
 -0.0934  -0.5745   0.0363  -0.1422   0.0055   0.1529
 -0.1002  -0.6107  -0.0232  -0.1542   0.0158   0.1534
 -0.1077  -0.5874   0.0112  -0.2156   0.0069   0.1819
 -0.0944  -0.5540   0.0199  -0.1556   0.0221   0.1709
 -0.1860  -0.5738   0.0045  -0.2548   0.0267   0.2117
 -0.1022  -0.5477   0.0813  -0.1091   0.0738   0.1614
 -0.0749  -0.5853   0.0681  -0.1204   0.0526   0.1663
 -0.0711  -0.5654   0.0856  -0.1121   0.0698   0.1749
 -0.0846  -0.5515   0.0599  -0.1334   0.0481   0.1368
 -0.0779  -0.5437   0.0780  -0.1226   0.0537   0.1547
 -0.0788  -0.5844   0.0909  -0.1361   0.0664   0.1683
 -0.0796  -0.5394   0.0873  -0.0764   0.0584   0.1346
 -0.0803  -0.5483   0.0823  -0.1153   0.0523   0.1476
 -0.0848  -0.5992   0.0679  -0.1610   0.0445   0.1794
 -0.0967  -0.5654   0.0666  -0.1476   0.0619   0.1577
 -0.0964  -0.5419   0.0549  -0.1422   0.0379   0.1504
 -0.0901  -0.5439   0.0678  -0.1563   0.0421   0.1611
 -0.0672  -0.5595   0.0806  -0.1822   0.0588   0.1593
 -0.0497  -0.5050   0.0704  -0.1120   0.0567   0.1335
 -0.0450  -0.5143   0.0763  -0.1277   0.0592   0.1403
 -0.0569  -0.5616   0.0773  -0.1411   0.0617   0.1541
 -0.0706  -0.5660   0.0947  -0.2026   0.0759   0.1784
 -0.0491  -0.5320   0.0560  -0.1153   0.0588   0.1530
 -0.0737  -0.5006   0.0788  -0.1335   0.0573   0.1453
 -0.0566  -0.4910   0.0829  -0.0879   0.0617   0.1268
 -0.0858  -0.5141   0.0878  -0.1511   0.0658   0.1471
 -0.0874  -0.5471   0.0756  -0.1341   0.0527   0.1584
 -0.1121  -0.6042   0.0780  -0.1091   0.0581   0.1563
 -0.0922  -0.5377   0.0814  -0.0927   0.0538   0.1323
 -0.0962  -0.5724   0.0674  -0.1064   0.0544   0.1491
 -0.0943  -0.6034   0.0690  -0.0442   0.0514   0.1478
 -0.1109  -0.6369   0.0564  -0.1866   0.0503   0.1836
 -0.1247  -0.6514   0.0440  -0.2187   0.0431   0.1870
 -0.1370  -0.8640   0.0102  -0.5554   0.0388   0.3013
 -0.1568  -0.8743  -0.0162  -0.6411   0.0014   0.3371
 -0.1501  -0.8054  -0.0178  -0.5106  -0.0018   0.3142
 -0.1489  -0.8074  -0.0199  -0.4750   0.0032   0.2913
 -0.1549  -0.8069  -0.0316  -0.4341   0.0033   0.2890
 -0.1339  -0.7735  -0.0133  -0.3906   0.0211   0.2615
 -0.1233  -0.7685  -0.0047  -0.4027   0.0339   0.2552
 -0.1454  -0.7514  -0.0162  -0.3180   0.0117   0.2324
 -0.1318  -0.7106  -0.0167  -0.2435   0.0172   0.1902
 -0.1347  -0.7190  -0.0254  -0.2834   0.0125   0.2223
 -0.1474  -0.6812  -0.0259  -0.1724   0.0213   0.1700
 -0.1490  -0.7119  -0.0216  -0.3373   0.0142   0.2242
 -0.1484  -0.6940  -0.0141  -0.2620   0.0150   0.2128
 -0.1486  -0.6908  -0.0027  -0.1958   0.0063   0.1745
 -0.1538  -0.7214  -0.0856  -0.3013  -0.0195   0.2151
 -0.1736  -0.8034  -0.0618  -0.3587   0.0045   0.2338
 -0.1916  -1.3053  -0.1508  -0.8840  -0.0527   0.4587
 -0.2371  -1.6856  -0.2835  -0.9165  -0.0866   0.5395
 -0.1950  -0.9294  -0.1809  -0.3439  -0.0558   0.2670
 -0.1844  -0.9269  -0.1685  -0.3967  -0.0583   0.2937
 -0.1779  -0.9486  -0.1589  -0.3991  -0.0569   0.2982
