 -0.2226   1.2944   0.0078  -0.3690  -0.0380  -0.2771
 -0.2341   1.3077  -0.0260  -0.3894  -0.0395  -0.2622
 -0.2393   1.3009  -0.0296  -0.4302  -0.0493  -0.2550
 -0.2046   1.2475   0.0130  -0.3605  -0.0242  -0.2495
 -0.1754   1.1972   0.0404  -0.4688  -0.0447  -0.2414
 -0.1963   1.2788   0.0512  -0.3629  -0.0384  -0.2486
 -0.2020   1.4123   0.0593  -0.5912  -0.0427  -0.2362
 -0.2137   1.3474   0.0382  -0.4442  -0.0529  -0.2338
 -0.2225   1.4507   0.0521  -0.5404  -0.0749  -0.2428
 -0.2185   1.5005   0.0379  -0.5532  -0.0773  -0.2453
 -0.2051   1.4459   0.0371  -0.5379  -0.0696  -0.2297
 -0.2052   1.4535   0.0334  -0.5233  -0.0712  -0.2332
 -0.2084   1.5149   0.1317  -0.5937  -0.0271  -0.2379
 -0.1680   1.5207   0.1391  -0.5706  -0.0651  -0.2119
 -0.1942   1.5161   0.1177  -0.4943  -0.0633  -0.2198
 -0.1980   1.4820   0.0918  -0.4876  -0.0580  -0.2179
 -0.1779   1.4509   0.0639  -0.4372  -0.0460  -0.2181
 -0.1889   1.4325   0.0675  -0.4062  -0.0508  -0.2118
 -0.1844   1.3788   0.0598  -0.3594  -0.0474  -0.1969
 -0.1954   1.3824   0.0683  -0.3063  -0.0371  -0.2280
 -0.1806   1.4540   0.0200  -0.2933  -0.0418  -0.2140
 -0.1850   1.4343   0.0360  -0.3441  -0.0371  -0.2032
 -0.1866   1.4227   0.0335  -0.3328  -0.0447  -0.2124
 -0.1896   1.4266   0.0377  -0.3903  -0.0534  -0.1981
 -0.1763   1.4179   0.0410  -0.4021  -0.0469  -0.1879
 -0.1877   1.3769   0.0318  -0.3626  -0.0601  -0.1806
 -0.1967   1.3142   0.0390  -0.3393  -0.0596  -0.1776
 -0.2099   1.2541   0.0327  -0.3487  -0.0621  -0.1872
 -0.2141   1.2429   0.0368  -0.3294  -0.0666  -0.1939
 -0.2077   1.2786   0.0747  -0.3678  -0.0584  -0.1796
 -0.1970   1.2373   0.0498  -0.3215  -0.0609  -0.1594
 -0.1789   1.2546   0.0259  -0.2637  -0.0570  -0.1774
 -0.1772   1.2762   0.0087  -0.2784  -0.0530  -0.1916
 -0.1851   1.2659   0.0080  -0.2317  -0.0572  -0.1747
 -0.3041   2.2486  -0.3152  -0.2782  -0.2114  -0.2475
 -0.1593   1.2567  -0.2547  -0.2545  -0.1518  -0.1983
 -0.1604   1.1288  -0.2130  -0.2374  -0.1150  -0.2170
 -0.1632   1.1632  -0.1735  -0.1673  -0.1006  -0.2405
 -0.1800   1.1821  -0.1531  -0.1186  -0.1011  -0.2134
 -0.1620   1.0757  -0.1295  -0.1186  -0.0683  -0.2179
 -0.1613   1.0282  -0.1151  -0.1241  -0.0713  -0.2124
 -0.1878   0.9912  -0.0977  -0.1101  -0.0822  -0.1906
 -0.1858   0.9777  -0.1040  -0.1139  -0.0850  -0.1864
 -0.1639   1.0010  -0.0519  -0.3369  -0.0784  -0.1401
 -0.1367   0.8966  -0.0605  -0.3110  -0.0540  -0.1235
 -0.1593   0.8432  -0.1045  -0.1326  -0.0588  -0.1416
 -0.1707   0.8592  -0.1054  -0.1272  -0.0765  -0.1396
 -0.1895   0.8417  -0.1151  -0.1837  -0.0832  -0.1399
 -0.1872   0.7229  -0.0857  -0.1455  -0.0686  -0.1323
 -0.1956   0.7097  -0.0895  -0.1299  -0.0651  -0.1468
 -0.2146   0.6884  -0.0612  -0.0668  -0.0689  -0.1587
 -0.1783   0.9652  -0.0194  -0.1447  -0.0946  -0.1317
 -0.1786   0.8427  -0.0785  -0.0859  -0.0703  -0.1308
 -0.1860   0.7259  -0.0939  -0.1036  -0.0823  -0.1253
 -0.1741   0.7150  -0.0972  -0.1154  -0.1018  -0.1242
 -0.1641   0.7103  -0.1100  -0.1142  -0.0902  -0.1328
 -0.1719   0.7789  -0.1030  -0.0884  -0.0963  -0.1138
 -0.1750   0.7462  -0.0998  -0.0818  -0.0937  -0.1127
 -0.1770   0.6922  -0.0933  -0.0668  -0.0869  -0.1144
 -0.1851   0.6328  -0.0829  -0.0551  -0.0904  -0.1131
 -0.1834   0.6048  -0.0778  -0.0533  -0.0759  -0.0912
 -0.1981   0.5362  -0.0876  -0.0080  -0.0751  -0.0964
 -0.1842   0.4852  -0.1134  -0.0166  -0.0683  -0.0845
 -0.1992   0.4444  -0.1055  -0.0588  -0.0746  -0.0755
 -0.1813   0.4038  -0.1005  -0.0693  -0.0734  -0.0583
 -0.1788   0.4031  -0.1044  -0.0616  -0.0690  -0.0505
 -0.1835   0.4277  -0.1368  -0.1391  -0.0810  -0.0473
 -0.1708   0.4350  -0.1243  -0.0841  -0.0617  -0.0658
 -0.1806   0.3853  -0.1146  -0.0206  -0.0616  -0.0418
 -0.1763   0.3793  -0.1091  -0.0965  -0.0702  -0.0290
 -0.1474   0.3379  -0.1042  -0.0727  -0.0641  -0.0445
 -0.1537   0.2665  -0.0942  -0.0244  -0.0709  -0.0363
 -0.1126   0.2050  -0.1168  -0.0978  -0.0412  -0.0146
 -0.1095   0.1870  -0.1234  -0.0451  -0.0361  -0.0089
 -0.1156   0.1849  -0.1746  -0.0044  -0.0288  -0.0021
 -0.0601   0.1192  -0.1431   0.0332  -0.0285   0.0055
 -0.0427   0.0218  -0.1563   0.0915  -0.0184  -0.0182
 -0.0286  -0.0601  -0.1375   0.1380  -0.0158  -0.0183
 -0.0410   0.0866  -0.1085   0.1022  -0.0407   0.0272
 -0.0161   0.1315  -0.0129  -0.1026  -0.0672   0.0367
  0.0170   0.1107  -0.0426  -0.1085  -0.0442   0.0491
  0.0193   0.1173  -0.1007  -0.1611  -0.0461   0.0464
  0.0134   0.0974  -0.1109  -0.1760  -0.0373   0.0574
  0.0276   0.1110  -0.1393  -0.1451  -0.0364   0.0813
  0.0404   0.0181  -0.1132  -0.0506  -0.0201   0.0631
  0.0387   0.0158  -0.1078   0.0144  -0.0197   0.0523
  0.0391  -0.0169  -0.1141  -0.0639  -0.0128   0.0664
  0.0407  -0.0331  -0.1158  -0.0008  -0.0141   0.0593
  0.0466  -0.0017  -0.1248   0.0163  -0.0219   0.0529
  0.0416  -0.0631  -0.1135   0.0881  -0.0039   0.0316
  0.0599  -0.0452  -0.1327   0.0784   0.0092   0.0433
  0.0670  -0.0700  -0.1281   0.0575   0.0087   0.0861
  0.0650  -0.0276  -0.1118  -0.0614  -0.0113   0.0698
  0.0657  -0.0685  -0.1257   0.0303  -0.0127   0.0915
  0.0732  -0.0390  -0.1401   0.0236   0.0007   0.0694
  0.0776  -0.0589  -0.1409   0.0509  -0.0008   0.0860
  0.0753  -0.0887  -0.1425   0.0567  -0.0063   0.1040
  0.0710  -0.1032  -0.1483   0.0221  -0.0041   0.0965
  0.0663  -0.1125  -0.1400   0.0785   0.0048   0.0934
  0.0683  -0.1735  -0.1409   0.1483  -0.0056   0.1033
  0.0729  -0.2468  -0.1671   0.1607   0.0129   0.0995
  0.0781  -0.2542  -0.1614   0.1261   0.0044   0.1130
  0.0696  -0.2700  -0.1543   0.0455  -0.0222   0.0898
  0.0944  -0.4055  -0.0935   0.1452  -0.0116   0.0761
  0.1032  -0.5321  -0.0984   0.2072  -0.0033   0.0800
  0.0967  -0.5989  -0.0908   0.1506   0.0009   0.0822
  0.0764  -0.8046   0.0693   0.0796   0.0281   0.0910
  0.1396  -1.3669   0.1976   0.1052   0.0611   0.1070
  0.1971  -1.6371   0.3066   0.0635   0.0812   0.1233
  0.0750  -1.5171   0.1314   0.0849   0.0268   0.0853
  0.1583  -1.5826   0.2919   0.0941   0.0296   0.1361
  0.2422  -1.8887   0.4115   0.5125   0.1380   0.2006
  0.2614  -1.9013   0.2874   0.4859   0.1565   0.1854
  0.2514  -1.8717   0.2695   0.4972   0.1506   0.1904
  0.2495  -1.8226   0.2048   0.5334   0.1379   0.2264
  0.2393  -1.7756   0.1507   0.5118   0.1449   0.2435
  0.2435  -1.7597   0.1446   0.5333   0.1400   0.2544
  0.2449  -1.7725   0.1590   0.5143   0.1264   0.2584
  0.2501  -1.7220   0.1517   0.4817   0.1256   0.2599
  0.2730  -1.7296   0.1388   0.4156   0.1269   0.2730
  0.2816  -1.5623   0.0990   0.3011   0.1333   0.2639
  0.3006  -1.6074   0.1005   0.3265   0.1381   0.2644
  0.2988  -1.6012   0.0844   0.3462   0.1473   0.2633
  0.3047  -1.5997   0.0599   0.3969   0.1439   0.2652
  0.3158  -1.5448   0.0365   0.4020   0.1468   0.2621
  0.3215  -1.5682   0.0880   0.4038   0.1361   0.2623
  0.3245  -1.5810   0.0592   0.3761   0.1391   0.2606
  0.3215  -1.6311   0.0935   0.3783   0.1407   0.2773
  0.3128  -1.6354   0.1257   0.4056   0.1459   0.2621
  0.3126  -1.6549   0.1378   0.3951   0.1377   0.2861
  0.3172  -1.6450   0.1413   0.3777   0.1308   0.2916
  0.3193  -1.6289   0.1419   0.3986   0.1254   0.2918
  0.3182  -1.6137   0.1386   0.3984   0.1199   0.2941
  0.3180  -1.6595   0.1621   0.4078   0.1170   0.3055
  0.3246  -1.6810   0.1552   0.4606   0.1274   0.3036
  0.3367  -1.7124   0.1780   0.4663   0.1301   0.3195
  0.3238  -1.6731   0.1762   0.3897   0.1092   0.3264
  0.3204  -1.7770   0.1974   0.3957   0.1208   0.3145
  0.3290  -1.7914   0.2077   0.4171   0.1248   0.3008
  0.3252  -1.7563   0.2042   0.4054   0.1225   0.2965
  0.3169  -1.7141   0.2256   0.3903   0.1215   0.2885
  0.3459  -1.7445   0.1973   0.3706   0.1271   0.3017
  0.3414  -1.7795   0.2082   0.3658   0.1279   0.3367
  0.3338  -1.7542   0.2126   0.3779   0.1264   0.3349
  0.3297  -1.7731   0.2419   0.3657   0.1300   0.3424
  0.3541  -1.8839   0.2406   0.4479   0.1165   0.3128
  0.3471  -1.8089   0.2260   0.4540   0.1312   0.3217
  0.3478  -1.8958   0.2337   0.4543   0.1446   0.3347
  0.2989  -2.0773   0.2870   0.4352   0.1496   0.3456
  0.3261  -2.0911   0.3328   0.3688   0.1054   0.3204
  0.3302  -2.0043   0.2471   0.4133   0.1387   0.3233
  0.3367  -2.1067   0.2713   0.4815   0.1629   0.3499
  0.3280  -2.2112   0.3317   0.4177   0.1478   0.3405
  0.3062  -2.3998   0.3529   0.4996   0.1483   0.3655
  0.3113  -2.3136   0.3363   0.4415   0.1409   0.3724
  0.2744  -2.5625   0.4558   0.4120   0.1635   0.4171
