 -0.0223  -0.0311  -0.1136  -0.0219  -0.0515   0.0170
 -0.0550  -0.2206  -0.1875  -0.2519  -0.0007  -0.0153
 -0.0400  -0.1638  -0.2000  -0.1731  -0.0211  -0.0581
 -0.0204  -0.1389  -0.1828  -0.1157  -0.0284  -0.0127
  0.0024  -0.1203  -0.1193  -0.0916  -0.0142  -0.0275
  0.0298  -0.0629  -0.1073  -0.0085  -0.0016   0.0098
  0.0313  -0.0170  -0.0921   0.1309  -0.0072   0.0092
  0.0384   0.0836  -0.0600   0.2393  -0.0217  -0.0000
  0.0543   0.0891  -0.0768   0.1971  -0.0176   0.0426
  0.0533   0.0820  -0.0774   0.2426  -0.0279   0.0409
  0.0339   0.1068  -0.0734   0.2186  -0.0289   0.0520
  0.0746   0.0190  -0.0034   0.2896  -0.0014   0.0478
  0.0710   0.0640  -0.0278   0.2811  -0.0150   0.0628
  0.0737   0.0654  -0.0504   0.2593  -0.0255   0.0756
  0.0652   0.0823  -0.0361   0.2463  -0.0120   0.0416
  0.0733   0.1005  -0.0288   0.2956  -0.0035   0.0463
  0.0644   0.1133  -0.0523   0.3162  -0.0269   0.0462
  0.0564   0.1453  -0.0820   0.3138  -0.0449   0.0423
  0.0565   0.1510  -0.0767   0.3250  -0.0456   0.0537
  0.0157   0.0040  -0.0607   0.0719  -0.0473   0.0303
  0.0014  -0.1305  -0.0954  -0.1317  -0.0096   0.0010
 -0.0127  -0.1492  -0.0273  -0.0563   0.0101  -0.0752
 -0.0257  -0.0867  -0.0114  -0.2456   0.0398   0.0821
 -0.0485  -0.1030  -0.0272  -0.1425   0.0278   0.0298
 -0.0528  -0.0843  -0.0055  -0.0827   0.0163   0.0087
 -0.0445  -0.0331  -0.0260  -0.0549   0.0016   0.0017
 -0.0369   0.0015  -0.1110   0.0041  -0.0348  -0.0174
 -0.0659   0.0801  -0.1391   0.0692  -0.0675   0.0156
 -0.0500   0.0965  -0.1301   0.0747  -0.0478   0.0209
 -0.0500   0.1178  -0.1084   0.0930  -0.0520   0.0384
 -0.0878   0.0976  -0.1040   0.0730  -0.0780   0.0254
 -0.0436  -0.0439  -0.1736  -0.1119  -0.0396  -0.0031
 -0.0423  -0.0121  -0.1559  -0.0082  -0.0748  -0.0254
 -0.0521  -0.0018  -0.1572   0.0150  -0.0660  -0.0236
 -0.0507   0.0516  -0.1048  -0.0093  -0.0442   0.0073
 -0.0571   0.0491  -0.0796   0.0425  -0.0467  -0.0015
 -0.0498   0.0778  -0.0703   0.0467  -0.0463   0.0194
 -0.0518   0.0342  -0.0683   0.0437  -0.0290   0.0137
 -0.0519   0.0194  -0.0601   0.0177  -0.0345   0.0097
 -0.0444   0.0447  -0.0475   0.0185  -0.0442   0.0007
 -0.0386   0.0372  -0.0588   0.0337  -0.0467   0.0061
 -0.0396   0.0512  -0.0590   0.0142  -0.0446  -0.0130
 -0.0108  -0.0543  -0.0898   0.2306  -0.0782  -0.0884
  0.0246   0.0260   0.0168   0.1867  -0.0134   0.1904
  0.0235   0.0254   0.0245   0.2370  -0.0159   0.0352
  0.0352   0.0309   0.0345   0.3051  -0.0167   0.0523
  0.0413   0.0689   0.0294   0.3179  -0.0254   0.0497
  0.0482   0.0681   0.0317   0.3496  -0.0250   0.0590
  0.0507   0.0978   0.0499   0.3235  -0.0280   0.0223
  0.0397   0.0682   0.0765   0.2024  -0.0064   0.0524
  0.0275  -0.0687   0.0168  -0.2103   0.0613   0.0760
  0.0219  -0.0933   0.0780  -0.0080   0.0284  -0.0352
  0.0044  -0.0728   0.0941   0.0067   0.0252   0.0019
  0.0029  -0.0649   0.0977  -0.0022   0.0255   0.0099
 -0.0017  -0.0801   0.0981  -0.0224   0.0222  -0.0694
 -0.0016  -0.0331   0.0967  -0.0502   0.0331   0.1067
  0.0009  -0.0450   0.1054  -0.0317   0.0293  -0.0095
  0.0045  -0.0059   0.0975   0.0094   0.0265   0.0177
  0.0022   0.0070   0.1175   0.0454   0.0199   0.0154
  0.0096   0.0018   0.1222   0.0651   0.0278   0.0165
  0.0047  -0.0009   0.1106   0.0537   0.0215   0.0198
  0.0024   0.0017   0.0939  -0.0259   0.0199   0.0336
  0.0089  -0.0881   0.1137   0.0347   0.0190  -0.1319
  0.0194  -0.1260   0.0812  -0.1610   0.0432   0.1265
  0.0402  -0.1182   0.0166  -0.0916   0.0231  -0.0119
  0.0390  -0.0932   0.0256  -0.1185   0.0240  -0.0010
  0.0173  -0.1146   0.0274  -0.1269   0.0249  -0.0217
  0.0113  -0.1196   0.0388  -0.1879   0.0307  -0.0200
  0.0084  -0.1272   0.0436  -0.1502   0.0275  -0.0013
  0.0140  -0.1339   0.0600  -0.1051   0.0094  -0.0352
  0.0084  -0.1006   0.0470  -0.0979  -0.0027  -0.0007
  0.0068  -0.0913   0.0442  -0.1137   0.0150   0.0082
 -0.0143  -0.0878   0.0625  -0.1048  -0.0051  -0.0079
 -0.0099  -0.0808   0.0478  -0.1468   0.0071   0.0095
 -0.0076  -0.0963   0.0636  -0.0958  -0.0014   0.0016
 -0.0132  -0.0562   0.0426   0.0312  -0.0126  -0.0105
 -0.0052  -0.0106   0.0444  -0.0032  -0.0066  -0.0151
  0.0020  -0.0340   0.0376  -0.0244   0.0029  -0.0044
  0.0028  -0.0784   0.0439  -0.0856   0.0114  -0.0064
 -0.0048  -0.0714   0.0428  -0.0629   0.0066  -0.0008
 -0.0118  -0.0438   0.0441  -0.0503   0.0107  -0.0183
 -0.0076  -0.0410   0.0455   0.0026  -0.0004   0.0057
 -0.0052  -0.0258   0.0380   0.0089   0.0041  -0.0005
  0.0215  -0.0248   0.0359   0.0396  -0.0147  -0.0151
  0.0120  -0.0234   0.0428   0.0176  -0.0104   0.0055
  0.0049  -0.0123   0.0409   0.0240  -0.0128   0.0098
 -0.0046  -0.0032   0.0263  -0.0022  -0.0136  -0.0136
 -0.0065  -0.0237   0.0283   0.0215  -0.0144  -0.0213
 -0.0097  -0.0050   0.0147   0.0181  -0.0187   0.0077
 -0.0285   0.0017   0.0012   0.0028  -0.0391  -0.0254
 -0.0318   0.0586  -0.0068  -0.0248  -0.0315   0.0009
 -0.0274   0.0493   0.0118  -0.0264  -0.0257   0.0177
 -0.0189   0.0287   0.0095  -0.0072  -0.0245  -0.0235
 -0.0191   0.0370   0.0071  -0.0003  -0.0259  -0.0035
 -0.0237   0.0369   0.0150  -0.0274  -0.0229   0.0049
 -0.0191   0.0384  -0.0209  -0.0061  -0.0079   0.0122
 -0.0389  -0.0224  -0.0310  -0.0902   0.0026  -0.0065
 -0.0110  -0.0503  -0.0065  -0.1340   0.0248  -0.0153
 -0.0102  -0.0738   0.0099  -0.1297   0.0163  -0.0922
  0.0049  -0.1306   0.0963  -0.0831   0.0501  -0.0232
 -0.0484   0.0565  -0.0850  -0.0858  -0.0095   0.0453
  0.0274   0.5120  -0.1731  -0.3499   0.0501  -0.0712
  0.0621   0.0034   0.0894  -0.2962   0.1542  -0.0600
  0.0331  -0.0464   0.1054  -0.3189   0.1090  -0.0654
  0.0216  -0.0304   0.0787  -0.2470   0.0880  -0.0580
  0.0218  -0.0024   0.0928  -0.1453   0.0773  -0.0526
  0.0194   0.0533   0.0690  -0.1062   0.0503  -0.0603
  0.0212   0.0550   0.0695  -0.0808   0.0480  -0.0273
  0.0034   0.0783   0.0392  -0.0794   0.0412  -0.0318
 -0.0009   0.0809   0.0453  -0.0737   0.0397  -0.0440
  0.0014   0.0821   0.0606  -0.0615   0.0430  -0.0445
  0.0199   0.0758   0.0486  -0.0735   0.0590  -0.0323
 -0.0040   0.0793   0.0545  -0.0755   0.0418  -0.0497
 -0.0045   0.0866   0.0625  -0.0802   0.0423  -0.0582
 -0.0098   0.0965   0.0456  -0.0914   0.0375  -0.0461
 -0.0140   0.0845   0.0458  -0.0938   0.0289  -0.0582
 -0.0062   0.0825   0.0483  -0.0682   0.0248  -0.0536
  0.0017   0.0957   0.0629  -0.0359   0.0332  -0.0399
 -0.0115   0.0906   0.0551  -0.0343   0.0205  -0.0052
 -0.0296   0.0763   0.0638  -0.0392   0.0090  -0.0296
