  0.0479  -1.9752   0.0433  -0.1150  -0.0107   0.8424
  0.0513  -1.9922   0.0428  -0.1163  -0.0117   0.8561
  0.0642  -2.0129   0.0636  -0.1418  -0.0153   0.8613
  0.0486  -1.9853   0.0492  -0.1500  -0.0158   0.8542
  0.0385  -1.9847   0.0501  -0.1576  -0.0139   0.8582
  0.0339  -1.9602   0.0725  -0.1567  -0.0326   0.8453
  0.0576  -1.8041   0.0733  -0.0499  -0.0196   0.7992
  0.0591  -1.8030   0.0576  -0.0796  -0.0180   0.8330
  0.0688  -1.8339   0.0609  -0.1037  -0.0153   0.8144
  0.0820  -1.8727   0.0665  -0.1461  -0.0096   0.8202
  0.0593  -1.8356   0.0652  -0.1634  -0.0173   0.8366
  0.0538  -1.8094   0.0676  -0.1581  -0.0157   0.8081
  0.0481  -1.8078   0.0665  -0.1710  -0.0115   0.8251
  0.0582  -1.8213   0.0634  -0.1651  -0.0087   0.8242
  0.0545  -1.8182   0.0539  -0.1672  -0.0135   0.8363
  0.0469  -1.8176   0.0509  -0.1795  -0.0181   0.8321
  0.0431  -1.8172   0.0457  -0.1994  -0.0160   0.8320
  0.0358  -1.8396   0.0360  -0.2046  -0.0179   0.8484
  0.0459  -1.8150   0.0488  -0.1845  -0.0215   0.8414
  0.0278  -1.7281   0.0445  -0.2951  -0.0296   0.8455
  0.0163  -1.8147   0.0448  -0.2768  -0.0261   0.8154
  0.0233  -1.7462   0.0421  -0.2693  -0.0287   0.8354
  0.0262  -1.7545   0.0411  -0.2452  -0.0284   0.8311
  0.0248  -1.7356   0.0435  -0.2714  -0.0306   0.8446
  0.0330  -1.7298   0.0466  -0.2396  -0.0255   0.8114
  0.0295  -1.7406   0.0334  -0.2502  -0.0257   0.8229
  0.0306  -1.7614   0.0290  -0.2405  -0.0255   0.8251
  0.0236  -1.8002   0.0187  -0.2819  -0.0235   0.8280
  0.0191  -2.1380  -0.0167  -0.3963  -0.0202   0.8916
  0.0242  -2.1820   0.0078  -0.2762  -0.0197   0.8857
  0.0243  -2.0106   0.0034  -0.2802  -0.0228   0.8899
  0.0094  -2.0285  -0.0084  -0.2706  -0.0288   0.8599
  0.0282  -1.9736   0.0033  -0.2883  -0.0260   0.8750
  0.0382  -1.9752   0.0247  -0.2606  -0.0290   0.8434
  0.0377  -1.9847   0.0270  -0.2658  -0.0331   0.8767
  0.0381  -1.9565   0.0338  -0.2643  -0.0306   0.8533
  0.0373  -1.9698   0.0283  -0.2426  -0.0285   0.8501
  0.0285  -1.9531   0.0273  -0.2651  -0.0256   0.8372
  0.0338  -1.9231   0.0318  -0.2448  -0.0236   0.8271
  0.0417  -1.8862   0.0465  -0.2371  -0.0230   0.8300
  0.0431  -1.8796   0.0448  -0.2445  -0.0231   0.8340
  0.0358  -1.9161   0.0364  -0.2515  -0.0260   0.8359
  0.0390  -1.8941   0.0396  -0.2540  -0.0220   0.8226
  0.0470  -2.0092   0.0402  -0.2700  -0.0238   0.8416
  0.0500  -1.9653   0.0592  -0.2383  -0.0173   0.8308
  0.0542  -1.8842   0.0941  -0.1915  -0.0228   0.8081
  0.0577  -1.8702   0.0927  -0.1748  -0.0252   0.8396
  0.0647  -2.0217   0.0776  -0.1736  -0.0252   0.8599
  0.0748  -1.9178   0.0941  -0.1818  -0.0299   0.8377
  0.0726  -1.8523   0.1137  -0.1691  -0.0351   0.8226
  0.0653  -1.8732   0.1075  -0.1730  -0.0351   0.8320
  0.0371  -1.5088   0.1277  -0.1589  -0.0309   0.7383
  0.0456  -0.7389   0.2241  -0.2252  -0.0015   0.5672
  0.0585  -1.4303   0.2357  -0.3116  -0.0040   0.7946
  0.0570  -1.3828   0.1675  -0.3284   0.0171   0.7269
 -0.0304  -1.3210   0.2190  -0.3046  -0.0493   0.7159
 -0.0244  -1.2981   0.2181  -0.3064  -0.0522   0.7456
 -0.0166  -1.2640   0.2085  -0.3075  -0.0414   0.7448
 -0.0054  -1.2995   0.2029  -0.3109  -0.0244   0.7401
  0.0068  -1.3025   0.2048  -0.3040  -0.0223   0.7117
  0.0081  -1.2466   0.1913  -0.2771  -0.0195   0.6928
  0.0014  -1.2825   0.1509  -0.1876  -0.0118   0.7204
  0.0009  -1.2764   0.1730   0.2347  -0.0070   0.6404
 -0.1388   0.3307   0.3437   1.4175   0.0191  -0.3033
 -0.1680   0.4444   0.4362   1.3851  -0.0507  -0.2593
 -0.1194   0.3370   0.4174   1.2334  -0.1680  -0.5648
 -0.1600   0.3479   0.3465   1.3060  -0.1866  -0.7536
 -0.1339   0.3427   0.4152   1.4002  -0.1794  -0.7699
 -0.1432   0.3558   0.3926   1.4232  -0.2120  -0.8188
 -0.1351   0.4142   0.3764   1.4480  -0.2337  -0.8694
 -0.1171   0.4481   0.3780   1.4111  -0.2121  -0.8488
 -0.1154   0.4040   0.3670   1.3752  -0.2013  -0.8229
 -0.1110   0.4146   0.3456   1.2924  -0.1940  -0.8114
 -0.0711   0.6484   0.3485   1.2560  -0.2260  -1.2793
 -0.0855   0.7243   0.3839   1.0153  -0.1823  -1.5319
 -0.0661   0.6821   0.3674   1.1234  -0.1844  -1.6075
 -0.1284   0.6363   0.3742   1.1473  -0.2457  -1.5803
 -0.2304   1.1717   0.0014   1.0090  -0.3987  -1.5617
 -0.0170  -0.4405   0.1484   0.4550  -0.1449   0.0215
 -0.0303  -0.2440   0.1309   0.5535  -0.1514  -0.1543
 -0.0091  -0.1507   0.2640   0.8307  -0.1022  -0.5243
 -0.0252  -0.0478   0.3998   0.8980  -0.1250  -1.3762
  0.0153   0.0756   0.5262   0.9246  -0.0440  -1.7236
  0.1438   0.1222   0.7020   0.9895   0.1237  -1.9102
 -0.0570   0.3588   0.1964   0.0115  -0.0603  -0.3392
 -0.0570   0.5461   0.0864   0.0671  -0.0841  -0.2978
 -0.0460   0.4030   0.0620   0.1392  -0.0830  -0.2436
 -0.0456   0.4377   0.0583   0.1475  -0.0857  -0.2467
 -0.0405   0.5219   0.0634   0.1640  -0.0877  -0.2445
 -0.0440   0.5557   0.0372   0.1676  -0.0940  -0.2155
 -0.0460   0.5239   0.0324   0.1673  -0.1021  -0.2055
 -0.0648   0.5059   0.0149   0.1939  -0.1100  -0.2100
 -0.0432   0.5230   0.0192   0.2012  -0.0994  -0.2140
 -0.0574   0.4923   0.0130   0.1680  -0.0966  -0.1707
 -0.0557   0.4199   0.0149   0.0884  -0.0884  -0.1744
 -0.0011  -0.0143   0.1043   0.4352  -0.0409  -0.1498
 -0.0264   0.1626   0.0672   0.3565  -0.0545  -0.1575
 -0.0336   0.3199   0.0440   0.2119  -0.0576  -0.1303
 -0.0391   0.2904   0.0953   0.3254  -0.0649  -0.1686
 -0.0321   0.2953   0.0739   0.3317  -0.0589  -0.1479
 -0.0128   0.2666   0.0514   0.3338  -0.0600  -0.1417
 -0.0306   0.2694   0.0321   0.2937  -0.0556  -0.1268
 -0.0366   0.3367   0.0314   0.2447  -0.0626  -0.1359
 -0.0240   0.3516   0.0387   0.3186  -0.0640  -0.1633
 -0.0276   0.3329   0.0345   0.3588  -0.0616  -0.1475
 -0.0336   0.3690   0.0267   0.3508  -0.0652  -0.1536
 -0.0344   0.3683   0.0350   0.3168  -0.0670  -0.1593
  0.0385  -0.4360   0.1012   0.1808  -0.0135   0.0989
  0.0588  -0.1946   0.1720   0.8572  -0.0379  -0.9986
  0.0418  -0.0182   0.0751   0.1818  -0.0947  -0.3736
  0.0296   0.1613   0.1205   0.0903  -0.0462  -0.1126
  0.0246   0.1293   0.0546   0.1653  -0.0382  -0.1619
  0.0366   0.1345   0.0547   0.2166  -0.0431  -0.1365
  0.0310   0.1741   0.0685   0.2328  -0.0315  -0.1477
  0.0267   0.0848   0.0599   0.2514  -0.0292  -0.1154
  0.0289   0.0794   0.0614   0.2766  -0.0334  -0.1189
  0.0204   0.1690   0.0474   0.1948  -0.0440  -0.1089
  0.0405   0.1322   0.0648   0.2884  -0.0296  -0.1431
  0.0368   0.0710   0.0386   0.2070  -0.0183  -0.0888
  0.0292   0.0133   0.0563   0.2382  -0.0218  -0.1093
  0.0266   0.1459   0.0160   0.1474  -0.0182  -0.1156
  0.0372   0.0706   0.0251   0.1832  -0.0216  -0.1288
  0.0288   0.4457   0.0708   0.7629  -0.0027  -0.4481
 -0.2961   3.9075  -0.0107   2.2781   0.0567  -3.1062
  0.1106   1.6470   0.1626   1.2140   0.1115  -1.8871
  0.0988   0.5656   0.1635   0.9012   0.0683  -0.4967
  0.1336   0.6781   0.2120   0.5451   0.1165  -0.3690
  0.1450   0.5862   0.1713   0.2253   0.1259  -0.3900
  0.0979   0.6405   0.1823   0.1792   0.1043  -0.2440
  0.1302   1.1538   0.0988  -0.2968   0.1013  -0.3395
  0.0824   1.8217  -0.0587  -0.5768   0.0522  -0.3607
  0.0301   1.4277  -0.0751  -0.3784   0.0418  -0.1326
  0.0396   1.5512  -0.0755  -0.2731   0.0524  -0.3647
  0.0291   1.6456  -0.0586  -0.2613   0.0472  -0.3234
  0.0365   1.5587  -0.0650  -0.2153   0.0568  -0.3202
  0.0396   1.5609  -0.0663  -0.2250   0.0585  -0.3493
  0.0357   1.4438  -0.0978  -0.0873   0.0546  -0.3107
  0.0308   0.9916  -0.0291   0.0639   0.0427  -0.1944
  0.0367   1.1628  -0.0241   0.0573   0.0564  -0.3528
 -0.0063   1.2594  -0.0730   0.1396   0.0428  -0.2873
 -0.0630   1.7103  -0.1475   1.0767  -0.0128  -0.6917
  0.0027   1.9197  -0.2270   0.1722   0.0149  -0.3016
  0.0319   1.5499  -0.1758  -0.2629  -0.0323  -0.1573
 -0.0251   1.0025  -0.2506   0.1784   0.0031  -0.1473
 -0.1345   1.6408  -0.2746   0.1509  -0.0212  -0.3438
 -0.1984   2.3280  -0.1599  -0.3646  -0.0710  -0.0612
 -0.1714   2.7283  -0.2255  -0.8490  -0.0183  -0.2095
 -0.0970   2.1219  -0.1538  -1.0160  -0.0034   0.1065
 -0.0384   1.9071  -0.1758  -0.8301   0.0203  -0.0510
 -0.0269   2.5105  -0.0732  -0.8703  -0.0002  -0.2914
 -0.0672   2.4979  -0.1263  -0.7139  -0.0096  -0.1957
 -0.1035   2.2036  -0.1694  -0.8507  -0.0174  -0.1278
 -0.1387   3.0184  -0.1953  -0.9358   0.0163  -0.2767
 -0.1867   3.6252  -0.0746  -1.4648  -0.0763  -0.1123
 -0.1698   3.1468  -0.2585  -1.1020  -0.0790   0.0003
 -0.1220   2.9233  -0.2580  -0.8924  -0.0576  -0.1633
 -0.0297   2.6567  -0.2756  -0.7216   0.0232  -0.1524
 -0.1952   3.5496  -0.3751  -1.5908  -0.0762  -0.1088
 -0.1402   2.8957  -0.4355  -1.4966  -0.0403   0.1028
 -0.0755  -0.7518  -0.1175  -0.2732  -0.0108   0.4676
 -0.0724  -0.4504  -0.1432  -0.2552  -0.0173   0.2047
 -0.0652  -0.3138  -0.1638  -0.2826  -0.0170   0.1985
 -0.0641  -0.3512  -0.1610  -0.2682  -0.0163   0.2124
 -0.0595  -0.3519  -0.1789  -0.2825  -0.0133   0.1985
 -0.0622  -0.2902  -0.1761  -0.3071  -0.0137   0.1933
 -0.0605  -0.2627  -0.1845  -0.3292  -0.0092   0.1793
 -0.0644  -0.2290  -0.2254  -0.3482  -0.0171   0.1690
 -0.0451  -0.1352  -0.2787  -0.2869  -0.0213   0.0981
 -0.0462  -0.0989  -0.2845  -0.3225  -0.0216   0.1487
 -0.0401  -0.0339  -0.3070  -0.3935  -0.0174   0.1322
 -0.0370   0.0158  -0.2975  -0.3795  -0.0163   0.1170
 -0.0337   0.0957  -0.3054  -0.3967  -0.0188   0.1049
 -0.1909   2.7253   0.0907  -0.5053   0.1286  -1.1558
 -0.2385   2.1417   0.0918  -0.9597  -0.0108  -0.1127
 -0.1873   1.8250  -0.0004  -0.8151   0.0099  -0.1910
 -0.1384   1.7795  -0.0642  -0.8417   0.0304  -0.2208
 -0.1307   1.8601  -0.0881  -0.8122   0.0319  -0.1381
 -0.1122   1.8542  -0.0808  -0.8030   0.0339  -0.1560
 -0.1120   1.7968  -0.0744  -0.7669   0.0381  -0.2173
  0.0650   2.3982   0.2218  -0.2145   0.2706  -1.7277
  0.2121   2.3800   0.2228  -0.3952   0.1976  -1.3399
 -0.0388   1.8193  -0.0591  -0.9091   0.0692  -0.2409
 -0.0463   1.5848  -0.0728  -0.7275   0.0624  -0.2463
 -0.0853   2.5178  -0.1839  -0.7299  -0.0089  -0.4209
  0.1002   1.9760  -0.3763  -0.4182   0.0606  -0.1405
  0.1260   1.0513  -0.3742  -0.5056   0.1312  -0.0470
 -0.0042   1.1746  -0.3687  -0.6090   0.0586  -0.0696
  0.0538   0.3854  -0.1795  -0.2758   0.0657  -0.0128
 -0.0084   0.6460  -0.1745  -0.2112   0.0023  -0.0547
 -0.0147   0.8043  -0.2239  -0.2240   0.0097  -0.0923
  0.0059   0.8108  -0.2493  -0.2859   0.0349  -0.1328
  0.0088   0.7916  -0.2233  -0.3308   0.0282  -0.0835
  0.0492   1.0461  -0.1382  -0.0064   0.0902  -0.8726
  0.0213   1.5256   0.0053   0.1384   0.0861  -1.5189
 -0.0365   1.7095  -0.0290  -0.4459   0.0834  -0.3965
 -0.0038   1.4840  -0.0926  -0.3599   0.0607  -0.4041
 -0.0051   1.4423  -0.0921  -0.3139   0.0799  -0.3982
 -0.0044   1.4582  -0.1006  -0.3086   0.0812  -0.3593
 -0.0094   1.3406  -0.1170  -0.3057   0.0808  -0.3684
 -0.0094   1.2749  -0.1213  -0.3075   0.0794  -0.3324
 -0.0074   1.2400  -0.1248  -0.2924   0.0818  -0.3583
 -0.0005   1.2479  -0.1262  -0.3141   0.0857  -0.3372
  0.0041   1.2067  -0.1262  -0.3164   0.0839  -0.3392
  0.0063   1.2006  -0.1323  -0.3152   0.0834  -0.3420
  0.0107   1.1802  -0.1339  -0.2989   0.0833  -0.3359
  0.0193   1.1524  -0.1535  -0.2965   0.0817  -0.3277
  0.0585  -0.2568  -0.0963  -0.0354   0.0992  -0.0139
  0.0667  -0.8185  -0.0437   0.2315   0.1175  -0.0516
  0.0746  -0.6727  -0.0245   0.1575   0.1209  -0.0530
  0.0786  -0.5642  -0.0258   0.1379   0.1243  -0.0832
  0.0828  -0.5863  -0.0377   0.1471   0.1226  -0.0543
  0.0855  -0.5621  -0.0391   0.1626   0.1199  -0.0244
  0.0873  -0.5346  -0.0423   0.1651   0.1214  -0.0438
  0.0889  -0.6019  -0.0524   0.1710   0.1224  -0.0541
  0.0790  -0.6170  -0.0521   0.1947   0.1216  -0.0308
  0.0798  -0.6069  -0.0502   0.1953   0.1245  -0.0504
  0.0790  -0.6349  -0.0483   0.2283   0.1211  -0.0420
  0.0703  -0.6545  -0.0504   0.1972   0.1248  -0.0324
  0.0752  -0.6572  -0.0466   0.1839   0.1218  -0.0529
  0.0748  -0.6557  -0.0447   0.1672   0.1222  -0.0509
  0.0741  -0.6407  -0.0469   0.1936   0.1238  -0.0729
  0.0747  -0.6361  -0.0446   0.2260   0.1230  -0.0579
  0.0682  -0.6405  -0.0504   0.2255   0.1224  -0.0511
  0.0647  -0.6530  -0.0545   0.2384   0.1257  -0.0640
  0.0648  -0.6363  -0.0583   0.2074   0.1223  -0.0596
  0.0646  -0.6434  -0.0675   0.2409   0.1231  -0.0618
  0.0669  -0.6595  -0.0636   0.2542   0.1280  -0.0418
  0.0617  -0.6455  -0.0650   0.2294   0.1202  -0.0243
  0.0633  -0.6481  -0.0653   0.2715   0.1229  -0.0305
  0.0738  -0.6387  -0.0558   0.2742   0.1277  -0.0429
  0.0730  -0.6740  -0.0575   0.2441   0.1218  -0.0112
  0.0748  -0.6353  -0.0581   0.1005   0.1197   0.0001
  0.0790  -0.6971  -0.0646   0.0890   0.1255  -0.0260
  0.0927  -0.5305  -0.0611   0.0229   0.1215  -0.0420
  0.0864  -0.5146  -0.0355  -0.1401   0.1363  -0.0846
  0.0826   0.0393  -0.0528  -0.4072   0.1355  -0.0656
  0.0946   0.4377  -0.0825  -0.3248   0.1272   0.0653
  0.0978   0.4052  -0.0840  -0.3310   0.1270  -0.0500
  0.0884   0.4547  -0.0777  -0.2716   0.1272  -0.1162
  0.0838   0.5140  -0.1007  -0.2409   0.1175  -0.1074
