  0.1162  -0.0326   0.1332  -0.3270   0.0970   0.2492
  0.1406  -0.0165   0.0737  -0.0457   0.0552   0.1640
  0.1593  -0.0078   0.0745   0.1193   0.0237   0.0950
  0.1633  -0.0294   0.0564   0.1632   0.0049   0.0614
  0.1386  -0.0196   0.0434   0.1659   0.0146   0.0559
  0.1651   0.0060   0.0315   0.1222   0.0188   0.0805
  0.1936  -0.0197   0.0321   0.1961   0.0131   0.0280
  0.1786  -0.0206   0.0490   0.2305  -0.0055   0.0202
  0.1960  -0.0131   0.0613   0.2268   0.0053   0.0158
  0.2006  -0.0150   0.0751   0.2419   0.0006   0.0234
  0.1909  -0.0290   0.0640   0.2339  -0.0020  -0.0031
  0.1400  -0.0335   0.0157   0.1948   0.0005   0.0321
  0.1432  -0.0163   0.0169   0.1084  -0.0066   0.0544
  0.1346  -0.0449   0.0190   0.1470  -0.0227   0.0351
  0.1452  -0.0396   0.0243   0.2253  -0.0206   0.0143
  0.1319  -0.0355   0.0311   0.1720  -0.0129   0.0273
  0.1375  -0.0513   0.0061   0.2447  -0.0183  -0.0085
  0.1336  -0.0371   0.0174   0.2617  -0.0478  -0.0296
  0.1048   0.0082   0.0078   0.1907   0.0101   0.0243
  0.0997  -0.0018  -0.0078   0.1956  -0.0073   0.0056
  0.1160  -0.0081  -0.0006   0.2015  -0.0149   0.0070
  0.1125  -0.0221   0.0011   0.1912  -0.0163   0.0096
  0.1219  -0.0298   0.0251   0.2512  -0.0358  -0.0057
  0.1211  -0.0179   0.0061   0.2517  -0.0365  -0.0234
  0.1097  -0.0548   0.0112   0.2502  -0.0081  -0.0080
  0.1368  -0.0573  -0.0129   0.2240  -0.0038  -0.0142
  0.1477   0.0228  -0.0146   0.1842  -0.0237   0.0195
  0.1154   0.0106   0.0210   0.1453  -0.0172   0.0295
  0.1012  -0.0074   0.0213   0.1626  -0.0186   0.0168
  0.0943  -0.0132   0.0077   0.2172  -0.0276   0.0031
  0.0925  -0.0356   0.0077   0.1867  -0.0195  -0.0056
  0.0943  -0.0365   0.0319   0.1382  -0.0103   0.0130
  0.0883  -0.0380   0.0085   0.1670  -0.0313   0.0028
  0.0943   0.0073   0.0278   0.1385  -0.0061   0.0123
  0.0896  -0.0136   0.0357   0.1470   0.0075   0.0130
  0.0890   0.0031   0.0327   0.1797  -0.0418   0.0102
  0.0596   0.0101  -0.0116   0.0978   0.0217   0.0425
  0.0631  -0.0284   0.0089   0.1514  -0.0613   0.0140
  0.0898   0.0190   0.0078   0.1254  -0.0317   0.0248
  0.0797   0.0160   0.0245   0.1105  -0.0092   0.0463
  0.1524   0.2295  -0.0558   0.1007  -0.0681   0.0186
  0.0819   0.1094  -0.0367   0.1853  -0.0530  -0.0127
  0.0724   0.0612   0.0144   0.1874  -0.0362  -0.0167
  0.1250   0.0901   0.1341   0.2380  -0.0457  -0.0262
  0.1143   0.0732   0.0987   0.2107  -0.0461  -0.0205
  0.1098   0.0712   0.0614   0.2178  -0.0231  -0.0275
  0.1062   0.0393   0.0412   0.1804  -0.0115  -0.0307
  0.0914   0.0092   0.0281   0.2038  -0.0328  -0.0414
  0.0998   0.0237   0.0467   0.1917  -0.0266  -0.0258
  0.0998   0.0099   0.0426   0.1740  -0.0258  -0.0351
  0.0918   0.0043   0.0538   0.1904  -0.0332  -0.0360
  0.0801  -0.0000   0.0291   0.1915   0.0152  -0.0498
  0.0824   0.0325   0.0408   0.1830   0.0013  -0.0227
  0.0657   0.0263   0.0360   0.1762  -0.0134  -0.0340
  0.0706   0.0335   0.0446   0.1698  -0.0175  -0.0012
  0.0621  -0.0044   0.0213   0.1683  -0.0201  -0.0321
  0.0608  -0.0104   0.0417   0.1524  -0.0709  -0.0329
  0.0469   0.0230   0.0460   0.0908  -0.0569  -0.0144
  0.0506   0.0418   0.0131   0.0572   0.0300   0.0054
  0.0627   0.0421   0.0130   0.0892   0.0215  -0.0079
  0.0679   0.0574   0.0406   0.0859  -0.0223  -0.0114
  0.0639   0.0248   0.0248   0.1101  -0.0197  -0.0303
  0.0605   0.0508   0.0004   0.1098   0.0320  -0.0087
  0.0445   0.0344   0.0063   0.0233   0.0080   0.0052
  0.0489   0.0590  -0.0305   0.0098   0.0169   0.0034
  0.0542   0.2191  -0.0405  -0.0099  -0.0007   0.0248
  0.0661   0.1594   0.0102   0.0754  -0.0246  -0.0013
  0.0608   0.1027   0.0007   0.0489   0.0217  -0.0192
  0.0481   0.1171  -0.0043   0.0739   0.0054  -0.0078
  0.0448   0.0792  -0.0281   0.0267   0.0210   0.0008
  0.0400   0.0597   0.0354   0.0591  -0.0161  -0.0055
  0.0576   0.0666   0.0271   0.0427   0.0095   0.0067
  0.0505   0.0699   0.1168   0.2054  -0.0670  -0.0631
  0.0475   0.0854   0.0559   0.1380  -0.0152  -0.0410
  0.0373   0.1235   0.0296   0.1172  -0.0222  -0.0144
  0.0324   0.0108  -0.0246   0.1504  -0.0561  -0.0370
  0.0358   0.0680  -0.0011   0.1201  -0.0345  -0.0238
  0.0117   0.0323  -0.0112   0.1714  -0.0279  -0.0568
  0.0417   0.2036  -0.0049   0.1495  -0.0238  -0.0393
  0.0901   0.2754  -0.0114   0.1637   0.0321  -0.0695
  0.0324   0.0997   0.0305   0.1264  -0.0173  -0.0525
  0.0290   0.1189   0.0489   0.1181  -0.0148  -0.0344
  0.0211   0.1093   0.0200   0.1392  -0.0280  -0.0574
  0.0169   0.0950   0.0111   0.0657   0.0041  -0.0351
  0.0131   0.0564   0.0154   0.1062  -0.0481  -0.0540
  0.0224   0.0362   0.0082   0.0272  -0.0245  -0.0178
  0.0336   0.0724   0.0053   0.0094  -0.0251  -0.0256
  0.0317   0.0420   0.0166   0.0522  -0.0383  -0.0300
  0.0268   0.0580   0.0106   0.0397  -0.0013  -0.0121
  0.0243   0.0664  -0.0089   0.0712   0.0068  -0.0094
  0.0185   0.0515  -0.0227   0.0136   0.0285  -0.0127
  0.0279   0.0592  -0.0052  -0.0020   0.0262   0.0071
  0.0304   0.0105  -0.0199   0.0444   0.0123  -0.0108
  0.0823  -0.0355  -0.0642   0.0410   0.0318  -0.0339
  0.0002   0.0409   0.0566   0.0179  -0.0117  -0.0278
  0.0116   0.0533   0.0355   0.0010  -0.0086  -0.0202
  0.0084   0.0399   0.0422   0.0265   0.0051  -0.0367
  0.0027   0.0302   0.0260  -0.0209   0.0316  -0.0215
 -0.0073   0.0216   0.0255  -0.0390   0.0274  -0.0159
 -0.0007   0.0034   0.0176  -0.0748   0.0354   0.0089
 -0.0062  -0.0054   0.0334  -0.1721   0.0481   0.0468
 -0.0122  -0.0173   0.0412  -0.1117   0.0190   0.0160
 -0.0106  -0.0090   0.0312  -0.1093   0.0351   0.0098
 -0.0255  -0.0109   0.0337  -0.1079   0.0002   0.0076
 -0.0301  -0.0057   0.0398  -0.1094   0.0251   0.0031
 -0.0326   0.0005   0.0249  -0.1090   0.0335   0.0068
 -0.0330  -0.0100   0.0282  -0.1420   0.0369   0.0173
 -0.0304  -0.0158   0.0279  -0.1937   0.0509   0.0424
 -0.0404  -0.0355   0.0285  -0.0769  -0.0080   0.0037
 -0.0497  -0.0113   0.0313  -0.1238   0.0354   0.0174
 -0.0610  -0.0424   0.0311  -0.0866  -0.0098  -0.0032
 -0.0721  -0.0345   0.0208  -0.1352   0.0205   0.0091
 -0.0716  -0.0247   0.0084  -0.1728   0.0472   0.0224
 -0.0680  -0.0328   0.0213  -0.1465   0.0164   0.0113
 -0.0674  -0.0219   0.0171  -0.2108   0.0525   0.0339
 -0.0788  -0.0524   0.0051  -0.1423   0.0342   0.0104
 -0.0687  -0.0271   0.0045  -0.1783   0.0418   0.0233
 -0.0743  -0.0387   0.0153  -0.1532   0.0232   0.0122
  0.0361  -0.0393  -0.0522  -0.1527   0.0258   0.0233
 -0.0777   0.0279   0.0755  -0.1863  -0.0226   0.0180
 -0.0579   0.0239   0.0521  -0.1564  -0.0291   0.0014
 -0.0713   0.0373   0.0345  -0.1650  -0.0196   0.0043
 -0.0653   0.0506   0.0159  -0.1914   0.0273   0.0243
 -0.0564   0.0534   0.0316  -0.1863  -0.0157   0.0189
 -0.0524   0.0350  -0.0042  -0.2166   0.0232   0.0335
 -0.0537   0.0202  -0.0057  -0.2422   0.0072   0.0494
 -0.0444   0.0229  -0.0047  -0.2087   0.0131   0.0449
 -0.0444   0.0552  -0.0164  -0.1803   0.0086   0.0379
 -0.0555   0.0335  -0.0468  -0.1302   0.0514   0.0315
 -0.0515   0.0139  -0.0621  -0.0791   0.0514  -0.0046
 -0.0833  -0.0476  -0.0524  -0.0781  -0.0236  -0.0078
 -0.0963  -0.0206  -0.0415  -0.1427   0.0074   0.0087
 -0.1024   0.0012  -0.0547  -0.1211   0.0398   0.0113
 -0.1112  -0.0027  -0.0655  -0.1244   0.0521   0.0066
 -0.1081  -0.0207  -0.0640  -0.1003   0.0425  -0.0064
 -0.1089  -0.0268  -0.0640  -0.0787   0.0186  -0.0213
 -0.1072  -0.0385  -0.0477  -0.0850   0.0087  -0.0181
 -0.1201  -0.0461  -0.0614  -0.0586  -0.0234  -0.0350
 -0.1034  -0.0229  -0.0504  -0.0737   0.0179  -0.0361
 -0.1123  -0.0521  -0.0779  -0.0919   0.0003  -0.0278
 -0.1361  -0.0673  -0.0797  -0.1628   0.0258   0.0019
 -0.1269  -0.0506  -0.0490  -0.1485   0.0293  -0.0075
 -0.1363  -0.0775  -0.0645  -0.1005   0.0156  -0.0301
 -0.1429  -0.0600  -0.0596  -0.1771   0.0422   0.0110
 -0.1403  -0.0624  -0.0370  -0.1272   0.0128  -0.0141
 -0.1488  -0.0596  -0.0524  -0.1118   0.0110  -0.0352
 -0.1497  -0.0444  -0.0606  -0.1636   0.0380  -0.0035
 -0.1505  -0.0564  -0.0657  -0.1183   0.0158  -0.0241
 -0.1502  -0.0630  -0.0671  -0.1161   0.0142  -0.0339
 -0.1370  -0.0653  -0.0637  -0.1800   0.0237  -0.0035
 -0.1182  -0.0697  -0.0502  -0.1389   0.0044  -0.0154
 -0.1311  -0.0692  -0.0494  -0.1085  -0.0042  -0.0288
 -0.1294  -0.0518  -0.0431  -0.1834   0.0159   0.0039
 -0.1154  -0.0594  -0.0345  -0.2088   0.0265   0.0081
 -0.1421  -0.0625  -0.0553  -0.1332   0.0203  -0.0045
 -0.1378  -0.0563  -0.0492  -0.1998   0.0281   0.0157
 -0.1466  -0.0670  -0.0403  -0.2365   0.0318   0.0203
 -0.1629  -0.0894  -0.0617  -0.2053   0.0118  -0.0040
 -0.1359  -0.0612  -0.0520  -0.2119   0.0207   0.0084
 -0.1413  -0.1176  -0.0561  -0.1957   0.0182   0.0186
 -0.1106  -0.0968  -0.0556  -0.2544   0.0193   0.0363
 -0.1354  -0.0939  -0.0415  -0.2803  -0.0753   0.0364
 -0.1464  -0.0985  -0.0548  -0.2659  -0.0007   0.0320
 -0.1317  -0.1028  -0.0300  -0.2860  -0.0127   0.0342
 -0.1346  -0.1010  -0.0504  -0.2354  -0.0186   0.0168
 -0.1449  -0.0958  -0.0540  -0.2300  -0.0272   0.0132
 -0.1330  -0.0769  -0.0679  -0.2186  -0.0212  -0.0094
 -0.1262  -0.0544  -0.0592  -0.1602  -0.0260  -0.0212
 -0.1252  -0.0794  -0.0580  -0.1178  -0.0327  -0.0263
 -0.1257  -0.0747  -0.0514  -0.1356  -0.0450  -0.0251
 -0.1224  -0.0613  -0.0462  -0.1398  -0.0371  -0.0263
 -0.1772  -0.0385  -0.0949  -0.0470   0.0100  -0.0637
 -0.1912  -0.0902  -0.1049  -0.1381  -0.0457  -0.0491
 -0.1794  -0.0855  -0.0977  -0.1222  -0.0206  -0.0550
 -0.1573  -0.0422  -0.0831  -0.0959  -0.0026  -0.0678
 -0.1675  -0.0392  -0.0625  -0.1165  -0.0025  -0.0497
 -0.1596  -0.0949  -0.0313  -0.0792   0.0349  -0.0565
 -0.1405  -0.0986   0.0072  -0.1604   0.0010  -0.0357
 -0.1520  -0.1033  -0.0480  -0.1922   0.0191  -0.0182
 -0.1615  -0.0863  -0.0464  -0.1811   0.0064  -0.0248
