 -0.0827   0.1993   0.2095  -0.5999   0.0419   0.1109
 -0.0746   0.1862   0.2314  -0.5676   0.0513   0.1170
 -0.0774   0.1791   0.2311  -0.5949   0.0362   0.0987
 -0.0849   0.1595   0.2334  -0.5553   0.0447   0.1101
 -0.0828   0.1559   0.2212  -0.5234   0.0480   0.1035
 -0.0717   0.1379   0.2086  -0.5259   0.0485   0.1158
 -0.0632   0.1229   0.1965  -0.5227   0.0427   0.1139
 -0.0636   0.1392   0.1952  -0.5384   0.0422   0.1112
 -0.0560   0.1246   0.1933  -0.5137   0.0503   0.1089
 -0.0530   0.1140   0.1893  -0.4590   0.0521   0.1292
 -0.0433   0.0972   0.1763  -0.4336   0.0329   0.1301
 -0.0425   0.0906   0.1680  -0.4142   0.0389   0.1367
 -0.0447   0.0930   0.1700  -0.4138   0.0401   0.1367
 -0.0448   0.0742   0.1599  -0.4393   0.0330   0.1330
 -0.0499   0.0627   0.1370  -0.4297  -0.0012   0.1104
 -0.0416   0.0343   0.1425  -0.4029  -0.0023   0.1255
 -0.0676   0.0606   0.0930  -0.4352  -0.0321   0.1218
 -0.0516   0.0563   0.1045  -0.3566  -0.0136   0.1385
 -0.0454   0.0372   0.1077  -0.3693  -0.0070   0.1341
 -0.0453   0.0295   0.1100  -0.3789  -0.0010   0.1374
 -0.0357   0.0230   0.1107  -0.3671  -0.0013   0.1317
 -0.0467   0.0504   0.1115  -0.3745  -0.0136   0.1265
 -0.0421   0.0572   0.1180  -0.3726  -0.0100   0.1345
 -0.0463   0.0518   0.1221  -0.3719  -0.0065   0.1389
 -0.0343   0.0985   0.1270  -0.3756  -0.0026   0.1266
 -0.0357   0.0757   0.1565  -0.3421   0.0149   0.1286
 -0.0280   0.0666   0.1638  -0.3458   0.0536   0.1272
 -0.0392   0.0724   0.1522  -0.3242   0.0569   0.1271
 -0.0394   0.0624   0.1358  -0.2959   0.0410   0.1334
 -0.0391   0.0471   0.1244  -0.2897   0.0408   0.1309
 -0.0387   0.0378   0.1113  -0.3043   0.0357   0.1253
 -0.0388   0.0367   0.1172  -0.3217   0.0252   0.1185
 -0.0326   0.0322   0.1155  -0.2907   0.0279   0.1281
 -0.0368   0.0399   0.1241  -0.3055   0.0235   0.1225
 -0.0302   0.0395   0.1231  -0.2835   0.0224   0.1235
 -0.0342   0.0362   0.1088  -0.2746   0.0081   0.1215
 -0.0389   0.0350   0.1043  -0.2704   0.0089   0.1211
 -0.0349   0.0242   0.0875  -0.2349   0.0116   0.1210
 -0.0268   0.0278   0.0970  -0.2067   0.0128   0.1222
 -0.0261   0.0244   0.1029  -0.1921   0.0188   0.1237
 -0.0291   0.0232   0.0905  -0.2100   0.0095   0.1267
 -0.0344   0.0142   0.0992  -0.2007   0.0265   0.1246
 -0.0232   0.0168   0.1011  -0.2104   0.0271   0.1186
 -0.0252   0.0144   0.1021  -0.2119   0.0234   0.1072
 -0.0283   0.0147   0.1009  -0.1789   0.0237   0.1175
 -0.0342  -0.0009   0.0856  -0.1506   0.0295   0.1170
 -0.0311   0.0023   0.0961  -0.1436   0.0352   0.1199
 -0.0372   0.0117   0.0982  -0.1742   0.0307   0.1171
 -0.0406   0.2140   0.1189  -0.4654  -0.0156   0.0583
 -0.0319   0.4860   0.1829  -0.6258   0.0519   0.0033
 -0.0274   0.2801   0.1531  -0.3748   0.0447   0.0722
 -0.0289   0.2561   0.1446  -0.4088   0.0368   0.0715
 -0.0328   0.2158   0.1269  -0.3492   0.0189   0.0733
 -0.0131   0.2104   0.1378  -0.3135   0.0325   0.0743
 -0.0130   0.1950   0.1359  -0.2898   0.0359   0.0727
 -0.0156   0.2020   0.1409  -0.2996   0.0337   0.0804
 -0.0176   0.1969   0.1324  -0.3160   0.0227   0.0708
 -0.0120   0.1999   0.1396  -0.2719   0.0394   0.0790
 -0.0143   0.1919   0.1362  -0.2459   0.0405   0.0829
 -0.0153   0.1980   0.1442  -0.2370   0.0514   0.0852
 -0.0086   0.2192   0.1525  -0.2583   0.0457   0.0814
 -0.0095   0.2055   0.1435  -0.2468   0.0337   0.0852
 -0.0119   0.2078   0.1283  -0.2604   0.0252   0.0824
 -0.0114   0.2024   0.1283  -0.2339   0.0329   0.0891
 -0.0023   0.1908   0.1275  -0.1973   0.0333   0.0822
 -0.0076   0.1829   0.1183  -0.2143   0.0155   0.0752
 -0.0333   0.1261   0.0725  -0.2401  -0.0367   0.0991
 -0.0595   0.0589   0.0224  -0.2396  -0.0405   0.0786
 -0.0408   0.1046   0.0409  -0.2055  -0.0291   0.0714
 -0.0307   0.1104   0.0719  -0.1657  -0.0193   0.0698
 -0.0186   0.1173   0.0850  -0.1346  -0.0055   0.0726
 -0.0201   0.1208   0.0838  -0.1307   0.0037   0.0720
 -0.0223   0.1220   0.0839  -0.1487  -0.0088   0.0814
 -0.0242   0.1206   0.0736  -0.1282  -0.0082   0.0766
 -0.0047   0.1272   0.0605  -0.0336  -0.0086   0.0813
 -0.0196   0.0991   0.0707  -0.0431  -0.0005   0.0745
 -0.0217   0.1114   0.0734  -0.0368   0.0045   0.0743
 -0.0170   0.1240   0.0779  -0.0211   0.0144   0.0780
 -0.0164   0.1345   0.0849  -0.0095   0.0096   0.0737
 -0.0233   0.1378   0.0822   0.0362   0.0087   0.0772
 -0.0190   0.1472   0.0851   0.0310   0.0081   0.0789
 -0.0259   0.1500   0.0851  -0.0053   0.0121   0.0764
 -0.0215   0.1514   0.0936  -0.0149   0.0109   0.0709
 -0.0133   0.1506   0.0957   0.0040   0.0095   0.0717
 -0.0113   0.1619   0.0934   0.0144   0.0166   0.0768
 -0.0050   0.1722   0.1001  -0.0010   0.0220   0.0658
 -0.0043   0.1743   0.0943  -0.0117   0.0259   0.0561
 -0.0007   0.1762   0.0916   0.0118   0.0238   0.0578
 -0.0022   0.1549   0.1141   0.0117   0.0307   0.0515
  0.0047   0.1533   0.1015  -0.0056   0.0283   0.0534
 -0.0040   0.1411   0.0933  -0.0057   0.0261   0.0622
 -0.0073   0.1353   0.0680  -0.0663  -0.0095   0.0449
 -0.0280   0.1487   0.0451  -0.1439  -0.0530   0.0351
 -0.0312   0.1569  -0.0076  -0.2823  -0.0125   0.0585
 -0.0207   0.1309  -0.0095  -0.1655  -0.0099   0.0443
 -0.0172   0.1109   0.0211   0.0042   0.0242   0.0275
 -0.0134   0.0994   0.0059   0.0558   0.0158   0.0271
 -0.0090   0.1054   0.0123   0.0784   0.0241   0.0356
 -0.0080   0.0993   0.0136   0.0800   0.0149   0.0251
 -0.0043   0.1086   0.0185   0.0452   0.0145   0.0228
 -0.0021   0.0988   0.0218   0.0243   0.0159   0.0333
 -0.0039   0.1011   0.0105   0.0224   0.0207   0.0353
 -0.0008   0.1074   0.0210   0.0396   0.0206   0.0370
  0.0027   0.0980   0.0207   0.0522   0.0161   0.0289
 -0.0044   0.0887   0.0189   0.0513   0.0233   0.0272
 -0.0104   0.0864   0.0146  -0.0040   0.0111   0.0320
 -0.0048   0.0859   0.0107   0.0178   0.0149   0.0315
  0.0020   0.0867   0.0168   0.0132   0.0239   0.0336
 -0.0044   0.0889   0.0177   0.0214   0.0259   0.0362
 -0.0180   0.0400  -0.0015   0.0361  -0.0114   0.0428
 -0.0442   0.0766  -0.0206   0.0009  -0.0269   0.0349
 -0.0416   0.0497  -0.0254  -0.0114  -0.0232   0.0272
 -0.0370   0.0455  -0.0262  -0.0066  -0.0223   0.0255
 -0.0369   0.0595  -0.0116   0.0224  -0.0035   0.0311
 -0.0264   0.0786  -0.0108   0.0672  -0.0049   0.0434
 -0.0209   0.0508  -0.0056   0.0540   0.0030   0.0363
 -0.0269   0.0584  -0.0067   0.0838   0.0025   0.0371
 -0.0168   0.0538   0.0010   0.0980   0.0148   0.0351
 -0.0176   0.0505  -0.0029   0.0684   0.0103   0.0355
 -0.0108   0.0581  -0.0094   0.0301   0.0021   0.0323
 -0.0135   0.0528  -0.0105   0.0473   0.0005   0.0295
 -0.0109   0.0474  -0.0023   0.0447  -0.0040   0.0247
 -0.0147   0.0577  -0.0118   0.0432  -0.0117   0.0257
 -0.0181   0.0352  -0.0451   0.0667  -0.0246   0.0211
 -0.0173   0.0388  -0.0652   0.1050  -0.0131   0.0277
 -0.0277   0.0148  -0.0385   0.0546  -0.0133   0.0202
 -0.0264   0.0128  -0.0479   0.0467  -0.0135   0.0235
 -0.0292   0.0178  -0.0463   0.0392  -0.0135   0.0167
 -0.0258   0.0254  -0.0412   0.0413  -0.0025   0.0164
 -0.0367   0.0413  -0.0497   0.0057  -0.0295   0.0171
 -0.0299   0.0291  -0.0519   0.0127  -0.0327   0.0034
 -0.0300   0.0357  -0.0398   0.0145  -0.0235   0.0020
 -0.0280   0.0284  -0.0327   0.0274  -0.0114   0.0006
 -0.0328   0.0252  -0.0350   0.0480  -0.0148   0.0013
 -0.0270   0.0331  -0.0457   0.0841  -0.0111   0.0115
 -0.0219   0.0246  -0.0444   0.0975  -0.0089   0.0063
 -0.0240   0.0244  -0.0450   0.0935  -0.0115   0.0093
 -0.0236   0.0232  -0.0487   0.0720  -0.0126   0.0142
 -0.0207   0.0250  -0.0373   0.0753  -0.0015   0.0113
 -0.0142   0.0267  -0.0317   0.0499   0.0004   0.0017
 -0.0290   0.0222  -0.0373   0.0150  -0.0055   0.0133
 -0.0318  -0.0035  -0.0347   0.0048  -0.0230  -0.0023
 -0.0272   0.0048  -0.0299   0.0359  -0.0149  -0.0021
 -0.0172   0.0173  -0.0093   0.0558   0.0008   0.0013
 -0.0131   0.0156  -0.0190   0.0681  -0.0081  -0.0025
 -0.0109   0.0069  -0.0097   0.0649  -0.0037  -0.0001
 -0.0155   0.0037  -0.0228   0.0720  -0.0042  -0.0081
 -0.0164  -0.0076  -0.0197   0.0549   0.0068  -0.0111
 -0.0205   0.0002  -0.0114   0.0525   0.0043  -0.0060
 -0.0121   0.0062  -0.0114   0.1046   0.0084  -0.0016
 -0.0071   0.0111  -0.0089   0.1121   0.0203   0.0006
 -0.0107   0.0091  -0.0123   0.0988   0.0231   0.0021
 -0.0076   0.0086  -0.0193   0.0841   0.0134  -0.0083
 -0.0061   0.0105  -0.0085   0.1085   0.0202  -0.0164
 -0.0085   0.0142  -0.0156   0.1101   0.0247  -0.0125
 -0.0044   0.0098  -0.0114   0.1109   0.0301  -0.0213
 -0.0040   0.0031  -0.0226   0.1139   0.0229  -0.0138
 -0.0037   0.0088  -0.0329   0.1364   0.0112  -0.0264
  0.0011   0.0161  -0.0203   0.1420   0.0193  -0.0276
  0.0023   0.0125  -0.0205   0.1312   0.0243  -0.0173
 -0.0001   0.0174  -0.0236   0.1178   0.0144  -0.0224
  0.0022   0.0182  -0.0190   0.1240   0.0176  -0.0223
  0.0032   0.0157  -0.0197   0.1421   0.0166  -0.0153
 -0.0010   0.0179  -0.0208   0.1248   0.0146  -0.0120
  0.0049   0.0202  -0.0358   0.1352   0.0132  -0.0088
  0.0038   0.0265  -0.0375   0.1547   0.0111  -0.0125
 -0.0006   0.0183  -0.0321   0.1208   0.0173  -0.0229
  0.0063   0.0138  -0.0254   0.1644   0.0228  -0.0267
  0.0080   0.0205  -0.0231   0.1630   0.0258  -0.0228
  0.0009   0.0199  -0.0297   0.1544   0.0149  -0.0198
  0.0076   0.0204  -0.0269   0.1672   0.0227  -0.0185
  0.0103   0.0255  -0.0197   0.1686   0.0139  -0.0180
  0.0135   0.0221  -0.0203   0.1778   0.0191  -0.0181
  0.0146   0.0232  -0.0245   0.1724   0.0243  -0.0224
  0.0198   0.0227  -0.0184   0.1889   0.0302  -0.0234
  0.0174   0.0224  -0.0260   0.1795   0.0158  -0.0267
  0.0195   0.0197  -0.0226   0.1799   0.0152  -0.0291
  0.0231   0.0253  -0.0225   0.2009   0.0226  -0.0179
  0.0230   0.0299  -0.0223   0.2038   0.0230  -0.0163
  0.0226   0.0269  -0.0210   0.1863   0.0217  -0.0240
  0.0206   0.0291  -0.0203   0.1699   0.0213  -0.0271
  0.0269   0.0283  -0.0252   0.1939   0.0180  -0.0259
  0.0285   0.0261  -0.0220   0.1808   0.0112  -0.0161
  0.0229   0.0290  -0.0174   0.1739   0.0135  -0.0190
  0.0178   0.0174  -0.0224   0.1797   0.0005  -0.0255
  0.0201   0.0087  -0.0203   0.1965   0.0105  -0.0326
  0.0203   0.0105  -0.0240   0.1809   0.0075  -0.0298
  0.0227   0.0157  -0.0112   0.1797   0.0186  -0.0328
  0.0286   0.0168  -0.0139   0.1866   0.0156  -0.0399
  0.0306   0.0176  -0.0180   0.1827   0.0153  -0.0321
  0.0293   0.0123  -0.0126   0.1695   0.0116  -0.0340
  0.0334   0.0071  -0.0188   0.2029   0.0178  -0.0382
  0.0325   0.0006  -0.0215   0.2051   0.0166  -0.0406
  0.0243  -0.0114  -0.0363   0.1976   0.0067  -0.0349
  0.0264  -0.0159  -0.0353   0.1958   0.0018  -0.0381
  0.0276  -0.0061  -0.0406   0.2144   0.0043  -0.0403
  0.0278  -0.0161  -0.0452   0.1889   0.0142  -0.0373
  0.0242  -0.0320  -0.0466   0.1784  -0.0032  -0.0403
  0.0262  -0.0461  -0.0485   0.1877   0.0026  -0.0498
  0.0262  -0.0454  -0.0523   0.1926   0.0075  -0.0481
  0.0142  -0.0553  -0.0325   0.1356   0.0150  -0.0529
  0.0139  -0.0716  -0.0514   0.1606  -0.0052  -0.0508
  0.0205  -0.0766  -0.0443   0.1629   0.0029  -0.0543
  0.0269  -0.0732  -0.0407   0.1876   0.0023  -0.0557
  0.0172  -0.0740  -0.0514   0.1954  -0.0044  -0.0614
  0.0198  -0.0793  -0.0597   0.2000  -0.0011  -0.0604
  0.0202  -0.0952  -0.0577   0.2059   0.0057  -0.0637
  0.0293  -0.0851  -0.0572   0.2326   0.0126  -0.0632
  0.0306  -0.0786  -0.0611   0.2318   0.0125  -0.0630
  0.0332  -0.0758  -0.0616   0.2138   0.0023  -0.0614
  0.0338  -0.0745  -0.0535   0.2232   0.0096  -0.0649
  0.0414  -0.0794  -0.0567   0.2543   0.0133  -0.0650
  0.0386  -0.0870  -0.0603   0.2497   0.0133  -0.0595
  0.0418  -0.0776  -0.0560   0.2601   0.0221  -0.0571
  0.0430  -0.0786  -0.0586   0.2352   0.0184  -0.0646
  0.0388  -0.0776  -0.0690   0.2379   0.0140  -0.0684
  0.0382  -0.0877  -0.0657   0.2320   0.0156  -0.0728
  0.0396  -0.0868  -0.0647   0.2239   0.0136  -0.0771
  0.0366  -0.0809  -0.0585   0.2172   0.0138  -0.0744
  0.0353  -0.0895  -0.0649   0.2285   0.0092  -0.0752
  0.0411  -0.0843  -0.0670   0.2426   0.0117  -0.0734
  0.0407  -0.0875  -0.0667   0.2381   0.0075  -0.0702
  0.0425  -0.0921  -0.0682   0.2420   0.0105  -0.0626
  0.0341  -0.0996  -0.0588   0.2293   0.0072  -0.0683
  0.0330  -0.0956  -0.0664   0.2391   0.0101  -0.0651
  0.0346  -0.0929  -0.0631   0.2242   0.0051  -0.0683
  0.0355  -0.0887  -0.0795   0.2314  -0.0046  -0.0718
  0.0221  -0.0948  -0.0907   0.2146  -0.0171  -0.0716
  0.0205  -0.1017  -0.0884   0.1969  -0.0290  -0.0759
  0.0211  -0.1095  -0.0816   0.2233  -0.0260  -0.0815
  0.0204  -0.1092  -0.0772   0.2380  -0.0253  -0.0806
  0.0309  -0.1077  -0.0740   0.2500  -0.0020  -0.0782
  0.0476  -0.0987  -0.0695   0.2918   0.0071  -0.0790
  0.0423  -0.0984  -0.0619   0.2753   0.0036  -0.0828
  0.0426  -0.1050  -0.0639   0.2831   0.0125  -0.0786
  0.0364  -0.1080  -0.0618   0.2546   0.0075  -0.0807
  0.0455  -0.1077  -0.0717   0.2805   0.0166  -0.0825
  0.0436  -0.1132  -0.0739   0.2828   0.0104  -0.0797
  0.0336  -0.1171  -0.0629   0.2073  -0.0082  -0.0823
  0.0407  -0.1162  -0.0601   0.2422  -0.0078  -0.0900
  0.0439  -0.1160  -0.0567   0.2614   0.0186  -0.0886
  0.0473  -0.1105  -0.0607   0.2573   0.0036  -0.0814
  0.0575  -0.1158  -0.0552   0.2645   0.0176  -0.0856
  0.0467  -0.1261  -0.0620   0.2507   0.0027  -0.0878
  0.0434  -0.1225  -0.0540   0.2495   0.0055  -0.0882
  0.0547  -0.1301  -0.0532   0.2520   0.0087  -0.0863
  0.0535  -0.1295  -0.0599   0.2532   0.0034  -0.0865
  0.0444  -0.1248  -0.0652   0.2510  -0.0028  -0.0849
  0.0386  -0.1220  -0.0770   0.2010  -0.0054  -0.0842
  0.0259  -0.1004  -0.1081   0.2392  -0.0400  -0.1116
 -0.0227  -0.0940  -0.1223  -0.0543  -0.0569  -0.0835
  0.0196  -0.1291  -0.1197  -0.0845  -0.0535  -0.0904
  0.0303  -0.1412  -0.1062   0.0232  -0.0258  -0.0979
  0.0339  -0.1368  -0.0837   0.0167  -0.0267  -0.1138
  0.0357  -0.1398  -0.0805   0.0582  -0.0283  -0.1178
  0.0369  -0.1694  -0.0872   0.0916  -0.0433  -0.1178
  0.0353  -0.1574  -0.0739   0.0643  -0.0424  -0.1061
  0.0379  -0.1597  -0.0849   0.0566  -0.0586  -0.1104
  0.0624  -0.1141  -0.1030  -0.0168  -0.0255  -0.1017
  0.0107  -0.1835  -0.0827   0.0400  -0.0893  -0.1147
  0.0551  -0.1634  -0.0823  -0.0561  -0.0419  -0.1133
  0.0507  -0.1533  -0.0804   0.0243  -0.0517  -0.1094
  0.0606  -0.1667  -0.0725   0.0455  -0.0360  -0.1131
  0.0897  -0.1455  -0.0868   0.0448   0.0007  -0.1242
  0.0583  -0.1614  -0.0606   0.0434  -0.0352  -0.1148
  0.0768  -0.1597  -0.0854   0.0662  -0.0210  -0.1198
  0.0579  -0.1711  -0.0816   0.0835  -0.0198  -0.1042
  0.0564  -0.1693  -0.0829   0.0617  -0.0183  -0.1029
  0.0474  -0.1574  -0.1058   0.0159  -0.0376  -0.0958
  0.0156  -0.1552  -0.1198  -0.0160  -0.0569  -0.1119
  0.0145  -0.1638  -0.1263  -0.0048  -0.0759  -0.1120
  0.0167  -0.1656  -0.1219   0.0346  -0.0667  -0.1197
  0.0292  -0.1618  -0.1167   0.0701  -0.0626  -0.1081
  0.0271  -0.1579  -0.1234   0.0319  -0.0511  -0.1044
  0.0275  -0.1629  -0.1137   0.0430  -0.0373  -0.1112
  0.0317  -0.1628  -0.0997   0.0273  -0.0326  -0.1061
  0.0371  -0.1629  -0.1001   0.0618  -0.0382  -0.1104
  0.0219  -0.1612  -0.1182   0.0592  -0.0504  -0.1094
  0.0272  -0.1546  -0.1022   0.0798  -0.0402  -0.1090
  0.0265  -0.1590  -0.1166   0.1071  -0.0622  -0.1094
  0.0218  -0.1679  -0.1240   0.0978  -0.0612  -0.1110
  0.0232  -0.1792  -0.1245   0.0553  -0.0739  -0.1143
  0.0140  -0.1807  -0.1197   0.0145  -0.0715  -0.1058
  0.0130  -0.1769  -0.1246   0.0258  -0.0730  -0.1167
  0.0240  -0.1787  -0.1105   0.0578  -0.0605  -0.1203
  0.0181  -0.1673  -0.1102   0.0651  -0.0603  -0.1132
  0.0228  -0.1805  -0.1165   0.0968  -0.0514  -0.1145
  0.0197  -0.1805  -0.0982   0.0809  -0.0462  -0.1096
  0.0263  -0.1720  -0.0940   0.0299  -0.0523  -0.1150
  0.0265  -0.1804  -0.1080   0.0505  -0.0560  -0.1193
  0.0176  -0.1838  -0.1165   0.0506  -0.0637  -0.1153
  0.0288  -0.1856  -0.1085   0.0146  -0.0664  -0.1200
  0.0297  -0.1897  -0.1024   0.0184  -0.0596  -0.1300
  0.0290  -0.1874  -0.1061   0.0545  -0.0526  -0.1240
  0.0217  -0.1829  -0.1154   0.0439  -0.0587  -0.1192
  0.0265  -0.1828  -0.1003   0.0263  -0.0442  -0.1189
  0.0321  -0.1829  -0.1032   0.0451  -0.0489  -0.1260
  0.0327  -0.1876  -0.1086   0.0439  -0.0466  -0.1273
  0.0272  -0.1877  -0.1223   0.0399  -0.0669  -0.1268
  0.0283  -0.1894  -0.1055   0.0309  -0.0645  -0.1242
