 -0.0634   0.1890   0.0088  -0.4981   0.0559  -0.0251
 -0.0596   0.1383   0.0470  -0.3437   0.0578  -0.0085
 -0.0698   0.1324   0.1068  -0.2475   0.0590  -0.0928
 -0.0498   0.0575   0.0776  -0.0799   0.0296  -0.1514
 -0.0976   0.0609   0.0412  -0.0986  -0.0101   0.0093
 -0.0828   0.1506   0.0676  -0.1536   0.0270  -0.0782
 -0.0776   0.1914   0.0632  -0.1381   0.0333   0.0242
 -0.0628   0.1312   0.0656  -0.0477   0.0402  -0.0613
 -0.0877   0.2488   0.1160  -0.6911   0.0305  -0.1530
 -0.0114   0.7854   0.0738  -1.4802   0.1691  -0.9507
  0.0072   0.8033   0.1472  -1.3159   0.2050  -1.5028
 -0.0274   0.4186   0.1274  -1.0093   0.1361  -0.9796
 -0.0267   0.3649   0.1167  -0.8599   0.1311  -0.8324
 -0.0658   0.3557   0.1081  -0.7635   0.1197  -0.7750
 -0.1126  -0.2096  -0.0084  -0.2567  -0.0566  -0.0515
 -0.1470  -0.2458  -0.0349  -0.1212  -0.0785  -0.0438
 -0.1358  -0.2957  -0.0632  -0.3553  -0.1017  -0.0564
 -0.1335  -0.2780  -0.0125  -0.0461  -0.1051  -0.0668
 -0.1174  -0.3104   0.0005   0.0278  -0.0911   0.0291
 -0.1025  -0.3540  -0.0395   0.0258  -0.0913   0.0220
 -0.1197  -0.4346  -0.0522   0.1841  -0.0966   0.0957
 -0.1099  -0.4141  -0.0785   0.1533  -0.0641   0.1250
 -0.0998  -0.4184  -0.0895   0.1065  -0.0460   0.0895
 -0.0699  -0.4635  -0.1555   0.1064  -0.0635   0.1302
 -0.1012  -0.4983  -0.1353   0.1882  -0.0962   0.0538
 -0.0685  -0.4873  -0.1609   0.2765  -0.0751   0.1731
 -0.0594  -0.3478  -0.1474   0.0811  -0.0347   0.1322
 -0.0477  -0.3197  -0.1472  -0.0226  -0.0315   0.0696
 -0.0248  -0.3550  -0.1246   0.1624  -0.0172   0.1910
  0.0003  -0.2813  -0.1091   0.1416  -0.0010   0.1636
  0.0338  -0.1382   0.0154   0.2206   0.0701   0.0814
  0.0221  -0.0746   0.0322   0.2486   0.0734   0.0799
  0.0229  -0.0652   0.0384   0.2502   0.0801   0.1128
  0.0282  -0.0485   0.0337   0.1962   0.0865   0.0978
  0.0387  -0.0472   0.0264   0.1336   0.0775   0.1303
  0.0435  -0.0617   0.0187   0.1369   0.0674   0.1212
  0.0469  -0.0566   0.0333   0.1266   0.0690   0.0776
  0.0421  -0.0422   0.0278   0.1018   0.0711   0.1070
  0.0409  -0.0316   0.0313   0.0717   0.0765   0.0867
  0.0259  -0.0265   0.0216   0.0494   0.0760   0.1213
  0.0285  -0.0323   0.0112   0.1173   0.0845   0.1320
  0.0339  -0.0222   0.0187   0.0868   0.0830   0.0720
  0.0223  -0.0353   0.0133   0.0891   0.0766   0.0851
  0.0048  -0.0971   0.0134   0.1758   0.0724   0.0194
  0.0053  -0.0921  -0.0202   0.0920  -0.0514   0.1902
  0.0748  -0.0023  -0.0334  -0.1514  -0.0631   0.2667
  0.1030  -0.0301  -0.0030  -0.2230  -0.0709   0.1316
  0.0954   0.1038  -0.0375  -0.2732  -0.0448   0.1346
  0.1391   0.1241  -0.0366  -0.2750  -0.0133   0.1439
  0.1149   0.0691  -0.0395  -0.2259  -0.0151   0.2326
  0.1182   0.0592  -0.0319  -0.2185  -0.0014   0.1794
  0.1276   0.0533  -0.0296  -0.1648   0.0213   0.0990
  0.0502  -0.0065  -0.0286  -0.0380  -0.0211   0.1768
  0.0233  -0.0071  -0.1478  -0.1310  -0.0389   0.2869
  0.0469   0.0076  -0.1120  -0.0982  -0.0002   0.1905
  0.0654   0.0070  -0.0445  -0.0836   0.0043   0.1005
  0.0805  -0.0398  -0.0375  -0.0050  -0.0199   0.1263
  0.0787   0.0297  -0.0227   0.0355   0.0079   0.0345
  0.0798   0.0910  -0.0050   0.0560   0.0248  -0.0523
  0.0690   0.1007  -0.0133   0.0192   0.0249   0.0658
  0.0596   0.1428  -0.0155  -0.0917   0.0458   0.0294
  0.0714   0.1667  -0.0054  -0.0736   0.0525   0.0555
  0.0710   0.1708  -0.0171  -0.0630   0.0599   0.0841
  0.0655   0.1193  -0.0199  -0.0127   0.0553   0.0668
  0.0454   0.1162  -0.0080  -0.0010   0.0500   0.0167
  0.0245   0.1056  -0.0195   0.0160   0.0466   0.0873
  0.0328   0.0720  -0.0157   0.0290   0.0449   0.0663
  0.0420   0.0918  -0.0034  -0.0286   0.0418   0.0634
  0.0363   0.1032  -0.0163  -0.0533   0.0534   0.0556
  0.0396   0.1058  -0.0162  -0.0668   0.0722   0.0449
  0.0455   0.0859   0.0226   0.0172   0.0434  -0.0166
  0.0358   0.0278   0.0352   0.0458   0.0424   0.0484
  0.0923   0.1299   0.0911   0.1424   0.0551  -0.1831
  0.0787   0.1532   0.0900  -0.0167   0.0902  -0.1398
  0.0493   0.1355   0.0317  -0.0243   0.0558   0.0020
  0.0457   0.1471   0.0324  -0.0289   0.0682   0.0351
  0.0457   0.1405   0.0306  -0.0330   0.0727   0.0699
  0.0442   0.1718   0.0444  -0.0558   0.0828   0.0359
  0.0306   0.1876   0.0597  -0.1059   0.0666  -0.0216
  0.0492   0.1950   0.1043   0.0605   0.0562  -0.0662
  0.0095   0.1256   0.0473   0.0002  -0.0001  -0.1028
 -0.0034   0.1200   0.0817  -0.0167   0.0412  -0.1179
  0.0380  -0.0020   0.0863   0.1952   0.0175   0.0907
  0.0256   0.0208   0.0212   0.0366   0.0234   0.0069
  0.0314  -0.0943  -0.0230  -0.1363   0.0362   0.2341
  0.0396  -0.3353  -0.0705   0.0942  -0.0785  -0.0254
  0.0133  -0.2269  -0.0338   0.2311  -0.0661   0.3714
  0.0142  -0.0371  -0.0116   0.0896  -0.0457   0.2651
 -0.0093   0.0667  -0.0066  -0.1456  -0.0379   0.1714
  0.0107   0.0610  -0.0191  -0.2661  -0.0360   0.1500
 -0.0239  -0.1704  -0.0159   0.0014  -0.1038  -0.0466
 -0.0330  -0.2493  -0.0127   0.2833  -0.1038   0.1918
 -0.0072  -0.2042  -0.0093   0.2449  -0.0909   0.2140
  0.0026  -0.2129  -0.0026   0.2267  -0.0983   0.1003
 -0.0446  -0.1233  -0.0508   0.0726  -0.1415   0.2226
 -0.0480  -0.1546   0.0184   0.2831  -0.0614   0.0691
 -0.0633  -0.1740   0.0012   0.3039  -0.0791   0.0203
 -0.0566  -0.1443   0.0056   0.2690  -0.1022   0.0276
 -0.0572  -0.1058  -0.0110   0.2245  -0.0985   0.1069
 -0.0298  -0.0035   0.0060   0.2275  -0.0639  -0.0178
 -0.0198   0.0503   0.0163   0.2384  -0.0544   0.0916
 -0.0273  -0.0148   0.0151   0.2361  -0.0746   0.0557
 -0.0354  -0.0172   0.0072   0.1855  -0.0713   0.0415
 -0.0353  -0.0001  -0.0018   0.1592  -0.0638   0.0622
 -0.0358   0.0230   0.0029   0.1608  -0.0530   0.0686
 -0.0501   0.0567  -0.0083   0.1181  -0.0481   0.1067
 -0.0477   0.0646  -0.0070   0.1327  -0.0567   0.1022
 -0.0378   0.0848   0.0039   0.1267  -0.0565   0.0627
 -0.0393   0.0891  -0.0090   0.0973  -0.0617   0.0678
 -0.0157   0.0960  -0.0120   0.1192  -0.0669   0.0060
 -0.0020   0.0125   0.0092   0.3150  -0.0825  -0.0480
 -0.0110  -0.0511   0.0239   0.5128  -0.0522  -0.1478
  0.0063   0.0248   0.0287   0.3709  -0.0553  -0.0574
 -0.0132   0.0162   0.0064   0.2338  -0.0392  -0.0079
 -0.0521  -0.0485  -0.0432   0.2772  -0.0703   0.0574
 -0.0573  -0.0555  -0.0488   0.0600  -0.0231   0.1753
  0.0165  -0.0886  -0.0011   0.3436  -0.0195  -0.0641
  0.0943   1.1235   0.2069   0.0334   0.1270  -1.2955
  0.0134   0.7229   0.1522   0.2037   0.0203  -1.1137
  0.0229   0.7311   0.0644   0.1378  -0.0233  -0.7693
