  0.0011  -0.1722  -0.0061   0.1255  -0.1220   0.0626
 -0.0014  -0.1950  -0.0117   0.1567  -0.1168   0.0725
  0.0039  -0.1719  -0.0013   0.1250  -0.1203   0.0752
  0.0028  -0.1791  -0.0070   0.1132  -0.1180   0.0670
 -0.0048  -0.2132  -0.0148   0.1492  -0.1223   0.0754
  0.0031  -0.2031  -0.0091   0.1363  -0.1211   0.0808
  0.0049  -0.2012  -0.0039   0.1138  -0.1204   0.0953
  0.0028  -0.2161  -0.0036   0.1197  -0.1190   0.0876
  0.0034  -0.2326  -0.0018   0.1430  -0.1186   0.0855
  0.0082  -0.2235  -0.0039   0.1345  -0.1156   0.0867
  0.0031  -0.1965   0.0007   0.1233  -0.1175   0.0822
  0.0042  -0.2127   0.0026   0.1086  -0.1133   0.0858
  0.0014  -0.2426  -0.0044   0.1407  -0.1163   0.0777
 -0.0030  -0.2335  -0.0048   0.1376  -0.1118   0.0793
  0.0038  -0.2220  -0.0028   0.1332  -0.1138   0.0891
  0.0063  -0.2062   0.0002   0.1076  -0.1126   0.0881
  0.0030  -0.2098   0.0023   0.0945  -0.1116   0.0728
 -0.0071  -0.1996   0.0180   0.2127  -0.0725   0.0412
  0.0007  -0.2360  -0.0463   0.5497  -0.0726   0.0091
  0.0216  -0.1938  -0.0097   0.1583  -0.0897   0.0903
  0.0116  -0.1785  -0.0049   0.1463  -0.0733   0.0749
 -0.0103  -0.1794  -0.0243   0.1887  -0.0738   0.0633
  0.0049  -0.2075  -0.0212   0.2046  -0.0711   0.0672
  0.0091  -0.1847  -0.0158   0.1859  -0.0709   0.0651
  0.0141  -0.1849  -0.0046   0.1684  -0.0655   0.0631
 -0.0205  -0.1802  -0.0000   0.1897  -0.0579   0.0496
 -0.0007  -0.1596   0.0052   0.1487  -0.0739   0.0589
  0.0003  -0.1749   0.0141   0.1584  -0.0729   0.0559
  0.0018  -0.2018   0.0103   0.1712  -0.0618   0.0677
  0.0119  -0.1944   0.0245   0.1486  -0.0737   0.0623
  0.0002  -0.1905   0.0029   0.1001  -0.0820   0.0756
  0.0171  -0.1969   0.0209   0.1226  -0.0791   0.0731
  0.0144  -0.1989   0.0056   0.1389  -0.0591   0.0753
  0.0133  -0.1835   0.0153   0.1438  -0.0601   0.0683
  0.0108  -0.1844  -0.0007   0.1013  -0.0908   0.0741
  0.0088  -0.2060  -0.0111   0.1355  -0.0777   0.0638
  0.0146  -0.1931  -0.0104   0.1298  -0.0751   0.0597
  0.0156  -0.1685  -0.0059   0.1192  -0.0737   0.0612
  0.0069  -0.1848  -0.0216   0.1017  -0.0935   0.0507
  0.0066  -0.2008  -0.0220   0.1454  -0.0822   0.0545
  0.0135  -0.1688  -0.0219   0.1347  -0.0786   0.0667
  0.0167  -0.1750  -0.0131   0.1041  -0.0703   0.0667
  0.0089  -0.2072  -0.0229   0.1623  -0.0734   0.0632
  0.0139  -0.1648  -0.0204   0.1318  -0.0712   0.0613
  0.0139  -0.1817  -0.0180   0.1171  -0.0727   0.0646
  0.0101  -0.1984  -0.0226   0.1556  -0.0731   0.0678
  0.0116  -0.1720  -0.0285   0.1163  -0.0829   0.0790
  0.0133  -0.1990  -0.0273   0.1146  -0.0752   0.0687
  0.0103  -0.1956  -0.0268   0.1131  -0.0753   0.0693
  0.0123  -0.1783  -0.0309   0.0784  -0.0876   0.0684
  0.0143  -0.2155  -0.0143   0.1317  -0.0680   0.0553
  0.0129  -0.1792  -0.0294   0.1276  -0.0690   0.0445
  0.0102  -0.1650  -0.0270   0.0980  -0.0675   0.0596
  0.0093  -0.2031  -0.0283   0.1322  -0.0662   0.0508
  0.0110  -0.1852  -0.0277   0.1186  -0.0693   0.0496
  0.0091  -0.1813  -0.0216   0.0954  -0.0644   0.0625
  0.0109  -0.2134  -0.0245   0.1258  -0.0527   0.0622
  0.0101  -0.1807  -0.0249   0.1159  -0.0617   0.0618
  0.0106  -0.1782  -0.0187   0.0910  -0.0614   0.0699
  0.0077  -0.2112  -0.0213   0.1300  -0.0531   0.0688
  0.0293  -0.2065  -0.0068   0.1022  -0.0521   0.0801
  0.0195  -0.1886  -0.0080   0.0736  -0.0557   0.0920
  0.0189  -0.2096  -0.0186   0.0808  -0.0372   0.0887
  0.0239  -0.2028  -0.0244   0.1041  -0.0463   0.0933
  0.0223  -0.1863  -0.0213   0.1138  -0.0510   0.0801
  0.0255  -0.1940  -0.0170   0.1080  -0.0500   0.0710
  0.0306  -0.2083  -0.0099   0.1221  -0.0451   0.0699
  0.0277  -0.2028  -0.0128   0.1295  -0.0492   0.0699
  0.0310  -0.1924  -0.0130   0.1389  -0.0484   0.0621
  0.0329  -0.1914  -0.0071   0.1420  -0.0438   0.0578
  0.0375  -0.2282  -0.0033   0.1522  -0.0471   0.0590
  0.0336  -0.2187  -0.0110   0.1393  -0.0446   0.0805
  0.0298  -0.1818  -0.0132   0.1425  -0.0344   0.0755
  0.0310  -0.1817  -0.0039   0.1124  -0.0284   0.0662
  0.0312  -0.2137  -0.0045   0.1542  -0.0323   0.0601
  0.0281  -0.1993  -0.0066   0.1476  -0.0334   0.0590
  0.0306  -0.1622  -0.0135   0.1143  -0.0264   0.0617
  0.0345  -0.1945  -0.0093   0.1455  -0.0218   0.0532
  0.0357  -0.1294  -0.0146   0.1189  -0.0199   0.0575
  0.0336  -0.1861  -0.0082   0.1479  -0.0285   0.0654
  0.0330  -0.1543  -0.0040   0.1442  -0.0269   0.0479
  0.0255  -0.1746  -0.0103   0.1512  -0.0303   0.0238
  0.0165  -0.1541  -0.0083   0.1515  -0.0339   0.0376
  0.0504  -0.1629  -0.0095   0.1265  -0.0566   0.0794
  0.0289   0.0034   0.0245   0.1386  -0.0205   0.0430
  0.0240  -0.0581   0.0122   0.1259  -0.0159   0.0326
  0.0212  -0.0371   0.0072   0.1358  -0.0127   0.0301
  0.0068  -0.0538   0.0013   0.0680  -0.0378   0.0708
  0.0159  -0.1357  -0.0129   0.0799  -0.0270   0.0639
  0.0143  -0.0696  -0.0170   0.1016  -0.0450   0.0418
 -0.0066  -0.0405  -0.0041   0.0864  -0.0312   0.0328
  0.0588  -0.0311   0.0091   0.0685   0.0145   0.0533
  0.0244  -0.0085   0.0302   0.0954  -0.0076   0.0370
  0.0112   0.0280   0.0388   0.1353  -0.0207  -0.0146
  0.0081   0.0314   0.0176   0.1245  -0.0045   0.0084
 -0.0007   0.0656   0.0448   0.0866  -0.0039  -0.0029
  0.0148   0.0635   0.0570   0.0692   0.0127   0.0068
 -0.0044   0.0352   0.0687   0.1349   0.0439  -0.0017
  0.0018   0.0522   0.0522   0.1239  -0.0278   0.0048
 -0.0117   0.0142   0.0667   0.1324  -0.0018   0.0027
 -0.0228  -0.0004   0.0219   0.2062  -0.0259  -0.0067
 -0.0232   0.0041   0.0389   0.2209  -0.0035  -0.0232
 -0.0147   0.0470   0.0158   0.1614  -0.0189  -0.0136
 -0.0379   0.0194   0.0350   0.1953  -0.0351  -0.0348
 -0.0658   0.0253  -0.0144   0.1876  -0.0583  -0.0344
 -0.0673   0.0123   0.0202   0.2022  -0.0598  -0.0266
 -0.0653   0.0088   0.0411   0.2052  -0.0275  -0.0294
 -0.0632   0.0058   0.0346   0.1971  -0.0573  -0.0268
 -0.0554   0.0060   0.0505   0.1893  -0.0261  -0.0129
 -0.0465  -0.0073   0.0653   0.1964  -0.0271  -0.0378
 -0.0411   0.0102   0.0464   0.2156  -0.0094  -0.0447
 -0.0441   0.0157   0.0484   0.1692  -0.0321  -0.0395
 -0.0486   0.0213   0.0350   0.1730  -0.0206  -0.0344
 -0.0310   0.0140   0.0486   0.1048  -0.0284  -0.0227
 -0.0224   0.0526   0.0506   0.1031  -0.0166  -0.0223
 -0.0311   0.0452   0.0418   0.1487  -0.0194  -0.0424
 -0.0231   0.0527   0.0461   0.1532  -0.0211  -0.0474
 -0.0232   0.0651   0.0513   0.1473  -0.0244  -0.0394
 -0.0247   0.0343   0.0456   0.1912  -0.0132  -0.0407
 -0.0113   0.0440   0.0490   0.1859  -0.0174  -0.0332
 -0.0136   0.0445   0.0496   0.1541  -0.0225  -0.0223
 -0.0190   0.0214   0.0410   0.1756  -0.0284  -0.0325
 -0.0125   0.0485   0.0346   0.1698  -0.0253  -0.0326
 -0.0049   0.0596   0.0438   0.1183  -0.0204  -0.0228
 -0.0136   0.0420   0.0364   0.1745  -0.0130  -0.0321
 -0.0091   0.0612   0.0361   0.1429  -0.0141  -0.0359
 -0.0068   0.0437   0.0294   0.1197  -0.0269  -0.0268
 -0.0050   0.0253   0.0301   0.1292  -0.0160  -0.0184
  0.0036   0.0338   0.0497   0.0868   0.0120  -0.0157
 -0.0053   0.0255   0.0423   0.1181   0.0029  -0.0327
  0.0069   0.0471   0.0443   0.1041   0.0075  -0.0188
  0.0121   0.0782   0.0563   0.1053   0.0047  -0.0134
 -0.0025   0.0583   0.0350   0.1650  -0.0001  -0.0253
  0.0032   0.0857   0.0465   0.1820  -0.0029  -0.0400
 -0.0114   0.1225   0.0459   0.1629  -0.0054  -0.0375
  0.0096   0.1027   0.0465   0.1806  -0.0037  -0.0378
  0.0123   0.1300   0.0447   0.1781  -0.0025  -0.0319
  0.0101   0.1334   0.0457   0.1857   0.0001  -0.0358
  0.0122   0.1384   0.0508   0.1852   0.0006  -0.0404
  0.0178   0.1351   0.0619   0.2044   0.0176  -0.0490
  0.0224   0.1385   0.0505   0.1578   0.0034  -0.0322
  0.0167   0.1411   0.0616   0.1455   0.0048  -0.0443
  0.0239   0.1551   0.0503   0.1712   0.0026  -0.0404
  0.0220   0.1622   0.0524   0.1574   0.0026  -0.0444
  0.0237   0.1463   0.0428   0.1760   0.0061  -0.0449
  0.0244   0.1553   0.0478   0.1605   0.0090  -0.0510
  0.0298   0.1348   0.0564   0.1435   0.0263  -0.0413
  0.0190   0.1479   0.0703   0.1317   0.0250  -0.0426
  0.0057   0.1081   0.0709   0.0911   0.0456  -0.0358
  0.0170   0.1299   0.0679   0.1157   0.0427  -0.0502
  0.0345   0.1323   0.0711   0.0905   0.0636  -0.0415
  0.0157   0.1304   0.0645   0.1115   0.0539  -0.0412
  0.0091   0.1113   0.0591   0.1290   0.0677  -0.0367
  0.0087   0.1190   0.0630   0.1174   0.0644  -0.0466
  0.0098   0.1192   0.0579   0.1159   0.0702  -0.0568
  0.0103   0.1207   0.0539   0.1177   0.0820  -0.0613
  0.0166   0.1312   0.0699   0.0939   0.0912  -0.0528
  0.0118   0.1052   0.0517   0.1204   0.0886  -0.0574
  0.0234   0.1201   0.0170   0.1636   0.0644  -0.0594
  0.0016   0.0635  -0.0455  -0.2256  -0.0109   0.1237
 -0.0327  -0.2966  -0.3274  -0.6875  -0.1134   0.0982
 -0.0152  -0.1060  -0.0579  -0.1541  -0.0188   0.0462
 -0.0187  -0.0407  -0.0748  -0.2404  -0.0444   0.0364
 -0.0212  -0.0646  -0.0982  -0.2168  -0.0531   0.0467
 -0.0400  -0.1453  -0.1065  -0.1891  -0.0761   0.0315
 -0.0404  -0.0088  -0.0633  -0.2498  -0.0582   0.0233
 -0.0340  -0.0586  -0.0680  -0.1624  -0.0339   0.0217
 -0.0117  -0.0106  -0.0601  -0.1738  -0.0254   0.0126
 -0.0103   0.0438  -0.0374  -0.1762  -0.0162   0.0236
 -0.0068   0.0000  -0.0320  -0.1580  -0.0106   0.0146
  0.0066   0.0178  -0.0266  -0.1902  -0.0074   0.0122
  0.0040   0.0231  -0.0281  -0.1879   0.0067   0.0122
 -0.0069   0.0015  -0.0291  -0.1867  -0.0211   0.0165
  0.0028   0.0169  -0.0233  -0.2079  -0.0142   0.0137
 -0.0016   0.0209  -0.0253  -0.2188  -0.0207   0.0192
 -0.0070  -0.0141  -0.0291  -0.1709  -0.0144   0.0155
  0.0008   0.0075  -0.0284  -0.1950  -0.0151   0.0111
  0.0032   0.0403  -0.0112  -0.2125   0.0024   0.0161
 -0.0043   0.0097  -0.0108  -0.1129   0.0077  -0.0064
 -0.0001   0.0640  -0.0109  -0.1642   0.0104   0.0042
 -0.0029   0.0419  -0.0130  -0.2494  -0.0136   0.0223
 -0.0015   0.0137  -0.0057  -0.1736  -0.0102   0.0024
 -0.0045   0.0566  -0.0095  -0.2240  -0.0168   0.0147
 -0.0044   0.0271  -0.0100  -0.1576  -0.0003   0.0165
  0.0018   0.0565  -0.0056  -0.1961   0.0046   0.0026
  0.0103   0.0552   0.0034  -0.2180   0.0120   0.0084
  0.0005   0.0377  -0.0100  -0.1745   0.0175   0.0007
  0.0055   0.0460  -0.0165  -0.1838   0.0118  -0.0031
  0.0027   0.0422  -0.0106  -0.2102   0.0124   0.0074
 -0.0004   0.0355  -0.0138  -0.1981   0.0200   0.0012
 -0.0003   0.0340  -0.0185  -0.1853   0.0211   0.0041
  0.0027   0.0440  -0.0143  -0.1939   0.0148   0.0063
 -0.0065   0.0244  -0.0170  -0.2029   0.0137   0.0053
 -0.0100   0.0175  -0.0179  -0.1831   0.0219   0.0045
 -0.0049   0.0242  -0.0244  -0.1745   0.0187   0.0157
 -0.0038   0.0253  -0.0197  -0.1712   0.0245   0.0115
 -0.0036   0.0514  -0.0276  -0.1945   0.0230   0.0047
 -0.0022   0.0475  -0.0225  -0.1990   0.0297   0.0084
  0.0011   0.0439  -0.0201  -0.1937   0.0364   0.0061
 -0.0022   0.0450  -0.0180  -0.2019   0.0314   0.0078
 -0.0111   0.0664  -0.0252  -0.1712   0.0361  -0.0046
 -0.0133   0.0527  -0.0336  -0.1871   0.0286   0.0092
 -0.0076   0.0525  -0.0292  -0.1812   0.0349   0.0023
 -0.0037   0.0585  -0.0195  -0.1884   0.0321  -0.0013
 -0.0095   0.0513  -0.0208  -0.1845   0.0303  -0.0060
 -0.0077   0.0558  -0.0209  -0.1873   0.0360  -0.0068
 -0.0050   0.0631  -0.0171  -0.1924   0.0331  -0.0023
 -0.0102   0.0488  -0.0235  -0.1857   0.0283  -0.0029
 -0.0068   0.0489  -0.0223  -0.1887   0.0234  -0.0140
 -0.0112   0.0618  -0.0177  -0.1983   0.0285  -0.0174
 -0.0125   0.0492  -0.0113  -0.1962   0.0299  -0.0183
 -0.0005   0.0466  -0.0054  -0.2023   0.0347  -0.0067
 -0.0058   0.0529  -0.0057  -0.2079   0.0387  -0.0043
 -0.0019   0.0393  -0.0071  -0.2074   0.0169   0.0012
  0.0047   0.0585   0.0173  -0.1994   0.0146   0.0054
 -0.0145   0.0471  -0.0137  -0.1969   0.0189  -0.0100
 -0.0146   0.0616  -0.0001  -0.1971   0.0169  -0.0172
 -0.0072   0.0629  -0.0068  -0.1776   0.0235  -0.0151
 -0.0062   0.0713  -0.0040  -0.1776   0.0350  -0.0271
 -0.0026   0.0796  -0.0067  -0.1754   0.0362  -0.0271
 -0.0042   0.0899  -0.0018  -0.1973   0.0302  -0.0312
 -0.0077   0.0786  -0.0066  -0.1675   0.0418  -0.0299
 -0.0123   0.0713  -0.0014  -0.1697   0.0329  -0.0240
 -0.0093   0.0672   0.0107  -0.1668   0.0328  -0.0231
 -0.0165   0.0676  -0.0114  -0.1623   0.0294  -0.0186
 -0.0095   0.0830  -0.0037  -0.1588   0.0299  -0.0102
 -0.0042   0.0993   0.0046  -0.1469   0.0416  -0.0131
 -0.0052   0.1205  -0.0030  -0.1496   0.0461  -0.0179
  0.0018   0.1214   0.0030  -0.1611   0.0494  -0.0229
 -0.0017   0.1102   0.0011  -0.1558   0.0496  -0.0376
 -0.0098   0.0965  -0.0021  -0.1438   0.0533  -0.0428
 -0.0001   0.1016   0.0053  -0.1352   0.0631  -0.0302
 -0.0077   0.1105   0.0163  -0.1332   0.0590  -0.0244
 -0.0028   0.1177   0.0155  -0.1278   0.0493  -0.0285
 -0.0009   0.1362   0.0114  -0.1413   0.0550  -0.0309
  0.0000   0.1343   0.0140  -0.1489   0.0536  -0.0271
 -0.0029   0.1482   0.0238  -0.1631   0.0539  -0.0404
  0.0016   0.1478   0.0262  -0.1715   0.0552  -0.0475
  0.0043   0.1488   0.0204  -0.1627   0.0570  -0.0594
  0.0018   0.1456   0.0229  -0.1811   0.0498  -0.0587
 -0.0146   0.0937  -0.0113  -0.0944   0.0323  -0.0561
 -0.0123   0.1221  -0.0069  -0.1450   0.0448  -0.0585
 -0.0257   0.0989  -0.0128  -0.1355   0.0421  -0.0516
 -0.0020   0.1394   0.0120  -0.1607   0.0594  -0.0666
 -0.0035   0.1589  -0.0088  -0.2205   0.0472  -0.0487
 -0.0031   0.1559  -0.0032  -0.1880   0.0557  -0.0542
  0.0033   0.1551  -0.0097  -0.1347   0.0677  -0.0568
  0.0077   0.1816  -0.0038  -0.1616   0.0640  -0.0511
 -0.0020   0.1494  -0.0200  -0.1167   0.0575  -0.0534
  0.0054   0.1718  -0.0123  -0.1504   0.0493  -0.0497
  0.0040   0.1598  -0.0107  -0.1581   0.0598  -0.0533
  0.0034   0.1554  -0.0172  -0.1303   0.0649  -0.0507
  0.0180   0.1995   0.0004  -0.1644   0.0706  -0.0549
  0.0173   0.1996   0.0041  -0.1855   0.0721  -0.0499
  0.0093   0.1733  -0.0039  -0.1494   0.0668  -0.0613
  0.0161   0.1822  -0.0015  -0.1623   0.0691  -0.0625
  0.0118   0.1918  -0.0029  -0.1862   0.0719  -0.0569
  0.0024   0.1867   0.0071  -0.2033   0.0721  -0.0627
  0.0125   0.1709  -0.0028  -0.1999   0.0811  -0.0446
  0.0038   0.1743  -0.0073  -0.2077   0.0761  -0.0380
  0.0044   0.1626  -0.0106  -0.2089   0.0737  -0.0382
  0.0117   0.1485  -0.0151  -0.1688   0.0735  -0.0469
  0.0155   0.0590  -0.0467   0.1042   0.0435  -0.0917
 -0.0556  -0.1283  -0.0639   0.3770   0.0357  -0.0665
 -0.0078  -0.0539  -0.0639  -0.1567   0.0292   0.0136
 -0.0174  -0.0064  -0.0718  -0.1371   0.0617  -0.0251
 -0.0307  -0.0131  -0.0890  -0.1044   0.0791  -0.0354
 -0.0230  -0.0029  -0.0656  -0.1466   0.0877  -0.0252
 -0.0155   0.0283  -0.0524  -0.1654   0.0939  -0.0420
 -0.0302   0.0334  -0.0576  -0.1020   0.1022  -0.0562
 -0.0161   0.0748  -0.0513  -0.1164   0.1026  -0.0556
 -0.0080   0.0813  -0.0454  -0.1215   0.1005  -0.0450
 -0.0162   0.0709  -0.0495  -0.1123   0.0968  -0.0520
 -0.0262   0.0604  -0.0561  -0.1212   0.0848  -0.0536
 -0.0264   0.0612  -0.0388  -0.1166   0.0825  -0.0601
 -0.0209   0.0758  -0.0311  -0.0935   0.0921  -0.0616
 -0.0201   0.0857  -0.0281  -0.1019   0.0965  -0.0472
 -0.0116   0.1014  -0.0176  -0.1165   0.0897  -0.0536
 -0.0139   0.1123  -0.0240  -0.1152   0.0848  -0.0566
 -0.0112   0.1326  -0.0261  -0.1000   0.0879  -0.0746
 -0.0078   0.1506  -0.0301  -0.0940   0.0966  -0.0604
 -0.0076   0.1488  -0.0212  -0.1008   0.0958  -0.0689
 -0.0026   0.1527  -0.0154  -0.1108   0.0897  -0.0731
 -0.0144   0.1457  -0.0222  -0.0999   0.0934  -0.0764
 -0.0120   0.1460  -0.0172  -0.0999   0.0889  -0.0782
 -0.0144   0.1505  -0.0159  -0.1151   0.0852  -0.0752
 -0.0168   0.1487  -0.0313  -0.0987   0.0781  -0.0871
 -0.0224   0.1364  -0.0229  -0.0947   0.0782  -0.0809
 -0.0157   0.1678   0.0007  -0.1301   0.0834  -0.0922
 -0.0277   0.1387   0.0180  -0.1046   0.0814  -0.0864
 -0.0159   0.1610  -0.0015  -0.1418   0.0746  -0.0670
 -0.0086   0.1757   0.0345  -0.1619   0.1095  -0.0824
 -0.0305   0.1525   0.0221  -0.0417   0.1256  -0.1011
 -0.0223   0.1894   0.0288  -0.0612   0.1270  -0.1109
 -0.0108   0.1913   0.0424  -0.0828   0.1223  -0.0996
 -0.0080   0.1559   0.0280  -0.0468   0.1270  -0.0972
  0.0105   0.1629   0.0458  -0.0466   0.1138  -0.0987
  0.0037   0.2399   0.0430  -0.0654   0.1044  -0.1117
  0.0015   0.2021   0.0297  -0.0436   0.1125  -0.1105
  0.0266   0.2010   0.0352  -0.0056   0.0958  -0.1072
