 -0.1492   0.2722   0.1401  -0.4988  -0.0074   0.3595
 -0.1377   0.0761   0.1234  -0.3967  -0.0071   0.3489
 -0.1381   0.1313   0.1248  -0.2665  -0.0372   0.2252
 -0.1092   0.1597   0.1255  -0.2588  -0.0228   0.1965
 -0.0982   0.1765   0.1190  -0.2310  -0.0142   0.2435
 -0.0898   0.1534   0.1329  -0.2286  -0.0096   0.1420
 -0.0859   0.1412   0.1320  -0.1848  -0.0019   0.2131
 -0.0794   0.1601   0.1489  -0.1873  -0.0101   0.1169
 -0.0717   0.2120   0.1256  -0.1718  -0.0110   0.1902
 -0.0611   0.1760   0.1296  -0.1744  -0.0123   0.0892
 -0.0475   0.1876   0.1300  -0.1620  -0.0034   0.1705
 -0.0465   0.1754   0.1398  -0.1814   0.0043   0.1289
 -0.0419   0.2051   0.1401  -0.1857   0.0115   0.1730
 -0.0448   0.1660   0.1429  -0.1793   0.0024   0.1196
 -0.0458   0.2079   0.1269  -0.1838   0.0016   0.1688
 -0.0553   0.1984   0.1314  -0.1684  -0.0013   0.1173
 -0.0421   0.2087   0.1281  -0.1847   0.0010   0.1412
 -0.0434   0.2050   0.1208  -0.1797  -0.0034   0.1087
 -0.0415   0.2215   0.1255  -0.1796   0.0060   0.1386
 -0.0320   0.2209   0.1239  -0.1682   0.0101   0.1250
 -0.0126   0.2242   0.1197  -0.1734   0.0185   0.0587
 -0.0402   0.2509   0.1136  -0.1473  -0.0028   0.1189
 -0.0315   0.2505   0.1167  -0.1335  -0.0027   0.0216
 -0.0693   0.2460   0.1168  -0.0748  -0.0225  -0.0217
 -0.0769   0.2435   0.1135  -0.1472  -0.0072   0.1264
 -0.0621   0.2421   0.1066  -0.1287  -0.0083   0.0428
 -0.0497   0.2471   0.0983  -0.1155  -0.0038   0.0365
 -0.0513   0.2379   0.0851  -0.0887  -0.0106   0.0427
 -0.0554   0.2512   0.0828  -0.0806  -0.0186  -0.0329
 -0.0571   0.2264   0.0890  -0.0847  -0.0236  -0.0379
 -0.0580   0.2202   0.0748  -0.0867  -0.0211   0.0672
 -0.0517   0.2134   0.0750  -0.0877  -0.0183  -0.0132
 -0.0570   0.1959   0.0751  -0.0688  -0.0200   0.0799
 -0.0355   0.1506   0.0603  -0.0753  -0.0120   0.0187
 -0.0297   0.1476   0.0643  -0.0499  -0.0091   0.0602
 -0.0202   0.1506   0.0557  -0.0554  -0.0100   0.0161
 -0.0219   0.1184   0.0566  -0.0653  -0.0089   0.0197
 -0.0303   0.1368   0.0543  -0.0530  -0.0172   0.0406
 -0.0217   0.1320   0.0500  -0.0691  -0.0086   0.0158
 -0.0172   0.1275   0.0411  -0.0661  -0.0149   0.0629
 -0.0139   0.1020   0.0149  -0.0483  -0.0317   0.0732
 -0.0146   0.1014  -0.0007  -0.0585  -0.0376   0.0029
 -0.0039   0.1214   0.0094  -0.0404  -0.0231   0.0293
 -0.0008   0.0784  -0.0070  -0.0458  -0.0294   0.0069
 -0.0089   0.0827  -0.0029  -0.0365  -0.0272  -0.0011
 -0.0172   0.0908   0.0046  -0.0325  -0.0241   0.0090
 -0.0356   0.1215  -0.0087   0.0289  -0.0472  -0.0776
 -0.0449   0.0631   0.0031  -0.0289  -0.0293   0.0362
 -0.0275   0.0740   0.0063  -0.0111  -0.0237   0.0048
 -0.0234   0.0776  -0.0005  -0.0098  -0.0270   0.0080
 -0.0144   0.0672  -0.0008   0.0191  -0.0315   0.0054
 -0.0086   0.0717   0.0006   0.0132  -0.0247  -0.0601
 -0.0084   0.0713  -0.0017   0.0074  -0.0198   0.0000
 -0.0108   0.0400  -0.0017   0.0262  -0.0205  -0.0400
 -0.0097   0.0411   0.0023   0.0282  -0.0204  -0.0168
 -0.0023   0.0508  -0.0018   0.0360  -0.0221  -0.0394
 -0.0029   0.0114  -0.0014   0.0308  -0.0168  -0.0565
  0.0003   0.0061  -0.0023   0.0497  -0.0085   0.0089
  0.0082  -0.0001  -0.0040   0.0397  -0.0065  -0.0291
  0.0090  -0.0049  -0.0023   0.0229  -0.0072  -0.0354
  0.0285   0.0017   0.0051   0.0221   0.0058   0.0030
  0.0453  -0.0185   0.0158   0.0225   0.0183  -0.0648
  0.0237   0.0391   0.0070   0.0427   0.0117  -0.0024
  0.0160  -0.0033   0.0041   0.0195   0.0041  -0.0546
  0.0251   0.0084   0.0105   0.0158   0.0149   0.0112
  0.0326  -0.0064   0.0193   0.0130   0.0188  -0.0359
  0.0369   0.0020   0.0207   0.0263   0.0207  -0.0258
  0.0353  -0.0240   0.0165   0.0109   0.0204  -0.0735
  0.0311  -0.0002   0.0073   0.0319   0.0176   0.0189
  0.0268  -0.0105   0.0075   0.0276   0.0125  -0.0880
  0.0259   0.0053   0.0072   0.0382   0.0110  -0.0207
  0.0226  -0.0114   0.0077   0.0198   0.0078  -0.0803
  0.0216  -0.0182   0.0116   0.0203   0.0100  -0.0022
  0.0200  -0.0391   0.0129   0.0035   0.0167  -0.0038
  0.0091  -0.0409   0.0094   0.0237   0.0063  -0.0381
  0.0093  -0.0408   0.0019   0.0533   0.0068  -0.0256
  0.0109  -0.0690  -0.0005   0.0488  -0.0004  -0.0565
  0.0112  -0.0894  -0.0023   0.0458   0.0020   0.0056
  0.0191  -0.0853  -0.0058   0.0321   0.0009   0.0033
  0.0182  -0.1213  -0.0056   0.0220   0.0001  -0.0310
  0.0135  -0.1144  -0.0082   0.0403   0.0021   0.0565
  0.0251  -0.1465  -0.0002   0.0443   0.0134  -0.0091
  0.0344  -0.1672   0.0023   0.0451   0.0178  -0.0041
  0.0221  -0.1504  -0.0066   0.0548   0.0116   0.0186
  0.0270  -0.1511  -0.0093   0.0568   0.0130  -0.0173
  0.0344  -0.1283  -0.0059   0.0536   0.0169   0.0228
  0.0356  -0.1043  -0.0114   0.0425   0.0180  -0.0357
  0.0259  -0.0996  -0.0162   0.0539   0.0100  -0.0111
  0.0372  -0.0870  -0.0150   0.0596   0.0158  -0.0027
  0.0399  -0.0751  -0.0094   0.0542   0.0156  -0.0540
  0.0355  -0.0531  -0.0166   0.0589   0.0169  -0.0077
  0.0382  -0.0575  -0.0134   0.0524   0.0124  -0.0630
  0.0265  -0.0054   0.0161   0.0459   0.0185  -0.0187
  0.0293  -0.0308   0.0044   0.0181   0.0196  -0.1246
  0.0245  -0.0161  -0.0076   0.0100   0.0182  -0.0058
  0.0274  -0.0457  -0.0040   0.0045   0.0219  -0.0536
  0.0214  -0.0415  -0.0141   0.0234   0.0221  -0.0093
  0.0176  -0.0901  -0.0125   0.0070   0.0129  -0.0548
  0.0285  -0.0823  -0.0228   0.0072   0.0052   0.0375
  0.0101  -0.1339  -0.0244   0.0226  -0.0042  -0.0079
  0.0097  -0.1501  -0.0217   0.0571  -0.0145  -0.0115
  0.0109  -0.1417  -0.0243   0.0757  -0.0212  -0.0195
 -0.0038  -0.1511  -0.0370   0.0461  -0.0264  -0.0028
 -0.0255  -0.1446  -0.0660   0.0262  -0.0451   0.0434
 -0.0141  -0.1373  -0.0365   0.0495  -0.0372  -0.0693
  0.0201  -0.1116  -0.0404   0.0617  -0.0162   0.0128
  0.0196  -0.1150  -0.0401   0.0795  -0.0122  -0.0435
  0.0005  -0.0963  -0.0533   0.0630  -0.0259  -0.0420
 -0.0130  -0.1014  -0.0652   0.0533  -0.0395  -0.0113
  0.0176  -0.0895  -0.0501   0.0636  -0.0132  -0.0806
  0.0237  -0.0978  -0.0460   0.0804  -0.0059  -0.0062
  0.0138  -0.1093  -0.0531   0.0773  -0.0038  -0.0858
  0.0068  -0.0953  -0.0637   0.0529  -0.0024  -0.0468
  0.0195  -0.0558  -0.0636   0.0561  -0.0023  -0.0418
  0.0218  -0.0616  -0.0779   0.0605  -0.0087  -0.0759
  0.0310  -0.0913  -0.0793   0.0732   0.0041  -0.0241
  0.0458  -0.0782  -0.0756   0.0801   0.0096  -0.0925
  0.0544  -0.1076  -0.0912   0.0963   0.0231  -0.0537
  0.0407  -0.1059  -0.1050   0.0954   0.0112  -0.0447
  0.0442  -0.1202  -0.1151   0.0911   0.0096  -0.0536
  0.0497  -0.0945  -0.1247   0.0947   0.0062  -0.0511
  0.0518  -0.1258  -0.1183   0.0905   0.0115  -0.0578
  0.0573  -0.1699  -0.1036   0.1019   0.0227  -0.0540
  0.0595  -0.1273  -0.1122   0.1164   0.0176  -0.0369
  0.0401  -0.1486  -0.1112   0.0959   0.0052  -0.0775
  0.0286  -0.1217  -0.1034   0.1012   0.0097  -0.0574
  0.0355  -0.0892  -0.1091   0.0956   0.0064  -0.0363
  0.0345  -0.0998  -0.1088   0.1144   0.0022  -0.1177
  0.0326  -0.1341  -0.1165   0.1193   0.0056  -0.0348
  0.0326  -0.1210  -0.1038   0.1250   0.0118  -0.0675
  0.0218  -0.1485  -0.1069   0.1264   0.0085  -0.0794
  0.0271  -0.1557  -0.1001   0.1321   0.0174  -0.0689
  0.0390  -0.1423  -0.0935   0.1167   0.0246  -0.1302
  0.0355  -0.1417  -0.1001   0.1175   0.0302  -0.0286
  0.0385  -0.1379  -0.0937   0.1109   0.0242  -0.1032
  0.0415  -0.1430  -0.0976   0.1181   0.0231  -0.0566
  0.0470  -0.1328  -0.0899   0.1265   0.0271  -0.0834
  0.0406  -0.1330  -0.0931   0.1233   0.0255  -0.1135
  0.0417  -0.1291  -0.0953   0.1221   0.0262  -0.0512
  0.0364  -0.1471  -0.0940   0.0921   0.0241  -0.1110
  0.0391  -0.1272  -0.0958   0.1076   0.0235  -0.0620
  0.0326  -0.1079  -0.0879   0.0662   0.0249  -0.1257
  0.0295  -0.1502  -0.0916   0.1167   0.0265  -0.0037
  0.0316  -0.1887  -0.0846   0.1387   0.0272  -0.0942
  0.0340  -0.1390  -0.0876   0.1358   0.0228  -0.1121
  0.0389  -0.1251  -0.0809   0.0902   0.0228  -0.1232
  0.0393  -0.1264  -0.0762   0.0669   0.0285  -0.1203
  0.0265  -0.1342  -0.0811   0.1029   0.0199   0.0161
  0.0246  -0.1842  -0.0794   0.1106   0.0131  -0.0511
  0.0371  -0.2053  -0.0740   0.1335   0.0251  -0.0720
  0.0424  -0.2317  -0.0655   0.1487   0.0293  -0.0937
