 -0.0240   0.0034  -0.1327  -0.2108  -0.1200   0.2964
 -0.0061  -0.0081  -0.1211  -0.2175  -0.1078   0.3331
 -0.0196  -0.0072  -0.1323  -0.2266  -0.1089   0.2849
 -0.0183   0.0020  -0.1333  -0.2515  -0.1146   0.3037
 -0.0360   0.0010  -0.1373  -0.2500  -0.1058   0.3216
 -0.0206  -0.0105  -0.1172  -0.1878  -0.1024   0.3197
  0.0133  -0.0029  -0.1020  -0.2062  -0.0957   0.2977
  0.0156  -0.0087  -0.1012  -0.2284  -0.0898   0.2335
  0.0183   0.0392  -0.1002  -0.2104  -0.0894   0.2343
  0.0519   0.0046  -0.0876  -0.1671  -0.0811   0.3260
  0.0356   0.0342  -0.0871  -0.1813  -0.0846   0.1778
  0.0432  -0.0013  -0.0759  -0.1565  -0.0743   0.3227
  0.0717   0.1048  -0.0491  -0.1991  -0.0699   0.2055
  0.0587   0.1258  -0.0490  -0.1412  -0.0554   0.2874
  0.0928   0.1543  -0.0246  -0.2014  -0.0501   0.2558
  0.0741   0.1593  -0.0458  -0.1857  -0.0514   0.2438
  0.0956   0.2131  -0.0239  -0.1812  -0.0348   0.2033
  0.1054   0.2039  -0.0204  -0.1733  -0.0341   0.2070
  0.0795   0.1496  -0.0298  -0.1443  -0.0412   0.2191
  0.0766   0.1457  -0.0157  -0.1703  -0.0508   0.1617
  0.0799   0.2207  -0.0383  -0.1903  -0.0376   0.1489
  0.0808   0.2739  -0.0312  -0.1639  -0.0308   0.1600
  0.0880   0.2953  -0.0203  -0.1627  -0.0209   0.1121
  0.0856   0.2935  -0.0186  -0.1112  -0.0104   0.1201
  0.0838   0.2785  -0.0162  -0.1470  -0.0190   0.1499
  0.0563   0.1683  -0.0219  -0.1039  -0.0193   0.0895
  0.0581   0.2226  -0.0240  -0.1777  -0.0370   0.1942
  0.0477   0.2364  -0.0343  -0.1525  -0.0271   0.1226
  0.0687   0.2444  -0.0078  -0.1163  -0.0282   0.1318
  0.0525   0.1895  -0.0123  -0.1382  -0.0253   0.1034
  0.0401   0.1897  -0.0292  -0.1348  -0.0345   0.1006
  0.0518   0.2272  -0.0170  -0.1520  -0.0240   0.1360
  0.0492   0.2088  -0.0187  -0.1250  -0.0225   0.0246
  0.0565   0.2439  -0.0096  -0.1500  -0.0230   0.1188
  0.0534   0.2498  -0.0064  -0.1170  -0.0261   0.1376
  0.0765   0.2664   0.0115  -0.1357  -0.0117   0.0852
  0.0612   0.2108   0.0001  -0.1112  -0.0122   0.0921
  0.0513   0.1867   0.0041  -0.0711  -0.0184   0.0525
  0.0464   0.1061   0.0000  -0.0372  -0.0145   0.1285
  0.0738   0.1272   0.0026  -0.1383  -0.0357   0.1908
  0.0651   0.0960  -0.0041  -0.1582  -0.0173   0.1849
  0.0330   0.1095  -0.0150  -0.1203  -0.0165   0.1372
  0.0316   0.1290  -0.0147  -0.1086  -0.0220   0.1086
  0.0164   0.1698  -0.0303  -0.0847  -0.0158   0.0651
  0.0373   0.1569  -0.0173  -0.1112  -0.0127   0.1282
  0.0336   0.1914  -0.0166  -0.0868  -0.0065   0.0668
  0.0306   0.1599  -0.0104  -0.0582  -0.0092   0.0450
  0.0284   0.1444  -0.0110  -0.0938  -0.0043   0.0452
  0.0085   0.1162  -0.0094  -0.0578  -0.0080   0.0444
  0.0056   0.1522  -0.0320  -0.0674  -0.0025   0.0511
  0.0003   0.1050  -0.0353  -0.0451  -0.0122   0.0376
 -0.0004   0.1198  -0.0455  -0.0760  -0.0055   0.0659
 -0.0224   0.0547  -0.0525  -0.0075  -0.0214   0.0210
 -0.0089   0.0765  -0.0422  -0.0310  -0.0203   0.0952
 -0.0225   0.0686  -0.0502  -0.0373  -0.0133   0.0132
 -0.0245   0.0802  -0.0427  -0.0257  -0.0215   0.0421
 -0.0400   0.0625  -0.0582  -0.0275  -0.0220   0.0364
 -0.0628   0.0602  -0.0632  -0.0183  -0.0184   0.0194
 -0.0349   0.0755  -0.0581  -0.0387  -0.0160   0.0591
 -0.0799   0.0346  -0.0794  -0.0217  -0.0183   0.0076
 -0.0765   0.0257  -0.0646  -0.0216  -0.0123   0.0198
 -0.0674  -0.0169  -0.0780   0.0537   0.0026   0.0827
 -0.0452   0.0159  -0.0405   0.0063  -0.0004  -0.0151
 -0.0358   0.0514  -0.0474  -0.0228   0.0142   0.0822
 -0.0200   0.0006  -0.0504   0.0894   0.0321  -0.0140
 -0.0047  -0.0298  -0.0394   0.1286   0.0528   0.0371
  0.0162   0.0096  -0.0076   0.0836   0.0274  -0.0230
 -0.0023   0.0523  -0.0036   0.0782   0.0540  -0.0275
  0.0035   0.0481  -0.0089   0.1028   0.0552   0.0697
  0.0332   0.0579   0.0044   0.0325   0.0425  -0.0599
 -0.0036   0.0647  -0.0081   0.1266   0.0524  -0.0652
  0.0183   0.0625   0.0066   0.1266   0.0416  -0.0161
  0.0001   0.0249   0.0120   0.1331   0.0535  -0.1732
  0.0234   0.0782   0.0358   0.1325   0.0594  -0.0721
  0.0171   0.0703   0.0207   0.0982   0.0598  -0.0268
  0.0314   0.0251   0.0311   0.0509   0.0553  -0.0992
  0.0012  -0.0386   0.0209   0.1249   0.0487  -0.1256
  0.0001   0.0196   0.0218   0.1026   0.0408  -0.1015
 -0.0307   0.0261  -0.0024   0.1430   0.0316  -0.0710
 -0.0218   0.0016   0.0164   0.1184   0.0264  -0.0871
 -0.0391   0.0212   0.0044   0.1907   0.0303  -0.1540
 -0.0111  -0.0032   0.0191   0.1112   0.0238  -0.0592
 -0.0250  -0.0284   0.0019   0.1611   0.0292  -0.1034
 -0.0266  -0.0430   0.0109   0.1101   0.0254  -0.0605
 -0.0221  -0.0240   0.0070   0.1156   0.0148  -0.0708
 -0.0388  -0.0117  -0.0073   0.1463   0.0104  -0.1227
 -0.0262  -0.0556   0.0223   0.1100   0.0142  -0.0479
 -0.0268  -0.0301   0.0187   0.1415   0.0205  -0.1919
  0.0002  -0.0045   0.0354   0.1576   0.0349  -0.1307
 -0.0104  -0.0734   0.0291   0.1444   0.0240  -0.1459
 -0.0116  -0.0446   0.0204   0.1013   0.0218  -0.1455
 -0.0161  -0.0426   0.0111   0.1705   0.0309  -0.1616
 -0.0205  -0.0897   0.0150   0.1740   0.0200  -0.1610
 -0.0317  -0.1038   0.0036   0.1649   0.0120  -0.2262
 -0.0013  -0.0710   0.0224   0.1375   0.0218  -0.0788
 -0.0287  -0.0907  -0.0019   0.1723   0.0121  -0.1770
 -0.0109  -0.0533   0.0210   0.1485   0.0223  -0.1958
 -0.0023  -0.0426   0.0115   0.2095   0.0292  -0.1847
  0.0001  -0.0234   0.0247   0.1667   0.0226  -0.1756
 -0.0203  -0.0577   0.0094   0.1998   0.0234  -0.2025
  0.0019  -0.1134   0.0242   0.0632   0.0054  -0.0149
 -0.0326  -0.2056   0.0147   0.0719  -0.0075  -0.0832
 -0.0334  -0.1589   0.0348   0.1208  -0.0088  -0.0906
 -0.0259  -0.1339   0.0461   0.1501   0.0143  -0.1076
 -0.0107  -0.1237   0.0512   0.1162   0.0119  -0.0014
 -0.0224  -0.1186   0.0459   0.1449   0.0149  -0.1059
  0.0002  -0.0716   0.0650   0.1300   0.0320  -0.0967
 -0.0133  -0.1094   0.0481   0.1272   0.0344  -0.1697
  0.0095  -0.0874   0.0675   0.0962   0.0268  -0.1376
  0.0088  -0.0619   0.0660   0.0659   0.0432  -0.1137
 -0.0116  -0.1375   0.0553   0.0688   0.0175  -0.0888
  0.0017  -0.0641   0.0642   0.0328   0.0149  -0.0978
 -0.0443  -0.1132   0.0489   0.0447   0.0127  -0.1301
  0.0031  -0.0547   0.0641   0.0222   0.0217  -0.0595
 -0.0211  -0.0833   0.0668   0.0509   0.0238  -0.1170
 -0.0136  -0.0887   0.0642   0.0831   0.0075  -0.1256
 -0.0199  -0.0888   0.0554   0.0609   0.0152  -0.1374
 -0.0244  -0.1535   0.0535   0.0762   0.0177  -0.1143
 -0.0124  -0.0993   0.0552   0.0597   0.0122  -0.1416
 -0.0426  -0.1660   0.0471   0.1131   0.0083  -0.1984
  0.0087  -0.1091   0.0746   0.0784   0.0098  -0.0995
 -0.0231  -0.1337   0.0693   0.1172   0.0326  -0.1183
 -0.0118  -0.1122   0.0673   0.0849   0.0298  -0.1220
 -0.0468  -0.1629   0.0508   0.1158   0.0305  -0.1670
  0.0059  -0.1113   0.0662   0.0530   0.0235  -0.1244
 -0.0643  -0.1505   0.0360   0.0729   0.0186  -0.1527
 -0.0018  -0.1340   0.0560  -0.0142   0.0166  -0.0847
 -0.0484  -0.1711   0.0359   0.0367   0.0229  -0.1190
 -0.0376  -0.1377   0.0416   0.0466   0.0179  -0.1207
 -0.0445  -0.1674   0.0481   0.0284   0.0256  -0.1194
 -0.0434  -0.1435   0.0487   0.0229   0.0239  -0.0332
 -0.0191  -0.1875   0.0574  -0.0456   0.0146  -0.0531
 -0.0621  -0.1638   0.0415   0.0340   0.0192  -0.0854
 -0.0441  -0.1578   0.0585   0.0423   0.0193  -0.0440
 -0.0411  -0.1467   0.0460   0.0098   0.0418  -0.1149
 -0.0578  -0.2039   0.0519   0.0317   0.0336  -0.1138
 -0.0271  -0.1455   0.0518  -0.0107   0.0421  -0.0129
 -0.0563  -0.1913   0.0442   0.0048   0.0380  -0.1018
 -0.0312  -0.1936   0.0521  -0.0242   0.0287  -0.0659
  0.0074  -0.1743   0.0405  -0.0570   0.0362  -0.0867
 -0.0358  -0.2155   0.0390   0.0270   0.0450  -0.1498
 -0.0070  -0.1855   0.0592  -0.0206   0.0427  -0.0554
 -0.0483  -0.1766   0.0173   0.0478   0.0240  -0.0994
 -0.0404  -0.1910   0.0324   0.0056   0.0306  -0.0598
 -0.0708  -0.2174   0.0162   0.0577   0.0313  -0.1546
 -0.0520  -0.1807   0.0459   0.0796   0.0378  -0.1200
 -0.0615  -0.2232   0.0207   0.1218   0.0196  -0.2007
 -0.0585  -0.2254   0.0341   0.1042   0.0221  -0.1591
 -0.0563  -0.2623   0.0377   0.1229   0.0158  -0.1717
 -0.0521  -0.2667   0.0317   0.0728   0.0184  -0.1247
