  0.0166  -0.0573  -0.0371   0.1630  -0.0156   0.0112
  0.0221  -0.0161  -0.0207   0.1662  -0.0107   0.0176
  0.0239  -0.0127  -0.0179   0.1698  -0.0159  -0.0109
  0.0284  -0.0133  -0.0217   0.1502  -0.0202  -0.0282
  0.0279   0.0207  -0.0294   0.1408  -0.0206  -0.0355
  0.0194  -0.0026  -0.0157   0.1417  -0.0167  -0.0208
  0.0303  -0.0223  -0.0225   0.1484  -0.0129  -0.0480
  0.0189  -0.0108  -0.0265   0.1610  -0.0111  -0.0462
  0.0181   0.0033  -0.0302   0.1556  -0.0149  -0.0115
  0.0183  -0.0036  -0.0256   0.1615  -0.0181  -0.0526
  0.0149  -0.0075  -0.0226   0.1305  -0.0200  -0.0374
  0.0094   0.0045  -0.0244   0.1047  -0.0244  -0.0244
  0.0147   0.0036  -0.0230   0.1342  -0.0219  -0.0163
  0.0143  -0.0041  -0.0252   0.1594  -0.0211  -0.0492
  0.0198  -0.0087  -0.0138   0.1470  -0.0225  -0.0515
  0.0159   0.0113  -0.0229   0.1557  -0.0283  -0.0517
  0.0211   0.0120  -0.0228   0.1321  -0.0354  -0.0394
  0.0267   0.0069  -0.0201   0.1212  -0.0293  -0.0405
  0.0356   0.0046  -0.0147   0.1250  -0.0135  -0.0365
  0.0309   0.0117  -0.0115   0.1346  -0.0174  -0.0523
  0.0345   0.0276  -0.0148   0.1316  -0.0160  -0.0382
  0.0445   0.0082  -0.0078   0.1116  -0.0139  -0.0601
  0.0358   0.0201  -0.0062   0.1135  -0.0314  -0.0351
  0.0332   0.0225  -0.0105   0.1389  -0.0234  -0.0518
  0.0409   0.0232  -0.0031   0.1403  -0.0224  -0.0446
  0.0374   0.0211  -0.0020   0.1213  -0.0172  -0.0355
  0.0296   0.0286  -0.0155   0.1312  -0.0273  -0.0564
  0.0204   0.0340  -0.0115   0.1152  -0.0347  -0.0512
  0.0303   0.0414  -0.0100   0.1202  -0.0311  -0.0407
  0.0270   0.0444  -0.0161   0.1179  -0.0311  -0.0443
  0.0225   0.0288  -0.0175   0.1200  -0.0314  -0.0504
  0.0173   0.0347  -0.0133   0.0914  -0.0242  -0.0411
  0.0075   0.0398  -0.0233   0.0867  -0.0182  -0.0252
  0.0130   0.0476  -0.0115   0.0840  -0.0264  -0.0410
  0.0163   0.0398  -0.0218   0.0784  -0.0203  -0.0419
  0.0234   0.0430  -0.0202   0.0930  -0.0357  -0.0414
  0.0176   0.0528  -0.0188   0.0852  -0.0444  -0.0430
  0.0180   0.0542  -0.0182   0.0779  -0.0329  -0.0239
  0.0115   0.0533  -0.0173   0.0631  -0.0339  -0.0389
  0.0100   0.0639  -0.0217   0.0562  -0.0328  -0.0401
  0.0047   0.0670  -0.0232   0.0804  -0.0309  -0.0479
  0.0058   0.0621  -0.0190   0.0643  -0.0304  -0.0307
  0.0086   0.0594  -0.0182   0.0592  -0.0262  -0.0331
  0.0046   0.0594  -0.0220   0.0831  -0.0373  -0.0421
  0.0089   0.0595  -0.0193   0.0820  -0.0301  -0.0415
 -0.0007   0.0603  -0.0255   0.0870  -0.0429  -0.0378
  0.0007   0.0632  -0.0155   0.0866  -0.0510  -0.0346
 -0.0017   0.0599  -0.0172   0.0756  -0.0426  -0.0351
 -0.0021   0.0610  -0.0148   0.0623  -0.0415  -0.0280
 -0.0009   0.0763  -0.0081   0.0391  -0.0309  -0.0270
  0.0504   0.0260   0.0379   0.0650  -0.0125  -0.0450
  0.0747   0.0122   0.0676   0.0631  -0.0087  -0.0603
  0.0802   0.0140   0.0831   0.0284  -0.0021  -0.0544
  0.0619   0.0115   0.0639  -0.0032  -0.0002  -0.0535
  0.0243   0.0226   0.0218  -0.0606  -0.0045   0.0457
  0.0305   0.1276  -0.0023  -0.0964  -0.0023   0.0257
  0.0362   0.0645   0.0412  -0.0651   0.0221   0.0039
  0.0195   0.0454   0.0066  -0.0341   0.0048  -0.0145
  0.0272   0.0671   0.0117  -0.0449   0.0028   0.0067
 -0.0012   0.0458   0.0043  -0.0941   0.0088   0.0254
  0.0199   0.0439   0.0045  -0.0622   0.0137   0.0071
  0.0176   0.0350   0.0145  -0.0295   0.0016   0.0117
  0.0174   0.0251   0.0117  -0.0261  -0.0004   0.0063
  0.0212   0.0376   0.0219  -0.0140  -0.0022  -0.0075
  0.0184   0.0503   0.0126  -0.0150  -0.0158   0.0080
  0.0260   0.0362   0.0168  -0.0074  -0.0144  -0.0037
  0.0222   0.0394   0.0212  -0.0237  -0.0069  -0.0043
  0.0166   0.0388   0.0130  -0.0262  -0.0037  -0.0068
  0.0131   0.0465   0.0239  -0.0420  -0.0038  -0.0353
  0.0126   0.0467   0.0235  -0.0452  -0.0007  -0.0056
  0.0298   0.0405   0.0230  -0.0274   0.0065  -0.0129
  0.0273   0.0359   0.0316  -0.0527   0.0140   0.0028
  0.0069   0.0399   0.0182  -0.0416  -0.0214  -0.0104
 -0.0015   0.0531   0.0167  -0.0649  -0.0121  -0.0089
  0.0198   0.0454   0.0138  -0.0638  -0.0087  -0.0047
  0.0186   0.0405   0.0131  -0.0684   0.0146  -0.0050
  0.0207   0.0368   0.0073  -0.0804   0.0266   0.0047
  0.0177   0.0251  -0.0001  -0.0757   0.0139  -0.0093
  0.0102   0.0260  -0.0057  -0.0916   0.0204   0.0020
  0.0159   0.0191   0.0008  -0.1056   0.0333   0.0120
 -0.0023   0.0193  -0.0105  -0.1190   0.0241   0.0271
 -0.0273   0.0068  -0.0115  -0.1153   0.0276   0.0297
 -0.0166  -0.0121   0.0031  -0.1261   0.0442   0.0124
 -0.0101  -0.0042  -0.0062  -0.1210   0.0415   0.0270
 -0.0232   0.0120  -0.0030  -0.1237   0.0346   0.0337
 -0.0443   0.0056   0.0247  -0.1209   0.0272   0.0496
 -0.0599  -0.0350   0.0110  -0.1356   0.0157   0.0564
 -0.0416  -0.0665   0.0475  -0.1417   0.0380   0.0732
 -0.0281  -0.0827   0.0568  -0.1335   0.0462   0.0659
 -0.0392  -0.0620   0.0326  -0.1205   0.0392   0.0412
 -0.0435  -0.0622   0.0322  -0.1332   0.0345   0.0374
 -0.0432  -0.0581   0.0181  -0.1473   0.0329   0.0472
 -0.0459  -0.0733   0.0148  -0.1321   0.0285   0.0359
 -0.0437  -0.0817   0.0202  -0.1406   0.0356   0.0472
 -0.0427  -0.0623   0.0231  -0.1528   0.0397   0.0387
 -0.0388  -0.0548   0.0267  -0.1500   0.0419   0.0257
 -0.0332  -0.0710   0.0182  -0.1282   0.0278   0.0245
 -0.0267  -0.0725   0.0128  -0.1106   0.0277   0.0387
 -0.0341  -0.0781   0.0098  -0.1134   0.0305   0.0272
 -0.0392  -0.0767   0.0094  -0.1270   0.0325   0.0536
 -0.0462  -0.0595   0.0060  -0.1360   0.0279   0.0653
 -0.0394  -0.0703   0.0249  -0.1508   0.0398   0.0342
 -0.0450  -0.0730   0.0136  -0.1492   0.0335   0.0258
 -0.0369  -0.0580   0.0271  -0.1438   0.0272   0.0303
 -0.0328  -0.0813  -0.0057  -0.0681   0.0133  -0.0269
 -0.0079  -0.0805   0.0014  -0.1026   0.0254  -0.0138
 -0.0074  -0.0704   0.0138  -0.1430   0.0450   0.1722
 -0.0010  -0.0640   0.0249  -0.0667   0.0562   0.0547
 -0.0242  -0.0737   0.0247  -0.0259   0.0335   0.0361
 -0.0474  -0.1090   0.0049  -0.0360   0.0330   0.0581
 -0.0436  -0.1082   0.0060  -0.0531   0.0432   0.0489
 -0.0764  -0.0991  -0.0016  -0.1017   0.0193   0.0653
 -0.0750  -0.0680  -0.0238  -0.1217   0.0160   0.0775
 -0.0768  -0.0643  -0.0262  -0.1149   0.0163   0.0818
 -0.0684  -0.0797  -0.0132  -0.1141   0.0254   0.0700
 -0.0689  -0.0642  -0.0103  -0.1177   0.0292   0.0749
 -0.0624  -0.0743  -0.0139  -0.1110   0.0393   0.0646
 -0.0799  -0.0961  -0.0286  -0.1003   0.0211   0.0634
 -0.0893  -0.1030  -0.0297  -0.0983   0.0198   0.0709
 -0.0848  -0.1040  -0.0240  -0.0745   0.0260   0.0624
