  0.5601  -0.0166   0.7692   0.1488   0.3329   0.1348
  0.6224  -0.0035   0.7801   0.3041   0.3792   0.0395
  0.6574   0.0247   0.7443   0.2704   0.4116   0.0057
  0.6248  -0.0118   0.7234   0.2958   0.3617   0.0079
  0.6162  -0.0582   0.7256   0.3110   0.3780   0.0032
  0.6425  -0.0942   0.7597   0.3620   0.4072   0.0056
  0.5954  -0.0607   0.7213   0.3400   0.3640  -0.0103
  0.5691  -0.0647   0.7277   0.2978   0.3791  -0.0020
  0.6490  -0.0665   0.6743   0.2829   0.4531  -0.0480
  0.6396  -0.1219   0.6721   0.2760   0.4471  -0.0215
  0.6492  -0.0628   0.6499   0.3096   0.4747  -0.0352
  0.6485  -0.0331   0.5854   0.2887   0.4900  -0.0452
  0.6265   0.0019   0.5880   0.2964   0.4418  -0.0405
  0.6196  -0.0183   0.5584   0.3004   0.4392  -0.0568
  0.6283  -0.0435   0.6035   0.3064   0.4326  -0.0430
  0.5875  -0.0571   0.5534   0.3236   0.3980  -0.0478
  0.5655  -0.0556   0.5217   0.2779   0.4102  -0.0458
  0.5365  -0.0835   0.5221   0.3158   0.3836  -0.0445
  0.5112  -0.0981   0.5051   0.2965   0.3967  -0.0368
  0.5144  -0.1284   0.5235   0.2809   0.3937  -0.0195
  0.5385  -0.1385   0.5056   0.2892   0.4369  -0.0352
  0.5533  -0.1398   0.5274   0.2539   0.4634  -0.0300
  0.4987  -0.1816   0.5235   0.2571   0.4427  -0.0109
  0.5046  -0.1780   0.5629   0.2112   0.4053   0.0091
  0.4179  -0.1730   0.5679   0.3073   0.3424  -0.0048
  0.4670  -0.1322   0.5442   0.2746   0.3947  -0.0163
  0.4587  -0.0843   0.5253   0.2611   0.3899  -0.0104
  0.4876  -0.0945   0.5076   0.2136   0.4655  -0.0273
  0.5318  -0.0743   0.5342   0.2226   0.4601  -0.0407
  0.4752  -0.0234   0.4608   0.2056   0.4567  -0.0460
  0.5569  -0.0572   0.4422   0.1630   0.5422  -0.0683
  0.5242  -0.0207   0.4225   0.1900   0.5322  -0.0712
  0.5287  -0.0035   0.4640   0.1737   0.5327  -0.0766
  0.6249  -0.0496   0.4969   0.1795   0.6252  -0.1032
  0.5684  -0.0691   0.4674   0.1578   0.6052  -0.0734
  0.5806  -0.0811   0.4289   0.1634   0.5976  -0.0771
  0.5168  -0.0719   0.3852   0.1466   0.5403  -0.0679
  0.4881  -0.0458   0.3928   0.1553   0.4832  -0.0499
  0.4633  -0.0470   0.3466   0.1389   0.5057  -0.0482
  0.4544  -0.0195   0.3750   0.1626   0.4387  -0.0436
  0.4763  -0.0166   0.3591   0.1653   0.4797  -0.0617
  0.4597   0.0349   0.3429   0.1276   0.4605  -0.0357
  0.4408   0.0350   0.3401   0.1175   0.4223  -0.0220
  0.3719   0.0701   0.3459   0.1304   0.3980  -0.0414
  0.3625   0.1322   0.3349   0.1045   0.3503  -0.0523
  0.3064   0.2034   0.3001   0.0994   0.3373  -0.0664
  0.3135   0.1483   0.2691   0.0934   0.3260  -0.0493
  0.3021   0.1058   0.1855   0.0773   0.3290  -0.0454
  0.2681   0.1950   0.1377   0.0714   0.3189  -0.0735
  0.2867   0.2133   0.1544   0.0863   0.3006  -0.0871
  0.2581   0.2115   0.1177   0.0589   0.3048  -0.0808
  0.2725   0.2111   0.1130   0.0559   0.2864  -0.0785
  0.2505   0.1727   0.0805   0.0791   0.2514  -0.0689
  0.2631   0.1818   0.0875   0.0567   0.2995  -0.0626
  0.2755   0.1632   0.0562   0.0873   0.2497  -0.0622
  0.2605   0.1787   0.0255   0.0588   0.2714  -0.0552
  0.2807   0.1653   0.0206   0.0321   0.3197  -0.0570
  0.2189   0.1824   0.0042   0.0118   0.2349  -0.0483
  0.2116   0.1928  -0.0126   0.0363   0.2443  -0.0579
  0.1798   0.1928  -0.0345   0.0340   0.1948  -0.0442
  0.1684   0.1541  -0.0414   0.0270   0.2015  -0.0331
  0.1747   0.1568  -0.0586   0.0023   0.2216  -0.0258
  0.1750   0.1742  -0.0539   0.0150   0.2014  -0.0359
  0.1693   0.1671  -0.0877   0.0114   0.2381  -0.0238
  0.1489   0.1492  -0.0571   0.0078   0.1893  -0.0153
  0.1305   0.1215  -0.1048  -0.0023   0.2049  -0.0020
  0.1324   0.1133  -0.1210   0.0036   0.2344  -0.0026
  0.1254   0.1242  -0.1231   0.0137   0.1625  -0.0029
  0.0939   0.1246  -0.1491   0.0202   0.1792  -0.0101
  0.0873   0.1571  -0.1146  -0.0006   0.1608   0.0036
  0.0865   0.1319  -0.1341   0.0025   0.1617  -0.0037
  0.0713   0.1427  -0.1339   0.0126   0.1602  -0.0093
  0.0762   0.1508  -0.1224   0.0063   0.1275  -0.0053
  0.0566   0.1231  -0.1345   0.0106   0.1142  -0.0183
  0.0707   0.1454  -0.1087   0.0050   0.1424  -0.0152
  0.0502   0.1392  -0.0758   0.0179   0.1057  -0.0180
  0.0831   0.1433  -0.0216   0.0046   0.1694  -0.0485
  0.1253   0.1532  -0.0318   0.0017   0.1529  -0.0487
  0.0951   0.1404  -0.0855   0.0201   0.1326  -0.0328
  0.0646   0.1461  -0.0612   0.0278   0.0950  -0.0169
  0.0618   0.1601  -0.0770   0.0542   0.0621  -0.0294
  0.0428   0.1584  -0.0958   0.0330   0.0795  -0.0176
  0.0026   0.1628  -0.1027   0.0254  -0.0183  -0.0015
  0.0388   0.1944  -0.1323   0.0090   0.0218  -0.0296
  0.0421   0.2297  -0.1101  -0.0125  -0.0200  -0.0160
 -0.0066   0.1910  -0.1048   0.0206  -0.0141  -0.0228
  0.0060   0.2169  -0.0815  -0.0226  -0.0043  -0.0095
 -0.0296   0.2051  -0.0858   0.0237  -0.0426  -0.0207
 -0.0036   0.2224  -0.1170   0.0047   0.0076  -0.0200
 -0.0224   0.1984  -0.1236   0.0224  -0.0431  -0.0058
 -0.0077   0.2046  -0.1152   0.0052  -0.0098  -0.0233
 -0.0157   0.2173  -0.1022  -0.0090  -0.0245  -0.0107
 -0.0129   0.2040  -0.1287  -0.0166   0.0277  -0.0191
 -0.0053   0.2200  -0.1205  -0.0153   0.0087  -0.0133
 -0.0055   0.1991  -0.1387  -0.0272   0.0389  -0.0138
 -0.0157   0.1814  -0.1282  -0.0283   0.0099  -0.0052
 -0.0218   0.1810  -0.1295  -0.0373   0.0154  -0.0154
 -0.0067   0.1957  -0.1107  -0.0417   0.0169   0.0019
  0.0109   0.2149  -0.1259  -0.0179   0.0180  -0.0491
  0.0270   0.2132  -0.0731  -0.0418   0.0493  -0.0558
  0.0091   0.2004  -0.0945  -0.0287   0.0060  -0.0353
 -0.0531   0.1902  -0.1230  -0.0463  -0.0030  -0.0254
 -0.0709   0.1993  -0.1272  -0.0379  -0.0521  -0.0144
 -0.1615  -0.9455   0.1835  -0.0472  -0.0067   0.1692
 -0.1551  -0.4330   0.0334   0.0253  -0.0809   0.0412
 -0.2437  -0.2826  -0.0488  -0.0377  -0.1206   0.0670
 -0.2152  -0.1738  -0.0305  -0.0915  -0.1300   0.0688
 -0.1606  -0.1083  -0.0654  -0.0964  -0.0899   0.0209
 -0.2331  -0.1563  -0.0542  -0.1041  -0.2299   0.0780
 -0.2226  -0.1504  -0.1309  -0.1231  -0.1887   0.0910
 -0.2244  -0.1371  -0.1765  -0.1369  -0.2712   0.0558
 -0.3042  -0.1434  -0.0715  -0.0895  -0.2812   0.0399
 -0.3407  -0.0415  -0.0703  -0.1296  -0.3209   0.0701
 -0.3084  -0.0444  -0.0618  -0.1324  -0.3029   0.0631
 -0.2756  -0.0714  -0.1054  -0.1404  -0.2790   0.0692
 -0.3588  -0.1119  -0.1687  -0.1125  -0.3705   0.0885
 -0.3152  -0.0844  -0.1755  -0.1333  -0.3014   0.0785
 -0.2990  -0.0799  -0.1667  -0.0995  -0.3282   0.0752
 -0.3220  -0.0705  -0.2050  -0.1050  -0.2923   0.0722
 -0.3494  -0.0729  -0.1878  -0.1398  -0.3491   0.0907
 -0.3510  -0.0834  -0.2168  -0.1246  -0.3435   0.0888
 -0.3390  -0.0724  -0.2476  -0.1233  -0.3816   0.0966
 -0.3626  -0.0902  -0.2633  -0.1111  -0.3577   0.0957
 -0.3750  -0.0969  -0.2490  -0.1056  -0.3795   0.0917
 -0.3767  -0.0901  -0.2619  -0.0969  -0.3596   0.0991
 -0.3507  -0.0461  -0.2561  -0.1487  -0.3418   0.0821
 -0.3714  -0.0891  -0.2319  -0.1211  -0.3531   0.0533
 -0.3301  -0.0723  -0.1902  -0.1302  -0.2945   0.0456
 -0.3157  -0.0707  -0.2246  -0.1443  -0.2814   0.0300
 -0.3372  -0.0753  -0.2420  -0.1522  -0.2971   0.0593
 -0.3489  -0.0799  -0.2423  -0.1552  -0.3144   0.0474
 -0.3388  -0.1111  -0.2448  -0.1522  -0.2549   0.0332
 -0.3111  -0.0786  -0.2300  -0.1813  -0.2407   0.0337
 -0.3443  -0.0690  -0.2528  -0.1713  -0.2982   0.0292
 -0.3438  -0.0769  -0.2624  -0.1864  -0.2709   0.0338
 -0.3321  -0.1044  -0.2504  -0.1465  -0.2864   0.0377
 -0.3019  -0.0769  -0.2747  -0.1581  -0.2498   0.0204
 -0.3463  -0.0690  -0.3059  -0.1454  -0.3435   0.0252
 -0.3217  -0.0737  -0.3107  -0.1394  -0.2823   0.0041
 -0.3206  -0.0843  -0.2981  -0.1561  -0.2906   0.0196
 -0.3493  -0.1102  -0.2939  -0.1482  -0.2965   0.0511
 -0.3323  -0.1036  -0.3031  -0.1700  -0.2500   0.0460
 -0.3224  -0.1230  -0.2865  -0.1594  -0.2563   0.0442
 -0.3157  -0.1271  -0.2903  -0.1680  -0.2100   0.0423
 -0.3192  -0.0904  -0.3193  -0.1964  -0.2396   0.0346
 -0.3260  -0.0878  -0.3279  -0.1716  -0.2133   0.0256
 -0.3312  -0.0731  -0.3296  -0.1954  -0.2327   0.0446
 -0.3487  -0.0533  -0.3452  -0.1951  -0.2691   0.0221
 -0.3546  -0.0220  -0.3730  -0.2028  -0.2506   0.0238
 -0.3954  -0.0545  -0.3550  -0.1972  -0.3156   0.0433
 -0.4028  -0.0581  -0.3553  -0.1975  -0.3140   0.0406
 -0.3756  -0.0120  -0.3533  -0.2346  -0.2743   0.0384
 -0.3078   0.0054  -0.3632  -0.2409  -0.2663   0.0048
 -0.3264  -0.0172  -0.3395  -0.2023  -0.2731   0.0082
 -0.3444  -0.0290  -0.3470  -0.2051  -0.2922   0.0266
 -0.4244  -0.0427  -0.3746  -0.1851  -0.3678   0.0487
 -0.5806  -0.0645  -0.2970  -0.1802  -0.4210   0.0899
 -0.4926  -0.1301  -0.2497  -0.1840  -0.4647   0.0590
 -0.4720  -0.1214  -0.2473  -0.1505  -0.4814   0.0549
 -0.4904  -0.1222  -0.2578  -0.1608  -0.5043   0.0782
 -0.5174  -0.1153  -0.2734  -0.1590  -0.4751   0.0689
 -0.4723  -0.0784  -0.2841  -0.1930  -0.4484   0.0646
 -0.5095  -0.1000  -0.3206  -0.1721  -0.4790   0.0644
 -0.5278  -0.0693  -0.3288  -0.1807  -0.5083   0.0708
 -0.5529  -0.0154  -0.3732  -0.2013  -0.5331   0.0577
 -0.5289  -0.0627  -0.2592  -0.1640  -0.5117   0.0429
 -0.5484  -0.0968  -0.2391  -0.1208  -0.5700   0.0209
 -0.5833  -0.0943  -0.2869  -0.1470  -0.5696   0.0316
 -0.5199  -0.0616  -0.3000  -0.1806  -0.5372   0.0312
 -0.5377  -0.0604  -0.3621  -0.1830  -0.5473   0.0256
 -0.5415  -0.0173  -0.3610  -0.1818  -0.5457  -0.0026
 -0.5615  -0.0339  -0.3488  -0.1524  -0.5815  -0.0250
 -0.6187  -0.1131  -0.2935  -0.1248  -0.5728  -0.0238
 -0.6061  -0.1826  -0.2710  -0.1359  -0.5966   0.0124
 -0.5656  -0.1653  -0.3427  -0.1330  -0.5579  -0.0072
 -0.5372  -0.1703  -0.3501  -0.1058  -0.5727  -0.0205
 -0.5572  -0.2054  -0.4018  -0.1140  -0.5617  -0.0172
 -0.4788  -0.1588  -0.3976  -0.1155  -0.5536  -0.0373
 -0.4830  -0.2143  -0.4196  -0.1014  -0.5463  -0.0372
 -0.4998  -0.2405  -0.4307  -0.1180  -0.5623  -0.0119
