 -0.0261  -0.2581   0.0108   0.2429   0.0068   0.0873
 -0.0564  -0.2452  -0.0135   0.2556  -0.0010   0.0617
 -0.0438  -0.2479  -0.0272   0.2684   0.0008   0.0732
 -0.0527  -0.2487  -0.0239   0.2400  -0.0050   0.0767
 -0.0477  -0.2457  -0.0294   0.2587  -0.0019   0.0515
 -0.0404  -0.2173  -0.0207   0.2074   0.0014   0.0944
 -0.0392  -0.2174  -0.0147   0.2607  -0.0071   0.0362
 -0.0298  -0.1919  -0.0046   0.2053  -0.0045   0.0929
 -0.0314  -0.1883  -0.0193   0.2705  -0.0201   0.0151
 -0.0324  -0.1864   0.0006   0.1897  -0.0158   0.0848
 -0.0251  -0.2057  -0.0067   0.2476  -0.0265   0.0219
 -0.0227  -0.1843   0.0010   0.2015  -0.0183   0.0657
 -0.0242  -0.2051   0.0058   0.2162  -0.0198   0.0369
 -0.0225  -0.1767   0.0121   0.1902  -0.0171   0.0650
 -0.0247  -0.2001   0.0064   0.2267  -0.0234   0.0272
 -0.0255  -0.1869   0.0043   0.2279  -0.0163   0.0403
 -0.0202  -0.1969   0.0154   0.2087  -0.0181   0.0372
 -0.0209  -0.1955  -0.0013   0.2254  -0.0171   0.0079
 -0.0203  -0.1996   0.0074   0.1779  -0.0116   0.0446
 -0.0195  -0.1975   0.0167   0.1585  -0.0135   0.0483
 -0.0178  -0.2048   0.0105   0.2294  -0.0249   0.0102
 -0.0095  -0.1836   0.0208   0.1904  -0.0285   0.0390
 -0.0195  -0.1891   0.0113   0.1919  -0.0384   0.0139
 -0.0120  -0.1623   0.0112   0.1620  -0.0305   0.0465
 -0.0073  -0.1770   0.0158   0.1751  -0.0292   0.0332
 -0.0095  -0.1691   0.0176   0.1832  -0.0255   0.0374
 -0.0024  -0.1682   0.0135   0.1761  -0.0255   0.0329
  0.0034  -0.1697   0.0143   0.1830  -0.0204   0.0178
  0.0055  -0.1600   0.0262   0.1352  -0.0165   0.0528
  0.0010  -0.1314   0.0114   0.1197  -0.0245   0.0280
 -0.0234  -0.1131   0.0147   0.0722  -0.0255   0.0869
 -0.0264  -0.0997   0.0207   0.0196  -0.0223   0.0868
 -0.0080  -0.0963   0.0192   0.0748  -0.0176   0.0474
 -0.0192  -0.0871   0.0279   0.0125  -0.0195   0.0883
 -0.0128  -0.0879   0.0181   0.0291  -0.0297   0.0487
 -0.0242  -0.0643   0.0200  -0.0102  -0.0307   0.0953
 -0.0163  -0.0562   0.0200   0.0215  -0.0396   0.0481
 -0.0185  -0.0419   0.0156   0.0067  -0.0342   0.0732
 -0.0215  -0.0517   0.0271  -0.0083  -0.0246   0.1008
 -0.0282  -0.0304   0.0122   0.0024  -0.0287   0.0631
 -0.0234  -0.0264   0.0309  -0.0464  -0.0422   0.0981
 -0.0455   0.0187   0.0106  -0.0340  -0.0542   0.0559
 -0.0631   0.0620  -0.0068  -0.1062  -0.0599   0.0736
 -0.0779   0.1089  -0.0069  -0.1517  -0.0678   0.0636
 -0.0694   0.0778  -0.0155  -0.0930  -0.0754   0.0410
 -0.0573   0.0436  -0.0080  -0.0856  -0.0663   0.0547
 -0.0555   0.0264   0.0023  -0.1239  -0.0615   0.0481
 -0.0620   0.0448   0.0062  -0.0673  -0.0654   0.0036
 -0.0659   0.0508   0.0053  -0.0902  -0.0572   0.0793
 -0.0599   0.0360   0.0151  -0.0451  -0.0663  -0.0006
 -0.0590   0.0591   0.0157  -0.0780  -0.0646   0.0539
 -0.0175   0.0335  -0.0167  -0.0998  -0.0103   0.0601
 -0.0448   0.0987   0.0039  -0.1144  -0.0221   0.0395
 -0.0547   0.1502  -0.0083  -0.1702  -0.0492   0.0865
 -0.0596   0.1293  -0.0068  -0.1922  -0.0507   0.0953
 -0.0582   0.1500  -0.0090  -0.1898  -0.0461   0.0898
 -0.0642   0.1472  -0.0065  -0.1859  -0.0429   0.0746
 -0.0724   0.1531  -0.0224  -0.1674  -0.0502   0.0523
 -0.0683   0.1746  -0.0109  -0.2510  -0.0380   0.1024
 -0.0656   0.1695  -0.0214  -0.2231  -0.0431   0.0559
 -0.0559   0.1720  -0.0182  -0.2297  -0.0380   0.0773
 -0.0544   0.1767  -0.0068  -0.2821  -0.0274   0.1006
 -0.0353   0.1582  -0.0173  -0.1979  -0.0302   0.0359
 -0.0411   0.1304  -0.0013  -0.2223  -0.0392   0.0667
 -0.0263   0.1649  -0.0219  -0.1955  -0.0379   0.0132
 -0.0181   0.1686  -0.0304  -0.2124  -0.0315   0.0717
 -0.0003   0.1459  -0.0312  -0.1976  -0.0318   0.0439
 -0.0168   0.1660  -0.0148  -0.1912  -0.0375   0.0543
 -0.0049   0.1849   0.0051  -0.2537  -0.0426   0.0753
  0.0056   0.1723   0.0114  -0.2507  -0.0280   0.0502
  0.0167   0.1996   0.0038  -0.2373  -0.0258   0.0612
  0.0230   0.2127   0.0106  -0.2471  -0.0299   0.0637
  0.0190   0.2055   0.0116  -0.2376  -0.0273   0.0505
  0.0220   0.2206   0.0039  -0.2389  -0.0240   0.0589
  0.0288   0.2254   0.0226  -0.2852  -0.0065   0.0797
  0.0401   0.2254   0.0165  -0.2430  -0.0007   0.0379
  0.0490   0.2529   0.0042  -0.2610   0.0128   0.0609
  0.0560   0.2634  -0.0052  -0.3016   0.0104   0.0774
  0.0494   0.2911  -0.0066  -0.3256   0.0111   0.0564
  0.0506   0.3088  -0.0156  -0.3292   0.0112   0.0803
  0.0510   0.2891  -0.0141  -0.3248   0.0087   0.0836
  0.0489   0.2969  -0.0228  -0.3314   0.0128   0.0030
  0.0460   0.3177  -0.0186  -0.3298  -0.0031   0.0600
  0.0615   0.3088  -0.0060  -0.3501   0.0152   0.0702
  0.0644   0.3119  -0.0352  -0.8686  -0.0099   0.3485
  0.1185   0.4695   0.0202  -1.0520   0.0417   0.4517
  0.0262   0.0100  -0.0158   0.0330   0.0171  -0.2830
  0.0054  -0.0723  -0.0175   0.1396   0.0017  -0.1752
  0.0317  -0.0756  -0.0127   0.1693   0.0256  -0.1367
  0.0496  -0.0712   0.0090   0.1236   0.0492  -0.1185
  0.0563  -0.0510  -0.0021   0.0988   0.0593  -0.1508
  0.0523  -0.0136  -0.0107   0.0750   0.0721  -0.1303
  0.0532   0.0016  -0.0135   0.0681   0.0699  -0.1223
  0.0500   0.0078  -0.0033   0.0738   0.0642  -0.1068
  0.0573  -0.0037  -0.0162   0.0954   0.0663  -0.1566
  0.0580  -0.0236  -0.0178   0.1185   0.0634  -0.1472
  0.0472  -0.0175  -0.0064   0.1008   0.0650  -0.1299
  0.0607  -0.0276  -0.0035   0.1717   0.0600  -0.1671
  0.0410  -0.0272   0.0042   0.1210   0.0599  -0.1354
  0.0479  -0.0579   0.0063   0.1657   0.0565  -0.1899
  0.0500  -0.0324  -0.0019   0.1393   0.0598  -0.1538
  0.0370  -0.0280   0.0058   0.1410   0.0600  -0.1548
  0.0411  -0.0483   0.0009   0.1707   0.0677  -0.1802
  0.0430  -0.0357  -0.0153   0.1846   0.0681  -0.1910
  0.0390  -0.0343  -0.0131   0.1781   0.0605  -0.1788
  0.0423  -0.0605  -0.0060   0.1679   0.0634  -0.1858
  0.0459  -0.0545  -0.0089   0.1679   0.0682  -0.1824
  0.0439  -0.0554   0.0039   0.1547   0.0714  -0.1661
  0.0432  -0.0593   0.0051   0.1298   0.0723  -0.1815
  0.0510  -0.0556   0.0026   0.1442   0.0855  -0.1677
  0.0511  -0.0462   0.0131   0.1300   0.0849  -0.1665
  0.0507  -0.0470   0.0187   0.1125   0.0670  -0.1537
  0.0598  -0.0111  -0.0011   0.1278   0.0779  -0.1879
  0.0469  -0.0082   0.0007   0.1119   0.0837  -0.1565
  0.0427   0.0078  -0.0048   0.0709   0.0738  -0.1431
  0.0416   0.0200  -0.0048   0.0813   0.0637  -0.1602
  0.0410   0.0159  -0.0071   0.0833   0.0658  -0.1469
  0.0434   0.0128   0.0008   0.0647   0.0690  -0.1300
  0.0540   0.0189   0.0025   0.0869   0.0746  -0.1675
  0.0472   0.0448  -0.0082   0.0782   0.0760  -0.1592
