 -0.0129  -0.4682  -0.0020  -0.3573  -0.0010  -0.6191
  0.0372  -0.5638  -0.0347  -0.3132   0.0314  -0.6089
  0.0707  -0.5897  -0.0498  -0.2674   0.0553  -0.6182
  0.0799  -0.5692  -0.0516  -0.2832   0.0664  -0.6072
  0.0662  -0.5174  -0.0632  -0.2963   0.0652  -0.6046
  0.0614  -0.5572  -0.0446  -0.2642   0.0461  -0.5946
  0.0720  -0.5656  -0.0184  -0.2282   0.0022  -0.5655
  0.0563  -0.5954  -0.0140  -0.2358   0.0203  -0.5696
  0.0641  -0.5812  -0.0074  -0.1839   0.0281  -0.5843
  0.0559  -0.5784   0.0014  -0.2246   0.0278  -0.5532
  0.0416  -0.5850  -0.0084  -0.1759   0.0327  -0.5356
  0.0353  -0.5648  -0.0102  -0.1337   0.0398  -0.5399
  0.0335  -0.5878  -0.0090  -0.1673   0.0293  -0.5517
  0.0874  -0.5746   0.0106  -0.2026   0.0328  -0.5342
  0.0691  -0.5801   0.0490  -0.1315   0.0427  -0.5124
  0.0699  -0.5839   0.0461  -0.1383   0.0329  -0.5173
  0.0655  -0.5901   0.0458  -0.1730   0.0285  -0.4995
  0.0729  -0.5906   0.0498  -0.1769   0.0302  -0.4996
  0.0685  -0.6033   0.0579  -0.1991   0.0305  -0.4929
  0.0900  -0.6073   0.0288  -0.2430   0.0312  -0.4621
  0.0939  -0.6053   0.0304  -0.1917   0.0359  -0.4767
  0.0904  -0.6011   0.0438  -0.1982   0.0351  -0.4764
  0.0796  -0.5821   0.0393  -0.1970   0.0332  -0.4705
  0.0545  -0.5806   0.0329  -0.1904   0.0298  -0.4622
  0.0558  -0.6184   0.0224  -0.0822   0.0444  -0.4800
  0.0356  -0.6649   0.0431  -0.0177   0.0363  -0.4746
  0.0316  -0.6488   0.0584   0.0155   0.0394  -0.4740
  0.0382  -0.6004   0.0707   0.0572   0.0389  -0.4725
  0.0456  -0.6179   0.0730   0.0681   0.0471  -0.4607
  0.0233  -0.6359   0.0953   0.0580   0.0393  -0.4538
  0.0133  -0.6034   0.0936   0.0553   0.0376  -0.4459
 -0.0184  -0.6488   0.1265   0.1634   0.0401  -0.4583
 -0.0029  -0.6292   0.1147   0.1182   0.0384  -0.4430
  0.0209  -0.6143   0.1079   0.0744   0.0355  -0.4049
  0.0118  -0.6304   0.1217   0.1201   0.0422  -0.4154
  0.0202  -0.6476   0.0981   0.1390   0.0382  -0.4248
  0.0285  -0.6129   0.0774   0.1097   0.0617  -0.4096
  0.0518  -0.5086   0.0840   0.0103   0.0699  -0.4030
  0.0649  -0.5430   0.0377   0.0808   0.0997  -0.3890
  0.0612  -0.5617   0.0436   0.0577   0.0901  -0.3707
  0.0565  -0.6003   0.0520   0.0907   0.0909  -0.3609
  0.0563  -0.5853   0.0621   0.1040   0.0859  -0.3609
  0.0657  -0.5914   0.0870   0.0470   0.0830  -0.3276
  0.0432  -0.5998   0.0754   0.0969   0.0792  -0.3399
  0.0213  -0.5293   0.0670   0.0385   0.0501  -0.3233
  0.0013  -0.4649   0.0683  -0.0174   0.0361  -0.3277
  0.0524  -0.4888   0.0448   0.0505   0.0444  -0.3341
  0.0113  -0.6201   0.0835   0.0910   0.0412  -0.3081
 -0.0028  -0.6347   0.0790   0.0850   0.0322  -0.2999
 -0.0071  -0.5322   0.0671  -0.1118   0.0103  -0.1836
 -0.1885   0.2775   0.0655  -0.6420  -0.0194  -0.1881
 -0.0605   0.1275   0.0700  -0.3982  -0.0084  -0.2525
 -0.0738  -0.0884   0.1053  -0.1967  -0.0063  -0.3118
  0.0283  -0.0163   0.0779  -0.0539   0.0121  -0.2450
  0.0210  -0.0111   0.0855   0.0274   0.0216  -0.2433
 -0.0088  -0.1077   0.1459   0.0408   0.0263  -0.2450
 -0.0055  -0.1076   0.1070   0.0437  -0.0049  -0.2598
 -0.0087  -0.1085   0.1255   0.0407   0.0091  -0.2306
 -0.0020  -0.0991   0.1338   0.0839   0.0155  -0.2290
 -0.0201  -0.0694   0.1153   0.0490  -0.0091  -0.2136
  0.0012   0.0868   0.0556  -0.1723  -0.0167  -0.2101
 -0.0166   0.0466   0.0832  -0.0336  -0.0124  -0.1680
 -0.0319  -0.0042   0.1009   0.0326  -0.0092  -0.1710
 -0.0135  -0.0600   0.1365   0.1116   0.0010  -0.1339
 -0.0170  -0.0945   0.1384   0.1426   0.0073  -0.1478
 -0.0233  -0.0630   0.1333   0.1333   0.0085  -0.1427
 -0.0612  -0.0756   0.1315   0.1273  -0.0245  -0.1380
 -0.0137  -0.0577   0.0942   0.1370   0.0347  -0.1269
  0.0113  -0.0664   0.0850   0.1516   0.0362  -0.1269
  0.0226  -0.0571   0.0727   0.1422   0.0563  -0.1166
  0.0103  -0.0531   0.0812   0.1477   0.0399  -0.1034
  0.0110  -0.0583   0.0845   0.1614   0.0411  -0.1002
  0.0331  -0.0224   0.0568   0.1283   0.0644  -0.0881
  0.0244  -0.0507   0.0724   0.1429   0.0476  -0.0843
  0.0033  -0.0560   0.0972   0.1440   0.0370  -0.0653
  0.0095  -0.0460   0.0905   0.1662   0.0377  -0.0569
 -0.0024  -0.0092   0.0910   0.1974   0.0412  -0.0539
 -0.0010  -0.0029   0.0843   0.1595   0.0361  -0.0500
  0.0034   0.0088   0.0779   0.1435   0.0398  -0.0308
  0.1080  -0.0079   0.0930   0.2045   0.1165  -0.0296
  0.1061  -0.0387   0.1017   0.2063   0.1170  -0.0240
  0.0852  -0.0079   0.0916   0.1995   0.0864  -0.0276
  0.0710  -0.0379   0.0978   0.1564   0.0758  -0.0049
  0.0595  -0.0398   0.1012   0.1820   0.0744  -0.0016
  0.0765  -0.0257   0.0956   0.1672   0.0779   0.0099
  0.0663  -0.0357   0.0921   0.0535   0.0440   0.0896
  0.0472  -0.0040   0.0851   0.0222   0.0512   0.1095
  0.0490   0.0130   0.1028   0.0413   0.0545   0.1241
  0.0258   0.0119   0.1176   0.0255   0.0096   0.1402
  0.0333   0.0434   0.1050   0.0137   0.0307   0.1536
  0.0218   0.0433   0.1103   0.0131   0.0361   0.1488
  0.0331  -0.0371   0.1251   0.0496   0.0357   0.1777
  0.0313   0.0389   0.0971  -0.0116   0.0398   0.1874
  0.0252   0.0634   0.0977  -0.0300   0.0352   0.1961
  0.0185   0.0906   0.1260  -0.0722   0.0058   0.2205
 -0.0043   0.0555   0.1332  -0.0219  -0.0040   0.2167
  0.0033   0.0602   0.1386  -0.0166  -0.0075   0.2097
  0.0006   0.0721   0.1408  -0.0043  -0.0072   0.2092
 -0.0010   0.0671   0.1425  -0.0302  -0.0079   0.2244
  0.0089   0.0676   0.1436  -0.0207  -0.0023   0.2473
  0.0154   0.0515   0.1380  -0.0236   0.0036   0.2704
  0.0019   0.0515   0.1357  -0.0287  -0.0023   0.2769
 -0.0027   0.0565   0.1407  -0.0212  -0.0035   0.2846
 -0.0002   0.0681   0.1426  -0.0107  -0.0030   0.2851
 -0.0209   0.0728   0.1474  -0.0273  -0.0074   0.2846
  0.0018   0.0756   0.1397  -0.0575  -0.0039   0.3031
  0.0142   0.0923   0.1234  -0.0310   0.0174   0.3099
 -0.0049   0.0771   0.1291  -0.0401  -0.0035   0.3299
 -0.0071   0.0637   0.1331  -0.0603  -0.0008   0.3546
  0.0018   0.0744   0.1251  -0.0290  -0.0054   0.3585
 -0.0025   0.0771   0.1203  -0.0231  -0.0019   0.3659
  0.0087   0.0746   0.1413  -0.0334  -0.0006   0.3726
 -0.0062   0.0846   0.1530  -0.0134  -0.0027   0.3832
 -0.0018   0.0871   0.1460  -0.0042  -0.0024   0.3972
 -0.0226   0.0650   0.1366  -0.0215  -0.0097   0.4080
 -0.0087   0.0778   0.1277  -0.0420  -0.0064   0.4239
  0.0444   0.2077   0.1466   0.0270   0.0221   0.3657
  0.1053   0.4973   0.1647   0.1179   0.0100   0.2913
  0.0690   0.4207   0.1469   0.0934   0.0041   0.3205
  0.0405   0.5941   0.1632  -0.0542  -0.0110   0.3770
  0.0589   0.2769   0.1383   0.0863   0.0053   0.4021
  0.0591   0.3073   0.1409   0.1335   0.0108   0.3921
  0.0854   0.3167   0.1378   0.1025   0.0114   0.3999
  0.0866   0.3304   0.1409   0.1398   0.0108   0.3935
  0.0823   0.3312   0.1322   0.1187   0.0085   0.4112
  0.0862   0.3276   0.1382   0.1395   0.0071   0.4266
  0.0823   0.3291   0.1479   0.1265   0.0078   0.4464
  0.0871   0.3110   0.1371   0.1727   0.0145   0.4493
  0.0737   0.3147   0.1515   0.1785   0.0124   0.4425
  0.0917   0.3000   0.1294   0.1369   0.0129   0.4731
  0.0837   0.2478   0.1136   0.1408   0.0169   0.5049
  0.0479   0.9119  -0.0417  -0.4068  -0.0572   0.6496
 -0.0609   1.6512  -0.1775  -0.7232  -0.0687   0.6572
 -0.1777   0.8525  -0.2586  -0.4669  -0.1408   0.6867
 -0.2600   0.5598  -0.2115  -0.2184  -0.1017   0.6634
 -0.0278   0.7093   0.3404  -0.0732   0.0789   0.6030
 -0.1797   0.7637   0.1185  -0.0336  -0.1717   0.5869
 -0.1686   0.6745  -0.2096  -0.0406  -0.0061   0.5747
 -0.0838   1.0095  -1.3603   0.4328   0.0056   0.4396
 -0.1955   1.6185  -1.7308   0.6810   0.0522   0.3086
 -0.2252   1.3978  -0.8930   0.2507  -0.1450   0.3606
 -0.3010   1.3292  -1.3563   0.1560  -0.1752   0.4622
 -0.2508   1.2421  -0.8835   0.1002  -0.2305   0.4608
 -0.2852   1.2214  -0.8685   0.0517  -0.2404   0.4581
 -0.2726   1.2155  -0.8582   0.0892  -0.2410   0.4711
 -0.2778   1.2307  -0.8623   0.1029  -0.2515   0.4911
 -0.2738   1.2323  -0.8451   0.1032  -0.2488   0.5049
 -0.2644   1.2437  -0.8227   0.0975  -0.2296   0.5105
 -0.2429   1.2496  -0.7514   0.0679  -0.2291   0.5260
 -0.2336   1.2536  -0.7440   0.0851  -0.2294   0.5463
 -0.2292   1.2610  -0.7429   0.0885  -0.2279   0.5512
 -0.2202   1.2433  -0.7278   0.0539  -0.2237   0.5640
 -0.2089   1.1725  -0.7155   0.0415  -0.2123   0.5879
 -0.2176   1.2109  -0.6909   0.0538  -0.2170   0.6057
 -0.1998   1.2537  -0.6580  -0.0089  -0.2029   0.6301
 -0.1734   1.3968  -0.5592  -0.1843  -0.1860   0.6814
