  0.2331   0.6836   0.1188  -1.1845   0.3487   0.1600
  0.3099   0.6446   0.0860  -0.9819   0.3526   0.1395
  0.3149   0.6148   0.0628  -0.8847   0.3357   0.1092
  0.3074   0.5766   0.0621  -0.8278   0.3403   0.1067
  0.2895   0.5158   0.0565  -0.7337   0.2990   0.0884
  0.2907   0.5164   0.0390  -0.7300   0.2987   0.0788
  0.2981   0.5209   0.0425  -0.7587   0.3114   0.0857
  0.2654   0.4933   0.0145  -0.6928   0.2713   0.0685
  0.2818   0.5274   0.0170  -0.7406   0.2930   0.0826
  0.2618   0.4793   0.0265  -0.6886   0.2628   0.0744
  0.2543   0.4686   0.0050  -0.6525   0.2461   0.0642
  0.2535   0.4493   0.0171  -0.6199   0.2486   0.0634
  0.2538   0.4193   0.0220  -0.5626   0.2511   0.0496
  0.2741   0.4085   0.0410  -0.5604   0.2858   0.0595
  0.2547   0.3604   0.0306  -0.5002   0.2540   0.0527
  0.2638   0.3752   0.0184  -0.5318   0.2681   0.0633
  0.2432   0.3413   0.0264  -0.4921   0.2393   0.0594
  0.2496   0.3330   0.0183  -0.4849   0.2549   0.0627
  0.2262   0.3126   0.0138  -0.4501   0.2154   0.0632
  0.2089   0.3189  -0.0159  -0.4637   0.1993   0.0632
  0.1873   0.2991  -0.0061  -0.4422   0.1798   0.0633
  0.1852   0.3018  -0.0155  -0.4424   0.1831   0.0610
  0.1798   0.2758  -0.0051  -0.4265   0.1797   0.0700
  0.1794   0.2839  -0.0147  -0.4306   0.1647   0.0657
  0.1732   0.3019  -0.0078  -0.4690   0.1804   0.0727
  0.1586   0.2574   0.0030  -0.4215   0.1531   0.0622
  0.1859   0.2634   0.0000  -0.4255   0.1968   0.0687
  0.1764   0.2673  -0.0163  -0.4206   0.1750   0.0506
  0.1808   0.2626  -0.0122  -0.4168   0.1913   0.0558
  0.1758   0.2299  -0.0175  -0.3637   0.1792   0.0477
  0.1858   0.2420  -0.0198  -0.3816   0.2016   0.0545
  0.1553   0.2062  -0.0230  -0.3480   0.1532   0.0589
  0.1592   0.2158  -0.0224  -0.3650   0.1744   0.0689
  0.1545   0.2012  -0.0108  -0.3591   0.1470   0.0620
  0.1590   0.2097  -0.0129  -0.3623   0.1652   0.0563
  0.1693   0.2112  -0.0039  -0.3698   0.1767   0.0626
  0.1628   0.1810  -0.0211  -0.3296   0.1688   0.0526
  0.1598   0.1939  -0.0046  -0.3381   0.1745   0.0452
  0.1529   0.1955  -0.0151  -0.3330   0.1516   0.0382
  0.1546   0.2096  -0.0196  -0.3553   0.1621   0.0532
  0.1534   0.1778  -0.0215  -0.3049   0.1537   0.0452
  0.1648   0.1959  -0.0211  -0.3336   0.1711   0.0445
  0.1582   0.1828  -0.0240  -0.3086   0.1552   0.0367
  0.1714   0.1867   0.0011  -0.2976   0.1783   0.0484
  0.1544   0.1733  -0.0127  -0.2822   0.1471   0.0407
  0.1571   0.1868  -0.0114  -0.2928   0.1650   0.0436
  0.1493   0.1791  -0.0042  -0.2847   0.1644   0.0483
  0.1374   0.1574  -0.0105  -0.2504   0.1332   0.0441
  0.1382   0.1693  -0.0102  -0.2688   0.1467   0.0459
  0.1421   0.1454  -0.0035  -0.2311   0.1315   0.0364
  0.1357   0.1455  -0.0173  -0.2219   0.1377   0.0370
  0.1281   0.1317  -0.0097  -0.2084   0.1134   0.0377
  0.1283   0.1311  -0.0134  -0.1931   0.1184   0.0262
  0.1394   0.1222   0.0020  -0.1869   0.1373   0.0347
  0.1462   0.1119  -0.0023  -0.1669   0.1288   0.0242
  0.1384   0.1466  -0.0030  -0.2138   0.1346   0.0359
  0.1369   0.1093  -0.0053  -0.1661   0.1287   0.0366
  0.1257   0.1050  -0.0059  -0.1633   0.1230   0.0398
  0.1234   0.1274  -0.0061  -0.1843   0.1231   0.0391
  0.1170   0.1106  -0.0019  -0.1411   0.0908   0.0384
  0.1156   0.1108   0.0065  -0.1492   0.1128   0.0400
  0.1094   0.1001   0.0050  -0.1258   0.0932   0.0408
  0.0994   0.0840   0.0056  -0.1003   0.0804   0.0272
  0.1045   0.1039   0.0126  -0.1206   0.1021   0.0321
  0.0797   0.0845  -0.0006  -0.1125   0.0673   0.0277
  0.0731   0.0939   0.0023  -0.1327   0.0687   0.0438
  0.0656   0.0640  -0.0143  -0.0690   0.0375   0.0303
  0.0600   0.0619  -0.0135  -0.0863   0.0488   0.0340
  0.0397   0.0343  -0.0121  -0.0512   0.0089   0.0245
  0.0500   0.0446   0.0010  -0.0753   0.0440   0.0335
  0.0630   0.0211   0.0011  -0.0384   0.0335   0.0212
  0.0624   0.0271   0.0133  -0.0493   0.0594   0.0310
  0.0577   0.0400   0.0035  -0.0640   0.0629   0.0268
  0.0541   0.0142   0.0057  -0.0041   0.0307   0.0077
  0.0495   0.0222   0.0089  -0.0224   0.0435   0.0223
  0.0359  -0.0161   0.0122   0.0364   0.0177   0.0081
  0.0421  -0.0233   0.0024   0.0337   0.0275   0.0152
  0.0174  -0.0496   0.0016   0.0839  -0.0037   0.0003
  0.0102  -0.0373  -0.0078   0.0544  -0.0041   0.0037
  0.0031  -0.0537  -0.0040   0.0792  -0.0189   0.0012
  0.0061  -0.0593  -0.0016   0.0655   0.0014   0.0110
  0.0051  -0.0634   0.0152   0.0616   0.0074   0.0109
 -0.0044  -0.0674   0.0063   0.0622  -0.0228   0.0019
 -0.0026  -0.0332   0.0148   0.0157  -0.0027   0.0084
 -0.0200  -0.0625   0.0098   0.0619  -0.0365   0.0002
 -0.0172  -0.0755  -0.0037   0.1034   0.0050   0.0158
 -0.0278  -0.0878  -0.0091   0.1220  -0.0142   0.0034
 -0.0312  -0.0725  -0.0123   0.1279  -0.0233  -0.0064
 -0.0372  -0.0805  -0.0324   0.1557  -0.0460  -0.0062
 -0.0457  -0.0911  -0.0252   0.1828  -0.0548  -0.0111
 -0.0438  -0.1276  -0.0292   0.2189  -0.0665  -0.0213
 -0.0423  -0.1134  -0.0174   0.1960  -0.0490  -0.0140
 -0.0602  -0.1430  -0.0214   0.2014  -0.0819  -0.0191
 -0.0609  -0.1067  -0.0142   0.1446  -0.0637  -0.0075
 -0.0720  -0.1354  -0.0222   0.1747  -0.0867  -0.0171
 -0.0737  -0.1034  -0.0220   0.1337  -0.0855  -0.0152
 -0.0751  -0.1320  -0.0166   0.1896  -0.1007  -0.0247
 -0.0840  -0.1235  -0.0306   0.1845  -0.0857  -0.0169
 -0.0718  -0.1239  -0.0205   0.1715  -0.0799  -0.0102
 -0.0851  -0.1325  -0.0285   0.2023  -0.0968  -0.0306
 -0.0789  -0.1106  -0.0144   0.1758  -0.0819  -0.0166
 -0.0767  -0.1342  -0.0248   0.2434  -0.1003  -0.0336
 -0.0683  -0.1211  -0.0192   0.2168  -0.0794  -0.0401
 -0.0790  -0.1385  -0.0197   0.2455  -0.0984  -0.0417
 -0.0637  -0.1133  -0.0300   0.2163  -0.0746  -0.0301
 -0.0693  -0.1101  -0.0205   0.2067  -0.0733  -0.0220
 -0.0760  -0.1262  -0.0256   0.2383  -0.0869  -0.0378
 -0.0668  -0.1097  -0.0146   0.2011  -0.0722  -0.0295
 -0.0706  -0.1289  -0.0170   0.2428  -0.0918  -0.0424
 -0.0761  -0.1305  -0.0058   0.2400  -0.0805  -0.0305
 -0.0799  -0.1532  -0.0133   0.2528  -0.0848  -0.0331
 -0.0829  -0.1315  -0.0248   0.2409  -0.0900  -0.0414
 -0.0654  -0.1481  -0.0126   0.2541  -0.0636  -0.0307
 -0.0804  -0.1603  -0.0109   0.2830  -0.0864  -0.0352
 -0.0763  -0.1250  -0.0159   0.2105  -0.0652  -0.0286
 -0.0842  -0.1372  -0.0168   0.2377  -0.0859  -0.0382
 -0.0961  -0.1211  -0.0176   0.2222  -0.0836  -0.0382
 -0.0936  -0.1231  -0.0088   0.2011  -0.0831  -0.0258
 -0.1089  -0.1432  -0.0262   0.2525  -0.1179  -0.0390
 -0.0979  -0.1266  -0.0104   0.2155  -0.0878  -0.0382
 -0.1071  -0.1560  -0.0216   0.2478  -0.1163  -0.0351
 -0.1089  -0.1444  -0.0207   0.2473  -0.1146  -0.0406
 -0.1005  -0.1490  -0.0061   0.2631  -0.1027  -0.0395
 -0.1012  -0.1653  -0.0085   0.2891  -0.1073  -0.0446
 -0.1033  -0.1358  -0.0037   0.2317  -0.0998  -0.0371
 -0.1152  -0.1685  -0.0163   0.2943  -0.1340  -0.0491
 -0.1244  -0.1487  -0.0211   0.2487  -0.1182  -0.0344
 -0.1398  -0.1813  -0.0163   0.2925  -0.1535  -0.0441
 -0.1494  -0.1558  -0.0188   0.2320  -0.1434  -0.0343
 -0.1503  -0.1845  -0.0094   0.2866  -0.1599  -0.0437
 -0.1395  -0.1925  -0.0085   0.2765  -0.1411  -0.0323
 -0.1351  -0.1596  -0.0067   0.2462  -0.1341  -0.0392
 -0.1476  -0.1635  -0.0050   0.2620  -0.1501  -0.0614
 -0.1403  -0.1732  -0.0107   0.2850  -0.1442  -0.0552
 -0.1468  -0.1839   0.0010   0.2984  -0.1474  -0.0455
 -0.1338  -0.1895  -0.0040   0.2930  -0.1378  -0.0386
 -0.1446  -0.1824  -0.0055   0.2842  -0.1472  -0.0525
 -0.1424  -0.1740  -0.0046   0.2879  -0.1440  -0.0461
 -0.1383  -0.1683   0.0202   0.2774  -0.1269  -0.0377
 -0.1195  -0.1622   0.0090   0.2829  -0.1111  -0.0465
 -0.1304  -0.1880   0.0054   0.3158  -0.1355  -0.0619
 -0.1301  -0.1758  -0.0034   0.3070  -0.1171  -0.0584
 -0.1435  -0.1905  -0.0041   0.3383  -0.1463  -0.0700
 -0.1462  -0.1918  -0.0118   0.3339  -0.1382  -0.0617
 -0.1487  -0.2003   0.0039   0.3310  -0.1422  -0.0527
 -0.1537  -0.2215  -0.0062   0.3436  -0.1571  -0.0525
 -0.1533  -0.2018   0.0016   0.3042  -0.1373  -0.0458
 -0.1620  -0.2198  -0.0038   0.3321  -0.1642  -0.0527
 -0.1588  -0.1838   0.0005   0.2950  -0.1426  -0.0501
 -0.1611  -0.2142   0.0040   0.3335  -0.1621  -0.0563
 -0.1571  -0.1954   0.0008   0.3003  -0.1479  -0.0498
 -0.1549  -0.2121   0.0131   0.3358  -0.1616  -0.0551
 -0.1634  -0.2092   0.0069   0.3305  -0.1726  -0.0596
 -0.1621  -0.2043   0.0131   0.3164  -0.1664  -0.0526
 -0.1658  -0.2366   0.0087   0.3644  -0.1788  -0.0601
 -0.1549  -0.2122   0.0148   0.3407  -0.1516  -0.0608
 -0.1704  -0.2388   0.0070   0.3737  -0.1922  -0.0605
 -0.1723  -0.2145   0.0103   0.3268  -0.1674  -0.0485
 -0.1651  -0.2191   0.0118   0.3362  -0.1632  -0.0545
 -0.1831  -0.2069   0.0017   0.3384  -0.1877  -0.0640
 -0.1886  -0.2145   0.0055   0.3256  -0.1811  -0.0531
 -0.1854  -0.2470   0.0085   0.3663  -0.1946  -0.0510
 -0.1872  -0.2237   0.0128   0.3243  -0.1821  -0.0489
 -0.2007  -0.2447   0.0073   0.3529  -0.2024  -0.0555
 -0.1891  -0.2262   0.0055   0.3424  -0.1874  -0.0565
 -0.1942  -0.2181   0.0121   0.3305  -0.1756  -0.0536
 -0.1925  -0.2599   0.0089   0.3893  -0.2018  -0.0526
 -0.1933  -0.2442   0.0111   0.3481  -0.1812  -0.0448
 -0.2068  -0.2593   0.0159   0.3684  -0.1928  -0.0503
 -0.2063  -0.2446   0.0136   0.3597  -0.1947  -0.0540
 -0.2094  -0.2448   0.0186   0.3506  -0.1936  -0.0457
 -0.2231  -0.2765   0.0133   0.3886  -0.2196  -0.0557
 -0.2229  -0.2444   0.0179   0.3467  -0.1940  -0.0553
 -0.2166  -0.2776   0.0296   0.3828  -0.1950  -0.0461
 -0.2248  -0.2732   0.0206   0.3961  -0.2163  -0.0571
 -0.2217  -0.2513   0.0229   0.3444  -0.2036  -0.0465
 -0.2331  -0.2881   0.0195   0.4160  -0.2262  -0.0624
 -0.2523  -0.3344   0.0394   0.4438  -0.2192  -0.0517
 -0.2432  -0.3128   0.0314   0.4159  -0.2262  -0.0446
 -0.2226  -0.2809   0.0583   0.3451  -0.1838  -0.0354
