 -0.5644  -0.3838   0.1858   0.1790  -0.0048   0.0966
 -0.5723  -0.4112   0.1271   0.2172  -0.0492   0.1282
 -0.5851  -0.4188   0.0851   0.4049  -0.0723   0.0940
 -0.5886  -0.4175   0.0895   0.4241  -0.0804   0.1456
 -0.5856  -0.4396   0.0829   0.4366  -0.0883   0.1609
 -0.5794  -0.3731   0.0635   0.5201  -0.0863   0.0500
 -0.5562  -0.3891   0.1244   0.4509  -0.0897   0.1930
 -0.5962  -0.4332   0.1253   0.6765  -0.1571   0.1274
 -0.5651  -0.4022   0.1483   0.4404  -0.1148   0.1740
 -0.5793  -0.3663   0.1689   0.2829  -0.1011   0.2262
 -0.5960  -0.3094   0.1697   0.2378  -0.0843   0.1680
 -0.4774  -0.3725   0.4208   0.2089   0.1624   0.2969
 -0.4064  -0.6048   0.4028   0.4565   0.0790   0.1250
 -0.4233  -0.5832   0.3646   0.4756   0.0441   0.2313
 -0.4718  -0.5971   0.3113   0.4729  -0.0079   0.2361
 -0.4710  -0.5464   0.2794   0.5070   0.0071   0.1810
 -0.4601  -0.5829   0.2534   0.4893  -0.0159   0.2087
 -0.4512  -0.6415   0.2856   0.3908  -0.0227   0.3363
 -0.4860  -0.5831   0.2959   0.6833  -0.0068   0.0445
 -0.5042  -0.5104   0.3536   0.5879   0.0521   0.3021
 -0.4457  -0.4792   0.3788   0.7666   0.0709  -0.0031
 -0.3906  -0.4610   0.4239   0.7297   0.0768   0.1876
 -0.3841  -0.5055   0.4351   0.7948   0.0769   0.0180
 -0.4015  -0.4699   0.4247   0.7678   0.0659   0.1213
 -0.3997  -0.5040   0.4270   0.7709   0.0585   0.1107
 -0.4079  -0.4983   0.3972   0.7888   0.0536   0.0602
 -0.4084  -0.4666   0.3992   0.7726   0.0492   0.1290
 -0.4098  -0.4427   0.3966   0.7328   0.0479   0.1587
 -0.3929  -0.4701   0.3633   0.7497   0.0606   0.0599
 -0.3982  -0.4797   0.3416   0.6968   0.0564   0.1427
 -0.3945  -0.4711   0.3397   0.6954   0.0463   0.1142
 -0.4113  -0.4840   0.3492   0.7682   0.0550   0.0477
 -0.4232  -0.4811   0.2972   0.7091   0.0220   0.1314
 -0.4379  -0.5663   0.2695   0.2549   0.0381   0.3368
 -0.4068  -0.4054   0.4917  -0.1335   0.1117   0.3650
 -0.4136  -0.4409   0.3574   0.2352   0.0053  -0.0022
 -0.3875  -0.3915   0.5291   0.3504   0.0807   0.2225
 -0.3356  -0.4430   0.6056   0.4642   0.1236   0.1155
 -0.3128  -0.4038   0.6203   0.5656   0.1341   0.0464
 -0.3104  -0.3863   0.5979   0.5810   0.1312   0.1592
 -0.3178  -0.3933   0.5598   0.5693   0.1108   0.0929
 -0.3085  -0.4293   0.5245   0.5900   0.0937   0.0307
 -0.3141  -0.4334   0.5033   0.5080   0.0957   0.1973
 -0.2982  -0.4604   0.4565   0.5703   0.0761   0.0780
 -0.2298  -0.5423   0.3922   0.5646   0.0517   0.1721
 -0.2740  -0.5962   0.3937   0.5111   0.0629   0.1965
 -0.2582  -0.6990   0.3592   0.5938   0.0428   0.2086
 -0.2551  -0.5679   0.3507   0.4299   0.0373   0.2358
 -0.2635  -0.5326   0.3661   0.4760   0.0506   0.2065
 -0.2478  -0.5708   0.3743   0.5178   0.0530   0.1424
 -0.2668  -0.6000   0.3727   0.5323   0.0502   0.1871
 -0.3134  -0.5882   0.3758   0.5359   0.0522   0.1644
 -0.3096  -0.6211   0.3709   0.4870   0.0617   0.1770
 -0.2203  -0.6403   0.3970   0.3226   0.0498   0.2859
 -0.1796  -0.7080   0.4034   0.4534   0.0219   0.1941
 -1.1159  -2.4383  -0.5308   1.8767  -1.1447  -0.1388
 -0.4616  -0.7498  -0.0058   0.4890  -0.3828  -0.0385
 -0.3873  -0.7739  -0.0000   0.6143  -0.3791  -0.1493
 -0.3549  -0.8110   0.0500   0.6592  -0.3651  -0.0007
 -0.3173  -0.8562   0.0902   0.7858  -0.3583  -0.1164
 -0.2953  -0.8431   0.0659   0.7629  -0.3599  -0.0681
 -0.2909  -0.8117   0.0458   0.7157  -0.3668  -0.0434
 -0.2685  -0.6916   0.0814   0.6501  -0.3325  -0.0102
 -0.2774  -0.6393   0.0213   0.3026  -0.2609   0.2112
 -0.3192  -0.5631   0.0186   0.2098  -0.2347  -0.0200
 -0.3514  -0.6932   0.0335   0.3423  -0.2642   0.0052
 -0.3333  -0.6859   0.0853   0.1777  -0.2071   0.1593
 -0.0410  -0.5182  -0.0260   0.1984  -0.1223  -0.0105
  0.5067  -0.2655  -0.0270   0.1394   0.0689  -0.0766
  0.6751  -0.2348   0.0625   0.0743   0.2067   0.0002
  0.6404  -0.2844   0.1160   0.1677   0.1426  -0.1810
  0.6034  -0.2996   0.1116   0.2180   0.1075  -0.0171
  0.6085  -0.2922   0.1345   0.3392   0.1073  -0.2117
  0.6212  -0.2639   0.0833   0.3128   0.0913  -0.0677
  0.6089  -0.2350   0.1024   0.2624   0.0901  -0.0756
  0.5954  -0.2386   0.0932   0.3304   0.0647  -0.1975
  0.6068  -0.2027   0.1064   0.3220   0.0821  -0.1100
  0.5898  -0.1940   0.0899   0.3051   0.0825  -0.1234
  0.5469  -0.2104   0.0722   0.2891   0.0732  -0.1389
  0.5378  -0.1806   0.0707   0.2699   0.0602  -0.0872
  0.4945  -0.2145   0.0763   0.2343   0.0439  -0.1315
  0.5656  -0.1500  -0.0267   0.2286   0.0722  -0.1268
  0.6627   0.0138  -0.0310   0.0226   0.1380  -0.0782
  0.6900   0.0147  -0.0794  -0.0016   0.1295  -0.1676
  0.6306  -0.2361  -0.1239   0.2190   0.0848  -0.0947
  0.7022  -0.1080  -0.1165   0.1810   0.1539   0.0806
  0.5404  -0.1746  -0.0452  -0.2290   0.1772   0.0385
  0.5270  -0.2562  -0.0038  -0.0846   0.0983   0.1307
  0.5907  -0.2332   0.0103  -0.0218   0.0881  -0.0245
  0.6145  -0.2232   0.0167   0.0572   0.0876  -0.0080
  0.5995  -0.2606   0.0362   0.0089   0.0894   0.0539
  0.6083  -0.2718   0.0503   0.0931   0.0902  -0.0854
  0.6137  -0.2538   0.0569   0.0864   0.0954   0.0623
  0.5949  -0.2298   0.0975   0.1199   0.1162   0.0025
  0.5881  -0.2415   0.0886   0.1652   0.1054  -0.0799
  0.5667  -0.2190   0.0557   0.0893   0.0912   0.0486
  0.5437  -0.2657   0.0391   0.1628   0.0702  -0.0335
  0.5391  -0.2666  -0.0073   0.0520   0.0768   0.0539
  0.5297  -0.2922   0.0012   0.0306   0.0845   0.0762
  0.5034  -0.3418  -0.0195   0.0552   0.0619  -0.0237
  0.4787  -0.3773  -0.0320   0.0104   0.0610   0.1587
  0.4982  -0.3814  -0.0356   0.1041   0.0458  -0.0099
  0.4955  -0.3927  -0.0224   0.1206   0.0599   0.0609
  0.5795  -0.3734  -0.0806   0.1108   0.0791   0.0742
  0.6180  -0.3097  -0.0848   0.0778   0.0813   0.0231
  0.6620  -0.2400  -0.1244   0.0828   0.1062   0.0071
  0.6418  -0.2517  -0.1059   0.0748   0.0954   0.0403
  0.5868  -0.2909  -0.1110   0.0142   0.0933   0.0019
  0.5676  -0.3568  -0.1165  -0.0067   0.0926   0.0710
  0.5631  -0.2977  -0.1128  -0.0174   0.0930   0.1023
  0.5614  -0.2859  -0.1100   0.0124   0.0894   0.0201
  0.5384  -0.3374  -0.0753   0.0751   0.0707   0.0486
  0.5177  -0.3436  -0.0804   0.0274   0.0778   0.0734
  0.5297  -0.3153  -0.0961   0.0389   0.0579  -0.0348
  0.5677  -0.2800  -0.0737   0.0748   0.0740   0.0664
  0.5934  -0.2340  -0.0785   0.0052   0.0836   0.0579
  0.5282  -0.4380   0.0462   0.0348   0.1068  -0.0680
  0.5010  -0.3535   0.1807   0.0386   0.1299   0.1767
  0.5011  -0.3147   0.1658   0.1019   0.1248  -0.0510
  0.4904  -0.2964   0.1513   0.0755   0.1233   0.0688
  0.5098  -0.2918   0.1682   0.1027   0.1218  -0.0012
  0.5053  -0.2930   0.1588   0.1077   0.1190  -0.0335
  0.5181  -0.2782   0.1506   0.1008   0.1262   0.0780
  0.9488   1.1290  -0.9645  -0.0575  -0.1676  -0.5893
  1.4439   1.5680   0.6745   1.9851   0.4620  -1.6480
  0.9013   0.2830   0.5459   0.8263   0.3836  -0.4195
  0.8436   0.1427   0.3993   0.3952   0.3306  -0.4001
  0.8203   0.1375   0.3341   0.4452   0.2990  -0.3796
  0.8798   0.1489   0.2984   0.4526   0.3080  -0.3871
  0.8832   0.1111   0.3531   0.4631   0.3260  -0.4224
  0.8571   0.1238   0.3477   0.3890   0.3214  -0.3252
  0.8426   0.1297   0.3186   0.4394   0.2998  -0.4743
  0.8639   0.1004   0.3282   0.4993   0.3084  -0.3231
  0.9059  -0.0207   0.3511   0.8801   0.3070  -0.6414
  0.9289  -0.1648   0.3872   1.0920   0.3083  -0.5136
  0.8807  -0.0959   0.2246   0.8926   0.2903  -0.4604
  0.7803  -0.0939   0.0803   0.8002   0.2664  -0.2377
  0.6670  -0.0870   0.0160   0.6636   0.2513  -0.2485
  0.4915  -0.0197  -0.0184   0.2856   0.1861  -0.2090
  0.4530  -0.0457  -0.0286   0.3348   0.1639  -0.2595
  0.5198  -0.0294   0.0274   0.3778   0.2061  -0.1858
  0.5435  -0.0713   0.0354   0.4610   0.2199  -0.3786
  0.5329  -0.0300   0.0453   0.3696   0.2342  -0.1764
  0.4967  -0.0618   0.0515   0.4168   0.2087  -0.3580
  0.6754   0.4364  -0.3672   0.6402  -0.0694  -0.5878
  0.3449   0.4891  -0.9483   0.4962  -0.3682  -0.5503
 -0.5789   1.8358  -0.8951  -2.0632  -0.2698   0.0051
 -1.5344   3.4407  -1.3808  -3.3110  -0.1965   0.2282
 -1.6674   4.0402  -1.5395  -3.5637  -0.2043   0.0818
 -1.8865   3.9781  -1.7098  -3.4634  -0.2067   0.2566
 -2.1303   4.1755  -1.9968  -3.9150  -0.2298   0.3626
 -0.8061   4.2627  -1.8047  -4.1702   0.0624   0.1588
  1.6323   6.3713  -2.0131  -5.2661   1.0358   0.4150
  0.3703   4.3711  -1.3977  -3.0538   0.1183  -0.2964
 -0.1527   3.7158  -1.0545  -2.3916  -0.0645  -0.1613
 -0.1575   3.5873  -0.9691  -2.3891  -0.0875  -0.4105
 -0.1877   3.6736  -1.0321  -2.3569  -0.1553  -0.2637
 -0.2140   3.5337  -1.0332  -2.2457  -0.1717  -0.3466
 -0.2030   2.9116  -0.6417  -2.0395  -0.0324  -0.2640
 -0.1945   3.1199  -0.6426  -2.0876  -0.0462  -0.2144
 -0.1693   3.1147  -0.6700  -2.0101  -0.0611  -0.3625
 -0.1629   3.1841  -0.5539  -1.9973  -0.0178  -0.2532
 -0.9856   2.6961  -0.5014  -1.3761  -0.4041  -0.4493
 -2.1253   2.0846   0.0435  -0.8140  -1.0728  -0.3152
 -1.2397   2.1031  -0.1987  -1.0126  -0.5480  -0.2711
 -1.0636   2.0277  -0.0862  -0.9782  -0.4749  -0.3826
 -0.7861   1.7149  -0.0034  -1.0155  -0.2638  -0.2468
 -0.6488   1.7523  -0.0699  -0.8836  -0.2457  -0.4097
 -0.6943   1.7787  -0.1843  -1.0200  -0.2579  -0.0737
 -0.6798   1.7799  -0.2415  -1.0643  -0.2484  -0.1487
 -0.6836   1.7456  -0.2716  -1.0188  -0.2520  -0.2862
 -0.7236   1.8099  -0.2815  -1.0883  -0.2555  -0.1541
 -0.7093   1.7522  -0.3034  -1.0741  -0.2419  -0.2017
 -0.6122   1.5114  -0.3993  -1.0035  -0.2423  -0.1487
 -0.5748   0.9030  -0.6894  -0.8338  -0.2557  -0.0111
 -0.6581   0.6185  -0.8693  -0.8185  -0.3369   0.1258
 -0.4558   0.7237  -0.4799  -1.0811  -0.1260   0.2707
 -0.5143   0.7604  -0.5278  -1.0655  -0.1802   0.1717
 -0.4964   0.6432  -0.4737  -0.8394  -0.1826   0.0706
 -0.4413   0.5187  -0.5255  -0.7275  -0.1634   0.2085
 -0.4125   0.4951  -0.4890  -0.6264  -0.1885   0.0031
 -0.3975   0.4696  -0.4144  -0.5256  -0.1751   0.1611
 -0.4461   0.2792  -0.4816  -0.8785  -0.1620   0.1934
 -0.4124   0.5066  -0.6709  -0.9164  -0.1649   0.1960
 -0.3977   0.3964  -0.5936  -0.8064  -0.1555   0.1114
 -0.3509   0.2910  -0.5150  -0.6096  -0.1049   0.2292
 -0.2363   0.2287  -0.4589  -0.5444  -0.1080   0.1032
 -0.2839   0.1758  -0.4931  -0.4541  -0.1509   0.0725
 -0.2758   0.1089  -0.5016  -0.4586  -0.1469   0.2623
 -0.2675   0.0304  -0.6095  -0.6048  -0.1578   0.1433
 -0.2761   0.1478  -0.5720  -0.7183  -0.1273   0.0490
 -0.3088   0.2091  -0.6156  -0.7460  -0.1305   0.2750
 -0.2801   0.2574  -0.6185  -0.7479  -0.1481   0.1867
 -0.2987   0.2106  -0.5798  -0.6640  -0.1536   0.1785
 -0.3056   0.2061  -0.6233  -0.7878  -0.1654   0.2587
 -0.3220   0.3255  -0.5927  -0.5575  -0.2000   0.0854
 -0.4328   0.1564  -0.6009  -0.1646  -0.2064   0.2300
 -0.5509   0.0468  -0.5356  -0.2230  -0.2446   0.1296
 -0.4967   0.0092  -0.4296  -0.0649  -0.2254   0.1821
 -0.4395  -0.0157  -0.4220  -0.0257  -0.2319   0.1049
