 -0.1233   0.4977  -0.6170  -0.1242  -0.4690  -0.3806
 -0.0969   0.5046  -0.5839  -0.0104  -0.4303  -0.4150
 -0.0996   0.5237  -0.5328  -0.0590  -0.4462  -0.3985
 -0.0978   0.5368  -0.5427  -0.0373  -0.4555  -0.3997
 -0.1659   0.4369  -0.5391  -0.3191  -0.4620  -0.4344
 -0.1662   0.4117  -0.4946  -0.2313  -0.4604  -0.4364
 -0.1231   0.4352  -0.4762  -0.0227  -0.3676  -0.4533
 -0.0913   0.4797  -0.4842  -0.0793  -0.3860  -0.3678
 -0.0637   0.4504  -0.5252  -0.1409  -0.3718  -0.3338
 -0.0958   0.3771  -0.5186   0.1621  -0.3899  -0.4535
 -0.0974   0.3879  -0.5081   0.2951  -0.3595  -0.3942
 -0.0885   0.3749  -0.5129   0.2425  -0.3591  -0.3971
 -0.1078   0.3388  -0.4994   0.2077  -0.3900  -0.3912
 -0.0681   0.4546  -0.5228   0.1530  -0.3598  -0.3976
 -0.0645   0.4779  -0.5345   0.0237  -0.3925  -0.4458
 -0.0519   0.5009  -0.4737   0.0866  -0.4283  -0.4181
 -0.0435   0.5365  -0.3732   0.2427  -0.3249  -0.4824
 -0.0553   0.3860  -0.3441   0.2005  -0.3160  -0.4668
 -0.9315  -7.4912  -0.9669   8.5493  -0.9643   6.0465
 -1.0385  -7.2464  -0.9731   7.2043  -0.6637   5.1654
 -0.3010   0.0764  -0.9546   1.1304  -0.5594   0.8526
 -0.2671  -0.4993  -0.7877   0.7954  -0.4264   0.6696
 -0.2744  -0.6434  -0.8007   0.9276  -0.3537   0.5835
 -0.2170  -0.5389  -0.4997   0.7972  -0.2777   0.4593
 -0.0892  -0.2865  -0.1806   0.8422  -0.1367   0.3016
 -0.1022  -0.4420  -0.1740   0.9801  -0.1355   0.2961
 -0.0259  -0.6443  -0.0702   0.8917  -0.0076   0.2861
 -0.0120  -0.7386   0.0237   0.8878   0.0245   0.2972
 -0.0166  -0.8212  -0.0028   0.7807   0.0093   0.2901
 -0.0707  -1.0554  -0.0872   0.8844  -0.0398   0.5164
 -0.1345  -0.9461  -0.1021   0.8178  -0.1156   0.4663
 -0.1322  -0.7647  -0.0621   0.8135  -0.0881   0.3771
 -0.1379  -0.8692  -0.0047   0.6476  -0.1338   0.3381
 -0.1921  -0.7273  -0.0699   0.9478  -0.1556   0.2472
 -0.1864  -0.8831  -0.0189   0.6463  -0.0415   0.3872
  0.0556  -0.8510   0.3175   0.3620   0.1141   0.3803
  0.0146  -0.7727   0.2291   0.8040   0.1655   0.2649
  0.1073   0.8707  -0.0342  -0.0369  -0.0946  -0.1915
  0.1276   0.2290   0.0105   0.0696   0.0326  -0.1397
  0.1293   0.2308   0.0201   0.2235   0.0747  -0.1305
  0.1334   0.1744   0.0982   0.4161   0.1037  -0.1641
  0.0111   1.3901  -0.3764  -0.2864  -0.1091  -0.4787
  0.0849   2.2859  -0.6308  -0.5733  -0.1790  -0.5882
  0.1373   1.6556  -0.3658  -0.3169  -0.1057  -0.4630
  0.1628   1.4664  -0.2707  -0.0421  -0.0710  -0.4893
  0.1618   1.0672  -0.2065  -0.1954  -0.0354  -0.3994
  0.1847   0.8712  -0.1017  -0.0538   0.0169  -0.3821
  0.1703   0.8047  -0.0742   0.0318   0.0386  -0.3356
  0.2001   0.7638  -0.0361   0.0068   0.0537  -0.3195
  0.1881   0.5738  -0.0511   0.0392   0.0316  -0.3048
  0.2576   0.5962  -0.0514  -0.0561   0.0338  -0.2700
  0.2570   0.5993   0.0059  -0.1078   0.0497  -0.2486
  0.2271   0.8044  -0.0275  -0.2392  -0.0318  -0.3287
  0.2523   0.7013   0.0646  -0.1354   0.0414  -0.3249
  0.1484  -0.1333   0.0510  -0.3293   0.1487  -0.1602
  0.0449  -0.2615  -0.0630  -0.0817   0.1150   0.0896
  0.0700   0.4290  -0.0612  -0.2598   0.1180  -0.1351
  0.0553   0.5207  -0.1208  -0.1995   0.1566  -0.1280
  0.0672   0.4361  -0.1013  -0.1796   0.1326  -0.2058
  0.0916   0.3449   0.0011  -0.1132   0.1712  -0.1238
  0.0644   0.2753   0.0454  -0.0471   0.1410  -0.1944
  0.0711   0.2830   0.0264   0.0395   0.1724  -0.1482
  0.0658   0.2509   0.0527   0.0462   0.1701  -0.2182
  0.0699   0.2411   0.0444   0.0613   0.1865  -0.1642
  0.1039   0.1150   0.1370  -0.1718   0.1561  -0.1464
  0.0584   0.1170   0.1350   0.1680   0.2612  -0.2135
  0.2205   0.2297   0.0168  -0.0065   0.2097  -0.1800
  0.1587   0.2830   0.1768  -0.1153   0.1711  -0.1451
  0.1645   0.2652   0.2058  -0.1454   0.1886  -0.1304
  0.1545   0.2834   0.1762  -0.1549   0.1798  -0.1469
  0.1466   0.2545   0.1862  -0.1073   0.1658  -0.1404
  0.1424   0.2172   0.2163  -0.1115   0.1606  -0.1516
  0.1450   0.1599   0.2495  -0.0862   0.1930  -0.1664
  0.1419   0.1497   0.2458  -0.1160   0.1716  -0.1475
  0.1420   0.1364   0.2491  -0.1253   0.1644  -0.1425
  0.1368   0.1398   0.2547  -0.1721   0.1472  -0.1610
  0.1363   0.1368   0.2482  -0.1701   0.1545  -0.1498
  0.1257   0.1216   0.2510  -0.1503   0.1369  -0.1419
  0.1228   0.1389   0.2516  -0.1314   0.1381  -0.1383
  0.1181   0.1538   0.2415  -0.1479   0.1418  -0.1528
  0.1073   0.1275   0.2599  -0.1985   0.1203  -0.1665
  0.1014   0.0979   0.2840  -0.0675   0.1152  -0.1444
  0.1624  -0.0154   0.3304  -0.2454   0.2005  -0.1010
  0.0635  -0.1046   0.1478  -0.2354   0.1113  -0.0146
 -0.0953  -0.0390   0.2466  -0.3148   0.2164   0.0609
  0.0794  -0.0063   0.3052  -0.1450   0.2502  -0.0843
  0.1080  -0.0290   0.3246  -0.1281   0.2802  -0.0650
  0.1343  -0.0029   0.3359  -0.1232   0.3024  -0.0592
  0.1311  -0.0163   0.3487  -0.1977   0.2842  -0.0703
  0.1019   0.2547   0.3523  -0.1087   0.2475  -0.1364
 -0.0351   2.6868  -0.2142  -0.1969  -0.1499  -1.4777
  0.1595   2.8002  -0.5671  -0.6139  -0.2646  -1.6897
  0.0089   0.8722  -0.0744  -0.2527  -0.0222  -0.7077
  0.0633   0.5679   0.0485  -0.1102   0.0467  -0.6807
  0.1355   0.5558   0.1768  -0.0275   0.1075  -0.6488
  0.1524   0.6139   0.1683   0.0113   0.1278  -0.6459
  0.1576   0.5866   0.1673  -0.0214   0.1264  -0.6299
  0.1428   0.5499   0.1852  -0.0194   0.1137  -0.6186
  0.1579   0.5646   0.1999  -0.0126   0.1141  -0.6160
  0.1323   1.2337   0.2052   0.3550   0.0636  -0.8799
  0.2402   2.5535  -0.0362  -0.9653  -0.0317  -0.9057
  0.1192   2.1927  -0.1275  -0.6287  -0.2679  -0.6583
 -1.0823   1.6835  -0.8336  -0.5683  -1.3724  -0.1697
 -0.2358   0.8476  -0.3098  -0.1693  -0.4537  -0.3069
 -0.0658   0.4008  -0.0878  -0.0035  -0.2541  -0.3830
  0.0108   0.7009  -0.0613  -0.1950  -0.1955  -0.4387
  0.0233   0.8291  -0.0474  -0.1479  -0.1874  -0.5078
  0.0193   0.6528  -0.0310   0.0893  -0.1369  -0.3727
 -0.8360  -8.4752   0.4568   6.1545   0.6408   4.2284
 -0.3431  -0.6345  -0.5943   0.8410  -0.1876   0.1880
 -0.2855  -0.4771  -0.2850   0.4652  -0.0728   0.2033
 -0.2851  -0.6569  -0.2255   0.5939  -0.0826   0.2457
 -0.3248  -0.7659  -0.2228   0.5926  -0.0979   0.2996
 -0.3084  -0.8284  -0.1990   0.5860  -0.0814   0.3069
 -0.3596  -0.7906  -0.3313   0.5522  -0.1229   0.4463
 -0.1139  -0.9092   0.1143   0.5158   0.1632   0.5621
  0.0629  -0.8825   0.1746   0.5588   0.1383   0.4022
 -0.0281  -1.3214   0.2165   0.5772   0.0300   0.5529
  0.0810  -3.5252   0.4050   1.3098   0.3395   1.8821
  0.0183  -2.3667   0.2060   1.2009   0.3173   1.3484
 -0.0661  -0.6672   0.0220   0.1986   0.1230   0.2524
 -0.1211  -1.1799   0.1420   0.4948   0.0805   0.2802
 -0.1450  -1.0913   0.1706   0.4828   0.0629   0.3107
 -0.1878  -1.5672   0.1678   1.0412   0.0886   0.7213
 -0.6972  -6.2717  -0.0638   5.0540   0.0150   4.4034
 -0.5484  -4.9231  -0.1586   5.3623  -0.0357   3.5532
 -0.4001  -4.3501  -0.1770   3.2075   0.2637   3.3745
 -0.1646  -0.8804  -0.4477   0.9700  -0.0494   2.0605
 -0.0558   1.7531  -0.8115  -0.7031  -0.3868  -0.1052
 -0.0535   1.5069  -0.5832  -0.2238  -0.2869  -0.2140
 -0.0859   1.3546  -0.5450  -0.2381  -0.3308  -0.1428
 -0.0902   1.1664  -0.4843  -0.2084  -0.3176  -0.0954
 -0.0455   0.8260  -0.3935  -0.1996  -0.2580  -0.0555
  0.0189   0.4298  -0.1690  -0.1718  -0.2146   0.0642
  0.1245   0.1890   0.0351   0.0718  -0.1686   0.0629
  0.0765   0.0991  -0.0173   0.1303  -0.1137   0.0858
  0.0646   0.1876  -0.0343  -0.0888  -0.0566   0.0476
  0.0213   0.4572  -0.3028  -0.0065  -0.2654  -0.2415
 -0.1225   0.4961  -0.3271  -0.9003  -0.1821  -0.1553
 -0.0111   0.1862  -0.1782  -0.5400  -0.0390  -0.1546
  0.0515   0.0374  -0.0652  -0.4481   0.0945  -0.1239
  0.0113   0.0364   0.0166  -0.3195   0.0897  -0.1471
 -0.0956  -0.8501  -0.0527   0.6985   0.1134   0.0440
 -0.1780  -1.0789  -0.1159   0.7503   0.0734   0.1379
  0.0215   0.7200  -0.3639  -0.3837  -0.0375  -0.2934
  0.0358   0.4458  -0.2391  -0.2867  -0.0565  -0.2672
  0.0848   0.5012   0.1058  -0.7037  -0.0897  -0.2455
  0.0368   0.2962   0.0300  -0.4240  -0.0482  -0.2205
  0.0861   0.0054   0.0555  -0.2700  -0.0191  -0.1731
  0.0578  -0.7166   0.0025   0.1522  -0.0020   0.1814
  0.0181  -1.3222   0.2728   0.2649   0.1684   0.3001
 -0.0720  -2.0410   0.3273   0.7256   0.2040   0.5524
 -0.0620  -2.0337   0.3309   0.7631   0.2324   0.5915
 -0.0163  -1.9232   0.3769   0.6933   0.2544   0.5935
 -0.0153  -1.8063   0.4045   0.4902   0.2032   0.5517
 -0.0178  -1.6705   0.3243   0.3631   0.1572   0.5051
 -0.0626  -1.8468   0.3299   0.5663   0.1361   0.4826
 -0.0649  -1.8260   0.3334   0.5515   0.1249   0.5152
 -0.0538  -1.6347   0.3329   0.3753   0.1580   0.4948
 -0.0775  -1.6647   0.3326   0.4246   0.1175   0.4933
 -0.0909  -1.5080   0.3338   0.3403   0.0902   0.4232
 -0.0513  -1.3928   0.3585   0.2750   0.1017   0.4412
 -0.0549  -1.4257   0.3704   0.2219   0.0911   0.3910
 -0.0380  -1.4797   0.4015   0.1892   0.0925   0.4160
 -0.0033  -1.5377   0.4736   0.1587   0.1194   0.4248
 -0.0006  -1.4729   0.4968   0.1036   0.1291   0.3905
  0.0215  -1.3764   0.5122   0.0199   0.1554   0.3625
  0.0246  -1.3702   0.5064   0.0125   0.1762   0.3469
  0.0300  -1.0728   0.4440   0.3675   0.1761   0.4198
  0.0321  -1.1226   0.4203   0.1940   0.2082   0.4001
  0.0468  -1.1344   0.4398   0.1690   0.1769   0.3715
  0.0415  -1.1532   0.4694   0.1463   0.1580   0.3389
  0.0694  -1.1572   0.5189  -0.1008   0.1479   0.2875
  0.0490  -1.1788   0.5116   0.0564   0.1367   0.2962
  0.0388  -1.1390   0.5096   0.0720   0.1192   0.2807
  0.1683  -1.2401   0.5007   0.1906   0.2223   0.2882
  0.1225  -0.9292   0.5192  -0.1565   0.2038   0.2266
  0.1335  -1.0354   0.5615  -0.1779   0.2108   0.2257
  0.1236  -1.0725   0.5729  -0.1500   0.1967   0.2084
  0.0960  -1.0696   0.5720  -0.1365   0.2109   0.1818
  0.0086  -0.8038   0.3721  -0.1110   0.0826   0.3569
  0.0414  -0.9326   0.4300  -0.0964   0.1994   0.2525
 -0.0066  -0.8501   0.4265   0.0128   0.1220   0.1698
 -0.0145  -0.8712   0.3996   0.0455   0.1167   0.2265
 -0.0162  -0.8965   0.3870   0.0343   0.1146   0.2270
 -0.0114  -0.9303   0.3976   0.0439   0.1057   0.2330
 -0.0026  -0.9251   0.4041   0.0257   0.0983   0.2314
 -0.0311  -0.9281   0.4252   0.0128   0.1117   0.2012
 -0.0175  -1.0410   0.4475  -0.0535   0.0955   0.2473
  0.0383  -0.8781   0.4473  -0.1510   0.1539   0.2115
  0.0705  -0.6613   0.4749  -0.2869   0.1850   0.1568
  0.0643  -0.6622   0.4696  -0.2603   0.2028   0.1617
  0.0486  -0.6372   0.4689  -0.2000   0.1998   0.1142
  0.0403  -0.6131   0.4402  -0.1072   0.1848   0.1371
  0.0316  -0.6404   0.4415  -0.1391   0.1788   0.1227
  0.0328  -0.7664   0.4692  -0.1091   0.1862   0.1723
  0.0660  -0.7832   0.4944  -0.0921   0.1958   0.1988
  0.0608  -0.7237   0.4937  -0.1182   0.1890   0.1693
  0.0481  -0.7345   0.4951  -0.1629   0.1747   0.1638
  0.0460  -0.7071   0.4696  -0.1627   0.1939   0.1524
 -0.8963   0.2106   0.1530  -0.6282  -0.6138   0.0257
 -0.8347   0.0761  -0.0696  -0.4778  -0.5387   0.0323
 -0.3111   0.8241  -0.1306  -0.8732  -0.3700  -0.2297
 -0.1996   1.4250  -0.2089  -0.9467  -0.3590  -0.2897
 -0.1554   0.8726  -0.1047  -0.7741  -0.2059  -0.1314
 -0.1438   0.8478  -0.0406  -0.5208  -0.0952  -0.2178
 -0.1356   0.5505  -0.1202  -0.3800  -0.1792  -0.0679
  0.1890   0.3894  -0.4196   1.0766  -0.0370   0.9502
  0.1377   1.2618  -0.4534   0.8617  -0.2096   0.6949
  0.1244   1.4765  -0.5033   1.4162  -0.0874   0.7989
  0.4858   1.3683  -0.6945   0.6889   0.0360   1.3036
  0.4430   1.3333  -0.5322  -0.6548   0.0015   1.0457
  0.3293   1.1254  -0.3794  -0.9558  -0.0094   0.0854
  0.2728   0.7816  -0.1222  -0.8262   0.1046  -0.0258
  0.2774   0.6627  -0.0334  -0.8215   0.1513   0.0216
  0.2613   0.6134   0.0075  -0.7979   0.1537  -0.0232
  0.2536   0.4756   0.0422  -0.7116   0.2003   0.0097
  0.2533   0.3256   0.0722  -0.6055   0.2330  -0.0549
  0.1848   0.3885   0.0730  -0.6516   0.2410  -0.0640
 -0.2044   0.7852  -0.2181  -0.7884   0.0641  -0.1395
 -0.0595   0.4621  -0.1470  -0.6390   0.1088  -0.0790
  0.0055   0.3732  -0.0761  -0.6511   0.0732  -0.1110
  0.0218   0.3188  -0.0957  -0.4905  -0.0504   0.0240
 -0.0303   0.3081  -0.1590  -0.5082   0.0075  -0.0293
 -0.0401   0.8969  -0.2940  -0.9415  -0.0307  -0.1058
  0.0650   1.2858  -0.3382  -1.1588   0.0458  -0.2278
 -1.0022   2.7482  -0.2302  -1.8210  -0.8258  -0.3982
  0.3272   1.2167  -0.8467  -1.1133   0.3327  -0.2086
 -0.2044   1.0588  -0.7731  -0.9358   0.2638   0.0282
 -0.2759   0.9080  -0.5762  -1.0404  -0.0528  -0.1393
 -0.2054   0.7164  -0.3869  -0.9484  -0.0388  -0.1404
 -0.1913   0.5867  -0.3318  -0.9011  -0.0349  -0.1159
 -0.1861   0.5438  -0.3039  -0.9032  -0.0468  -0.1318
 -0.1463   0.9876  -0.2940  -0.9640  -0.0242  -0.5889
 -0.1307   1.0871  -0.2603  -0.9622   0.0094  -0.5682
 -0.1421   1.0816  -0.2528  -0.9660   0.0056  -0.5106
 -0.1216   1.0804  -0.2422  -0.9819   0.0114  -0.5261
 -0.1551   0.9974  -0.2037  -0.9023  -0.0430  -0.4509
 -0.3358   0.7295  -0.2442  -0.7993  -0.0107  -0.1839
  0.1246   0.7811   0.0061  -0.9954   0.2501  -0.2928
