  0.2046   1.7017  -0.3076  -0.3833   0.1022  -0.2578
  0.2046   1.7017  -0.3076  -0.3833   0.1022  -0.2578
  0.1987   1.6038  -0.3330  -0.3660   0.0863  -0.2366
  0.1644   1.5388  -0.3288  -0.3335   0.0883  -0.2136
  0.1720   1.4958  -0.3420  -0.3347   0.0828  -0.2139
  0.1603   1.5111  -0.3309  -0.3124   0.0736  -0.2183
  0.1608   1.4574  -0.3714  -0.2762   0.0661  -0.2115
  0.1583   1.4531  -0.3541  -0.3352   0.0581  -0.1649
  0.1824   1.4930  -0.3909  -0.4367   0.0542  -0.2088
  0.2100   1.4561  -0.3645  -0.4496   0.0531  -0.2075
  0.1971   1.4212  -0.3304  -0.3877   0.0729  -0.1877
  0.2084   1.4239  -0.3336  -0.3726   0.0779  -0.1795
  0.2130   1.3789  -0.2877  -0.3267   0.0724  -0.1692
  0.2035   1.4164  -0.2898  -0.2485   0.0691  -0.1768
  0.2150   1.4067  -0.2936  -0.3161   0.0731  -0.1941
  0.2223   1.4030  -0.2973  -0.2924   0.0581  -0.1859
  0.2080   1.3108  -0.3115  -0.2679   0.0715  -0.1838
  0.2078   1.2852  -0.3168  -0.2036   0.0667  -0.1736
  0.2204   1.2744  -0.2956  -0.2093   0.0602  -0.1733
  0.2313   1.3100  -0.3151  -0.2298   0.0800  -0.1838
  0.2305   1.2857  -0.3069  -0.1836   0.0851  -0.1626
  0.2368   1.2530  -0.2923  -0.1580   0.0711  -0.1583
  0.2202   1.2236  -0.2932  -0.1660   0.0714  -0.1491
  0.2050   1.2100  -0.3056  -0.1970   0.0775  -0.1493
  0.1841   1.2038  -0.3136  -0.1776   0.0859  -0.1464
  0.2065   1.1821  -0.3022  -0.1693   0.0768  -0.1504
  0.1946   1.1160  -0.2761  -0.1564   0.0889  -0.1330
  0.2075   1.0953  -0.2823  -0.1151   0.0898  -0.1428
  0.2346   1.0980  -0.2369  -0.1194   0.0872  -0.1437
  0.2127   1.0043  -0.2322  -0.0988   0.0898  -0.1176
  0.2076   0.9528  -0.2183  -0.0904   0.1026  -0.1184
  0.2247   0.9831  -0.1971  -0.1253   0.1150  -0.1305
  0.2018   0.9749  -0.2226  -0.1409   0.0942  -0.1201
  0.1740   0.8888  -0.1809  -0.0898   0.0945  -0.2121
  0.1816   0.7226  -0.1703  -0.0622   0.0656  -0.2143
  0.1315   0.6944  -0.1608  -0.0565   0.0601  -0.1260
  0.0940   0.7784  -0.2075  -0.0491   0.0479  -0.0793
  0.0740   0.7386  -0.1804  -0.0236   0.0496  -0.0611
  0.0396   0.7802  -0.1962  -0.0127   0.0505  -0.0589
  0.0551   0.6916  -0.2329   0.0066   0.0259  -0.0471
  0.0465   0.7701  -0.1928   0.0031   0.0499  -0.0721
  0.0539   0.7815  -0.2302  -0.0169   0.0546  -0.0601
  0.0697   0.7669  -0.2838  -0.2290   0.0461  -0.1057
  0.0613   0.7510  -0.2399  -0.0572   0.0240  -0.0325
  0.0627   0.7478  -0.2669  -0.0492   0.0087  -0.0078
  0.0413   0.7582  -0.2529  -0.0484  -0.0105  -0.0016
  0.0668   0.7469  -0.2519  -0.0190   0.0007  -0.0145
  0.0652   0.7325  -0.2745  -0.0094   0.0014  -0.0054
  0.0489   0.6914  -0.2707  -0.0270   0.0091   0.0028
  0.0602   0.6742  -0.2707  -0.0270   0.0200  -0.0013
  0.1023   0.6534  -0.2553  -0.0372   0.0118  -0.0081
  0.0682   0.6235  -0.2213   0.0279   0.0260   0.0126
  0.0853   0.5946  -0.2262   0.0381   0.0229   0.0045
  0.1280   0.5500  -0.2025   0.0516   0.0143  -0.0150
  0.1118   0.5239  -0.2116   0.0807   0.0284  -0.0098
  0.0926   0.5527  -0.2221   0.1075   0.0264  -0.0101
  0.0873   0.4851  -0.2452   0.1665   0.0085   0.0052
  0.0632   0.4929  -0.2251   0.1652   0.0080   0.0186
  0.0513   0.4882  -0.2276   0.1557   0.0178   0.0186
  0.0643   0.5188  -0.2057   0.2091   0.0095   0.0295
  0.0590   0.5043  -0.1864   0.2408   0.0095   0.0443
  0.0460   0.4831  -0.1981   0.2592   0.0070   0.0501
  0.0221   1.0493  -0.1913   0.2405  -0.0021  -0.0362
 -0.0238   1.4581  -0.2643  -0.6738  -0.0574   0.0137
  0.0244   1.1518  -0.2603  -0.4381  -0.0397  -0.1287
  0.0250   1.2021  -0.3308  -0.2714  -0.0598  -0.0766
  0.0106   0.9125  -0.2317  -0.1058  -0.0680  -0.0190
 -0.0098   0.8496  -0.2526  -0.0506  -0.0814  -0.0197
  0.0027   0.8253  -0.2636  -0.0479  -0.0802  -0.0173
  0.0459   0.9644  -0.1934  -0.1424  -0.0457  -0.0919
  0.0482   0.9495  -0.1824  -0.0878  -0.0579  -0.0375
 -0.0162   0.7542  -0.1514   0.0002  -0.0622   0.0019
 -0.0377   0.7428  -0.1531   0.0382  -0.0572  -0.0033
 -0.0517   0.7195  -0.1469   0.0858  -0.0764   0.0046
 -0.0717   0.7082  -0.1425   0.0855  -0.0872   0.0008
 -0.0746   0.6587  -0.1728   0.0688  -0.0836   0.0003
 -0.0579   0.6463  -0.1632   0.0755  -0.0829   0.0012
 -0.0351   0.6107  -0.1368   0.0832  -0.0989   0.0078
 -0.0344   0.5912  -0.1300   0.1008  -0.0841   0.0101
 -0.0507   0.6495  -0.1157   0.0627  -0.0572  -0.0156
 -0.0287   0.6288  -0.1351   0.0828  -0.0447  -0.0122
 -0.0160   0.6173  -0.1459   0.1300  -0.0586  -0.0044
 -0.0200   0.5960  -0.1548   0.1517  -0.0540   0.0130
 -0.0084   0.5803  -0.1482   0.1464  -0.0617   0.0142
 -0.0195   0.6369  -0.1567   0.0558  -0.0537   0.0083
 -0.0117   0.5539  -0.1575   0.1367  -0.0606   0.0150
  0.0262   0.4914  -0.2133   0.1686  -0.0617  -0.0015
  0.0195   0.4995  -0.1695   0.1922  -0.0670   0.0135
 -0.0061   0.4908  -0.1678   0.2236  -0.0663   0.0214
 -0.0058   0.4755  -0.1823   0.2218  -0.0678   0.0311
 -0.0279   0.4532  -0.1693   0.2565  -0.0542   0.0322
 -0.0281   0.5406  -0.1695   0.1711  -0.0369   0.0298
 -0.0425   0.4592  -0.2054   0.2561  -0.0752   0.0475
 -0.0376   0.4230  -0.1738   0.2214  -0.0987   0.0227
 -0.0565   0.4481  -0.1615   0.2385  -0.0928   0.0262
 -0.0619   0.4172  -0.1616   0.2355  -0.0841   0.0312
 -0.0655   0.3820  -0.1410   0.2675  -0.0852   0.0371
 -0.0618   0.4108  -0.1422   0.2715  -0.0941   0.0288
 -0.0718   0.4115  -0.1542   0.2894  -0.0850   0.0297
 -0.0727   0.4536  -0.1199  -0.1303  -0.0694   0.0781
  0.0133   1.0385   0.3331  -1.1982  -0.0401  -0.2326
 -0.0254   0.5307   0.1256   0.0349  -0.0171   0.0203
 -0.0161   0.5397   0.1201  -0.4090  -0.0099   0.0194
 -0.0082   0.4578   0.0780   0.0677  -0.0224  -0.0172
 -0.0318   0.3841   0.1030   0.1746  -0.0169  -0.0126
 -0.0293   0.3619   0.1012   0.2221  -0.0241  -0.0072
 -0.0397   0.3781   0.0845   0.2559  -0.0323   0.0048
 -0.0462   0.3475   0.0815   0.2896  -0.0390   0.0134
 -0.0335   0.4206   0.0540   0.1788  -0.0495  -0.0144
  0.0019   0.3305  -0.0054   0.1995  -0.0533  -0.0073
 -0.0184   0.2440  -0.0099   0.2863  -0.0623   0.0291
 -0.0091   0.2161  -0.0271   0.2949  -0.0688   0.0281
  0.0007   0.2013  -0.0433   0.3081  -0.0748   0.0275
 -0.0030   0.2070  -0.0426   0.3077  -0.0883   0.0299
 -0.0260   0.1521  -0.0521   0.3683  -0.0829   0.0385
 -0.0152   0.0670  -0.0446   0.4055  -0.0956   0.0596
  0.0272   0.0938  -0.0637   0.3840  -0.0838   0.0324
  0.0318   0.0255  -0.0636   0.4358  -0.0874   0.0494
 -0.0076   0.0378  -0.0603   0.4020  -0.0966   0.0367
 -0.0141  -0.0122  -0.0594   0.4307  -0.0923   0.0466
  0.0170   0.0184  -0.0561   0.4474  -0.0980   0.0288
  0.0096   0.0393  -0.0451   0.4614  -0.0814   0.0262
 -0.0362   0.1670  -0.0542   0.0488  -0.0131   0.0852
 -0.0783   0.1888  -0.1589  -0.2669  -0.0406   0.0375
 -0.0034   0.2382  -0.0668  -0.1804  -0.0173  -0.0235
 -0.0348   0.0425  -0.1208  -0.0795  -0.0066  -0.0060
 -0.0142  -0.0004  -0.0882  -0.0594  -0.0096  -0.0093
 -0.0033   0.0705  -0.0807  -0.0426  -0.0108  -0.0035
  0.0079  -0.0009  -0.0974   0.0124  -0.0077   0.0009
  0.0051  -0.0301  -0.0821   0.0719  -0.0182   0.0146
  0.0063  -0.0329  -0.0855   0.0578  -0.0242   0.0239
 -0.0031  -0.0414  -0.0917   0.0462  -0.0218   0.0239
  0.0215  -0.0849  -0.0915   0.0455  -0.0216   0.0219
  0.0036  -0.0645  -0.0742   0.0654  -0.0193   0.0175
 -0.0024  -0.1114  -0.0848   0.0774  -0.0306   0.0239
  0.0071  -0.1371  -0.0540   0.0971  -0.0043   0.0250
  0.0172  -0.1502  -0.0167   0.0766   0.0210   0.0253
  0.0402  -0.1946  -0.0258   0.0763   0.0128   0.0270
  0.0213  -0.2194  -0.0235   0.1014   0.0092   0.0308
  0.0397  -0.2382   0.0007   0.1192   0.0018   0.0273
  0.0207  -0.2100  -0.0083   0.0530   0.0028   0.0208
  0.0326  -0.0924   0.0069   0.1513  -0.0026  -0.0125
  0.0238  -0.0829   0.0115  -0.0196  -0.0275  -0.0004
 -0.0072  -0.2027  -0.0134   0.2236  -0.0141   0.0374
 -0.0009  -0.2201   0.0081   0.1973   0.0006   0.0316
  0.0376  -0.2250   0.0535   0.1781   0.0152   0.0212
  0.0276  -0.2619   0.0484   0.1745   0.0186   0.0194
  0.0301  -0.2872   0.0564   0.1618   0.0345   0.0042
  0.0259  -0.3126   0.0597   0.2070   0.0392   0.0212
  0.0261  -0.3351   0.0414   0.2537   0.0515   0.0115
  0.0284  -0.3723   0.0684   0.3028   0.0341   0.0310
 -0.0047  -0.3508   0.0104   0.2934   0.0216   0.0484
 -0.0114  -0.3647   0.0154   0.2412   0.0324   0.0387
 -0.0831  -0.2241  -0.0829   0.0345   0.0346  -0.0435
 -0.0789  -0.1321   0.0082  -0.9606   0.0035  -0.0385
 -0.0573  -0.3575   0.0222  -0.7054   0.0260  -0.0116
 -0.0048  -0.4015   0.0923  -0.8795   0.0196  -0.0853
  0.0302  -0.3688   0.1266  -0.7062   0.0465  -0.0471
  0.0085  -0.4163   0.1422  -0.6149   0.0338  -0.0401
  0.0072  -0.3866   0.1554  -0.5399   0.0403  -0.0622
  0.0342  -0.3820   0.1621  -0.4844   0.0598  -0.0461
  0.0409  -0.4182   0.1553  -0.5254   0.0543  -0.0386
  0.0246  -0.4386   0.1769  -0.4675   0.0540  -0.0265
  0.0170  -0.4972   0.1705  -0.4384   0.0591  -0.0250
 -0.0057  -0.5769   0.1544  -0.3594   0.0588   0.0031
 -0.0177  -0.6329   0.1395  -0.3174   0.0315   0.0045
 -0.0482  -0.7232   0.1184  -0.2370   0.0069   0.0197
 -0.0623  -0.7594   0.1299  -0.2364  -0.0096   0.0140
 -0.0803  -0.8136   0.1176  -0.1930  -0.0176   0.0192
 -0.1043  -0.8725   0.1240  -0.2076  -0.0216   0.0395
 -0.1352  -0.8967   0.1011  -0.1371  -0.0409   0.0560
 -0.2448  -1.4208   0.0888   0.2215  -0.0886   0.1570
 -0.2779  -1.4576   0.1039   0.1553  -0.0834   0.1042
 -0.2777  -1.4985   0.1220   0.1076  -0.0780   0.1226
 -0.2480  -1.4887   0.1335   0.1605  -0.0723   0.1250
 -0.2621  -1.4493   0.1586   0.1394  -0.0627   0.1565
 -0.2755  -1.4905   0.1541   0.0978  -0.0480   0.1486
 -0.1584  -0.5903   0.2536  -0.4819   0.0583  -0.0166
 -0.2520  -0.1571   0.2224  -0.4646  -0.0734   0.0738
 -0.2063  -0.5648   0.1536  -0.3263  -0.0592   0.0715
 -0.1752  -0.7994   0.2072  -0.2114  -0.0322   0.0799
 -0.1723  -0.8365   0.2350  -0.1153  -0.0137   0.0876
 -0.1561  -0.8894   0.2585  -0.1725  -0.0031   0.0825
 -0.1356  -0.9082   0.2828  -0.1392  -0.0080   0.0886
 -0.1393  -0.8850   0.2795  -0.1107   0.0002   0.0809
 -0.0978  -0.9161   0.2369  -0.1155   0.0028   0.0866
 -0.1155  -0.9087   0.2154  -0.1332   0.0094   0.0688
 -0.1393  -0.9687   0.2656  -0.0791   0.0101   0.0645
 -0.1282  -1.0599   0.2785  -0.0387  -0.0090   0.0906
 -0.1376  -1.0088   0.2403  -0.0406  -0.0109   0.0889
 -0.1357  -1.0198   0.2296  -0.0103  -0.0186   0.0909
 -0.1484  -0.9878   0.2664  -0.0249  -0.0290   0.0869
 -0.1243  -1.0489   0.2490  -0.0059  -0.0259   0.0953
 -0.1342  -1.0521   0.2650   0.0130  -0.0244   0.1037
 -0.1340  -1.0524   0.2821   0.0282  -0.0099   0.0990
 -0.1455  -1.0409   0.2824  -0.0029  -0.0232   0.1036
 -0.1352  -0.7979   0.2107   0.0613  -0.0577   0.0429
 -0.1770  -1.2643   0.2095  -0.1705  -0.0490   0.0875
 -0.2395  -1.5488   0.2507   0.3920  -0.0438   0.2191
 -0.2234  -1.4776   0.2605   0.2597  -0.0333   0.1548
 -0.1766  -1.3843   0.2987   0.2243   0.0378   0.1491
 -0.1886  -1.4871   0.2804   0.2839   0.0258   0.1682
 -0.1959  -1.5006   0.2867   0.3141   0.0158   0.1763
 -0.1825  -1.5228   0.3191   0.3560   0.0145   0.1754
 -0.1902  -1.5605   0.3285   0.3189   0.0050   0.1713
 -0.2108  -1.5828   0.2597   0.3223   0.0144   0.1715
 -0.1901  -1.5798   0.2854   0.3503   0.0140   0.1813
 -0.1796  -1.5940   0.2673   0.3654  -0.0109   0.1760
 -0.1581  -1.5977   0.2842   0.3958   0.0020   0.1788
 -0.1935  -1.6389   0.3141   0.4081  -0.0018   0.1999
 -0.2259  -1.5395   0.3355   0.2346   0.0103   0.1707
 -0.1681  -1.5174   0.3191   0.2783   0.0549   0.1940
 -0.0694  -1.2168   0.2525   0.3095   0.0256   0.0763
 -0.0737  -1.0790   0.3227   0.1208   0.0031   0.1704
 -0.0428  -1.3017   0.3231   0.0377   0.0403   0.1106
 -0.0467  -1.4079   0.3859   0.0245   0.0477   0.1015
 -0.0577  -1.5036   0.4079   0.0557   0.0373   0.1177
 -0.0538  -1.5091   0.4287   0.0272   0.0388   0.1143
 -0.0310  -1.4998   0.4605  -0.0213   0.0564   0.1122
 -0.0662  -1.5358   0.4703   0.0243   0.0580   0.1145
 -0.0401  -1.5197   0.4547   0.0219   0.0503   0.1017
 -0.0509  -1.5156   0.4648   0.0251   0.0476   0.1170
 -0.0751  -1.5959   0.4802   0.0542   0.0446   0.1470
 -0.0841  -1.6662   0.4950   0.1068   0.0452   0.1445
 -0.0645  -1.6157   0.5605   0.0785   0.0363   0.1329
 -0.0576  -1.6339   0.5393   0.0968   0.0280   0.1429
 -0.0669  -1.6543   0.5374   0.0860   0.0458   0.1393
 -0.0806  -1.6640   0.5411   0.1053   0.0545   0.1389
 -0.0712  -1.6443   0.5198   0.0975   0.0568   0.1297
 -0.0794  -1.6925   0.5290   0.1677   0.0446   0.1346
 -0.0727  -1.7199   0.5204   0.1845   0.0412   0.1449
 -0.0923  -1.7331   0.5395   0.2773   0.0306   0.1636
 -0.0955  -1.7056   0.5755   0.2107   0.0343   0.1595
 -0.0911  -1.6473   0.5988   0.2119   0.0269   0.1539
 -0.0760  -1.5072   0.5830   0.0775   0.0405   0.1024
 -0.0519  -1.0148   0.5883  -0.1560   0.0396   0.0758
 -0.0395  -1.1808   0.6450  -0.0765   0.0428   0.0481
 -0.0438  -1.2552   0.6251  -0.0638   0.0366   0.0626
  0.0127  -1.1694   0.6593  -0.1205   0.0579   0.0453
  0.0026  -1.2064   0.5993  -0.0865   0.0575   0.0602
