  0.1598   0.1946  -0.0506  -0.0580  -0.0173  -0.0464
  0.1605   0.1791  -0.0352  -0.0704  -0.0040  -0.1023
  0.1582   0.1572  -0.0333  -0.0669  -0.0045  -0.0369
  0.1613   0.1532  -0.0316  -0.0540  -0.0018  -0.0368
  0.1543   0.1535  -0.0304  -0.0561  -0.0070  -0.0166
  0.1540   0.1618  -0.0402  -0.0762  -0.0003  -0.0921
  0.1565   0.1683  -0.0283  -0.0684   0.0078  -0.0884
  0.1626   0.1511  -0.0199  -0.0556   0.0131  -0.1264
  0.1729   0.1593  -0.0224  -0.0635   0.0183  -0.1246
  0.1723   0.1526  -0.0233  -0.0592   0.0086  -0.1012
  0.1733   0.1345  -0.0177  -0.0559   0.0150  -0.0716
  0.1682   0.1361  -0.0162  -0.0582   0.0098  -0.0620
  0.1697   0.1233  -0.0170  -0.0657   0.0102  -0.0211
  0.1590   0.1193  -0.0149  -0.0574   0.0071  -0.0475
  0.1456   0.1143  -0.0196  -0.0518   0.0070  -0.0842
  0.1390   0.1379  -0.0177  -0.0720   0.0060  -0.0829
  0.1336   0.1241  -0.0225  -0.0663   0.0106  -0.0746
  0.1370   0.1021  -0.0242  -0.0501   0.0105  -0.0635
  0.1322   0.0863  -0.0172  -0.0539   0.0133  -0.0089
  0.1159   0.0825  -0.0126  -0.0701   0.0163  -0.0651
  0.1035   0.0877  -0.0122  -0.0718   0.0210  -0.0710
  0.0900   0.0909  -0.0116  -0.1171   0.0169  -0.1033
  0.0882   0.0926  -0.0059  -0.1088   0.0337  -0.0736
  0.0958   0.0854  -0.0251  -0.0776   0.0214  -0.0474
  0.0982   0.0603  -0.0265  -0.0615   0.0206  -0.0050
  0.0920   0.0620  -0.0216  -0.0615   0.0161  -0.0369
  0.0988   0.0596  -0.0250  -0.0494   0.0131   0.0149
  0.1001   0.0776  -0.0276  -0.0433   0.0074  -0.0075
  0.0940   0.0714  -0.0302  -0.0546   0.0091  -0.0074
  0.1006   0.0731  -0.0312  -0.0498  -0.0027  -0.0239
  0.0996   0.0639  -0.0251  -0.0291  -0.0181  -0.0222
  0.0958   0.0734  -0.0204  -0.0146  -0.0229   0.0068
  0.0838   0.0704  -0.0152  -0.0322  -0.0357   0.0248
  0.0915   0.0787  -0.0051  -0.0285  -0.0347   0.0266
  0.0998   0.0927  -0.0033  -0.0319  -0.0261   0.0039
  0.1018   0.0843   0.0030  -0.0398  -0.0307   0.0093
  0.1136   0.0656   0.0015  -0.0064  -0.0282   0.0147
  0.1225   0.0747   0.0042  -0.0159  -0.0283   0.0371
  0.1173   0.0590   0.0019  -0.0177  -0.0386   0.0623
  0.1139   0.0566   0.0005  -0.0190  -0.0380   0.0721
  0.1114   0.0838  -0.0027  -0.0279  -0.0393   0.1009
  0.1099   0.0748   0.0035  -0.0179  -0.0337   0.0598
  0.0944   0.0768  -0.0130  -0.0206  -0.0364   0.0585
  0.1050   0.0665  -0.0107  -0.0107  -0.0325   0.0318
  0.1008   0.0573  -0.0068   0.0054  -0.0349   0.1056
  0.0957   0.0439  -0.0042   0.0114  -0.0329   0.0695
  0.1027   0.0423  -0.0125   0.0095  -0.0383   0.0841
  0.1104   0.0402  -0.0110   0.0209  -0.0381   0.0940
  0.0922   0.0357  -0.0150   0.0102  -0.0418   0.0501
  0.0927   0.0420  -0.0163  -0.0076  -0.0422   0.0618
  0.0702   0.0693   0.0037  -0.0209  -0.0588   0.0025
  0.0750   0.0490  -0.0009   0.0231  -0.0497   0.0164
  0.0786   0.0492  -0.0029   0.0249  -0.0478   0.1147
  0.0690   0.0418   0.0014   0.0371  -0.0450   0.1062
  0.0577   0.0252  -0.0032   0.0530  -0.0465   0.1124
  0.0456   0.0306  -0.0050   0.0554  -0.0447   0.0713
  0.0523   0.0016  -0.0054   0.0708  -0.0350   0.1353
  0.0461   0.0097  -0.0061   0.0569  -0.0304   0.0781
  0.0465   0.0163  -0.0061   0.0530  -0.0314   0.0650
  0.0487   0.0144  -0.0083   0.0676  -0.0267   0.0569
  0.0368   0.0233  -0.0062   0.0374  -0.0310   0.0923
  0.0453   0.0171  -0.0063   0.0203  -0.0233  -0.0015
  0.0420   0.0008  -0.0143   0.0412  -0.0255   0.0533
  0.0442  -0.0196  -0.0003   0.0651  -0.0170   0.0971
  0.0437  -0.0268  -0.0178   0.0652  -0.0204   0.0965
  0.0335  -0.0193  -0.0073   0.0537  -0.0340   0.0697
  0.0253  -0.0169  -0.0134   0.0547  -0.0306   0.0898
  0.0184  -0.0006  -0.0150   0.0328  -0.0265   0.0150
  0.0189   0.0082  -0.0113   0.0228  -0.0238   0.0032
  0.0202   0.0013  -0.0158   0.0335  -0.0146   0.0026
  0.0109  -0.0115  -0.0074   0.0479  -0.0146   0.0886
  0.0170  -0.0223  -0.0063   0.0415  -0.0171   0.0236
  0.0132  -0.0272  -0.0023   0.0475  -0.0135   0.0361
  0.0195  -0.0253   0.0028   0.0622  -0.0102   0.0693
  0.0197  -0.0231  -0.0029   0.0506  -0.0103   0.0793
  0.0177  -0.0261   0.0017   0.0600  -0.0049   0.0408
  0.0125  -0.0065  -0.0047   0.0415  -0.0077   0.0167
  0.0096   0.0006  -0.0030   0.0285  -0.0135   0.0182
  0.0015   0.0001  -0.0060   0.0225  -0.0112  -0.0171
  0.0024  -0.0250  -0.0016   0.0168  -0.0070   0.0199
  0.0062  -0.0359  -0.0074   0.0175  -0.0146   0.0520
  0.0017  -0.0285  -0.0065   0.0402  -0.0210  -0.0005
  0.0016  -0.0317   0.0035   0.0326  -0.0140   0.0378
  0.0006  -0.0169  -0.0039   0.0316  -0.0087  -0.0123
  0.0012  -0.0163  -0.0034   0.0362  -0.0141   0.0156
  0.0049  -0.0213  -0.0121   0.0362  -0.0085  -0.0126
  0.0014  -0.0216  -0.0058   0.0392  -0.0163   0.0691
 -0.0034  -0.0240   0.0020   0.0543  -0.0165   0.0757
 -0.0065  -0.0342  -0.0098   0.0614  -0.0104  -0.0161
 -0.0082  -0.0248   0.0007   0.0715  -0.0136  -0.0061
 -0.0068  -0.0216   0.0007   0.0509  -0.0066  -0.0302
  0.0006   0.0008  -0.0048   0.0237  -0.0167  -0.0084
 -0.0034  -0.0104  -0.0119   0.0236  -0.0150  -0.0213
 -0.0045  -0.0245  -0.0152   0.0390  -0.0235   0.0200
 -0.0121  -0.0388  -0.0190   0.0508  -0.0233   0.0155
 -0.0118  -0.0313  -0.0092   0.0445  -0.0289   0.0611
 -0.0127  -0.0172   0.0029   0.0181  -0.0236   0.0376
 -0.0195  -0.0091   0.0246   0.0230  -0.0130  -0.0514
 -0.0168  -0.0344   0.0200   0.0329  -0.0103  -0.0421
 -0.0310  -0.0292   0.0137   0.0359  -0.0105  -0.0389
 -0.0299  -0.0486   0.0209   0.0494  -0.0081   0.0795
 -0.0414  -0.0504   0.0214   0.0444  -0.0065   0.0611
 -0.0445  -0.0331   0.0294   0.0469  -0.0101   0.0250
 -0.0517  -0.0340   0.0264   0.0167  -0.0141   0.0240
 -0.0500  -0.0290   0.0443   0.0227  -0.0011   0.0134
 -0.0476  -0.0537   0.0262   0.0509  -0.0012  -0.0076
 -0.0566  -0.0662   0.0317   0.0477  -0.0031   0.0175
 -0.0682  -0.0589   0.0337   0.0418   0.0000   0.0750
 -0.0824  -0.0603   0.0441   0.0549   0.0069   0.0618
 -0.0780  -0.0607   0.0455   0.0654   0.0233   0.0273
 -0.0790  -0.0330   0.0403   0.0356   0.0152  -0.0227
 -0.0794  -0.0465   0.0385   0.0270   0.0113   0.0140
 -0.0714  -0.0569   0.0371   0.0496   0.0157   0.0185
 -0.0818  -0.0598   0.0341   0.0481   0.0191   0.0496
 -0.0894  -0.0572   0.0269   0.0310   0.0228   0.0501
 -0.0876  -0.0511   0.0172   0.0224   0.0191  -0.0046
 -0.0848  -0.0480   0.0330   0.0076   0.0221  -0.0417
 -0.0826  -0.0636   0.0149   0.0330   0.0049  -0.0284
 -0.0821  -0.0832   0.0096   0.0360   0.0209   0.0365
 -0.0958  -0.0779   0.0303   0.0302   0.0253  -0.0274
 -0.1034  -0.0576   0.0413  -0.0017   0.0288   0.0046
 -0.0935  -0.0554   0.0220   0.0166   0.0338  -0.0690
 -0.0923  -0.0702   0.0259   0.0338   0.0416  -0.0259
 -0.0927  -0.0893   0.0313   0.0330   0.0356   0.0370
 -0.1054  -0.0856   0.0201   0.0496   0.0386   0.0643
 -0.1149  -0.0445   0.0250   0.0271   0.0328  -0.0378
 -0.1106  -0.0542   0.0204   0.0108   0.0290  -0.0648
 -0.0999  -0.0793   0.0141   0.0436   0.0288  -0.0376
 -0.1018  -0.0863   0.0127   0.0518   0.0248   0.0095
 -0.1035  -0.0754   0.0226   0.0348   0.0293  -0.0116
 -0.1087  -0.0709   0.0201   0.0201   0.0294  -0.0043
 -0.1013  -0.0429   0.0274  -0.0054   0.0285   0.0250
 -0.1030  -0.0477   0.0315   0.0056   0.0344  -0.0905
 -0.0959  -0.0662   0.0235   0.0172   0.0349  -0.0304
 -0.0959  -0.0755   0.0244   0.0221   0.0354   0.0847
 -0.1128  -0.0746   0.0096   0.0178   0.0352  -0.0820
 -0.1290  -0.0661   0.0211  -0.0152   0.0515  -0.0302
 -0.1304  -0.0847   0.0125  -0.0027   0.0416  -0.1067
 -0.1331  -0.0911   0.0138   0.0200   0.0401  -0.0244
 -0.1346  -0.0951   0.0196   0.0362   0.0444   0.0263
 -0.1375  -0.0989   0.0225   0.0212   0.0423   0.0076
 -0.1392  -0.0897   0.0149   0.0312   0.0390  -0.0100
 -0.1396  -0.0785   0.0232  -0.0018   0.0437  -0.0646
 -0.1386  -0.0946   0.0205   0.0063   0.0367  -0.0416
 -0.1334  -0.0965   0.0275   0.0136   0.0363  -0.0372
 -0.1414  -0.1080   0.0249   0.0103   0.0305  -0.0155
 -0.1461  -0.1016   0.0203  -0.0019   0.0280   0.0287
 -0.1482  -0.0846   0.0089  -0.0395   0.0254  -0.0113
 -0.1436  -0.0803   0.0008  -0.0312   0.0279  -0.0262
 -0.1514  -0.0915   0.0152  -0.0369   0.0375  -0.0903
 -0.1560  -0.0857   0.0094  -0.0700   0.0342  -0.0673
 -0.1548  -0.0811   0.0008  -0.0787   0.0359  -0.0031
 -0.1575  -0.0819  -0.0050  -0.0641   0.0387  -0.0996
 -0.1518  -0.0844  -0.0057  -0.0617   0.0503  -0.0376
 -0.1624  -0.0919  -0.0093  -0.0764   0.0370  -0.0351
 -0.1667  -0.1017  -0.0171  -0.0864   0.0230  -0.0434
 -0.1677  -0.0989  -0.0123  -0.0983   0.0194  -0.0695
 -0.1790  -0.0891  -0.0191  -0.1042   0.0086  -0.0677
 -0.1793  -0.0720  -0.0170  -0.1232   0.0200  -0.1162
 -0.1770  -0.0765  -0.0186  -0.1226   0.0165  -0.1668
 -0.1779  -0.0985  -0.0310  -0.1245   0.0013  -0.0750
 -0.1777  -0.0854  -0.0392  -0.0868  -0.0008  -0.0604
