 -0.1356   0.3189  -0.2039  -0.2749  -0.1348   0.0382
 -0.1369   0.2844  -0.1743  -0.1514  -0.1429   0.0344
 -0.1316   0.3226  -0.1924  -0.2477  -0.1408   0.0519
 -0.1176   0.2828  -0.1538  -0.1539  -0.1300   0.0108
 -0.1390   0.2991  -0.1600  -0.1792  -0.1326   0.0398
 -0.1477   0.2885  -0.1595  -0.2203  -0.1438   0.0351
 -0.1471   0.2763  -0.1613  -0.1012  -0.1616   0.0273
 -0.0777   0.4981  -0.1395  -0.3205  -0.0926   0.0618
 -0.0848   0.3605  -0.1478  -0.1450  -0.1211  -0.0052
 -0.0694   0.3438  -0.1617  -0.1959  -0.1167   0.0346
 -0.0830   0.3396  -0.1545  -0.2032  -0.1124   0.0254
 -0.0806   0.3042  -0.1446  -0.1186  -0.1153   0.0205
 -0.0853   0.3226  -0.1399  -0.1329  -0.1191   0.0537
 -0.0931   0.3032  -0.1413  -0.1978  -0.1067   0.0529
 -0.0727   0.2610  -0.1221  -0.1381  -0.1091   0.0228
 -0.0732   0.2584  -0.1152  -0.1297  -0.1057   0.0464
 -0.0787   0.2659  -0.1219  -0.1926  -0.0963   0.0340
 -0.0542   0.2355  -0.1265  -0.0998  -0.1087   0.0039
 -0.0562   0.2552  -0.1415  -0.1014  -0.1111   0.0225
 -0.0726   0.2668  -0.1408  -0.1697  -0.1085   0.0103
 -0.0660   0.2383  -0.1277  -0.0660  -0.1195  -0.0006
 -0.0674   0.2629  -0.1363  -0.1507  -0.1081   0.0529
 -0.0693   0.2470  -0.1266  -0.1467  -0.0995   0.0286
 -0.0608   0.2343  -0.1239  -0.0981  -0.1028   0.0172
 -0.0882   0.2506  -0.1313  -0.1940  -0.0954   0.0463
 -0.0662   0.2345  -0.1220  -0.0949  -0.0981   0.0132
 -0.0683   0.2104  -0.1186  -0.1303  -0.0872   0.0272
 -0.0712   0.2066  -0.1153  -0.0774  -0.0907   0.0062
 -0.0781   0.2336  -0.1217  -0.1104  -0.0891   0.0641
 -0.0756   0.2091  -0.1201  -0.1009  -0.0898   0.0234
 -0.0809   0.2375  -0.1319  -0.1629  -0.0918   0.0439
 -0.0725   0.2374  -0.1196  -0.1662  -0.0859  -0.0057
 -0.0660   0.1828  -0.1059   0.0464  -0.0968  -0.0087
 -0.0419   0.1809  -0.0840   0.0973  -0.0914   0.0481
 -0.0370   0.1844  -0.0689  -0.0616  -0.0942   0.0732
 -0.0464   0.1711  -0.0689  -0.0695  -0.0532   0.0546
 -0.0532   0.1499  -0.0643   0.0150  -0.0699   0.0225
 -0.0525   0.1604  -0.0720   0.0666  -0.0661   0.0309
 -0.0415   0.1307  -0.0642   0.1155  -0.0734   0.0384
 -0.0678   0.0976  -0.0726  -0.0287  -0.0499   0.0779
 -0.0741   0.0633  -0.0672   0.0881  -0.0566   0.0278
 -0.0750   0.0515  -0.0778   0.0026  -0.0559   0.0570
 -0.0743   0.0888  -0.0824  -0.0091  -0.0566   0.0722
 -0.0709   0.0535  -0.0710   0.0212  -0.0573   0.0514
 -0.0677   0.0849  -0.0762  -0.0002  -0.0515   0.0565
 -0.0488   0.0712  -0.0631   0.0466  -0.0571   0.0074
 -0.0651   0.0671  -0.0660   0.0223  -0.0515   0.0438
 -0.0717   0.0673  -0.0527  -0.0340  -0.0489   0.0393
 -0.0657   0.0592  -0.0501  -0.0039  -0.0517   0.0345
 -0.0737   0.0416  -0.0581   0.0381  -0.0569   0.0480
 -0.0780   0.0236  -0.0586  -0.0084  -0.0483   0.0554
 -0.0759   0.0139  -0.0479   0.0504  -0.0589   0.0378
 -0.0758   0.0255  -0.0595   0.0194  -0.0495   0.0699
 -0.0777   0.0089  -0.0615  -0.0564  -0.0491   0.0585
 -0.0853   0.0047  -0.0623   0.0200  -0.0532   0.0616
 -0.0875   0.0140  -0.0727  -0.0190  -0.0432   0.0791
 -0.0960   0.0025  -0.0704  -0.0684  -0.0425   0.0528
 -0.0927   0.0044  -0.0734   0.0150  -0.0513   0.0396
 -0.0669   0.0183  -0.0650   0.0126  -0.0415   0.0324
 -0.0714  -0.0102  -0.0587  -0.0119  -0.0263   0.0457
 -0.0825  -0.0283  -0.0459   0.0764  -0.0255   0.0591
 -0.0745  -0.0462  -0.0543   0.0069  -0.0234   0.0747
 -0.0801  -0.0796  -0.0127   0.0277  -0.0187   0.0502
 -0.0674  -0.0682  -0.0186   0.0359  -0.0198   0.0536
 -0.0706  -0.0720  -0.0295   0.0012  -0.0273   0.0635
 -0.0809  -0.0964  -0.0217   0.1335  -0.0317   0.0536
 -0.0322   0.1941  -0.0865  -0.2628  -0.0231   0.1435
 -0.0164   0.0785  -0.0713  -0.0240  -0.0267   0.0007
 -0.0292  -0.0145  -0.0305  -0.0721  -0.0152   0.0152
 -0.0170  -0.0240  -0.0014   0.1344  -0.0058  -0.0108
 -0.0285   0.0218  -0.0086   0.0387  -0.0183   0.0754
 -0.0135   0.0014   0.0336   0.1433  -0.0096   0.0068
 -0.0109  -0.0181   0.0332   0.0714   0.0005   0.0491
 -0.0112  -0.0444   0.0403   0.1582   0.0051   0.0185
 -0.0185  -0.0349   0.0547   0.1444   0.0189   0.0562
 -0.0340  -0.0474   0.0252   0.1367   0.0236   0.0564
 -0.0196  -0.0653   0.0363   0.1655   0.0191   0.0417
 -0.0147  -0.0617   0.0486   0.1521   0.0143   0.0536
 -0.0025  -0.0734   0.0647   0.1398   0.0226   0.0300
 -0.0052  -0.0900   0.0574   0.1038   0.0286   0.0330
 -0.0117  -0.0936   0.0609   0.1349   0.0309   0.0194
 -0.0110  -0.0761   0.0568   0.1335   0.0218   0.0022
 -0.0081  -0.0905   0.0542   0.1064   0.0218   0.0404
 -0.0066  -0.1005   0.0596   0.1008   0.0165   0.0096
 -0.0048  -0.0998   0.0640   0.1167   0.0199   0.0116
 -0.0065  -0.0946   0.0616   0.0856   0.0263  -0.0161
  0.0031  -0.1012   0.0563   0.1054   0.0298  -0.0039
  0.0023  -0.1263   0.0552   0.0343   0.0400   0.0082
  0.0010  -0.1440   0.0627   0.1199   0.0358   0.0092
  0.0126  -0.1319   0.0578   0.0703   0.0443   0.0297
 -0.0038  -0.1357   0.0503   0.0195   0.0496   0.0059
  0.0171  -0.0640  -0.0092   0.0487   0.0583   0.0033
 -0.0631   0.2212  -0.1091  -0.0992  -0.0527   0.0819
  0.0284  -0.1409  -0.0889   0.1025   0.0119   0.0089
  0.0634   0.0716  -0.0499   0.0859   0.0420   0.0258
  0.0491   0.0192  -0.0117   0.0651   0.0290   0.0084
  0.0570  -0.0158  -0.0012   0.0226   0.0103  -0.0075
  0.0277  -0.1568  -0.0555  -0.0192  -0.0010   0.0410
  0.0621  -0.2050   0.0264   0.0905   0.0286  -0.0250
  0.0565  -0.1724   0.0448   0.0984   0.0302   0.0079
  0.0597  -0.1673   0.0487   0.0590   0.0354  -0.0134
  0.0769  -0.1763   0.0729   0.1699   0.0386  -0.0508
  0.0684  -0.1652   0.0595   0.0663   0.0403  -0.0126
  0.0774  -0.1778   0.0647   0.0731   0.0408  -0.0595
  0.0563  -0.0607   0.0479   0.0879   0.0588  -0.0295
  0.0867  -0.1004   0.0725   0.0415   0.0675  -0.0279
  0.0906  -0.1255   0.0804   0.0797   0.0581  -0.0653
  0.0734  -0.1239   0.1071   0.1543   0.0557  -0.0424
  0.0845  -0.1182   0.1059   0.0791   0.0693  -0.0633
  0.0914  -0.1303   0.1192   0.1030   0.0719  -0.0704
  0.0988  -0.1233   0.1242   0.1151   0.0686  -0.0602
  0.0917  -0.1283   0.1139   0.0364   0.0764  -0.0650
  0.1008  -0.1366   0.1306   0.1134   0.0704  -0.0788
  0.0949  -0.1429   0.1129   0.0841   0.0753  -0.0432
  0.0861  -0.1436   0.1088   0.0222   0.0847  -0.0474
  0.0935  -0.1332   0.1218   0.0914   0.0750  -0.0798
  0.0914  -0.1280   0.1200   0.0801   0.0730  -0.0697
  0.0841  -0.1341   0.1131   0.0066   0.0860  -0.0608
  0.0890  -0.1431   0.1245   0.0956   0.0785  -0.0870
  0.0901  -0.1340   0.1222   0.0485   0.0863  -0.0468
  0.0886  -0.1533   0.1237   0.0128   0.0900  -0.0771
  0.0863  -0.1528   0.1182   0.0825   0.0859  -0.0587
  0.0880  -0.1180   0.1132  -0.0349   0.1038  -0.0571
  0.1013  -0.1517   0.1113   0.0298   0.0983  -0.0862
  0.0994  -0.1498   0.1009  -0.0405   0.1127  -0.0582
  0.1072  -0.1729   0.1239   0.0265   0.1003  -0.0681
  0.0983  -0.1650   0.1112   0.0371   0.1035  -0.0397
  0.0993  -0.1551   0.1111  -0.0133   0.1017  -0.0516
  0.0999  -0.1765   0.1217   0.0370   0.0985  -0.0816
  0.1039  -0.1671   0.1180   0.0496   0.0949  -0.0644
  0.1028  -0.1610   0.1137   0.0211   0.1024  -0.0571
  0.0806  -0.1696   0.1131   0.0177   0.1043  -0.0673
  0.1074  -0.1671   0.1158   0.0467   0.0961  -0.0615
  0.0977  -0.1703   0.1095  -0.0129   0.0996  -0.0523
  0.1014  -0.1738   0.1260  -0.0134   0.1001  -0.0783
  0.0989  -0.1716   0.1101   0.0013   0.0936  -0.0888
  0.1060  -0.2074   0.1291   0.0571   0.0970  -0.1039
  0.1041  -0.1937   0.1109   0.0170   0.0936  -0.1031
  0.0967  -0.2006   0.1217  -0.0087   0.1119  -0.1067
  0.1112  -0.2130   0.1375   0.0923   0.1013  -0.0994
  0.1044  -0.1930   0.1303  -0.0231   0.1109  -0.0701
  0.1223  -0.2106   0.1349   0.0443   0.1102  -0.0958
  0.1062  -0.2033   0.1297  -0.0363   0.1184  -0.0655
  0.1185  -0.2193   0.1417   0.0479   0.1066  -0.0989
  0.1171  -0.2107   0.1320   0.0059   0.1070  -0.0658
  0.1005  -0.2463   0.1265  -0.0172   0.1175  -0.0734
  0.1236  -0.2140   0.1508   0.0562   0.0998  -0.0869
  0.0816  -0.0534   0.0947  -0.2398   0.1362  -0.0114
  0.1067  -0.2163   0.1232   0.0102   0.1225  -0.0945
  0.1196  -0.1997   0.1213  -0.0552   0.1277  -0.0613
  0.1127  -0.2123   0.1302  -0.0652   0.1306  -0.1036
  0.1267  -0.2103   0.1223  -0.0543   0.1337  -0.0889
