 -0.0449  -0.3876   0.1039   0.3949   0.0740   0.3491
 -0.0102  -0.4417   0.1111   0.6332  -0.0302   0.3579
  0.0051  -0.3952   0.0906   0.6574  -0.0044   0.3155
 -0.0025  -0.3586   0.0800   0.6357   0.0208   0.2803
 -0.0065  -0.3747   0.0735   0.6860  -0.0010   0.2903
 -0.0103  -0.3756   0.0803   0.6451   0.0231   0.2726
 -0.0096  -0.3879   0.0827   0.6955  -0.0055   0.2865
 -0.0208  -0.3621   0.0794   0.6695   0.0122   0.2688
 -0.0851   0.6895  -0.2031   1.4671  -0.5082   0.1859
  0.0176   0.3625  -0.0512   0.0273  -0.1095   0.0010
  0.0690   0.2267  -0.0171  -0.0721   0.0012  -0.0136
  0.0706   0.2154  -0.0194  -0.0417   0.0078  -0.0120
 -0.0038   0.1656  -0.0343  -0.0100  -0.0047   0.0111
  0.0396   0.1763  -0.0245  -0.0197   0.0140   0.0099
  0.0462   0.1779  -0.0256  -0.0037   0.0208   0.0124
  0.0645   0.1510  -0.0121   0.0376  -0.0395   0.0284
  0.0654   0.1716  -0.0445   0.0664  -0.0060   0.0192
  0.0642   0.1491  -0.0164   0.0913  -0.0317   0.0211
  0.0763   0.1383  -0.0145   0.0947  -0.0219   0.0234
  0.0709   0.1580  -0.0269   0.0682   0.0039   0.0080
  0.0625   0.1339  -0.0057   0.0387  -0.0099   0.0061
  0.0611   0.1560  -0.0114   0.0306   0.0008   0.0026
  0.0585   0.1765   0.0050   0.0003  -0.0045  -0.0070
  0.0622   0.1667   0.0019  -0.0083  -0.0129  -0.0150
  0.0668   0.1681  -0.0104   0.0078   0.0103  -0.0088
  0.0653   0.1460  -0.0021   0.0021   0.0122  -0.0042
  0.0863   0.0969   0.0130   0.0277  -0.0160   0.0166
  0.0938   0.1294  -0.0020  -0.0000   0.0154   0.0050
  0.0893   0.1282   0.0076  -0.0017   0.0020   0.0108
  0.0944   0.1265   0.0039   0.0141  -0.0011   0.0114
  0.0850   0.1297  -0.0018  -0.0036   0.0188   0.0038
  0.1018   0.0900   0.0151   0.0051  -0.0067   0.0178
  0.0934   0.0420   0.0220   0.0249   0.0010   0.0327
  0.0901   0.0626   0.0309  -0.0270   0.0111   0.0163
  0.0925   0.0717   0.0140   0.0052   0.0012   0.0197
  0.0876   0.0764   0.0073  -0.0079   0.0169   0.0188
  0.0821   0.0797   0.0151  -0.0271   0.0253   0.0109
  0.0946   0.0826   0.0082   0.0174   0.0223   0.0155
  0.0903   0.0928  -0.0003  -0.0253   0.0431   0.0055
  0.0942   0.0876   0.0032   0.0242   0.0169  -0.0017
  0.0973   0.0900   0.0022   0.0202   0.0314   0.0064
  0.0808   0.0907  -0.0008  -0.0150   0.0420   0.0042
  0.0978   0.0757   0.0126   0.0538   0.0132   0.0186
  0.0887   0.0805   0.0057   0.0304   0.0369   0.0132
  0.0872   0.0790   0.0133   0.0224   0.0258   0.0099
  0.0798   0.0065   0.0320  -0.0578  -0.0285   0.0193
  0.0826   0.0545   0.0067  -0.0891   0.0327   0.0107
  0.0951   0.0039   0.0264  -0.1563  -0.0197   0.0145
  0.0614   0.0511   0.0474  -0.0791   0.0251   0.0134
  0.0693   0.0616   0.0296  -0.1011   0.0364  -0.0012
  0.0612   0.0504   0.0337  -0.0983   0.0478   0.0033
  0.0327   0.0298   0.0730  -0.1099   0.0313   0.0098
  0.0546   0.0452   0.0384  -0.0555   0.0235   0.0144
  0.0362   0.0582   0.0219  -0.0527   0.0421   0.0068
  0.0521   0.0512   0.0282  -0.0367   0.0266   0.0030
  0.0526   0.0597   0.0221  -0.0204   0.0356  -0.0015
  0.0548   0.0724   0.0251  -0.0563   0.0673  -0.0101
  0.0619   0.0449   0.0313  -0.0292   0.0194  -0.0016
  0.0540   0.0535   0.0271  -0.0309   0.0305  -0.0082
  0.0482   0.0617   0.0205  -0.0539   0.0447  -0.0150
  0.0531   0.0714   0.0270  -0.0725   0.0379  -0.0147
  0.0592   0.0454   0.0318  -0.0356   0.0294   0.0002
  0.0072   0.1027   0.0040  -0.0774   0.0406  -0.0226
  0.0312   0.0723   0.0242  -0.0845   0.0487  -0.0170
  0.0450   0.0499   0.0257  -0.0640   0.0197  -0.0054
  0.0462   0.0656   0.0212  -0.0786   0.0231  -0.0126
  0.0320   0.0747   0.0109  -0.1001   0.0497  -0.0158
  0.0415   0.0503   0.0220  -0.0777   0.0190  -0.0120
  0.0332   0.0677   0.0213  -0.0706   0.0304  -0.0141
  0.0149   0.0711   0.0192  -0.0899   0.0334  -0.0191
  0.0293   0.0539   0.0288  -0.0917   0.0234  -0.0149
  0.0438   0.0645   0.0097   0.0133  -0.0074  -0.0023
 -0.0052   0.1002   0.0687   0.0369   0.0227  -0.0069
  0.0362   0.1072   0.0488  -0.0951   0.0709  -0.0389
  0.0392   0.0891   0.0579  -0.0452   0.0457  -0.0286
  0.0306   0.0967   0.0561  -0.0947   0.0797  -0.0324
  0.0308   0.0904   0.0652  -0.0827   0.0667  -0.0356
  0.0330   0.0807   0.0669  -0.0663   0.0530  -0.0289
  0.0296   0.1069   0.0610  -0.0798   0.0874  -0.0350
  0.0418   0.0738   0.0716  -0.0626   0.0767  -0.0252
  0.0321   0.0907   0.0660  -0.0487   0.0783  -0.0332
  0.0324   0.0991   0.0680  -0.0666   0.0951  -0.0369
  0.0180   0.0771   0.1424   0.2118   0.0546  -0.0060
 -0.0229   0.0521   0.1262   0.2501   0.0230  -0.0091
 -0.0015   0.0870   0.0770   0.0185   0.0758  -0.0303
 -0.0005   0.1042   0.0654  -0.0025   0.1017  -0.0284
  0.0079   0.1108   0.0651  -0.0346   0.1099  -0.0461
  0.0149   0.1087   0.0662   0.0108   0.0874  -0.0418
  0.0080   0.1019   0.0596   0.0028   0.0986  -0.0318
  0.0066   0.1156   0.0535  -0.0204   0.1192  -0.0420
  0.0004   0.1096   0.0580   0.0220   0.0875  -0.0431
  0.0036   0.1207   0.0537   0.0032   0.1067  -0.0377
  0.0034   0.1163   0.0502  -0.0007   0.1081  -0.0431
  0.0174   0.1009   0.0679   0.0706   0.0688  -0.0236
  0.0164   0.1320   0.0523  -0.0265   0.1135  -0.0366
  0.0474   0.2379   0.0509  -0.2442   0.1078  -0.0934
  0.0646   0.1399   0.0872  -0.1086   0.1030  -0.0614
  0.1136   0.2013   0.1210  -0.1949   0.0901  -0.0827
 -0.3154  -0.0732  -0.3500   0.0844  -0.3652   0.0213
 -0.0531   0.0631  -0.0640  -0.0726  -0.1022  -0.0325
 -0.0219   0.0673  -0.0207  -0.0441  -0.0727  -0.0388
  0.0099   0.0279  -0.0531   0.0239  -0.0682  -0.0289
 -0.0113   0.0487  -0.0148   0.0481  -0.0827  -0.0183
  0.0297   0.0986   0.0154  -0.1043  -0.0485  -0.0603
  0.0252   0.0231   0.0398   0.1002  -0.0715  -0.0268
 -0.0861  -0.0420  -0.0648   0.2268  -0.2359   0.0035
 -0.0693  -0.0120  -0.0616   0.1701  -0.1790  -0.0108
 -0.0439   0.0310  -0.0757   0.0577  -0.1333  -0.0161
 -0.0590   0.0124  -0.0824   0.0643  -0.1360  -0.0295
 -0.0057   0.0447  -0.0468  -0.0364  -0.0807  -0.0350
 -0.0135   0.0572  -0.0295  -0.0416  -0.0584  -0.0361
 -0.0092   0.0763  -0.0361  -0.0825  -0.0345  -0.0470
 -0.0057   0.0643  -0.0336  -0.0331  -0.0594  -0.0415
 -0.0009   0.0804  -0.0426  -0.0618  -0.0378  -0.0463
 -0.0077   0.0664  -0.0486  -0.0498  -0.0505  -0.0460
  0.0021   0.0615  -0.0489  -0.0298  -0.0592  -0.0381
  0.0003   0.0807  -0.0579  -0.0509  -0.0515  -0.0521
 -0.0010   0.0677  -0.0443  -0.0656  -0.0529  -0.0460
  0.0004   0.0674  -0.0467  -0.0415  -0.0650  -0.0431
 -0.0076   0.0864  -0.0511  -0.0633  -0.0435  -0.0474
 -0.0019   0.0814  -0.0521  -0.0757  -0.0528  -0.0595
  0.0011   0.0835  -0.0447  -0.0452  -0.0630  -0.0497
 -0.0140   0.0912  -0.0564  -0.0606  -0.0468  -0.0556
 -0.0016   0.0910  -0.0522  -0.0836  -0.0501  -0.0584
 -0.0146   0.0342  -0.0479  -0.0946  -0.0987  -0.0468
 -0.0122   0.0769  -0.0515  -0.1008  -0.0471  -0.0626
 -0.0023   0.0669  -0.0525  -0.1011  -0.0488  -0.0579
 -0.0096   0.0678  -0.0484  -0.0452  -0.0681  -0.0581
 -0.0156   0.0861  -0.0515  -0.0707  -0.0499  -0.0601
 -0.0086   0.0823  -0.0404  -0.0907  -0.0448  -0.0551
 -0.0159   0.0811  -0.0469  -0.0405  -0.0605  -0.0551
 -0.0147   0.1116  -0.0668  -0.1275  -0.0253  -0.0640
  0.0064   0.0958  -0.0118  -0.1422  -0.0305  -0.0659
  0.0117   0.0818  -0.0193  -0.0244  -0.0629  -0.0514
 -0.4104  -0.9784   0.0249   0.6492  -0.3242   0.3672
 -0.1899  -0.5882   0.0316   0.0605  -0.0627   0.1537
 -0.1411  -0.4989   0.0312  -0.0034  -0.0390   0.0972
 -0.1778  -0.4094  -0.0577   0.0540  -0.0820   0.0774
 -0.1226  -0.2884  -0.0105   0.0242  -0.0360   0.0576
 -0.1076  -0.2059  -0.0290  -0.0704   0.0152   0.0148
 -0.0615  -0.2445  -0.0255  -0.0388  -0.0095   0.0134
 -0.1153  -0.2272  -0.0377  -0.0353  -0.0268   0.0107
 -0.1173  -0.1784  -0.0279  -0.0936  -0.0031  -0.0133
 -0.0963  -0.1975  -0.0288  -0.0370  -0.0292  -0.0008
 -0.0816  -0.1913  -0.0390  -0.0727  -0.0045   0.0072
 -0.0791  -0.1949  -0.0371  -0.0960   0.0095  -0.0028
 -0.0722  -0.2184  -0.0165  -0.0395  -0.0152   0.0013
 -0.0707  -0.1962  -0.0182  -0.0766   0.0019   0.0024
 -0.0687  -0.1773  -0.0143  -0.0916   0.0197  -0.0068
 -0.0587  -0.1842  -0.0114  -0.0814   0.0105  -0.0119
 -0.0565  -0.1926  -0.0128  -0.0540   0.0077   0.0030
 -0.0622  -0.1805  -0.0163  -0.0898   0.0286  -0.0045
 -0.0638  -0.1856  -0.0170  -0.0907   0.0185  -0.0104
 -0.0602  -0.1866  -0.0028  -0.0539   0.0077   0.0039
 -0.0635  -0.1749  -0.0141  -0.0768   0.0194  -0.0110
 -0.0587  -0.1635  -0.0222  -0.0987   0.0258  -0.0203
 -0.0577  -0.1691  -0.0120  -0.0813   0.0009  -0.0184
 -0.0541  -0.1802  -0.0068  -0.0428   0.0034  -0.0075
 -0.0612  -0.1530  -0.0240  -0.0807   0.0282  -0.0176
 -0.0648  -0.1546  -0.0189  -0.0538   0.0064  -0.0167
 -0.0550  -0.1538  -0.0183  -0.0280   0.0031  -0.0083
 -0.0636  -0.1520  -0.0244  -0.0653   0.0141  -0.0160
 -0.0579  -0.1489  -0.0115  -0.0714   0.0074  -0.0187
 -0.0576  -0.1681  -0.0173  -0.0437  -0.0054  -0.0094
 -0.0696  -0.1476  -0.0222  -0.0734   0.0170  -0.0210
 -0.0725  -0.1397  -0.0195  -0.1176   0.0314  -0.0340
 -0.0643  -0.1586  -0.0152  -0.0877   0.0130  -0.0274
 -0.0762  -0.1513  -0.0232  -0.0927   0.0197  -0.0251
 -0.0751  -0.1420  -0.0343  -0.1301   0.0265  -0.0352
 -0.0715  -0.1438  -0.0255  -0.1125   0.0223  -0.0316
 -0.0661  -0.1535  -0.0239  -0.0855   0.0040  -0.0199
 -0.0680  -0.1327  -0.0358  -0.1379   0.0386  -0.0332
 -0.0661  -0.1371  -0.0297  -0.0906   0.0061  -0.0305
 -0.0649  -0.1206  -0.0380  -0.1105   0.0330  -0.0352
 -0.0690  -0.1250  -0.0345  -0.1310   0.0384  -0.0394
 -0.0752  -0.1357  -0.0247  -0.0787   0.0246  -0.0293
 -0.0769  -0.1201  -0.0407  -0.1210   0.0532  -0.0397
 -0.0698  -0.1216  -0.0322  -0.1150   0.0305  -0.0469
 -0.0725  -0.1484  -0.0222  -0.0769   0.0143  -0.0248
 -0.1288  -0.2437   0.0460  -0.0772  -0.0206  -0.0000
