 -0.1161  -0.0548   0.1358  -0.6704  -0.3588  -0.2679
 -0.1584   0.0727   0.1482  -0.6047  -0.3840  -0.3889
 -0.1673   0.0830   0.1434  -0.5816  -0.3821  -0.1272
 -0.1614   0.1061   0.1146  -0.5806  -0.3757  -0.2347
 -0.1744   0.1128   0.0985  -0.5744  -0.3923  -0.3154
 -0.1627   0.1370   0.0889  -0.5722  -0.3797  -0.2982
 -0.1452   0.1445   0.0995  -0.5827  -0.3442  -0.2268
 -0.1650   0.0679   0.1099  -0.5412  -0.3707  -0.3236
 -0.2186  -0.0557   0.0626  -0.7041  -0.4655  -0.0760
 -0.1670  -0.0533   0.0326  -0.6313  -0.4902   0.0679
 -0.1415  -0.0978   0.0785  -0.4047  -0.5049   0.2158
 -0.2485  -0.1217   0.1545  -0.6952  -0.5743   0.2943
 -0.1648  -0.1901   0.0515  -0.4956  -0.6556   0.2014
 -0.2181  -0.1406  -0.0775  -0.6745  -0.6637   0.5672
 -0.2108  -0.1245  -0.0722  -0.8401  -0.7225   0.6667
 -0.1777   0.1832  -0.0551  -0.9208  -0.7069   0.1938
 -0.2357  -0.0020  -0.0875  -1.1284  -0.7484   0.2116
 -0.2953  -0.0326  -0.1316  -0.8833  -0.8328   0.0899
 -0.2498   0.0177  -0.0376  -0.9535  -0.7566  -0.0248
 -0.2093   0.0590   0.0021  -0.9359  -0.6858   0.0056
 -0.1818   0.0141   0.0128  -0.8788  -0.6438  -0.0358
 -0.1711   0.0159   0.0100  -0.8570  -0.6297  -0.0532
 -0.1677  -0.0196   0.0079  -0.7142  -0.6242  -0.0597
 -0.1734   0.0358  -0.0284  -0.5390  -0.4943   0.0313
 -0.1486  -0.0777  -0.0039  -0.5827  -0.5258  -0.0437
 -0.1249   0.0123   0.0166  -0.3478  -0.5081  -0.1884
 -0.1103  -0.0449  -0.0124  -0.4301  -0.4834   0.1785
 -0.1063  -0.0763  -0.0064  -0.3799  -0.4814   0.0034
 -0.1490  -0.0425  -0.0172  -0.3923  -0.5275   0.0402
 -0.1311  -0.0317  -0.0686  -0.3125  -0.5243  -0.1730
 -0.1080  -0.0273  -0.0152  -0.4267  -0.4461   0.1498
 -0.1148  -0.0786  -0.0300  -0.3429  -0.4300  -0.1096
 -0.1240  -0.0566  -0.0069  -0.3492  -0.4406   0.0936
 -0.1212  -0.0951  -0.0105  -0.2828  -0.4523  -0.0125
 -0.1217  -0.0543  -0.0051  -0.3273  -0.4535   0.0377
 -0.1170  -0.1081   0.0038  -0.2632  -0.4557  -0.0088
 -0.1373  -0.1134   0.0597  -0.2036  -0.4252  -0.0812
 -0.1057  -0.1724   0.0465  -0.2576  -0.4395   0.2220
 -0.0725  -0.2434   0.0154  -0.0456  -0.3682  -0.0038
 -0.0596  -0.1378   0.0116  -0.1632  -0.3527   0.1600
 -0.0561  -0.1826   0.0014  -0.1026  -0.3670   0.0827
 -0.0677  -0.1687  -0.0061  -0.1259  -0.3501   0.0669
 -0.0789  -0.1858  -0.0077  -0.1171  -0.3494   0.0325
 -0.0615  -0.1596  -0.0130  -0.0749  -0.3213  -0.0908
 -0.0420  -0.2272   0.0499  -0.0446  -0.2798   0.0326
 -0.0675  -0.1444   0.0263  -0.1215  -0.3325   0.0454
 -0.0553  -0.1591   0.0102  -0.1001  -0.3211   0.1902
 -0.0741  -0.2055  -0.0108  -0.0314  -0.3468   0.0193
 -0.0573  -0.1645  -0.0122  -0.0536  -0.3072   0.1124
 -0.0597  -0.1590  -0.0159  -0.0335  -0.3075   0.0227
 -0.0601  -0.1842  -0.0086  -0.0501  -0.3030   0.1363
 -0.0664  -0.2363  -0.0147   0.0529  -0.3600  -0.0107
 -0.0687  -0.1625  -0.0190  -0.0129  -0.3455   0.0644
 -0.0683  -0.1793  -0.0106  -0.0064  -0.3413   0.1628
 -0.0727  -0.1750  -0.0165   0.0157  -0.3484   0.0696
 -0.0774  -0.2057  -0.0132   0.0398  -0.3564   0.0393
 -0.1580  -0.2189   0.0191  -0.0954  -0.3551   0.0095
 -0.1067  -0.2641  -0.0069  -0.0778  -0.2791   0.2048
 -0.1196  -0.1932  -0.0510  -0.0124  -0.3030  -0.0682
 -0.0813  -0.1080  -0.0133  -0.1615  -0.2197   0.2604
 -0.0688  -0.1997  -0.0173  -0.0627  -0.2509  -0.0933
 -0.0576  -0.1242  -0.0229  -0.1200  -0.2154   0.1951
 -0.0731  -0.1551  -0.0018  -0.0426  -0.2721   0.0062
 -0.0601  -0.1170  -0.0119  -0.0921  -0.2064   0.0597
 -0.0643  -0.1598  -0.0160  -0.0758  -0.2094   0.0706
 -0.0655  -0.0928  -0.0009  -0.0753  -0.1715  -0.0999
 -0.0648  -0.0934  -0.0142  -0.1746  -0.1730   0.2055
 -0.0743  -0.1272  -0.0179  -0.0911  -0.2028  -0.1052
 -0.0741  -0.0892  -0.0160  -0.1317  -0.2028   0.1625
 -0.0881  -0.1400  -0.0226  -0.0502  -0.2390  -0.1102
 -0.0927  -0.0649  -0.0414  -0.1090  -0.2193   0.1645
 -0.1065  -0.1090  -0.0273  -0.0484  -0.2335   0.0230
 -0.1016  -0.0757  -0.0304  -0.0845  -0.2342   0.0098
 -0.0842  -0.1112  -0.0324  -0.0510  -0.2503   0.1028
 -0.0820  -0.0818  -0.0426  -0.0027  -0.2418   0.0308
 -0.0816  -0.0944  -0.0291  -0.0082  -0.2396   0.1009
 -0.0892  -0.1165  -0.0413   0.0351  -0.2504  -0.1633
 -0.0669  -0.0057  -0.0056  -0.1074  -0.1707   0.1932
 -0.0658   0.0215  -0.0058  -0.0995  -0.1668   0.0803
 -0.0737  -0.0226  -0.0182  -0.0161  -0.1823   0.0009
 -0.0847  -0.0593  -0.0127   0.0041  -0.2054  -0.0053
 -0.0793  -0.0505  -0.0322   0.0352  -0.2157  -0.1255
 -0.0748  -0.0699  -0.0082   0.0038  -0.1930   0.1648
 -0.0724  -0.0570  -0.0445   0.0436  -0.2057  -0.0957
 -0.0565  -0.0016  -0.0076  -0.0843  -0.1524   0.1936
 -0.0565  -0.0162   0.0076  -0.0238  -0.1984  -0.0870
 -0.0249   0.0729   0.0110  -0.1403  -0.1084   0.0598
 -0.0090   0.0873   0.0112  -0.0905  -0.0773  -0.0120
  0.0179   0.0930  -0.0157  -0.0756  -0.0074  -0.0409
 -0.0061  -0.0027  -0.0212   0.0065  -0.0482  -0.1147
 -0.0099   0.0382  -0.0181  -0.0367  -0.0462  -0.0245
 -0.0090   0.0104  -0.0025  -0.0759  -0.0605  -0.0420
 -0.1214  -0.1538   0.1227  -0.3671  -0.0138   0.0726
 -0.0857  -0.2675   0.0764  -0.1500  -0.0409   0.1199
 -0.0744  -0.1436   0.0360  -0.0763  -0.0555  -0.1099
 -0.0591  -0.1163   0.0422  -0.1246  -0.0676   0.2094
 -0.0789  -0.1375  -0.0090  -0.0469  -0.1333  -0.1057
 -0.0355  -0.0175  -0.0077  -0.1631  -0.0494   0.1717
 -0.0766  -0.0620  -0.0108  -0.0767  -0.1168  -0.0695
 -0.0420   0.0287  -0.0273  -0.1452  -0.0534   0.1300
 -0.0481  -0.0643  -0.0300  -0.0433  -0.1143  -0.1528
 -0.0488  -0.0094  -0.0255  -0.1382  -0.0749   0.0417
 -0.0404  -0.1849  -0.0431   0.0108  -0.1204  -0.3257
 -0.0130  -0.0209  -0.0147  -0.1027  -0.0498   0.2342
 -0.0191  -0.0605  -0.0241  -0.0275  -0.0355   0.2122
 -0.0303  -0.0993  -0.0653   0.0354  -0.0589   0.0438
 -0.0282  -0.0872  -0.0352   0.0059  -0.0409   0.0856
 -0.0595  -0.1151  -0.0665   0.0424  -0.1307  -0.2193
 -0.0397  -0.0447  -0.0650  -0.0243  -0.0703   0.1757
 -0.0305  -0.1047  -0.0420   0.0372  -0.0514  -0.0284
 -0.0241  -0.0714  -0.0483   0.0298  -0.0388   0.0669
 -0.0205  -0.1286  -0.0531   0.1014  -0.0305  -0.0647
 -0.0149  -0.0518  -0.0700   0.0600  -0.0406   0.0613
 -0.0212  -0.0296  -0.0593   0.0291  -0.0477   0.0780
 -0.0371  -0.0352  -0.0562   0.0344  -0.0368  -0.0010
 -0.0475  -0.0469  -0.0411  -0.0201  -0.0736  -0.0383
 -0.0444  -0.0569  -0.0360   0.0586  -0.0812  -0.0242
 -0.0351  -0.0569  -0.0439   0.0745  -0.0656   0.0450
 -0.0345  -0.0522  -0.0509   0.0631  -0.0557   0.0357
 -0.0398  -0.0605  -0.0584   0.0602  -0.0676  -0.0164
 -0.0621  -0.0718  -0.0438   0.0444  -0.0765  -0.0538
 -0.0614  -0.2019  -0.0878   0.2398  -0.0810  -0.4846
 -0.0483  -0.0387  -0.0730   0.1200  -0.1056   0.2407
 -0.0416  -0.0475  -0.0826   0.0461  -0.0795   0.1865
 -0.0375  -0.0450  -0.1039   0.1175  -0.0826  -0.0230
 -0.0456  -0.0429  -0.0764   0.1063  -0.0764   0.0853
 -0.0535  -0.0441  -0.0959   0.0915  -0.0739   0.0176
 -0.0715  -0.0424  -0.1007   0.0850  -0.0979   0.0585
 -0.0641  -0.0203  -0.1085   0.0725  -0.0845   0.0151
 -0.0578  -0.1112  -0.0911   0.1290  -0.0813   0.1161
 -0.1170  -0.0327  -0.0878   0.1993  -0.1187   0.0708
 -0.0896  -0.1416  -0.1740   0.1447  -0.0922   0.3061
 -0.0984  -0.0653  -0.1518   0.1927  -0.1372  -0.0755
 -0.0979  -0.0703  -0.1774   0.2557  -0.1182  -0.0572
 -0.0634  -0.0501  -0.1528   0.1380  -0.0531   0.3224
 -0.0772  -0.0924  -0.1641   0.1838  -0.0864  -0.0419
 -0.0610  -0.0491  -0.1626   0.1071  -0.0379   0.1074
 -0.0348  -0.0665  -0.1647   0.1253  -0.0200   0.0342
 -0.0504  -0.0696  -0.1676   0.1412  -0.0433   0.0055
 -0.0520  -0.0487  -0.1467   0.0954  -0.0347   0.1450
 -0.1410  -0.0814  -0.1144  -0.0141  -0.1121   0.0125
 -0.0948  -0.1720  -0.0889  -0.0500  -0.0606   0.1620
 -0.1113  -0.2311  -0.1755   0.2654  -0.1389   0.0031
 -0.0958  -0.3124  -0.1527   0.5667  -0.0460   0.1612
 -0.0942  -0.2063  -0.1772   0.4761  -0.0050  -0.1349
 -0.0362  -0.1775  -0.1293   0.2838   0.0316   0.1324
 -0.0228  -0.2062  -0.0810   0.4554  -0.0191  -0.0220
 -0.0329  -0.2565  -0.0965   0.4604   0.0589   0.0449
  0.0015  -0.2966  -0.0961   0.6100  -0.0309   0.0148
  0.0167  -0.3363  -0.0424   0.4788   0.0282   0.0730
 -0.0192  -0.2368   0.0000   0.3595   0.0197  -0.3095
  0.0323  -0.1235  -0.0147   0.3027   0.0488   0.1870
  0.0461  -0.1442   0.0042   0.3538   0.0882   0.0455
  0.0290  -0.1082   0.0096   0.3940   0.0652  -0.1798
  0.0430  -0.1255   0.0090   0.3927   0.0849   0.1782
  0.0560  -0.1395   0.0007   0.4164   0.1060   0.0143
  0.0707  -0.1363   0.0119   0.3876   0.1285   0.0398
  0.0698  -0.1347   0.0080   0.4008   0.1259   0.0292
  0.0601  -0.1414   0.0049   0.4206   0.1217   0.0432
  0.0573  -0.1334   0.0011   0.4161   0.1144   0.0405
  0.0354  -0.1306  -0.0065   0.4319   0.0992   0.0081
  0.0366  -0.2087   0.0002   0.5141   0.0782  -0.2268
  0.0602  -0.0753   0.0230   0.3745   0.1274   0.0238
  0.0487  -0.2340   0.0258   0.5239   0.1414  -0.3694
  0.0463  -0.0283   0.0471   0.4046   0.2100  -0.0199
  0.0344  -0.0590   0.0137   0.2680   0.1864   0.3463
  0.0135  -0.0489   0.0146   0.2661   0.1546  -0.0347
  0.0019  -0.0310   0.0266   0.2604   0.1418  -0.0003
 -0.0044  -0.0298   0.0236   0.2678   0.1349  -0.0200
  0.0033  -0.0343   0.0242   0.2425   0.1542  -0.0176
  0.0077  -0.0338   0.0228   0.2587   0.1519  -0.0742
  0.0110  -0.0527   0.0175   0.3165   0.1577  -0.0302
  0.0204  -0.0438   0.0205   0.3105   0.1618  -0.0302
  0.0222  -0.0571   0.0081   0.3150   0.1655  -0.0324
  0.0181  -0.0201  -0.0017   0.2916   0.1866  -0.0312
  0.0348   0.0373   0.0155   0.0295   0.1665   0.0349
  0.0411   0.1191   0.0006  -0.1529   0.1637   0.0736
  0.0145   0.0508   0.0089  -0.0036   0.1393  -0.0675
  0.0310   0.1054   0.0034  -0.0571   0.1355   0.0315
  0.0300   0.0309   0.0036   0.0336   0.1441  -0.0909
  0.0503   0.1585   0.0217  -0.0622   0.1969  -0.0223
 -0.0240   0.1550   0.0733  -0.0362   0.2230   0.0232
  0.0558  -0.0077   0.0275  -0.2490   0.2090   0.2360
  0.0619  -0.0237   0.0441  -0.0342   0.2361   0.1323
  0.0643   0.0522   0.0538  -0.0940   0.2409   0.1550
  0.0561   0.0665   0.0419  -0.0749   0.2202  -0.0193
  0.0657   0.0898   0.0478  -0.0718   0.2441   0.0683
  0.0681   0.0979   0.0439  -0.0484   0.2438  -0.0164
  0.0788   0.0970   0.0597  -0.0459   0.2604   0.0117
  0.0694   0.0333   0.0609   0.0228   0.2300  -0.1134
  0.0845   0.1254   0.0513  -0.0219   0.2548  -0.0421
  0.0575   0.1600   0.0813  -0.1066   0.2337   0.0698
  0.0430   0.1214   0.0558   0.0441   0.1877  -0.2142
  0.0660   0.1043   0.0622   0.0085   0.2268   0.1291
  0.0457   0.0517   0.0640   0.0857   0.2216  -0.1804
  0.0750   0.1183   0.0451  -0.0130   0.2407   0.0827
  0.0654   0.0681   0.0618   0.0447   0.2409   0.0148
  0.0658   0.1164   0.0553  -0.0293   0.2357   0.0166
  0.0625   0.0914   0.0550   0.0209   0.2358   0.0006
  0.0748   0.1161   0.0634  -0.0415   0.2473   0.0409
  0.0558   0.1159   0.0370   0.0122   0.2025  -0.0868
  0.0546   0.1107   0.0262   0.0075   0.1973   0.0642
  0.0433   0.0955   0.0169   0.0775   0.1707  -0.1003
  0.0636   0.1223   0.0524  -0.0289   0.2126   0.1172
  0.0513   0.0655   0.0292   0.0816   0.1878  -0.0862
  0.0448   0.1173   0.0343  -0.0463   0.1829   0.0842
  0.0460   0.0666   0.0370   0.0904   0.1849  -0.1136
  0.0497   0.0710   0.0617   0.0327   0.1792   0.0759
 -0.0025   0.1179   0.0741  -0.0153   0.2215  -0.0515
 -0.0133  -0.1132   0.0566   0.0592   0.1570   0.0956
  0.0670  -0.0170   0.0361   0.0464   0.2086  -0.0815
  0.0844   0.0569   0.0474  -0.1408   0.2410   0.1272
  0.0564   0.0577   0.0295  -0.0098   0.1962  -0.2015
  0.0341   0.0165   0.0761  -0.1029   0.1535   0.1043
  0.0679   0.0091   0.0328  -0.0848   0.1540  -0.1024
  0.0815   0.0660   0.0430  -0.1030   0.1937   0.0716
  0.0671   0.0392   0.0126  -0.0153   0.2016  -0.1895
  0.0951   0.0402   0.0215  -0.0469   0.2303   0.0871
  0.0844   0.0021   0.0159   0.0702   0.1834  -0.1784
  0.1125   0.0663   0.0181  -0.0093   0.2441   0.0996
  0.1163   0.0317   0.0164   0.0831   0.2179  -0.0439
  0.1254   0.0639   0.0270   0.0375   0.2505   0.0568
  0.0991   0.0257   0.0303   0.0926   0.2130  -0.0960
  0.1094   0.0760   0.0087   0.0351   0.2358   0.0284
  0.0994   0.0133   0.0199   0.1282   0.2045  -0.0254
  0.0986   0.0614   0.0168   0.0390   0.1948   0.0612
  0.0934   0.0207   0.0363   0.1267   0.1988  -0.0145
  0.0986   0.0555   0.0147   0.0610   0.2030   0.0229
  0.0951   0.0440   0.0344   0.1056   0.2032   0.0055
  0.1051   0.0582   0.0217   0.0904   0.2194  -0.0284
  0.1022   0.0454   0.0301   0.0596   0.2034   0.0719
  0.1012   0.0726   0.0166   0.1088   0.2103  -0.0855
  0.0824   0.1160   0.0482   0.0170   0.2166   0.1018
  0.0594   0.1442   0.0290   0.0759   0.1734  -0.1191
  0.0426   0.2326   0.0638  -0.0737   0.1864   0.0133
  0.0076   0.0884   0.0018   0.0299   0.0824  -0.2346
  0.0373   0.0849   0.0253  -0.0310   0.1157   0.0472
  0.0254   0.0245   0.0020   0.1011   0.0626  -0.2788
  0.0633   0.0766   0.0109   0.0306   0.1269   0.1126
  0.0496   0.0115   0.0060   0.0997   0.1267  -0.3137
  0.0880   0.1184   0.0338   0.0269   0.1963   0.0902
  0.0499  -0.0034   0.0388   0.0877   0.1676  -0.2909
  0.0873   0.1116   0.0312   0.0052   0.2145  -0.1058
  0.1018   0.0583   0.0407  -0.0304   0.2303   0.2671
  0.1035   0.0742   0.0291   0.0279   0.2459  -0.0053
  0.1002   0.0832   0.0422   0.0160   0.2328   0.0150
  0.1052   0.0868   0.0450   0.0435   0.2566  -0.0053
  0.1030   0.0727   0.0424   0.0730   0.2497  -0.0205
  0.1077   0.0771   0.0348   0.0552   0.2444  -0.0044
  0.1091  -0.0100   0.0252   0.2211   0.2429  -0.0186
  0.0591  -0.1223   0.0399   0.4148   0.2198  -0.1611
  0.0935   0.0016   0.0029   0.3897   0.2043  -0.0565
  0.0918  -0.0073   0.0399   0.3218   0.2165   0.0724
  0.0978   0.0639   0.0194   0.3383   0.2004  -0.1395
  0.0967   0.0613   0.0446   0.1436   0.2216   0.2316
  0.0683   0.0053   0.0119   0.3345   0.1739  -0.2211
  0.0820   0.0958   0.0309   0.0819   0.2098   0.1940
  0.0683   0.0775   0.0396   0.1321   0.1977   0.0161
  0.0851   0.0698   0.0417   0.1035   0.2165   0.0433
  0.0755   0.0825   0.0472   0.1178   0.2072   0.0148
  0.0750   0.0885   0.0488   0.0950   0.2081   0.0334
  0.0887   0.0732   0.0461   0.1346   0.2001  -0.0002
  0.0757   0.0740   0.0299   0.1674   0.2058   0.0321
  0.0715   0.0221   0.0413   0.2436   0.1961  -0.0585
  0.0860   0.0761   0.0447   0.1973   0.2162  -0.0327
  0.0827  -0.0321   0.0275   0.2718   0.2018  -0.0651
  0.0786   0.0567   0.0431   0.3769   0.2396  -0.3043
  0.1240   0.0486   0.0677   0.2812   0.2592   0.2946
  0.0957   0.0083   0.0231   0.4187   0.2060  -0.3063
  0.1297   0.0814   0.0463   0.2221   0.2741   0.2695
  0.1056   0.0412   0.0399   0.2408   0.2432   0.0933
  0.1166   0.0845   0.0374   0.1795   0.2761   0.0726
  0.1030   0.1041   0.0457   0.1680   0.2599   0.0237
  0.1094   0.1423   0.0578   0.0944   0.2784   0.0330
  0.1017   0.1633   0.0580   0.1434   0.2870  -0.0144
  0.1049   0.1273   0.0502   0.1618   0.2651  -0.0027
  0.1074   0.1208   0.0448   0.2190   0.2766  -0.0252
  0.0980   0.1131   0.0556   0.2179   0.2684  -0.0320
  0.0943   0.1042   0.0383   0.3189   0.2494  -0.2125
  0.0053   0.2942   0.0366  -0.3108   0.1602   0.2715
  0.0264   0.0514   0.0463  -0.0163   0.1708  -0.0819
  0.0700   0.1417   0.0095   0.0718   0.2067  -0.1710
  0.0822   0.0941   0.0446   0.0500   0.2399   0.0424
  0.0657   0.1212   0.0170   0.0505   0.2090  -0.1008
  0.0582   0.1167   0.0103   0.0551   0.1982   0.0275
  0.0677   0.1693   0.0040   0.0405   0.2224  -0.0620
  0.0756   0.1482   0.0270   0.0412   0.2273  -0.0084
  0.0734   0.1460   0.0086   0.0493   0.2411  -0.0456
  0.0447   0.1175  -0.0002   0.0556   0.1800  -0.1131
  0.0588   0.1642  -0.0158   0.0865   0.1874  -0.3039
  0.0841   0.1753   0.0116  -0.0154   0.2462   0.1778
  0.0605   0.1694   0.0194   0.0600   0.2236  -0.1455
  0.0819   0.2626   0.0065   0.0575   0.2634  -0.2548
  0.0958   0.2547   0.0256   0.0170   0.2839   0.0803
  0.0375   0.2437   0.0127   0.0737   0.2338  -0.1540
  0.0762   0.1760   0.0047   0.0965   0.2642  -0.1006
  0.0661   0.0905   0.0493   0.0267   0.2150  -0.1992
  0.0697   0.1520   0.0108   0.0313   0.1977  -0.2445
  0.0985   0.1679   0.0269  -0.0279   0.2576   0.0516
  0.0887   0.1498   0.0232   0.0309   0.2342  -0.2694
  0.1105   0.2202   0.0309   0.0102   0.2888   0.0203
  0.1149   0.2123   0.0232   0.0635   0.2775  -0.0955
  0.0860   0.1686   0.0249   0.0574   0.2758  -0.0598
  0.0774   0.1747  -0.0022   0.0672   0.2308  -0.1644
  0.0932   0.1827   0.0125  -0.0321   0.2725   0.0009
  0.0855   0.1679  -0.0239   0.0533   0.2320  -0.3787
  0.1089   0.2059   0.0034  -0.0601   0.2787   0.1250
  0.0699   0.1293  -0.0177   0.0973   0.2226  -0.2864
  0.0906   0.2302  -0.0164   0.0020   0.2532   0.1033
  0.0791   0.2061  -0.0181   0.0388   0.2383  -0.0277
  0.0743   0.1986  -0.0331   0.0699   0.2278  -0.0677
  0.0745   0.1993  -0.0293   0.0920   0.2258  -0.0540
  0.0764   0.1898  -0.0349   0.0681   0.2314  -0.0690
  0.0469   0.1068  -0.0443   0.1371   0.1954  -0.4044
  0.0772   0.2334  -0.0394   0.0273   0.2342   0.0529
  0.0829   0.1965  -0.0323   0.0810   0.2391   0.0243
  0.0697   0.1718  -0.0342   0.1523   0.2175  -0.2406
  0.0904   0.2132  -0.0280   0.0749   0.2530   0.1067
  0.0909   0.1897  -0.0291   0.1242   0.2588  -0.0401
  0.0930   0.2273  -0.0332   0.0727   0.2700  -0.0512
