  0.2166  -0.2185   0.2948  -0.2357   0.2214   0.3167
  0.2866  -0.2214   0.2804  -0.2214   0.1765   0.2257
  0.2879  -0.2338   0.2994  -0.2168   0.2152   0.1872
  0.2763  -0.2163   0.2522  -0.2082   0.2281   0.1746
  0.2893  -0.2313   0.2720  -0.1761   0.1634   0.1669
  0.2613  -0.2079   0.2195  -0.1966   0.2279   0.1745
  0.2579  -0.2541   0.2267  -0.1388   0.1496   0.1530
  0.2449  -0.2503   0.2032  -0.1627   0.1820   0.1643
  0.2601  -0.2674   0.2135  -0.1894   0.1458   0.1807
  0.2408  -0.2363   0.1821  -0.3702   0.2405   0.2368
  0.1882  -0.1936   0.1308  -0.3435   0.1674   0.1989
  0.2048  -0.1505   0.1276  -0.1963   0.1471   0.1547
  0.1987  -0.1546   0.1246  -0.1797   0.1339   0.1576
  0.2405  -0.1492   0.1756  -0.1573   0.1315   0.1523
  0.2469  -0.1650   0.1646  -0.1808   0.1637   0.1636
  0.2373  -0.1638   0.1592  -0.1872   0.1393   0.1537
  0.1999  -0.1901   0.1170  -0.1502   0.1224   0.1309
  0.1925  -0.2120   0.1511  -0.1315   0.0652   0.1261
  0.1909  -0.1935   0.1183  -0.1902   0.0861   0.1464
  0.2088  -0.1868   0.1457  -0.1961   0.1073   0.1571
  0.1793  -0.1800   0.1145  -0.1406   0.0843   0.1323
  0.1762  -0.1256   0.1086  -0.1925   0.1182   0.1465
  0.1881  -0.1104   0.0974  -0.1944   0.1168   0.1518
  0.1928  -0.1624   0.1124  -0.1435   0.0733   0.1186
  0.2050  -0.1609   0.1233  -0.1442   0.0942   0.1313
  0.2100  -0.1259   0.1381  -0.2155   0.1309   0.1291
  0.2014  -0.1538   0.1113  -0.1821   0.0959   0.1204
  0.1849  -0.1496   0.1096  -0.2078   0.1221   0.1355
  0.1954  -0.1453   0.1347  -0.2157   0.1047   0.1229
  0.2066  -0.1012   0.1467  -0.2506   0.1165   0.1419
  0.2028  -0.0932   0.1408  -0.2425   0.1518   0.1402
  0.2268  -0.0939   0.1557  -0.2999   0.0739   0.1540
  0.2158  -0.1052   0.1407  -0.1746   0.1602   0.1109
  0.2047  -0.1137   0.1521  -0.1956   0.0853   0.1248
  0.1915  -0.1079   0.1271  -0.1686   0.1755   0.1196
  0.2061  -0.1177   0.1511  -0.1091   0.0967   0.1076
  0.2138  -0.0591   0.1390  -0.1471   0.1772   0.1076
  0.2234  -0.0804   0.1758  -0.1001   0.1150   0.0875
  0.2234  -0.0765   0.1635  -0.0988   0.1492   0.0801
  0.2127  -0.0714   0.1775  -0.0564   0.1258   0.0627
  0.2089  -0.0552   0.1620  -0.0938   0.0918   0.0812
  0.1947  -0.0426   0.1479  -0.0545   0.1305   0.0744
  0.1891  -0.0791   0.1469  -0.0346   0.1086   0.0552
  0.2119  -0.0638   0.1412  -0.0530   0.1617   0.0699
  0.1982  -0.0581   0.1117  -0.0698   0.1794   0.0631
  0.2022  -0.0577   0.1196  -0.0909   0.1139   0.0669
  0.2069  -0.0266   0.1228  -0.1291   0.1445   0.0862
  0.1923  -0.0189   0.0955  -0.1287   0.1677   0.0761
  0.1652  -0.0443   0.1066  -0.1203   0.0932   0.0653
  0.1586  -0.0308   0.0934  -0.1470   0.1434   0.0901
  0.1470  -0.0329   0.0726  -0.1061   0.1126   0.0635
  0.1417  -0.0264   0.0818  -0.0992   0.1146   0.0718
  0.1350   0.0004   0.0527  -0.1412   0.1065   0.0818
  0.1390  -0.0110   0.0913  -0.1194   0.0678   0.0818
  0.1312   0.0172   0.0889  -0.1472   0.0900   0.0847
  0.1349  -0.0179   0.0897  -0.1576   0.1073   0.1057
  0.1394  -0.0388   0.1026  -0.1713   0.0107   0.1054
  0.1234  -0.0128   0.1079  -0.1584   0.0384   0.0951
  0.1186  -0.0125   0.0772  -0.1601   0.0783   0.1045
  0.1146  -0.0271   0.0818  -0.1602   0.1107   0.0982
  0.1150  -0.0262   0.0736  -0.1190   0.0894   0.0934
  0.1172   0.0341   0.0459  -0.1602   0.1056   0.1049
  0.1175   0.0438   0.0511  -0.1666   0.0839   0.0867
  0.1032   0.0643   0.0429  -0.1853   0.0796   0.0845
  0.1021   0.0923   0.0377  -0.1904   0.0816   0.0908
  0.0934   0.0778   0.0505  -0.1990   0.0609   0.0727
  0.0957   0.0997   0.0531  -0.1574   0.0584   0.0710
  0.1052   0.1318   0.0586  -0.1681   0.1039   0.0823
  0.1023   0.0955   0.0734  -0.0851   0.0669   0.0585
  0.0907   0.1107   0.0284  -0.1635   0.1260   0.0720
  0.0827   0.0881   0.0197  -0.1058   0.0554   0.0705
 -0.0061   0.0199   0.0726  -0.1253   0.1448   0.1109
 -0.0510   0.1641   0.1208  -0.1206   0.1173   0.0781
 -0.0489   0.0494   0.0435  -0.1183   0.1315   0.0739
 -0.0715  -0.0347  -0.0563  -0.0636   0.0510   0.0755
 -0.0885  -0.0372  -0.0371  -0.0375  -0.0234   0.0427
 -0.0790  -0.0021  -0.0511  -0.0731   0.0119   0.0628
 -0.0660  -0.0381  -0.0430  -0.0090  -0.0422   0.0336
 -0.0740  -0.0156  -0.0473  -0.0238  -0.0258   0.0494
 -0.0771  -0.0416  -0.0465  -0.0224  -0.0071   0.0461
 -0.0662  -0.0436  -0.0529  -0.0180  -0.0481   0.0287
 -0.1002  -0.0886  -0.0554  -0.0534   0.0473   0.0836
 -0.1015  -0.2528  -0.0541   0.0008   0.0473   0.0705
 -0.0709   0.0038  -0.0269  -0.0263  -0.0489   0.0256
 -0.0567  -0.0545  -0.0673  -0.0703  -0.0031   0.0562
 -0.0682  -0.1175  -0.0685   0.0974  -0.1497   0.0069
 -0.1040  -0.1629  -0.1532   0.1263  -0.1117   0.0136
 -0.1072  -0.2044  -0.1340   0.1541  -0.1318  -0.0097
 -0.1023  -0.2437  -0.1057   0.1871  -0.1485  -0.0123
 -0.1349  -0.2677  -0.1448   0.2156  -0.1348   0.0040
 -0.1348  -0.3164  -0.1742   0.2441  -0.1351  -0.0183
 -0.1314  -0.2963  -0.1333   0.3048  -0.2313  -0.0390
 -0.1401  -0.2831  -0.1815   0.2836  -0.1571  -0.0440
 -0.1403  -0.3078  -0.1986   0.3051  -0.1761  -0.0498
 -0.1455  -0.2824  -0.1711   0.2852  -0.2239  -0.0409
 -0.1892  -0.2111  -0.2261   0.2100  -0.1853  -0.0174
 -0.1846  -0.2547  -0.2012   0.2621  -0.2357  -0.0342
 -0.1920  -0.1926  -0.2032   0.1735  -0.1418  -0.0090
 -0.1969  -0.1739  -0.2056   0.2427  -0.1795  -0.0524
 -0.1835  -0.1654  -0.2417   0.2007  -0.1647  -0.0319
 -0.1882  -0.1960  -0.2488   0.2409  -0.2181  -0.0387
 -0.1828  -0.1306  -0.2567   0.1719  -0.1564  -0.0259
 -0.1850  -0.1770  -0.2195   0.2662  -0.1979  -0.0385
 -0.2002  -0.1287  -0.2508   0.1961  -0.1399  -0.0362
 -0.1959  -0.1571  -0.2423   0.1784  -0.1817  -0.0226
 -0.2053  -0.1639  -0.2544   0.1898  -0.1951  -0.0420
 -0.2063  -0.1584  -0.2458   0.1804  -0.1711  -0.0364
 -0.1776  -0.2067  -0.2095   0.2413  -0.1981  -0.0562
 -0.2011  -0.1790  -0.2545   0.1572  -0.1279  -0.0298
 -0.2087  -0.1878  -0.2471   0.1764  -0.1325  -0.0380
 -0.1984  -0.1627  -0.2152   0.1778  -0.1573  -0.0425
 -0.1983  -0.1820  -0.2197   0.2324  -0.1627  -0.0586
 -0.1802  -0.1375  -0.1924   0.0680  -0.0814  -0.0307
 -0.1044  -0.1331  -0.1244   0.1610  -0.0942  -0.0529
 -0.1362  -0.1193  -0.1229   0.1496  -0.0952  -0.0691
 -0.1400   0.0614  -0.1015   0.1254  -0.0519  -0.1440
 -0.1002   0.1590  -0.1287   0.0499  -0.0473  -0.1547
 -0.1184   0.1667  -0.1344  -0.0899  -0.0336  -0.0640
 -0.1322   0.1623  -0.1307  -0.0021  -0.0891  -0.1168
 -0.0864   0.2230  -0.0938  -0.0659  -0.0150  -0.1008
 -0.1125   0.1595  -0.0463   0.0153  -0.0539  -0.0958
 -0.1196   0.1700  -0.0705  -0.0055  -0.0391  -0.0868
 -0.1062   0.1936  -0.0386  -0.0592  -0.0442  -0.0655
 -0.1148   0.2135  -0.0438  -0.0601  -0.0392  -0.0839
 -0.1211   0.2034  -0.0442  -0.1161  -0.0337  -0.0627
 -0.1136   0.1806  -0.0529  -0.0458  -0.0567  -0.0788
 -0.1107   0.1991  -0.0406  -0.0975  -0.0307  -0.0562
 -0.1061   0.1647  -0.0194   0.0504  -0.0556  -0.1058
 -0.1023   0.1994  -0.0500  -0.0528  -0.0099  -0.0843
 -0.0951   0.1205  -0.0216   0.1115  -0.0422  -0.1131
 -0.1056   0.1558  -0.0342   0.0952  -0.0396  -0.1278
 -0.0966   0.1837  -0.0202   0.0510  -0.0215  -0.1010
 -0.0810   0.1482   0.0025   0.1104  -0.0499  -0.1423
 -0.0943   0.1677  -0.0259   0.0616  -0.0093  -0.1211
 -0.1040   0.1154  -0.0439   0.1571  -0.0359  -0.1529
 -0.0954   0.1301  -0.0393   0.1811  -0.0604  -0.1482
 -0.0930   0.1823  -0.0570   0.0817  -0.0242  -0.1141
 -0.0986   0.1294  -0.0456   0.1633  -0.0666  -0.1482
 -0.1000   0.1550  -0.0652   0.1408  -0.0691  -0.1338
 -0.1146   0.1825  -0.0790   0.0703  -0.0386  -0.1116
 -0.0987   0.1425  -0.0599   0.1997  -0.0912  -0.1563
 -0.1095   0.1733  -0.0597   0.1026  -0.0648  -0.1324
 -0.1115   0.2002  -0.0624   0.0876  -0.0450  -0.1163
 -0.1179   0.1692  -0.0646   0.1392  -0.0975  -0.1476
 -0.1146   0.1891  -0.0740   0.1033  -0.0629  -0.1151
 -0.1152   0.1507  -0.0533   0.1668  -0.1036  -0.1472
 -0.1250   0.1929  -0.0581   0.0427  -0.0644  -0.0970
 -0.1266   0.1617  -0.0604   0.0831  -0.0777  -0.1167
 -0.1178   0.1621  -0.0462   0.1646  -0.1052  -0.1304
 -0.1240   0.1858  -0.0521   0.0366  -0.0695  -0.1105
 -0.1111   0.1650  -0.0263   0.1253  -0.0871  -0.1144
 -0.1086   0.1545  -0.0580   0.1516  -0.0662  -0.1380
 -0.1189   0.1665  -0.0458   0.0963  -0.0570  -0.1040
 -0.1065   0.1385  -0.0286   0.1408  -0.0880  -0.1351
 -0.1043   0.1544  -0.0526   0.0917  -0.0609  -0.1179
 -0.0934   0.1652  -0.0296   0.1314  -0.0845  -0.1185
 -0.0816   0.1768  -0.0327   0.1254  -0.0841  -0.1417
 -0.0883   0.1921  -0.0304   0.1124  -0.0807  -0.1147
 -0.0890   0.2021  -0.0100   0.1660  -0.1045  -0.1518
 -0.0995   0.2114  -0.0311   0.0978  -0.0764  -0.1342
 -0.1018   0.1968  -0.0062   0.1760  -0.1063  -0.1485
 -0.1032   0.2192  -0.0323   0.1080  -0.0749  -0.1385
 -0.0986   0.2008  -0.0087   0.1520  -0.1184  -0.1379
 -0.1052   0.2026  -0.0283   0.1439  -0.1084  -0.1557
 -0.1010   0.2253  -0.0250   0.0959  -0.0741  -0.1252
 -0.1051   0.2168  -0.0154   0.1111  -0.0950  -0.1289
 -0.1280   0.2420  -0.0456   0.0512  -0.0333  -0.1175
 -0.1240   0.2005  -0.0330   0.1275  -0.0741  -0.1177
 -0.1295   0.2315  -0.0639   0.0897  -0.0562  -0.1317
 -0.1278   0.2193  -0.0431   0.1085  -0.0765  -0.1354
 -0.1311   0.2436  -0.0578   0.1459  -0.0879  -0.1511
 -0.1357   0.2374  -0.0689   0.1713  -0.0613  -0.1574
 -0.1339   0.2104  -0.0313   0.2220  -0.1156  -0.1676
 -0.1442   0.2395  -0.0589   0.2257  -0.0787  -0.1715
 -0.1467   0.2290  -0.0426   0.2212  -0.0954  -0.1890
 -0.1445   0.2410  -0.0594   0.2369  -0.1011  -0.1957
 -0.1401   0.2607  -0.0489   0.1950  -0.0871  -0.1780
 -0.1432   0.2539  -0.0553   0.1534  -0.0963  -0.1781
 -0.1374   0.2742  -0.0555   0.0698  -0.0514  -0.1419
 -0.1330   0.2451  -0.0286   0.2118  -0.0929  -0.1929
