 -0.0122   0.4124  -0.0019   0.0132  -0.0193  -0.0195
 -0.0236   0.3872  -0.0042   0.0269  -0.0300  -0.0102
 -0.0224   0.4296  -0.0052   0.0325  -0.0222  -0.0946
 -0.0071   0.4198  -0.0146   0.0331  -0.0273  -0.0313
 -0.0078   0.4592  -0.0135   0.0499  -0.0250  -0.1263
  0.0038   0.4347  -0.0153   0.0240  -0.0194  -0.0591
  0.0079   0.4275  -0.0115   0.0573  -0.0291  -0.0622
  0.0091   0.4063  -0.0036   0.0300  -0.0189  -0.0589
  0.0042   0.4027   0.0004   0.0473  -0.0218  -0.1028
  0.0029   0.4416  -0.0047   0.0579  -0.0146  -0.1116
  0.0043   0.4286  -0.0010   0.0433  -0.0196  -0.0619
  0.0003   0.4209  -0.0062   0.0615  -0.0249  -0.1162
  0.0060   0.4166   0.0009   0.0366  -0.0169   0.0139
  0.0011   0.4003  -0.0000   0.0561  -0.0211  -0.0964
  0.0071   0.4012   0.0039   0.0431  -0.0169  -0.0226
 -0.0022   0.3466   0.0146   0.0378  -0.0204  -0.1171
  0.0022   0.3942   0.0044   0.0523  -0.0158  -0.1211
  0.0052   0.3787   0.0115   0.0202  -0.0098  -0.0634
 -0.0016   0.3924   0.0128   0.0547  -0.0155  -0.1435
 -0.0122   0.4120   0.0163   0.0513  -0.0089  -0.0641
 -0.0080   0.3868   0.0153   0.0427  -0.0073  -0.1023
  0.0005   0.3854   0.0017   0.0402  -0.0085  -0.0308
  0.0040   0.3427   0.0087   0.0184  -0.0057  -0.0264
  0.0053   0.3180   0.0016   0.0394  -0.0147  -0.0932
  0.0041   0.2979  -0.0025   0.0055   0.0034  -0.0033
 -0.0020   0.3169   0.0043   0.0111  -0.0056  -0.1123
 -0.0060   0.3639   0.0008   0.0451  -0.0049  -0.1376
 -0.0033   0.3498   0.0147   0.0135   0.0011  -0.0658
 -0.0065   0.3385   0.0065   0.0234  -0.0074  -0.0769
 -0.0070   0.3713  -0.0085   0.0260  -0.0065  -0.0695
 -0.0025   0.3096   0.0198   0.0006  -0.0073  -0.0328
 -0.0186   0.2925   0.0059   0.0361  -0.0113  -0.0782
  0.0009   0.2953   0.0025   0.0018   0.0039   0.0076
 -0.0005   0.2646   0.0086  -0.0007   0.0004  -0.0430
 -0.0159   0.2731  -0.0028   0.0271  -0.0017  -0.0373
  0.0063   0.2602  -0.0103  -0.0043  -0.0071  -0.0018
 -0.0020   0.2554  -0.0046   0.0269  -0.0265  -0.0581
  0.0095   0.2537  -0.0171  -0.0173  -0.0211   0.0553
  0.0124   0.1867  -0.0043  -0.0453  -0.0204   0.0479
  0.0184   0.1914  -0.0082   0.0158  -0.0296  -0.0294
  0.0304   0.2052  -0.0187  -0.0263  -0.0255   0.0560
  0.0143   0.1285  -0.0067   0.0064  -0.0309  -0.0508
  0.0088   0.1541  -0.0054   0.0177  -0.0106  -0.0167
  0.0109   0.1488   0.0211   0.0070  -0.0013  -0.0538
 -0.0010   0.1744   0.0125   0.0250  -0.0023  -0.0571
  0.0015   0.1426   0.0094   0.0192   0.0022   0.0084
  0.0019   0.1409   0.0086   0.0405  -0.0007  -0.0809
 -0.0008   0.1438   0.0079   0.0110   0.0052   0.0145
  0.0003   0.1340   0.0124   0.0339  -0.0034  -0.0953
 -0.0075   0.1498   0.0090   0.0250   0.0090  -0.0574
 -0.0144   0.1131   0.0208   0.0150   0.0089  -0.0504
 -0.0163   0.1547   0.0042   0.0388   0.0083  -0.0286
 -0.0146   0.1324   0.0043   0.0253   0.0055  -0.0403
 -0.0113   0.1245   0.0009   0.0299  -0.0058  -0.0491
 -0.0157   0.1412  -0.0046   0.0150   0.0034   0.0182
 -0.0120   0.1067   0.0043   0.0196  -0.0049  -0.0635
 -0.0108   0.0761   0.0159   0.0136   0.0010  -0.0467
 -0.0158   0.1034   0.0129   0.0230   0.0041  -0.0615
 -0.0165   0.0734   0.0112  -0.0150   0.0101  -0.0166
 -0.0071   0.0374   0.0106  -0.0214   0.0037   0.0090
 -0.0138   0.0557   0.0056   0.0004   0.0022  -0.0120
 -0.0101   0.0530   0.0209  -0.0183   0.0100   0.0207
 -0.0177   0.0742   0.0040   0.0309  -0.0052  -0.0847
 -0.0059   0.0606   0.0067  -0.0216   0.0158   0.0231
 -0.0204   0.0469   0.0152   0.0003   0.0022  -0.0144
 -0.0158   0.0525  -0.0042   0.0026   0.0054   0.0042
 -0.0114   0.0186   0.0046  -0.0254   0.0057   0.0244
 -0.0095  -0.0142   0.0005   0.0115  -0.0050  -0.0400
  0.0044  -0.0046  -0.0171   0.0007   0.0065   0.0074
  0.0053  -0.0537  -0.0048  -0.0490   0.0149   0.0751
  0.0055  -0.0474  -0.0039  -0.0074  -0.0007  -0.0109
  0.0076  -0.0550   0.0089  -0.0507   0.0195   0.1080
  0.0021  -0.0849   0.0166  -0.0437   0.0176   0.0939
  0.0034  -0.0748   0.0008  -0.0135   0.0151   0.0266
  0.0050  -0.1153   0.0105  -0.0340   0.0205   0.0613
  0.0025  -0.0916   0.0013  -0.0062   0.0117   0.0276
  0.0039  -0.0783  -0.0026  -0.0038   0.0051   0.0415
  0.0038  -0.0827  -0.0049   0.0059   0.0002  -0.0136
  0.0181  -0.0763  -0.0055   0.0011  -0.0035   0.0222
  0.0136  -0.0982  -0.0002   0.0064  -0.0112   0.0218
  0.0292  -0.1116  -0.0069   0.0028  -0.0097   0.0149
  0.0279  -0.1300  -0.0046  -0.0015  -0.0029   0.0443
  0.0144  -0.1094   0.0070   0.0407   0.0022  -0.0334
  0.0233  -0.1152   0.0046   0.0041   0.0024  -0.0009
  0.0101  -0.1327   0.0072   0.0172   0.0075  -0.0416
  0.0182  -0.1019  -0.0042   0.0118   0.0065   0.0111
  0.0208  -0.1141   0.0026   0.0032  -0.0062  -0.0121
  0.0147  -0.0778  -0.0102   0.0263  -0.0022  -0.0343
  0.0192  -0.1612   0.0121  -0.0584   0.0044   0.0412
  0.0017  -0.1418   0.0001   0.0122   0.0038  -0.0272
  0.0008  -0.1674   0.0015  -0.0376   0.0107   0.0408
  0.0008  -0.1699   0.0071   0.0005   0.0013   0.0098
  0.0060  -0.1383  -0.0004  -0.0092   0.0084   0.0333
  0.0076  -0.1564   0.0010  -0.0123  -0.0073   0.0122
  0.0107  -0.1431  -0.0044   0.0110  -0.0034   0.0306
  0.0088  -0.1425  -0.0054  -0.0225   0.0094   0.0916
  0.0097  -0.1520  -0.0061   0.0199  -0.0056  -0.0132
  0.0182  -0.1512  -0.0146  -0.0040   0.0010   0.0484
  0.0077  -0.1792  -0.0007  -0.0121  -0.0038   0.0369
  0.0110  -0.1461  -0.0135   0.0145  -0.0059   0.0234
  0.0158  -0.1773  -0.0113  -0.0423  -0.0010   0.0993
  0.0105  -0.1754  -0.0041   0.0029  -0.0157   0.0225
  0.0201  -0.1558  -0.0167  -0.0086  -0.0101   0.0253
  0.0229  -0.1879   0.0042  -0.0347  -0.0135   0.0756
  0.0167  -0.1741  -0.0091  -0.0056  -0.0105   0.0160
  0.0190  -0.1723  -0.0094  -0.0463   0.0060   0.0900
  0.0105  -0.1913  -0.0090  -0.0256  -0.0074   0.0458
  0.0098  -0.1619  -0.0122  -0.0001   0.0081   0.0334
 -0.0032  -0.1653  -0.0078  -0.0204   0.0081   0.0097
 -0.0060  -0.1634  -0.0091   0.0152   0.0033  -0.0214
 -0.0022  -0.1693   0.0072  -0.0232   0.0172   0.0548
  0.0036  -0.1997   0.0020  -0.0002  -0.0037  -0.0025
  0.0078  -0.1738  -0.0005  -0.0071   0.0030   0.0283
  0.0075  -0.2393   0.0127  -0.0377   0.0082   0.0271
 -0.0008  -0.2059  -0.0022   0.0061   0.0026   0.0151
  0.0045  -0.2357   0.0056  -0.0503   0.0178   0.1072
  0.0043  -0.2181  -0.0024  -0.0019  -0.0044   0.0095
  0.0263  -0.1718  -0.0011  -0.0004  -0.0158   0.0529
  0.0209  -0.2030   0.0005   0.0102  -0.0210  -0.0436
  0.0193  -0.1911  -0.0019   0.0172  -0.0167   0.0076
  0.0198  -0.2421   0.0023  -0.0316  -0.0069  -0.0064
  0.0195  -0.2170  -0.0085   0.0154  -0.0129  -0.0005
  0.0145  -0.2470   0.0025  -0.0304   0.0069   0.0306
  0.0032  -0.2498   0.0046   0.0003   0.0017  -0.0072
  0.0098  -0.2314   0.0032  -0.0207   0.0055   0.0943
  0.0135  -0.2600   0.0049  -0.0380  -0.0025   0.0612
  0.0209  -0.2483   0.0030  -0.0075  -0.0021   0.0494
  0.0052  -0.2761   0.0254  -0.0642   0.0310   0.1257
  0.0036  -0.2684   0.0148  -0.0090   0.0052   0.0130
  0.0018  -0.2399   0.0081  -0.0362   0.0191   0.0830
 -0.0041  -0.2535   0.0173  -0.0196   0.0084   0.0036
 -0.0050  -0.2065   0.0113   0.0066   0.0075  -0.0685
 -0.0069  -0.2321   0.0250  -0.0395   0.0308   0.0647
 -0.0151  -0.2288   0.0219  -0.0011   0.0173  -0.0426
 -0.0111  -0.2396   0.0129  -0.0449   0.0355   0.0773
 -0.0209  -0.2762   0.0301  -0.0601   0.0369   0.0970
 -0.0204  -0.2403   0.0085  -0.0130   0.0204   0.0066
 -0.0156  -0.2534   0.0192  -0.0595   0.0415   0.1125
 -0.0312  -0.2545   0.0197  -0.0260   0.0283   0.0202
 -0.0223  -0.2377   0.0111  -0.0396   0.0351   0.0449
  0.0183  -0.3606  -0.0270  -0.0550   0.0526   0.0536
 -0.0166  -0.6190  -0.0085  -0.0145   0.0081   0.0207
 -0.0192  -0.4936  -0.0024  -0.0610   0.0339   0.1615
 -0.0161  -0.4319  -0.0424  -0.0748   0.0169   0.0251
 -0.0100  -0.5314  -0.0683  -0.0581   0.0314   0.1573
 -0.0385  -0.4917  -0.0225  -0.0448   0.0053   0.0720
 -0.0502  -0.4767  -0.0206  -0.0444   0.0160   0.1197
 -0.0567  -0.4562  -0.0203  -0.0560   0.0146   0.1620
 -0.0556  -0.4924  -0.0241  -0.0175   0.0059   0.0640
 -0.0497  -0.4510  -0.0234  -0.0303   0.0083   0.1094
