  0.0108   0.0050  -0.0010   0.0007   0.0136  -0.0001
  0.0575  -0.0606   0.0254   0.0456   0.0269   0.0777
  0.0900  -0.1561   0.0441   0.1196   0.0117   0.1405
  0.0778  -0.1031   0.0309   0.0261   0.0010   0.0373
 -0.0304   0.0621   0.0302  -0.0678   0.0071  -0.0712
 -0.0780   0.0409   0.0274   0.1186   0.0052   0.0383
 -0.0380  -0.0699   0.0246  -0.0060   0.0170   0.0967
  0.0685  -0.1025  -0.0007  -0.1088   0.0089   0.1212
  0.0078  -0.0097   0.0078  -0.0231  -0.0033  -0.1154
  0.0159   0.0229   0.0107  -0.0303  -0.0088  -0.2141
 -0.0407   0.0862   0.0181  -0.0242  -0.0128  -0.0327
 -0.0353   0.0484   0.0295  -0.0022  -0.0066   0.1279
  0.0383  -0.0730   0.0356  -0.0051  -0.0127   0.1701
  0.0325   0.0128   0.0188  -0.0228  -0.0122   0.0313
  0.0332   0.0483   0.0006  -0.0408  -0.0068  -0.2269
  0.0099   0.0944   0.0153  -0.0289  -0.0215   0.0151
 -0.0168   0.0886  -0.0050  -0.0267  -0.0221   0.0187
 -0.0078  -0.0534   0.0237  -0.0022  -0.0025   0.0526
  0.0187  -0.0686   0.0286   0.0286   0.0147   0.2157
  0.0180   0.0183   0.0279  -0.0284  -0.0071  -0.0386
 -0.0114   0.0287   0.0131  -0.0457  -0.0064  -0.2077
 -0.0333   0.0338   0.0108  -0.0325  -0.0199  -0.1412
 -0.0363  -0.0356   0.0131   0.0475   0.0013   0.0892
  0.0266  -0.0603   0.0248   0.0214   0.0191   0.1736
  0.0197  -0.0238   0.0033   0.0192   0.0039  -0.0521
  0.0055   0.0295   0.0337  -0.0619  -0.0281  -0.0656
  0.0165   0.0874   0.0313  -0.0652  -0.0247  -0.0950
  0.0036   0.0308   0.0254   0.0274  -0.0350  -0.0399
 -0.0083   0.0649   0.0048  -0.0074  -0.0322   0.0449
 -0.0077   0.0647   0.0372   0.1851   0.0429   0.1344
  0.0020  -0.0557   0.0214   0.1300   0.0381   0.1730
 -0.0033   0.0359   0.0123  -0.1179   0.0238  -0.1452
 -0.0049   0.0705   0.0129  -0.1092   0.0163  -0.0909
 -0.0220   0.0734   0.0074  -0.0090   0.0166  -0.0377
 -0.0291  -0.0135   0.0112   0.0596   0.0264   0.0383
 -0.0005  -0.0544   0.0185   0.0707   0.0367   0.1649
  0.0384   0.0026   0.0028  -0.0777   0.0178   0.0280
 -0.0122   0.0909   0.0038  -0.0786   0.0063  -0.2381
  0.0115   0.0212   0.0008   0.0123   0.0064  -0.0480
 -0.0154  -0.0265   0.0110   0.0593   0.0184   0.1001
  0.0473  -0.1013   0.0158   0.0410   0.0200   0.2016
 -0.0064  -0.0112   0.0101  -0.0748   0.0079  -0.0349
 -0.0080   0.1170   0.0114  -0.0610   0.0104  -0.2211
 -0.0153   0.0341   0.0076   0.0067   0.0064  -0.0543
 -0.0320   0.0348   0.0069   0.0397   0.0087   0.0719
 -0.0449   0.0429   0.0113   0.0614   0.0044   0.0626
  0.0218  -0.0238   0.0026   0.0112   0.0139   0.0859
  0.0179   0.0250   0.0018  -0.0180   0.0100  -0.0491
  0.0156  -0.0296  -0.0085   0.0361   0.0180  -0.1031
  0.0256  -0.0557   0.0011  -0.0142   0.0023   0.1193
  0.0144  -0.0011  -0.0136   0.0087   0.0092  -0.0821
  0.0006   0.0256  -0.0206   0.0196   0.0007  -0.1404
  0.0050  -0.1004   0.0161   0.0158   0.0014   0.1351
  0.0193  -0.0455   0.0124  -0.0102   0.0053   0.0537
  0.0094   0.0478   0.0019  -0.0026  -0.0018  -0.0728
  0.0023   0.0079   0.0021   0.0234   0.0080  -0.1086
  0.0120  -0.0191   0.0131   0.0135   0.0048   0.0650
  0.0003   0.0384   0.0006   0.0308   0.0069   0.0334
 -0.0062  -0.0375  -0.0044   0.0865   0.0113   0.0070
  0.0082  -0.0074  -0.0210   0.0796   0.0147   0.0345
  0.0143  -0.0714   0.0010   0.0733   0.0125   0.1454
  0.0170  -0.0104   0.0002  -0.0046   0.0114   0.1200
 -0.0114   0.0462  -0.0068  -0.0712   0.0051  -0.2218
 -0.0010  -0.0711  -0.0113   0.0596   0.0075   0.0286
  0.0028   0.0074  -0.0217  -0.0091  -0.0048   0.1458
 -0.0092   0.0353  -0.0335  -0.0795  -0.0047  -0.1062
 -0.0037  -0.0098  -0.0134   0.0473   0.0088  -0.0509
  0.0027  -0.0328  -0.0133  -0.0067   0.0062   0.1051
 -0.0069   0.0006  -0.0250  -0.0739   0.0004  -0.0081
 -0.0011  -0.0121  -0.0231   0.0014   0.0012  -0.0947
  0.0138  -0.0527  -0.0204   0.0027   0.0065   0.1265
  0.0077  -0.0044  -0.0240  -0.0146   0.0038   0.0306
 -0.0053   0.0560  -0.0246  -0.0233   0.0025  -0.1887
  0.0014   0.0054  -0.0218  -0.0139   0.0046   0.0226
  0.0082  -0.0661  -0.0133  -0.0239   0.0029   0.2028
 -0.0050  -0.0084  -0.0246  -0.0428  -0.0046   0.0095
 -0.0250   0.0339  -0.0286  -0.0147  -0.0250  -0.1876
 -0.0053  -0.0644  -0.0184  -0.0038  -0.0136   0.0311
  0.0035  -0.0363  -0.0118  -0.0381  -0.0150   0.1583
 -0.0041   0.0164  -0.0246  -0.0416  -0.0142  -0.0153
 -0.0057   0.0152  -0.0247  -0.0277  -0.0127  -0.1567
 -0.0015  -0.0274  -0.0057  -0.0070  -0.0115   0.0815
  0.0004   0.0091   0.0037  -0.0035  -0.0133   0.1236
  0.0025   0.0010  -0.0111  -0.0325  -0.0036  -0.0319
 -0.0067   0.0344  -0.0174  -0.0270  -0.0114  -0.1758
  0.0017  -0.0732  -0.0052   0.0262  -0.0045  -0.0074
 -0.0007  -0.0046  -0.0111  -0.0247  -0.0097   0.0983
 -0.0115   0.0246  -0.0206  -0.0584  -0.0077  -0.1145
 -0.0079  -0.0154  -0.0161  -0.0165  -0.0081  -0.0353
 -0.0210  -0.0315  -0.0293  -0.0209  -0.0086   0.0447
 -0.0105  -0.0156  -0.0293  -0.0482  -0.0049  -0.0708
 -0.0026  -0.0474  -0.0142  -0.0052  -0.0074  -0.0429
  0.0029  -0.0268  -0.0207  -0.0077  -0.0090   0.0239
 -0.0100  -0.0112  -0.0153   0.0047  -0.0109  -0.0580
 -0.0025  -0.0617  -0.0052   0.0324  -0.0091   0.0620
 -0.0043   0.0077  -0.0113  -0.0325  -0.0028  -0.0225
 -0.0178   0.0346  -0.0173   0.0464  -0.0038  -0.1078
 -0.0066  -0.0214  -0.0040   0.0137  -0.0018   0.0907
 -0.0021  -0.0520   0.0015   0.0040  -0.0128   0.1335
  0.0012   0.0063  -0.0147  -0.0055  -0.0074  -0.1330
 -0.0067   0.0611  -0.0099   0.0095  -0.0097  -0.0861
 -0.0049  -0.0100  -0.0064   0.0259  -0.0109   0.0727
 -0.0003  -0.0316  -0.0064   0.0091  -0.0075   0.0361
 -0.0072   0.0059  -0.0094  -0.0057  -0.0097  -0.0078
 -0.0099   0.0163  -0.0105   0.0166  -0.0123  -0.0061
 -0.0015  -0.0669  -0.0046   0.0232  -0.0068   0.0751
 -0.0081   0.0156  -0.0178   0.0195  -0.0034  -0.0348
 -0.0136   0.0953  -0.0240   0.0362  -0.0117  -0.1569
 -0.0028  -0.0321  -0.0249   0.0658   0.0075  -0.0354
  0.0017   0.0330  -0.0216   0.0196  -0.0043   0.0671
 -0.0154   0.0369  -0.0182  -0.0122  -0.0196  -0.0573
 -0.0019   0.0012   0.0026   0.0624  -0.0237   0.0694
 -0.0165   0.0915   0.0018  -0.0519  -0.0404  -0.0277
 -0.0069  -0.0067   0.0020   0.0109  -0.0231  -0.0324
 -0.0027   0.0077   0.0055   0.0055   0.0365   0.0641
 -0.0090   0.0044  -0.0007   0.0016  -0.0178  -0.0635
  0.0051   0.0090   0.0163   0.0047   0.0294   0.0022
 -0.0123   0.0428   0.0024  -0.0363  -0.0327  -0.0754
 -0.0156  -0.0006   0.0084   0.0440   0.0316  -0.0468
 -0.0288   0.0844   0.0027  -0.0341   0.0333   0.0450
