  0.0232   0.5131   0.2327  -0.3415   0.0512  -0.2861
  0.0089   0.4803   0.1982  -0.3429   0.0309  -0.2665
  0.0056   0.4633   0.2065  -0.3918   0.0537  -0.3405
  0.0215   0.4877   0.2171  -0.3921   0.0764  -0.3329
  0.0201   0.4321   0.1909  -0.3234   0.0593  -0.3056
  0.0582   0.4551   0.2008  -0.3353   0.0460  -0.3171
  0.0139   0.5267   0.2045  -0.4578   0.0369  -0.3787
  0.0304   0.4957   0.2007  -0.3846   0.0359  -0.3332
  0.0211   0.4881   0.1834  -0.2946   0.0410  -0.2755
  0.0073   0.4861   0.2010  -0.3001   0.0439  -0.2849
 -0.0036   0.5053   0.1862  -0.3201   0.0482  -0.2904
 -0.0053   0.5088   0.1826  -0.3224   0.0500  -0.2691
  0.0075   0.4684   0.1812  -0.2903   0.0535  -0.2537
  0.0036   0.4612   0.1892  -0.3063   0.0505  -0.2880
  0.0212   0.4973   0.1686  -0.3025   0.0527  -0.2505
  0.0131   0.4739   0.1782  -0.2706   0.0532  -0.2408
 -0.0005   0.4989   0.1951  -0.3195   0.0586  -0.2833
  0.0023   0.5340   0.1889  -0.3832   0.0570  -0.3004
  0.0012   0.5091   0.1720  -0.3220   0.0740  -0.2494
 -0.0136   0.4628   0.1542  -0.3259   0.0787  -0.2828
 -0.0181   0.4979   0.1607  -0.3675   0.0695  -0.3010
 -0.0080   0.4839   0.1615  -0.3277   0.0794  -0.2392
 -0.0019   0.4805   0.1532  -0.2901   0.0713  -0.2263
 -0.0011   0.4743   0.1649  -0.3269   0.0671  -0.2651
  0.0072   0.4850   0.1503  -0.3063   0.0644  -0.2153
  0.0344   0.4754   0.1605  -0.2665   0.0665  -0.2636
  0.0360   0.4910   0.1635  -0.3159   0.0661  -0.2791
  0.0249   0.5062   0.1581  -0.3107   0.0655  -0.2289
  0.0181   0.4701   0.1287  -0.3028   0.0372  -0.2332
  0.0507   0.2648   0.0704  -0.1895   0.0369  -0.1916
  0.0469   0.2710   0.1182   0.0981   0.2432  -0.1064
  0.0373   0.2276   0.1217   0.0902   0.1796  -0.0567
 -0.0468  -0.0472   0.1314   0.3228   0.0784   0.0241
 -0.0196  -0.0331   0.1359   0.2431   0.0814  -0.0358
 -0.0436  -0.0208   0.1262   0.1785   0.0825  -0.0560
 -0.0341  -0.0684   0.1245   0.2527   0.0977  -0.0318
 -0.0176  -0.0679   0.0995   0.2782   0.0935  -0.0078
 -0.0502  -0.0586   0.0941   0.2310   0.0963  -0.0416
 -0.0297  -0.0384   0.1035   0.2049   0.0882  -0.0284
 -0.0066  -0.0663   0.1110   0.2658   0.0979   0.0107
 -0.0067  -0.1084   0.1275   0.2751   0.0999   0.0166
 -0.0150  -0.1065   0.1415   0.2515   0.0973  -0.0073
 -0.0102  -0.0911   0.1540   0.2225   0.0923  -0.0395
 -0.0171  -0.0669   0.1546   0.1708   0.0828  -0.0758
 -0.0019  -0.0444   0.1403   0.1558   0.0789  -0.0417
 -0.0057  -0.0362   0.1248   0.1571   0.0762  -0.0241
  0.0013  -0.0669   0.1346   0.2219   0.0823   0.0107
 -0.0042  -0.0774   0.1406   0.2140   0.0800   0.0049
 -0.0227  -0.0481   0.1424   0.1636   0.0750  -0.0276
 -0.0206  -0.0034   0.1370   0.1335   0.0730  -0.0281
 -0.0123  -0.0380   0.1356   0.1539   0.0683  -0.0045
 -0.0052  -0.0606   0.1420   0.1974   0.0790  -0.0154
 -0.0102  -0.0229   0.1461   0.1509   0.0700  -0.0411
 -0.0113  -0.0334   0.1243   0.1846   0.0737   0.0026
 -0.0063  -0.0768   0.1440   0.2319   0.0788   0.0154
 -0.0237  -0.0584   0.1207   0.1935   0.0701   0.0099
 -0.0146  -0.0533   0.1120   0.1775   0.0741   0.0063
 -0.0196  -0.0581   0.1084   0.2168   0.0795   0.0181
 -0.0189  -0.0457   0.1201   0.1367   0.0795  -0.0214
  0.0209  -0.0390   0.1253   0.2363   0.1215   0.0217
 -0.0264  -0.0337   0.1257   0.2318   0.1013   0.0764
 -0.0116  -0.0691   0.1223   0.2530   0.0871   0.0186
 -0.0102  -0.0226   0.0968   0.1717   0.0917   0.0155
  0.0005  -0.0742   0.0997   0.2358   0.0849   0.0287
 -0.0288  -0.0940   0.1295   0.1830   0.0841   0.0067
 -0.0405  -0.0332   0.1194   0.1140   0.0692  -0.0183
 -0.0290  -0.0481   0.0941   0.1600   0.0687   0.0396
 -0.0283  -0.0961   0.1058   0.1827   0.0568   0.0363
 -0.0352  -0.0836   0.0559   0.1653   0.0135   0.0229
 -0.0515  -0.0035  -0.0112   0.0805  -0.0202  -0.0189
 -0.0257  -0.0084  -0.0189   0.0993  -0.0414   0.0184
 -0.0287  -0.0598  -0.0076   0.1504  -0.0261   0.0504
 -0.0411  -0.0170  -0.0005   0.0945  -0.0232   0.0057
 -0.0399   0.0113  -0.0220   0.0918  -0.0246   0.0211
 -0.0340  -0.0259  -0.0299   0.1743  -0.0190   0.0697
 -0.0517  -0.0614  -0.0056   0.1386  -0.0114   0.0393
 -0.0624   0.0112  -0.0317   0.0751  -0.0102   0.0170
 -0.0531   0.0063  -0.0466   0.1312  -0.0075   0.0604
 -0.0434  -0.0375  -0.0513   0.1941  -0.0103   0.0786
 -0.0423  -0.0061  -0.0671   0.1368  -0.0230   0.0436
 -0.0180  -0.0263  -0.0899   0.1383  -0.0265   0.0625
 -0.0277  -0.0989  -0.0961   0.1827  -0.0202   0.0706
 -0.0625  -0.0610  -0.0772   0.0701  -0.0362  -0.0155
 -0.0437  -0.0021  -0.1028   0.0672  -0.0324   0.0228
 -0.0307  -0.0821  -0.0783   0.1887  -0.0173   0.0929
 -0.0598  -0.0287  -0.0760   0.0514  -0.0423   0.0140
 -0.0619  -0.0323  -0.0900   0.1191  -0.0316   0.0708
 -0.0721  -0.0931  -0.0909   0.1746  -0.0291   0.0858
 -0.0835  -0.0757  -0.1015   0.1020  -0.0334   0.0583
 -0.0822  -0.0313  -0.1102   0.0621  -0.0481   0.0416
 -0.0376  -0.0234  -0.1332   0.1314  -0.0302   0.1052
 -0.0317  -0.0508  -0.0897   0.1326  -0.0423   0.1087
 -0.0713   0.0883  -0.0648   0.0920  -0.0412   0.0973
 -0.0769   0.1014  -0.0773   0.0552  -0.0423   0.0890
 -0.0661   0.0435  -0.0914   0.1382  -0.0394   0.1460
 -0.0753   0.0116  -0.0827   0.1430  -0.0464   0.1347
 -0.0657   0.0750  -0.0758   0.0656  -0.0589   0.0977
 -0.0003   0.0139  -0.1257   0.1142  -0.0565   0.1348
  0.0478  -0.1074  -0.1490   0.1117  -0.0902   0.0999
  0.0237  -0.0565  -0.1580   0.0534  -0.0910   0.0699
 -0.0060  -0.0454  -0.1347   0.0975  -0.0798   0.1320
 -0.0066  -0.0647  -0.1364   0.1173  -0.0558   0.1241
 -0.0246  -0.0691  -0.1449   0.1047  -0.0576   0.1129
 -0.0147  -0.0338  -0.1551   0.0375  -0.0691   0.0796
  0.0012  -0.0319  -0.1338   0.1104  -0.0549   0.1360
  0.0017  -0.0848  -0.1296   0.1409  -0.0519   0.1631
  0.0036  -0.0560  -0.1094   0.0680  -0.0584   0.0905
 -0.0071  -0.0388  -0.1215   0.0742  -0.0606   0.1483
 -0.0017  -0.0630  -0.1317   0.1000  -0.0549   0.1654
  0.0161  -0.0852  -0.1260   0.0942  -0.0582   0.1217
 -0.0076  -0.0225  -0.1381   0.0223  -0.0663   0.0829
  0.0022  -0.0220  -0.1381   0.0860  -0.0581   0.1718
 -0.0014  -0.0796  -0.1259   0.1184  -0.0434   0.1954
 -0.0148  -0.0635  -0.1386   0.0560  -0.0606   0.1287
 -0.0108  -0.0491  -0.1347   0.0891  -0.0428   0.1866
  0.0035  -0.0865  -0.1260   0.1300  -0.0438   0.1986
  0.0045  -0.0995  -0.1330   0.0939  -0.0375   0.1553
  0.0071  -0.0625  -0.1432   0.0897  -0.0447   0.1437
 -0.0013  -0.0535  -0.0978   0.1230  -0.0375   0.2045
 -0.0024  -0.0840  -0.1038   0.1711  -0.0405   0.2318
 -0.0092  -0.1391  -0.0956   0.1612  -0.0511   0.2071
 -0.0256  -0.0948  -0.0961   0.1086  -0.0589   0.1764
 -0.0200  -0.0799  -0.1066   0.1072  -0.0500   0.2119
 -0.0076  -0.1411  -0.0980   0.1712  -0.0474   0.2559
 -0.0071  -0.0964  -0.0652   0.1350  -0.0528   0.2320
 -0.0082  -0.0458  -0.0560   0.0620  -0.0749   0.1871
 -0.0112  -0.0533  -0.0867   0.0922  -0.0626   0.2413
 -0.0159  -0.1168  -0.0563   0.1094  -0.0661   0.2437
 -0.0373  -0.0489  -0.0378  -0.0001  -0.0449   0.1757
 -0.0119  -0.0813  -0.0429   0.0821  -0.0501   0.2232
 -0.0142  -0.2205  -0.0583  -0.0315  -0.0607   0.1046
  0.0600  -0.1531  -0.2498  -0.2978  -0.0390  -0.0293
  0.0744  -0.4140  -0.2227  -0.1342  -0.0399   0.0676
  0.0741  -0.5408  -0.1193  -0.2142  -0.1122   0.0161
  0.0604  -0.3418  -0.0882  -0.1858  -0.1600  -0.0092
  0.0960  -0.4072  -0.0774  -0.0367  -0.1009   0.0918
  0.1041  -0.6267  -0.2305  -0.0855  -0.0732   0.0300
  0.0702  -0.6252  -0.2039  -0.3600  -0.1086  -0.1229
  0.0608  -0.4546  -0.2013  -0.3023  -0.0916  -0.0263
  0.0804  -0.4319  -0.2028  -0.2106  -0.0872   0.0396
  0.0942  -0.4208  -0.2122  -0.1639  -0.0806   0.0431
  0.1077  -0.3738  -0.2115  -0.1679  -0.0882   0.0487
  0.0976  -0.3585  -0.2092  -0.1308  -0.0930   0.1111
  0.0896  -0.4007  -0.2023  -0.0819  -0.0900   0.1261
  0.0839  -0.3540  -0.2022  -0.1472  -0.0891   0.0875
  0.0907  -0.3550  -0.1998  -0.1730  -0.0921   0.0963
  0.1038  -0.3662  -0.2051  -0.1449  -0.0883   0.1150
  0.0676  -0.3886  -0.2051  -0.1886  -0.0834   0.0808
  0.0651  -0.3167  -0.1989  -0.2154  -0.0824   0.0964
  0.0805  -0.3327  -0.2056  -0.1542  -0.0752   0.1298
  0.0670  -0.3833  -0.1850  -0.1574  -0.0731   0.1070
  0.0557  -0.3115  -0.1912  -0.3184  -0.0901   0.0130
  0.1008  -0.3728  -0.1863  -0.2130  -0.0821   0.1059
  0.0604  -0.4563  -0.0555  -0.2278  -0.1202   0.0862
  0.0572  -0.3719  -0.1029  -0.3974  -0.1291  -0.0385
  0.0705  -0.3609  -0.0271  -0.3928  -0.0886   0.0049
