 -0.0037  -0.0057   0.0298   0.0068   0.0122  -0.0114
 -0.0113  -0.0189  -0.0046   0.1450  -0.0276   0.1356
 -0.0100   0.0695  -0.0023   0.0488  -0.0049   0.2276
 -0.0161   0.0803  -0.0189  -0.0857  -0.0161  -0.0340
 -0.0359  -0.0051  -0.0349   0.0824  -0.0326  -0.1985
 -0.0381  -0.0122  -0.0354   0.1048  -0.0335  -0.1734
 -0.0472  -0.0051  -0.0243   0.0479  -0.0547  -0.0705
 -0.0490   0.0028  -0.0290   0.0957  -0.0192   0.2408
  0.0070   0.0199  -0.0062   0.0186  -0.0037   0.2576
  0.0099   0.0138  -0.0100  -0.0855   0.0106  -0.0715
  0.0037  -0.0191  -0.0115   0.0218   0.0045  -0.1492
 -0.0099  -0.0391  -0.0235   0.1000  -0.0127  -0.0741
  0.0071   0.0390  -0.0178  -0.0187  -0.0038   0.1847
  0.0051   0.0436  -0.0062  -0.1131   0.0008   0.1048
 -0.0102  -0.0303  -0.0111   0.0044  -0.0111  -0.2009
 -0.0213  -0.0360  -0.0188   0.0812  -0.0221  -0.0814
 -0.0012   0.0126  -0.0059  -0.0262   0.0006   0.1855
 -0.0108   0.0140  -0.0006  -0.0879  -0.0057   0.1183
 -0.0110  -0.0366  -0.0120   0.0271   0.0015  -0.1659
 -0.0265  -0.0469  -0.0032   0.0729  -0.0100  -0.0867
 -0.0152  -0.0088   0.0104  -0.0460   0.0050   0.1808
 -0.0178   0.0047   0.0031  -0.1019   0.0062   0.0766
 -0.0249  -0.0246   0.0043   0.0476   0.0005  -0.2073
 -0.0518  -0.0429  -0.0146   0.1121  -0.0300  -0.1179
 -0.0459  -0.0243  -0.0107  -0.0753  -0.0463   0.2210
 -0.0031   0.0136  -0.0121  -0.1241  -0.0544   0.1394
 -0.0241  -0.0298  -0.0254   0.0687  -0.0087  -0.2040
 -0.0342   0.0069  -0.0367   0.0929  -0.0212  -0.1716
 -0.0616  -0.0394  -0.0488   0.0620  -0.0628   0.0835
 -0.0566   0.0367  -0.0473  -0.0364  -0.0555   0.2103
 -0.0062  -0.0148  -0.0109  -0.0599   0.0406  -0.0201
 -0.0254  -0.0364  -0.0321   0.0726   0.0063   0.0019
 -0.0243   0.0157  -0.0240  -0.0115   0.0106   0.0977
 -0.0271  -0.0018  -0.0280  -0.0595   0.0119  -0.0914
 -0.0456  -0.0241   0.0015   0.0504   0.0199  -0.2166
 -0.0474  -0.0542  -0.0108   0.1115  -0.0161  -0.0192
  0.0267  -0.0088   0.0009  -0.0618   0.0156   0.2471
  0.0251   0.0123   0.0092  -0.0808   0.0131   0.0424
  0.0162  -0.0146   0.0038   0.0611   0.0205  -0.1822
  0.0112  -0.0038   0.0136   0.0801   0.0100  -0.1634
  0.0218  -0.0281   0.0018  -0.0180   0.0154   0.1986
  0.0019  -0.0085   0.0314  -0.0600   0.0391   0.1373
 -0.0040  -0.0108  -0.0032  -0.0575   0.0279  -0.2023
 -0.0122  -0.0002   0.0078   0.0513   0.0095  -0.1502
 -0.0114  -0.0206  -0.0135  -0.0080  -0.0165   0.1163
 -0.0105   0.0352   0.0032  -0.0892  -0.0024   0.1278
 -0.0281  -0.0336  -0.0034   0.0062   0.0015  -0.1824
 -0.0343  -0.0696  -0.0028   0.0437   0.0023  -0.0602
 -0.0235  -0.0050  -0.0069  -0.0869   0.0041   0.1412
  0.0170   0.0068   0.0036   0.0021   0.0129  -0.0067
 -0.0298  -0.0789  -0.0205   0.1042  -0.0134  -0.0598
  0.0165   0.0288  -0.0170  -0.0533  -0.0059   0.1498
 -0.0370   0.0150  -0.0059  -0.1138  -0.0026  -0.0356
  0.0010  -0.0350  -0.0015   0.0506  -0.0115  -0.1588
 -0.0019  -0.0144  -0.0073   0.0699  -0.0175  -0.1273
 -0.0208  -0.0896  -0.0342   0.0683  -0.0408   0.0544
 -0.0072   0.0235  -0.0227  -0.0574  -0.0311   0.2141
 -0.0133   0.0138  -0.0109  -0.1155   0.0215   0.0454
 -0.0143  -0.0157  -0.0167   0.0517  -0.0306  -0.1965
 -0.0198  -0.0011  -0.0092   0.0894   0.0090  -0.0098
 -0.0155   0.0268  -0.0110  -0.0600  -0.0322   0.1093
 -0.0313   0.0481   0.0023  -0.0321   0.0155  -0.0966
 -0.0292  -0.0237  -0.0196   0.0591  -0.0505  -0.1672
  0.0101  -0.0031  -0.0033  -0.0152  -0.0055  -0.0890
  0.0255  -0.0124  -0.0094   0.0006  -0.0039   0.2027
  0.0347   0.0413  -0.0057  -0.1018   0.0069   0.2348
  0.0260   0.0231   0.0065  -0.0558   0.0100  -0.0834
  0.0212  -0.0498  -0.0040   0.1127   0.0054  -0.1587
  0.0271   0.0509  -0.0007   0.0005   0.0002   0.1052
  0.0243   0.0025  -0.0089  -0.0828   0.0117   0.1411
  0.0175  -0.0180   0.0102   0.0143   0.0102  -0.1506
  0.0162  -0.0166  -0.0244   0.0532  -0.0203  -0.0287
  0.0167   0.0055  -0.0047  -0.0082  -0.0116   0.0827
  0.0016  -0.0020   0.0003  -0.0533  -0.0083  -0.1550
  0.0024  -0.0353  -0.0079   0.0654  -0.0267  -0.1562
  0.0108   0.0603  -0.0155  -0.0714  -0.0269   0.1517
  0.0064   0.0359  -0.0154  -0.1280  -0.0148   0.0672
  0.0052  -0.0146  -0.0054   0.0531  -0.0299  -0.1854
  0.0051  -0.0057  -0.0192   0.0632  -0.0428   0.0453
  0.0027   0.0082  -0.0164  -0.0709  -0.0297   0.1065
  0.0026   0.0123   0.0072  -0.0393   0.0281  -0.1320
  0.0032  -0.0399  -0.0022   0.1156  -0.0349  -0.0962
  0.0065   0.0359   0.0011  -0.0900   0.0249   0.1249
 -0.0020  -0.0073   0.0002  -0.0735  -0.0289   0.0119
  0.0011  -0.0579   0.0047   0.0937   0.0270  -0.1883
  0.0014  -0.0090  -0.0049   0.0527  -0.0245   0.1467
 -0.0300  -0.0967   0.0086  -0.0206   0.0395   0.0207
 -0.0075  -0.0453  -0.0037  -0.0398  -0.0254  -0.2035
  0.0394  -0.0049  -0.0054   0.0554   0.0134   0.0596
  0.0072   0.0241  -0.0026  -0.1216  -0.0097   0.1134
  0.0615   0.0371   0.0288  -0.0721   0.0621  -0.0725
  0.0156  -0.0460   0.0068   0.1079   0.0017  -0.1413
  0.0191   0.0210  -0.0075  -0.0237  -0.0072   0.1971
  0.0102   0.0050  -0.0105  -0.0375  -0.0085   0.1109
  0.0082  -0.0289   0.0009   0.0417  -0.0016  -0.1860
  0.0120  -0.0356  -0.0010   0.0920  -0.0153  -0.1054
  0.0191   0.0037   0.0035  -0.0111   0.0063   0.1105
  0.0314  -0.0029   0.0108  -0.0803   0.0131   0.0415
  0.0386   0.0275   0.0211  -0.0345   0.0136   0.0294
  0.0529   0.0294   0.0219   0.0045   0.0222  -0.0244
  0.0527  -0.0548   0.0222   0.0361   0.0253  -0.0718
  0.0088   0.0395   0.0378  -0.0223   0.0389  -0.0148
  0.0590   0.0308   0.0408  -0.0334   0.0387   0.0287
  0.0648   0.0293   0.0392   0.0297   0.0426   0.0369
  0.1187   0.0473   0.0766   0.0089   0.0848   0.0516
  0.0584   0.0691   0.0835  -0.0023   0.0897   0.0484
  0.0146   0.0408   0.0600  -0.0197   0.0136  -0.0048
  0.0081   0.1620   0.0703  -0.0988   0.0307  -0.1057
  0.0053   0.0822   0.0358  -0.0224  -0.0064  -0.0668
  0.0033   0.0696   0.0220   0.0203   0.0160   0.1060
 -0.0048   0.0447   0.0395  -0.0766   0.0195   0.0244
  0.0002  -0.0470   0.0150   0.1102   0.0056   0.0033
  0.0007   0.0094   0.0365   0.0166   0.0130   0.1148
 -0.0051  -0.0047   0.0182  -0.0913   0.0207  -0.0742
  0.0030  -0.0076   0.0233   0.0414  -0.0037   0.0927
  0.0219   0.0441   0.0158  -0.0243   0.0251   0.1152
  0.0093  -0.0077   0.0342  -0.0079   0.0284  -0.1434
  0.0098  -0.0064   0.0115   0.0089   0.0285  -0.2120
 -0.0001  -0.0264   0.0100   0.0717   0.0055   0.0351
  0.0183   0.0409   0.0002  -0.0295   0.0241   0.1966
