 -0.0350   0.0789  -0.0624  -0.1896  -0.0223  -0.4029
 -0.0407   0.0892  -0.0741  -0.1858  -0.0223  -0.4317
 -0.0451   0.0806  -0.0828  -0.1836  -0.0236  -0.4113
 -0.0391   0.0799  -0.0765  -0.1613  -0.0197  -0.3936
 -0.0550   0.0861  -0.0715  -0.1592  -0.0351  -0.3759
 -0.0558   0.0604  -0.0801  -0.1465  -0.0372  -0.3647
 -0.0533   0.0534  -0.0923  -0.1959  -0.0350  -0.3800
 -0.0559   0.0496  -0.0936  -0.1956  -0.0472  -0.3835
 -0.0605   0.0397  -0.0921  -0.2025  -0.0554  -0.3950
 -0.0588   0.0542  -0.0924  -0.2376  -0.0507  -0.4009
 -0.0588   0.0494  -0.0954  -0.2341  -0.0529  -0.3941
 -0.0614   0.0570  -0.0943  -0.2478  -0.0516  -0.4275
 -0.0483   0.0386  -0.0828  -0.2085  -0.0403  -0.4190
 -0.0422   0.0500  -0.0685  -0.1943  -0.0384  -0.4135
 -0.0465   0.0413  -0.0779  -0.1759  -0.0385  -0.3962
 -0.0363   0.0396  -0.0783  -0.1827  -0.0332  -0.3916
 -0.0372   0.0470  -0.0713  -0.1846  -0.0319  -0.3875
 -0.0342   0.0525  -0.0716  -0.1719  -0.0307  -0.3721
 -0.0394   0.0468  -0.0709  -0.1514  -0.0302  -0.3560
 -0.0404   0.0423  -0.0714  -0.1540  -0.0356  -0.3611
 -0.0380   0.0359  -0.0519  -0.1398  -0.0319  -0.3606
 -0.0390   0.0341  -0.0572  -0.1580  -0.0356  -0.3652
 -0.0447   0.0259  -0.0586  -0.1369  -0.0380  -0.3651
 -0.0493   0.0193  -0.0574  -0.1236  -0.0398  -0.3607
 -0.0501   0.0201  -0.0572  -0.1254  -0.0334  -0.3723
 -0.0427   0.0276  -0.0495  -0.1249  -0.0343  -0.3622
 -0.0557   0.0628  -0.0582  -0.1461  -0.0359  -0.3550
 -0.0434   0.0501  -0.0656  -0.1762  -0.0367  -0.3493
 -0.0400   0.0579  -0.0630  -0.2048  -0.0347  -0.3676
 -0.0388   0.0679  -0.0588  -0.1991  -0.0263  -0.3806
 -0.0325   0.0734  -0.0545  -0.1719  -0.0249  -0.3605
 -0.0345   0.0629  -0.0470  -0.1572  -0.0230  -0.3434
 -0.0358   0.0530  -0.0449  -0.1342  -0.0192  -0.3327
 -0.0335   0.0438  -0.0452  -0.1051  -0.0142  -0.3362
 -0.0262   0.0448  -0.0384  -0.1102  -0.0180  -0.3348
 -0.0155   0.0481  -0.0316  -0.1308  -0.0217  -0.3143
 -0.0157   0.0370  -0.0384  -0.1044  -0.0166  -0.3122
 -0.0135   0.0294  -0.0386  -0.0796  -0.0128  -0.3196
 -0.0190   0.0516  -0.0446  -0.0749  -0.0163  -0.3281
 -0.0143   0.0636  -0.0437  -0.0587  -0.0214  -0.3150
 -0.0051   0.0613  -0.0348  -0.0712  -0.0183  -0.3166
 -0.0050   0.0552  -0.0372  -0.0618  -0.0154  -0.3146
 -0.0091   0.0454  -0.0453  -0.0675  -0.0124  -0.3032
 -0.0136   0.0824  -0.0404  -0.1000  -0.0154  -0.3044
 -0.0192   0.0779  -0.0429  -0.0803  -0.0131  -0.2899
 -0.0184   0.0763  -0.0378  -0.0533  -0.0175  -0.2625
 -0.0177   0.0836  -0.0393  -0.0781  -0.0228  -0.2445
 -0.0135   0.0934  -0.0364  -0.0837  -0.0265  -0.2626
 -0.0132   0.0818  -0.0408  -0.0739  -0.0271  -0.2598
 -0.0157   0.0561  -0.0421  -0.0418  -0.0163  -0.2446
  0.0006   0.0611  -0.0350  -0.0703  -0.0175  -0.2593
 -0.0171   0.0524  -0.0377  -0.0624  -0.0146  -0.2459
 -0.0183   0.0643  -0.0366  -0.0712  -0.0164  -0.2358
 -0.0250   0.0798  -0.0335  -0.0767  -0.0211  -0.2323
 -0.0214   0.0657  -0.0356  -0.0787  -0.0242  -0.2115
 -0.0227   0.0799  -0.0327  -0.0936  -0.0227  -0.2182
 -0.0201   0.0650  -0.0339  -0.0784  -0.0263  -0.1975
 -0.0200   0.0398  -0.0355  -0.0805  -0.0256  -0.1929
 -0.0187   0.0379  -0.0274  -0.0466  -0.0194  -0.1961
 -0.0304   0.0496  -0.0197  -0.0494  -0.0224  -0.2014
 -0.0325   0.0379  -0.0339  -0.0579  -0.0219  -0.1962
 -0.0144   0.0650  -0.0309  -0.1041  -0.0201  -0.1918
 -0.0165   0.0618  -0.0259  -0.0704  -0.0202  -0.1605
 -0.0218   0.0594  -0.0330  -0.0560  -0.0209  -0.1439
 -0.0190   0.0543  -0.0296  -0.0592  -0.0156  -0.1278
 -0.0135   0.0465  -0.0347  -0.0867  -0.0123  -0.1354
 -0.0225   0.0535  -0.0259  -0.0774  -0.0166  -0.1451
 -0.0221   0.0496  -0.0173  -0.0429  -0.0219  -0.1285
 -0.0180   0.0202  -0.0157  -0.0362  -0.0243  -0.1155
 -0.0123   0.0193  -0.0133  -0.0429  -0.0236  -0.1109
 -0.0228   0.0271  -0.0103  -0.0278  -0.0286  -0.1309
 -0.0217   0.0123  -0.0170  -0.0249  -0.0288  -0.1159
 -0.0101   0.0139  -0.0184  -0.0447  -0.0236  -0.1005
 -0.0263   0.0254  -0.0144  -0.0285  -0.0262  -0.0987
 -0.0251   0.0358  -0.0135  -0.0420  -0.0289  -0.1138
 -0.0122   0.0259  -0.0176  -0.0528  -0.0260  -0.0914
 -0.0116   0.0325  -0.0161  -0.0665  -0.0235  -0.0956
 -0.0180   0.0371  -0.0148  -0.0603  -0.0267  -0.0969
 -0.0172   0.0247  -0.0247  -0.0487  -0.0279  -0.0784
 -0.0147   0.0340  -0.0171  -0.0508  -0.0243  -0.0526
 -0.0128   0.0238  -0.0212  -0.0270  -0.0193  -0.0451
 -0.0165   0.0164  -0.0221  -0.0200  -0.0212  -0.0333
 -0.0119   0.0304  -0.0113  -0.0234  -0.0172  -0.0427
 -0.0067   0.0356  -0.0068  -0.0411  -0.0205  -0.0449
 -0.0164   0.0287  -0.0161  -0.0504  -0.0269   0.0023
 -0.0167   0.0237  -0.0191  -0.0626  -0.0293   0.0022
 -0.0244   0.0343  -0.0209  -0.0796  -0.0290   0.0020
 -0.0502   0.0125   0.0648   0.1561   0.0394   0.1841
 -0.0600  -0.3455  -0.0399   0.5448  -0.0727   0.0916
 -0.0088  -0.3665  -0.0410   0.2952   0.0202   0.0776
 -0.0109  -0.0382   0.0781   0.0912   0.0337   0.0849
  0.0379  -0.1348   0.0945   0.1940   0.0771   0.0781
  0.0485  -0.0831   0.0553   0.1794   0.0651   0.0774
  0.0427  -0.0955   0.0655   0.1692   0.0561   0.0805
  0.0321  -0.1085   0.0584   0.1722   0.0499   0.0930
  0.0311  -0.1161   0.0532   0.1647   0.0477   0.0906
  0.0259  -0.1163   0.0476   0.1495   0.0426   0.1116
  0.0239  -0.0897   0.0388   0.1215   0.0392   0.1021
  0.0263  -0.1072   0.0405   0.1045   0.0370   0.1031
  0.0309  -0.0950   0.0467   0.1095   0.0407   0.1005
  0.0280  -0.1246   0.0438   0.1614   0.0446   0.1321
  0.0329  -0.1145   0.0454   0.1581   0.0473   0.1454
  0.0341  -0.1035   0.0551   0.1655   0.0525   0.1378
  0.0398  -0.0997   0.0672   0.1268   0.0594   0.1383
  0.0454  -0.0935   0.0813   0.1278   0.0510   0.1654
  0.0392  -0.1082   0.0645   0.1133   0.0420   0.2031
  0.0401  -0.1180   0.0507   0.0865   0.0409   0.1833
  0.0500  -0.1074   0.0537   0.0861   0.0389   0.1609
  0.0485  -0.1093   0.0516   0.1116   0.0419   0.1854
  0.0449  -0.1050   0.0550   0.1296   0.0411   0.2079
  0.0463  -0.1057   0.0577   0.1174   0.0390   0.2136
  0.0437  -0.1095   0.0542   0.1196   0.0403   0.2102
  0.0369  -0.1129   0.0543   0.1385   0.0408   0.2348
  0.0365  -0.1056   0.0576   0.1475   0.0416   0.2382
  0.0428  -0.1063   0.0544   0.1228   0.0388   0.2444
  0.0470  -0.1196   0.0582   0.1015   0.0354   0.2543
  0.0482  -0.0407   0.0462   0.0879   0.0286   0.2458
  0.0362  -0.0633   0.0491   0.1110   0.0213   0.2525
  0.0352  -0.0414   0.0534   0.1004   0.0250   0.2697
  0.0277  -0.0529   0.0479   0.1008   0.0205   0.2827
  0.0353  -0.0437   0.0406   0.0501   0.0258   0.2849
  0.0366  -0.0214   0.0484   0.0596   0.0304   0.2728
  0.0480  -0.0317   0.0491   0.1105   0.0365   0.2868
  0.0468  -0.0522   0.0499   0.1187   0.0365   0.3590
  0.0415  -0.0337   0.0509   0.1188   0.0352   0.3600
  0.0445  -0.0332   0.0549   0.1384   0.0372   0.3611
  0.0372  -0.0538   0.0449   0.1270   0.0311   0.3714
  0.0438  -0.0438   0.0351   0.1080   0.0346   0.3721
  0.0478  -0.0484   0.0359   0.1065   0.0419   0.3728
  0.0515  -0.0375   0.0388   0.1058   0.0357   0.3895
  0.0496  -0.0292   0.0417   0.1111   0.0310   0.3922
  0.0496  -0.0310   0.0447   0.1234   0.0318   0.4034
  0.0490  -0.0191   0.0446   0.1451   0.0382   0.4091
  0.0457  -0.0117   0.0409   0.1503   0.0345   0.4127
  0.0443  -0.0080   0.0488   0.1481   0.0302   0.4330
  0.0472  -0.0324   0.0775   0.1659   0.0214   0.4689
  0.0404  -0.0428   0.0981   0.1907   0.0266   0.4809
  0.0174  -0.0455   0.0848   0.1433   0.0180   0.4485
  0.0272  -0.0087   0.0537   0.0857   0.0229   0.4513
  0.0335   0.0097   0.0555   0.0778   0.0238   0.4349
  0.0328   0.0205   0.0559   0.0963   0.0280   0.4687
  0.0320   0.0110   0.0595   0.1138   0.0350   0.5035
  0.0361   0.0114   0.0576   0.1204   0.0333   0.5265
  0.0275   0.0085   0.0614   0.1206   0.0268   0.5259
  0.0350   0.0145   0.0650   0.1194   0.0242   0.5251
  0.0437   0.0081   0.0649   0.1263   0.0251   0.5361
  0.0383   0.0018   0.0710   0.1535   0.0204   0.5564
  0.0329   0.0228   0.0714   0.1405   0.0164   0.5683
  0.0319   0.0122   0.0658   0.1371   0.0149   0.5808
  0.0336  -0.0063   0.0596   0.1000   0.0204   0.5981
  0.0409  -0.0158   0.0604   0.0708   0.0266   0.5864
  0.0407  -0.0132   0.0738   0.0916   0.0229   0.5836
  0.0435  -0.0182   0.0863   0.0947   0.0259   0.6030
  0.0517  -0.0365   0.0858   0.1021   0.0269   0.6159
  0.0478  -0.0397   0.0883   0.1329   0.0218   0.6262
  0.0377  -0.0230   0.0867   0.1457   0.0195   0.6444
