 -0.0719   0.0327  -0.0894   0.0015  -0.0811   0.1063
 -0.0721   0.0199  -0.1110   0.0173  -0.0937   0.0427
 -0.0885   0.0471  -0.0868   0.0139  -0.1045   0.1822
 -0.0799   0.0437  -0.0757  -0.0238  -0.0797   0.0598
 -0.0791   0.0550  -0.0696  -0.0010  -0.0817   0.0984
 -0.0870   0.0402  -0.0590  -0.0278  -0.0827   0.0668
 -0.0802   0.0408  -0.0786   0.0311  -0.0925   0.0475
 -0.0894  -0.0162  -0.0749   0.0474  -0.0981   0.0174
 -0.0891   0.0015  -0.0359   0.0800  -0.0950   0.2189
 -0.0493   0.0173  -0.0565   0.0326  -0.0688   0.1058
 -0.0481   0.0004  -0.0551   0.0789  -0.0565   0.0296
 -0.0481   0.0299  -0.0348  -0.0013  -0.0607   0.1569
 -0.0376  -0.0059  -0.0472   0.0516  -0.0504  -0.0099
 -0.0374  -0.0032  -0.0320  -0.0082  -0.0636   0.1694
 -0.0406  -0.0278  -0.0398   0.0563  -0.0511  -0.0602
 -0.0585  -0.0060  -0.0225  -0.0164  -0.0585   0.2001
 -0.0592  -0.0020  -0.0307   0.0704  -0.0695   0.0577
 -0.0542  -0.0400  -0.0678   0.1133  -0.0709  -0.0798
 -0.0593   0.0260  -0.0523   0.0314  -0.0626   0.2225
 -0.0395   0.0204  -0.0749   0.1156  -0.0567   0.0362
 -0.0347  -0.0283  -0.1041   0.0892  -0.0630  -0.0982
 -0.0825  -0.0028  -0.0466   0.0593  -0.0842   0.2467
 -0.0646  -0.0039  -0.0703   0.1858  -0.0867  -0.0231
 -0.0703  -0.0157  -0.0589   0.0962  -0.0778   0.0825
 -0.0705  -0.0101  -0.0707   0.1651  -0.0829   0.0499
 -0.0747   0.0080  -0.0581   0.0918  -0.0774   0.1315
 -0.0482   0.0115  -0.0633   0.1237  -0.0643   0.0820
 -0.0408  -0.0361  -0.0909   0.1381  -0.0610  -0.0589
 -0.0395   0.0018  -0.0525   0.0156  -0.0603   0.2327
 -0.0300   0.0082  -0.0539   0.0630  -0.0586   0.0833
 -0.0150  -0.0221  -0.0859   0.1430  -0.0507  -0.0859
 -0.0089  -0.0281  -0.0717   0.0447  -0.0388   0.0658
 -0.0301   0.0127  -0.0608   0.0537  -0.0640   0.1404
 -0.0236   0.0013  -0.0804   0.0332  -0.0693  -0.0105
 -0.0226   0.0151  -0.0553   0.0636  -0.0575   0.1077
 -0.0237  -0.0109  -0.0548   0.0606  -0.0513   0.0185
 -0.0422  -0.0078  -0.0378   0.1317  -0.0625   0.0438
 -0.0381  -0.0100  -0.0515   0.0768  -0.0607  -0.0384
 -0.0204   0.0620  -0.0684  -0.0208  -0.0627   0.1798
 -0.0116   0.0326  -0.1034   0.0794  -0.0758  -0.0736
 -0.0164   0.0566  -0.0634  -0.0218  -0.0593   0.1140
 -0.0180   0.0522  -0.0637   0.0806  -0.0599   0.0106
 -0.0038   0.0430  -0.0726   0.0368  -0.0548  -0.0107
 -0.0217   0.0541  -0.0559   0.0197  -0.0639   0.1152
 -0.0134   0.0313  -0.0760   0.0659  -0.0666  -0.0446
 -0.0254   0.0449  -0.0534   0.0319  -0.0676   0.1057
 -0.0184   0.0339  -0.0627   0.0560  -0.0532  -0.0101
 -0.0101   0.0345  -0.0513   0.0659  -0.0502   0.0455
 -0.0154   0.0235  -0.0836   0.0834  -0.0482  -0.1941
 -0.0444   0.0421  -0.0276   0.0201  -0.0613   0.2364
 -0.0410   0.0506  -0.0417   0.0419  -0.0561  -0.0009
 -0.0408   0.0475  -0.0473   0.0851  -0.0601  -0.0022
  0.0108   0.0417  -0.0989   0.0355  -0.0357  -0.0039
  0.0016   0.0356  -0.0895   0.0858  -0.0455   0.0044
 -0.0198   0.0439  -0.0577   0.0711  -0.0423   0.0615
 -0.0265   0.0194  -0.0640   0.0889  -0.0358  -0.0925
 -0.0264   0.0469  -0.0500   0.0649  -0.0320   0.0731
 -0.0212   0.0263  -0.0777   0.0677  -0.0280  -0.0884
  0.0013   0.0555  -0.0589  -0.0376  -0.0188   0.1004
  0.0113   0.0197  -0.0285   0.0045  -0.0203  -0.0823
  0.0234   0.0126  -0.0284  -0.0183   0.0232  -0.0681
  0.0228   0.0251   0.0051  -0.0712   0.0204   0.1246
  0.0294   0.0259  -0.0046   0.0452   0.0241  -0.0607
  0.0216   0.0141   0.0037   0.0001   0.0232  -0.0891
  0.0104  -0.0089  -0.0032   0.0656   0.0239  -0.0385
  0.0053  -0.0747  -0.0435   0.0612  -0.0107  -0.1009
  0.0015  -0.0265  -0.0163  -0.0752  -0.0254   0.1907
  0.0119  -0.0072  -0.0134  -0.1131  -0.0198  -0.0329
  0.0041   0.0083   0.0079  -0.1042  -0.0163  -0.0018
  0.0151  -0.0140   0.0039  -0.0221   0.0029  -0.0638
  0.0330  -0.0236   0.0032   0.0382   0.0116  -0.0448
  0.0264  -0.0223   0.0234   0.0536   0.0209  -0.0002
  0.0492  -0.0657  -0.0072   0.0578   0.0378  -0.1596
  0.0489  -0.0188   0.0652  -0.0371   0.0573   0.1400
  0.0600  -0.0247   0.0549  -0.0342   0.0614  -0.0519
  0.0642  -0.0404   0.0607  -0.0012   0.0708  -0.0456
  0.0703  -0.0513   0.0712   0.0154   0.0790  -0.0315
  0.0815  -0.0970   0.0411   0.0717   0.0772  -0.1815
  0.0803  -0.0576   0.0951  -0.0398   0.1080   0.1474
  0.0797  -0.0542   0.0831   0.0296   0.1085  -0.0728
  0.0382  -0.0394   0.0645  -0.0710   0.0530   0.0071
  0.0651  -0.1248   0.0789  -0.0063   0.0680  -0.1360
  0.0493  -0.1307   0.0840  -0.0618   0.0675  -0.0836
  0.0749  -0.0601   0.0602  -0.0782   0.0697   0.0986
  0.0754  -0.0772   0.0279  -0.0649   0.0826  -0.1927
  0.0571  -0.0480   0.0956  -0.1233   0.0924   0.1048
  0.0950  -0.0325   0.0614  -0.0540   0.1023  -0.0587
  0.0758  -0.0575   0.0670  -0.0500   0.0887  -0.1065
  0.0516  -0.0397   0.0838  -0.0247   0.0824  -0.0163
  0.0732  -0.0438   0.0721  -0.0624   0.0967  -0.0589
  0.0695  -0.0540   0.0835  -0.0094   0.1096  -0.1126
  0.0711  -0.0328   0.1262  -0.0950   0.1219   0.0456
  0.0791  -0.0582   0.0856  -0.0075   0.1210  -0.1616
  0.0620  -0.0428   0.1096  -0.0843   0.1286   0.0036
  0.0754  -0.0449   0.0953  -0.0213   0.1339  -0.0541
  0.0928  -0.0499   0.0813  -0.0160   0.1346  -0.0194
  0.0785  -0.0928   0.0992   0.0116   0.1443  -0.2699
  0.0636  -0.0481   0.1330  -0.1247   0.1248   0.0586
  0.0782  -0.0117   0.1216  -0.1236   0.1101   0.0545
  0.0554  -0.0218   0.1194  -0.0653   0.1014  -0.1706
  0.0347  -0.0245   0.0688  -0.0091   0.0978  -0.3686
  0.0008   0.0173  -0.0002   0.0553   0.0416  -0.0226
 -0.0014   0.0966   0.0670  -0.2400   0.0101   0.2590
  0.0049   0.0570   0.0936  -0.2526   0.0125  -0.0247
 -0.0104   0.0399   0.1094  -0.2124   0.0158  -0.1102
 -0.0133   0.0367   0.1080  -0.1215   0.0190  -0.1023
  0.0065   0.0315   0.0773  -0.1026   0.0220  -0.0746
 -0.0109   0.0425   0.0618  -0.0494   0.0192  -0.2449
 -0.0180   0.0106   0.0380  -0.1242   0.0244  -0.2392
 -0.0316   0.0449   0.0773  -0.2104   0.0156   0.0431
  0.0146   0.0740   0.0749  -0.2075   0.0302   0.0623
  0.0228   0.0472   0.0822  -0.1826   0.0463  -0.0733
  0.0307   0.0435   0.0883  -0.1192   0.0735  -0.1201
  0.0389   0.0318   0.0994  -0.0528   0.0926  -0.1204
  0.0508   0.0146   0.0860   0.0356   0.1000  -0.1732
  0.0466   0.0164   0.0937  -0.0933   0.1097  -0.1019
  0.0266   0.0193   0.1382  -0.0797   0.1015   0.0638
  0.0470  -0.0021   0.0797   0.0024   0.0957  -0.2224
  0.0223  -0.0118   0.0810  -0.0669   0.0881  -0.1613
  0.0135   0.0058   0.0819  -0.0511   0.0466   0.1172
