 -0.0338   0.0073  -0.0235  -0.2442  -0.0528  -0.1254
 -0.0341   0.0059  -0.0330  -0.2525  -0.0509  -0.1200
 -0.0401   0.0587  -0.0016  -0.2992  -0.0728  -0.0986
 -0.0270  -0.0861   0.0083   0.1461  -0.0534  -0.0845
 -0.0427  -0.1360   0.0020   0.4165  -0.0651  -0.0502
 -0.0310  -0.1326  -0.0107   0.4094  -0.0626  -0.0210
 -0.0223  -0.2913  -0.0414   0.7977  -0.0661   0.0217
 -0.0221  -0.3227  -0.0262   0.9889  -0.0863   0.0345
 -0.0237  -0.1553  -0.0648   0.5107  -0.0730   0.0160
 -0.0174  -0.0504  -0.0031  -0.1541  -0.0252  -0.0750
  0.0070   0.3841  -0.1328  -0.2109  -0.0190  -0.1378
 -0.0192   0.0842  -0.0778  -0.0551  -0.0187  -0.0741
 -0.0130   0.1154  -0.0368  -0.0125  -0.0030  -0.0653
 -0.0194   0.1511   0.0184  -0.0874   0.0216  -0.0797
  0.0075   0.1096  -0.0017  -0.1243   0.0121  -0.0602
 -0.0185   0.0698  -0.0019  -0.1896  -0.0022  -0.1302
  0.0030   0.0416  -0.0211  -0.1073   0.0090  -0.0838
  0.0049   0.0602  -0.0181  -0.1049   0.0049  -0.0721
  0.0112  -0.0028   0.0018  -0.0827   0.0058  -0.0387
  0.0088  -0.0049   0.0208  -0.0940   0.0125  -0.0222
  0.0153  -0.0059  -0.0068  -0.1221   0.0289  -0.0220
  0.0217   0.0252  -0.0074  -0.1923   0.0279  -0.0424
  0.0151  -0.0334   0.0062  -0.0436   0.0242  -0.0221
  0.0249  -0.0284  -0.0264  -0.0277   0.0391   0.0203
  0.0154   0.0079  -0.0165  -0.1098   0.0334  -0.0102
  0.0179  -0.0158  -0.0028  -0.1267   0.0286   0.0001
  0.0181   0.0292  -0.0056  -0.1575   0.0249   0.0162
  0.0190   0.0221  -0.0162  -0.1532   0.0336   0.0044
  0.0141   0.0575  -0.0141  -0.2023   0.0258  -0.0004
  0.0147   0.0230  -0.0167  -0.1497   0.0332   0.0145
  0.0077  -0.0001  -0.0265   0.0389   0.0183   0.0345
  0.0110   0.0490  -0.0254  -0.0935   0.0220   0.0107
  0.0196   0.0397  -0.0136  -0.1227   0.0181   0.0075
  0.0152   0.0085  -0.0291  -0.0684   0.0260   0.0226
 -0.0122   0.0153   0.0215   0.0279   0.0167   0.0806
  0.0105  -0.0186   0.1428   0.1244  -0.0040   0.1127
  0.0072  -0.0022   0.0631   0.0683   0.0221   0.0712
  0.0225  -0.0022   0.0518   0.0279   0.0298   0.0558
  0.0119  -0.0225   0.0400   0.0586   0.0292   0.0456
  0.0112   0.0147   0.0457   0.0593   0.0284   0.0549
  0.0109   0.0260   0.0389  -0.0399   0.0327   0.0420
  0.0019  -0.0119  -0.0066   0.0500   0.0220   0.0772
  0.0243   0.0115  -0.0309  -0.0218   0.0387   0.0950
  0.0028  -0.0353   0.0139   0.0119   0.0079   0.1174
  0.0032  -0.0639   0.0341   0.0625   0.0034   0.1205
  0.0047  -0.0168   0.0159  -0.0159   0.0150   0.0788
 -0.0142  -0.0183   0.0439  -0.0312  -0.0065   0.0600
 -0.0130  -0.0338   0.0779   0.0057  -0.0231   0.1207
 -0.0006  -0.0391   0.0635   0.0375  -0.0226   0.1228
