  0.0630  -0.2070   0.0256  -0.3725   0.0338   0.1338
  0.1013  -0.1357   0.0085  -0.1915   0.0169   0.1417
  0.1177  -0.1406   0.0096  -0.1131  -0.0028   0.1162
  0.1163  -0.1183  -0.0084  -0.0834   0.0038   0.0987
  0.1233  -0.0837  -0.0106  -0.0516   0.0074   0.0919
  0.1276  -0.0845  -0.0131  -0.0477   0.0170   0.0953
  0.1236  -0.0893  -0.0085   0.0065   0.0097   0.0728
  0.1234  -0.0820  -0.0143   0.0127   0.0047   0.0663
  0.1252  -0.0608  -0.0100   0.0295   0.0008   0.0574
  0.1373  -0.0769  -0.0073   0.0295  -0.0163   0.0447
  0.1138  -0.0463  -0.0025   0.0147   0.0043   0.0518
  0.1134  -0.0660  -0.0003   0.0208  -0.0277   0.0442
  0.0974  -0.0413  -0.0149  -0.0082  -0.0056   0.0524
  0.1101  -0.0538  -0.0014   0.0045  -0.0110   0.0386
  0.1251  -0.0537  -0.0034   0.0161  -0.0110   0.0395
  0.1288  -0.0679   0.0019   0.0044  -0.0314   0.0305
  0.1277  -0.0664  -0.0073  -0.0222  -0.0111   0.0419
  0.1308  -0.0629   0.0154   0.0111  -0.0197   0.0205
  0.1397  -0.0797   0.0156   0.0393  -0.0298   0.0076
  0.1417  -0.0999   0.0248   0.0543  -0.0527   0.0052
  0.1009  -0.0829   0.0204  -0.0384  -0.0234   0.0606
  0.1098  -0.0866   0.0295   0.0529  -0.0634   0.0186
  0.1160  -0.0836   0.0331   0.0228  -0.0448   0.0309
  0.0988  -0.0636   0.0137  -0.0100  -0.0175   0.0382
  0.1051  -0.0520   0.0070   0.0194  -0.0104   0.0256
  0.1099  -0.0668   0.0370   0.0597  -0.0317   0.0216
  0.0990  -0.0351   0.0247   0.0626  -0.0153   0.0157
  0.1141  -0.0602   0.0288   0.1017  -0.0312  -0.0003
  0.0898  -0.0550   0.0291   0.0517  -0.0060   0.0199
  0.1207  -0.0689   0.0534   0.1374  -0.0345  -0.0207
  0.0949  -0.0523   0.0372   0.0801   0.0092   0.0076
  0.0900  -0.0612   0.0263   0.0992   0.0016  -0.0041
  0.0845  -0.0503   0.0207   0.0816   0.0057   0.0002
  0.0865  -0.0493   0.0280   0.1231  -0.0462  -0.0247
  0.0806  -0.0344   0.0167   0.0839  -0.0054  -0.0069
  0.0928  -0.0505   0.0301   0.1498  -0.0388  -0.0351
  0.0772   0.0033   0.0317   0.1250   0.0056  -0.0400
  0.0875  -0.0488   0.0421   0.1123  -0.0348  -0.0195
  0.0913   0.0018   0.0007   0.0721  -0.0177  -0.0210
  0.0860   0.0207   0.0083   0.0751   0.0033  -0.0312
  0.0793  -0.0019   0.0342   0.0980  -0.0568  -0.0277
  0.0606   0.0152   0.0206   0.0661  -0.0008  -0.0173
  0.0856  -0.0042   0.0407   0.1323  -0.0580  -0.0443
  0.0656   0.0105   0.0312   0.0899  -0.0127  -0.0277
  0.0673   0.0075   0.0198   0.0884  -0.0203  -0.0373
  0.0623  -0.0059   0.0285   0.0699  -0.0416  -0.0270
  0.0533   0.0190   0.0231   0.0455  -0.0086  -0.0172
  0.0689   0.0011   0.0293   0.0857  -0.0625  -0.0421
  0.0587   0.0235   0.0214   0.0535  -0.0028  -0.0297
  0.0607   0.0002   0.0229   0.0882  -0.0338  -0.0560
  0.0369   0.0113   0.0087   0.0727  -0.0107  -0.0393
  0.0341  -0.0021   0.0118   0.1004  -0.0270  -0.0555
  0.0293  -0.0020   0.0076   0.0702  -0.0130  -0.0392
  0.0491  -0.0219   0.0225   0.0574  -0.0198  -0.0203
  0.0428   0.0009  -0.0027   0.0666  -0.0178  -0.0353
  0.0654   0.0139   0.0092   0.0693   0.0091  -0.0227
  0.0859  -0.0188   0.0237   0.0750  -0.0206  -0.0272
  0.0715  -0.0140   0.0150   0.0339   0.0253   0.0004
  0.0750  -0.0297   0.0217   0.0665   0.0110  -0.0136
  0.0565  -0.0019   0.0100   0.0579   0.0132  -0.0189
  0.0670  -0.0045   0.0194   0.0796   0.0015  -0.0257
  0.0772  -0.0065   0.0069   0.0672   0.0171  -0.0188
  0.0674   0.0058   0.0058   0.0305   0.0208  -0.0048
  0.0583  -0.0029   0.0134   0.0743   0.0091  -0.0151
  0.0361   0.0083   0.0112   0.0421   0.0181   0.0007
  0.0355   0.0139   0.0029   0.0441   0.0141  -0.0047
  0.0545  -0.0107  -0.0102   0.0409  -0.0011  -0.0056
  0.0423  -0.0077   0.0080   0.0464  -0.0100   0.0074
  0.0809  -0.0042   0.0300   0.0791  -0.0497  -0.0278
  0.0410   0.0078  -0.0056   0.0390   0.0270  -0.0119
  0.0543  -0.0091   0.0084   0.0652  -0.0194  -0.0365
  0.0370  -0.0182  -0.0240  -0.0289   0.0248   0.0051
  0.0439  -0.0178  -0.0094   0.0480  -0.0144  -0.0264
  0.0259   0.0015  -0.0140   0.0019   0.0035  -0.0035
  0.0294   0.0015  -0.0168   0.0005   0.0132   0.0100
  0.0367  -0.0026  -0.0270   0.0260   0.0006   0.0057
  0.0382   0.0025  -0.0057   0.0451   0.0027  -0.0085
  0.0336   0.0114  -0.0151   0.0459   0.0132  -0.0126
  0.0186   0.0119  -0.0102   0.0478   0.0072  -0.0083
  0.0285  -0.0013  -0.0076   0.0580  -0.0057  -0.0180
  0.0192   0.0125  -0.0190   0.0155   0.0145   0.0061
  0.0290  -0.0055  -0.0090   0.0291  -0.0054  -0.0100
  0.0030  -0.0012  -0.0196   0.0173   0.0046  -0.0022
  0.0276  -0.0355  -0.0215  -0.0197  -0.0286   0.0065
 -0.0006  -0.0149  -0.0297  -0.0393  -0.0123   0.0164
 -0.0026  -0.0030  -0.0169  -0.0222   0.0009   0.0017
  0.0091  -0.0154   0.0046   0.0138  -0.0129  -0.0112
 -0.0002   0.0034  -0.0070  -0.0079  -0.0076   0.0004
 -0.0011  -0.0030  -0.0129  -0.0173  -0.0027   0.0075
  0.0118  -0.0209   0.0053  -0.0003  -0.0385  -0.0074
  0.0060   0.0108  -0.0158  -0.0266   0.0108   0.0064
  0.0028   0.0044  -0.0171   0.0325  -0.0092  -0.0250
 -0.0073   0.0158  -0.0259  -0.0019   0.0103  -0.0062
  0.0251   0.0039   0.0039   0.0020  -0.0272   0.0006
  0.0221  -0.0019   0.0069  -0.0082   0.0237   0.0013
  0.0294  -0.0028   0.0188   0.0396   0.0011  -0.0114
  0.0102   0.0057  -0.0118  -0.0099   0.0371   0.0142
  0.0079   0.0008   0.0043   0.0356   0.0174  -0.0076
 -0.0000   0.0123  -0.0097  -0.0247   0.0425   0.0255
  0.0011  -0.0109   0.0061   0.0343   0.0212  -0.0062
 -0.0201   0.0062  -0.0164   0.0233   0.0303   0.0018
 -0.0063  -0.0102  -0.0108   0.0257   0.0108   0.0063
 -0.0199  -0.0151  -0.0276   0.0199   0.0190   0.0055
 -0.0319  -0.0062  -0.0150  -0.0130   0.0325   0.0194
 -0.0282  -0.0172  -0.0009   0.0180   0.0246  -0.0004
 -0.0320  -0.0052  -0.0010   0.0005   0.0453   0.0068
 -0.0354  -0.0179  -0.0017  -0.0024   0.0367   0.0021
 -0.0351  -0.0325   0.0025   0.0096   0.0125  -0.0074
 -0.0436  -0.0127  -0.0153  -0.0297   0.0278   0.0052
 -0.0430  -0.0258  -0.0069  -0.0079   0.0105  -0.0067
 -0.0640  -0.0317  -0.0079  -0.0122   0.0163   0.0042
 -0.0668  -0.0175  -0.0436  -0.0589   0.0347   0.0237
 -0.0655  -0.0379  -0.0296  -0.0513   0.0205   0.0232
 -0.0838  -0.0194  -0.0364  -0.0769   0.0245   0.0266
 -0.0808  -0.0112  -0.0325  -0.0745   0.0166   0.0314
 -0.0762  -0.0090  -0.0319  -0.0845   0.0254   0.0336
 -0.0557  -0.0122  -0.0208  -0.0592   0.0056   0.0144
 -0.0544   0.0024  -0.0195  -0.0572   0.0182   0.0031
 -0.0494   0.0056  -0.0072  -0.0595   0.0094   0.0073
 -0.0532   0.0039  -0.0082  -0.0504   0.0065   0.0017
 -0.0659   0.0147  -0.0101  -0.0944   0.0129   0.0188
 -0.0448  -0.0035   0.0131  -0.0551  -0.0290   0.0054
 -0.0569   0.0232  -0.0146  -0.0363  -0.0015  -0.0154
 -0.0624   0.0246  -0.0242  -0.0784   0.0088   0.0197
 -0.0638   0.0193  -0.0322  -0.0715   0.0069   0.0128
 -0.0677   0.0270  -0.0263  -0.0538  -0.0101  -0.0022
 -0.0824   0.0332  -0.0325  -0.1000  -0.0040   0.0185
 -0.0889   0.0361  -0.0230  -0.1187  -0.0013   0.0267
 -0.0872   0.0393  -0.0423  -0.0857  -0.0045   0.0044
 -0.0704   0.0222  -0.0342  -0.1016  -0.0134   0.0140
 -0.0720   0.0377  -0.0423  -0.1074   0.0002   0.0139
 -0.0825   0.0141  -0.0428  -0.0738  -0.0193   0.0013
 -0.0773   0.0554  -0.0619  -0.1085   0.0087   0.0035
 -0.0734   0.0359  -0.0182  -0.0850  -0.0213  -0.0000
 -0.0964   0.0433  -0.0418  -0.1448  -0.0045   0.0184
 -0.0693   0.0213  -0.0249  -0.1035  -0.0249   0.0050
 -0.0638   0.0584  -0.0437  -0.1176  -0.0058  -0.0100
 -0.0501   0.0391  -0.0207  -0.0443  -0.0330  -0.0278
 -0.0730   0.0535  -0.0387  -0.0546   0.0019  -0.0276
 -0.0641   0.0283  -0.0331  -0.0559  -0.0380  -0.0190
 -0.0711   0.0553  -0.0376  -0.0546  -0.0052  -0.0246
 -0.0705   0.0469  -0.0253  -0.0275  -0.0271  -0.0296
 -0.0831   0.0665  -0.0380  -0.0611  -0.0118  -0.0078
 -0.0803   0.0669  -0.0193  -0.0703  -0.0310  -0.0029
 -0.0886   0.0777  -0.0180  -0.0401  -0.0272  -0.0153
 -0.1038   0.0818  -0.0208  -0.0369  -0.0102  -0.0171
 -0.0980   0.0601  -0.0064  -0.0155  -0.0207  -0.0220
 -0.1172   0.0758  -0.0152  -0.0455  -0.0097  -0.0020
 -0.1087   0.0567  -0.0083  -0.0458  -0.0043  -0.0120
 -0.1074   0.0457  -0.0034  -0.0150  -0.0122  -0.0317
 -0.1335   0.0456  -0.0224  -0.0406   0.0030  -0.0135
 -0.1278   0.0315  -0.0125   0.0172  -0.0353  -0.0403
 -0.1176   0.0593  -0.0147   0.0143  -0.0079  -0.0305
 -0.0995   0.0544   0.0080  -0.0203   0.0434  -0.0066
 -0.0679   0.0524   0.0213   0.0159   0.0254  -0.0304
 -0.0892   0.0791  -0.0049   0.0041   0.0563  -0.0212
 -0.0862   0.0756   0.0052   0.0268   0.0324  -0.0376
 -0.0657   0.0565   0.0191  -0.0069   0.0064  -0.0203
 -0.0894   0.0750   0.0081  -0.0191   0.0286  -0.0152
 -0.0911   0.0711   0.0022  -0.0070   0.0272  -0.0145
 -0.1050   0.0838  -0.0101   0.0182   0.0029  -0.0356
 -0.0822   0.0957   0.0105   0.0022   0.0255  -0.0324
 -0.0848   0.1011   0.0035   0.0077   0.0230  -0.0364
 -0.0993   0.0902   0.0018  -0.0109   0.0411  -0.0104
 -0.0826   0.0933   0.0125   0.0496   0.0145  -0.0451
 -0.0972   0.0945   0.0134   0.0342   0.0330  -0.0335
 -0.0951   0.0908   0.0242   0.0234   0.0344  -0.0283
 -0.0917   0.0861   0.0279   0.0514   0.0159  -0.0422
 -0.1196   0.0845   0.0123  -0.0155   0.0389  -0.0064
 -0.1315   0.0725   0.0144  -0.0259   0.0371  -0.0025
 -0.1362   0.0668   0.0175  -0.0084   0.0299  -0.0144
 -0.1150   0.0580   0.0286   0.0088   0.0265  -0.0286
 -0.1272   0.0500   0.0084  -0.0646   0.0247   0.0020
 -0.1300   0.0554   0.0172  -0.0606   0.0336  -0.0049
 -0.1361   0.0410   0.0253   0.0005   0.0112  -0.0324
 -0.1516   0.0578   0.0155  -0.0239   0.0058  -0.0360
 -0.1577   0.0697   0.0055  -0.0433   0.0062  -0.0302
 -0.1505   0.0663   0.0066  -0.0395   0.0111  -0.0275
 -0.1538   0.0713  -0.0029  -0.0250   0.0130  -0.0313
 -0.1664   0.0769   0.0094  -0.0110  -0.0017  -0.0297
