 -0.0749  -0.2613   0.0141   0.1706  -0.0109   0.0784
 -0.0566  -0.1964   0.0250   0.1587   0.0032   0.1319
 -0.0610  -0.1716   0.0383   0.2342   0.0138   0.0049
 -0.0443  -0.1845   0.0484   0.2046   0.0116   0.0277
 -0.0467  -0.1775   0.0680   0.1757   0.0127   0.0102
 -0.0345  -0.1559   0.0598   0.1619   0.0148   0.0531
 -0.0334  -0.1450   0.0585   0.1782   0.0124   0.0703
 -0.0175  -0.1142   0.0690   0.1890   0.0215   0.0483
 -0.0162  -0.0974   0.0671   0.1839   0.0280   0.0030
 -0.0067  -0.1158   0.0576   0.1604   0.0286   0.0112
  0.0039  -0.0900   0.0591   0.1701   0.0320   0.0651
  0.0122  -0.0594   0.0543   0.1498   0.0307   0.0130
  0.0263  -0.0475   0.0494   0.1612   0.0286   0.0217
  0.0285  -0.0768   0.0421   0.1418   0.0279  -0.0284
  0.0332  -0.0586   0.0395   0.1070   0.0207   0.0604
  0.0408  -0.0367   0.0356   0.0907   0.0162   0.0186
  0.0304  -0.0407   0.0268   0.1157   0.0066  -0.0277
  0.0184  -0.0523   0.0282   0.1099  -0.0109   0.0271
  0.0252  -0.0188   0.0103   0.1025  -0.0072   0.0497
  0.0233  -0.0344   0.0139   0.1118  -0.0004  -0.0087
  0.0156  -0.0512   0.0124   0.1142  -0.0102  -0.0211
  0.0082  -0.0301   0.0234   0.1038  -0.0235   0.0663
  0.0172  -0.0411   0.0164   0.1332  -0.0072  -0.0582
  0.0464  -0.0382   0.0080   0.0721   0.0095   0.0501
  0.0503  -0.0093   0.0105   0.1148   0.0130   0.0210
  0.0561  -0.0434  -0.0123   0.0704   0.0152  -0.0385
  0.0594  -0.0065  -0.0247   0.0978   0.0081   0.0804
  0.0661  -0.0138  -0.0234   0.0650   0.0086  -0.0473
  0.0626  -0.0291  -0.0208   0.0477   0.0115   0.0251
  0.0802  -0.0030  -0.0224   0.0369   0.0177   0.0379
  0.0742  -0.0107  -0.0081   0.0669   0.0178  -0.0569
  0.0769  -0.0250  -0.0057   0.0285   0.0223  -0.0119
  0.0752  -0.0329  -0.0044   0.0194   0.0188   0.0027
  0.0754   0.0026  -0.0097   0.0215   0.0143   0.0286
  0.0704  -0.0186  -0.0074   0.0272   0.0167  -0.0773
  0.0817  -0.0189  -0.0139  -0.0028   0.0167   0.0494
  0.0886  -0.0120  -0.0126   0.0003   0.0233  -0.0564
  0.0934  -0.0340  -0.0277   0.0048   0.0271  -0.0048
  0.1005   0.0042  -0.0256   0.0321   0.0268   0.0402
  0.0965  -0.0156  -0.0164   0.0269   0.0277  -0.0798
  0.1159  -0.0186  -0.0292  -0.0172   0.0438   0.0514
  0.1151  -0.0025  -0.0246   0.0177   0.0335  -0.0242
  0.1158  -0.0204  -0.0183   0.0265   0.0533  -0.0172
  0.1214  -0.0171  -0.0188   0.0020   0.0535   0.0292
  0.1180  -0.0045  -0.0180   0.0146   0.0429   0.0167
  0.1083  -0.0240  -0.0091   0.0039   0.0363  -0.0547
  0.1171  -0.0125  -0.0108   0.0077   0.0406   0.0492
  0.1069  -0.0017  -0.0130   0.0235   0.0463  -0.0169
  0.1009  -0.0274  -0.0157   0.0139   0.0450  -0.0233
  0.1007  -0.0192  -0.0112   0.0358   0.0471   0.0226
  0.1102  -0.0086  -0.0040   0.0388   0.0477  -0.0383
  0.1038  -0.0294  -0.0104   0.0439   0.0473  -0.0048
  0.0959   0.0147  -0.0030   0.0311   0.0328   0.0114
  0.0854  -0.0164  -0.0054   0.0164   0.0276  -0.0384
  0.0776   0.0011  -0.0037   0.0744   0.0419   0.0390
  0.0870   0.0201  -0.0111   0.0354   0.0365  -0.0412
  0.0903  -0.0256  -0.0220   0.0061   0.0486   0.0043
  0.0861   0.0225  -0.0190   0.0483   0.0409   0.0125
  0.0853  -0.0121  -0.0256   0.0472   0.0417  -0.0372
  0.0863   0.0201  -0.0299   0.0573   0.0410   0.0533
  0.0830  -0.0035  -0.0367   0.0360   0.0323  -0.0551
  0.0796  -0.0038  -0.0373   0.0157   0.0346   0.0431
  0.0771   0.0326  -0.0426   0.0345   0.0279   0.0150
  0.0700  -0.0193  -0.0491   0.0289   0.0291  -0.0522
  0.0548  -0.0054  -0.0411   0.0681   0.0220   0.0609
  0.0414   0.0027  -0.0211   0.0759   0.0155   0.0343
 -0.0256  -0.0341  -0.0009   0.0630  -0.0095   0.0359
 -0.0539  -0.0580  -0.0008   0.0842  -0.0310  -0.0544
 -0.0330  -0.0455   0.0033   0.0774  -0.0264   0.0637
 -0.0206  -0.0017   0.0027   0.0742  -0.0215   0.0380
 -0.0184  -0.0424  -0.0043   0.0252  -0.0103  -0.0269
 -0.0417  -0.0330   0.0134   0.0915  -0.0221   0.0813
 -0.0312  -0.0218   0.0097   0.0694  -0.0287  -0.0134
 -0.0489  -0.0572   0.0226   0.0704  -0.0256  -0.0110
 -0.0467  -0.0289   0.0294   0.0884  -0.0203   0.0655
 -0.0301  -0.0093   0.0134   0.0836  -0.0268   0.0093
 -0.0343  -0.0251   0.0041   0.0832  -0.0197   0.0037
 -0.0462  -0.0401   0.0051   0.0798  -0.0166   0.0311
 -0.0176  -0.0026   0.0030   0.0934  -0.0142   0.0773
 -0.0164   0.0059  -0.0035   0.0763  -0.0088   0.0298
 -0.0347  -0.0020  -0.0124   0.0487  -0.0126  -0.0125
 -0.0420  -0.0345  -0.0107   0.0292  -0.0210   0.0190
 -0.0306   0.0075  -0.0103  -0.0014  -0.0325   0.0562
 -0.0286   0.0138  -0.0200  -0.0138  -0.0212  -0.0084
 -0.0275  -0.0133  -0.0266  -0.0206  -0.0132  -0.0350
 -0.0289   0.0231  -0.0164  -0.0523  -0.0249   0.0752
 -0.0315   0.0379  -0.0167  -0.0119  -0.0245  -0.0446
 -0.0419   0.0094  -0.0246  -0.0169  -0.0210   0.0199
 -0.0312   0.0361  -0.0152  -0.0278  -0.0180   0.0741
 -0.0340   0.0209  -0.0147  -0.0547  -0.0150  -0.0465
 -0.0466   0.0190  -0.0253  -0.0336  -0.0267   0.0379
 -0.0429   0.0481  -0.0237  -0.0419  -0.0316  -0.0064
 -0.0678   0.0328  -0.0189  -0.0628  -0.0240  -0.0333
 -0.0633   0.0333  -0.0264  -0.0811  -0.0219   0.0268
 -0.0522   0.0625  -0.0175  -0.0863  -0.0072   0.0187
 -0.0837   0.0412  -0.0291  -0.1155  -0.0283  -0.0736
 -0.0984   0.0420  -0.0251  -0.1430  -0.0384   0.0003
 -0.0858   0.0721  -0.0201  -0.1378  -0.0327   0.0160
 -0.0709   0.0697  -0.0255  -0.1516  -0.0220  -0.0571
 -0.0771   0.0509  -0.0289  -0.1540  -0.0262  -0.0448
 -0.0748   0.0913  -0.0270  -0.1674  -0.0338   0.0299
 -0.0838   0.0854  -0.0206  -0.2305  -0.0243  -0.0966
 -0.0748   0.1447   0.0012  -0.2669  -0.0172   0.0330
 -0.0696   0.1334  -0.0053  -0.2584  -0.0151  -0.0834
 -0.0791   0.1182  -0.0044  -0.2354  -0.0242  -0.0333
 -0.0763   0.1444   0.0031  -0.2293  -0.0245  -0.0318
 -0.0792   0.1128  -0.0087  -0.2318  -0.0221  -0.0761
 -0.0888   0.1385  -0.0061  -0.2023  -0.0318   0.0188
 -0.1036   0.1425  -0.0019  -0.2088  -0.0424  -0.0988
 -0.1055   0.1254   0.0100  -0.2413  -0.0351  -0.0529
 -0.0863   0.1516   0.0069  -0.2703  -0.0359  -0.0001
 -0.1016   0.1465   0.0063  -0.2707  -0.0426  -0.0942
 -0.1025   0.1159   0.0165  -0.3009  -0.0351  -0.0628
 -0.0981   0.1364   0.0214  -0.3062  -0.0379  -0.0081
 -0.1093   0.1263   0.0333  -0.2839  -0.0416  -0.0776
 -0.1202   0.1278   0.0253  -0.2694  -0.0411  -0.0615
 -0.1372   0.1200   0.0207  -0.2782  -0.0623  -0.0268
 -0.1648   0.1430   0.0282  -0.2418  -0.0850  -0.0213
 -0.1870   0.1490   0.0225  -0.2759  -0.0928  -0.1018
 -0.1903   0.1361   0.0258  -0.2844  -0.0938  -0.0290
