 -0.0953  -0.0615   0.0168  -0.1509  -0.0083   0.0961
 -0.0681  -0.0233   0.0107  -0.0971  -0.0409  -0.0058
 -0.0727  -0.0133  -0.0191   0.0097  -0.0640   0.0243
 -0.0774  -0.0275  -0.0237   0.0796  -0.0700   0.0106
 -0.0776  -0.0268  -0.0363   0.1102  -0.0799   0.0074
 -0.0604  -0.0275  -0.0270   0.1254  -0.0870  -0.0092
 -0.0590  -0.0180  -0.0580   0.1401  -0.1019   0.0069
 -0.0602  -0.0119  -0.0571   0.1385  -0.1001   0.0060
 -0.0605  -0.0167  -0.0564   0.1395  -0.1061   0.0028
 -0.0694  -0.0216  -0.0586   0.1461  -0.1029  -0.0122
 -0.0759  -0.0345  -0.0578   0.1614  -0.1162  -0.0045
 -0.0749  -0.0209  -0.0641   0.1511  -0.1096   0.0121
 -0.0745  -0.0149  -0.0668   0.1338  -0.1060   0.0107
 -0.0786  -0.0170  -0.0663   0.1310  -0.1113  -0.0161
 -0.0785  -0.0161  -0.0677   0.1438  -0.1158  -0.0032
 -0.0756  -0.0109  -0.0602   0.1245  -0.1041  -0.0032
 -0.0755  -0.0073  -0.0669   0.1144  -0.1036   0.0066
 -0.0558  -0.0278  -0.0558   0.1172  -0.0940  -0.0204
 -0.0544  -0.0170  -0.0510   0.1222  -0.1000  -0.0069
 -0.0583  -0.0065  -0.0499   0.1099  -0.0898   0.0226
 -0.0639  -0.0136  -0.0575   0.1032  -0.0962   0.0014
 -0.0574  -0.0240  -0.0426   0.1064  -0.0917  -0.0091
 -0.0488  -0.0075  -0.0325   0.0922  -0.0694   0.0184
 -0.0332  -0.0185  -0.0229   0.0910  -0.0581   0.0023
 -0.0374  -0.0271  -0.0306   0.1024  -0.0676  -0.0145
 -0.0474  -0.0179  -0.0470   0.1179  -0.0843   0.0039
 -0.0560   0.0003  -0.0544   0.1035  -0.0723   0.0200
 -0.0744   0.0064  -0.0736   0.0921  -0.0830   0.0102
 -0.0717  -0.0094  -0.0662   0.1152  -0.0858  -0.0018
 -0.0766  -0.0111  -0.0620   0.0927  -0.0833   0.0124
 -0.0770  -0.0059  -0.0643   0.0779  -0.0774   0.0165
 -0.0623  -0.0036  -0.0592   0.0683  -0.0711   0.0028
 -0.0669  -0.0153  -0.0648   0.0938  -0.0839  -0.0110
 -0.0596  -0.0007  -0.0544   0.0743  -0.0630   0.0160
 -0.0536  -0.0007  -0.0514   0.0729  -0.0527   0.0101
 -0.0446  -0.0184  -0.0505   0.0874  -0.0607  -0.0102
 -0.0580  -0.0046  -0.0597   0.0978  -0.0721   0.0131
 -0.0433   0.0117  -0.0557   0.1036  -0.0718   0.0037
 -0.0452  -0.0063  -0.0540   0.0907  -0.0696  -0.0229
 -0.0469  -0.0128  -0.0597   0.1188  -0.0794  -0.0162
 -0.0521   0.0020  -0.0640   0.0985  -0.0747   0.0039
 -0.0520   0.0060  -0.0579   0.0747  -0.0654  -0.0039
 -0.0552  -0.0012  -0.0585   0.1013  -0.0722  -0.0250
 -0.0475  -0.0030  -0.0595   0.1091  -0.0805  -0.0041
 -0.0439  -0.0008  -0.0665   0.1171  -0.0915  -0.0131
 -0.0463   0.0039  -0.0702   0.0970  -0.0903   0.0132
 -0.0487  -0.0019  -0.0665   0.1058  -0.0905  -0.0124
 -0.0494  -0.0049  -0.0610   0.1112  -0.0868  -0.0063
 -0.0524   0.0018  -0.0654   0.1055  -0.0886   0.0086
 -0.0504   0.0123  -0.0634   0.0810  -0.0787   0.0076
 -0.0440   0.0137  -0.0720   0.0832  -0.0939  -0.0006
 -0.0474   0.0008  -0.0686   0.0910  -0.0893  -0.0134
 -0.0561  -0.0058  -0.0766   0.0984  -0.0939  -0.0018
 -0.0532  -0.0000  -0.0561   0.0921  -0.0878  -0.0012
 -0.0487   0.0096  -0.0593   0.0851  -0.0799   0.0069
 -0.0515  -0.0138  -0.0613   0.0752  -0.0814  -0.0064
 -0.0523  -0.0091  -0.0639   0.1044  -0.1015  -0.0077
 -0.0481   0.0070  -0.0618   0.0790  -0.0931   0.0121
 -0.0447   0.0016  -0.0578   0.0603  -0.0905   0.0085
 -0.0432  -0.0085  -0.0545   0.0811  -0.0921  -0.0158
 -0.0418   0.0012  -0.0600   0.0707  -0.0903   0.0059
 -0.0384   0.0146  -0.0614   0.0649  -0.0928   0.0048
 -0.0386   0.0023  -0.0598   0.0583  -0.0900  -0.0079
 -0.0365  -0.0009  -0.0515   0.0517  -0.0930  -0.0125
 -0.0398   0.0113  -0.0583   0.0580  -0.0869   0.0155
 -0.0350   0.0220  -0.0490   0.0326  -0.0834   0.0004
 -0.0400   0.0216  -0.0620   0.0342  -0.0849   0.0086
 -0.0324   0.0048  -0.0489   0.0547  -0.0868  -0.0192
 -0.0377   0.0117  -0.0534   0.0412  -0.0808   0.0153
 -0.0311   0.0215  -0.0489   0.0465  -0.0839   0.0105
 -0.0270   0.0126  -0.0393   0.0340  -0.0739  -0.0128
 -0.0326   0.0178  -0.0383   0.0378  -0.0725   0.0157
 -0.0345   0.0270  -0.0417   0.0363  -0.0612   0.0182
 -0.0291   0.0303  -0.0333  -0.0084  -0.0436   0.0121
 -0.0237   0.0280  -0.0356   0.0058  -0.0464   0.0036
 -0.0172   0.0019  -0.0212  -0.0051  -0.0161   0.0364
 -0.0223  -0.0410   0.0093   0.0252  -0.0205   0.0091
 -0.0283  -0.0166   0.0493  -0.0647  -0.0100   0.0417
 -0.0043  -0.1498   0.0208  -0.0161   0.0238   0.0476
  0.0263  -0.0756   0.0371  -0.0203   0.0260   0.0103
  0.0172  -0.0458   0.0292   0.0037   0.0212   0.0632
 -0.0010  -0.0471   0.0151   0.0212   0.0216   0.0504
  0.0146  -0.0296   0.0307   0.0104   0.0095   0.0088
  0.0039  -0.0425   0.0212   0.0198   0.0001   0.0321
 -0.0121  -0.0258   0.0139  -0.0024   0.0070   0.0313
  0.0183  -0.0081   0.0531  -0.0074   0.0181   0.0283
  0.0134  -0.0153   0.0504  -0.0102   0.0195  -0.0130
  0.0134  -0.0233   0.0504   0.0045   0.0201  -0.0004
  0.0050  -0.0109   0.0398   0.0022   0.0236   0.0195
  0.0186  -0.0327   0.0317  -0.0055   0.0341   0.0181
  0.0069  -0.0371   0.0356   0.0036   0.0303   0.0021
  0.0045  -0.0310   0.0304   0.0231   0.0236   0.0145
  0.0060  -0.0240   0.0298   0.0098   0.0241   0.0128
 -0.0018  -0.0189   0.0253   0.0232   0.0270   0.0232
 -0.0006  -0.0352   0.0220   0.0141   0.0142  -0.0005
 -0.0014  -0.0390   0.0255   0.0418   0.0131   0.0074
  0.0003  -0.0339   0.0171   0.0195   0.0098   0.0237
 -0.0103  -0.0258   0.0088   0.0116   0.0045   0.0300
 -0.0004  -0.0430   0.0148   0.0290   0.0059  -0.0003
  0.0037  -0.0396   0.0154   0.0302   0.0009   0.0157
  0.0039  -0.0329   0.0191   0.0249   0.0053   0.0147
  0.0065  -0.0317   0.0123  -0.0046   0.0086   0.0311
  0.0008  -0.0263   0.0276   0.0004   0.0130  -0.0046
 -0.0042  -0.0300   0.0185   0.0123   0.0082   0.0154
 -0.0015  -0.0236   0.0212   0.0135   0.0141   0.0148
  0.0094  -0.0383   0.0193   0.0052   0.0199   0.0111
  0.0012  -0.0329   0.0218  -0.0096   0.0145  -0.0010
  0.0054  -0.0379   0.0287   0.0121   0.0148   0.0030
  0.0033  -0.0418   0.0248   0.0068   0.0162   0.0081
  0.0009  -0.0349   0.0208   0.0109   0.0114   0.0123
  0.0072  -0.0301   0.0179  -0.0012   0.0159   0.0164
  0.0069  -0.0382   0.0322   0.0025   0.0166  -0.0134
  0.0157  -0.0269   0.0255   0.0275   0.0052  -0.0109
  0.0061  -0.0299   0.0127   0.0336  -0.0125   0.0053
  0.0105  -0.0288   0.0128   0.0529  -0.0083  -0.0013
  0.0112  -0.0392   0.0141   0.0327  -0.0075   0.0168
  0.0218  -0.0370   0.0158   0.0468  -0.0117  -0.0079
  0.0139  -0.0165   0.0146   0.0047   0.0028   0.0144
  0.0069  -0.0194   0.0173   0.0109   0.0004  -0.0075
  0.0129  -0.0387   0.0148   0.0174  -0.0011  -0.0254
  0.0118  -0.0456   0.0137   0.0347   0.0044   0.0034
  0.0151  -0.0279   0.0106   0.0307  -0.0074   0.0055
  0.0161  -0.0311   0.0161   0.0274  -0.0060  -0.0143
  0.0143  -0.0347   0.0247   0.0157  -0.0015  -0.0054
  0.0065  -0.0222   0.0253   0.0179   0.0021   0.0055
  0.0091  -0.0183   0.0178   0.0232  -0.0006   0.0077
  0.0126  -0.0178   0.0210  -0.0079  -0.0088  -0.0072
  0.0165  -0.0224   0.0306   0.0179  -0.0099  -0.0070
  0.0132  -0.0127   0.0338   0.0029   0.0004  -0.0041
  0.0081  -0.0029   0.0286  -0.0023   0.0016   0.0109
  0.0123  -0.0173   0.0258  -0.0081   0.0062  -0.0109
  0.0126  -0.0117   0.0261   0.0028  -0.0015  -0.0055
  0.0097  -0.0003   0.0294  -0.0098   0.0091   0.0060
  0.0159  -0.0044   0.0036  -0.0297   0.0140   0.0062
  0.0223  -0.0178   0.0108  -0.0186   0.0052  -0.0157
  0.0190  -0.0132   0.0098   0.0009   0.0041  -0.0005
  0.0273  -0.0196   0.0064  -0.0305   0.0030   0.0068
  0.0249  -0.0141   0.0246  -0.0085   0.0015  -0.0413
  0.0193  -0.0035   0.0133  -0.0348   0.0088   0.0153
  0.0130  -0.0178   0.0198  -0.0304   0.0123  -0.0408
  0.0162  -0.0060   0.0124  -0.0114   0.0121  -0.0025
  0.0133   0.0033   0.0097  -0.0257   0.0144   0.0026
  0.0212  -0.0117   0.0085  -0.0103   0.0190  -0.0153
  0.0163   0.0064   0.0040  -0.0225   0.0031  -0.0157
  0.0181   0.0072   0.0086  -0.0197   0.0119  -0.0003
  0.0188   0.0017   0.0070  -0.0415   0.0162   0.0030
  0.0102  -0.0075   0.0081  -0.0234   0.0169  -0.0263
  0.0120   0.0005   0.0083  -0.0242   0.0109   0.0015
  0.0224   0.0084   0.0150  -0.0398   0.0192   0.0003
  0.0258   0.0004   0.0179  -0.0369   0.0158  -0.0280
  0.0253  -0.0094   0.0196  -0.0287   0.0141  -0.0061
  0.0212   0.0132   0.0130  -0.0345   0.0163   0.0030
  0.0260  -0.0106   0.0208  -0.0330   0.0222  -0.0338
  0.0267   0.0020   0.0216  -0.0251   0.0266   0.0059
  0.0323   0.0097   0.0172  -0.0596   0.0427   0.0203
  0.0275  -0.0089   0.0313  -0.0595   0.0519  -0.0156
  0.0314   0.0099   0.0294  -0.0669   0.0538  -0.0004
  0.0342   0.0147   0.0291  -0.1048   0.0627   0.0006
  0.0373   0.0097   0.0357  -0.0680   0.0652  -0.0346
  0.0425   0.0169   0.0315  -0.0968   0.0669   0.0099
  0.0347   0.0056   0.0379  -0.0670   0.0626  -0.0549
  0.0334   0.0166   0.0330  -0.0627   0.0553  -0.0135
  0.0360   0.0284   0.0369  -0.0670   0.0655   0.0057
  0.0250   0.0282   0.0311  -0.0841   0.0831  -0.0035
  0.0317   0.0223   0.0227  -0.0857   0.0958   0.0128
  0.0288   0.0315   0.0234  -0.1049   0.0937   0.0187
  0.0325   0.0230   0.0197  -0.1020   0.0945  -0.0035
  0.0337   0.0149   0.0288  -0.1020   0.0947  -0.0168
  0.0401   0.0218   0.0322  -0.0936   0.0978   0.0034
  0.0434   0.0339   0.0299  -0.1258   0.1048   0.0100
  0.0506   0.0238   0.0284  -0.0928   0.0975  -0.0047
  0.0533   0.0053   0.0467  -0.0766   0.0893  -0.0240
  0.0506   0.0608   0.0380  -0.1222   0.0890   0.0137
  0.0621   0.0670   0.0358  -0.1326   0.0910  -0.0210
  0.0645   0.0555   0.0400  -0.0983   0.0826  -0.0381
  0.0684   0.0546   0.0388  -0.1051   0.0835  -0.0148
  0.0644   0.0695   0.0343  -0.1344   0.1046  -0.0074
  0.0660   0.0409   0.0417  -0.1023   0.0923  -0.0481
  0.0712   0.0608   0.0435  -0.1205   0.1082  -0.0105
  0.0672   0.0619   0.0343  -0.1442   0.1013  -0.0122
  0.0731   0.0580   0.0468  -0.1152   0.1254  -0.0345
  0.0775   0.0816   0.0448  -0.1791   0.1545   0.0133
  0.0870   0.0622   0.0467  -0.1773   0.1490  -0.0320
  0.0967   0.0655   0.0624  -0.1947   0.1754  -0.0055
  0.1061   0.0572   0.0588  -0.2288   0.1770  -0.0269
  0.1060   0.0675   0.0581  -0.2246   0.1776   0.0254
  0.1134   0.0797   0.0638  -0.2115   0.1547  -0.0040
  0.1314   0.0895   0.0807  -0.1302   0.1691  -0.0627
  0.1330   0.0760   0.0676  -0.2473   0.1805  -0.0048
  0.1289   0.0673   0.0790  -0.1544   0.1594  -0.0377
  0.1324   0.0900   0.0754  -0.1864   0.1603  -0.0259
  0.1309   0.0937   0.0781  -0.1951   0.1612  -0.0414
  0.1279   0.0792   0.0737  -0.1793   0.1572  -0.0546
  0.1267   0.0799   0.0732  -0.2036   0.1736  -0.0209
  0.1225   0.0906   0.0671  -0.2058   0.1711  -0.0099
  0.1300   0.0764   0.0818  -0.1441   0.1664  -0.0610
  0.1199   0.0885   0.0762  -0.1922   0.1774  -0.0002
  0.1199   0.1054   0.0805  -0.1966   0.1835  -0.0170
  0.1297   0.0899   0.0853  -0.1713   0.1800  -0.0459
  0.1245   0.1062   0.0784  -0.2455   0.1939   0.0021
