  0.1668  -1.8004   0.1366   1.1142  -0.0890   0.1472
  0.1198  -1.8136   0.0737   1.1066  -0.1965   0.0402
  0.1344  -1.8391   0.0736   1.0729  -0.2300   0.0419
  0.1292  -1.8870   0.0729   1.0816  -0.2172   0.1848
  0.1080  -1.8456   0.0702   1.0569  -0.2444   0.1925
  0.1133  -1.7626   0.0432   1.0122  -0.2587   0.1581
  0.2341  -0.1903   0.3391   2.9343   0.2958  -1.7448
  0.4455   0.0132   0.3261   0.8063   0.4211  -0.2335
  0.4650   0.5797   0.3800  -0.0318   0.4111  -0.1778
  0.3858   0.4776   0.3842   0.0228   0.3305  -0.1006
  0.3140   0.5343   0.3769  -0.1677   0.3106  -0.0704
  0.2076   0.6421   0.4083  -0.3582   0.3197   0.0120
  0.1499   0.6396   0.2452  -0.3465   0.1265   0.0425
 -0.0928   0.6088  -0.0022  -0.9943  -0.1248   0.6302
 -0.0631   0.6137   0.0407  -0.9940  -0.0808   0.3997
 -0.0572   0.4748   0.0314  -0.7091  -0.1077   0.2459
 -0.0589   0.4880   0.0394  -0.7181  -0.1108   0.2987
 -0.0921   0.4895   0.0419  -0.7356  -0.1402   0.3548
 -0.1946   0.5194   0.0491  -0.7371  -0.1865   0.3246
 -0.2105   0.5099   0.0815  -0.7282  -0.1727   0.3550
 -0.1700   0.4569   0.0694  -0.7015  -0.1741   0.3247
 -0.1989   0.3830   0.0461  -0.6773  -0.1880   0.3345
 -0.2116   0.4114   0.0559  -0.7262  -0.1830   0.3804
 -0.2304   0.3691   0.0507  -0.6987  -0.2007   0.3299
 -0.2315   0.3615   0.0634  -0.6699  -0.2034   0.3769
 -0.2277   0.3642   0.0671  -0.6713  -0.2072   0.3471
 -0.2257   0.3564   0.0764  -0.6696  -0.1929   0.3624
 -0.2138   0.3479   0.0678  -0.6710  -0.1850   0.3411
 -0.2171   0.3565   0.0676  -0.6639  -0.1957   0.3332
 -0.2309   0.3484   0.0697  -0.6696  -0.2038   0.3705
 -0.2301   0.3629   0.0821  -0.7012  -0.1862   0.4060
 -0.2410   0.3649   0.0877  -0.7194  -0.1875   0.3679
 -0.2491   0.3984   0.0948  -0.7288  -0.1922   0.3805
 -0.2611   0.3911   0.0973  -0.7497  -0.1956   0.3976
 -0.2826   0.4228   0.0947  -0.7760  -0.1911   0.3795
 -0.2803   0.4477   0.0940  -0.7795  -0.1862   0.3759
 -0.2746   0.4555   0.0959  -0.7801  -0.1710   0.3964
 -0.2960   0.4667   0.1257  -0.8174  -0.1893   0.4186
 -0.3169   0.5780   0.1298  -0.9128  -0.1891   0.4082
 -0.3213   0.3934   0.1547  -0.7150  -0.1566   0.3849
 -0.3064   0.3128   0.1566  -0.6273  -0.1304   0.3616
 -0.3052   0.3385   0.2027  -0.6547  -0.1189   0.4025
 -0.2920   0.5125   0.1053  -0.4680  -0.0982   0.1250
 -0.2253   0.3839   0.0529   0.1113  -0.0262  -0.1509
 -0.2757   0.0265   0.0275  -0.1600  -0.0588   0.1930
 -0.3039  -0.0656   0.0508  -0.0539  -0.0873   0.1916
 -0.3050  -0.1218   0.0605  -0.0389  -0.0941   0.1895
 -0.3150  -0.0766   0.0496  -0.0114  -0.0719   0.1895
 -0.3167  -0.0148   0.0329  -0.2396  -0.0695   0.3450
 -0.3552  -0.0070   0.0071  -0.2420  -0.1333   0.2730
 -0.3759  -0.0602  -0.0187  -0.1974  -0.1519   0.2888
 -0.3757  -0.0895  -0.0310  -0.2372  -0.1574   0.3169
 -0.3804  -0.0716  -0.0262  -0.2585  -0.1619   0.3185
 -0.4002  -0.0943  -0.0375  -0.2578  -0.1876   0.3220
 -0.4069  -0.1188  -0.0440  -0.2479  -0.2059   0.2984
 -0.4009  -0.1275  -0.0278  -0.2612  -0.1923   0.3524
 -0.3742  -0.1063   0.0208  -0.2949  -0.1616   0.3592
 -0.3333  -0.0457   0.0403  -0.3610  -0.1249   0.3453
 -0.3421  -0.0758   0.0120  -0.3421  -0.1325   0.3348
 -0.3691  -0.1040  -0.0063  -0.3433  -0.1560   0.3353
 -0.3216  -0.0699   0.0244  -0.3745  -0.1201   0.3668
 -0.3003  -0.0901   0.0181  -0.3718  -0.1100   0.3755
 -0.3240  -0.1065   0.0348  -0.3435  -0.1345   0.3717
 -0.3837  -0.1656   0.0779  -0.3603  -0.1460   0.4381
 -0.2171   0.0265   0.1370  -0.0025  -0.0974  -0.0668
 -0.2470  -0.4187   0.0430   0.3411  -0.0613   0.0002
 -0.1624   0.1469   0.1066   0.1086   0.0688   0.2580
 -0.0045   0.1455   0.1034   0.5538   0.1691  -0.6324
 -0.0422   0.0005   0.0182   0.6703   0.1140  -0.3812
 -0.1049  -0.0529  -0.0127   0.6434   0.0963  -0.3769
 -0.0949  -0.0898   0.0108   0.5901   0.1228  -0.3253
 -0.0921  -0.1018  -0.0054   0.5598   0.1218  -0.3300
 -0.1019  -0.0812  -0.0230   0.5358   0.1130  -0.2986
 -0.1147  -0.0681  -0.0303   0.5284   0.1036  -0.2948
 -0.1419  -0.1064  -0.0493   0.5095   0.0808  -0.2590
 -0.1223  -0.1337  -0.0231   0.5152   0.1076  -0.2803
 -0.1258  -0.1235  -0.0172   0.4892   0.1133  -0.2744
 -0.1231  -0.1338  -0.0109   0.4811   0.1257  -0.2533
 -0.1286  -0.0986  -0.0080   0.4563   0.1139  -0.2310
 -0.1203  -0.0932  -0.0043   0.4362   0.1209  -0.2225
 -0.1559  -0.0896  -0.0061   0.4385   0.1185  -0.2223
 -0.2444  -0.0457  -0.0031   0.4215   0.1218  -0.2243
 -0.1831  -0.0441   0.0117   0.3231   0.1304  -0.2457
 -0.2218  -0.0928   0.0375   0.2682   0.1420  -0.1870
 -0.1592  -0.2133  -0.0483   0.3040   0.1309  -0.1788
 -0.0888  -0.1951   0.0170   0.2844   0.1870  -0.0723
 -0.1785  -0.9294  -0.3970   2.4332  -0.2319  -1.0710
  0.6498  -1.1559  -0.0479   1.5412  -0.0241  -0.4225
  0.7701   0.6674   0.0885   2.7421  -0.0384  -1.9913
  0.8209  -0.2005   0.2031   1.3778   0.3334  -0.7830
  0.7600  -0.3033  -0.0142   1.4623   0.2544  -0.7963
  0.7506  -0.4934  -0.0234   1.4810   0.2477  -0.7057
  0.7602  -0.5393  -0.0135   1.3338   0.2276  -0.6465
  0.6757  -0.5347  -0.0642   1.3031   0.1885  -0.6628
  0.6527  -0.3323  -0.1330   0.8439   0.0152  -0.4683
  0.3144   1.0690  -0.0703  -1.1026   0.0325   0.1971
  0.2606   1.4022  -0.0969  -1.3552   0.0278   0.1397
  0.2565   1.4411  -0.0868  -1.4009   0.0308   0.0833
  0.2698   1.4581  -0.0709  -1.4116   0.0228   0.1634
  0.2633   1.4712  -0.0746  -1.3843   0.0155   0.2205
  0.2834   1.3957  -0.1193  -1.3432   0.0412   0.1071
  0.2867   1.4520  -0.1186  -1.3639   0.0345   0.2090
  0.2469   1.5250  -0.1163  -1.4331   0.0070   0.1157
  0.2430   1.6675  -0.1384  -1.5071  -0.0013   0.1094
  0.2364   1.7543  -0.1390  -1.5757  -0.0096   0.0992
  0.2474   1.7977  -0.1255  -1.5630   0.0065   0.0130
  0.4785  -1.0627  -0.1983   0.3653   0.1166   0.1706
  0.7794  -1.2708  -0.2231   1.5424   0.3388  -0.7495
  0.8222  -1.2836  -0.4047   1.3345   0.3654  -0.7641
  0.7711  -1.4284  -0.4438   1.4068   0.4026  -0.6898
  0.7337  -1.1497  -0.4182   0.9740   0.3964  -0.3847
  0.7581  -1.2453  -0.4227   1.0748   0.3855  -0.5738
  0.7646  -1.2729  -0.4225   1.0637   0.3860  -0.4767
  0.7707  -1.2640  -0.4435   1.0361   0.3737  -0.4808
  0.7683  -1.2991  -0.4778   1.0123   0.3782  -0.4518
  0.7793  -1.2679  -0.4832   0.9685   0.3583  -0.5299
  0.7961  -1.2317  -0.4809   0.9357   0.3564  -0.4339
  0.7939  -1.1846  -0.4787   0.8786   0.3565  -0.4573
  0.7976  -1.1676  -0.4853   0.8604   0.3578  -0.4742
  0.8015  -1.1880  -0.4827   0.8741   0.3651  -0.5047
