  0.2102  -0.2769  -0.3021  -0.2338  -0.0113  -0.1798
  0.2322  -0.2591  -0.3011  -0.1810  -0.0080  -0.1697
  0.2288  -0.2754  -0.2865  -0.1791  -0.0013  -0.1836
  0.2118  -0.3037  -0.2699  -0.1598   0.0240  -0.1924
  0.2039  -0.3076  -0.1571  -0.0791   0.0413  -0.1719
  0.1944  -0.2592  -0.1539  -0.0179   0.0476  -0.1242
  0.1892  -0.2723  -0.1361  -0.0262   0.0517  -0.1308
  0.1602  -0.2353  -0.1566  -0.1362   0.0484  -0.1948
  0.1565  -0.1959  -0.1950  -0.1435   0.0321  -0.1519
  0.1977  -0.2524  -0.1728  -0.0889   0.0238  -0.1503
  0.1902  -0.2446  -0.1673  -0.0836   0.0251  -0.1731
  0.1525  -0.2337  -0.1451  -0.1357   0.0327  -0.1818
  0.1113  -0.2298  -0.1365  -0.0685   0.0299  -0.1479
  0.1559  -0.1759  -0.2486  -0.1373  -0.0077  -0.1032
  0.1129  -0.1491  -0.1429  -0.1436   0.0230  -0.1327
  0.0431  -0.0199  -0.1097  -0.2568   0.0317  -0.1678
  0.0161   0.0994  -0.0921  -0.1077   0.0712  -0.1861
  0.0131   0.0755  -0.0627  -0.1162   0.0581  -0.2095
  0.0136   0.1312  -0.0512  -0.2357   0.0488  -0.2276
 -0.0032   0.0777  -0.0104  -0.2277   0.0675  -0.2198
 -0.0166   0.1183  -0.0057  -0.2014   0.0685  -0.2089
 -0.0399   0.0961  -0.0077  -0.1652   0.0674  -0.1837
 -0.0292  -0.0603  -0.0044  -0.1624   0.0336  -0.2120
  0.0023  -0.0124  -0.0816  -0.2418   0.0385  -0.2369
 -0.0189   0.0510  -0.0168  -0.1975   0.0598  -0.2070
 -0.0131  -0.0107  -0.0247  -0.2196   0.0505  -0.1942
  0.0710  -0.2420   0.0476  -0.3016   0.0492  -0.2132
  0.0770  -0.2571   0.0271  -0.3194   0.0599  -0.2242
  0.0797  -0.1846   0.0148  -0.3010   0.0540  -0.2058
  0.0588  -0.1824   0.0248  -0.2096   0.0569  -0.1591
  0.0600  -0.2544   0.0099  -0.2544   0.0444  -0.1635
  0.0342  -0.3142  -0.0015  -0.2480   0.0374  -0.1828
 -0.0173  -0.4772  -0.1965  -0.3607  -0.0884  -0.1743
  0.0240  -0.7550  -0.0225  -0.3642  -0.1634  -0.0986
  0.0856  -0.5507  -0.0122  -0.2854  -0.0852  -0.0665
  0.1236  -0.6108  -0.0114  -0.1176  -0.0618  -0.0046
  0.0891  -0.6157  -0.0471  -0.1243  -0.0527   0.0166
  0.0893  -0.6663  -0.0356  -0.0595  -0.0308   0.0270
  0.0924  -0.5916  -0.0555  -0.0279  -0.0105  -0.0123
  0.0875  -0.5025  -0.0682  -0.0854  -0.0018  -0.0335
  0.0568  -0.3436  -0.0474  -0.1108   0.0045  -0.0223
  0.0796  -0.3809  -0.1070  -0.0316  -0.0334   0.0154
  0.1034  -0.3496  -0.0691  -0.0193  -0.0065   0.0101
  0.0912  -0.3248  -0.1164  -0.0558  -0.0317   0.0078
  0.0934  -0.2675  -0.0923  -0.0937  -0.0119  -0.0329
  0.0703  -0.1618  -0.0695  -0.0799  -0.0078  -0.0482
  0.0480  -0.1383  -0.0488  -0.0737   0.0114  -0.0481
  0.0562  -0.1213  -0.0282  -0.0488   0.0084  -0.0068
  0.0854  -0.0968  -0.0104  -0.1138   0.0139  -0.0152
  0.0502  -0.0984  -0.0116  -0.0353   0.0156  -0.0202
  0.0373  -0.0607   0.0086  -0.0638   0.0136  -0.0404
  0.0167  -0.0419   0.0109  -0.1017   0.0222  -0.0674
  0.0205  -0.0152   0.0215  -0.1029   0.0272  -0.0657
  0.0284  -0.0080   0.0267  -0.0750   0.0312  -0.0592
  0.0295   0.0074   0.1028  -0.0736   0.0300  -0.0340
  0.1001  -0.0395   0.0493   0.0315   0.0404  -0.0115
  0.0622  -0.0611   0.0539   0.0924   0.0469  -0.0029
 -0.0283  -0.2435   0.1020  -0.0524   0.0764   0.0126
  0.2323  -0.7888   0.0940  -0.0044   0.0104  -0.0249
  0.2135  -0.4718   0.0569   0.0539  -0.0287   0.0159
  0.1453  -0.1164   0.0165  -0.0317  -0.0055   0.0033
  0.1370  -0.1010   0.0369  -0.0368   0.0138  -0.0080
  0.0824  -0.0559   0.0583  -0.0188   0.0331  -0.0200
  0.0850  -0.0340   0.0714  -0.0323   0.0294  -0.0345
  0.1039  -0.0046   0.0883   0.0307   0.0327   0.0008
  0.1027   0.0274   0.0947   0.1016   0.0436   0.0289
  0.0902   0.0002   0.1000   0.1025   0.0511   0.0165
  0.0380   0.0733   0.1147   0.0492   0.0321  -0.0166
  0.0561   0.1167   0.1725   0.0098   0.0249  -0.0094
  0.0557   0.1457   0.1739   0.0456   0.0284   0.0250
  0.0540   0.0961   0.1502   0.0504   0.0269   0.0169
  0.1088   0.3109   0.1457  -0.0346   0.0676  -0.0302
  0.0647   0.4066   0.1796  -0.0648   0.0615  -0.0594
  0.0407   0.2099   0.1103  -0.1069   0.0758  -0.0203
 -0.0260  -0.0797   0.0557  -0.0578   0.0482  -0.0150
  0.0010   0.1897   0.1572  -0.0337   0.0475  -0.0074
 -0.0070   0.2199   0.1523  -0.0011   0.0695  -0.0010
 -0.0187   0.2005   0.1321   0.0406   0.0796  -0.0197
 -0.0099   0.2278   0.1203   0.0152   0.0742  -0.0078
 -0.0043   0.2515   0.1421  -0.0134   0.0635  -0.0066
  0.0076   0.2669   0.1478  -0.0169   0.0578   0.0163
  0.0010   0.2231   0.1333   0.0451   0.0586   0.0123
 -0.0046   0.1475   0.1207  -0.0072   0.0684  -0.0262
  0.0056   0.0951   0.1431  -0.0525   0.0488  -0.0165
 -0.0121   0.1795   0.1343  -0.0941   0.0416  -0.0023
  0.0140   0.2193   0.1328  -0.0272   0.0510   0.0377
 -0.0873  -0.0242   0.1196  -0.0225   0.0211   0.0299
  0.1853  -0.2173  -0.0590   0.1723  -0.0122   0.0723
  0.1345  -0.2460  -0.1023  -0.0017  -0.0896   0.0540
  0.0962   0.0712  -0.0126  -0.0783  -0.0782   0.0701
  0.0558   0.1560  -0.0196  -0.0201  -0.0477   0.0822
  0.0594   0.1578   0.0079   0.0158  -0.0268   0.0744
  0.0199   0.2046   0.0243   0.0450   0.0000   0.0410
  0.0062   0.3107   0.0862  -0.0205   0.0162  -0.0100
  0.0114   0.3234   0.0559  -0.0023   0.0080   0.0224
  0.0368   0.2591   0.0550   0.0377   0.0092   0.0609
  0.0382   0.2252   0.1105   0.0728  -0.0092   0.0447
  0.0117   0.2597   0.1022  -0.0328  -0.0190   0.0415
  0.0423   0.2427   0.1163   0.0815  -0.0167   0.0754
  0.0337   0.2045   0.1344   0.1668   0.0032   0.0579
  0.0099   0.0731   0.0892   0.0735  -0.0262   0.0659
 -0.0054  -0.0320  -0.0298   0.0247  -0.0563   0.1281
 -0.0087  -0.0206   0.0111   0.0705  -0.0489   0.0701
  0.0025   0.0678   0.0740   0.0139  -0.0380   0.0467
 -0.1153   0.1115   0.0178   0.1200  -0.0499   0.1552
 -0.1205   0.1021   0.0503   0.0580  -0.0325   0.0833
 -0.1071   0.1407   0.0826  -0.0204  -0.0309   0.0823
 -0.1247   0.1743   0.0842   0.0186  -0.0211   0.0867
 -0.1297   0.2079   0.1074   0.0200  -0.0309   0.0995
 -0.1369   0.2161   0.1019   0.0374  -0.0319   0.0846
 -0.1501   0.2676   0.1237   0.0336  -0.0275   0.0684
 -0.1341   0.2618   0.1228   0.1033  -0.0310   0.0822
 -0.1443   0.2560   0.1208   0.1083  -0.0248   0.0875
 -0.1582   0.2787   0.1016   0.1168  -0.0176   0.1099
 -0.1172   0.2788   0.0030   0.0487  -0.0506   0.1235
 -0.1792   0.3009  -0.0027   0.0484  -0.0829   0.1102
 -0.2065   0.3512  -0.0135   0.0657  -0.0810   0.1009
 -0.1918   0.3215   0.0058   0.0994  -0.0686   0.1080
 -0.2035   0.3314   0.0091   0.0825  -0.0594   0.0802
 -0.1925   0.3091   0.0102   0.1317  -0.0488   0.0472
 -0.1843   0.2893  -0.0199   0.1712  -0.0209   0.1089
 -0.1753   0.2360   0.0009   0.2087  -0.0069   0.0844
 -0.1892   0.2639   0.0118   0.1434  -0.0193   0.0816
 -0.1384   0.2227   0.0143   0.1809  -0.0320   0.1225
 -0.1204   0.1175   0.0277   0.2792  -0.0201   0.1551
 -0.1393   0.1116   0.0239   0.2143  -0.0354   0.1049
 -0.1451   0.0758   0.0071   0.1476  -0.0258   0.1256
 -0.1022  -0.1504  -0.0230   0.3250  -0.0216   0.1949
 -0.1041  -0.2740   0.0080   0.3822  -0.0244   0.1941
 -0.1952  -0.1107   0.0176   0.2697  -0.0487   0.1584
 -0.2069  -0.1646   0.0122   0.4599  -0.0409   0.2239
 -0.0529  -0.1900  -0.0160   0.4026  -0.0149   0.1978
 -0.0757  -0.2478  -0.2537   0.2804  -0.0773   0.2180
 -0.1171  -0.2432  -0.1472   0.1884  -0.0406   0.1816
 -0.1161  -0.1611  -0.0840   0.0988  -0.0487   0.1852
 -0.1097  -0.1068  -0.0593   0.1495  -0.0495   0.1969
 -0.0935  -0.1235  -0.0358   0.3129  -0.0403   0.2442
 -0.0899  -0.0321  -0.0443   0.2168  -0.0401   0.1770
 -0.1245  -0.0485  -0.0829   0.2365  -0.0688   0.2022
 -0.1081   0.0260  -0.0762   0.1406  -0.0614   0.1554
 -0.0982   0.1131  -0.0636   0.0882  -0.0547   0.1533
 -0.0963   0.1895  -0.0560   0.0772  -0.0390   0.1679
 -0.0994   0.2386  -0.0721   0.0575  -0.0433   0.1275
 -0.0579  -0.0278  -0.1356   0.0617  -0.0214  -0.0023
 -0.0948   0.2370  -0.0078   0.0534  -0.0109   0.0094
 -0.1156   0.2360   0.0062   0.1264   0.0027   0.0243
 -0.1301   0.2677  -0.0013   0.1227  -0.0060  -0.0338
 -0.1622   0.3459  -0.0186   0.0371   0.0064  -0.0367
 -0.1300   0.3491  -0.0265   0.0878  -0.0032   0.0248
 -0.1495   0.3609  -0.0058   0.0979   0.0081  -0.0008
 -0.1478   0.4114  -0.0035   0.0214  -0.0088  -0.0314
 -0.1022   0.2920  -0.0181   0.1076  -0.0301   0.0522
 -0.0646   0.1132  -0.0316   0.1918  -0.0320   0.1041
 -0.0697   0.1226   0.0183   0.1682  -0.0324   0.1148
 -0.0817   0.1830   0.0042   0.1176  -0.0395   0.0702
 -0.0902   0.2757  -0.0064   0.1204  -0.0496   0.1172
