  0.0391   0.0141   0.3147  -0.0902   0.0260   0.0435
  0.0382   0.0204   0.2868  -0.0973   0.0303   0.0424
  0.0355   0.0069   0.2731  -0.0340   0.0292   0.0501
  0.0310   0.0043   0.2577  -0.0297   0.0317   0.0324
  0.0170  -0.0022   0.2452   0.1286   0.0535   0.0438
  0.0208   0.0377   0.2388   0.0564   0.0345   0.0598
  0.0138   0.0257   0.2192   0.0456   0.0355   0.0824
  0.0139   0.0213   0.2072   0.1311   0.0268   0.0159
  0.0151   0.0285   0.1941   0.0553   0.0248   0.0802
  0.0294   0.0284   0.1944  -0.0224   0.0114   0.0351
  0.0261   0.0198   0.1810  -0.0599   0.0205  -0.0089
  0.0224   0.0133   0.1726  -0.0158   0.0126   0.0301
  0.0218   0.0215   0.1737   0.0054   0.0191   0.0137
  0.0187   0.0203   0.1651   0.0158   0.0193   0.0113
  0.0191   0.0347   0.1621  -0.0096   0.0256   0.0303
  0.0132   0.0351   0.1582  -0.0253   0.0336   0.0275
 -0.0032   0.0381   0.1483  -0.0305   0.0378   0.0205
 -0.0143   0.0438   0.1282  -0.0070   0.0412   0.0280
 -0.0112   0.0507   0.1249  -0.0316   0.0421   0.0243
 -0.0190   0.0614   0.1250  -0.0554   0.0660   0.0135
 -0.0253   0.0717   0.1060  -0.0866   0.0790   0.0153
 -0.0136   0.0831   0.1123  -0.0881   0.0805   0.0245
 -0.0184   0.1018   0.0997  -0.0864   0.0798   0.0164
 -0.0219   0.0899   0.0877  -0.0940   0.0752  -0.0014
 -0.0212   0.0782   0.0714  -0.0897   0.0821   0.0224
 -0.0169   0.0741   0.0683  -0.0664   0.0756   0.0071
 -0.0208   0.0671   0.0686  -0.0687   0.0655   0.0147
 -0.0275   0.0599   0.0612  -0.0369   0.0598   0.0209
 -0.0306   0.0489   0.0632  -0.0133   0.0598   0.0031
 -0.0320   0.0514   0.0576  -0.0293   0.0549   0.0256
 -0.0238   0.0508   0.0569  -0.0226   0.0492   0.0074
 -0.0233   0.0467   0.0514  -0.0352   0.0452   0.0194
 -0.0238   0.0619   0.0490  -0.0622   0.0474   0.0149
 -0.0220   0.0508   0.0600  -0.0474   0.0445   0.0115
 -0.0198   0.0215   0.0511  -0.0253   0.0429   0.0182
 -0.0245   0.0272   0.0484  -0.0280   0.0440   0.0202
 -0.0258   0.0007   0.0173  -0.0078   0.0243   0.0236
 -0.0122  -0.0473  -0.0020   0.0721   0.0157   0.0138
 -0.0079  -0.0183   0.0013   0.0480   0.0139   0.0384
 -0.0118  -0.0086  -0.0039   0.0206   0.0089   0.0591
 -0.0183  -0.0049  -0.0013   0.0350   0.0138   0.0224
 -0.0089  -0.0032   0.0240  -0.0151   0.0127   0.0248
 -0.0061   0.0164   0.0261   0.0052   0.0062   0.0096
 -0.0063   0.0056   0.0202  -0.0089   0.0037   0.0112
 -0.0033   0.0049   0.0191  -0.0057   0.0026   0.0021
  0.0030   0.0117   0.0081  -0.0066  -0.0013  -0.0071
 -0.0155  -0.0416   0.0661   0.0690  -0.0175   0.0029
 -0.0145   0.0059   0.0330   0.0259   0.0009   0.0164
 -0.0154  -0.0011   0.0299   0.0446   0.0022   0.0318
 -0.0001   0.0205   0.0271   0.0217  -0.0110   0.0152
 -0.0076   0.0052   0.0149   0.0407  -0.0155   0.0243
 -0.0096  -0.0134   0.0087   0.0529  -0.0105  -0.0020
 -0.0084  -0.0093   0.0128   0.0349  -0.0133   0.0049
 -0.0058  -0.0022   0.0210  -0.0083  -0.0211   0.0032
 -0.0146  -0.0085   0.0143   0.0164  -0.0163   0.0038
 -0.0050  -0.0029   0.0076   0.0164  -0.0346  -0.0078
  0.0020  -0.0097   0.0047  -0.0270  -0.0400   0.0148
 -0.0027  -0.0076   0.0022  -0.0253  -0.0447  -0.0031
  0.0022  -0.0050   0.0018  -0.0455  -0.0456   0.0043
 -0.0114   0.0024   0.0068  -0.0181  -0.0354   0.0023
 -0.0145  -0.0098  -0.0076   0.0051  -0.0286  -0.0001
 -0.0137  -0.0023  -0.0048   0.0129  -0.0220   0.0060
 -0.0080   0.0165   0.0056  -0.0350  -0.0086  -0.0107
 -0.0013   0.0136   0.0126  -0.0389  -0.0064  -0.0075
 -0.0054   0.0218   0.0024   0.0025  -0.0028  -0.0003
 -0.0095   0.0086  -0.0028   0.0112  -0.0164  -0.0065
 -0.0104   0.0209  -0.0068  -0.0398  -0.0143   0.0005
 -0.0055   0.0168  -0.0067  -0.0547  -0.0075  -0.0192
 -0.0046   0.0246  -0.0062  -0.0290  -0.0126  -0.0203
 -0.0132   0.0183  -0.0233   0.0353  -0.0292  -0.0035
 -0.0122   0.0279  -0.0227   0.0145  -0.0247  -0.0100
 -0.0218   0.0225  -0.0330   0.0234  -0.0148   0.0153
 -0.0212   0.0197  -0.0465   0.0329  -0.0137   0.0060
 -0.0251   0.0251  -0.0509  -0.0267  -0.0073   0.0216
 -0.0273   0.0050  -0.0479   0.0275  -0.0177   0.0053
 -0.0224  -0.0109  -0.0437   0.0818  -0.0230  -0.0003
  0.0074  -0.0095  -0.0229   0.0822  -0.0114  -0.0096
  0.0976  -0.0588  -0.0618   0.0089  -0.0017  -0.0226
  0.0424  -0.0557  -0.0923   0.0336  -0.0062   0.0006
  0.0277  -0.0559  -0.1188   0.0349  -0.0077  -0.0157
  0.0264  -0.0573  -0.1300   0.0199  -0.0111  -0.0216
  0.0239  -0.0390  -0.1257   0.0150  -0.0241  -0.0097
  0.0366  -0.0295  -0.0833   0.0090  -0.0135  -0.0182
  0.0310  -0.0368  -0.0959  -0.0115  -0.0109  -0.0223
  0.0290  -0.0475  -0.1121  -0.0095  -0.0156  -0.0185
  0.0286  -0.0295  -0.1142  -0.0485  -0.0258  -0.0334
  0.0162  -0.0334  -0.1246  -0.0157  -0.0286  -0.0315
  0.0104  -0.0431  -0.1408   0.0033  -0.0275  -0.0186
  0.0078  -0.0353  -0.1343  -0.0045  -0.0314  -0.0282
  0.0084  -0.0373  -0.1381   0.0056  -0.0325  -0.0297
  0.0041  -0.0278  -0.1520   0.0218  -0.0344  -0.0508
 -0.0008  -0.0123  -0.1578   0.0102  -0.0361  -0.0299
  0.0003  -0.0206  -0.1603   0.0324  -0.0352  -0.0147
 -0.0020  -0.0273  -0.1607   0.0208  -0.0268  -0.0080
 -0.0034  -0.0154  -0.1500   0.0022  -0.0292  -0.0379
 -0.0049  -0.0135  -0.1467   0.0113  -0.0301  -0.0313
  0.0118  -0.0415  -0.1020  -0.0244  -0.0317  -0.0211
  0.0293  -0.0817  -0.0611  -0.0101  -0.0428  -0.0685
  0.0380  -0.0614  -0.0763  -0.0189  -0.0537  -0.0172
  0.0465  -0.0509  -0.0721  -0.0391  -0.0389  -0.0154
  0.0366  -0.0308  -0.0876  -0.0396  -0.0356  -0.0356
  0.0350  -0.0640  -0.0815   0.0203  -0.0422  -0.0605
  0.0264  -0.0639  -0.0732   0.0312  -0.0427  -0.0717
  0.0216  -0.0508  -0.0983   0.0162  -0.0327  -0.0477
  0.0165  -0.0511  -0.1102   0.0344  -0.0329  -0.0344
  0.0126  -0.0581  -0.1052   0.0283  -0.0343  -0.0334
  0.0163  -0.0551  -0.1175   0.0412  -0.0361  -0.0165
  0.0088  -0.0584  -0.1148   0.0435  -0.0312  -0.0089
 -0.0004  -0.0499  -0.1031   0.0554  -0.0273  -0.0347
 -0.0026  -0.0456  -0.0925   0.0538  -0.0175  -0.0511
 -0.0016  -0.0456  -0.1001   0.0234  -0.0041  -0.0272
 -0.0090  -0.0379  -0.1127   0.0073  -0.0107  -0.0281
 -0.0154  -0.0268  -0.1168   0.0103  -0.0099  -0.0330
 -0.0161  -0.0229  -0.1274   0.0058  -0.0112  -0.0323
 -0.0270  -0.0215  -0.1447   0.0043  -0.0131  -0.0306
 -0.0276  -0.0057  -0.1476  -0.0177  -0.0150  -0.0444
 -0.0328  -0.0105  -0.1585   0.0922  -0.0117  -0.0269
 -0.0391   0.0065  -0.1699   0.0418  -0.0167  -0.0254
 -0.0373   0.0016  -0.1633   0.0061  -0.0142  -0.0237
 -0.0361  -0.0031  -0.1611   0.0335  -0.0129  -0.0254
