  0.0977  -0.0162  -0.2735  -0.0831  -0.1130   0.0420
  0.0751  -0.0002  -0.2599  -0.0678  -0.1087   0.0403
  0.0728   0.0246  -0.2608  -0.0630  -0.1018   0.0488
  0.0492   0.0602  -0.2481  -0.0649  -0.1032   0.1096
  0.0498   0.0702  -0.2460  -0.0448  -0.0972  -0.0058
  0.0449   0.0857  -0.2489  -0.0332  -0.0975   0.0690
  0.0496   0.0608  -0.2541  -0.0552  -0.0906  -0.0334
  0.0435   0.0520  -0.2378  -0.0356  -0.0953  -0.0819
  0.0340   0.0437  -0.2433  -0.0445  -0.1076   0.0533
  0.0391   0.0762  -0.2465  -0.0300  -0.1085  -0.0123
  0.0468   0.0854  -0.2571   0.0588  -0.0944   0.1686
  0.0305   0.0990  -0.2399   0.0064  -0.1056   0.1017
  0.0183   0.1194  -0.2320   0.0265  -0.0917  -0.1792
  0.0208   0.1216  -0.2301   0.0264  -0.0986  -0.0122
  0.0138   0.1221  -0.2125   0.0373  -0.0785   0.0271
  0.0128   0.1330  -0.2067   0.0465  -0.0767   0.1040
  0.0160   0.1443  -0.2060   0.0529  -0.0639  -0.0083
  0.0092   0.1237  -0.1897   0.0341  -0.0624  -0.0523
  0.0138   0.1060  -0.1896   0.0204  -0.0834   0.0272
  0.0238   0.0981  -0.1890   0.0333  -0.0794  -0.2138
  0.0106   0.1195  -0.1860   0.0478  -0.0818   0.1304
  0.0034   0.1364  -0.1775   0.0371  -0.0742  -0.0258
  0.0191   0.1437  -0.1843   0.0215  -0.0749   0.0755
  0.0035   0.1302  -0.1782   0.0165  -0.0675  -0.0231
  0.0038   0.1122  -0.1770   0.0135  -0.0808  -0.0841
 -0.0009   0.1135  -0.1813   0.0205  -0.0867  -0.1076
  0.0038   0.1343  -0.1825   0.0211  -0.0860   0.0560
 -0.0037   0.1363  -0.1718   0.0131  -0.0883  -0.0602
 -0.0001   0.1300  -0.1799   0.0144  -0.0831  -0.0197
  0.0046   0.1164  -0.1814   0.0040  -0.0885   0.0386
  0.0125   0.0957  -0.1842  -0.0159  -0.0886  -0.1324
  0.0254   0.1019  -0.1943   0.0055  -0.0806  -0.0491
  0.0124   0.1416  -0.1851   0.0114  -0.0671  -0.0783
 -0.0008   0.1677  -0.1662   0.0052  -0.0551  -0.0017
  0.0058   0.1476  -0.1652  -0.0064  -0.0481  -0.0734
 -0.0106   0.1340  -0.1583  -0.0024  -0.0512   0.0287
  0.0023   0.1184  -0.1615  -0.0101  -0.0433  -0.2206
  0.0081   0.1320  -0.1592   0.0102  -0.0389  -0.0753
 -0.0090   0.1463  -0.1425   0.0013  -0.0422   0.0801
  0.0037   0.1563  -0.1477  -0.0062  -0.0313   0.0437
  0.0143   0.1525  -0.1445  -0.0265  -0.0325  -0.0030
 -0.0064   0.1311  -0.1481   0.0311  -0.0150   0.1468
  0.0076   0.1261  -0.1421   0.0006  -0.0133  -0.0879
 -0.0073   0.1378  -0.1316   0.0021  -0.0239  -0.1132
 -0.0039   0.1388  -0.1348   0.0078  -0.0272  -0.0862
 -0.0050   0.1469  -0.1392   0.0138  -0.0268  -0.1651
 -0.0207   0.1440  -0.1208   0.0049  -0.0385  -0.0814
 -0.0128   0.1586  -0.1182  -0.0102  -0.0445   0.0106
 -0.0147   0.1620  -0.1223   0.0090  -0.0427  -0.0083
 -0.0205   0.1621  -0.1064   0.0169  -0.0310  -0.0909
 -0.0255   0.1626  -0.1146   0.0137  -0.0380   0.0511
 -0.0227   0.1542  -0.1206   0.0090  -0.0413   0.1114
 -0.0290   0.1611  -0.1228  -0.0023  -0.0385   0.0416
 -0.0243   0.1367  -0.1054  -0.0215  -0.0425  -0.1184
 -0.0188   0.1535  -0.1276  -0.0115  -0.0403  -0.1958
 -0.0298   0.1552  -0.1086  -0.0096  -0.0214  -0.0865
 -0.0218   0.1466  -0.1148  -0.0323  -0.0195  -0.0553
 -0.0292   0.1360  -0.1070  -0.0394  -0.0239  -0.0815
 -0.0242   0.1357  -0.1070  -0.0290  -0.0323  -0.0234
 -0.0346   0.1437  -0.0700   0.0240  -0.0276   0.0961
 -0.0021   0.0762  -0.0742   0.0406  -0.0047   0.0858
 -0.0146   0.1059  -0.0581   0.0139   0.0081   0.0113
 -0.0274   0.1265  -0.0534   0.0196   0.0046   0.1167
 -0.0326   0.1488  -0.0534   0.0347   0.0112   0.1393
 -0.0290   0.1440  -0.0476   0.0227   0.0210   0.0265
 -0.0328   0.1264  -0.0461   0.0472   0.0176   0.0338
 -0.0208   0.1139  -0.0441   0.0468   0.0087  -0.0859
 -0.0118   0.1295  -0.0512   0.0589   0.0022   0.0782
 -0.0178   0.1403  -0.0419   0.0827   0.0073   0.0577
 -0.0101   0.1247  -0.0505   0.0610   0.0035   0.0378
 -0.0164   0.1118  -0.0377   0.0474   0.0052  -0.0048
 -0.0134   0.0783  -0.0295   0.0285   0.0065  -0.0375
 -0.0088   0.0829  -0.0366   0.0198   0.0182   0.1004
 -0.0168   0.1084  -0.0406   0.0177   0.0106   0.1333
 -0.0179   0.0969  -0.0314  -0.0087   0.0090  -0.0251
 -0.0119   0.0744  -0.0160   0.0178   0.0372  -0.0714
 -0.0169   0.0647  -0.0045   0.0181   0.0410  -0.1212
 -0.0077   0.0836  -0.0070   0.0138   0.0407   0.0645
 -0.0078   0.0946  -0.0120   0.0213   0.0265  -0.0026
 -0.0081   0.1182  -0.0147   0.0468   0.0348   0.0847
  0.0008   0.1194   0.0002   0.0406   0.0572  -0.0549
 -0.0065   0.1124  -0.0039   0.0352   0.0496  -0.0233
 -0.0064   0.0850  -0.0038   0.0283   0.0241  -0.0719
 -0.0093   0.1011  -0.0099   0.0559   0.0263  -0.0157
 -0.0118   0.0976   0.0055   0.0379   0.0383   0.0507
 -0.0066   0.0717   0.0130   0.0278   0.0384  -0.1184
  0.0120   0.0733   0.0033   0.0326   0.0440  -0.1570
 -0.0023   0.0913   0.0060   0.0406   0.0306  -0.0107
  0.0018   0.1154   0.0075   0.0758   0.0478   0.0378
  0.0024   0.0917   0.0115   0.0447   0.0263  -0.0385
 -0.0016   0.0655   0.0120   0.0277   0.0189  -0.0971
  0.0007   0.0886   0.0024   0.0312   0.0092  -0.0274
 -0.0082   0.0966   0.0019   0.0391   0.0198  -0.0559
  0.0007   0.0981   0.0127   0.0251   0.0250   0.0227
  0.0313   0.0521  -0.0018   0.0762   0.0626  -0.0977
  0.0125   0.0397   0.0020   0.0432   0.0419  -0.0234
  0.0083   0.0641  -0.0033   0.0230   0.0513   0.0133
  0.0079   0.0633   0.0094   0.0334   0.0509   0.1282
 -0.0136   0.0599   0.0171   0.0276   0.0352   0.1185
 -0.0284   0.0650   0.0276   0.0507   0.0474  -0.0396
 -0.0273   0.0520   0.0402   0.0534   0.0566  -0.0796
 -0.0271   0.0630   0.0442   0.0544   0.0559  -0.0581
 -0.0342   0.0595   0.0451   0.0219   0.0581   0.0027
 -0.0417   0.0666   0.0567   0.0704   0.0526   0.0330
 -0.0185   0.0668   0.0595   0.0739   0.0593  -0.0409
 -0.0350   0.0875   0.0684   0.0749   0.0592   0.1137
 -0.0342   0.0766   0.0610   0.0672   0.0572  -0.0642
 -0.0371   0.0616   0.0500   0.0905   0.0350  -0.0311
 -0.0342   0.0799   0.0471   0.0843   0.0296  -0.0006
 -0.0330   0.0973   0.0560   0.0838   0.0543   0.0010
 -0.0416   0.0640   0.0695   0.0691   0.0427   0.0471
 -0.0347   0.0145   0.0467   0.0575   0.0071   0.0342
 -0.0378   0.0170   0.0012   0.0409  -0.0173   0.0062
 -0.0405   0.0487   0.0491   0.1369   0.0232   0.1573
 -0.0001  -0.0558   0.0477   0.1164   0.0298   0.0264
 -0.0105  -0.0844   0.0630   0.0439   0.0321   0.0087
 -0.0404  -0.0622   0.0756   0.0519   0.0434  -0.1151
 -0.0309  -0.0480   0.0754   0.0350   0.0330   0.0279
 -0.0330  -0.0476   0.0897   0.0613   0.0291   0.0297
 -0.0300  -0.0431   0.0779   0.0918   0.0187   0.0426
 -0.0232  -0.0329   0.0858   0.0915   0.0372  -0.0951
 -0.0231  -0.0430   0.1010   0.0972   0.0336  -0.0179
 -0.0207  -0.0220   0.1011   0.0921   0.0372   0.1446
 -0.0327  -0.0410   0.1129   0.1065   0.0358  -0.0495
 -0.0134  -0.0469   0.1082   0.1071   0.0496  -0.0190
 -0.0252  -0.0462   0.1165   0.1202   0.0435  -0.0591
 -0.0237  -0.0226   0.1150   0.0960   0.0486   0.0368
 -0.0253  -0.0335   0.1188   0.1053   0.0446  -0.0272
 -0.0196  -0.0298   0.1116   0.1066   0.0471  -0.1105
 -0.0272  -0.0255   0.1094   0.0817   0.0478  -0.0043
 -0.0248  -0.0331   0.1134   0.0610   0.0493   0.0232
 -0.0134  -0.0435   0.1179   0.0549   0.0607  -0.0725
 -0.0244  -0.0447   0.1257   0.0624   0.0551  -0.0944
 -0.0127  -0.0144   0.1287   0.0736   0.0610   0.0147
 -0.0256  -0.0223   0.1347   0.0516   0.0696   0.0207
 -0.0180  -0.0549   0.1349   0.0298   0.0678  -0.1087
 -0.0231  -0.0494   0.1136   0.0669   0.0513  -0.1051
 -0.0159  -0.0622   0.1011   0.0502   0.0298   0.0789
 -0.0068  -0.0389   0.0892   0.0570   0.0347   0.0690
 -0.0147  -0.0384   0.1159   0.0625   0.0654   0.0207
 -0.0075  -0.0873   0.1048   0.0026   0.0714   0.0134
 -0.0229  -0.0850   0.1028  -0.0262   0.0726  -0.1161
 -0.0238  -0.0490   0.1095   0.0067   0.0772  -0.0124
 -0.0149  -0.0434   0.1120   0.0028   0.0768  -0.0227
 -0.0294  -0.0478   0.1187  -0.0191   0.0694  -0.0584
 -0.0149  -0.0605   0.1100  -0.0152   0.0529  -0.0214
 -0.0324  -0.0741   0.1065  -0.0368   0.0094  -0.1459
 -0.0185  -0.0656   0.0983  -0.0181   0.0316   0.0966
 -0.0321  -0.0673   0.1115  -0.0071   0.0462  -0.1022
 -0.0209  -0.0484   0.1179  -0.0087   0.0461  -0.0020
 -0.0295  -0.0525   0.1220  -0.0164   0.0378   0.0247
 -0.0267  -0.0356   0.1048   0.0091   0.0357   0.0065
 -0.0236  -0.0223   0.1095  -0.0025   0.0518   0.0213
 -0.0257  -0.0566   0.1234  -0.0225   0.0378  -0.0985
 -0.0277  -0.0764   0.1212  -0.0334   0.0166  -0.1188
 -0.0292  -0.0581   0.1051  -0.0121   0.0251  -0.0513
 -0.0227  -0.0276   0.1043  -0.0298   0.0275   0.0480
 -0.0383  -0.0380   0.1249  -0.0409   0.0390   0.1228
 -0.0371  -0.0245   0.1194  -0.0271   0.0523  -0.0514
 -0.0273  -0.0890   0.1211   0.0350   0.0655  -0.1620
 -0.0108  -0.0212   0.1589   0.0264   0.0771  -0.0853
 -0.0101  -0.0316   0.1810  -0.0011   0.0875   0.0039
 -0.0251  -0.0786   0.1737  -0.0166   0.0506  -0.0731
 -0.0321  -0.0977   0.1392  -0.0354  -0.0025  -0.1949
 -0.0188  -0.1352   0.1330  -0.0559  -0.0273  -0.0610
  0.0071  -0.1906   0.1182  -0.0643  -0.0404   0.1025
  0.0019  -0.1659   0.0970  -0.0611  -0.0442   0.0081
 -0.0034  -0.1205   0.1438  -0.0271   0.0103   0.0118
  0.0166  -0.1463   0.1583  -0.0642   0.0265  -0.1014
  0.0157  -0.1501   0.1736  -0.0367   0.0594  -0.0170
  0.0117  -0.1407   0.1875  -0.0379   0.0825  -0.0555
 -0.0016  -0.1520   0.1663  -0.0780   0.0503   0.1000
 -0.0018  -0.1366   0.1667  -0.0511   0.0635   0.0426
 -0.0023  -0.1204   0.1833  -0.0236   0.0739   0.0715
  0.0016  -0.1572   0.1543  -0.0672   0.0205   0.0370
  0.0092  -0.1434   0.1466  -0.0673   0.0214  -0.0264
  0.0094  -0.0962   0.1724  -0.0223   0.0483   0.0034
  0.0142  -0.1145   0.1820  -0.0231   0.0249   0.0967
  0.0361  -0.3695   0.1082  -0.1025  -0.0554   0.0194
  0.0702  -0.3903   0.1400  -0.1048  -0.0475   0.1268
  0.0617  -0.4077   0.1092  -0.1482  -0.1078   0.1347
  0.0509  -0.3708   0.1370  -0.1203  -0.0382   0.0814
  0.0533  -0.3315   0.1445  -0.1053  -0.0043   0.1618
  0.0459  -0.3061   0.1625  -0.1099   0.0132   0.2036
  0.0534  -0.3041   0.1567  -0.1266   0.0287   0.0974
  0.0468  -0.3282   0.1561  -0.1187   0.0275  -0.1240
  0.0521  -0.2806   0.1645  -0.0762   0.0366   0.0432
  0.0445  -0.3126   0.1775  -0.1168   0.0168   0.1867
  0.0576  -0.3694   0.1224  -0.1926  -0.0442   0.0467
  0.0826  -0.4885   0.1181  -0.3246  -0.1374   0.1622
  0.0971  -0.4480   0.0583  -0.2645  -0.1171   0.1849
  0.1006  -0.3603   0.1168  -0.1473  -0.0269   0.1426
  0.0926  -0.3950   0.1264  -0.2090  -0.0105   0.0436
  0.0822  -0.3912   0.1338  -0.2028   0.0144  -0.0064
  0.0803  -0.3602   0.1376  -0.1883   0.0159   0.0978
  0.0632  -0.3227   0.1528  -0.1574   0.0205   0.1591
  0.0719  -0.3280   0.1596  -0.1688   0.0286   0.1040
  0.0631  -0.3449   0.1657  -0.1357   0.0050  -0.0546
  0.0795  -0.4263   0.1034  -0.2192  -0.0613   0.0716
  0.0768  -0.3943   0.0777  -0.1909  -0.0708   0.1345
