 -0.0149  -0.3001   0.0067   0.1807   0.0357   0.2401
  0.0012  -0.3407   0.0119   0.1847   0.0426   0.2230
  0.0025  -0.3519   0.0245   0.1407   0.0498   0.2426
  0.0077  -0.3248   0.0256   0.2157   0.0508   0.2467
  0.0075  -0.3179   0.0098   0.1178   0.0434   0.2241
  0.0146  -0.3187   0.0101   0.0813   0.0512   0.2408
  0.0165  -0.2976   0.0191   0.1859   0.0507   0.2414
  0.0173  -0.3045   0.0087   0.1705   0.0499   0.2273
  0.0177  -0.3217   0.0228   0.0863   0.0532   0.2129
  0.0300  -0.2877   0.0281   0.2016   0.0606   0.2219
  0.0255  -0.3004   0.0153   0.2025   0.0575   0.2130
  0.0194  -0.2784   0.0156   0.1049   0.0568   0.2112
  0.0235  -0.2538   0.0336   0.2077   0.0588   0.2223
  0.0161  -0.2847   0.0203   0.1105   0.0568   0.1885
  0.0143  -0.2408   0.0282   0.1405   0.0533   0.2070
  0.0200  -0.2627   0.0296   0.1714   0.0523   0.1967
  0.0100  -0.2729   0.0261   0.1017   0.0557   0.1914
  0.0267  -0.2416   0.0285   0.2527   0.0508   0.2144
  0.0208  -0.2513   0.0209   0.1596   0.0470   0.1845
  0.0213  -0.2300   0.0211   0.0406   0.0563   0.1833
  0.0182  -0.2109   0.0378   0.1921   0.0601   0.1954
  0.0273  -0.2503   0.0151   0.1014   0.0545   0.1801
  0.0259  -0.2231   0.0284   0.1137   0.0524   0.1927
  0.0161  -0.2190   0.0341   0.1872   0.0454   0.1855
  0.0126  -0.2611   0.0113   0.0385   0.0381   0.1668
  0.0032  -0.2292   0.0269   0.0700   0.0381   0.1855
  0.0127  -0.2080   0.0283   0.0871   0.0495   0.1881
  0.0263  -0.2006   0.0345   0.2381   0.0609   0.1701
  0.0169  -0.2286   0.0129   0.1178   0.0472   0.1498
  0.0119  -0.2252   0.0098   0.0288   0.0397   0.1600
  0.0109  -0.2027   0.0199   0.0750   0.0501   0.1487
  0.0234  -0.1894   0.0288   0.2498   0.0525   0.1695
  0.0255  -0.2132   0.0137   0.2284   0.0535   0.1601
  0.0131  -0.2095   0.0065   0.0642   0.0367   0.1649
  0.0192  -0.1821   0.0237   0.1171   0.0500   0.1642
  0.0152  -0.2109   0.0304   0.3146   0.0485   0.1656
  0.0100  -0.2019   0.0164   0.1295   0.0363   0.1458
  0.0045  -0.2059   0.0119   0.0307   0.0301   0.1547
  0.0049  -0.1968   0.0277   0.1250   0.0372   0.1569
  0.0106  -0.1853   0.0151   0.2191   0.0423   0.1501
  0.0084  -0.2134   0.0011   0.0250   0.0337   0.1341
  0.0128  -0.2046   0.0074   0.0102   0.0371   0.1532
  0.0187  -0.1803   0.0242   0.1780   0.0436   0.1609
  0.0189  -0.1922   0.0085   0.1564   0.0362   0.1425
  0.0118  -0.2019  -0.0103  -0.0633   0.0202   0.1422
  0.0141  -0.1664   0.0075   0.0458   0.0257   0.1400
  0.0214  -0.1521   0.0186   0.1929   0.0415   0.1385
  0.0162  -0.1945  -0.0088  -0.0327   0.0266   0.1281
  0.0111  -0.1679  -0.0036  -0.0726   0.0190   0.1544
  0.0187  -0.1373   0.0184   0.1225   0.0345   0.1511
  0.0179  -0.1422   0.0095   0.1437   0.0307   0.1255
  0.0194  -0.1667  -0.0127  -0.0925   0.0186   0.1172
  0.0180  -0.1423   0.0126  -0.0224   0.0316   0.1265
  0.0217  -0.1335   0.0192   0.1853   0.0448   0.1229
  0.0164  -0.1496  -0.0057   0.0304   0.0309   0.0935
  0.0116  -0.1356   0.0100   0.0071   0.0246   0.1207
  0.0235  -0.1245   0.0204   0.1712   0.0411   0.1180
  0.0151  -0.1704   0.0050   0.0189   0.0242   0.0918
  0.0084  -0.1594  -0.0011   0.0061   0.0143   0.1261
  0.0188  -0.1142   0.0254   0.1443   0.0341   0.1341
  0.0137  -0.1180   0.0234   0.1850   0.0297   0.1122
  0.0209  -0.1482  -0.0010  -0.0442   0.0263   0.1003
  0.0181  -0.1568   0.0044  -0.0525   0.0329   0.1212
  0.0226  -0.1173   0.0276   0.1346   0.0400   0.1311
  0.0262  -0.1359   0.0002   0.0659   0.0282   0.0959
  0.0155  -0.1546  -0.0003  -0.0942   0.0196   0.1126
  0.0332  -0.1310   0.0229   0.1451   0.0441   0.1399
  0.0330  -0.1164   0.0266   0.1933   0.0491   0.1135
  0.0233  -0.1415   0.0081   0.0351   0.0321   0.1123
  0.0290  -0.1192   0.0133  -0.0456   0.0388   0.1216
  0.0391  -0.0872   0.0260   0.1310   0.0484   0.1254
  0.0422  -0.1196   0.0088   0.0988   0.0455   0.1017
  0.0307  -0.1218   0.0011  -0.0095   0.0358   0.1120
  0.0339  -0.0944   0.0181   0.1326   0.0433   0.1324
  0.0218  -0.1298  -0.0003   0.0421   0.0215   0.1150
  0.0278  -0.1222   0.0003  -0.0768   0.0234   0.1049
  0.0241  -0.0982   0.0144   0.0480   0.0226   0.1267
  0.0253  -0.0841   0.0215   0.1527   0.0188   0.1290
  0.0214  -0.1160  -0.0083  -0.0380   0.0168   0.1010
  0.0256  -0.0962   0.0071  -0.0370   0.0308   0.1170
  0.0343  -0.0790   0.0159   0.1219   0.0337   0.1184
  0.0378  -0.0599  -0.0152  -0.0332   0.0187   0.0923
  0.0280  -0.0359   0.0035  -0.0643   0.0205   0.1054
  0.0325  -0.0278   0.0156   0.1118   0.0234   0.1185
  0.0347  -0.0578  -0.0131  -0.0675   0.0158   0.0928
  0.0344  -0.0348  -0.0088  -0.1326   0.0172   0.1034
  0.0337   0.0073   0.0146   0.0386   0.0208   0.1092
  0.0332  -0.0249   0.0069   0.0365   0.0198   0.0859
  0.0292  -0.0269  -0.0032  -0.0866   0.0168   0.0692
  0.0289  -0.0117  -0.0010  -0.0240   0.0207   0.0932
  0.0369  -0.0025   0.0054   0.0949   0.0272   0.0947
  0.0389  -0.0470  -0.0119  -0.0626   0.0269   0.0648
  0.0410  -0.0115   0.0050  -0.0068   0.0378   0.0773
  0.0321  -0.0195  -0.0026   0.0666   0.0237   0.0771
  0.0415  -0.0386  -0.0211  -0.1310   0.0239   0.0613
  0.0355  -0.0279  -0.0078  -0.0962   0.0287   0.0807
  0.0345  -0.0020   0.0097   0.0489   0.0310   0.0791
  0.0322  -0.0353  -0.0042  -0.0178   0.0152   0.0708
  0.0329  -0.0285  -0.0102  -0.1175   0.0201   0.0815
  0.0317  -0.0092   0.0097  -0.0141   0.0274   0.0812
  0.0300  -0.0221   0.0122   0.1165   0.0199   0.0779
  0.0299  -0.0325  -0.0085  -0.0254   0.0151   0.0691
  0.0340  -0.0305  -0.0098  -0.1427   0.0206   0.0816
  0.0309   0.0057   0.0147   0.0376   0.0327   0.0910
  0.0293  -0.0197   0.0215   0.1063   0.0268   0.0769
  0.0316  -0.0435   0.0016  -0.0580   0.0202   0.0706
  0.0283  -0.0087   0.0177  -0.0086   0.0265   0.0745
  0.0316   0.0025   0.0210   0.0869   0.0197   0.0791
  0.0293  -0.0262   0.0055  -0.0518   0.0197   0.0591
  0.0356   0.0039   0.0196   0.0195   0.0262   0.0815
  0.0370  -0.0095   0.0124   0.0562   0.0230   0.0735
  0.0292  -0.0151   0.0058  -0.0975   0.0219   0.0560
  0.0340   0.0123   0.0170  -0.0157   0.0281   0.0712
  0.0354   0.0128   0.0040   0.0506   0.0201   0.0611
  0.0325  -0.0109  -0.0097  -0.1040   0.0119   0.0515
  0.0350   0.0220   0.0099  -0.0314   0.0257   0.0721
  0.0397   0.0134   0.0112   0.0402   0.0239   0.0724
  0.0359   0.0067   0.0046  -0.1344   0.0284   0.0526
  0.0326   0.0366   0.0076  -0.0622   0.0242   0.0809
  0.0376   0.0499   0.0110   0.0312   0.0269   0.0732
  0.0272  -0.0039  -0.0064  -0.0996   0.0061   0.0557
  0.0299   0.0162  -0.0054  -0.1590   0.0171   0.0621
  0.0400   0.1327  -0.0169  -0.0126   0.0075   0.0117
  0.0461   0.1166  -0.0221  -0.0888   0.0025   0.0060
  0.0448   0.1307  -0.0131  -0.2182   0.0137  -0.0241
  0.0375   0.1765  -0.0171  -0.1400   0.0104  -0.0397
  0.0346   0.1640  -0.0210   0.0439  -0.0010  -0.0211
  0.0344   0.1181  -0.0355  -0.1117  -0.0056  -0.0422
  0.0331   0.1455  -0.0304  -0.1702  -0.0035  -0.0266
  0.0394   0.1319  -0.0103   0.0277   0.0072  -0.0126
  0.0496   0.1388  -0.0112  -0.0675   0.0075  -0.0383
  0.0447   0.1274  -0.0209  -0.1988   0.0016  -0.0410
  0.0351   0.1605  -0.0073  -0.0276   0.0012  -0.0200
  0.0367   0.1558  -0.0098   0.0045   0.0010  -0.0509
  0.0461   0.1589  -0.0062  -0.1651   0.0068  -0.0597
  0.0407   0.2114  -0.0085  -0.1736   0.0102  -0.0473
  0.0383   0.2041  -0.0042  -0.0193   0.0054  -0.0250
  0.0378   0.1842  -0.0244  -0.1323  -0.0014  -0.0613
  0.0309   0.1958  -0.0179  -0.1937  -0.0051  -0.0423
  0.0214   0.1720   0.0033  -0.0168  -0.0037   0.0024
  0.0357   0.1723  -0.0094  -0.1371  -0.0053  -0.0316
  0.0335   0.2040  -0.0086  -0.2263  -0.0040  -0.0225
  0.0413   0.1993  -0.0008   0.0626  -0.0090   0.0149
  0.0369   0.1723  -0.0002  -0.0512  -0.0132  -0.0290
  0.0327   0.1729  -0.0148  -0.2835  -0.0209  -0.0186
  0.0324   0.2147   0.0146  -0.2123  -0.0009  -0.0180
  0.0375   0.2047   0.0216  -0.0037   0.0073  -0.0153
  0.0384   0.1818  -0.0126  -0.1668  -0.0057  -0.0450
  0.0442   0.2099  -0.0071  -0.2255   0.0023  -0.0356
  0.0366   0.1912   0.0126  -0.0412   0.0001   0.0079
  0.0330   0.1760  -0.0005  -0.1285  -0.0095  -0.0277
  0.0382   0.2058  -0.0006  -0.2538  -0.0171  -0.0275
  0.0327   0.2244   0.0240  -0.0629  -0.0110  -0.0093
  0.0254   0.2140   0.0060  -0.1167  -0.0196  -0.0406
  0.0217   0.2190   0.0050  -0.1907  -0.0159  -0.0432
  0.0213   0.2421   0.0038  -0.0240  -0.0081  -0.0325
  0.0181   0.2540  -0.0006  -0.1267  -0.0198  -0.0587
  0.0148   0.2732  -0.0345  -0.2904  -0.0113   0.0053
 -0.0267   0.2302  -0.0390  -0.0608  -0.0706  -0.0178
 -0.0151   0.3009  -0.0038  -0.2774  -0.0450  -0.0886
 -0.0174   0.3329   0.0036  -0.3316  -0.0375  -0.0869
 -0.0262   0.3119   0.0109  -0.1007  -0.0332  -0.0803
 -0.0249   0.3114   0.0038  -0.0972  -0.0355  -0.0931
 -0.0331   0.3308   0.0008  -0.2929  -0.0468  -0.1036
 -0.0344   0.3444   0.0158  -0.2279  -0.0464  -0.0911
 -0.0408   0.3144   0.0258  -0.0147  -0.0387  -0.0860
 -0.0409   0.2985   0.0129  -0.1562  -0.0356  -0.1182
 -0.0365   0.3398   0.0151  -0.2005  -0.0264  -0.1089
 -0.0421   0.3737   0.0349  -0.0394  -0.0291  -0.0902
 -0.0385   0.3533   0.0186  -0.0981  -0.0438  -0.1219
 -0.1120   0.3175   0.0114  -0.1049  -0.0902  -0.1054
 -0.1518   0.3341  -0.0203  -0.2229  -0.1296  -0.1947
 -0.0564   0.4536  -0.0609  -0.4824  -0.0690  -0.1229
 -0.0548   0.2927  -0.0485  -0.2841  -0.0490  -0.1193
 -0.2404  -0.0031   0.0321   0.0226  -0.1477  -0.0937
 -0.2109   0.1545  -0.0162  -0.1609  -0.1364  -0.2269
 -0.1850   0.1997  -0.0606  -0.1800  -0.1571  -0.2306
 -0.1274   0.1492  -0.0401   0.1068  -0.1177  -0.2101
 -0.0950   0.1811  -0.0384  -0.1552  -0.0919  -0.2716
 -0.0816   0.2597  -0.0373  -0.3474  -0.0789  -0.2603
 -0.0968   0.3167  -0.0258  -0.3427  -0.0808  -0.2836
 -0.0945   0.2990  -0.0116  -0.1302  -0.0721  -0.2339
 -0.0645   0.2366  -0.0203   0.1340  -0.0839  -0.1541
 -0.1160   0.2586  -0.0175   0.0017  -0.1178  -0.1803
 -0.1124   0.3278  -0.0408  -0.2613  -0.1160  -0.2220
 -0.0936   0.3855  -0.0386  -0.2088  -0.0971  -0.2138
 -0.0780   0.3654  -0.0344  -0.0432  -0.0931  -0.1738
 -0.0906   0.3253  -0.0410  -0.0788  -0.1077  -0.2224
 -0.1017   0.3760  -0.0610  -0.2649  -0.1248  -0.2281
 -0.0905   0.4060  -0.0328  -0.1945  -0.0935  -0.2227
 -0.0722   0.4131  -0.0356  -0.0685  -0.0887  -0.1985
 -0.1028   0.3340  -0.0207  -0.0637  -0.1077  -0.1798
 -0.1017   0.2412  -0.0460  -0.2432  -0.1243  -0.1281
 -0.0372   0.2255  -0.0594  -0.3510  -0.0642  -0.1826
 -0.0831  -0.1976  -0.0131   0.1021  -0.0659  -0.0616
  0.0045  -0.1197  -0.0206   0.0387  -0.0162   0.1028
  0.0116  -0.0489   0.0008  -0.1239  -0.0015  -0.0985
  0.0071   0.0127  -0.0211  -0.2321  -0.0029  -0.1410
 -0.0348   0.0013  -0.0222  -0.0406  -0.0463  -0.1052
 -0.0259   0.0453   0.0263  -0.0193  -0.0103  -0.1305
 -0.0281   0.0720   0.0017   0.0284  -0.0060  -0.1209
 -0.0352   0.0256  -0.0013   0.1199  -0.0046  -0.0524
  0.0528  -0.3520  -0.0321   0.1956   0.0793   0.1216
  0.0549  -0.1399  -0.0519  -0.0030   0.0714  -0.0495
  0.0493  -0.1092  -0.0349  -0.0399   0.0594  -0.0471
  0.0477  -0.0589  -0.0320   0.0562   0.0484  -0.0569
  0.0560  -0.0281  -0.0315   0.0215   0.0392  -0.0717
  0.0612   0.0011  -0.0239  -0.1437   0.0408  -0.0951
  0.0559  -0.0220   0.0022   0.0574   0.0414  -0.0418
  0.0306  -0.0873  -0.0191   0.1794   0.0475  -0.0613
  0.0294  -0.0405  -0.0214   0.0258   0.0441  -0.0906
  0.0271  -0.0111  -0.0045   0.0943   0.0369  -0.0637
  0.0050  -0.0697  -0.0335   0.2212   0.0117  -0.1263
  0.0253  -0.1180  -0.0377   0.2690  -0.0048  -0.2758
 -0.0101  -0.1570  -0.0197   0.2077  -0.0170  -0.2860
 -0.0228  -0.0888  -0.0218   0.0932  -0.0220  -0.3415
 -0.0290  -0.1071  -0.0111   0.1489  -0.0191  -0.2436
 -0.0264  -0.0768  -0.0043   0.2058  -0.0260  -0.2050
 -0.0274  -0.0383  -0.0304   0.0535  -0.0437  -0.2627
 -0.0331   0.0175  -0.0240  -0.0123  -0.0499  -0.3024
 -0.0529   0.0632  -0.0117   0.1028  -0.0618  -0.2671
 -0.0586   0.0081   0.0036   0.0623  -0.0641  -0.3035
 -0.0493   0.0366  -0.0026   0.0594  -0.0565  -0.2664
 -0.0732  -0.0461   0.0085   0.2001  -0.0848  -0.3027
 -0.0706   0.0177  -0.0046   0.1369  -0.0781  -0.3144
 -0.0727  -0.0006  -0.0147   0.0690  -0.0779  -0.3342
 -0.0648   0.0331  -0.0019   0.1304  -0.0627  -0.2834
 -0.0700  -0.0028  -0.0150   0.0720  -0.0729  -0.3232
 -0.0737   0.0184   0.0031   0.0496  -0.0704  -0.3056
 -0.0701   0.0332   0.0071   0.1020  -0.0684  -0.2806
 -0.0767   0.0402   0.0108   0.0006  -0.0699  -0.3496
 -0.0694   0.0861   0.0162   0.0581  -0.0670  -0.2989
 -0.0761   0.0665   0.0047  -0.0295  -0.0675  -0.3573
 -0.0693   0.1088   0.0094   0.0432  -0.0575  -0.3151
 -0.0693   0.0620  -0.0037   0.0617  -0.0664  -0.3303
 -0.0770   0.0702  -0.0145  -0.0260  -0.0706  -0.3622
 -0.0593   0.0979  -0.0105   0.0758  -0.0751  -0.3016
 -0.0763   0.1066  -0.0121   0.0117  -0.0901  -0.3023
 -0.0755   0.1465  -0.0069  -0.0506  -0.0809  -0.3141
 -0.0674   0.1479  -0.0037   0.0399  -0.0802  -0.3010
