  0.0356  -0.5046  -0.1750   0.7800   0.0433   0.4929
  0.0348  -0.4707  -0.1792   0.7676   0.0433   0.4752
  0.0276  -0.4740  -0.1600   0.8022   0.0457   0.4535
  0.0250  -0.5017  -0.1687   0.7963   0.0416   0.4339
  0.0296  -0.5102  -0.1673   0.8207   0.0361   0.4374
  0.0145  -0.3962  -0.1543   0.7354   0.0311   0.4480
 -0.0042  -0.3552  -0.1594   0.6738   0.0294   0.4278
  0.0109  -0.3989  -0.1485   0.7005   0.0309   0.4142
  0.0083  -0.3622  -0.1263   0.6263   0.0156   0.4176
  0.0129  -0.3244  -0.1165   0.5794   0.0080   0.3974
  0.0196  -0.3456  -0.1156   0.6310   0.0158   0.3423
  0.0288  -0.3196  -0.0953   0.6079   0.0057   0.3590
  0.0196  -0.2989  -0.0965   0.5774  -0.0080   0.3552
  0.0170  -0.3148  -0.0948   0.5409  -0.0014   0.3232
  0.0222  -0.3015  -0.0921   0.5558   0.0042   0.3180
  0.0273  -0.2620  -0.0837   0.5095   0.0071   0.3318
  0.0244  -0.2916  -0.0860   0.5486   0.0174   0.2843
  0.0241  -0.2708  -0.0828   0.5384   0.0077   0.3015
  0.0109  -0.2565  -0.0778   0.4839  -0.0034   0.3140
  0.0190  -0.2338  -0.0695   0.4971   0.0110   0.3096
  0.0282  -0.2501  -0.0606   0.5206   0.0096   0.2813
  0.0356  -0.2623  -0.0534   0.4651  -0.0057   0.3215
  0.0308  -0.2389  -0.0588   0.4355  -0.0074   0.2731
  0.0274  -0.2683  -0.0473   0.4902  -0.0041   0.2538
  0.0188  -0.2500  -0.0386   0.4894  -0.0175   0.2806
  0.0187  -0.2718  -0.0413   0.4806  -0.0161   0.2653
  0.0162  -0.4903  -0.0611   0.5259  -0.0623   0.3393
  0.0225  -0.5121  -0.0408   0.4740  -0.0452   0.2678
  0.0141  -0.4610  -0.0332   0.4048  -0.0580   0.3468
  0.0073  -0.4594  -0.0216   0.3818  -0.0570   0.2807
  0.0000  -0.4075  -0.0045   0.3241  -0.0655   0.2889
 -0.0016  -0.3609   0.0129   0.2669  -0.0556   0.2176
 -0.0044  -0.3523   0.0160   0.2959  -0.0466   0.1814
 -0.0057  -0.3245   0.0115   0.2777  -0.0417   0.2242
 -0.0109  -0.2817   0.0163   0.2430  -0.0461   0.1782
 -0.0108  -0.3014   0.0110   0.2828  -0.0451   0.1698
  0.0025  -0.2660   0.0219   0.2002  -0.0138   0.1892
  0.0079  -0.2579   0.0185   0.1894  -0.0107   0.1655
  0.0148  -0.2660   0.0202   0.2238  -0.0070   0.1554
 -0.0021  -0.2223   0.0125   0.1849  -0.0290   0.1435
 -0.0148  -0.2124   0.0161   0.1374  -0.0242   0.1239
 -0.0137  -0.2203   0.0197   0.1570   0.0036   0.0998
 -0.0032  -0.2202   0.0201   0.1318   0.0008   0.1361
  0.0009  -0.1882   0.0152   0.1080   0.0034   0.0981
 -0.0005  -0.2195   0.0119   0.1420  -0.0028   0.0685
 -0.0032  -0.2025   0.0167   0.0732   0.0033   0.1277
  0.0006  -0.1991   0.0320   0.0436   0.0268   0.0772
  0.0038  -0.1763   0.0248   0.0001   0.0017   0.1344
  0.0038  -0.1807   0.0278  -0.0017   0.0026   0.0733
  0.0038  -0.1760   0.0292   0.0134  -0.0046   0.0760
  0.0154  -0.1284   0.0232  -0.0346   0.0075   0.0745
  0.0147  -0.1363   0.0251  -0.0100   0.0074   0.0232
  0.0082  -0.1430   0.0264   0.0077   0.0017   0.0413
  0.0084  -0.1248   0.0245  -0.0267  -0.0047   0.0577
  0.0143  -0.1184   0.0270  -0.0219   0.0112   0.0135
  0.0139  -0.1298   0.0325  -0.0021   0.0141   0.0106
  0.0236  -0.1283   0.0329  -0.0367   0.0152   0.0575
  0.0224  -0.1199   0.0414  -0.0520   0.0367   0.0111
  0.0413  -0.0856   0.0308  -0.1011   0.0142   0.0825
  0.0433  -0.0596   0.0323  -0.1299   0.0279   0.0583
  0.0541  -0.0556   0.0365  -0.0701   0.0312   0.0206
  0.0491  -0.0328   0.0347  -0.0613   0.0315   0.0279
  0.0613  -0.0340   0.0352  -0.0810   0.0404   0.0283
  0.0456  -0.0587   0.0343  -0.0878   0.0352  -0.0210
  0.0410  -0.0518   0.0339  -0.0746   0.0412  -0.0023
  0.0473  -0.0393   0.0265  -0.0737   0.0505   0.0121
  0.0561  -0.0460   0.0176  -0.0954   0.0161  -0.0078
  0.0524  -0.0413   0.0331  -0.0893   0.0273  -0.0097
  0.0469  -0.0359   0.0281  -0.1038   0.0263   0.0084
  0.0538  -0.0160   0.0229  -0.1342   0.0054  -0.0009
  0.0556  -0.0205   0.0275  -0.1162   0.0150  -0.0449
  0.0545  -0.0187   0.0192  -0.1028  -0.0028   0.0088
  0.0468  -0.0174   0.0197  -0.1153   0.0109  -0.0175
  0.0508  -0.0329   0.0315  -0.1095   0.0103  -0.0184
  0.0530  -0.0166   0.0349  -0.0896   0.0068   0.0130
  0.0516  -0.0281   0.0330  -0.1119   0.0101  -0.0212
  0.0434  -0.0309   0.0323  -0.0845   0.0134  -0.0218
  0.0444  -0.0141   0.0350  -0.1132   0.0091   0.0084
  0.0503   0.0046   0.0251  -0.1477   0.0104  -0.0072
  0.0419   0.0057   0.0211  -0.1269   0.0152  -0.0467
  0.0357  -0.0032   0.0163  -0.1342   0.0124  -0.0100
  0.0454  -0.0375   0.0318  -0.2949  -0.0075  -0.0414
  0.0159  -0.0322   0.0539  -0.2267   0.0164  -0.0118
  0.0399  -0.0089   0.0246  -0.3320   0.0393  -0.0542
  0.0213   0.0519   0.0166  -0.3023   0.0512  -0.1263
  0.0372   0.0664   0.0197  -0.2542   0.0341  -0.1158
  0.0270   0.0778   0.0154  -0.2362   0.0922  -0.1545
 -0.0067   0.1636   0.0088  -0.2825   0.0342  -0.0974
  0.0292   0.1210   0.0009  -0.3334   0.0433  -0.1569
  0.0323   0.1330   0.0131  -0.3195   0.0483  -0.1678
  0.0271   0.1760   0.0062  -0.3551   0.0404  -0.1616
  0.0293   0.1399   0.0210  -0.3027   0.0280  -0.2072
  0.0209   0.1265   0.0193  -0.2826   0.0161  -0.1852
  0.0110   0.0783   0.0087  -0.2914   0.0050  -0.2287
  0.0461   0.1396  -0.0072  -0.3031   0.0102  -0.1586
  0.0428   0.1073  -0.0043  -0.3183  -0.0005  -0.1869
  0.0504   0.0932   0.0005  -0.3066   0.0072  -0.1951
  0.0420   0.1258  -0.0025  -0.3398  -0.0079  -0.1739
  0.0383   0.1087   0.0123  -0.2828   0.0030  -0.1784
  0.0034   0.1430  -0.0597  -0.1902  -0.0798  -0.1332
  0.0196   0.1371  -0.0013  -0.2393  -0.0319  -0.1199
  0.0297   0.1217   0.0020  -0.2201  -0.0082  -0.1706
  0.0321   0.1575   0.0103  -0.2284  -0.0091  -0.1469
  0.0436   0.1854   0.0077  -0.2527   0.0139  -0.1386
  0.0375   0.1615   0.0067  -0.2540   0.0159  -0.1765
  0.0467   0.1682   0.0068  -0.2568   0.0143  -0.1757
  0.0485   0.1851   0.0102  -0.2724   0.0135  -0.1667
  0.0450   0.1849   0.0140  -0.2687   0.0210  -0.1910
  0.0406   0.1600   0.0130  -0.2518   0.0362  -0.2189
  0.0468   0.1708   0.0189  -0.2534   0.0472  -0.1961
  0.0408   0.1885   0.0161  -0.2788   0.0429  -0.2002
  0.0462   0.1955   0.0124  -0.2595   0.0354  -0.1972
  0.0498   0.2184   0.0121  -0.2630   0.0262  -0.1974
  0.0448   0.2308   0.0092  -0.2946   0.0273  -0.2163
  0.0403   0.1983   0.0155  -0.2666   0.0283  -0.2239
  0.0451   0.2100   0.0156  -0.2614   0.0218  -0.2122
  0.0502   0.2250   0.0187  -0.2969   0.0115  -0.2025
  0.0501   0.2138   0.0176  -0.2797   0.0234  -0.2405
  0.0510   0.2411   0.0114  -0.2921   0.0262  -0.2100
  0.0309   0.2686   0.0447  -0.2542   0.0452  -0.2080
 -0.0054   0.2663   0.0102  -0.2889  -0.0454  -0.2100
  0.0092   0.2823   0.0305  -0.3300  -0.0410  -0.1884
  0.0030   0.2636   0.0283  -0.2992  -0.0302  -0.2225
 -0.0189   0.2893   0.0467  -0.2865  -0.0237  -0.2350
 -0.0260   0.2985   0.0266  -0.3520  -0.0475  -0.1910
 -0.0243   0.3095   0.0346  -0.3429  -0.0385  -0.2350
 -0.0235   0.2940   0.0419  -0.3132  -0.0427  -0.2281
 -0.0333   0.3060   0.0303  -0.3545  -0.0655  -0.2032
 -0.0377   0.3186   0.0178  -0.3630  -0.0975  -0.2149
 -0.0376   0.2909   0.0358  -0.3159  -0.0647  -0.2229
 -0.0463   0.3010   0.0274  -0.3311  -0.0591  -0.1852
 -0.0547   0.3010   0.0172  -0.3216  -0.0519  -0.2208
 -0.0593   0.2868   0.0191  -0.3167  -0.0580  -0.2152
 -0.0590   0.3126   0.0172  -0.3522  -0.0632  -0.2117
 -0.0617   0.2953   0.0167  -0.3474  -0.0591  -0.2601
 -0.0659   0.3003   0.0165  -0.3337  -0.0594  -0.2120
 -0.0672   0.3004   0.0086  -0.3605  -0.0584  -0.2080
 -0.0733   0.3276   0.0243  -0.3205  -0.0180  -0.2354
 -0.0772   0.3592   0.0148  -0.3812  -0.0350  -0.2275
 -0.0743   0.3614   0.0140  -0.3701  -0.0518  -0.2681
 -0.0770   0.3492   0.0104  -0.3356  -0.0503  -0.2480
 -0.0751   0.3445   0.0204  -0.2907  -0.0483  -0.1975
 -0.1221   0.2956   0.0022   0.0128   0.0022  -0.1655
 -0.2459   0.3445  -0.0303   0.3370   0.0018  -0.0635
 -0.2350   0.3158   0.0090   0.1715   0.0016  -0.1260
 -0.2372   0.3008   0.0130   0.1632   0.0014  -0.1475
 -0.2419   0.2966   0.0119   0.1451  -0.0062  -0.1353
 -0.2382   0.3390  -0.0079   0.1191  -0.0033  -0.1836
 -0.2330   0.3388  -0.0070   0.0779  -0.0070  -0.1467
 -0.2386   0.3277   0.0030   0.1001  -0.0003  -0.1820
 -0.2396   0.3032   0.0017   0.0829   0.0038  -0.1711
 -0.2356   0.2990   0.0089   0.0440   0.0054  -0.1593
