  0.1003   0.0945   0.0751  -0.0866  -0.0243  -0.0351
  0.1294   0.1236   0.0532   0.0350  -0.0031  -0.0020
  0.1457   0.1245   0.0361   0.0773   0.0137  -0.0336
  0.1417   0.1280   0.0382   0.0813  -0.0083  -0.0428
  0.1415   0.1337   0.0426   0.0878  -0.0170  -0.0396
  0.1443   0.1463   0.0484   0.0401   0.0075  -0.0273
  0.1435   0.1509   0.0460   0.0565   0.0077  -0.0368
  0.1424   0.1637   0.0677   0.0927  -0.0046  -0.0556
  0.1415   0.1478   0.0595   0.0610  -0.0029  -0.0476
  0.1325   0.1616   0.0505   0.0536   0.0135  -0.0393
  0.1240   0.1661   0.0537   0.0682   0.0012  -0.0362
  0.1293   0.1611   0.0575   0.0668   0.0058  -0.0498
  0.1317   0.1635   0.0600   0.0891  -0.0016  -0.0483
  0.1138   0.1470   0.0358   0.0699   0.0062  -0.0316
  0.1105   0.1615   0.0488   0.0823   0.0135  -0.0356
  0.1191   0.1651   0.0584   0.0581   0.0238  -0.0407
  0.1222   0.1701   0.0562   0.0714   0.0187  -0.0527
  0.1145   0.1699   0.0588   0.0781   0.0200  -0.0436
  0.1227   0.1629   0.0676   0.0905   0.0142  -0.0516
  0.1302   0.1676   0.0691   0.1030   0.0003  -0.0708
  0.1353   0.1852   0.0709   0.1650  -0.0152  -0.1105
  0.1231   0.1771   0.0562   0.1126   0.0002  -0.0810
  0.1166   0.1655   0.0692   0.1117   0.0163  -0.0557
  0.1180   0.1746   0.0603   0.0815   0.0277  -0.0603
  0.1003   0.1729   0.0570   0.0534   0.0246  -0.0304
  0.0994   0.1808   0.0644   0.0223   0.0492  -0.0002
  0.1086   0.1663   0.0590   0.0595   0.0436  -0.0207
  0.0976   0.1525   0.0443   0.0529   0.0326  -0.0176
  0.0981   0.1703   0.0374   0.0584   0.0171  -0.0329
  0.0884   0.1607   0.0248  -0.0095   0.0550  -0.0068
  0.0742   0.1746   0.0531   0.0712  -0.0226  -0.0620
  0.0840   0.1844   0.0451  -0.0011   0.0261  -0.0266
  0.0741   0.1815   0.0639   0.0278   0.0116  -0.0149
  0.0717   0.1716   0.0517   0.0269   0.0169  -0.0234
  0.0548   0.1627   0.0355   0.0167   0.0047  -0.0231
  0.0473   0.1842   0.0259  -0.0192   0.0132  -0.0070
  0.0458   0.1815   0.0239  -0.0294   0.0147  -0.0144
  0.0371   0.1629   0.0122  -0.0208   0.0053  -0.0264
  0.0212   0.1629  -0.0097  -0.0388  -0.0079  -0.0035
  0.0110   0.1601  -0.0055  -0.0441  -0.0286   0.0141
  0.0443   0.1651   0.0048  -0.0130  -0.0326  -0.0126
  0.0673   0.1388   0.0194  -0.0390   0.0393   0.0230
  0.0500   0.1277   0.0323  -0.0368   0.0197   0.0072
  0.0542   0.1372   0.0314  -0.0019   0.0090  -0.0140
  0.0623   0.1292   0.0335   0.0289  -0.0191  -0.0304
  0.0639   0.0945   0.0417   0.0351  -0.0198  -0.0221
  0.0650   0.1091   0.0539   0.0200  -0.0044  -0.0162
  0.0605   0.1017   0.0464   0.0388  -0.0323  -0.0322
  0.0591   0.1061   0.0291  -0.0237   0.0014  -0.0212
  0.0466   0.1105   0.0292  -0.0145  -0.0151  -0.0075
  0.0293   0.1088   0.0463  -0.0779   0.0142   0.0256
  0.0165   0.0929   0.0127  -0.0615   0.0201   0.0094
  0.0259   0.1113   0.0372  -0.0647   0.0307   0.0073
  0.0523   0.0880   0.0067  -0.0601   0.0434   0.0362
  0.0868  -0.0475   0.0081   0.0056   0.0401   0.0254
  0.0147   0.1364   0.0209  -0.0212   0.0148   0.0071
  0.0486   0.0833   0.0199   0.0107   0.0043  -0.0036
  0.0826   0.1369   0.0061  -0.0580   0.0703   0.0045
  0.0288   0.1387   0.0265   0.0173  -0.0115  -0.0407
  0.0103   0.1493   0.0225   0.0015  -0.0096  -0.0301
  0.0160   0.1434   0.0187   0.0425  -0.0290  -0.0593
 -0.0034   0.1186   0.0221   0.0469  -0.0440  -0.0487
 -0.0203   0.1057   0.0083   0.0260  -0.0434  -0.0312
 -0.0358   0.1116  -0.0081  -0.0109  -0.0234  -0.0294
 -0.0198   0.1153   0.0102   0.0004  -0.0221  -0.0359
 -0.0128   0.1183   0.0316  -0.0053  -0.0193  -0.0311
 -0.0149   0.1334   0.0135   0.0283  -0.0199  -0.0529
 -0.0075   0.1306   0.0175  -0.0081   0.0035  -0.0407
 -0.0033   0.1164   0.0132   0.0060  -0.0013  -0.0264
 -0.0151   0.1046   0.0189   0.0000   0.0036  -0.0195
  0.0112   0.1134   0.0381  -0.0466   0.0363   0.0000
  0.0275   0.1273   0.0639  -0.0319   0.0403  -0.0021
  0.0149   0.1057   0.0478  -0.0482   0.0401  -0.0104
  0.0258   0.1134   0.0425  -0.0603   0.0280  -0.0210
  0.0254   0.1144   0.0393  -0.0785   0.0245  -0.0197
  0.0136   0.0942   0.0331  -0.0768   0.0148   0.0103
  0.0102   0.0941   0.0415  -0.0612   0.0232   0.0156
  0.0114   0.0802   0.0512  -0.0667   0.0131   0.0162
  0.0222   0.0935   0.0514  -0.0823   0.0078  -0.0002
  0.0087   0.0911   0.0373  -0.0813   0.0100  -0.0021
  0.0038   0.0982   0.0434  -0.0688   0.0063  -0.0055
  0.0125   0.1103   0.0372  -0.0878   0.0156   0.0023
  0.0222   0.1034   0.0345  -0.0950   0.0206   0.0139
  0.0188   0.0787   0.0235  -0.0921   0.0273   0.0275
  0.0188   0.0606   0.0273  -0.0577   0.0203   0.0233
  0.0324   0.0041   0.0313  -0.0466   0.0218   0.0130
  0.0277   0.0032   0.0310  -0.0306   0.0085   0.0090
  0.0252   0.0119   0.0302  -0.0445   0.0303   0.0098
  0.0095   0.0173   0.0373  -0.0549   0.0403   0.0185
  0.0171   0.0303   0.0370  -0.0676   0.0478   0.0082
  0.0306   0.0218   0.0308  -0.0505   0.0475   0.0146
  0.0191   0.0075   0.0355  -0.0481   0.0300   0.0336
  0.0258   0.0108   0.0362  -0.0322   0.0265   0.0145
  0.0182   0.0223   0.0215  -0.0491   0.0278   0.0223
 -0.0009   0.0326   0.0013  -0.0545   0.0232   0.0155
 -0.0123   0.0232  -0.0075  -0.0319  -0.0026   0.0101
 -0.0269  -0.0026  -0.0112  -0.0343  -0.0091   0.0160
 -0.0328  -0.0085  -0.0223  -0.0472  -0.0096   0.0263
 -0.0401  -0.0056  -0.0297  -0.0737  -0.0068   0.0357
 -0.0515   0.0053  -0.0404  -0.0720  -0.0166   0.0307
 -0.0546   0.0063  -0.0535  -0.0774  -0.0219   0.0316
 -0.0661  -0.0205  -0.0480  -0.0779  -0.0425   0.0366
 -0.0476  -0.0005  -0.0411  -0.0919  -0.0367   0.0296
 -0.0250  -0.0026  -0.0180  -0.0787  -0.0323   0.0148
 -0.0304  -0.0044  -0.0245  -0.0886  -0.0198   0.0383
 -0.0244  -0.0058  -0.0069  -0.0574  -0.0182   0.0368
 -0.0268  -0.0097   0.0057  -0.0705  -0.0210   0.0398
 -0.0322  -0.0070  -0.0099  -0.0812  -0.0282   0.0332
 -0.0295  -0.0041  -0.0101  -0.1001   0.0010   0.0295
 -0.0119   0.0117   0.0013  -0.0889  -0.0127   0.0207
  0.0178   0.0873   0.0011  -0.0970   0.0365   0.0180
  0.0367   0.0278   0.0246  -0.0879   0.0593   0.0330
  0.0337  -0.0083   0.0232  -0.0821   0.0475   0.0280
  0.0156  -0.0118   0.0238  -0.0637   0.0322   0.0286
  0.0300  -0.0192   0.0189  -0.0162   0.0371   0.0097
  0.0474  -0.0736   0.0256   0.0917   0.0619  -0.0372
  0.0417  -0.1059   0.0383   0.1106   0.0679  -0.0422
  0.0270  -0.1239   0.0420   0.0818   0.0654  -0.0147
  0.0650  -0.0815   0.0310   0.0863   0.0518  -0.0166
  0.0399  -0.0901   0.0356   0.0421   0.0376  -0.0066
  0.0186  -0.0993   0.0336   0.0514   0.0220  -0.0082
  0.0191  -0.1117   0.0080   0.0773   0.0328  -0.0210
  0.0128  -0.1262   0.0186   0.0935   0.0080  -0.0320
 -0.0076  -0.1255  -0.0016   0.0757   0.0149  -0.0234
 -0.0075  -0.1219   0.0049   0.0539   0.0169  -0.0321
 -0.0039  -0.1301  -0.0152   0.0328   0.0224  -0.0242
 -0.0150  -0.1492  -0.0070   0.0328   0.0161  -0.0135
 -0.0018  -0.1485   0.0051   0.0096   0.0392   0.0077
 -0.0041  -0.1456  -0.0025   0.0078   0.0435   0.0265
 -0.0146  -0.1563  -0.0046   0.0491   0.0286   0.0203
 -0.0030  -0.1493  -0.0095   0.0735   0.0401  -0.0019
 -0.0162  -0.1637  -0.0185   0.0565   0.0302   0.0037
 -0.0123  -0.1594  -0.0168   0.0555   0.0282  -0.0014
 -0.0252  -0.1652  -0.0236   0.0499   0.0242   0.0062
 -0.0387  -0.1710  -0.0350   0.0330   0.0157   0.0171
 -0.0342  -0.1665  -0.0342   0.0330   0.0083   0.0103
 -0.0286  -0.1878  -0.0351   0.0260   0.0125   0.0074
 -0.0282  -0.1893  -0.0329   0.0296  -0.0012   0.0033
 -0.0568  -0.1823  -0.0476   0.0374  -0.0060   0.0059
 -0.0682  -0.1736  -0.0387   0.0383  -0.0137   0.0119
 -0.0687  -0.1781  -0.0541   0.0235  -0.0121   0.0210
 -0.0579  -0.1822  -0.0510   0.0159  -0.0142   0.0159
 -0.0612  -0.1862  -0.0426   0.0374  -0.0287   0.0119
 -0.0576  -0.1867  -0.0250   0.0619  -0.0097   0.0057
 -0.0515  -0.1853  -0.0165   0.0394   0.0065   0.0180
 -0.0649  -0.1856  -0.0246   0.0527   0.0062   0.0194
 -0.0654  -0.1796  -0.0413   0.0156   0.0206   0.0112
 -0.0835  -0.1916  -0.0471   0.0149  -0.0041   0.0199
 -0.0912  -0.1867  -0.0567   0.0266  -0.0146   0.0088
 -0.0811  -0.1783  -0.0523   0.0193  -0.0130   0.0055
 -0.0944  -0.1988  -0.0671   0.0293  -0.0178   0.0223
 -0.1203  -0.1936  -0.0909   0.0096  -0.0247   0.0259
 -0.1335  -0.1899  -0.0886   0.0076  -0.0467   0.0269
 -0.1482  -0.1836  -0.0973   0.0189  -0.0605   0.0193
 -0.1249  -0.1989  -0.0855   0.0120  -0.0415   0.0161
 -0.1212  -0.2033  -0.0900   0.0192  -0.0412   0.0172
 -0.1271  -0.2035  -0.0898   0.0111  -0.0315   0.0199
 -0.1385  -0.2085  -0.0971   0.0194  -0.0460   0.0200
 -0.1400  -0.1920  -0.1078   0.0017  -0.0444   0.0275
 -0.1312  -0.1846  -0.0991  -0.0038  -0.0373   0.0275
 -0.1332  -0.2036  -0.0972   0.0059  -0.0536   0.0297
 -0.1298  -0.2129  -0.1083   0.0076  -0.0531   0.0394
 -0.1369  -0.2170  -0.1087   0.0166  -0.0686   0.0389
 -0.1443  -0.2200  -0.0931   0.0035  -0.0629   0.0349
 -0.1454  -0.2075  -0.0945  -0.0117  -0.0670   0.0353
 -0.1431  -0.2090  -0.0935  -0.0162  -0.0623   0.0340
 -0.1572  -0.1996  -0.1034  -0.0138  -0.0799   0.0395
 -0.1508  -0.1960  -0.0977  -0.0373  -0.0681   0.0383
 -0.1487  -0.1949  -0.0933  -0.0396  -0.0647   0.0392
 -0.1525  -0.1894  -0.0930  -0.0399  -0.0525   0.0462
 -0.1559  -0.1954  -0.0979  -0.0305  -0.0455   0.0477
 -0.1529  -0.2079  -0.0780  -0.0305  -0.0441   0.0499
 -0.1415  -0.1994  -0.0729  -0.0450  -0.0273   0.0510
 -0.1481  -0.1928  -0.0833  -0.0397  -0.0340   0.0402
 -0.1548  -0.1857  -0.0868  -0.0487  -0.0295   0.0520
 -0.1545  -0.1898  -0.0917  -0.0473  -0.0361   0.0422
 -0.1523  -0.1986  -0.0815  -0.0147  -0.0832   0.0303
 -0.1595  -0.1897  -0.1024  -0.0505  -0.0550   0.0442
 -0.1800  -0.1981  -0.1039  -0.0647  -0.0599   0.0667
 -0.1683  -0.1928  -0.1052  -0.0661  -0.0469   0.0664
