  0.0001  -0.0266  -0.0329   0.2263  -0.0577   0.1405
 -0.0032  -0.0282  -0.0419   0.2315  -0.0798   0.0686
 -0.0117  -0.0240  -0.0297   0.2175  -0.0797   0.0794
 -0.0175  -0.0165  -0.0263   0.1911  -0.0694   0.0817
 -0.0261  -0.0590  -0.0172   0.2573  -0.0487   0.0989
 -0.0262  -0.0630  -0.0074   0.2900  -0.0426   0.1275
 -0.0218  -0.0793  -0.0112   0.2916  -0.0452   0.1121
 -0.0222  -0.0638  -0.0141   0.2781  -0.0464   0.1192
 -0.0149  -0.0786  -0.0120   0.3140  -0.0432   0.1259
 -0.0234  -0.0901  -0.0076   0.3359  -0.0492   0.1133
 -0.0247  -0.0967  -0.0017   0.3705  -0.0538   0.1348
 -0.0197  -0.0957  -0.0043   0.3292  -0.0512   0.1221
 -0.0223  -0.1019  -0.0122   0.2737  -0.0476   0.1363
 -0.0250  -0.1018  -0.0060   0.2880  -0.0410   0.1175
 -0.0208  -0.0902  -0.0072   0.2994  -0.0483   0.1271
 -0.0260  -0.0848  -0.0031   0.3218  -0.0523   0.1327
 -0.0208  -0.1002  -0.0108   0.3389  -0.0581   0.1393
 -0.0318  -0.1008  -0.0179   0.2713  -0.0733   0.1300
 -0.0103  -0.0745  -0.0206   0.0719  -0.0529   0.1079
 -0.0050  -0.0746  -0.0129   0.1011  -0.0446   0.0652
 -0.0051  -0.0624  -0.0149   0.1155  -0.0469   0.0669
 -0.0121  -0.0663  -0.0188   0.1092  -0.0534   0.0764
 -0.0077  -0.0561  -0.0145   0.1181  -0.0504   0.0883
 -0.0057  -0.0460  -0.0169   0.1102  -0.0493   0.0462
 -0.0046  -0.0434  -0.0135   0.0936  -0.0452   0.0596
 -0.0012  -0.0428  -0.0123   0.0943  -0.0412   0.0824
 -0.0016  -0.0369  -0.0175   0.1039  -0.0409   0.0697
 -0.0005  -0.0384  -0.0121   0.0912  -0.0417   0.0408
  0.0007  -0.0301  -0.0167   0.1071  -0.0370   0.0999
  0.0025  -0.0348  -0.0137   0.0835  -0.0360   0.0345
  0.0003  -0.0352  -0.0127   0.0897  -0.0399   0.0436
 -0.0004  -0.0350  -0.0117   0.0985  -0.0394   0.0832
 -0.0006  -0.0436  -0.0070   0.1025  -0.0378   0.0609
  0.0012  -0.0393  -0.0117   0.0787  -0.0319   0.0510
 -0.0009  -0.0430  -0.0121   0.0898  -0.0383   0.0184
  0.0021  -0.0303  -0.0055   0.0595  -0.0293   0.0424
  0.0023  -0.0183  -0.0098   0.0470  -0.0310   0.0383
  0.0055  -0.0170  -0.0138   0.0486  -0.0295   0.0413
  0.0069  -0.0045  -0.0155   0.0454  -0.0263   0.0279
  0.0091  -0.0042  -0.0117   0.0638  -0.0275   0.0359
  0.0071  -0.0047  -0.0106   0.0465  -0.0217   0.0090
  0.0027  -0.0083  -0.0051   0.0344  -0.0198   0.0335
  0.0110   0.0061  -0.0015   0.0210  -0.0270   0.0201
  0.0097   0.0124   0.0007   0.0444  -0.0168   0.0472
  0.0094   0.0091   0.0033   0.0210  -0.0241  -0.0190
  0.0095   0.0050  -0.0027   0.0112  -0.0203   0.0212
  0.0075   0.0115   0.0019   0.0116  -0.0209   0.0194
  0.0088   0.0163   0.0015   0.0330  -0.0219   0.0216
  0.0064  -0.0067  -0.0021   0.0591  -0.0224  -0.0011
 -0.0143  -0.0481  -0.0038   0.1937  -0.0379   0.0475
 -0.0000  -0.0702  -0.0120   0.1784  -0.0200   0.0471
 -0.0036  -0.0729  -0.0072   0.1487  -0.0295   0.0522
 -0.0032  -0.0767  -0.0097   0.1293  -0.0118   0.0661
  0.0007  -0.0786  -0.0032   0.1374  -0.0120   0.0449
 -0.0070  -0.0703  -0.0065   0.1549  -0.0209   0.0457
  0.0026  -0.0656   0.0025   0.1076  -0.0099   0.0304
  0.0035  -0.0506  -0.0007   0.0619  -0.0013   0.0198
  0.0053  -0.0467   0.0058   0.0548  -0.0007   0.0098
 -0.0003  -0.0549  -0.0037   0.0620   0.0026   0.0344
  0.0033  -0.0241   0.0050   0.0432  -0.0019   0.0195
  0.0051  -0.0393  -0.0012   0.0424  -0.0126   0.0146
 -0.0074  -0.0275   0.0071   0.0165  -0.0309  -0.0757
 -0.0028  -0.0093  -0.0080   0.0036   0.0013   0.1262
 -0.0004  -0.0010  -0.0001   0.0011   0.0063   0.0067
  0.0058  -0.0055   0.0068   0.0363   0.0047   0.0079
  0.0040  -0.0171   0.0071   0.0443   0.0047  -0.0289
  0.0010  -0.0163   0.0048   0.0338   0.0044  -0.0179
 -0.0013  -0.0245   0.0011   0.0027  -0.0025  -0.0228
  0.0023  -0.0251  -0.0034  -0.0153   0.0037   0.0068
  0.0065  -0.0144  -0.0026  -0.0328   0.0078  -0.0048
  0.0014  -0.0116   0.0005  -0.0269   0.0103  -0.0232
 -0.0004  -0.0184   0.0040   0.0073   0.0207  -0.0194
 -0.0098  -0.0220   0.0026   0.0070   0.0180  -0.0283
 -0.0057  -0.0261  -0.0055  -0.0154   0.0189  -0.0170
 -0.0015  -0.0268  -0.0011  -0.0194   0.0167  -0.0152
 -0.0083  -0.0216  -0.0023  -0.0276   0.0141  -0.0201
  0.0020  -0.0321  -0.0006  -0.0104   0.0147  -0.0374
  0.0040  -0.0315   0.0026  -0.0044   0.0205  -0.0118
 -0.0014  -0.0280   0.0024  -0.0207   0.0251   0.0356
  0.0030  -0.0319   0.0042  -0.0170   0.0216  -0.0541
 -0.0003  -0.0217   0.0035  -0.0109   0.0264   0.0149
  0.0083  -0.0158   0.0054  -0.0366   0.0285  -0.0249
  0.0176   0.0397   0.0201  -0.1273   0.0279  -0.0664
  0.0352   0.0980   0.0108  -0.2363   0.0492  -0.0397
  0.0308   0.1027   0.0214  -0.2240   0.0422  -0.0895
  0.0345   0.1113   0.0160  -0.2003   0.0491  -0.0515
  0.0298   0.1040   0.0194  -0.1948   0.0436  -0.1573
  0.0209   0.1254   0.0212  -0.2365   0.0484  -0.0943
  0.0083   0.0888   0.0173  -0.1908   0.0495  -0.0965
  0.0004   0.0659   0.0348  -0.1116   0.0538  -0.0612
 -0.0065   0.0771   0.0262  -0.1303   0.0533  -0.0602
 -0.0018   0.0687   0.0293  -0.1435   0.0542  -0.0672
 -0.0068   0.0671   0.0263  -0.1439   0.0504  -0.0698
 -0.0052   0.0627   0.0265  -0.1167   0.0575  -0.0571
 -0.0076   0.0536   0.0373  -0.0601   0.0423  -0.0546
 -0.0100   0.0554   0.0286  -0.0474   0.0470  -0.0518
 -0.0091   0.0448   0.0242  -0.0213   0.0548  -0.0156
 -0.0058   0.0494   0.0280  -0.0638   0.0509  -0.0822
 -0.0083   0.0476   0.0271  -0.0526   0.0512  -0.0375
 -0.0067   0.0542   0.0287  -0.0792   0.0514  -0.0500
 -0.0025   0.0973   0.0104  -0.1501   0.0454  -0.0645
  0.0231   0.1045   0.0100  -0.2728   0.0707  -0.0876
  0.0135   0.0785  -0.0033  -0.2666   0.0623  -0.0492
  0.0098   0.0894   0.0007  -0.2625   0.0595  -0.1571
  0.0117   0.0876  -0.0009  -0.2756   0.0548  -0.1330
  0.0158   0.0905   0.0039  -0.3054   0.0599  -0.1403
  0.0064   0.0874   0.0055  -0.2874   0.0580  -0.1177
  0.0091   0.0934   0.0048  -0.3158   0.0535  -0.1340
  0.0130   0.1076   0.0094  -0.3168   0.0563  -0.1433
  0.0117   0.0975   0.0129  -0.3080   0.0523  -0.1324
  0.0084   0.0997   0.0136  -0.3147   0.0523  -0.1214
  0.0082   0.1007   0.0074  -0.3257   0.0534  -0.1293
  0.0114   0.1022   0.0075  -0.3151   0.0525  -0.1441
  0.0134   0.0972   0.0072  -0.3182   0.0550  -0.1419
  0.0139   0.1001   0.0065  -0.3177   0.0526  -0.1301
  0.0098   0.0997   0.0055  -0.3098   0.0440  -0.1292
  0.0068   0.0958   0.0079  -0.3190   0.0482  -0.1266
  0.0055   0.0995   0.0071  -0.3494   0.0525  -0.1452
  0.0094   0.1064   0.0087  -0.3562   0.0499  -0.1579
  0.0041   0.1239   0.0154  -0.3704   0.0405  -0.1606
