  0.1318   0.4004   0.2840   0.6255   0.2835   0.1051
  0.1371   0.3963   0.2693   0.6516   0.2834   0.1093
  0.1304   0.4098   0.2590   0.6144   0.2864   0.1029
  0.1158   0.4241   0.2467   0.5935   0.2999   0.0999
  0.1157   0.4111   0.2489   0.6074   0.2979   0.0898
  0.1205   0.4349   0.2327   0.6284   0.2942   0.0904
  0.1071   0.4361   0.2322   0.6293   0.2886   0.0960
  0.1067   0.4287   0.2271   0.5726   0.2860   0.0904
  0.1216   0.3735   0.2537   0.5911   0.2904   0.0891
  0.1035   0.2977   0.2223   0.5137   0.2502   0.0846
  0.1089   0.3640   0.2174   0.5473   0.2610   0.0847
  0.1234   0.3811   0.2058   0.5875   0.2623   0.0779
  0.1179   0.3521   0.2119   0.5342   0.2728   0.0879
  0.1126   0.1895   0.1962   0.3413   0.3053   0.1113
  0.1245   0.1971   0.1594   0.4205   0.2722   0.1033
  0.1129   0.2496   0.1431   0.3916   0.2500   0.1018
  0.1238   0.2600   0.1635   0.4194   0.2612   0.0876
  0.1143   0.2671   0.1504   0.4488   0.2552   0.0803
  0.1094   0.2924   0.1331   0.4031   0.2505   0.0771
  0.1160   0.2799   0.1381   0.4275   0.2474   0.0853
  0.1174   0.2730   0.1356   0.4336   0.2497   0.0762
  0.1006   0.2733   0.1395   0.3458   0.2376   0.0769
  0.1139   0.2574   0.1509   0.4062   0.2417   0.0658
  0.0942   0.2592   0.1255   0.3787   0.2314   0.0675
  0.1049   0.2602   0.1294   0.3681   0.2237   0.0675
  0.1095   0.2562   0.1363   0.4162   0.2208   0.0695
  0.0987   0.2576   0.1202   0.3645   0.2054   0.0733
  0.1049   0.2564   0.1163   0.3983   0.2146   0.0683
  0.0951   0.2430   0.1104   0.4075   0.2078   0.0657
  0.0937   0.2157   0.1320   0.3644   0.2109   0.0812
  0.0934   0.2084   0.1351   0.4398   0.1938   0.0510
  0.0822   0.2086   0.1320   0.3642   0.1928   0.0694
  0.0938   0.2298   0.1415   0.3865   0.1930   0.0305
  0.0860   0.2366   0.1239   0.3944   0.1997   0.0250
  0.0761   0.2374   0.1278   0.3767   0.1999   0.0324
  0.0840   0.2366   0.1286   0.4006   0.1942   0.0262
  0.0857   0.2425   0.1268   0.4216   0.2029   0.0291
  0.0685   0.2470   0.1168   0.3715   0.2127   0.0331
  0.0820   0.2332   0.1164   0.3931   0.2062   0.0321
  0.0785   0.2374   0.1058   0.4180   0.2054   0.0446
  0.0671   0.2557   0.0978   0.3819   0.2023   0.0331
  0.0637   0.2361   0.0960   0.3835   0.2165   0.0256
  0.0627   0.2459   0.0919   0.3941   0.2077   0.0372
  0.0626   0.2566   0.0946   0.3801   0.2039   0.0312
  0.0635   0.2474   0.0950   0.3677   0.2043   0.0137
  0.0683   0.2456   0.0941   0.3755   0.2060   0.0034
  0.0665   0.2542   0.0962   0.3896   0.2184   0.0042
  0.0571   0.2737   0.0865   0.3474   0.2230   0.0172
  0.0722   0.2533   0.1015   0.3468   0.2093   0.0086
  0.0720   0.2464   0.0936   0.3520   0.1986   0.0285
  0.0622   0.2414   0.0977   0.3084   0.1854   0.0459
  0.0670   0.2357   0.0924   0.3043   0.1855   0.0422
  0.0670   0.2349   0.0817   0.3520   0.1723   0.0366
  0.0636   0.2492   0.0804   0.3161   0.1756   0.0430
  0.0705   0.2476   0.0813   0.3521   0.1766   0.0369
  0.0678   0.2660   0.0790   0.3328   0.1627   0.0249
  0.0714   0.2686   0.0734   0.3193   0.1589   0.0301
  0.0743   0.2571   0.0712   0.3628   0.1521   0.0223
  0.0732   0.2673   0.0866   0.2737   0.1731   0.0302
  0.0652   0.2099   0.0898   0.3274   0.1550   0.0283
  0.0369   0.1554   0.0858   0.1572   0.1643   0.0484
  0.0501   0.1281   0.0662   0.2028   0.1384   0.0207
  0.0257   0.0897   0.0730   0.1281   0.1609   0.0102
  0.0146   0.0973   0.0697   0.1284   0.1536   0.0166
  0.0316   0.1107   0.0695   0.1566   0.1388   0.0152
  0.0318   0.1391   0.0637   0.1042   0.1358   0.0276
  0.0425   0.1441   0.0673   0.1443   0.1272   0.0104
  0.0341   0.1488   0.0489   0.1544   0.1110   0.0001
  0.0254   0.1553   0.0550   0.1046   0.1113   0.0106
  0.0341   0.1603   0.0565   0.1686   0.1097   0.0075
  0.0292   0.1782   0.0414   0.1562   0.1114   0.0143
  0.0358   0.1727   0.0477   0.1514   0.1143   0.0027
  0.0381   0.1814   0.0403   0.2246   0.1141  -0.0030
  0.0248   0.2091   0.0394   0.1903   0.1153   0.0071
  0.0376   0.1983   0.0391   0.2418   0.1067   0.0037
  0.0252   0.2083   0.0248   0.2027   0.0981   0.0023
  0.0329   0.2080   0.0282   0.2231   0.0979   0.0016
  0.0363   0.2265   0.0187   0.2341   0.0978   0.0071
  0.0396   0.2223   0.0155   0.2011   0.0910   0.0007
  0.0419   0.2236   0.0170   0.2289   0.0964  -0.0105
  0.0377   0.2339   0.0154   0.2144   0.0896  -0.0142
  0.0387   0.2234   0.0204   0.1914   0.0895  -0.0049
  0.0419   0.2090   0.0160   0.2243   0.0883  -0.0033
  0.0315   0.2137   0.0126   0.1924   0.0857  -0.0048
  0.0265   0.2221   0.0155   0.1577   0.0835  -0.0106
  0.0414   0.2085   0.0236   0.1618   0.0822  -0.0171
  0.0373   0.2014   0.0169   0.1841   0.0804  -0.0075
  0.0272   0.2268   0.0064   0.1669   0.0805   0.0029
  0.0240   0.2204   0.0110   0.1321   0.0843   0.0056
  0.0346   0.2120   0.0129   0.1804   0.0820  -0.0004
  0.0291   0.2172   0.0073   0.1720   0.0754   0.0044
  0.0217   0.2213   0.0134   0.1319   0.0741   0.0048
  0.0311   0.2163   0.0219   0.0346   0.1018   0.0194
  0.0325   0.1949   0.0332   0.1786   0.0834   0.0050
  0.0222   0.1773   0.0338   0.1702   0.0805   0.0136
  0.0095   0.2093   0.0102   0.1470   0.0835   0.0039
  0.0319   0.2054   0.0225   0.1555   0.0928  -0.0025
  0.0292   0.2005   0.0167   0.1571   0.1024  -0.0035
  0.0193   0.2416   0.0128   0.1285   0.0868  -0.0141
  0.0245   0.2340   0.0066   0.1406   0.0809  -0.0308
  0.0190   0.2341   0.0097   0.1623   0.0821  -0.0376
  0.0150   0.2430   0.0104   0.1287   0.0846  -0.0465
  0.0182   0.2306   0.0107   0.1356   0.0836  -0.0534
  0.0238   0.2206   0.0196   0.1595   0.0991  -0.0326
  0.0120   0.2276   0.0156   0.0949   0.0962  -0.0093
  0.0176   0.1415   0.0220   0.1866   0.1161   0.0323
  0.0280   0.0397   0.0184   0.2428   0.1551   0.0337
  0.0213   0.1195   0.0271   0.1883   0.1511   0.0035
  0.0307   0.1373   0.0370   0.1531   0.1397  -0.0121
  0.0353   0.1520   0.0389   0.1636   0.1266  -0.0121
  0.0222   0.1529   0.0338   0.1324   0.1145  -0.0035
  0.0199   0.1327   0.0393   0.1176   0.1151  -0.0016
  0.0388   0.1196   0.0500   0.1697   0.1276   0.0117
  0.0273   0.1388   0.0407   0.1393   0.1248   0.0022
  0.0322   0.1597   0.0395   0.1129   0.1256  -0.0148
  0.0405   0.1377   0.0335   0.1478   0.0980  -0.0203
  0.0310   0.1503   0.0289   0.1222   0.1000  -0.0167
  0.0335   0.1570   0.0427   0.0753   0.0985  -0.0119
  0.0515   0.1524   0.0418   0.1330   0.0940  -0.0135
  0.0382   0.1657   0.0243   0.1266   0.0970  -0.0130
  0.0428   0.1522   0.0326   0.0799   0.1030  -0.0114
  0.0457   0.1379   0.0475   0.1135   0.0998  -0.0110
  0.0390   0.1232   0.0494   0.1129   0.1071   0.0015
  0.0360   0.1043   0.0514   0.0678   0.1031   0.0057
  0.0454   0.1095   0.0509   0.0786   0.0955  -0.0087
  0.0423   0.1106   0.0441   0.0908   0.0919  -0.0211
  0.0309   0.1191   0.0361   0.0338   0.0902  -0.0141
  0.0368   0.1032   0.0374   0.0608   0.1008  -0.0142
  0.0363   0.1000   0.0326   0.0943   0.0893  -0.0140
  0.0237   0.0806   0.0164  -0.0087   0.0597  -0.0072
  0.0142   0.0690   0.0099   0.0074   0.0472  -0.0009
  0.0188   0.0628   0.0042   0.0710   0.0581  -0.0040
  0.0216   0.0376  -0.0085   0.0639   0.0288   0.0133
  0.0209   0.0379  -0.0144  -0.0089   0.0176   0.0092
  0.0129   0.0131  -0.0245   0.0326   0.0014   0.0078
 -0.0050  -0.0026  -0.0375   0.0083  -0.0085   0.0120
 -0.0163  -0.0003  -0.0307  -0.0391  -0.0146   0.0138
 -0.0114  -0.0054  -0.0263  -0.0065  -0.0195   0.0037
 -0.0171   0.0075  -0.0329  -0.0197  -0.0153   0.0073
 -0.0194  -0.0022  -0.0377  -0.0229  -0.0143   0.0135
 -0.0277  -0.0296  -0.0520  -0.0023  -0.0178   0.0201
 -0.0406  -0.0326  -0.0580  -0.0639  -0.0319   0.0230
 -0.0322  -0.0306  -0.0565  -0.0400  -0.0370   0.0181
 -0.0337  -0.0364  -0.0518  -0.0305  -0.0394   0.0185
 -0.0377  -0.0280  -0.0474  -0.0463  -0.0495   0.0122
 -0.0366  -0.0287  -0.0503  -0.0799  -0.0415   0.0165
 -0.0344  -0.0356  -0.0528  -0.0360  -0.0692   0.0060
 -0.0476  -0.0237  -0.0667  -0.0444  -0.0569   0.0188
 -0.0485  -0.0221  -0.0561  -0.0940  -0.0669   0.0253
 -0.0393  -0.0345  -0.0562  -0.0623  -0.0765   0.0205
 -0.0462  -0.0314  -0.0540  -0.0642  -0.0769   0.0276
 -0.0441  -0.0303  -0.0553  -0.0932  -0.0796   0.0257
 -0.0472  -0.0313  -0.0541  -0.0859  -0.0896   0.0186
 -0.0448  -0.0227  -0.0597  -0.0773  -0.0967   0.0171
 -0.0494  -0.0020  -0.0643  -0.1020  -0.0928   0.0261
 -0.0408  -0.0277  -0.0631  -0.0801  -0.1005   0.0288
 -0.0424  -0.0263  -0.0671  -0.0729  -0.1002   0.0294
 -0.0485  -0.0197  -0.0653  -0.1205  -0.1071   0.0298
 -0.0427  -0.0391  -0.0661  -0.1028  -0.1014   0.0245
 -0.0490  -0.0404  -0.0730  -0.0987  -0.1049   0.0248
 -0.0517  -0.0225  -0.0666  -0.1191  -0.1034   0.0374
 -0.0384  -0.0309  -0.0506  -0.1134  -0.0976   0.0159
 -0.0457  -0.0364  -0.0584  -0.1019  -0.1051   0.0082
 -0.0471  -0.0379  -0.0631  -0.1200  -0.1047   0.0218
 -0.0466  -0.0339  -0.0630  -0.1526  -0.1039   0.0312
 -0.0611  -0.0935  -0.0874  -0.1185  -0.0738   0.0398
 -0.0643  -0.0889  -0.0913  -0.1271  -0.0892   0.0397
 -0.0541  -0.0792  -0.0882  -0.1347  -0.0962   0.0358
 -0.0469  -0.1046  -0.0831  -0.1001  -0.1040   0.0306
 -0.0583  -0.0991  -0.0843  -0.1525  -0.0977   0.0282
 -0.0548  -0.0997  -0.0763  -0.1582  -0.0978   0.0289
 -0.0534  -0.1111  -0.0800  -0.1297  -0.1008   0.0245
 -0.0639  -0.0952  -0.0882  -0.1699  -0.0866   0.0234
 -0.0524  -0.1197  -0.0830  -0.1466  -0.0941   0.0271
 -0.0422  -0.1178  -0.0783  -0.0764  -0.0894   0.0311
 -0.0331  -0.0884  -0.0753  -0.1375  -0.0976   0.0110
 -0.0230  -0.1087  -0.0638  -0.1412  -0.1040  -0.0091
 -0.0251  -0.1083  -0.0648  -0.1478  -0.1106   0.0011
 -0.0320  -0.1021  -0.0700  -0.1662  -0.1142   0.0136
 -0.0260  -0.0966  -0.0644  -0.1727  -0.1096   0.0052
 -0.0183  -0.1150  -0.0628  -0.1269  -0.1151  -0.0093
 -0.0276  -0.0967  -0.0595  -0.1256  -0.1093  -0.0094
 -0.0269  -0.0946  -0.0573  -0.1725  -0.1105  -0.0111
 -0.0167  -0.0884  -0.0596  -0.1543  -0.1107  -0.0184
 -0.0162  -0.0807  -0.0656  -0.1366  -0.1172  -0.0202
 -0.0225  -0.0733  -0.0637  -0.1706  -0.1116  -0.0024
 -0.0140  -0.0797  -0.0573  -0.1697  -0.1131  -0.0156
 -0.0114  -0.0882  -0.0594  -0.1409  -0.1098  -0.0197
 -0.0203  -0.0787  -0.0653  -0.1667  -0.1149  -0.0222
 -0.0210  -0.0883  -0.0586  -0.2044  -0.1232  -0.0197
 -0.0195  -0.1014  -0.0599  -0.1556  -0.1201  -0.0167
 -0.0237  -0.0896  -0.0601  -0.2007  -0.1233  -0.0111
 -0.0111  -0.1025  -0.0611  -0.1655  -0.1240  -0.0095
 -0.0132  -0.1013  -0.0607  -0.1669  -0.1203  -0.0204
 -0.0251  -0.0890  -0.0643  -0.1859  -0.1235  -0.0199
 -0.0195  -0.0982  -0.0487  -0.1810  -0.1076  -0.0167
 -0.0053  -0.1017  -0.0483  -0.1429  -0.1165  -0.0187
 -0.0212  -0.0818  -0.0626  -0.1742  -0.1151  -0.0050
 -0.0165  -0.0748  -0.0574  -0.1774  -0.1230  -0.0091
 -0.0098  -0.0785  -0.0546  -0.1383  -0.1216  -0.0179
 -0.0173  -0.0827  -0.0568  -0.1824  -0.1158  -0.0124
 -0.0163  -0.0812  -0.0508  -0.2081  -0.1131  -0.0132
 -0.0060  -0.0878  -0.0508  -0.1679  -0.1190  -0.0206
 -0.0194  -0.0824  -0.0535  -0.1811  -0.1157  -0.0220
 -0.0197  -0.0659  -0.0571  -0.1995  -0.1156  -0.0200
 -0.0076  -0.0713  -0.0441  -0.1794  -0.1082  -0.0214
 -0.0133  -0.0675  -0.0561  -0.1778  -0.1165  -0.0193
 -0.0173  -0.0603  -0.0608  -0.2192  -0.1123  -0.0155
 -0.0137  -0.0641  -0.0452  -0.2353  -0.1024  -0.0269
 -0.0062  -0.0707  -0.0528  -0.1938  -0.1116  -0.0271
 -0.0176  -0.0704  -0.0665  -0.2199  -0.1134  -0.0290
 -0.0215  -0.0726  -0.0585  -0.2528  -0.1015  -0.0331
 -0.0113  -0.0757  -0.0575  -0.2294  -0.1033  -0.0270
 -0.0042  -0.0780  -0.0620  -0.1916  -0.1161  -0.0258
 -0.0155  -0.0894  -0.0593  -0.2309  -0.1106  -0.0302
 -0.0208  -0.0810  -0.0496  -0.2732  -0.0977  -0.0252
 -0.0135  -0.1187  -0.0343  -0.2654  -0.1004  -0.0305
 -0.0280  -0.1821  -0.0523  -0.3088  -0.1201  -0.0303
 -0.0272  -0.1275  -0.0598  -0.2976  -0.1118  -0.0252
 -0.0094  -0.1312  -0.0592  -0.2692  -0.1248  -0.0304
 -0.0105  -0.1380  -0.0593  -0.2531  -0.1311  -0.0381
 -0.0246  -0.1546  -0.0535  -0.2995  -0.1176  -0.0386
 -0.0147  -0.1453  -0.0561  -0.2700  -0.1327  -0.0488
 -0.0083  -0.1379  -0.0597  -0.2214  -0.1530  -0.0447
 -0.0217  -0.1187  -0.0494  -0.2834  -0.1625  -0.0408
 -0.0055  -0.1535  -0.0554  -0.2031  -0.1614  -0.0621
 -0.0346  -0.1667  -0.0492  -0.2201  -0.1574  -0.0484
 -0.0195  -0.1472  -0.0185  -0.2072  -0.1597  -0.0718
 -0.0353  -0.1664  -0.0337  -0.2589  -0.1506  -0.0676
 -0.0276  -0.1502  -0.0425  -0.2451  -0.1490  -0.0695
 -0.0254  -0.1739  -0.0429  -0.2059  -0.1469  -0.0645
 -0.0325  -0.1734  -0.0468  -0.2391  -0.1445  -0.0590
 -0.0326  -0.1697  -0.0423  -0.2375  -0.1501  -0.0478
 -0.0318  -0.1678  -0.0527  -0.2057  -0.1510  -0.0422
 -0.0422  -0.1616  -0.0509  -0.2378  -0.1481  -0.0292
 -0.0370  -0.1760  -0.0527  -0.2502  -0.1541  -0.0373
 -0.0290  -0.1824  -0.0520  -0.2219  -0.1575  -0.0482
 -0.0422  -0.1741  -0.0545  -0.2452  -0.1503  -0.0390
 -0.0411  -0.1842  -0.0484  -0.2427  -0.1445  -0.0382
 -0.0362  -0.2020  -0.0449  -0.2119  -0.1429  -0.0424
 -0.0429  -0.1850  -0.0490  -0.2563  -0.1401  -0.0457
 -0.0354  -0.2055  -0.0424  -0.2501  -0.1450  -0.0541
 -0.0425  -0.2105  -0.0416  -0.2639  -0.1417  -0.0482
 -0.0567  -0.2121  -0.0517  -0.3012  -0.1301  -0.0337
 -0.0603  -0.2329  -0.0476  -0.3057  -0.1230  -0.0203
 -0.0491  -0.2482  -0.0516  -0.2654  -0.1383  -0.0225
 -0.0561  -0.2443  -0.0597  -0.2784  -0.1410  -0.0225
 -0.0567  -0.2439  -0.0603  -0.2982  -0.1457  -0.0197
 -0.0551  -0.2544  -0.0488  -0.3088  -0.1345  -0.0214
 -0.0542  -0.2816  -0.0515  -0.2768  -0.1395  -0.0262
 -0.0666  -0.2565  -0.0547  -0.2924  -0.1419  -0.0277
 -0.0647  -0.2612  -0.0473  -0.3210  -0.1408  -0.0208
 -0.0467  -0.2723  -0.0432  -0.2647  -0.1463  -0.0231
 -0.0597  -0.2837  -0.0466  -0.2787  -0.1504  -0.0259
 -0.0573  -0.2882  -0.0436  -0.3208  -0.1562  -0.0253
 -0.0502  -0.3048  -0.0431  -0.2845  -0.1612  -0.0322
 -0.0587  -0.3040  -0.0547  -0.2936  -0.1639  -0.0324
 -0.0671  -0.2973  -0.0615  -0.3248  -0.1636  -0.0290
 -0.0540  -0.3020  -0.0495  -0.2987  -0.1563  -0.0349
 -0.0555  -0.3051  -0.0542  -0.2857  -0.1526  -0.0358
 -0.0663  -0.2965  -0.0584  -0.3043  -0.1578  -0.0384
 -0.0648  -0.3016  -0.0452  -0.3502  -0.1465  -0.0329
 -0.0538  -0.3140  -0.0454  -0.3044  -0.1504  -0.0392
 -0.0648  -0.3186  -0.0602  -0.3049  -0.1575  -0.0402
 -0.0799  -0.3082  -0.0602  -0.3526  -0.1535  -0.0236
 -0.0769  -0.3146  -0.0601  -0.3224  -0.1581  -0.0238
 -0.0796  -0.3395  -0.0670  -0.2996  -0.1599  -0.0166
 -0.0876  -0.3274  -0.0658  -0.3422  -0.1562  -0.0172
 -0.0852  -0.3176  -0.0841  -0.3439  -0.1728  -0.0279
 -0.0868  -0.3250  -0.0983  -0.3296  -0.1801  -0.0385
 -0.0932  -0.3221  -0.1064  -0.3362  -0.1850  -0.0337
 -0.0955  -0.3279  -0.0903  -0.3522  -0.1788  -0.0244
 -0.0831  -0.3453  -0.0821  -0.2869  -0.1813  -0.0280
 -0.0953  -0.4685  -0.0087  -0.4105  -0.1282  -0.0275
 -0.0873  -0.4059  -0.0179  -0.3883  -0.1407  -0.0380
 -0.0824  -0.4022  -0.0287  -0.3497  -0.1414  -0.0390
 -0.0846  -0.3953  -0.0292  -0.3547  -0.1401  -0.0356
 -0.0938  -0.3886  -0.0348  -0.3874  -0.1464  -0.0349
 -0.0877  -0.3859  -0.0496  -0.3231  -0.1593  -0.0392
 -0.0967  -0.3863  -0.0531  -0.3694  -0.1612  -0.0291
 -0.0929  -0.3851  -0.0488  -0.3439  -0.1564  -0.0330
 -0.0762  -0.3838  -0.0532  -0.2853  -0.1652  -0.0445
 -0.0899  -0.3775  -0.0530  -0.3277  -0.1629  -0.0496
 -0.0824  -0.3598  -0.0616  -0.3199  -0.1658  -0.0517
 -0.0706  -0.3806  -0.0474  -0.2331  -0.1700  -0.0488
 -0.1012  -0.3769  -0.0553  -0.3345  -0.1824  -0.0542
 -0.0854  -0.3426  -0.0498  -0.3096  -0.1792  -0.0878
 -0.0834  -0.3706  -0.0736  -0.2923  -0.1797  -0.0801
 -0.0882  -0.3576  -0.0761  -0.3268  -0.1889  -0.0795
 -0.0821  -0.3508  -0.0822  -0.2752  -0.1943  -0.0812
 -0.0924  -0.3373  -0.0908  -0.2852  -0.1821  -0.0632
 -0.0922  -0.3403  -0.0929  -0.3036  -0.1945  -0.0659
 -0.0972  -0.3587  -0.1003  -0.2768  -0.1934  -0.0682
 -0.1031  -0.3506  -0.0979  -0.3207  -0.1953  -0.0638
 -0.0994  -0.3649  -0.0964  -0.3095  -0.1953  -0.0766
 -0.0967  -0.3815  -0.0980  -0.2672  -0.2016  -0.0861
 -0.1027  -0.3518  -0.0940  -0.3122  -0.1982  -0.0792
 -0.1025  -0.3720  -0.0900  -0.3208  -0.1930  -0.0791
 -0.0985  -0.3861  -0.0920  -0.2895  -0.1946  -0.0800
 -0.1099  -0.3523  -0.1040  -0.3060  -0.1953  -0.0816
