  0.0118  -0.0050   0.0081  -0.0127   0.0169  -0.0165
  0.0102  -0.0095  -0.0139   0.0509   0.0046   0.0179
  0.0036   0.0083   0.0061   0.0580   0.0112  -0.0079
  0.0027  -0.0304  -0.0103   0.1846   0.0033   0.0491
  0.0079   0.0818  -0.0063  -0.0147  -0.0017   0.1090
  0.0038  -0.0133  -0.0153  -0.0243  -0.0029   0.0012
 -0.0041  -0.0408  -0.0279   0.0710  -0.0126  -0.0315
 -0.0034   0.0004  -0.0033  -0.0332  -0.0086  -0.0258
  0.0054  -0.0664  -0.0191  -0.0723  -0.0136   0.0037
 -0.0005   0.0027  -0.0156  -0.1276  -0.0157   0.0465
 -0.0053  -0.0229   0.0154   0.0590  -0.0048  -0.0411
  0.0004   0.0020  -0.0165   0.0836  -0.0040   0.0013
 -0.0152   0.0633   0.0103  -0.0720  -0.0244  -0.0176
 -0.0027  -0.0040  -0.0133   0.0868  -0.0146   0.0751
 -0.0168   0.0502  -0.0012   0.0501  -0.0186   0.0763
 -0.0058  -0.0083  -0.0037  -0.0318  -0.0050  -0.0626
 -0.0041  -0.0559  -0.0084  -0.0477  -0.0123  -0.0098
 -0.0192   0.1521  -0.0067  -0.1727  -0.0229  -0.0222
  0.0034  -0.0069  -0.0089   0.0387  -0.0037   0.0558
 -0.0101  -0.0495  -0.0141   0.0081   0.0338  -0.0064
 -0.0094  -0.0131   0.0121   0.1049  -0.0111  -0.0430
 -0.0151   0.0943  -0.0029   0.0339   0.0200   0.0718
 -0.0132  -0.0220  -0.0024  -0.0185  -0.0254  -0.0262
 -0.0201  -0.0469  -0.0052   0.0107   0.0205  -0.0126
 -0.0230  -0.0356   0.0154   0.0197  -0.0312  -0.0201
 -0.0244  -0.0284   0.0040   0.0834   0.0191   0.0084
 -0.0176  -0.0334   0.0206   0.0238   0.0373  -0.0051
 -0.0012  -0.0904  -0.0246  -0.0694   0.0317   0.0471
 -0.0280   0.0589   0.0089  -0.0807   0.0205  -0.0152
 -0.0309  -0.0039  -0.0225   0.2590   0.0211   0.0042
 -0.0406   0.0566   0.0026   0.0430   0.0065   0.0980
 -0.0234   0.0270   0.0105  -0.1368   0.0162  -0.0114
  0.0449  -0.0813  -0.0056   0.0189   0.0194   0.0536
 -0.0272   0.0368   0.0036  -0.0630   0.0231   0.0066
  0.0277  -0.0375   0.0097   0.1646   0.0218  -0.0248
 -0.0338   0.0500   0.0008   0.0547   0.0088   0.0588
  0.0252   0.0064   0.0217  -0.0772   0.0210  -0.0390
  0.0296  -0.0486  -0.0216  -0.0175   0.0135   0.0081
  0.0175   0.0946   0.0133  -0.0700   0.0192   0.0232
 -0.0222   0.0438   0.0085   0.0440   0.0059   0.0402
 -0.0051   0.0050   0.0068  -0.0514   0.0143   0.0806
  0.0040  -0.0877  -0.0070  -0.0202   0.0058  -0.0526
 -0.0039   0.1435   0.0116  -0.0531  -0.0082  -0.0426
  0.0010   0.0259   0.0156  -0.0183   0.0082  -0.0498
 -0.0026  -0.0407  -0.0059   0.0504   0.0028  -0.0435
 -0.0005   0.0861   0.0032  -0.0975  -0.0040  -0.0342
  0.0031  -0.0980  -0.0061   0.0317   0.0067   0.0055
 -0.0021  -0.0421  -0.0048  -0.0034   0.0007   0.0450
 -0.0161   0.0360   0.0213  -0.0532  -0.0066  -0.0045
  0.0080  -0.0346  -0.0018   0.1422   0.0086   0.0262
  0.0013  -0.0493  -0.0000  -0.0070   0.0047   0.0910
 -0.0043   0.0981   0.0076  -0.2275  -0.0118  -0.0593
 -0.0043  -0.0649   0.0062   0.0503   0.0065  -0.0035
  0.0013   0.0138   0.0119   0.0179  -0.0272  -0.0261
  0.0066  -0.0556   0.0145   0.0119   0.0033  -0.0673
  0.0017  -0.1062  -0.0182   0.0756  -0.0005  -0.0421
 -0.0054  -0.0351   0.0063   0.0433   0.0005  -0.0286
 -0.0102   0.0765  -0.0044  -0.0566  -0.0001   0.0175
 -0.0100  -0.0378   0.0180   0.0067   0.0113  -0.0232
 -0.0304   0.0257  -0.0220  -0.0466   0.0003  -0.0118
 -0.0288   0.0240   0.0142  -0.0187   0.0105  -0.0296
  0.0311  -0.0973  -0.0397   0.0789  -0.0013   0.0255
 -0.0102   0.1377   0.0231  -0.1558  -0.0138   0.0267
  0.0377  -0.0364   0.0192   0.0117   0.0047  -0.0161
 -0.0225   0.0033   0.0014   0.0224  -0.0074  -0.0477
  0.0258   0.0280   0.0204  -0.0635  -0.0074  -0.0068
 -0.0108  -0.0533  -0.0007   0.2181   0.0033  -0.0124
  0.0381   0.1132   0.0434  -0.0615  -0.0238  -0.0007
 -0.0009  -0.0643   0.0187  -0.0920   0.0036   0.0252
  0.0597  -0.1018   0.0018  -0.0758   0.0142   0.0127
  0.0001  -0.0466   0.0576  -0.4121   0.0182  -0.0930
  0.0092  -0.0917   0.0084  -0.1879   0.0238  -0.0096
  0.0040  -0.0888   0.0143   0.2104   0.0282  -0.0462
  0.0031  -0.0447  -0.0053   0.0950   0.0201  -0.0018
  0.0001   0.0693   0.0003  -0.0703  -0.0068  -0.0257
 -0.0079  -0.0331  -0.0009   0.1836   0.0060   0.0607
 -0.0010  -0.0497  -0.0162   0.0774   0.0052   0.0760
 -0.0012   0.1073  -0.0021  -0.2153  -0.0037  -0.0610
  0.0167   0.0053   0.0037   0.1035   0.0083   0.0347
  0.0042   0.0100   0.0033   0.1098   0.0035   0.0873
  0.0040   0.0580   0.0094  -0.0679   0.0145  -0.0341
 -0.0011  -0.0462  -0.0156   0.1373   0.0100   0.0082
  0.0011   0.1315   0.0201   0.0453  -0.0198   0.0676
  0.0053   0.0045  -0.0057   0.0405  -0.0110   0.1558
 -0.0151  -0.0246  -0.0105  -0.0253  -0.0229   0.0718
 -0.0098   0.0280  -0.0156  -0.1071  -0.0239  -0.0329
 -0.0157  -0.0837  -0.0003   0.0257  -0.0083  -0.1156
 -0.0097  -0.0115  -0.0154   0.0243  -0.0070  -0.0732
 -0.0258   0.0378  -0.0093  -0.0607  -0.0288  -0.0708
 -0.0256  -0.0399  -0.0097   0.2179  -0.0152   0.0316
 -0.0454   0.1750  -0.0160  -0.1435  -0.0032  -0.0433
 -0.0035   0.1766   0.0123  -0.4194  -0.0554  -0.0471
  0.0357  -0.1567  -0.0268   0.1591   0.0052   0.0546
 -0.0131   0.1035   0.0223  -0.1033  -0.0087  -0.1295
  0.0270  -0.0600  -0.0112   0.2245   0.0168   0.0324
 -0.0479  -0.1444  -0.0086   0.2996   0.0025   0.0537
  0.0135  -0.0434  -0.0160  -0.0907   0.0072  -0.0252
 -0.0023   0.1592  -0.0116  -0.2239  -0.0056  -0.0395
 -0.0081  -0.0206  -0.0141   0.1484   0.0019  -0.0046
 -0.0049  -0.1453  -0.0319   0.2197  -0.0081   0.0614
 -0.0013  -0.0168  -0.0105  -0.1084  -0.0117   0.0040
 -0.0289   0.1062  -0.0115  -0.0909  -0.0150  -0.0424
  0.0105   0.1245   0.0270  -0.2030  -0.0111  -0.0894
  0.0357  -0.0939  -0.0272   0.2752  -0.0051  -0.0166
 -0.0300  -0.0026  -0.0142   0.1431  -0.0157   0.0614
  0.0360  -0.0071  -0.0379  -0.1588  -0.0147   0.0896
  0.0228   0.0777  -0.0453  -0.1357  -0.0251  -0.0095
  0.0305  -0.0093  -0.0209  -0.0010  -0.0231  -0.0276
  0.0158   0.0954   0.0088  -0.0265  -0.0426   0.0693
  0.0303   0.0214   0.0095   0.1232  -0.0302  -0.0002
  0.0230  -0.1747  -0.0168   0.2053   0.0189   0.0300
  0.0137   0.0859   0.0025  -0.3954  -0.0091  -0.0713
  0.0229  -0.0065   0.0102  -0.0639   0.0053  -0.0440
  0.0149   0.0836   0.0340   0.1156  -0.0195   0.0391
  0.0294  -0.0014   0.0402   0.0556   0.0127  -0.0151
  0.0219  -0.1411   0.0147   0.1494   0.0130   0.0295
  0.0152   0.0719   0.0459  -0.1263   0.0030  -0.0575
  0.0129  -0.0155   0.0185   0.0634   0.0084   0.0157
  0.0009  -0.0138   0.0162   0.0127   0.0120  -0.0575
  0.0248  -0.0371  -0.0063  -0.1009   0.0223   0.0215
