  0.1771   0.5759   0.0330  -0.3211   0.0137   0.0002
  0.1812   0.6187   0.0506  -0.2055   0.0279  -0.1105
  0.1464   0.5836   0.0371  -0.0901   0.0069  -0.0503
  0.1510   0.5204   0.0388  -0.0845   0.0053  -0.1338
  0.1925   0.4617  -0.0080  -0.1924   0.0391   0.0709
  0.1563   0.4627   0.0023  -0.0638   0.0256  -0.1029
  0.1374   0.4933  -0.0143  -0.0353   0.0102  -0.0231
  0.1532   0.4985   0.0131  -0.0705   0.0298  -0.0466
  0.1469   0.3915   0.0352  -0.0251   0.0143  -0.0812
  0.1145   0.3213   0.0781   0.0124   0.0179   0.0033
  0.1120   0.3579   0.1008   0.0280   0.0318  -0.0668
  0.1092   0.3658   0.0871   0.0104   0.0223  -0.0119
  0.0984   0.3612   0.0767  -0.0214   0.0141  -0.0373
  0.0983   0.3706   0.0596  -0.0060  -0.0019  -0.0499
  0.1343   0.3953   0.0485  -0.0664   0.0167   0.0409
  0.0854   0.3188   0.0334  -0.0299  -0.0328  -0.0583
  0.0696   0.2910   0.1439  -0.0087  -0.0203   0.0208
  0.1174   0.2301   0.1195  -0.0395   0.0045  -0.0707
  0.1333   0.2766   0.1055  -0.0588   0.0162   0.0549
  0.1245   0.2987   0.0990  -0.1366   0.0227   0.0581
  0.1720   0.2328   0.1211  -0.1007   0.0185  -0.0116
  0.2271   0.2330   0.0952  -0.2277   0.0376   0.1685
  0.1824   0.2107   0.1052  -0.1809   0.0423   0.0097
  0.1617   0.1826   0.0810  -0.1427   0.0429   0.1255
  0.1649   0.1816   0.0819  -0.1748   0.0496   0.1220
  0.1859   0.1361   0.0819  -0.0910   0.0556   0.0439
  0.2005   0.1320   0.0921  -0.0758   0.0702   0.0745
  0.1815   0.1161   0.1213  -0.0428   0.0577  -0.0256
  0.1770   0.1021   0.1143   0.0046   0.0677   0.0408
  0.1822   0.0853   0.1034  -0.0408   0.0674   0.0348
  0.1671   0.0549   0.1112  -0.0043   0.0696   0.0130
  0.1771   0.0946   0.0840  -0.0149   0.0639   0.0282
  0.1375   0.1011   0.0708   0.0220   0.0464  -0.0322
  0.1272   0.0795   0.0788  -0.0115   0.0360   0.0277
  0.1367   0.1280   0.0467  -0.0261   0.0369   0.0497
  0.1586   0.1142   0.0450  -0.0181   0.0421  -0.0173
  0.1527   0.1116   0.0461   0.0027   0.0479  -0.0013
  0.1697   0.1288   0.0380   0.0110   0.0602   0.0339
  0.1875   0.1135   0.0308   0.0426   0.0749  -0.0601
  0.2110   0.1393   0.0345   0.0603   0.0878  -0.0358
  0.1939   0.1392   0.0338   0.0453   0.0766  -0.0148
  0.1685   0.1242   0.0230   0.0520   0.0751  -0.0410
  0.1582   0.1550   0.0151   0.0481   0.0717  -0.0046
  0.1742   0.1341   0.0167   0.0416   0.0769  -0.0181
  0.1646   0.1215   0.0195   0.0529   0.0697  -0.0694
  0.1687   0.1513   0.0168   0.0086   0.0660   0.0584
  0.1707   0.1158   0.0317   0.0459   0.0715   0.0033
  0.1690   0.1419   0.0247   0.0242   0.0642   0.0300
  0.1720   0.1353   0.0425   0.0510   0.0746  -0.0115
  0.1677   0.1307   0.0416   0.0435   0.0779   0.0022
  0.1616   0.0908   0.0532   0.0463   0.0760  -0.0675
  0.1547   0.1241   0.0422   0.0466   0.0678   0.0203
  0.1573   0.1010   0.0563   0.0431   0.0679  -0.0642
  0.1552   0.1664   0.0445   0.0687   0.0705   0.0341
  0.1572   0.1281   0.0658   0.0642   0.0720  -0.0512
  0.1499   0.1652   0.0478   0.0611   0.0713   0.0025
  0.1358   0.1634   0.0645  -0.0034   0.0750  -0.0032
  0.1289   0.1647   0.0622   0.0220   0.0691  -0.0030
  0.1290   0.1901   0.0622  -0.0134   0.0634   0.0356
  0.1319   0.1614   0.0606   0.0051   0.0592  -0.0260
  0.1265   0.1922   0.0470  -0.0029   0.0562   0.0456
  0.1510   0.1899   0.0498  -0.0684   0.0740   0.0696
  0.1606   0.2356   0.0416  -0.0949   0.0696   0.0278
  0.1190   0.1900   0.0351  -0.1001   0.0652  -0.0058
  0.1226   0.2242   0.0426  -0.0915   0.0679   0.0954
  0.1127   0.2409   0.0421  -0.0991   0.0592   0.0056
  0.0966   0.2000   0.0264  -0.0476   0.0525   0.0173
  0.1010   0.1893   0.0252  -0.0805   0.0618   0.0738
  0.0898   0.1364   0.0368  -0.0576   0.0578  -0.0003
  0.0845   0.1371   0.0259  -0.0985   0.0538   0.0838
  0.0773   0.1118   0.0386  -0.0340   0.0540  -0.0584
  0.0776   0.1591   0.0360  -0.0594   0.0527   0.0855
  0.0843   0.1329   0.0499  -0.0968   0.0554   0.0773
  0.0531   0.0826   0.0671  -0.0896   0.0506   0.0320
  0.0598   0.1169   0.0646  -0.0980   0.0526   0.0835
  0.0639   0.0288   0.0831  -0.1403   0.0517   0.1174
  0.0223  -0.0539   0.0438  -0.0394   0.0245   0.0156
  0.0481  -0.0776   0.0055   0.0928   0.0452   0.0243
  0.0076  -0.0824   0.0530  -0.0044   0.0275   0.0448
 -0.0349  -0.0865   0.0708   0.0246   0.0178   0.0440
 -0.0153  -0.0525   0.0606   0.0067   0.0264   0.1063
 -0.0491  -0.0987   0.0569   0.0332   0.0144   0.0224
 -0.0835  -0.0797   0.0454   0.0347  -0.0076   0.0574
 -0.1370  -0.0346   0.0369  -0.0269  -0.0321   0.0731
 -0.1330  -0.0459   0.0476  -0.0071  -0.0155   0.0126
 -0.1025  -0.0048   0.0370  -0.0453  -0.0067   0.1244
 -0.1057  -0.0615   0.0420  -0.0173  -0.0170  -0.0267
 -0.1255  -0.0268   0.0244  -0.0255  -0.0232   0.1283
 -0.1479  -0.0257   0.0039  -0.0535  -0.0208   0.0551
 -0.1324  -0.0118   0.0134  -0.0128  -0.0143   0.0494
 -0.1271   0.0013  -0.0053  -0.0415  -0.0135   0.1038
 -0.1668  -0.0198  -0.0073  -0.0114  -0.0194  -0.0085
 -0.1656  -0.0067  -0.0223   0.0013  -0.0216   0.0554
 -0.1628  -0.0326  -0.0134  -0.0158  -0.0199   0.0238
  0.0539  -0.0547  -0.0865   0.0524   0.0396   0.0139
 -0.2607  -0.1319  -0.0861  -0.0000  -0.1165   0.0587
 -0.0580  -0.2363  -0.0395   0.0447  -0.0231   0.1066
 -0.0135  -0.1866  -0.0242  -0.0744  -0.0178   0.0356
 -0.0703  -0.1205  -0.0549  -0.0306  -0.0363   0.0155
 -0.1406  -0.0936  -0.1575  -0.1850  -0.0764   0.1688
 -0.0627  -0.2153  -0.1483  -0.2475  -0.0520   0.1633
 -0.0280  -0.2057  -0.1404  -0.2100  -0.0487   0.1432
 -0.0438  -0.2343  -0.1563   0.0430  -0.0744  -0.0216
 -0.0892  -0.2052  -0.1454  -0.0830  -0.0857   0.1299
 -0.0753  -0.1691  -0.1668  -0.0445  -0.0774   0.0135
 -0.0529  -0.2010  -0.2019  -0.1320  -0.0616   0.1847
 -0.0562  -0.1640  -0.1969  -0.0581  -0.0418   0.0068
 -0.0278  -0.1736  -0.1639  -0.0524  -0.0163   0.0530
 -0.0331  -0.2148  -0.1432  -0.0576  -0.0111   0.0128
 -0.0260  -0.2005  -0.1368  -0.0324  -0.0141   0.0387
 -0.0376  -0.1943  -0.1236  -0.0392  -0.0160   0.0639
 -0.0496  -0.2322  -0.0880   0.0005  -0.0007  -0.0318
 -0.0153  -0.1880  -0.0828   0.0138   0.0131   0.0296
 -0.0035  -0.1782  -0.0765  -0.0180   0.0141   0.0339
 -0.0109  -0.1838  -0.0659  -0.0073   0.0192  -0.0133
 -0.0216  -0.1558  -0.0707  -0.0409   0.0217   0.0616
 -0.0142  -0.1551  -0.0682  -0.0233   0.0072  -0.0837
 -0.0069  -0.0897  -0.0801  -0.0544   0.0221   0.1119
 -0.0220  -0.1327  -0.0653  -0.0304   0.0146  -0.0612
 -0.0199  -0.0924  -0.0747  -0.0550   0.0088   0.0638
 -0.0130  -0.1211  -0.0587  -0.0504   0.0100  -0.0374
 -0.0115  -0.0862  -0.0690  -0.0158   0.0062   0.0248
 -0.0143  -0.1041  -0.0635  -0.0188   0.0080   0.0024
 -0.0032  -0.0965  -0.0649   0.0183   0.0108  -0.0174
 -0.0085  -0.0812  -0.0712  -0.0150   0.0077   0.0093
 -0.0178  -0.0890  -0.0605   0.0262   0.0091  -0.0524
 -0.0158  -0.0604  -0.0708   0.0193   0.0079   0.0044
 -0.0204  -0.1214  -0.0530   0.0325  -0.0028  -0.0942
 -0.0169  -0.0607  -0.0585   0.0098  -0.0031   0.1028
 -0.0376  -0.0992  -0.0570  -0.0017  -0.0108  -0.0550
 -0.0475  -0.0696  -0.0716  -0.0035  -0.0152   0.0097
 -0.0476  -0.0721  -0.0704  -0.0555  -0.0119   0.0211
 -0.0412  -0.0843  -0.0660   0.0077  -0.0129  -0.0283
 -0.0691  -0.0430  -0.0620  -0.0042  -0.0104   0.0373
 -0.0900  -0.0810  -0.0711  -0.0435  -0.0182  -0.0238
 -0.0594  -0.0517  -0.0650  -0.0401   0.0020   0.0404
 -0.0049  -0.1260  -0.0597   0.0001   0.0468  -0.0004
 -0.0122  -0.1158  -0.0705   0.0327   0.0342  -0.0674
 -0.0171  -0.1047  -0.0777   0.0168   0.0326   0.0060
 -0.0265  -0.2139  -0.0790   0.0830   0.0268  -0.0832
 -0.0494  -0.1875  -0.0605   0.0947   0.0203  -0.0297
 -0.0021  -0.2009  -0.0529   0.0298   0.0448   0.0177
 -0.0573  -0.1493  -0.0377  -0.0211   0.0183  -0.0252
 -0.0539  -0.1302  -0.0380  -0.0242   0.0070   0.0325
 -0.0424  -0.1521  -0.0486  -0.0077   0.0127  -0.0384
 -0.0463  -0.1756  -0.0671   0.0142   0.0070   0.0052
 -0.0485  -0.1306  -0.0504  -0.1243  -0.0083   0.0970
 -0.0816  -0.2071  -0.0389  -0.1349  -0.0329   0.0326
 -0.0299  -0.2879  -0.1021   0.1101  -0.0572   0.0585
 -0.0167  -0.3647  -0.0052   0.1334  -0.0129  -0.1123
 -0.0611  -0.3447  -0.0068  -0.0250  -0.0191   0.0145
 -0.0657  -0.2531  -0.0430  -0.0408  -0.0192   0.0745
 -0.0367  -0.2905   0.0073  -0.0119  -0.0341  -0.0309
 -0.0562  -0.2386  -0.0029  -0.0293  -0.0537   0.0334
 -0.1647  -0.1985  -0.0304  -0.0557  -0.1170   0.0473
 -0.1679  -0.2068  -0.0177   0.0097  -0.1073  -0.0058
 -0.1516  -0.1792  -0.0225   0.0162  -0.0885   0.0251
 -0.1562  -0.1709  -0.0161   0.0279  -0.0886  -0.0254
 -0.1582  -0.1358  -0.0336   0.0304  -0.0898   0.0000
 -0.1537  -0.1575  -0.0097  -0.0238  -0.0768   0.0009
 -0.1517  -0.1483  -0.0069   0.0016  -0.0765  -0.0113
 -0.1487  -0.1188  -0.0083  -0.0118  -0.0736   0.0354
 -0.1317  -0.1445   0.0115   0.0261  -0.0646  -0.0569
 -0.1326  -0.1191   0.0073   0.0536  -0.0568  -0.0153
 -0.1344  -0.1034   0.0487   0.0599  -0.0512  -0.0446
 -0.1429  -0.0912   0.0621   0.0853  -0.0560  -0.0881
 -0.1626  -0.0917   0.0428   0.0354  -0.0683  -0.0103
 -0.2269  -0.0340   0.0234  -0.0791  -0.1064   0.0043
 -0.1603  -0.0603   0.0534  -0.0497  -0.0601  -0.0132
 -0.1321   0.0217  -0.0023  -0.0547  -0.0656   0.0377
 -0.1466  -0.0832  -0.0250   0.1141  -0.0465  -0.1715
 -0.1594  -0.1265  -0.0055   0.0247  -0.0750   0.0264
 -0.1645  -0.1749   0.0023   0.0346  -0.0720  -0.0812
 -0.2060  -0.0954  -0.0363   0.1028  -0.0840  -0.0500
 -0.2322  -0.0725  -0.0687   0.1373  -0.0801  -0.0699
 -0.2383  -0.1347  -0.0333   0.1049  -0.0842  -0.0820
 -0.2264  -0.1502  -0.0437   0.0765  -0.0936   0.0010
 -0.1945  -0.1760  -0.0234   0.0669  -0.0933  -0.1134
 -0.1825  -0.0935   0.0061   0.0446  -0.0862  -0.0033
 -0.2083  -0.1323  -0.0170   0.0784  -0.0945  -0.0902
 -0.1823  -0.1274   0.0025   0.1368  -0.0803  -0.0589
 -0.1611  -0.1700   0.0186   0.1018  -0.0793  -0.0534
 -0.1540  -0.1891   0.0367   0.1403  -0.0574  -0.0871
 -0.1518  -0.1574   0.0345   0.1373  -0.0550  -0.0105
 -0.1582  -0.1849   0.0408   0.1629  -0.0536  -0.0962
 -0.1767  -0.1372   0.0112   0.1530  -0.0588   0.0034
 -0.1900  -0.1762   0.0406   0.1891  -0.0575  -0.1221
 -0.1516  -0.1905   0.0277   0.2402  -0.0437  -0.0685
 -0.1407  -0.2175   0.0264   0.2371  -0.0427  -0.1436
 -0.1300  -0.1931   0.0355   0.2944  -0.0415  -0.0932
 -0.0718  -0.2050   0.0388   0.2536  -0.0197  -0.1357
 -0.0883  -0.1935   0.0343   0.2549  -0.0257  -0.1317
 -0.1304  -0.1519  -0.0197   0.2262  -0.0446  -0.0508
 -0.1535  -0.1711  -0.0283   0.2270  -0.0589  -0.1562
 -0.1400  -0.1016  -0.0240   0.1719  -0.0552  -0.0573
 -0.1155  -0.0853  -0.0180   0.1112  -0.0500  -0.0728
 -0.0929  -0.1282  -0.0526   0.1745  -0.0510  -0.1530
 -0.1001  -0.0817  -0.0791  -0.0497  -0.0767   0.0338
 -0.0205  -0.0340  -0.0503   0.1082  -0.0237  -0.1445
  0.0409  -0.1918   0.0161   0.4672  -0.0134  -0.2955
