 -0.1440  -0.1065  -0.1996   0.3600  -0.3194   0.1063
 -0.1476  -0.0765  -0.1813   0.3349  -0.3062   0.0879
 -0.1482  -0.0573  -0.1754   0.3442  -0.2765   0.0647
 -0.1598  -0.0496  -0.1739   0.3209  -0.2669   0.0484
 -0.1690  -0.0372  -0.1740   0.2989  -0.2696   0.0795
 -0.1735  -0.0386  -0.1467   0.2820  -0.2835   0.0567
 -0.1710  -0.0387  -0.1400   0.2788  -0.2693   0.0657
 -0.1740  -0.0379  -0.1417   0.2788  -0.2686   0.0602
 -0.1646  -0.0513  -0.1454   0.3111  -0.2453   0.0462
 -0.1652  -0.0283  -0.1339   0.2812  -0.2442   0.0837
 -0.1623  -0.0363  -0.1304   0.2882  -0.2306   0.0718
 -0.1611  -0.0372  -0.1342   0.2647  -0.2138   0.0769
 -0.1715  -0.0595  -0.1388   0.2824  -0.2258   0.0511
 -0.1734  -0.0392  -0.1396   0.2979  -0.2252   0.0740
 -0.1717  -0.0327  -0.1351   0.2614  -0.2181   0.0789
 -0.1723  -0.0480  -0.1419   0.2686  -0.2134   0.0536
 -0.1724  -0.0335  -0.1391   0.2610  -0.2043   0.0843
 -0.1722  -0.0929  -0.1476   0.3348  -0.2376   0.0003
 -0.1596  -0.0221  -0.1219   0.2643  -0.2161   0.1174
 -0.1534  -0.0165  -0.1110   0.2694  -0.2048   0.0736
 -0.1413  -0.0254  -0.1076   0.2535  -0.1952   0.0615
 -0.1214  -0.0178  -0.1062   0.2528  -0.1828   0.0617
 -0.1200  -0.0186  -0.1053   0.2316  -0.1766   0.0545
 -0.1349  -0.0208  -0.1037   0.2127  -0.1893   0.0611
 -0.1259  -0.0170  -0.0949   0.1877  -0.1757   0.0655
 -0.1303  -0.0422  -0.0884   0.2092  -0.1757   0.0422
 -0.1084  -0.0171  -0.0648   0.2074  -0.1514   0.0863
 -0.1141  -0.0690  -0.0792   0.2575  -0.1697   0.0562
 -0.1183  -0.0559  -0.0573   0.1580  -0.1730   0.0608
 -0.0991  -0.0406  -0.0528   0.2486  -0.1506   0.0779
 -0.0880  -0.0281  -0.0402   0.1663  -0.1169   0.0990
 -0.0812  -0.0366  -0.0399   0.1638  -0.1158   0.0520
 -0.0831  -0.0264  -0.0452   0.1738  -0.1284   0.0548
 -0.0874  -0.0167  -0.0278   0.1233  -0.1069   0.0555
 -0.0762  -0.0124  -0.0228   0.1143  -0.0879   0.0566
 -0.0737  -0.0119  -0.0230   0.1208  -0.0843   0.0550
 -0.0691  -0.0088  -0.0169   0.1015  -0.0725   0.0564
 -0.0801  -0.0208  -0.0143   0.1177  -0.0785   0.0504
 -0.0821  -0.0335  -0.0190   0.1374  -0.1057   0.0348
 -0.0816   0.0068  -0.0106   0.1037  -0.0952   0.0928
 -0.0871  -0.0284  -0.0091   0.1218  -0.0983   0.0149
 -0.0935  -0.0209  -0.0249   0.1428  -0.1419   0.0774
 -0.0949  -0.0246  -0.0035   0.0931  -0.1141   0.0340
 -0.0912   0.0065  -0.0115   0.1182  -0.1138   0.0915
 -0.0909   0.0130  -0.0123   0.1266  -0.1286   0.0576
 -0.0879   0.0177  -0.0052   0.1057  -0.1111   0.0561
 -0.0707  -0.0304  -0.0036   0.1494  -0.0998   0.0456
 -0.0314   0.0834  -0.0094  -0.0036  -0.0427   0.1321
  0.0575  -0.1257  -0.0864   0.0773   0.0518   0.0075
  0.0627  -0.0385  -0.0614  -0.0355   0.0452   0.0838
  0.0945  -0.0352  -0.0332  -0.0412   0.0287   0.0185
  0.1142   0.0112  -0.0286  -0.0949   0.0695   0.0130
  0.0999  -0.0006  -0.0289  -0.0800   0.0464  -0.0309
  0.0882   0.0003  -0.0276  -0.0915   0.0341  -0.0223
  0.0806  -0.0251  -0.0346  -0.0814   0.0269  -0.0452
  0.0885  -0.0130  -0.0313  -0.0955   0.0305   0.0073
  0.0810  -0.0200  -0.0271  -0.0768   0.0318  -0.0294
  0.0704  -0.0142  -0.0241  -0.0812   0.0367  -0.0524
  0.0787  -0.0162  -0.0158  -0.0749   0.0472  -0.0253
  0.0765  -0.0244  -0.0154  -0.0618   0.0528  -0.0153
  0.0751  -0.0366  -0.0070  -0.0697   0.0568  -0.0143
  0.0687  -0.0300   0.0066  -0.1058   0.0611  -0.0136
  0.0755  -0.0309   0.0098  -0.0935   0.0562  -0.0243
  0.0707  -0.0274   0.0004  -0.1071   0.0590  -0.0231
  0.0721  -0.0295   0.0145  -0.1401   0.0578  -0.0391
  0.0713  -0.0328   0.0096  -0.1245   0.0620  -0.0376
  0.0770  -0.0283   0.0128  -0.1213   0.0673  -0.0358
  0.0815  -0.0157   0.0273  -0.1891   0.0831  -0.0291
  0.0926   0.0081   0.0286  -0.1584   0.0877  -0.0384
  0.0874   0.0122   0.0225  -0.1557   0.0928  -0.0407
  0.1012   0.0168   0.0272  -0.1600   0.1105  -0.0493
  0.1047   0.0289   0.0164  -0.1545   0.1048  -0.0572
  0.0874   0.0347   0.0234  -0.1430   0.0965  -0.0474
  0.0869   0.0371   0.0173  -0.1462   0.1123  -0.0448
  0.0943   0.0453   0.0187  -0.1928   0.1271  -0.0547
  0.0805   0.0380   0.0135  -0.1635   0.1075  -0.0697
  0.0683  -0.0075   0.0240  -0.2003   0.0980  -0.1088
  0.0753   0.0551   0.0349  -0.2077   0.1166  -0.0079
  0.0660   0.0516   0.0229  -0.1915   0.1163  -0.0469
  0.0757   0.0610   0.0191  -0.2031   0.1312  -0.0561
  0.0691   0.0614   0.0344  -0.2021   0.1179  -0.0824
  0.0742   0.0623   0.0312  -0.2212   0.1253  -0.0721
  0.0731   0.0423   0.0386  -0.2170   0.1303  -0.0518
  0.0584   0.0617   0.0314  -0.2535   0.1170  -0.0575
  0.0537   0.0283   0.0249  -0.2119   0.1063  -0.1135
  0.0734   0.0834   0.0305  -0.2404   0.1464  -0.0301
  0.0718   0.0823   0.0397  -0.2504   0.1518  -0.0726
  0.0707   0.0819   0.0369  -0.2446   0.1607  -0.0703
  0.0791   0.0945   0.0486  -0.2202   0.1850  -0.0699
  0.0894   0.1097   0.0600  -0.2430   0.1961  -0.0775
  0.0971   0.1030   0.0431  -0.2520   0.2152  -0.0660
  0.0873   0.0986   0.0446  -0.2509   0.2028  -0.0905
  0.0888   0.0268  -0.0063  -0.1059   0.2049  -0.1495
  0.0868   0.1603   0.0433  -0.2873   0.2405   0.0368
  0.1072   0.2185   0.0675  -0.3928   0.2827  -0.0644
  0.1123   0.1083   0.0436  -0.2829   0.2607  -0.1072
  0.1205   0.1103   0.0569  -0.2763   0.2615  -0.0856
  0.1202   0.1155   0.0657  -0.2529   0.2520  -0.0907
  0.1219   0.1112   0.0734  -0.2563   0.2554  -0.0730
  0.1177   0.1055   0.0853  -0.2633   0.2445  -0.0776
  0.1097   0.0967   0.0887  -0.2460   0.2363  -0.0872
  0.0944   0.0703   0.0761  -0.1909   0.1944  -0.0835
  0.0910   0.0571   0.1227  -0.1832   0.1908  -0.0658
  0.0798   0.0270   0.1309  -0.0955   0.1484  -0.0893
  0.0747   0.0150   0.1323  -0.0831   0.1501  -0.0200
  0.0647  -0.0268   0.1293  -0.0325   0.1247  -0.0595
  0.0730  -0.0184   0.1360  -0.0224   0.1175  -0.0133
  0.0591  -0.0250   0.1504  -0.0391   0.1136  -0.0223
  0.0755  -0.0054   0.1747  -0.1207   0.1121  -0.0016
  0.0606  -0.0403   0.1678  -0.0303   0.0814  -0.0199
  0.0508  -0.0545   0.1599   0.0078   0.0688  -0.0389
  0.0454  -0.0594   0.1600   0.0203   0.0554  -0.0303
  0.0595  -0.0511   0.1687  -0.0089   0.0756  -0.0083
  0.0673  -0.0598   0.1732   0.0107   0.0805  -0.0270
  0.0614  -0.0791   0.1899  -0.0141   0.0682  -0.0385
  0.0581  -0.0553   0.1825   0.0071   0.0622   0.0033
  0.0566  -0.0506   0.1722  -0.0090   0.0660  -0.0374
  0.0709   0.0055   0.1736  -0.1181   0.0842  -0.0380
  0.0631   0.0178   0.1862  -0.1408   0.0646  -0.0261
  0.0568  -0.0006   0.1791  -0.0369   0.0687  -0.0356
