  0.0241  -0.0035  -0.0116  -0.0157   0.0171   0.0071
  0.0080  -0.0606   0.0138   0.0551   0.0211   0.0455
  0.0004   0.0418   0.0102   0.0514   0.0206   0.0428
  0.0096   0.0902   0.0076  -0.0544   0.0143   0.0191
  0.0160   0.1394   0.0141  -0.0182   0.0338  -0.0150
  0.0083   0.0892   0.0147  -0.0098   0.0179   0.0247
  0.0061   0.0922   0.0116  -0.0130   0.0070   0.0430
 -0.0009   0.0996   0.0182  -0.0222   0.0163   0.0279
  0.0051   0.0861   0.0091  -0.0401   0.0055   0.0282
 -0.0005   0.0540   0.0167  -0.0526  -0.0013   0.0141
 -0.0079   0.0091   0.0223  -0.0276  -0.0055   0.0357
 -0.0263   0.0041   0.0203  -0.0051  -0.0125   0.0808
 -0.0269   0.0139   0.0060  -0.0057  -0.0370   0.0613
  0.0172  -0.0140   0.0159   0.0079  -0.0305  -0.0307
  0.0033  -0.0390   0.0181   0.0223   0.0129   0.0306
 -0.0017  -0.0444   0.0196   0.0558   0.0155  -0.0082
 -0.0079  -0.0159   0.0214   0.0919   0.0113  -0.0227
 -0.0182   0.0336   0.0157   0.0102   0.0028  -0.0319
 -0.0229   0.0255   0.0141  -0.0000   0.0049  -0.0146
  0.0217   0.0715   0.0140   0.0111   0.0003  -0.0290
  0.0106   0.0809   0.0086   0.0116  -0.0035   0.0065
  0.0048   0.0805   0.0060  -0.0070  -0.0010  -0.0038
 -0.0063   0.0248   0.0095  -0.0004  -0.0053  -0.0252
 -0.0211   0.0599   0.0034   0.0034  -0.0156  -0.0744
 -0.0190   0.0645  -0.0027  -0.0031  -0.0147  -0.0504
  0.0264   0.0119  -0.0018  -0.0445  -0.0149   0.0341
  0.0213  -0.1265   0.0056   0.0121  -0.0071   0.0675
  0.0113  -0.1203   0.0092   0.0396  -0.0102   0.1065
  0.0046  -0.0533  -0.0034   0.0484  -0.0122   0.0671
  0.0180  -0.0837  -0.0090   0.0601  -0.0081   0.1976
 -0.0077   0.0121  -0.0020   0.1046  -0.0239   0.0645
 -0.0183  -0.0036  -0.0085   0.0486  -0.0312  -0.0963
 -0.0263  -0.0183  -0.0146  -0.0051  -0.0363   0.0033
  0.0034  -0.0068  -0.0142  -0.0003  -0.0050  -0.0656
 -0.0203   0.0146  -0.0247  -0.0052  -0.0196  -0.0452
 -0.0184  -0.0696  -0.0132  -0.0347  -0.0091  -0.0652
 -0.0058   0.0638  -0.0286  -0.0193  -0.0179  -0.0795
 -0.0217   0.1354  -0.0312  -0.0176  -0.0183  -0.0372
 -0.0252   0.0534  -0.0338  -0.0076  -0.0331  -0.0162
  0.0453   0.0733  -0.0074  -0.0097  -0.0292   0.0605
  0.0217   0.0475  -0.0183  -0.0385   0.0221  -0.0599
  0.0092   0.0790  -0.0178  -0.0244   0.0165  -0.0195
  0.0083   0.0432  -0.0234  -0.0422   0.0089   0.0548
  0.0100   0.0345  -0.0164  -0.0101   0.0035   0.0193
  0.0127  -0.0143  -0.0084  -0.0131   0.0136   0.0528
 -0.0005  -0.0225  -0.0120   0.0478   0.0099   0.0863
 -0.0139  -0.0346  -0.0149   0.0839   0.0092   0.0045
 -0.0259  -0.0039  -0.0152  -0.0396   0.0014  -0.0229
 -0.0298  -0.0026  -0.0085   0.0012   0.0109  -0.0294
  0.0221  -0.0094  -0.0057   0.0030  -0.0020  -0.0696
  0.0168   0.0051   0.0005   0.0178  -0.0110  -0.0369
  0.0020   0.0254   0.0157   0.0456  -0.0134   0.0130
 -0.0066   0.0099   0.0205   0.0645  -0.0092  -0.0476
 -0.0121  -0.0056   0.0110  -0.0019  -0.0197   0.0407
 -0.0210   0.0385   0.0177   0.0217  -0.0105   0.0525
 -0.0011  -0.0003   0.0183   0.0454   0.0100   0.1794
  0.0512   0.0102  -0.0031   0.0341  -0.0168   0.1473
  0.0007   0.0260  -0.0044   0.0241  -0.0233  -0.0132
  0.0505  -0.0099   0.0309  -0.0020  -0.0023  -0.0841
 -0.0041  -0.0050   0.0194  -0.0127  -0.0198  -0.0449
  0.0256   0.0306   0.0084   0.0080  -0.0222  -0.0289
 -0.0259   0.0032   0.0321   0.0333  -0.0227   0.0056
  0.0042   0.0150   0.0247   0.0673  -0.0287  -0.0339
  0.0033   0.0172   0.0356  -0.0033  -0.0250  -0.0414
  0.0072   0.0076   0.0380   0.0021   0.0321  -0.0405
  0.0006   0.0094   0.0151  -0.0188  -0.0145  -0.0336
 -0.0063   0.0261   0.0356  -0.0066   0.0312  -0.0672
 -0.0036   0.0224   0.0424   0.0134  -0.0205  -0.0184
 -0.0099   0.0359   0.0338   0.0165   0.0265   0.0377
 -0.0232   0.0496   0.0354   0.0339  -0.0288   0.0309
 -0.0218   0.0373   0.0280   0.0224   0.0195   0.1267
  0.0081   0.0712   0.0283   0.0116   0.0122   0.0193
 -0.0404   0.0188   0.0207   0.0194  -0.0024  -0.0186
 -0.0028   0.0319   0.0271   0.0660  -0.0072  -0.0157
 -0.0224   0.0138   0.0265  -0.0054  -0.0099  -0.0569
  0.0016  -0.1817   0.0642  -0.0362   0.0135  -0.0106
  0.0308  -0.1240   0.0488  -0.0145   0.0100  -0.0179
  0.0046  -0.0242   0.0465   0.0366   0.0381   0.0495
  0.0235  -0.0465   0.0197   0.0616   0.0144   0.0191
 -0.0201  -0.0380  -0.0045   0.0228   0.0149  -0.0436
  0.0155  -0.0199   0.0032   0.0061   0.0022  -0.0035
  0.0186  -0.0438  -0.0044   0.0084   0.0144  -0.0100
  0.0501  -0.1212   0.0271   0.0813   0.0350   0.0617
  0.0689  -0.2282   0.0086   0.0561   0.0506  -0.0231
  0.0524  -0.0997   0.0046  -0.0589   0.0221   0.0114
 -0.0086   0.0054  -0.0121  -0.0573   0.0286  -0.0571
  0.0337   0.0062   0.0087  -0.0457   0.0157  -0.0271
 -0.0314   0.0058  -0.0209  -0.0323   0.0069   0.0398
  0.0175   0.0416  -0.0174  -0.0763  -0.0197  -0.0252
  0.0278  -0.0147  -0.0371  -0.1126  -0.0199  -0.0316
 -0.0020  -0.0163  -0.0124   0.0012  -0.0263  -0.0547
 -0.0040   0.0272  -0.0357  -0.0029  -0.0256   0.0235
 -0.0120  -0.0151  -0.0098  -0.0086   0.0083   0.0332
  0.0078  -0.0531  -0.0195  -0.0419   0.0324  -0.0177
 -0.0114  -0.0722  -0.0096   0.0060   0.0272  -0.0108
 -0.0063  -0.0770  -0.0312  -0.0520   0.0311  -0.0293
 -0.0162  -0.0627  -0.0109  -0.0528   0.0318  -0.0989
 -0.0184   0.0038  -0.0306  -0.0498   0.0292  -0.0406
 -0.0177  -0.0302  -0.0220  -0.0470   0.0331   0.0686
 -0.0291   0.0153  -0.0541  -0.0327   0.0168  -0.0297
 -0.0383   0.0125  -0.0334   0.0000   0.0086  -0.0698
  0.0034   0.0595  -0.0341  -0.0406  -0.0092  -0.0682
 -0.0075   0.0715  -0.0316  -0.0217  -0.0100  -0.0369
 -0.0027   0.0384  -0.0372  -0.0284  -0.0114  -0.0005
 -0.0073   0.1068  -0.0617  -0.1273  -0.0194  -0.0282
 -0.0065   0.0541  -0.0616  -0.1143  -0.0195  -0.0283
 -0.0166   0.0244  -0.0495   0.0023  -0.0482   0.0336
 -0.0404   0.0402  -0.0401   0.0134  -0.0598  -0.0034
 -0.0329  -0.0536  -0.0207   0.0199   0.0310  -0.0173
  0.0206  -0.0201  -0.0409   0.0233   0.0140  -0.0223
  0.0095  -0.0301   0.0122  -0.0570   0.0389   0.0107
  0.0281  -0.1214  -0.0036  -0.0199   0.0337   0.0611
  0.0163  -0.1637   0.0020  -0.0001   0.0285   0.0406
  0.0018  -0.0786   0.0050   0.0141   0.0172  -0.0702
 -0.0185  -0.0427  -0.0041   0.0139  -0.0049  -0.1138
 -0.0323  -0.0404  -0.0122  -0.0327  -0.0080  -0.0077
  0.0153  -0.0589  -0.0138   0.0471  -0.0148   0.0125
  0.0003  -0.0439  -0.0053   0.0142  -0.0225   0.0149
  0.0059  -0.0206  -0.0079   0.0051  -0.0133   0.0432
 -0.0082  -0.0492  -0.0065   0.0093  -0.0220   0.0624
