  0.0484  -0.5098   0.0135  -0.3517  -0.1185   0.0034
  0.0327  -0.4844   0.0192  -0.2768  -0.1041   0.1673
  0.0363  -0.5098   0.0160  -0.4079  -0.1256  -0.0137
  0.0063  -0.5091   0.0228  -0.3068  -0.1195   0.2533
 -0.0028  -0.5135   0.0158  -0.4366  -0.1275  -0.1110
  0.0061  -0.4992   0.0165  -0.2727  -0.1273   0.2247
  0.0195  -0.4897   0.0207  -0.3740  -0.1286  -0.0307
  0.0058  -0.5059   0.0160  -0.3400  -0.1439   0.0167
  0.0306  -0.4851   0.0158  -0.3550  -0.1225   0.0798
  0.0233  -0.5049   0.0134  -0.4321  -0.1265   0.1010
  0.0196  -0.5036  -0.0032  -0.3295  -0.1222   0.1773
  0.0179  -0.4889   0.0144  -0.4248  -0.1340   0.0833
  0.0195  -0.4896   0.0115  -0.3525  -0.1322   0.1211
  0.0124  -0.4593   0.0185  -0.3031  -0.1096   0.0936
  0.0034  -0.4647   0.0254  -0.3331  -0.1267   0.0191
 -0.0377  -0.4637   0.0185  -0.2810  -0.1426  -0.0214
 -0.0129  -0.4492   0.0262  -0.2911  -0.1248   0.0046
 -0.0291  -0.4744   0.0225  -0.2627  -0.1183  -0.0796
  0.0066  -0.4484   0.0369  -0.2387  -0.1051   0.1799
 -0.0507  -0.3390   0.0365  -0.1984  -0.1498   0.0246
  0.0079  -0.3467   0.0124  -0.3174  -0.0945  -0.0353
  0.0145  -0.4898  -0.0350  -0.3478  -0.1214   0.3436
  0.0310  -0.5151  -0.0154  -0.2872  -0.1199   0.2973
  0.0368  -0.4902  -0.0194  -0.3222  -0.1230   0.2275
  0.0199  -0.4395  -0.0215  -0.2582  -0.1304   0.2882
  0.0326  -0.4055  -0.0028  -0.2428  -0.1106   0.1858
  0.0211  -0.3960  -0.0186  -0.2925  -0.1317   0.0731
  0.0058  -0.3900  -0.0147  -0.1695  -0.1179   0.1510
  0.0176  -0.4151  -0.0140  -0.2626  -0.0974   0.1519
  0.0051  -0.4339  -0.0203  -0.2994  -0.1247   0.2535
  0.0206  -0.4030  -0.0111  -0.1998  -0.0982   0.2298
  0.0271  -0.4174  -0.0284  -0.3177  -0.1057   0.0725
  0.0320  -0.4170  -0.0125  -0.1718  -0.0964   0.2677
  0.0400  -0.4390  -0.0041  -0.1752  -0.0857   0.2261
  0.0440  -0.4247  -0.0243  -0.2335  -0.0896   0.1509
  0.0502  -0.3983  -0.0236  -0.1844  -0.0753   0.2053
  0.0608  -0.3921  -0.0178  -0.2289  -0.0794   0.0973
  0.0660  -0.4091  -0.0228  -0.1916  -0.0878   0.1214
  0.0648  -0.4293  -0.0046  -0.0006  -0.0612   0.2421
  0.0827  -0.4631   0.0074   0.0612  -0.0510   0.1262
  0.0772  -0.4657   0.0099   0.0996  -0.0471   0.2405
  0.0792  -0.4220  -0.0032   0.0014  -0.0472   0.1812
  0.0580  -0.3993  -0.0218  -0.1901  -0.0847   0.0909
  0.0428  -0.3843  -0.0088  -0.0641  -0.0643   0.1054
  0.0240  -0.4018  -0.0190  -0.1227  -0.0961  -0.0234
  0.0024  -0.3854  -0.0183  -0.0264  -0.0829   0.0908
  0.0260  -0.3762  -0.0008  -0.0541  -0.0830   0.1150
 -0.0317  -0.2981  -0.0223  -0.1788  -0.0451   0.0421
  0.0227  -0.3813  -0.0155  -0.2082  -0.0312   0.1811
  0.0122  -0.4299  -0.0374  -0.1514  -0.0868   0.2548
  0.0252  -0.3678  -0.0317  -0.1547  -0.0771   0.0113
  0.0214  -0.3622  -0.0268  -0.1316  -0.0746   0.0765
  0.0321  -0.3512  -0.0199  -0.1469  -0.0658   0.0451
  0.0354  -0.3407  -0.0245  -0.0728  -0.0613   0.2840
  0.0365  -0.3203  -0.0182  -0.0583  -0.0808   0.1091
  0.0355  -0.3259  -0.0290  -0.1880  -0.0791  -0.0001
 -0.0028  -0.4225   0.0073  -0.2188  -0.1270   0.3566
  0.0305  -0.3947  -0.0122  -0.2797  -0.1253   0.1782
  0.0402  -0.3529  -0.0071  -0.1840  -0.0923   0.2392
  0.0493  -0.3163  -0.0043  -0.1922  -0.0927   0.1338
  0.0409  -0.3003  -0.0007  -0.1050  -0.0879   0.1858
  0.0351  -0.2750  -0.0038  -0.1182  -0.0850   0.0556
  0.0201  -0.2583  -0.0120  -0.0623  -0.0982   0.1849
  0.0274  -0.2218  -0.0066  -0.1145  -0.1099   0.1284
 -0.0083  -0.2273  -0.0437  -0.0492  -0.1819   0.2205
 -0.1451  -0.2952  -0.1096   0.1231  -0.4290   0.2295
 -0.2268  -0.2801  -0.0557   0.2025  -0.4507  -0.0404
 -0.1518  -0.2858   0.0372  -0.1637  -0.1841   0.1813
 -0.0699  -0.2698  -0.0147  -0.1500  -0.1160   0.2601
 -0.0630  -0.2174  -0.0169  -0.1626  -0.1450   0.1609
 -0.0607  -0.2019  -0.0246  -0.1689  -0.1410   0.1862
 -0.0423  -0.1883  -0.0109  -0.1416  -0.1193   0.1758
 -0.0450  -0.1754  -0.0137  -0.1577  -0.1116   0.1202
 -0.0482  -0.1547  -0.0190  -0.1025  -0.1361   0.1889
 -0.0489  -0.1415  -0.0177  -0.0953  -0.1481   0.1504
 -0.0464  -0.1379  -0.0296  -0.1499  -0.1543   0.1378
 -0.0296  -0.1378  -0.0177  -0.1012  -0.1536   0.1212
 -0.0465  -0.1395  -0.0149  -0.0832  -0.1518   0.0580
 -0.0498  -0.1390  -0.0100  -0.0334  -0.1473   0.2168
 -0.0290  -0.1448  -0.0071  -0.0802  -0.1164   0.1076
 -0.0192  -0.1374  -0.0239  -0.1057  -0.1191   0.0591
 -0.0136  -0.1456  -0.0155  -0.0520  -0.1089   0.0892
 -0.0078  -0.1842  -0.0426  -0.1126  -0.0065   0.0935
  0.0089  -0.1720  -0.0615  -0.0570  -0.0241   0.2141
  0.0061  -0.1613  -0.0536   0.0114  -0.0701   0.1352
 -0.0117  -0.1569  -0.0422   0.0229  -0.0949  -0.0083
 -0.0040  -0.1420  -0.0325   0.0572  -0.0876   0.2232
 -0.0194  -0.0774  -0.0404   0.0957  -0.1193   0.1637
 -0.0599  -0.0262  -0.0355   0.0983  -0.1361  -0.0634
 -0.0245  -0.0991  -0.0334   0.0727  -0.0273   0.1473
 -0.0533  -0.2651  -0.0867  -0.1265  -0.0829   0.3565
 -0.0030  -0.1711  -0.0385  -0.0730  -0.0654   0.3198
  0.0138  -0.1406  -0.0484  -0.0779  -0.0388   0.2626
  0.0244  -0.1397  -0.0478  -0.0504  -0.0296   0.2957
  0.0263  -0.1188  -0.0378  -0.0308  -0.0386   0.2771
  0.0717  -0.1093  -0.0137  -0.1108   0.0525   0.1813
  0.0644  -0.0877  -0.0177  -0.0579   0.0217   0.3063
  0.0569  -0.0347  -0.0150  -0.0921   0.0120   0.1441
  0.0501  -0.0378   0.0123  -0.0742   0.0313   0.1907
  0.0606  -0.0322  -0.0170  -0.0746   0.0140   0.1854
  0.0590  -0.0202  -0.0157  -0.0122  -0.0004   0.2004
  0.0554  -0.0094  -0.0269  -0.0044  -0.0096   0.1999
  0.0370   0.0264  -0.0209   0.0539  -0.0384   0.2639
  0.0087   0.0999  -0.0258   0.0523  -0.0552   0.2210
 -0.0420   0.1117  -0.0501   0.0637  -0.0979   0.2079
 -0.1358   0.1761  -0.0872   0.1433  -0.1385   0.0561
 -0.0994   0.1361  -0.0593   0.0132  -0.0531  -0.0490
 -0.0426  -0.0138  -0.0549  -0.1518   0.0259   0.2236
 -0.0307   0.0827  -0.0248  -0.1130  -0.0008   0.0544
 -0.0229   0.0930  -0.0241  -0.1128   0.0073   0.0789
 -0.0182   0.1308  -0.0361  -0.1239   0.0226   0.0487
 -0.0330   0.1560  -0.0341  -0.1143   0.0074   0.0159
 -0.0116   0.1686  -0.0311  -0.1242   0.0172  -0.0187
 -0.0081   0.1699  -0.0379  -0.1046   0.0160   0.0183
  0.0076   0.1722  -0.0283  -0.0818   0.0292  -0.0132
  0.0107   0.1579  -0.0415  -0.0806   0.0275  -0.0275
 -0.0123   0.1578  -0.0463   0.0052   0.0166  -0.1461
  0.0046   0.1559  -0.0376  -0.0243   0.0281  -0.0959
 -0.0041   0.1683  -0.0489  -0.0071   0.0114   0.0819
 -0.0022   0.1877  -0.0408   0.0089  -0.0151   0.0225
 -0.0119   0.1629  -0.0477  -0.0157  -0.0119  -0.2512
  0.0202   0.1559  -0.0379  -0.0978   0.0058  -0.0466
  0.0167   0.1464  -0.0508  -0.1101  -0.0180  -0.0600
  0.0312   0.1477  -0.0366  -0.1721   0.0353  -0.0367
  0.0245   0.1731  -0.0476  -0.1341  -0.0038  -0.0960
  0.0115   0.1950  -0.0421  -0.0715  -0.0165  -0.1333
 -0.0220   0.1896  -0.0432  -0.0728  -0.0443  -0.2937
 -0.0223   0.2054  -0.0379  -0.0573  -0.0290  -0.0911
 -0.0222   0.2423  -0.0353  -0.0154  -0.0770  -0.0375
 -0.0663   0.3135  -0.0472   0.0034  -0.1334  -0.0587
 -0.0696   0.3001  -0.0418   0.1029  -0.1666   0.0043
 -0.0993   0.2148  -0.0045   0.2632  -0.2674  -0.0405
 -0.1493   0.1661   0.0612   0.2960  -0.2850  -0.2954
 -0.0691   0.1425   0.0567   0.1314  -0.0809  -0.1013
 -0.0257   0.0621   0.0381  -0.0705  -0.0378   0.0646
 -0.0686   0.0971   0.0571  -0.2506  -0.0173   0.0901
 -0.0466   0.0676   0.0675  -0.1766   0.0054   0.0499
 -0.0213   0.0624   0.0249  -0.1793  -0.0199   0.0923
 -0.0026   0.0953   0.0304  -0.1220   0.0400   0.0985
 -0.0105   0.1216   0.0278  -0.0479   0.0221  -0.0024
  0.0010   0.1455   0.0348  -0.0743   0.0188   0.0268
  0.0042   0.1572   0.0344  -0.0670   0.0214   0.0288
 -0.0103   0.1540   0.0242  -0.1036   0.0257  -0.2334
 -0.0080   0.1651   0.0159  -0.0438   0.0533  -0.1337
 -0.0545   0.1869   0.0104  -0.0052  -0.0272  -0.2741
 -0.0543   0.2220   0.0088   0.0240  -0.0178  -0.1481
 -0.0401   0.3000  -0.0006  -0.0102  -0.0362  -0.2001
 -0.0473   0.3330  -0.0181   0.0920  -0.0762  -0.0794
 -0.1038   0.4046  -0.0177   0.1266  -0.1078  -0.3081
 -0.0826   0.4899  -0.0113   0.1108  -0.0945  -0.1616
 -0.1122   0.5981  -0.0697   0.1656  -0.1876  -0.3990
 -0.1255   0.5410  -0.0002   0.2044  -0.1210  -0.3550
 -0.0596   0.2484  -0.0133  -0.0733   0.0649  -0.0745
 -0.0456   0.2054  -0.0034   0.0297   0.0458  -0.0951
 -0.0419   0.2352  -0.0082  -0.0207   0.0747   0.0015
 -0.0153   0.2540  -0.0270  -0.0366   0.1059   0.0060
 -0.0138   0.2730  -0.0235  -0.0060   0.1020  -0.0588
 -0.0010   0.2974  -0.0300   0.0612   0.1332  -0.1149
 -0.0112   0.3436  -0.0124   0.0838   0.1245  -0.2102
 -0.0161   0.3474  -0.0040   0.1131   0.1046  -0.2659
 -0.0293   0.3345  -0.0066   0.1654   0.0914  -0.2229
 -0.0354   0.3609   0.0052   0.2354   0.0802  -0.1227
 -0.0562   0.3138  -0.0219   0.3174   0.0097  -0.0426
 -0.0681   0.2029  -0.0732   0.4309  -0.0846   0.0259
 -0.0624   0.2075  -0.0883   0.5741  -0.1058   0.1286
 -0.1170   0.2337  -0.0490   0.6129  -0.1187  -0.1020
 -0.0752   0.2155   0.0181   0.4148   0.0345  -0.1263
 -0.0269   0.2143  -0.0237   0.3081   0.1403   0.0393
 -0.0485   0.2245  -0.0315   0.2211   0.1094  -0.0523
 -0.0422   0.1695   0.0181   0.1595   0.1685   0.0166
 -0.0164   0.2314   0.0152   0.2149   0.2108   0.0010
 -0.0179   0.2491   0.0137   0.2611   0.1729  -0.1305
 -0.0219   0.2689   0.0439   0.2449   0.1934  -0.0551
  0.0048   0.3044   0.0434   0.2612   0.2093  -0.1342
  0.0116   0.3189   0.0439   0.2994   0.1537  -0.0966
 -0.0151   0.3140   0.0417   0.2793   0.1529  -0.1138
 -0.0208   0.3312   0.0421   0.3250   0.1317  -0.1876
 -0.0339   0.3466   0.0354   0.3875   0.1285  -0.2201
 -0.0605   0.3341   0.0221   0.4274   0.1104  -0.2814
 -0.0755   0.3352   0.0254   0.4497   0.0903  -0.1864
 -0.0818   0.3759   0.0247   0.4501   0.0496  -0.1190
 -0.0914   0.3548   0.0055   0.5437   0.0126  -0.2263
 -0.1033   0.2719   0.0417   0.2095   0.0288  -0.3099
 -0.0243  -0.0414   0.0109   0.1627   0.1265  -0.0486
 -0.0093  -0.0758  -0.0142   0.0276   0.0881  -0.0253
  0.0110  -0.1405  -0.0057   0.0348   0.0988  -0.0870
  0.0382  -0.1130   0.0070   0.2330   0.1452  -0.0480
  0.0270  -0.0603   0.0200   0.2666   0.1372  -0.0931
  0.0387   0.0347   0.0252   0.3355   0.1652  -0.1479
  0.0196   0.0511   0.0128   0.4026   0.1328  -0.1258
  0.0149   0.1224   0.0122   0.4251   0.1225  -0.1124
  0.0144   0.1435   0.0124   0.4663   0.1153  -0.1252
  0.0115   0.1779   0.0161   0.5225   0.1117  -0.1126
 -0.0009   0.2026   0.0049   0.5491   0.0747  -0.0755
 -0.0187   0.1624  -0.0110   0.6518   0.0300  -0.2154
 -0.0158   0.1508   0.0122   0.5189   0.0820  -0.1102
 -0.0108   0.0815   0.0092   0.4907   0.1027  -0.1544
 -0.0152   0.0708  -0.0045   0.3643   0.1154  -0.0655
 -0.0237   0.1116   0.0086   0.3305   0.1148  -0.1072
 -0.0236   0.1462   0.0005   0.3138   0.1072  -0.1761
 -0.0087   0.1656   0.0035   0.3031   0.1301  -0.1332
 -0.0020   0.1986   0.0013   0.2716   0.1325  -0.2214
 -0.0031   0.2806   0.0219   0.2306   0.1548  -0.1896
 -0.0152   0.3199   0.0250   0.2140   0.1455  -0.3126
  0.0066   0.4181   0.0317   0.1494   0.1698  -0.3057
  0.0098   0.4471   0.0447   0.0796   0.1790  -0.4200
  0.0297   0.4980   0.0446   0.0393   0.2090  -0.2470
  0.0296   0.5796   0.0471  -0.0732   0.1882  -0.3821
  0.0360   0.5925   0.0463  -0.0603   0.2002  -0.3325
  0.0370   0.5959   0.0472  -0.1085   0.1897  -0.4029
  0.0353   0.6099   0.0394  -0.0482   0.1950  -0.2790
  0.0315   0.6036   0.0449  -0.0152   0.1816  -0.3258
  0.0205   0.5117   0.0411   0.1637   0.1766  -0.3179
  0.0274   0.4804   0.0388   0.0984   0.1913  -0.2609
 -0.0056   0.2443   0.0797  -0.0514   0.1557  -0.0195
  0.0373   0.2090   0.1265  -0.1520   0.1622  -0.0328
  0.0419   0.2277   0.0945   0.0159   0.1980  -0.0837
  0.0596   0.2681   0.0946   0.0244   0.2181  -0.0356
  0.0694   0.2222   0.0817   0.0199   0.2114  -0.1261
  0.0922   0.2527   0.0783   0.0703   0.2298  -0.1458
  0.0928   0.2614   0.0849   0.0388   0.2476  -0.1822
  0.0884   0.2524   0.0829   0.0421   0.2438  -0.1827
  0.0818   0.2199   0.0941   0.1569   0.2482  -0.1091
  0.0842   0.2499   0.0852   0.1328   0.2437  -0.2383
  0.0735   0.3043   0.0708   0.0493   0.2301  -0.2481
  0.0694   0.1478   0.0613   0.0111   0.2268  -0.1045
  0.0618   0.1436   0.0373  -0.0024   0.1903  -0.1426
  0.0701   0.1816   0.0386   0.0368   0.1779  -0.0093
  0.0806   0.2292   0.0376   0.0461   0.1804  -0.1700
  0.0759   0.2465   0.0447   0.0958   0.1855  -0.0567
  0.0710   0.2655   0.0486   0.1665   0.1727  -0.0424
  0.0408   0.3164   0.0467   0.1549   0.1709  -0.3138
  0.0681   0.2779   0.0643   0.1217   0.2075  -0.0322
  0.0756   0.2502   0.0637  -0.0335   0.2142  -0.1745
  0.0698   0.2447   0.0622   0.0737   0.2108  -0.1629
  0.0986   0.2238   0.0514  -0.0837   0.1918  -0.1589
  0.1064   0.2805   0.0452   0.0238   0.1857  -0.1449
  0.0828   0.2984   0.0540   0.1092   0.1545  -0.2142
  0.0622   0.3180   0.0549   0.1965   0.1378   0.0461
  0.0669   0.2739   0.0119   0.2768   0.0883  -0.0046
