  0.1839   0.5680   0.2059  -0.2298   0.2273  -0.2164
  0.1844   0.5532   0.2123  -0.2256   0.2242  -0.1871
  0.1866   0.5266   0.1997  -0.2114   0.2320  -0.2276
  0.1628   0.5331   0.1939  -0.2274   0.2343  -0.1819
  0.1722   0.4996   0.2091  -0.2117   0.2262  -0.2227
  0.1603   0.4730   0.2096  -0.1946   0.2175  -0.1899
  0.1648   0.4673   0.2137  -0.2020   0.2131  -0.1728
  0.1591   0.4513   0.2182  -0.1948   0.2103  -0.1507
  0.1821   0.4266   0.2364  -0.1843   0.2219  -0.1876
  0.1787   0.4234   0.2328  -0.1833   0.2142  -0.1604
  0.1452   0.4336   0.2197  -0.1792   0.1833  -0.1425
  0.1361   0.4125   0.2468  -0.1852   0.1739  -0.1639
  0.1289   0.4090   0.2556  -0.1775   0.1724  -0.1541
  0.1110   0.4165   0.2449  -0.1986   0.1627  -0.1419
  0.1033   0.4191   0.2546  -0.1934   0.1619  -0.1342
  0.1229   0.4063   0.2675  -0.1878   0.1734  -0.1697
  0.1286   0.3989   0.2707  -0.1719   0.1934  -0.1490
  0.1148   0.4218   0.2727  -0.1844   0.1766  -0.1218
  0.1403   0.3981   0.2667  -0.1828   0.1837  -0.1828
  0.1488   0.3975   0.2620  -0.1684   0.1766  -0.1514
  0.1312   0.4033   0.2510  -0.1664   0.1690  -0.1363
  0.1389   0.4094   0.2580  -0.1713   0.1710  -0.1244
  0.1420   0.3909   0.2576  -0.1836   0.1677  -0.1543
  0.1306   0.3951   0.2560  -0.1833   0.1633  -0.1476
  0.1196   0.4101   0.2631  -0.1836   0.1617  -0.1168
  0.1279   0.3584   0.2537  -0.1823   0.1666  -0.1642
  0.1273   0.3581   0.2439  -0.1880   0.1657  -0.1400
  0.1099   0.3653   0.2294  -0.1569   0.1511  -0.0910
  0.1058   0.3319   0.2182  -0.1672   0.1580  -0.1373
  0.1187   0.3223   0.1979  -0.1461   0.1583  -0.1217
  0.1111   0.3210   0.1894  -0.1238   0.1322  -0.1000
  0.0980   0.3159   0.1708  -0.1428   0.1128  -0.1183
  0.0904   0.3100   0.1523  -0.1266   0.1031  -0.1123
  0.0711   0.2904   0.1600  -0.1117   0.0965  -0.0889
  0.0638   0.2901   0.1503  -0.1268   0.0919  -0.0712
  0.0640   0.2533   0.1383  -0.0822   0.0781  -0.0953
  0.0595   0.2214   0.1346  -0.0620   0.0826  -0.0821
  0.0620   0.2328   0.1411  -0.0733   0.0820  -0.0423
  0.0633   0.1937   0.1317  -0.0787   0.0810  -0.0849
  0.0480   0.1895   0.1281  -0.0510   0.0682  -0.0509
  0.0496   0.1851   0.1175  -0.0340   0.0723  -0.0465
  0.0387   0.1495   0.1174  -0.0344   0.0844  -0.0570
  0.0621   0.0702   0.0762   0.0017   0.1133  -0.0508
  0.0350   0.0876   0.0663   0.0129   0.0875  -0.0138
  0.0264   0.0877   0.0650  -0.0011   0.0845  -0.0410
  0.0384   0.0849   0.0533   0.0103   0.0877  -0.0482
  0.0324   0.0811   0.0495   0.0002   0.0827  -0.0163
  0.0141   0.0869   0.0487  -0.0239   0.0671  -0.0156
  0.0252   0.0681   0.0451  -0.0027   0.0714  -0.0480
  0.0241   0.0606   0.0407   0.0047   0.0715  -0.0068
  0.0160   0.0795   0.0313   0.0132   0.0608   0.0005
  0.0097   0.0517   0.0192  -0.0041   0.0359  -0.0434
 -0.0018   0.0155  -0.0080   0.0280   0.0195  -0.0017
 -0.0119   0.0029   0.0066   0.0077   0.0242  -0.0025
  0.0019  -0.0687  -0.0068  -0.0037   0.0542   0.0938
  0.0156  -0.0849  -0.0028  -0.0006   0.0445  -0.0433
  0.0050  -0.0675   0.0073  -0.0134   0.0426   0.0496
  0.0070  -0.0560   0.0042  -0.0108   0.0427   0.0489
  0.0216  -0.0578   0.0115  -0.0246   0.0515   0.0079
  0.0325  -0.0606   0.0157  -0.0068   0.0553   0.0201
  0.0125  -0.0727   0.0109  -0.0184   0.0385   0.0185
 -0.0038  -0.0733  -0.0016  -0.0116   0.0317   0.0301
 -0.0110  -0.1036  -0.0103   0.0018   0.0158   0.0187
 -0.0276  -0.1049  -0.0297   0.0104  -0.0087   0.0431
 -0.0417  -0.0976  -0.0196   0.0070  -0.0083   0.0449
 -0.0524  -0.0869  -0.0294   0.0250  -0.0185   0.0644
 -0.0302  -0.1217  -0.0161   0.0265   0.0170   0.0281
 -0.0164  -0.1528  -0.0419   0.0675   0.0282   0.0516
 -0.0503  -0.1279  -0.0634   0.0928  -0.0261   0.0694
 -0.0629  -0.1374  -0.0820   0.0753  -0.0468   0.0385
 -0.0826  -0.1291  -0.0999   0.0839  -0.0656   0.0545
 -0.1026  -0.1346  -0.1249   0.0984  -0.0806   0.0582
 -0.1100  -0.1451  -0.1418   0.1137  -0.0987   0.0525
 -0.1068  -0.1565  -0.1387   0.1002  -0.0972   0.0596
 -0.1197  -0.1561  -0.1521   0.0942  -0.1186   0.0596
 -0.1387  -0.1347  -0.1577   0.0928  -0.1391   0.0791
 -0.1235  -0.1639  -0.1455   0.0707  -0.1404   0.0525
 -0.1170  -0.1633  -0.1396   0.0807  -0.1414   0.0711
 -0.1111  -0.1649  -0.1270   0.0847  -0.1268   0.0705
 -0.1107  -0.1833  -0.1168   0.1011  -0.1277   0.0895
 -0.0944  -0.2150  -0.0972   0.0955  -0.1138   0.0637
 -0.0979  -0.2061  -0.0989   0.0934  -0.1208   0.0773
 -0.0992  -0.2049  -0.0986   0.0934  -0.1230   0.0873
 -0.1073  -0.1925  -0.0881   0.0506  -0.1191   0.0929
 -0.0974  -0.2303  -0.0669   0.0604  -0.1069   0.0689
 -0.0833  -0.2250  -0.0649   0.0675  -0.0967   0.0968
 -0.0897  -0.2199  -0.0733   0.0785  -0.1080   0.0891
 -0.0935  -0.2257  -0.0864   0.0771  -0.1145   0.0824
 -0.0810  -0.2497  -0.1009   0.0881  -0.1115   0.0775
 -0.0757  -0.2617  -0.1131   0.1157  -0.1196   0.0913
 -0.1048  -0.2938  -0.1501   0.1355  -0.1416   0.0917
 -0.1090  -0.2947  -0.1522   0.1365  -0.1517   0.1196
 -0.1068  -0.3141  -0.1785   0.1595  -0.1688   0.0893
 -0.1225  -0.3211  -0.1983   0.1646  -0.1796   0.1226
 -0.1193  -0.3193  -0.2038   0.1525  -0.1754   0.1119
 -0.1167  -0.3354  -0.2393   0.1799  -0.1896   0.1038
 -0.1393  -0.3249  -0.2598   0.1775  -0.2128   0.1433
 -0.1434  -0.3787  -0.2702   0.1509  -0.2215   0.1505
 -0.1390  -0.3935  -0.2569   0.1503  -0.2037   0.1443
 -0.1180  -0.4129  -0.2498   0.1613  -0.2077   0.1215
 -0.1175  -0.4176  -0.2527   0.1831  -0.2055   0.1486
 -0.1159  -0.3816  -0.2592   0.1610  -0.2033   0.1611
 -0.1159  -0.4065  -0.2468   0.1525  -0.2073   0.1336
 -0.1077  -0.4015  -0.2444   0.1471  -0.2016   0.1401
 -0.1172  -0.4122  -0.2521   0.1394  -0.2120   0.1431
 -0.1253  -0.3878  -0.2493   0.1415  -0.2028   0.1604
 -0.1140  -0.4080  -0.2586   0.1521  -0.2086   0.1296
 -0.1019  -0.3910  -0.2590   0.1583  -0.2002   0.1396
 -0.1063  -0.3533  -0.2479   0.1355  -0.1978   0.1635
 -0.0685  -0.3961  -0.2156   0.1334  -0.1629   0.0868
 -0.0594  -0.3898  -0.2104   0.1397  -0.1541   0.1427
 -0.0759  -0.3742  -0.2149   0.1280  -0.1672   0.1640
 -0.0598  -0.4046  -0.2207   0.1446  -0.1709   0.1094
 -0.0835  -0.4015  -0.2442   0.1702  -0.1964   0.1421
 -0.0968  -0.3949  -0.2538   0.1824  -0.2030   0.1528
 -0.0854  -0.4196  -0.2342   0.1743  -0.1852   0.1128
 -0.0666  -0.4096  -0.2249   0.1683  -0.1701   0.1420
 -0.0738  -0.3883  -0.2343   0.1574  -0.1654   0.1595
 -0.0665  -0.4169  -0.2276   0.1537  -0.1734   0.1306
 -0.0429  -0.4326  -0.2160   0.1724  -0.1630   0.1369
