 -0.1526  -0.8632  -0.4418   1.0023  -1.0057   0.0860
 -0.1302  -0.8671  -0.4582   0.9917  -0.9801   0.0786
 -0.1300  -0.8718  -0.4725   1.0405  -0.9909   0.1188
 -0.1215  -0.8823  -0.4539   1.0271  -0.9748   0.0934
 -0.1162  -0.8605  -0.4593   1.0466  -0.9749   0.1071
 -0.1212  -0.8466  -0.4545   0.9911  -0.9774   0.1059
 -0.1171  -0.8316  -0.4386   0.9784  -0.9638   0.0888
 -0.1189  -0.8623  -0.4555   1.0046  -0.9754   0.1143
 -0.1137  -0.8723  -0.4429   0.9912  -0.9576   0.1128
 -0.1143  -0.8354  -0.4382   0.9802  -0.9579   0.0930
 -0.0901  -0.8869  -0.4293   1.0092  -0.9279   0.1233
 -0.1026  -0.8544  -0.3452   0.7496  -0.8643   0.1271
 -0.1603  -0.7996  -0.2612   0.8046  -0.9028   0.0390
 -0.1197  -0.8327  -0.2613   0.8652  -0.8994   0.1288
 -0.1033  -0.8340  -0.2664   0.8607  -0.8869   0.1142
 -0.0912  -0.8686  -0.2917   0.9500  -0.8879   0.1408
 -0.0937  -0.9140  -0.2918   0.9387  -0.8877   0.1379
 -0.0896  -0.8985  -0.2896   0.9357  -0.8795   0.1568
 -0.0833  -0.8970  -0.2872   0.9369  -0.8719   0.1430
 -0.0738  -0.9004  -0.2888   0.9430  -0.8637   0.1509
 -0.0669  -0.8795  -0.2865   0.9102  -0.8633   0.1623
 -0.0651  -0.8747  -0.2824   0.8987  -0.8523   0.1302
 -0.0593  -0.8985  -0.2870   0.9161  -0.8539   0.1532
 -0.0537  -0.8699  -0.2923   0.8697  -0.8496   0.1287
 -0.0534  -0.8849  -0.2830   0.9143  -0.8470   0.1473
 -0.0560  -0.8997  -0.2892   0.8894  -0.8425   0.1292
 -0.0530  -0.8999  -0.2808   0.9293  -0.8426   0.1635
 -0.0698  -0.8684  -0.2918   0.8922  -0.8465   0.1068
 -0.0524  -0.6293  -0.2178   0.8031  -0.8277   0.0640
 -0.0630  -0.7278  -0.2069   0.8464  -0.8164   0.0603
 -0.0800  -0.7582  -0.2331   0.9915  -0.7972   0.0773
 -0.0710  -0.8257  -0.2210   0.9792  -0.7765   0.0598
 -0.0674  -0.7940  -0.2122   1.0216  -0.7775   0.0935
 -0.0652  -0.8355  -0.2144   1.0389  -0.7779   0.0652
 -0.0563  -0.8124  -0.2129   1.0361  -0.7754   0.0734
 -0.0573  -0.7956  -0.2129   1.0345  -0.7821   0.0701
 -0.0560  -0.8266  -0.2124   1.0418  -0.7867   0.0643
 -0.0457  -0.8138  -0.2241   1.0305  -0.7783   0.0771
 -0.0437  -0.8288  -0.2311   1.0446  -0.7851   0.0786
 -0.0403  -0.8276  -0.2301   1.0629  -0.7762   0.0918
 -0.0402  -0.8520  -0.2284   1.0515  -0.7729   0.0650
 -0.0325  -0.8211  -0.2338   1.0561  -0.7685   0.0935
 -0.0383  -0.7851  -0.1893   0.9566  -0.7735   0.0897
 -0.1010  -0.8694  -0.2099   1.0260  -0.8376   0.1160
 -0.0850  -0.9227  -0.2094   1.1316  -0.7991   0.0981
 -0.1116  -0.8683  -0.1867   1.1135  -0.8170   0.1127
 -0.0792  -0.9034  -0.1948   1.0852  -0.7702   0.1394
 -0.0791  -0.8833  -0.1788   1.0584  -0.7706   0.1495
 -0.0636  -0.9213  -0.1725   1.0912  -0.7667   0.1258
  0.0489  -0.7527  -0.1946   1.1543  -0.7352   0.0928
  0.1440  -0.9098  -0.1721   0.8818  -0.6327   0.1998
 -0.0682  -0.9747  -0.3075   0.9565  -0.6986   0.0936
 -0.2094  -0.8288  -0.2675   1.0004  -0.7446   0.1071
 -0.1490  -0.6673  -0.2161   0.8783  -0.6400   0.1124
 -0.1554  -0.6406  -0.2560   1.2161  -0.6081  -0.0192
 -0.2874  -0.6636  -0.0583   1.2293  -0.5857   0.0866
 -0.3028  -0.9792  -0.1345   1.9079  -0.5143   0.1128
 -0.2848  -0.8897  -0.1356   1.2084  -0.6064   0.2555
 -0.2518  -0.7415  -0.0860   0.9992  -0.5841   0.1098
 -0.2429  -0.7760  -0.0926   1.0226  -0.5726   0.1253
 -0.2442  -0.8623  -0.1055   0.9009  -0.6549   0.2370
 -0.1882  -0.8919  -0.1133   0.9033  -0.6206   0.2053
 -0.2278  -0.8399  -0.0275   0.7589  -0.5244   0.1806
 -0.2200  -0.7602  -0.0732   0.5747  -0.3750   0.1166
 -0.2141  -0.9454  -0.1227   0.9277  -0.4582   0.2390
 -0.2468  -0.3021   0.0598   0.5721  -0.4102  -0.0708
  0.1376   1.5933   0.0314  -0.6720  -0.2734  -0.5510
  0.2159   2.6326   0.2399  -1.8286  -0.0113  -0.6539
  0.2260   2.5373   0.3944  -1.7740   0.1259  -0.6566
  0.1937   1.6160   0.3724  -1.1882   0.2155  -0.4539
  0.1524   0.7903   0.1945  -0.8452   0.0251  -0.1672
  0.1874   0.9522   0.2107  -0.9590   0.0593  -0.2206
  0.1519   0.8301   0.1463  -0.8274  -0.0302  -0.1962
  0.1458   0.7254   0.1366  -0.6601  -0.0154  -0.1846
  0.0386   0.4669   0.1586  -0.1709  -0.2107  -0.1132
  0.1426   0.5681   0.2548  -0.8301   0.0834   0.1257
  0.0595   0.4839   0.1184  -0.1928   0.2601   0.2316
  0.0224   0.4983   0.1356   0.4501   0.1846   0.4194
 -0.0655   0.6705  -0.0264  -0.3360   0.2565   0.3709
 -0.0030   1.3855   0.0157  -0.4542   0.2757  -0.0861
 -0.0051   1.4819   0.0514  -0.1028   0.3122  -0.1463
 -0.0628   0.6611  -0.0453  -0.1906   0.1708   0.2637
  0.3802   0.5181   0.0022  -0.4440   0.4275   0.3127
 -0.0747   0.6482   0.0549  -0.9746  -0.1618   0.4282
  0.2132   1.3239   0.1122  -1.2604   0.1199   0.2621
  0.2947   1.6284   0.1061  -1.5640   0.1480   0.0899
  0.2992   1.6321   0.2326  -1.6533   0.1798   0.0896
  0.4320   1.2799   0.3002  -1.3863   0.4044   0.1323
  0.4302   1.4268   0.3539  -1.4593   0.4490   0.0835
  0.4274   1.3716   0.3494  -1.4110   0.4588   0.0730
  0.4514   1.3879   0.3705  -1.3616   0.4950   0.0970
  0.4693   1.2955   0.4040  -1.2861   0.5578   0.1126
  0.4489   1.2580   0.4235  -1.2774   0.5471   0.1093
  0.3706   0.9777   0.4324  -1.1397   0.4845   0.1270
  0.1727   0.2312   0.3279  -0.3859   0.4357   0.0170
  0.2108   0.1369   0.2061  -0.2380   0.4048   0.1332
  0.3358  -0.1531   0.0502  -0.0138   0.3558   0.2728
  0.2394  -0.0655   0.1117   0.1128   0.2919   0.2063
  0.2398  -0.0672   0.1253   0.1314   0.2882   0.1864
  0.2301  -0.0781   0.1550   0.1486   0.3030   0.1650
  0.2476  -0.0358   0.1753   0.0440   0.3404   0.1464
  0.4228   1.0462   0.1093  -1.0475   0.5123   0.0680
 -0.3080  -0.1457  -0.3397  -0.8950   0.0717   0.6634
  0.1429   0.8185  -0.3691  -1.2473   0.4079   0.3408
 -0.0337   0.0177  -0.7275  -0.6031   0.2646   0.5444
 -0.2097   1.1010  -1.0179  -1.8195   0.1683   0.2016
 -0.2531   0.5938  -0.8387  -1.5468   0.1180   0.2646
 -0.2240   0.9684  -0.8435  -1.7366   0.1002   0.1635
 -0.4007   0.3389  -0.7211  -1.2184   0.0322   0.2296
 -0.3019   0.1394  -0.6571  -0.9429   0.0814   0.3001
 -0.2587   0.2239  -0.6955  -1.0939   0.0817   0.2965
 -0.2512   0.0514  -0.6601  -0.6593   0.0526   0.1525
 -0.2739  -0.2363  -0.5622  -0.1869  -0.0425   0.0902
 -0.2392  -0.2401  -0.5356  -0.0042  -0.0389   0.0457
 -0.2204  -0.2216  -0.4878   0.0158   0.0440   0.0219
 -0.1819  -0.2578  -0.4178   0.0908   0.1372   0.0427
 -0.1775  -0.2200  -0.2884  -0.0397   0.2220   0.0756
 -0.1569  -0.2790  -0.3270   0.1095   0.2015   0.0712
 -0.1246  -0.3387  -0.3396   0.1784   0.2264   0.0920
 -0.1265  -0.3147  -0.3391   0.1646   0.2347   0.0837
 -0.1168  -0.3210  -0.3383   0.1778   0.2345   0.0664
 -0.1192  -0.3772  -0.3793   0.2323   0.1921   0.0812
 -0.1329  -0.3737  -0.3577   0.2200   0.2042   0.0765
 -0.1020  -0.3787  -0.3670   0.2392   0.2189   0.0851
 -0.0880  -0.2494  -0.2931  -0.0429   0.2759   0.0819
 -0.0258   0.6487   0.0060  -0.4796   0.4953  -0.2362
  0.0334   0.5832  -0.0007  -0.0753   0.5218  -0.3553
  0.0607   0.5054   0.0259  -0.1178   0.5435  -0.2692
  0.0422   0.4532  -0.0084  -0.0538   0.4960  -0.2423
  0.0445   0.4352  -0.0016  -0.0665   0.4990  -0.2515
  0.0415   0.5111   0.0354  -0.1374   0.5338  -0.2722
  0.0432   0.4978   0.0415  -0.1238   0.5472  -0.2777
  0.0340   0.5041   0.0546  -0.1312   0.5434  -0.2709
  0.0380   0.5645   0.0829  -0.3071   0.5691  -0.2697
  0.0486   0.6939   0.1211  -0.4912   0.5810  -0.2595
  0.0538   0.6581   0.3016  -0.4858   0.6685  -0.3451
  0.0027   1.0086   0.3967  -0.6936   0.7882  -0.3678
  0.0385   0.7836   0.3317  -0.6378   0.5566  -0.3303
  0.0861   1.0826   0.3653  -1.4068   0.6071  -0.2818
  0.0805   0.7963   0.2620  -1.1328   0.5456  -0.2486
  0.0822   0.6129   0.2282  -0.9740   0.5400  -0.2020
  0.0851   0.6618   0.2378  -0.9174   0.5453  -0.1960
  0.0632   0.5409   0.2383  -0.7884   0.5369  -0.1866
  0.0540   0.4474   0.2009  -0.6011   0.5028  -0.1642
  0.0303   0.3825   0.2202  -0.4640   0.5071  -0.1784
  0.0383   0.4710   0.2681  -0.4530   0.5689  -0.1868
  0.0635   0.4910   0.2740  -0.4749   0.5941  -0.1969
  0.0525   0.4553   0.2702  -0.3920   0.5765  -0.2075
  0.0546   0.4188   0.2538  -0.3132   0.5638  -0.2108
  0.0265   0.3585   0.2458  -0.2585   0.5313  -0.1905
  0.0241   0.3535   0.2601  -0.1090   0.5511  -0.2151
  0.0098   0.2385   0.2285   0.1208   0.5362  -0.2199
  0.0024   0.1130   0.1726   0.1522   0.4834  -0.1431
  0.0290   0.1773   0.1923   0.0029   0.5105  -0.1596
  0.0646   0.3340   0.1894  -0.0714   0.5050  -0.1759
  0.0007   0.2292   0.2182  -0.0257   0.4690  -0.2700
  0.0097   0.2691   0.2656  -0.1098   0.4875  -0.1768
  0.0013   0.2466   0.2935  -0.1510   0.5317  -0.1830
  0.0159   0.1836   0.2853  -0.0651   0.5362  -0.1761
  0.0051   0.1415   0.2683   0.0054   0.5150  -0.1943
  0.0213   0.1710   0.2871  -0.0663   0.5228  -0.1698
  0.0331   0.1576   0.2775  -0.0548   0.5308  -0.1785
  0.0181   0.1683   0.2813  -0.0492   0.5065  -0.1951
  0.0127   0.1466   0.2500  -0.0062   0.4752  -0.2076
 -0.0148   0.1328   0.2296  -0.0255   0.4286  -0.1994
 -0.0076   0.1390   0.2340   0.0154   0.4247  -0.1870
  0.0057   0.1193   0.2361   0.0362   0.4434  -0.1889
  0.0083   0.1184   0.2401   0.0688   0.4386  -0.1915
 -0.0704   0.1220   0.2658   0.2891   0.3770  -0.1974
  0.0790   0.3782   0.3355   0.0160   0.5315  -0.2011
  0.1649   0.3855   0.2335  -0.0672   0.5239  -0.2855
  0.0977   0.3754   0.3499  -0.6039   0.4877  -0.2080
  0.0530   0.2617   0.3663  -0.5772   0.4402  -0.1280
  0.1141   0.1341   0.3253  -0.4106   0.4582  -0.1213
  0.0508  -0.1430   0.2364  -0.2552   0.3503  -0.0632
  0.1292   0.4637   0.3174  -1.2997   0.4199   0.0342
  0.0726   0.0501   0.3613  -0.8141   0.4242  -0.0302
  0.0806   0.0192   0.3563  -0.6408   0.4225  -0.0224
  0.0873   0.0862   0.3600  -0.5704   0.4291  -0.0571
  0.1318   0.4114   0.3719  -0.7429   0.5122  -0.1474
  0.1136   0.2936   0.3652  -0.6228   0.4974  -0.1173
  0.1145   0.2444   0.3921  -0.5391   0.5176  -0.0950
  0.0717   0.0498   0.4595  -0.4127   0.4436   0.0159
 -0.0375  -0.4167   0.2376  -0.0861   0.2510   0.3299
 -0.9400  -2.3359  -0.0413  -0.3787  -0.6383   1.2930
 -0.6313  -1.7756   0.1427  -1.0434  -0.3009   0.5785
 -0.2785   0.5001   0.2726  -0.8743   0.2916  -0.1885
 -0.0563   0.6387   0.4097  -0.9549   0.5669  -0.0799
 -0.0183   0.4820   0.4068  -0.6796   0.6177  -0.0961
 -0.0154   0.4367   0.4202  -0.5943   0.6566  -0.0978
  0.0193   0.4097   0.4146  -0.5799   0.6718  -0.0623
  0.0109   0.3073   0.4023  -0.5118   0.6638  -0.0642
  0.0189   0.3029   0.3883  -0.5311   0.6449  -0.0490
  0.0095   0.2528   0.3784  -0.5019   0.6307  -0.0271
  0.0228   0.2003   0.3916  -0.4944   0.6487  -0.0323
  0.0380   0.1653   0.3821  -0.4911   0.6438  -0.0178
  0.0220   0.1926   0.3831  -0.5023   0.6377  -0.0334
  0.0276   0.2215   0.3853  -0.5102   0.6315  -0.0291
  0.0332   0.2016   0.3856  -0.4772   0.6406  -0.0503
  0.0333   0.1889   0.3877  -0.4543   0.6203  -0.0123
