  0.1826   0.3195   0.0500  -0.0761   0.1747   0.0565
  0.2449   0.3252   0.0839  -0.1533   0.2265   0.0830
  0.2361   0.2966   0.0704  -0.0826   0.2286   0.0923
  0.2407   0.3266   0.0467  -0.1469   0.2132   0.0762
  0.2309   0.2862   0.0742  -0.0295   0.2349   0.2201
  0.2090   0.3013   0.0262  -0.1589   0.1871   0.0393
  0.1999   0.1988   0.0112  -0.1748   0.1513   0.0015
  0.1800   0.1634   0.0136  -0.1255   0.1427  -0.0086
  0.1973   0.1667   0.0041  -0.1507   0.1347   0.0939
  0.1891   0.2219  -0.0073  -0.1554   0.1238   0.0323
  0.1785   0.1976  -0.0034  -0.0932   0.1271   0.2659
  0.1730   0.2098   0.0120  -0.1772   0.1240   0.0508
  0.1629   0.1891   0.0122  -0.0490   0.1261   0.0962
  0.1577   0.2392  -0.0120  -0.2399   0.1058  -0.0478
  0.1807   0.1038  -0.0173  -0.1978   0.1051   0.1581
  0.1600   0.1387   0.0113  -0.1224   0.1217  -0.1035
  0.1569   0.2178   0.0109  -0.1824   0.1091  -0.0069
  0.1437   0.1772   0.0143  -0.0643   0.1207   0.2223
  0.1444   0.1738   0.0109  -0.0823   0.1333   0.1819
  0.1356   0.2023   0.0143  -0.1829   0.1091   0.0481
  0.1517   0.1623   0.0335   0.0464   0.1159  -0.0496
  0.1522   0.1513   0.0114  -0.1376   0.1050   0.0620
  0.1289   0.0805   0.0460  -0.0537   0.1239  -0.0872
  0.1164   0.1113   0.0247  -0.1122   0.0978  -0.0291
  0.1072   0.0885   0.0301  -0.0973   0.0920   0.0846
  0.1048   0.0925   0.0164  -0.0871   0.0844   0.1363
  0.0982   0.1239   0.0046  -0.1325   0.0755  -0.0062
  0.0977   0.0956   0.0232   0.0078   0.0977  -0.1105
  0.0989   0.1196   0.0063  -0.0988   0.0713  -0.0219
  0.0824   0.0704   0.0280   0.0259   0.0828   0.2896
  0.0915   0.1562   0.0015  -0.1245   0.0595  -0.0994
  0.0827   0.1093   0.0130  -0.0466   0.0628  -0.1442
  0.0834   0.1046   0.0094  -0.0402   0.0625   0.0325
  0.0845   0.1004  -0.0087  -0.1051   0.0558   0.2492
  0.0756   0.0870   0.0133   0.0310   0.0640   0.0583
  0.0702   0.1147  -0.0078  -0.0520   0.0527  -0.0385
  0.0685   0.0896   0.0096   0.0092   0.0456   0.0536
  0.0648   0.1110   0.0064  -0.0220   0.0488   0.0535
  0.0490   0.1041  -0.0103  -0.0553   0.0503  -0.0095
  0.0562   0.0785  -0.0077   0.0291   0.0495   0.0521
  0.0544   0.1247  -0.0322  -0.0955   0.0457   0.0526
  0.0537   0.1650   0.0061  -0.0375   0.0988  -0.0721
  0.0547   0.1391  -0.0054  -0.0566   0.0822   0.4195
  0.0466   0.1449  -0.0217  -0.0952   0.0600   0.0916
  0.0459   0.1330   0.0023   0.0318   0.0674   0.2142
  0.0392   0.1370  -0.0070  -0.0798   0.0540   0.0667
  0.0202   0.1141   0.0290   0.0500   0.0774   0.2003
  0.0136   0.1666   0.0017  -0.0513   0.0462   0.0113
  0.0085   0.1306   0.0092   0.0018   0.0575   0.1567
  0.0116   0.1455  -0.0064   0.0145   0.0681   0.0975
  0.0143   0.1477   0.0042  -0.0156   0.0573   0.0678
  0.0214   0.1262   0.0062   0.0390   0.0714  -0.0321
  0.0313   0.1669   0.0047  -0.0477   0.0548   0.3035
  0.0241   0.1266   0.0334   0.1372   0.0982   0.0980
  0.0261   0.1618   0.0232  -0.0549   0.0745   0.0785
  0.0239   0.1014   0.0243   0.0787   0.0931   0.0461
  0.0328   0.1599   0.0170  -0.0252   0.0813   0.2222
  0.0173   0.1477   0.0235  -0.0082   0.0846  -0.0716
  0.0251   0.1508   0.0075   0.0264   0.0781  -0.1116
  0.0189   0.1546  -0.0083  -0.0495   0.0504   0.2359
  0.0231   0.0564  -0.0292  -0.1178   0.0414  -0.1673
  0.0196   0.0119  -0.0386  -0.0123   0.0449   0.2142
  0.0209   0.1023  -0.0245  -0.0354   0.0430  -0.2298
  0.0307   0.0106  -0.0350  -0.0029   0.0548   0.1332
  0.0349   0.0417  -0.0322  -0.0768   0.0453   0.0949
  0.0172   0.0460  -0.0371   0.0380   0.0422   0.1075
  0.0207   0.0745  -0.0378  -0.0731   0.0263   0.1450
 -0.0149   0.0541  -0.0268   0.0068   0.0076  -0.0384
 -0.0054   0.0593  -0.0345  -0.0218   0.0051  -0.0744
 -0.0135   0.0873  -0.0481  -0.0346  -0.0072   0.1462
 -0.0067   0.0565  -0.0462   0.0243   0.0112  -0.1230
 -0.0066   0.1192  -0.0509  -0.1161   0.0039  -0.0423
 -0.0079   0.0926  -0.0516  -0.0137   0.0341  -0.0444
  0.0070   0.1031  -0.0434  -0.1390   0.0158   0.0211
 -0.0101   0.0508  -0.0320  -0.0269   0.0298   0.0226
 -0.0236   0.0753  -0.0398  -0.0875   0.0034  -0.1096
 -0.0342   0.0702  -0.0303  -0.0234   0.0028  -0.0034
 -0.0302   0.0724  -0.0345  -0.0296   0.0082   0.2172
 -0.0306   0.0746  -0.0420  -0.1023  -0.0054   0.3009
 -0.0309   0.0391  -0.0442   0.0251   0.0010   0.0575
 -0.0353   0.0845  -0.0559  -0.1099  -0.0196   0.1327
 -0.0466   0.0918  -0.0617  -0.0866  -0.0254  -0.0037
 -0.0474   0.0635  -0.0591   0.0111  -0.0305  -0.0138
 -0.0257   0.0513  -0.0665  -0.0973  -0.0399   0.0220
 -0.0215   0.0190  -0.0173   0.0460   0.0053  -0.0645
 -0.0018   0.0897  -0.0158  -0.0910   0.0046   0.1579
 -0.0277   0.0644  -0.0191   0.0184  -0.0010   0.1372
 -0.0317   0.0835  -0.0281  -0.0583  -0.0274   0.2620
 -0.0498   0.0465  -0.0224   0.0799  -0.0160  -0.1787
 -0.0347   0.0553  -0.0512  -0.0585  -0.0153  -0.1462
 -0.0332   0.0408  -0.0317  -0.0141  -0.0181   0.0773
 -0.0350   0.0708  -0.0392  -0.0129  -0.0204   0.0607
 -0.0169   0.0532  -0.0297  -0.0557  -0.0230  -0.0127
 -0.0359   0.0784  -0.0204   0.0631  -0.0093  -0.1994
 -0.0286   0.0869  -0.0157  -0.0636  -0.0116   0.3230
 -0.0453   0.0630   0.0081   0.1087   0.0126  -0.1785
 -0.0311   0.1065  -0.0225  -0.0560  -0.0054   0.0297
 -0.0421   0.0888   0.0033   0.1176   0.0115  -0.0882
  0.0012   0.1163  -0.0091  -0.0748   0.0134   0.1331
 -0.0222   0.0537   0.0023   0.1392   0.0164   0.0811
 -0.0297   0.1049  -0.0177  -0.0615  -0.0134   0.1808
 -0.0371   0.0785  -0.0026   0.0214  -0.0087   0.1348
 -0.0135   0.0681  -0.0098  -0.1001   0.0006  -0.0866
 -0.0242   0.0571  -0.0070  -0.0056  -0.0056  -0.0062
 -0.0238   0.0877  -0.0147   0.0291   0.0034  -0.2466
 -0.0104   0.0875   0.0216  -0.0299  -0.0330   0.0860
 -0.0078   0.0658  -0.0243   0.0666  -0.0373   0.2729
  0.0152   0.0986  -0.0111  -0.0217  -0.0390   0.0922
 -0.0143   0.0420   0.0050   0.0714  -0.0279  -0.1472
 -0.0158   0.0498  -0.0055  -0.0023  -0.0476  -0.0930
 -0.0214   0.0271   0.0115   0.1205  -0.0338   0.1198
  0.0060   0.0566   0.0204   0.0224  -0.0263   0.1741
 -0.0176   0.0042   0.0267   0.1510  -0.0389   0.1302
 -0.0091   0.0192  -0.0047   0.0563  -0.0459   0.0517
 -0.0039   0.0042   0.0089   0.0735  -0.0457  -0.2130
 -0.0058  -0.0545   0.0082   0.1350  -0.0305  -0.0383
 -0.0054  -0.0538   0.0166   0.0567  -0.0535   0.1182
 -0.0008  -0.0894   0.0197   0.1617  -0.0253   0.1393
  0.0179  -0.1001   0.0080  -0.0458  -0.0630  -0.0705
  0.0010  -0.1021   0.0057   0.0558  -0.0557   0.0896
 -0.0152  -0.0527  -0.0290  -0.0525  -0.0990  -0.0084
 -0.0153  -0.0652  -0.0063   0.0602  -0.0709  -0.0994
 -0.0225  -0.0676  -0.0179   0.0518  -0.0681   0.0644
 -0.0218  -0.0714  -0.0007   0.0698  -0.0872   0.0808
 -0.0216  -0.0917  -0.0014   0.0556  -0.0681   0.0392
 -0.0403  -0.0548  -0.0028   0.0165  -0.0935   0.1316
 -0.0288  -0.1110  -0.0019   0.1386  -0.0344   0.1877
 -0.0028  -0.0941   0.0193  -0.0369  -0.0484  -0.0238
 -0.0124  -0.0867   0.0003   0.0932  -0.0169  -0.0728
 -0.0118  -0.0739  -0.0020  -0.0475  -0.0452  -0.2756
 -0.0318  -0.0893   0.0131   0.0651  -0.0563  -0.0456
 -0.0187  -0.0668   0.0023  -0.0103  -0.0673   0.2069
 -0.0216  -0.0809  -0.0001   0.0354  -0.0686   0.0577
 -0.0287  -0.1104   0.0076   0.0962  -0.0399  -0.1511
 -0.0436  -0.0659  -0.0008  -0.0161  -0.0690  -0.0601
 -0.0384  -0.0999  -0.0116   0.0442  -0.0493  -0.1739
 -0.0332  -0.0711  -0.0308   0.0502  -0.0542  -0.1174
 -0.0363  -0.0836  -0.0074   0.0470  -0.0593  -0.1139
 -0.0300  -0.0834  -0.0152   0.0380  -0.0560  -0.1248
 -0.0352  -0.0629  -0.0080  -0.0150  -0.0674  -0.1292
 -0.0479  -0.0962  -0.0067   0.1483  -0.0647  -0.0361
 -0.0455  -0.0659  -0.0233   0.0146  -0.0866   0.0683
 -0.0530  -0.1012  -0.0154   0.1026  -0.0658  -0.0961
 -0.0436  -0.0979  -0.0248  -0.0006  -0.0880   0.1319
 -0.0500  -0.1163  -0.0211   0.0504  -0.0878  -0.0503
 -0.0286  -0.1874  -0.0245   0.0718  -0.0831  -0.2193
 -0.0221  -0.1872  -0.0066  -0.0403  -0.0983  -0.0612
 -0.0334  -0.2345  -0.0243   0.0806  -0.0809   0.1690
 -0.0357  -0.1893  -0.0312  -0.0625  -0.1105   0.1541
 -0.0470  -0.2455  -0.0475   0.1147  -0.0674  -0.2815
 -0.0334  -0.2128  -0.0266  -0.0401  -0.0850  -0.0149
 -0.0436  -0.2437  -0.0144   0.0416  -0.0742   0.0897
 -0.0397  -0.2022  -0.0308  -0.0464  -0.0919   0.0549
 -0.0471  -0.2307  -0.0083   0.0874  -0.0758   0.0199
 -0.0418  -0.2190  -0.0153   0.0273  -0.0804   0.1932
 -0.0496  -0.2035  -0.0153  -0.0166  -0.0911  -0.1932
 -0.0402  -0.2328  -0.0292   0.1012  -0.0649  -0.0642
 -0.0610  -0.1862  -0.0321  -0.0254  -0.1097   0.0949
 -0.0654  -0.2782  -0.0141   0.0874  -0.0946   0.0463
 -0.0489  -0.2341  -0.0402  -0.0067  -0.1170  -0.1742
 -0.0505  -0.2517  -0.0014   0.0889  -0.0943   0.0272
 -0.0481  -0.2175  -0.0252  -0.0075  -0.1071  -0.0520
 -0.0321  -0.1891  -0.0255   0.0079  -0.1044  -0.2567
 -0.0247  -0.2601  -0.0336   0.0908  -0.0987  -0.1997
 -0.0261  -0.2178  -0.0203  -0.0023  -0.1040  -0.0876
 -0.0492  -0.2539   0.0180   0.0576  -0.1129  -0.1215
 -0.0549  -0.2147   0.0392  -0.0507  -0.0959  -0.1936
 -0.0454  -0.2618   0.0191   0.0402  -0.0861  -0.0086
 -0.0280  -0.1864   0.0254  -0.0266  -0.0991   0.1127
 -0.0645  -0.1789   0.0087   0.0954  -0.0737  -0.1330
 -0.0723  -0.1807   0.0504   0.0745  -0.0644  -0.2440
 -0.0836  -0.2007   0.0292   0.1336  -0.0726  -0.0542
 -0.0682  -0.1638   0.0547   0.0147  -0.0569  -0.1726
 -0.0843  -0.1876   0.0508   0.1550  -0.0460  -0.0195
 -0.0645  -0.1847   0.0427  -0.0066  -0.0670  -0.0479
 -0.0885  -0.1725   0.0497   0.0633  -0.0610   0.0671
 -0.1067  -0.1844   0.0483   0.0604  -0.0382   0.0177
 -0.0854  -0.1431   0.0517   0.0096  -0.0665   0.1698
 -0.1099  -0.1556   0.0541   0.1156  -0.0299  -0.1308
 -0.1094  -0.1259   0.0602   0.0301  -0.0549  -0.1705
 -0.1183  -0.1587   0.0607   0.1671  -0.0679  -0.1943
 -0.1172  -0.1264   0.0474   0.0528  -0.0638  -0.1697
 -0.1308  -0.1423   0.0488   0.0826  -0.0571  -0.0940
 -0.1273  -0.1444   0.0377   0.1100  -0.0404  -0.1001
 -0.1269  -0.1191   0.0425   0.0249  -0.0563  -0.1396
 -0.1272  -0.1546   0.0511   0.1372  -0.0286  -0.0603
 -0.1217  -0.1301   0.0292   0.0581  -0.0484  -0.1647
 -0.1174  -0.1227   0.0176   0.0550  -0.0704  -0.1393
 -0.1144  -0.1478   0.0157   0.1605  -0.0524  -0.3285
 -0.1309  -0.1080  -0.0012   0.0610  -0.0666  -0.2331
 -0.1202  -0.1384   0.0346   0.1092  -0.0257  -0.3571
 -0.1287  -0.1590   0.0342   0.1441  -0.0054  -0.2069
 -0.1319  -0.1339   0.0258   0.0641  -0.0343  -0.3379
 -0.1334  -0.2303   0.0468   0.1970  -0.0225  -0.1564
 -0.1142  -0.2398   0.0285   0.0745  -0.0245  -0.2878
 -0.1190  -0.2591   0.0179   0.1286  -0.0609  -0.1843
 -0.1484  -0.2374   0.0022   0.2067  -0.0499  -0.1417
 -0.1378  -0.1867   0.0320   0.0647  -0.0672  -0.0994
 -0.1273  -0.2173   0.0220   0.0003  -0.0753  -0.0702
 -0.1416  -0.1916   0.0207  -0.0405  -0.0836  -0.2833
