  0.0392   0.2589  -0.1073  -0.7590  -0.1713   0.2343
  0.0409   0.2333  -0.0462  -0.7617  -0.1801   0.2778
  0.0141   0.2598  -0.0462  -0.7432  -0.1876   0.2268
  0.0232   0.2723  -0.0199  -0.7801  -0.1835   0.2281
  0.0139   0.3126  -0.0230  -0.7889  -0.1756   0.2340
  0.0094   0.2926  -0.0356  -0.7571  -0.1632   0.2238
 -0.0028   0.2817  -0.0260  -0.7343  -0.1568   0.2152
 -0.0058   0.2613  -0.0281  -0.7395  -0.1583   0.2192
 -0.0044   0.2619  -0.0355  -0.7539  -0.1612   0.2102
 -0.0068   0.2804  -0.0361  -0.7762  -0.1614   0.2087
 -0.0153   0.3185  -0.0508  -0.8024  -0.1562   0.2098
 -0.0134   0.3209  -0.0514  -0.7997  -0.1542   0.2150
 -0.0363   0.2546  -0.0649  -0.6084  -0.1390   0.1437
 -0.0483   0.2420  -0.0602  -0.5340  -0.1393   0.1295
 -0.0498   0.2473  -0.0661  -0.5454  -0.1451   0.1500
 -0.0495   0.2745  -0.0688  -0.5699  -0.1370   0.1622
 -0.0405   0.2811  -0.0686  -0.5499  -0.1243   0.1375
 -0.0455   0.2808  -0.0655  -0.4932  -0.1265   0.1317
 -0.0487   0.3120  -0.0711  -0.5263  -0.1275   0.1360
 -0.0544   0.3347  -0.0817  -0.5472  -0.1280   0.1338
 -0.0564   0.2597  -0.0625  -0.4358  -0.1074   0.0326
  0.4626   0.2005   0.0453  -0.0447   0.1879  -0.0726
  0.2474   0.3395   0.0115  -0.3957   0.0333   0.0798
  0.1669   0.3346   0.0079  -0.3932  -0.0098   0.0923
  0.1425   0.3559  -0.0301  -0.3382  -0.0113   0.0510
  0.1309   0.3534  -0.0224  -0.3116  -0.0019   0.0731
  0.0940   0.3771  -0.0250  -0.3515  -0.0089   0.0742
  0.1085   0.3767   0.0055  -0.3405  -0.0033   0.0798
  0.1006   0.3627  -0.0062  -0.3439   0.0064   0.0472
  0.0864   0.3750  -0.0215  -0.4088   0.0012   0.0900
  0.0904   0.3760  -0.0263  -0.4166   0.0009   0.0694
  0.0884   0.3881  -0.0272  -0.4124   0.0054   0.0747
  0.1042   0.3666  -0.0075  -0.4131   0.0034   0.0102
  0.0829   0.3852   0.0079  -0.4251  -0.0130   0.0830
  0.0838   0.3854  -0.0099  -0.4186  -0.0134   0.0731
  0.0953   0.3501   0.0180  -0.3855   0.0066   0.0441
  0.0887   0.3188   0.0117  -0.3665  -0.0046   0.0439
  0.0847   0.3164   0.0195  -0.3741  -0.0008   0.0489
  0.0874   0.3280   0.0252  -0.3847   0.0038   0.0559
  0.0754   0.3315   0.0141  -0.3960   0.0032   0.0615
  0.0761   0.4073   0.0532  -0.5793   0.0194   0.0967
  0.1374   0.3864   0.0706  -0.4811   0.0377   0.0616
  0.1150   0.4128   0.0484  -0.4607   0.0431   0.0985
  0.1357   0.3388   0.0432  -0.3574   0.0456   0.0589
  0.5913   0.0706   0.0764   0.2726   0.2914  -0.2516
  0.2461   0.1748   0.1558  -0.0805   0.0537   0.0877
 -0.1381  -1.3273   0.0755   0.7945  -0.0679   0.4504
  0.2614  -0.2480   0.1029   0.2934   0.1226  -0.1509
 -0.0042   0.1163   0.0731   0.0878   0.0267  -0.0618
  0.1061   0.0616   0.1264   0.0762   0.0735  -0.0459
  0.1108   0.0513   0.1299   0.0863   0.0853  -0.0580
  0.1164   0.0552   0.1321   0.0703   0.0778  -0.0792
  0.1027   0.0412   0.1199   0.0467   0.0730  -0.0706
  0.1110   0.0436   0.1212   0.0764   0.0795  -0.0448
  0.1102   0.0261   0.1176   0.1179   0.0880  -0.0822
  0.1145   0.0157   0.1276   0.1284   0.0822  -0.0596
  0.1166   0.0279   0.1197   0.1191   0.0899  -0.0580
  0.1155   0.0469   0.1110   0.1351   0.0988  -0.0690
  0.1186   0.0528   0.1115   0.1339   0.1093  -0.0828
  0.1167   0.0627   0.1058   0.1229   0.1033  -0.0736
  0.1211   0.0564   0.1099   0.1845   0.1073  -0.0817
  0.1104   0.0346   0.1032   0.2171   0.1102  -0.1110
  0.0950   0.0189   0.0824   0.1932   0.0947  -0.0994
  0.1113   0.0163   0.0858   0.2023   0.0872  -0.0998
  0.0777   0.0078   0.0431   0.2306   0.0786  -0.1072
  0.0752   0.0215   0.0268   0.2268   0.0661  -0.1192
  0.0633   0.0534   0.0187   0.2188   0.0660  -0.1146
  0.0398   0.0608   0.0261   0.2369   0.0712  -0.1166
  0.0379   0.0739   0.0229   0.1983   0.0691  -0.1090
  0.0355   0.0746   0.0267   0.1983   0.0701  -0.1146
  0.0325   0.0715   0.0259   0.1659   0.0647  -0.1089
  0.0261   0.0842   0.0241   0.1207   0.0588  -0.0938
  0.0111   0.1386   0.0068   0.0535   0.0484  -0.0601
  0.0091   0.1577   0.0093   0.0613   0.0422  -0.0841
 -0.0004   0.1178   0.0096   0.1245   0.0506  -0.1248
  0.0074   0.1176   0.0220   0.1243   0.0590  -0.0944
  0.0006   0.0205   0.0110   0.2123   0.0623  -0.0457
 -0.7969  -2.4810  -0.0755   1.3881  -0.2783   0.5809
 -0.4766  -2.0831   0.0297   1.2165  -0.1332   0.1770
 -0.0840  -0.5569   0.0505   0.5417   0.0149  -0.1001
 -0.0622  -0.5623   0.0410   0.5651   0.0185  -0.0378
 -0.0583  -0.5323   0.0455   0.5437   0.0157  -0.0657
 -0.0650  -0.5345   0.0457   0.5685   0.0237  -0.0678
 -0.0729  -0.5049   0.0271   0.5384   0.0305  -0.0588
 -0.0667  -0.4727   0.0302   0.5202   0.0258  -0.0629
 -0.0747  -0.4761   0.0246   0.5454   0.0234  -0.0590
 -0.0836  -0.4489   0.0192   0.5116   0.0133  -0.0430
 -0.0794  -0.4630   0.0187   0.5296   0.0224  -0.0817
 -0.0797  -0.4563   0.0118   0.5175   0.0261  -0.0702
 -0.0825  -0.4339   0.0113   0.5134   0.0263  -0.0598
 -0.0691  -0.4116   0.0029   0.4792   0.0191  -0.0627
 -0.0782  -0.4239  -0.0072   0.5093   0.0302  -0.0634
 -0.0867  -0.4113  -0.0112   0.5153   0.0330  -0.0466
 -0.0966  -0.3799  -0.0216   0.4988   0.0305  -0.0608
 -0.1032  -0.3345  -0.0254   0.4428   0.0266  -0.0604
 -0.0959  -0.3176  -0.0116   0.4085   0.0278  -0.0721
 -0.1094  -0.3357  -0.0151   0.4475   0.0346  -0.0766
 -0.1027  -0.3320  -0.0252   0.4283   0.0304  -0.0751
 -0.1087  -0.3126  -0.0295   0.3962   0.0245  -0.0692
 -0.1045  -0.3250  -0.0274   0.4348   0.0152  -0.0912
 -0.1130  -0.2858  -0.0371   0.3923   0.0071  -0.0768
 -0.1178  -0.2866  -0.0318   0.3923   0.0131  -0.0771
 -0.1338  -0.2621  -0.0439   0.3534   0.0076  -0.0670
 -0.1434  -0.2257  -0.0514   0.2841   0.0074  -0.0342
 -0.1589  -0.1775  -0.0707   0.2594  -0.0099  -0.0289
 -0.1671  -0.1754  -0.0787   0.2556  -0.0110  -0.0602
 -0.1581  -0.1696  -0.0784   0.2521  -0.0115  -0.0541
 -0.1587  -0.1770  -0.0683   0.2576  -0.0070  -0.0562
 -0.1666  -0.1786  -0.0682   0.2662  -0.0056  -0.0688
 -0.1638  -0.1748  -0.0730   0.2568  -0.0066  -0.0724
 -0.1588  -0.1656  -0.0782   0.2108  -0.0023  -0.0619
 -0.1669  -0.1436  -0.1045   0.2263  -0.0022  -0.0602
 -0.1640  -0.1299  -0.1106   0.2259   0.0046  -0.0629
 -0.1655  -0.1232  -0.1300   0.2279  -0.0009  -0.0692
 -0.1693  -0.1136  -0.1244   0.2198  -0.0065  -0.0683
 -0.1649  -0.1182  -0.1208   0.2146  -0.0057  -0.0755
 -0.1694  -0.1079  -0.1235   0.1833  -0.0114  -0.0763
 -0.1654  -0.0893  -0.1234   0.1822  -0.0129  -0.0752
 -0.1618  -0.0767  -0.1289   0.1784  -0.0128  -0.0858
 -0.1629  -0.0748  -0.1315   0.1908  -0.0128  -0.0923
