 -0.3450   0.1172  -0.0510  -0.2932  -0.0904   0.2335
 -0.3615   0.0990  -0.0750  -0.3073  -0.0921   0.2346
 -0.3253   0.1464  -0.0918  -0.3379  -0.0886   0.2567
 -0.3157   0.1461  -0.1032  -0.3180  -0.0857   0.2348
 -0.3114   0.1500  -0.0939  -0.3067  -0.0859   0.2591
 -0.3049   0.1402  -0.0885  -0.3199  -0.0931   0.2082
 -0.2969   0.1709  -0.1111  -0.3569  -0.0825   0.2308
 -0.2812   0.1499  -0.1479  -0.3719  -0.0771   0.1777
 -0.2963   0.1474  -0.1328  -0.3572  -0.0799   0.2883
 -0.2943   0.1661  -0.1259  -0.3336  -0.0805   0.2635
 -0.2968   0.1609  -0.1293  -0.3203  -0.0848   0.2132
 -0.2953   0.1600  -0.1250  -0.3295  -0.0845   0.2186
 -0.2997   0.1706  -0.1308  -0.3384  -0.0876   0.2417
 -0.3101   0.1597  -0.1458  -0.3749  -0.0898   0.1765
 -0.3174   0.2513  -0.1341  -0.4562  -0.0990   0.3085
 -0.2738   0.2717  -0.1445  -0.4874  -0.0791   0.1977
 -0.2904   0.2917  -0.1406  -0.4365  -0.0814   0.2780
 -0.2872   0.2930  -0.1438  -0.4322  -0.0835   0.2226
 -0.2850   0.2849  -0.1406  -0.4285  -0.0862   0.2154
 -0.2831   0.2860  -0.1419  -0.4262  -0.0854   0.2237
 -0.2711   0.2862  -0.1576  -0.4939  -0.0811   0.2621
 -0.2852   0.2887  -0.1501  -0.5071  -0.0890   0.2750
 -0.2819   0.2872  -0.1479  -0.5077  -0.0870   0.2313
 -0.2742   0.2972  -0.1397  -0.4978  -0.0875   0.2274
 -0.2770   0.3109  -0.1435  -0.5274  -0.0904   0.2270
 -0.2999   0.3579  -0.1621  -0.5376  -0.1029   0.2541
 -0.2903   0.3142  -0.1638  -0.4694  -0.0994   0.2192
 -0.2541   0.1811  -0.1503  -0.4177  -0.1059   0.1443
 -0.4155   0.4408  -0.2611  -0.3277  -0.0877   0.2216
  1.0217  -4.8100   0.1759   2.2285   0.7091   0.8414
  0.6222  -3.1706  -0.2700   1.4067   0.3811  -0.1978
  0.1732  -0.9714  -0.3220   0.3708   0.0275  -0.0303
  0.0886  -0.7064  -0.3536   0.2555  -0.0071   0.2112
  0.0557  -0.5806  -0.2542   0.1970   0.0434   0.1593
 -0.1018   0.2349   0.1676  -0.2666   0.0454  -0.0025
  0.1234   0.0621   0.0137  -0.1934   0.0714   0.2175
  0.1458   0.4264  -0.0088  -0.3064   0.0376   0.0548
 -0.0240   1.1285   0.1345  -0.4911   0.0443   0.0143
  0.0666   0.4375  -0.0165  -0.3344   0.0193   0.0936
  0.1578   0.1538  -0.0348  -0.2048   0.0150   0.0827
  0.4792  -0.2593   0.0725   0.0559   0.1051   0.0628
  0.1984   0.4165   0.0608  -0.2673   0.1247  -0.0263
  0.0710   0.5975   0.0638  -0.1453  -0.0449  -0.1390
  0.5032  -0.9910  -0.1119   0.8443   0.3534   0.2190
  1.6016  -3.0944   0.0179   1.8872   0.9505   0.0620
  0.5456  -0.6549  -0.2201   0.4071   0.2345  -0.0734
  0.4683  -0.9410  -0.1973   0.5990   0.1403   0.0285
  0.5170  -1.9236  -0.2604   0.9818   0.0629   0.1627
  0.2924  -0.7860  -0.2022   0.5839   0.0177  -0.1042
  0.0980  -0.2980  -0.2381   0.3268   0.0332  -0.0235
  0.0182  -0.6510  -0.2607   0.3722  -0.0419  -0.1858
 -0.0490   0.5395  -0.2691  -0.2223  -0.0431  -0.0523
 -0.0633   0.1263  -0.3008   0.0271  -0.0638   0.0693
 -0.0519   0.0411  -0.3067   0.0694  -0.0546  -0.0815
  0.0128  -0.0086  -0.2467   0.1115  -0.0314  -0.0178
  0.0227   0.0392  -0.2244   0.0719  -0.0327  -0.0540
 -0.0757   0.0842  -0.2222   0.0812  -0.0622  -0.0429
 -0.0896   0.0731  -0.2333   0.0769  -0.0616  -0.0692
 -0.0591   0.0800  -0.2675   0.0676  -0.0584  -0.0561
 -0.0472   0.0855  -0.2592   0.0195  -0.0527  -0.0227
 -0.0636   0.1180  -0.2507  -0.0072  -0.0575   0.0052
 -0.0690   0.0966  -0.2617  -0.0080  -0.0605  -0.0119
 -0.0767   0.0686  -0.2560   0.0035  -0.0588  -0.0485
 -0.0740   0.0579  -0.2564   0.0186  -0.0620  -0.0381
 -0.0772   0.0472  -0.2654   0.0598  -0.0656   0.0112
 -0.0677   0.0118  -0.2558   0.0621  -0.0567  -0.0935
 -0.0668   0.0262  -0.2538   0.0774  -0.0551  -0.0100
 -0.0667   0.0361  -0.2678   0.0676  -0.0578  -0.0308
 -0.0709   0.0305  -0.2633   0.0374  -0.0637  -0.0374
 -0.0715   0.0382  -0.2493   0.0252  -0.0651  -0.0291
 -0.0715   0.0355  -0.2333   0.0220  -0.0681  -0.0368
 -0.0795   0.0317  -0.2231   0.0177  -0.0700  -0.0369
 -0.0845   0.0277  -0.2003   0.0169  -0.0701  -0.0329
 -0.0844   0.0295  -0.2099   0.0199  -0.0749  -0.0451
 -0.0916   0.0282  -0.2214   0.0196  -0.0775  -0.0523
 -0.0865   0.0291  -0.1946   0.0161  -0.0752  -0.0405
 -0.0733   0.0145  -0.2044   0.0040  -0.0745  -0.0538
 -0.0772   0.0248  -0.2131   0.0012  -0.0725  -0.0357
 -0.0764   0.0237  -0.1956   0.0109  -0.0791  -0.0309
 -0.0690   0.0167  -0.2017   0.0414  -0.0667  -0.0853
 -0.0788  -0.0067  -0.2168   0.0697  -0.0726  -0.0745
 -0.0736   0.0039  -0.2047   0.0720  -0.0695  -0.0509
 -0.0800  -0.0010  -0.2100   0.0834  -0.0759  -0.0772
 -0.1109   0.1476  -0.1776   0.0354  -0.0909  -0.0630
 -0.1190   0.0916  -0.2185   0.0278  -0.1011  -0.0877
 -0.0719   0.0596  -0.2024   0.0012  -0.0816  -0.0158
 -0.1140   0.0406  -0.2041   0.0559  -0.0893  -0.0879
 -0.1183   0.0289  -0.2021   0.0544  -0.0872  -0.0802
 -0.0577   0.0457  -0.1713   0.0935  -0.0925  -0.0858
  0.0462  -0.0809  -0.0596   0.1263  -0.0744  -0.0625
 -0.0336  -0.0645  -0.0558   0.0713  -0.0056  -0.0873
  0.2602  -0.0778   0.1139   0.2231   0.0895  -0.2227
  0.2017   0.0407   0.1188   0.1010   0.0455  -0.2176
  0.1389   0.0466   0.0874   0.1156   0.0117  -0.1494
  0.0983  -0.0121   0.0155   0.1414   0.0016  -0.1365
  0.1041   0.0033   0.0013   0.1246  -0.0027  -0.1233
  0.0954  -0.0220  -0.0168   0.1178  -0.0085  -0.1305
  0.0957  -0.0326  -0.0219   0.1087  -0.0073  -0.1499
  0.1065  -0.0399  -0.0309   0.1146  -0.0305  -0.1505
  0.0908  -0.0714  -0.0265   0.1147  -0.0166  -0.1284
  0.0728   0.0201  -0.0700   0.0489  -0.0190  -0.1116
  0.0599  -0.0125  -0.0735   0.0687  -0.0264  -0.1524
  0.1285  -0.0175  -0.0240   0.0750   0.0100  -0.1335
  0.2946   0.0579   0.7373   0.0333   0.3094  -0.1410
 -0.0746   0.1195   1.9512   0.2531   0.4574  -0.0835
  0.2091   0.1256   1.6062   0.5263   0.3525  -0.3203
  0.4454   0.1995   2.1534  -0.0944   0.3774   0.0809
  0.5086   0.1282   1.8842  -0.0467   0.5346   0.0823
  0.6359   0.0096   1.6647   0.1945   0.5192  -0.2498
  0.4477  -0.2376   0.9651   0.4063   0.1969  -0.1938
  0.4165  -0.1312   0.9565   0.4438   0.1401  -0.3988
  0.3573  -0.1456   0.8364   0.4439   0.1083  -0.3155
  0.4037  -0.0933   0.7308   0.4304   0.0774  -0.3363
  0.3230  -0.0046   0.6375   0.3521   0.0737  -0.2336
  0.3499  -0.0358   0.6193   0.3674   0.1049  -0.2739
  0.3331  -0.0501   0.5978   0.3585   0.0939  -0.2347
  0.3391   0.0013   0.6092   0.3350   0.0969  -0.2986
  0.4879  -0.0700   0.6947   0.0167   0.1238  -0.0504
  0.4306  -0.0613   0.6951   0.0513   0.1058  -0.0482
  0.5300  -0.0336   0.7342   0.0601   0.1436  -0.1549
