 -0.0497  -0.1290  -0.0334   0.1140   0.0208   0.1335
 -0.0523  -0.1267  -0.0401   0.1082   0.0170   0.1233
 -0.0521  -0.1369  -0.0444   0.1083   0.0180   0.1151
 -0.0553  -0.1475  -0.0309   0.1173   0.0132   0.1115
 -0.0439  -0.1508  -0.0202   0.1082   0.0195   0.1150
 -0.0341  -0.1449  -0.0236   0.1266   0.0281   0.1153
 -0.0308  -0.1550  -0.0096   0.1213   0.0241   0.1254
 -0.0526  -0.1610  -0.0119   0.1133   0.0011   0.1209
 -0.0430  -0.1679  -0.0068   0.1104   0.0109   0.1170
  0.0183  -0.0657  -0.0197   0.1126   0.0400   0.0304
 -0.0225  -0.1597  -0.0133   0.1200   0.0352   0.1039
 -0.0551  -0.1823  -0.0213   0.1079   0.0036   0.1249
 -0.0685  -0.1661  -0.0480   0.1052  -0.0017   0.1221
 -0.0346  -0.0951  -0.0621   0.1032   0.0074   0.0282
 -0.0607  -0.1651  -0.0496   0.0897  -0.0005   0.1062
 -0.0567  -0.1574  -0.0493   0.0943   0.0024   0.1042
 -0.0608  -0.1792  -0.0372   0.0807  -0.0048   0.1153
 -0.0401  -0.1881  -0.0299   0.0845   0.0057   0.1237
 -0.0342  -0.1718  -0.0311   0.1142   0.0120   0.1301
 -0.0506  -0.1810  -0.0332   0.1111  -0.0050   0.1292
 -0.0516  -0.2064  -0.0361   0.0961   0.0005   0.1172
 -0.0301  -0.1880  -0.0457   0.1091   0.0222   0.1018
  0.0450  -0.0416  -0.0485   0.0734   0.0417  -0.0533
  0.0256  -0.0738  -0.0409   0.0610   0.0267  -0.0231
  0.0167  -0.0788  -0.0513   0.0741   0.0285  -0.0029
  0.0150  -0.1002  -0.0460   0.0939   0.0233  -0.0075
  0.0236  -0.1121  -0.0449   0.0884   0.0235  -0.0045
  0.0034  -0.0852  -0.0482   0.0764   0.0112  -0.0193
  0.0236  -0.0559  -0.0467   0.1021   0.0298  -0.0210
 -0.0172  -0.1543  -0.0216   0.0889   0.0085   0.0376
  0.0476  -0.0153  -0.0345   0.0734   0.0094  -0.0520
  0.0313  -0.0233  -0.0335   0.0746   0.0137  -0.0402
  0.0286  -0.0788  -0.0201   0.0708   0.0146   0.0164
 -0.0006  -0.1205  -0.0135   0.1086   0.0187   0.0581
 -0.0187  -0.1249  -0.0208   0.1096   0.0074   0.0489
 -0.0176  -0.1282  -0.0303   0.0978   0.0191   0.0432
 -0.0235  -0.1339  -0.0204   0.0902   0.0188   0.0409
 -0.0074  -0.0859  -0.0264   0.1198   0.0242   0.0186
 -0.0402  -0.1273  -0.0222   0.1111   0.0168   0.0349
 -0.0178  -0.1468  -0.0216   0.1010   0.0283   0.0398
 -0.0162  -0.1286  -0.0282   0.1006   0.0252   0.0391
 -0.0260  -0.1276  -0.0343   0.1013   0.0163   0.0347
 -0.0120  -0.1413  -0.0283   0.0811   0.0288   0.0316
 -0.0102  -0.1267  -0.0313   0.0969   0.0339   0.0293
 -0.0207  -0.1418  -0.0169   0.0930   0.0240   0.0268
 -0.0079  -0.1515  -0.0213   0.0883   0.0338   0.0302
 -0.0028  -0.1263  -0.0351   0.0930   0.0353   0.0341
 -0.0142  -0.1307  -0.0371   0.0912   0.0198   0.0332
 -0.0034  -0.1316  -0.0382   0.0695   0.0247   0.0300
 -0.0174  -0.1361  -0.0217   0.1015   0.0171   0.0173
 -0.0086  -0.1113  -0.0522   0.0792   0.0189   0.0173
 -0.0062  -0.1205  -0.0504   0.0738   0.0334   0.0030
 -0.0037  -0.1325  -0.0354   0.0699   0.0338   0.0120
 -0.0119  -0.1311  -0.0322   0.0915   0.0223   0.0149
 -0.0174  -0.1326  -0.0325   0.1164   0.0328   0.0166
  0.0017  -0.1079  -0.0175   0.0623   0.0260   0.0137
  0.0091  -0.1319  -0.0218   0.0765   0.0342   0.0262
 -0.0007  -0.1480  -0.0312   0.1129   0.0246   0.0401
 -0.0051  -0.1598  -0.0263   0.1055   0.0198   0.0332
  0.0019  -0.1657  -0.0182   0.0858   0.0275   0.0416
 -0.0031  -0.1388  -0.0240   0.1049   0.0261   0.0447
 -0.0061  -0.1589  -0.0266   0.0965   0.0302   0.0481
 -0.0016  -0.1399  -0.0334   0.0861   0.0321   0.0537
  0.0111  -0.1334  -0.0397   0.0976   0.0380   0.0528
  0.0143  -0.1264  -0.0223   0.0835   0.0294   0.0288
  0.0219  -0.1338  -0.0061   0.0998   0.0434   0.0310
  0.0114  -0.1130  -0.0019   0.1265   0.0449   0.0207
  0.0238  -0.0845  -0.0042   0.1499   0.0561  -0.0036
  0.0168  -0.1229  -0.0005   0.1230   0.0495   0.0130
 -0.0080  -0.1504  -0.0091   0.1392   0.0165   0.0154
  0.0230  -0.1084  -0.0282   0.1264   0.0359   0.0329
  0.1166   0.0211  -0.0364   0.1629   0.0635  -0.0862
  0.1501   0.0686   0.0473   0.1241   0.0819  -0.0306
  0.0908  -0.0749   0.0578   0.0924   0.0501   0.0468
  0.1387   0.0399   0.0159   0.1326   0.0682  -0.0437
  0.1136   0.0091   0.0357   0.0868   0.0679  -0.0268
  0.1137  -0.0597   0.0460   0.0753   0.0721  -0.0030
  0.0752   0.0147   0.0250   0.0600   0.0465  -0.0360
  0.0126   0.1207   0.0285  -0.0579   0.0032   0.0474
 -0.0234   0.0240   0.0318  -0.0298  -0.0153   0.0358
 -0.0150  -0.0212   0.0229  -0.0103  -0.0140   0.0317
  0.0073   0.0409   0.0142  -0.0629   0.0007   0.0351
  0.0403   0.0836   0.0363  -0.0968   0.0181   0.0357
  0.0429   0.0279   0.0266  -0.0776   0.0175   0.0352
  0.0221   0.0284   0.0145  -0.0640   0.0334   0.0261
 -0.0261   0.0943  -0.0287  -0.1164   0.0086   0.0222
 -0.0245   0.1176  -0.0441  -0.1112   0.0096   0.0269
 -0.0127   0.0610  -0.0161  -0.0959   0.0009   0.0277
  0.0317   0.0197   0.0219  -0.0630   0.0267   0.0350
  0.0375   0.0174   0.0192  -0.0892   0.0375   0.0282
 -0.0488   0.1029  -0.0297  -0.1174  -0.0277   0.0182
 -0.0342   0.0591  -0.0258  -0.0809  -0.0135   0.0357
  0.0147   0.1369  -0.0440  -0.1020  -0.0063  -0.0409
 -0.0562   0.0652  -0.0521  -0.0778  -0.0281   0.0341
 -0.0615   0.0544  -0.0368  -0.0484  -0.0287   0.0379
 -0.0652   0.0279  -0.0342  -0.0283  -0.0299   0.0431
 -0.0718   0.0359  -0.0386  -0.0338  -0.0320   0.0548
 -0.0722   0.0151  -0.0350  -0.0630  -0.0348   0.0485
 -0.0546  -0.0022  -0.0134  -0.0525  -0.0053   0.0494
 -0.0523  -0.0090  -0.0127  -0.0759  -0.0162   0.0354
 -0.0410  -0.0012  -0.0177  -0.0633  -0.0030   0.0259
 -0.0428   0.0013  -0.0156  -0.0755  -0.0103   0.0165
 -0.0345  -0.0226  -0.0106  -0.0729   0.0052   0.0325
 -0.0417  -0.0236  -0.0140  -0.0527   0.0049   0.0461
 -0.0408  -0.0249  -0.0046  -0.0403   0.0046   0.0396
 -0.0414  -0.0398  -0.0082  -0.0497   0.0002   0.0370
 -0.0535  -0.0412  -0.0162  -0.0487  -0.0124   0.0455
  0.0036   0.1227  -0.0391  -0.0538   0.0001  -0.0952
  0.0060   0.1019  -0.0302  -0.0533   0.0024  -0.0752
 -0.0112   0.0821  -0.0385  -0.0488   0.0020  -0.0484
 -0.0155   0.0619  -0.0351  -0.0557  -0.0009  -0.0496
 -0.0121   0.0567  -0.0206  -0.0624   0.0025  -0.0387
 -0.0188   0.0558  -0.0129  -0.0496  -0.0095  -0.0370
 -0.0258   0.0485  -0.0276  -0.0381  -0.0128  -0.0471
 -0.0289   0.0372  -0.0334  -0.0648  -0.0149  -0.0471
 -0.0359   0.0347  -0.0323  -0.0709  -0.0209  -0.0372
 -0.0368   0.0413  -0.0363  -0.0505  -0.0314  -0.0480
 -0.0410   0.0369  -0.0408  -0.1060  -0.0327  -0.0493
 -0.0523   0.0138  -0.0310  -0.0929  -0.0426  -0.0322
 -0.0423   0.0136  -0.0292  -0.0845  -0.0236  -0.0291
 -0.0641   0.0086  -0.0280  -0.0752  -0.0436  -0.0354
 -0.0530   0.0025  -0.0236  -0.0784  -0.0333  -0.0346
 -0.0551  -0.0058  -0.0204  -0.0796  -0.0497  -0.0354
 -0.0561   0.0110  -0.0243  -0.0757  -0.0504  -0.0353
 -0.0676   0.0018  -0.0160  -0.0842  -0.0588  -0.0381
 -0.0385   0.0437  -0.0221  -0.1118  -0.0471  -0.0709
 -0.0077   0.0836  -0.0277  -0.0891  -0.0381  -0.0921
 -0.0323   0.0747  -0.0151  -0.0880  -0.0518  -0.0896
 -0.0221   0.0438  -0.0018  -0.0843  -0.0303  -0.0781
  0.0016   0.0951  -0.0115  -0.0751  -0.0188  -0.0920
 -0.0322   0.0885   0.0250  -0.1068  -0.0236  -0.0602
 -0.0319   0.0517   0.0299  -0.1108  -0.0249  -0.0613
 -0.0217   0.0442   0.0355  -0.0968  -0.0214  -0.0535
 -0.0343   0.0313   0.0355  -0.0570  -0.0246  -0.0549
 -0.0336   0.0273   0.0349  -0.0574  -0.0195  -0.0532
 -0.0267   0.0214   0.0333  -0.0655  -0.0128  -0.0442
 -0.0216   0.0097   0.0311  -0.0577  -0.0127  -0.0528
 -0.0322   0.0032   0.0390  -0.0784  -0.0273  -0.0625
 -0.0169  -0.0046   0.0576  -0.0767  -0.0153  -0.0659
 -0.0147  -0.0116   0.0584  -0.0429  -0.0093  -0.0659
  0.0018   0.0132   0.0554  -0.0334  -0.0130  -0.1015
  0.0023   0.0184   0.0548  -0.0530  -0.0023  -0.0909
 -0.0016   0.0132   0.0378  -0.0514  -0.0032  -0.0691
 -0.0061  -0.0058   0.0332  -0.0274  -0.0031  -0.0646
 -0.0165   0.0128   0.0376  -0.0500  -0.0374  -0.0900
 -0.0630   0.0378  -0.0017  -0.1166  -0.0358  -0.0232
  0.0280   0.0188   0.0616  -0.1345  -0.0188   0.0046
  0.0548  -0.0265   0.0831  -0.0965  -0.0159   0.0017
  0.0551  -0.0372   0.0731   0.1641  -0.0149   0.0485
  0.0616   0.1656   0.1081   0.1235  -0.0056   0.1062
  0.0317  -0.0742   0.0498   0.0691  -0.0240   0.0517
  0.1031  -0.0521   0.0813  -0.0272  -0.0009   0.0392
  0.1084  -0.0598   0.0863   0.0015   0.0071   0.0205
  0.0929  -0.0152   0.0737  -0.0617  -0.0096   0.0217
  0.0616   0.0535   0.0457  -0.0663  -0.0222   0.0168
  0.0375   0.0416   0.0326  -0.0493  -0.0300   0.0399
 -0.0235   0.1109   0.0345  -0.0694  -0.0379   0.0235
  0.0594   0.3157  -0.0193  -0.0768  -0.0490  -0.1146
 -0.0187   0.2682   0.0214  -0.0492  -0.0587  -0.0959
  0.0381   0.3753   0.1360  -0.2035  -0.0320  -0.0834
  0.0257   0.3565   0.0761  -0.1632  -0.0330  -0.0873
  0.0262   0.3170   0.0720  -0.1567  -0.0384  -0.0892
  0.0237   0.2867   0.0575  -0.1238  -0.0313  -0.0756
  0.0134   0.2743   0.0402  -0.0806  -0.0315  -0.0799
 -0.0061   0.2644   0.0460  -0.0968  -0.0575  -0.0897
 -0.0013   0.2552   0.0541  -0.1121  -0.0600  -0.0885
  0.0216   0.2827   0.0365  -0.1153  -0.0638  -0.1237
  0.0470   0.3211   0.0358  -0.1169  -0.0549  -0.1378
  0.0355   0.2868   0.0474  -0.1204  -0.0505  -0.1044
  0.0185   0.2809   0.0363  -0.1099  -0.0542  -0.0916
  0.0134   0.2697   0.0320  -0.1090  -0.0632  -0.0914
  0.0285   0.2623   0.0700  -0.1164  -0.0443  -0.0851
  0.1579   0.4341   0.1398  -0.3924  -0.0095  -0.1303
  0.1033   0.3153   0.1240  -0.0940  -0.0368  -0.1010
  0.1548   0.3571   0.1147  -0.1507  -0.0096  -0.1091
  0.1181   0.2899   0.1137  -0.0923  -0.0115  -0.0891
  0.0992   0.2983   0.0648  -0.0879  -0.0182  -0.0894
  0.1042   0.2566   0.0716  -0.0872  -0.0162  -0.0871
  0.1135   0.2316   0.0696  -0.1026  -0.0086  -0.0873
  0.1095   0.2269   0.0717  -0.1271  -0.0090  -0.0971
