  0.3280   0.6428   0.0352  -0.3894   0.2540   0.2863
  0.3766   0.6694  -0.0039  -0.4326   0.2478   0.2014
  0.3793   0.6464  -0.0016  -0.3584   0.2389   0.1577
  0.3726   0.6409  -0.0095  -0.4083   0.2749   0.1748
  0.3758   0.6374  -0.0001  -0.3563   0.2402   0.1557
  0.3571   0.6454  -0.0205  -0.4154   0.2843   0.1757
  0.3613   0.6475  -0.0054  -0.3587   0.2416   0.1455
  0.3452   0.6279  -0.0133  -0.4015   0.2749   0.1714
  0.3249   0.6349  -0.0170  -0.3604   0.2608   0.1457
  0.3224   0.5877  -0.0059  -0.3864   0.3011   0.1769
  0.3215   0.5482   0.0221  -0.3052   0.2638   0.1544
  0.3187   0.5120   0.0247  -0.3166   0.2809   0.1533
  0.3313   0.4719   0.0452  -0.2530   0.2561   0.1298
  0.3492   0.5135   0.0363  -0.3139   0.2834   0.1566
  0.3650   0.5050   0.0446  -0.3267   0.2768   0.1585
  0.3507   0.5015   0.0652  -0.2666   0.2594   0.1223
  0.3524   0.4999   0.0594  -0.3193   0.2664   0.1464
  0.3499   0.4828   0.0588  -0.3092   0.2627   0.1379
  0.3398   0.4857   0.0603  -0.2822   0.2403   0.1191
  0.3230   0.4764   0.0531  -0.3103   0.2374   0.1503
  0.3175   0.4334   0.0545  -0.2666   0.2277   0.1315
  0.3181   0.4375   0.0557  -0.2261   0.2241   0.1092
  0.3117   0.4501   0.0574  -0.2576   0.2284   0.1348
  0.3060   0.4317   0.0554  -0.2329   0.2219   0.1255
  0.2985   0.4475   0.0439  -0.2163   0.1949   0.0802
  0.2996   0.4580   0.0605  -0.2579   0.2091   0.1147
  0.2851   0.4475   0.0440  -0.2214   0.2005   0.1007
  0.2720   0.4463   0.0392  -0.2316   0.1767   0.0863
  0.2796   0.4458   0.0544  -0.2601   0.1811   0.1161
  0.2529   0.4357   0.0359  -0.2245   0.1739   0.1087
  0.2459   0.4282   0.0303  -0.1945   0.1732   0.0717
  0.2440   0.4270   0.0246  -0.1861   0.1623   0.0449
  0.2394   0.4320   0.0337  -0.2284   0.1764   0.0771
  0.2351   0.4317   0.0250  -0.2190   0.1745   0.0647
  0.2273   0.3856   0.0256  -0.2059   0.1456   0.0559
  0.2007   0.3453   0.0144  -0.1668   0.1314   0.0512
  0.1986   0.3293   0.0231  -0.2226   0.1441   0.0971
  0.1993   0.3284   0.0080  -0.1443   0.1253   0.0444
  0.1895   0.3392   0.0193  -0.1636   0.1292   0.0672
  0.1906   0.3391   0.0102  -0.1370   0.1268   0.0693
  0.1885   0.3022   0.0128  -0.1440   0.1166   0.0873
  0.1788   0.3217   0.0005  -0.1115   0.1027   0.0454
  0.1716   0.2630   0.0006  -0.1947   0.1046   0.0958
  0.1579   0.2636   0.0089  -0.1115   0.0958   0.0533
  0.1489   0.2722   0.0018  -0.1369   0.0948   0.0606
  0.1472   0.2659   0.0024  -0.1448   0.0949   0.0602
  0.1324   0.2345  -0.0009  -0.1228   0.0938   0.0461
  0.1282   0.2444  -0.0058  -0.1086   0.0744   0.0316
  0.1250   0.2355   0.0034  -0.1285   0.0823   0.0643
  0.1129   0.1386   0.0143  -0.0521   0.0744   0.0469
  0.1118   0.1487   0.0121  -0.0353   0.0713   0.0268
  0.1046   0.1189   0.0203  -0.0798   0.0751   0.0579
  0.1088   0.1111   0.0188  -0.0290   0.0683   0.0340
  0.1021   0.1284   0.0257  -0.0755   0.0567   0.0551
  0.0956   0.1302   0.0101  -0.0950   0.0658   0.0815
  0.0944   0.1087   0.0115  -0.0014   0.0681   0.0429
  0.0771   0.1192   0.0062   0.0049   0.0585   0.0179
  0.0656   0.1231  -0.0143  -0.0237   0.0592   0.0289
  0.0672   0.1106   0.0023  -0.0254   0.0634   0.0213
  0.0544   0.1047  -0.0078  -0.0124   0.0487  -0.0019
  0.0477   0.0934  -0.0005  -0.0612   0.0414   0.0270
  0.0483   0.0673  -0.0011  -0.0577   0.0412   0.0376
  0.0497   0.0744  -0.0074  -0.0030   0.0315  -0.0017
  0.0564   0.0831   0.0088  -0.0377   0.0371   0.0126
  0.0414   0.0289   0.0114  -0.0147   0.0310   0.0413
  0.0277   0.0139   0.0090   0.0580   0.0156  -0.0108
  0.0213  -0.0007   0.0064   0.0127   0.0306   0.0154
  0.0378  -0.0348   0.0155   0.0264   0.0290   0.0196
  0.0306  -0.0221   0.0116   0.0207   0.0182  -0.0227
  0.0250  -0.0395   0.0205  -0.0160   0.0255   0.0153
  0.0240  -0.0298   0.0123   0.0379   0.0019  -0.0050
  0.0102  -0.0213   0.0080   0.0109   0.0113   0.0116
  0.0117  -0.0533   0.0203  -0.0336   0.0150   0.0627
  0.0131  -0.0298   0.0304   0.0472  -0.0301   0.0098
  0.0657   0.2073   0.0257  -0.3635   0.0831   0.1997
  0.0519   0.1892  -0.0015  -0.3272   0.0262   0.1987
  0.0411   0.2026   0.0126  -0.3898   0.0727   0.2450
  0.0155   0.1210   0.0110  -0.2538   0.0239   0.1841
  0.0007   0.0097   0.0311  -0.1732   0.0168   0.1671
 -0.0059   0.0008   0.0230  -0.0349  -0.0085   0.0671
 -0.0030   0.0032   0.0229  -0.0832   0.0039   0.0784
 -0.0028  -0.0288   0.0254  -0.0611   0.0093   0.0820
 -0.0017  -0.0180   0.0122  -0.0021  -0.0097   0.0202
 -0.0106  -0.0383   0.0172  -0.0895   0.0022   0.0579
 -0.0249  -0.0367   0.0154  -0.0836   0.0025   0.0833
 -0.0253  -0.0601   0.0081  -0.0030  -0.0179   0.0216
 -0.0303  -0.0869   0.0109  -0.0542  -0.0006   0.0748
 -0.0402  -0.0791   0.0092  -0.0154  -0.0261   0.0408
 -0.0401  -0.0567  -0.0013  -0.0098  -0.0213   0.0289
 -0.0483  -0.0416  -0.0145   0.0614  -0.0363  -0.0252
 -0.0570  -0.0256  -0.0292   0.0644  -0.0262  -0.0196
 -0.0554  -0.0427  -0.0006   0.0779  -0.0410  -0.0237
 -0.0524  -0.0453  -0.0069   0.1048  -0.0452  -0.0494
 -0.0516  -0.0638   0.0119   0.0381  -0.0422  -0.0213
 -0.0549  -0.0925   0.0055   0.0664  -0.0382  -0.0256
 -0.0550  -0.0654  -0.0085   0.0998  -0.0464  -0.0809
 -0.0626  -0.1112   0.0107  -0.0104  -0.0228   0.0036
 -0.0643  -0.0744  -0.0063   0.0807  -0.0534  -0.0817
 -0.0651  -0.0972   0.0008   0.0211  -0.0342  -0.0409
 -0.0607  -0.0795  -0.0109   0.1048  -0.0438  -0.1074
 -0.0797  -0.1080   0.0077  -0.0308  -0.0371  -0.0202
 -0.0746  -0.0842  -0.0058   0.0931  -0.0524  -0.1049
 -0.0728  -0.0602  -0.0098   0.0875  -0.0543  -0.1078
 -0.0780  -0.0765   0.0002   0.0739  -0.0528  -0.0841
 -0.0739  -0.0808  -0.0039   0.1043  -0.0636  -0.0768
 -0.0760  -0.0736  -0.0087   0.1224  -0.0737  -0.1049
 -0.0681  -0.0831  -0.0006   0.1094  -0.0689  -0.0966
 -0.0851  -0.1014  -0.0072   0.1102  -0.0726  -0.1016
 -0.0772  -0.1050   0.0059   0.1047  -0.0873  -0.0974
 -0.0808  -0.0942   0.0263   0.0544  -0.0841  -0.0590
 -0.0980  -0.1652   0.0236   0.0029  -0.0700   0.0195
 -0.0925  -0.1429   0.0011   0.1382  -0.0888  -0.0840
 -0.0969  -0.1467  -0.0054   0.1025  -0.0912  -0.0589
 -0.1081  -0.2204   0.0139   0.0278  -0.0753  -0.0092
 -0.1106  -0.1795   0.0065   0.0999  -0.1126  -0.0855
 -0.1272  -0.1699   0.0048   0.0013  -0.0917   0.0081
 -0.1284  -0.1636   0.0056   0.0606  -0.1073  -0.0100
 -0.1241  -0.1460   0.0024   0.1388  -0.1140  -0.0825
 -0.1267  -0.1851   0.0068   0.0610  -0.1068  -0.0132
 -0.1289  -0.1730  -0.0057   0.1139  -0.1069  -0.0351
 -0.1337  -0.1521  -0.0119   0.1623  -0.1149  -0.1102
 -0.1366  -0.2004   0.0064   0.0585  -0.1016  -0.0394
 -0.1315  -0.1984  -0.0058   0.0922  -0.1000  -0.0378
 -0.1425  -0.1978  -0.0197   0.1596  -0.1176  -0.0893
 -0.1581  -0.2594  -0.0071   0.0708  -0.0993  -0.0212
 -0.1431  -0.2458  -0.0179   0.1675  -0.1092  -0.0910
 -0.1567  -0.2530  -0.0183   0.1537  -0.1220  -0.1044
 -0.1565  -0.2954  -0.0156   0.1045  -0.1008  -0.0435
 -0.1661  -0.2836  -0.0127   0.0869  -0.0961  -0.0427
 -0.1532  -0.2613  -0.0081   0.1210  -0.1171  -0.0744
 -0.1606  -0.2627  -0.0237   0.1051  -0.1152  -0.0627
 -0.1683  -0.3013  -0.0265   0.0811  -0.1069   0.0059
 -0.1591  -0.2968  -0.0277   0.2032  -0.1229  -0.0579
 -0.1765  -0.2945  -0.0182   0.1372  -0.1307  -0.0312
 -0.1787  -0.3104  -0.0279   0.1389  -0.1096  -0.0161
 -0.1674  -0.2969  -0.0333   0.2554  -0.1298  -0.1104
 -0.1953  -0.3411  -0.0085   0.1602  -0.1332  -0.0640
 -0.1655  -0.3179  -0.0258   0.2762  -0.1313  -0.1438
 -0.1852  -0.3234  -0.0202   0.2019  -0.1348  -0.1042
 -0.1947  -0.3333  -0.0227   0.1966  -0.1218  -0.0661
 -0.1809  -0.3256  -0.0286   0.3024  -0.1394  -0.1384
 -0.1880  -0.3209  -0.0292   0.2380  -0.1270  -0.0998
 -0.1892  -0.3275  -0.0282   0.2544  -0.1281  -0.0884
 -0.1840  -0.3242  -0.0323   0.3252  -0.1435  -0.1479
 -0.1942  -0.3402  -0.0239   0.1995  -0.1288  -0.1067
 -0.1984  -0.3636  -0.0157   0.1777  -0.1239  -0.0656
 -0.1878  -0.3118  -0.0318   0.2665  -0.1401  -0.1486
 -0.2017  -0.3434  -0.0246   0.1983  -0.1260  -0.0822
 -0.2020  -0.3601  -0.0281   0.2132  -0.1324  -0.0797
 -0.1928  -0.3298  -0.0365   0.2755  -0.1467  -0.1487
 -0.2086  -0.3556  -0.0296   0.1746  -0.1255  -0.0849
 -0.2039  -0.3633  -0.0310   0.2148  -0.1387  -0.0957
 -0.1903  -0.3234  -0.0401   0.2576  -0.1424  -0.1541
 -0.2036  -0.3663  -0.0379   0.1657  -0.1229  -0.0750
 -0.1966  -0.3746  -0.0425   0.2528  -0.1421  -0.0914
 -0.2137  -0.3678  -0.0273   0.2208  -0.1472  -0.1030
 -0.2145  -0.3813  -0.0353   0.1740  -0.1378  -0.0743
 -0.2020  -0.3714  -0.0356   0.2705  -0.1540  -0.1392
 -0.2225  -0.3880  -0.0248   0.1847  -0.1457  -0.0745
 -0.2211  -0.3796  -0.0253   0.1959  -0.1544  -0.0664
 -0.1992  -0.3670  -0.0368   0.2994  -0.1597  -0.1551
 -0.2224  -0.4193  -0.0146   0.1481  -0.1487  -0.0625
 -0.2122  -0.3880  -0.0252   0.2578  -0.1578  -0.1158
 -0.2221  -0.3653  -0.0242   0.2571  -0.1861  -0.1375
 -0.2272  -0.4147  -0.0145   0.1176  -0.1351  -0.0416
 -0.2203  -0.3772  -0.0330   0.2875  -0.1656  -0.1529
 -0.2378  -0.3868  -0.0358   0.1928  -0.1471  -0.0787
 -0.2288  -0.3746  -0.0286   0.3145  -0.1891  -0.1472
 -0.2434  -0.3774  -0.0374   0.2693  -0.1765  -0.1641
 -0.2562  -0.3865  -0.0342   0.2362  -0.1606  -0.1179
 -0.2251  -0.3742  -0.0310   0.3508  -0.1866  -0.1805
 -0.2342  -0.3839  -0.0228   0.2713  -0.1679  -0.1244
 -0.2371  -0.4029  -0.0208   0.2681  -0.1642  -0.1085
 -0.2348  -0.3979  -0.0283   0.3082  -0.1905  -0.1554
 -0.2583  -0.4361  -0.0100   0.1784  -0.1722  -0.0736
 -0.2376  -0.3920  -0.0281   0.3569  -0.1966  -0.1931
 -0.2562  -0.4257  -0.0198   0.1700  -0.1632  -0.0638
 -0.2477  -0.4078  -0.0189   0.2596  -0.1884  -0.1338
 -0.2685  -0.3971  -0.0329   0.2305  -0.1904  -0.1321
 -0.2740  -0.4536  -0.0196   0.1873  -0.1909  -0.0801
