  0.1232   0.7739  -0.0553  -0.3000   0.1242  -0.3871
  0.1157   0.8286  -0.0428  -0.3175   0.1119  -0.3977
  0.1143   0.8229  -0.0345  -0.3317   0.1109  -0.4088
  0.1153   0.8516  -0.0287  -0.3711   0.1144  -0.4030
  0.1104   0.8046  -0.0312  -0.3534   0.1118  -0.3744
  0.1150   0.7316  -0.0322  -0.2945   0.1101  -0.3583
  0.1175   0.6850  -0.0393  -0.3012   0.1084  -0.3601
  0.1107   0.6934  -0.0434  -0.3338   0.1105  -0.3600
  0.1086   0.6916  -0.0341  -0.3229   0.1087  -0.3686
  0.1087   0.6551  -0.0421  -0.3349   0.1133  -0.3424
  0.1152   0.6618  -0.0438  -0.3433   0.1145  -0.3454
  0.0881   0.7390  -0.0507  -0.3465   0.0920  -0.2841
  0.1002   0.7006  -0.0413  -0.3479   0.1053  -0.3259
  0.1040   0.7373  -0.0365  -0.3818   0.1112  -0.3506
  0.0999   0.7355  -0.0296  -0.3675   0.1018  -0.3341
  0.0787   0.7239  -0.0355  -0.2709   0.0729  -0.2842
  0.0538   0.7751  -0.0708  -0.5179   0.1487  -0.2280
  0.0284   0.3941  -0.0688  -0.1468   0.1112  -0.2149
  0.0263   0.1311  -0.1322  -0.0184   0.1037  -0.1925
 -0.0388   0.7302  -0.3982   0.8703   0.0461  -0.1405
 -0.0023   0.6684  -0.2200  -0.0755   0.2105  -0.1387
 -0.0634   0.4503  -0.1939  -0.0017   0.1984  -0.1731
 -0.1175   0.4232  -0.1709   0.3392   0.2201  -0.2606
 -0.0606   0.2537  -0.1023   0.2690   0.0974  -0.2429
 -0.0760   0.3729  -0.0273   0.1610   0.1088  -0.2394
 -0.0624   0.2873  -0.0275   0.1907   0.1074  -0.2244
 -0.0291   0.2794  -0.0202   0.1467   0.0878  -0.2388
 -0.0299   0.2560  -0.0159   0.1281   0.0792  -0.2229
 -0.0324   0.2503  -0.0130   0.1376   0.0746  -0.2272
 -0.0319   0.2035  -0.0162   0.1456   0.0740  -0.2066
 -0.0217   0.1820  -0.0028   0.1245   0.0584  -0.2323
 -0.0270   0.1906  -0.0007   0.0811   0.0512  -0.2262
 -0.0209   0.1536  -0.0117   0.0718   0.0597  -0.2154
 -0.0205   0.1236  -0.0010   0.0940   0.0513  -0.1884
  0.0046   0.1014   0.0033   0.0879   0.0530  -0.1826
 -0.0082   0.1016   0.0266   0.0859   0.0348  -0.1883
  0.0164   0.1003   0.0245   0.0532   0.0297  -0.1884
 -0.0209   0.0720   0.0365   0.0582   0.0271  -0.1863
 -0.0697   0.1502   0.0246   0.2556   0.0135  -0.1285
 -0.0209  -0.0370  -0.0208   0.2471   0.0471  -0.1575
 -0.0260  -0.0256  -0.0098   0.2179   0.0416  -0.1619
 -0.0245  -0.0317  -0.0083   0.2079   0.0378  -0.1628
 -0.0161  -0.0569  -0.0107   0.2390   0.0410  -0.1380
 -0.0680  -0.1099  -0.0228   0.4354   0.0088  -0.1351
 -0.0342  -0.0243   0.0128   0.2748   0.0018  -0.1287
 -0.0296  -0.1100   0.0041   0.2431   0.0020  -0.1432
 -0.0255  -0.1791  -0.0050   0.2976   0.0023  -0.1097
 -0.0223  -0.2073  -0.0084   0.2720  -0.0007  -0.0972
 -0.0188  -0.1941  -0.0066   0.2334  -0.0025  -0.1139
 -0.0046  -0.2670  -0.0234   0.2509   0.0052  -0.0966
 -0.0171  -0.2393  -0.0129   0.2149   0.0008  -0.0928
 -0.0446  -0.0813   0.0061   0.0485  -0.0111  -0.0051
 -0.0050  -0.1327   0.0112   0.1275   0.0003  -0.0563
  0.0078  -0.2112  -0.0021   0.1460   0.0116  -0.0791
  0.0020  -0.2002  -0.0017   0.1116   0.0056  -0.0849
 -0.0010  -0.1923  -0.0060   0.0865   0.0103  -0.0881
  0.0091  -0.2019   0.0008   0.1001   0.0131  -0.0685
  0.0091  -0.2526  -0.0024   0.1232   0.0085  -0.0394
  0.0182  -0.2580   0.0023   0.1080   0.0099  -0.0349
  0.0127  -0.2399  -0.0014   0.1032   0.0148  -0.0508
  0.0093  -0.2351   0.0018   0.0765   0.0080  -0.0624
 -0.0007  -0.2445  -0.0035   0.0564   0.0045  -0.0479
  0.0131  -0.2504  -0.0061   0.1013   0.0095  -0.0168
  0.0320  -0.2864   0.0012   0.1345  -0.0014  -0.0122
  0.0207  -0.2907  -0.0039   0.1116  -0.0028  -0.0261
  0.0149  -0.2630  -0.0110   0.1090   0.0026  -0.0227
  0.0145  -0.2662  -0.0036   0.0834  -0.0038  -0.0099
  0.0224  -0.2770  -0.0014   0.1103   0.0007  -0.0039
  0.0125  -0.2807   0.0057   0.1167  -0.0058   0.0051
  0.0115  -0.2931   0.0006   0.1239  -0.0034  -0.0034
  0.0040  -0.2680   0.0018   0.0740  -0.0105  -0.0058
  0.0016  -0.2783  -0.0019   0.0517  -0.0135  -0.0007
  0.0086  -0.3036  -0.0056   0.0733  -0.0171   0.0333
  0.0123  -0.2725  -0.0079   0.0822  -0.0355   0.0386
  0.0228  -0.3008  -0.0021   0.0924  -0.0137   0.0372
  0.0093  -0.2657  -0.0022   0.0638  -0.0219   0.0014
  0.0110  -0.2600   0.0065   0.0451  -0.0148   0.0186
  0.0145  -0.2708   0.0046   0.0514  -0.0173   0.0383
  0.0241  -0.2988   0.0010   0.0862  -0.0169   0.0559
  0.0069  -0.2993   0.0053   0.0476  -0.0282   0.0398
  0.0096  -0.2815   0.0130   0.0153  -0.0259   0.0348
  0.0103  -0.2773   0.0148   0.0032  -0.0175   0.0455
  0.0159  -0.3065   0.0292   0.0359  -0.0253   0.0607
  0.0129  -0.3262   0.0166   0.0467  -0.0272   0.0607
 -0.0316  -0.2225  -0.0202  -0.0470  -0.0673   0.1611
  0.0049  -0.0907  -0.0241  -0.0585  -0.0447   0.0409
  0.0031  -0.1670  -0.0097  -0.0603  -0.0438   0.0492
 -0.0138  -0.1065   0.0159   0.1669  -0.0784   0.0966
  0.0127  -0.2321   0.0055   0.1249  -0.0587   0.0850
  0.0078  -0.2253   0.0075   0.0537  -0.0528   0.0734
  0.0087  -0.2052   0.0130   0.0342  -0.0510   0.0644
  0.0116  -0.2183   0.0138   0.0165  -0.0491   0.0825
  0.0183  -0.2285   0.0178   0.0414  -0.0558   0.1061
  0.0119  -0.2501   0.0231   0.0746  -0.0650   0.0976
  0.0143  -0.2134   0.0102   0.0255  -0.0530   0.0905
  0.0288  -0.2215   0.0221   0.0381  -0.0607   0.1138
  0.0271  -0.2726   0.0154   0.0838  -0.0575   0.1159
  0.0242  -0.2801   0.0152   0.0536  -0.0515   0.1021
  0.0151  -0.2547   0.0221   0.0067  -0.0442   0.1048
  0.0201  -0.2859   0.0251   0.0493  -0.0416   0.1038
  0.0203  -0.3363   0.0084   0.0677  -0.0552   0.1436
 -0.0371  -0.2032   0.0053  -0.0151  -0.0831   0.2284
 -0.0220  -0.2160   0.0342  -0.0325  -0.0672   0.0837
  0.0166  -0.2290   0.0261  -0.0180  -0.0360   0.0985
  0.0026  -0.4076   0.0086   0.0522  -0.0398   0.1511
 -0.0005  -0.3159   0.0281   0.0207  -0.0397   0.1604
  0.0234  -0.2611   0.0140   0.0014  -0.0278   0.1390
  0.0235   0.2567  -0.0755  -0.1292  -0.0676  -0.0377
 -0.0201   1.0822  -0.1193   0.1172  -0.0128   0.0614
  0.0028   0.0643  -0.0304   0.0172  -0.0341   0.0907
 -0.0092   0.0555  -0.0195  -0.0109  -0.0400   0.0723
 -0.0222   0.0662  -0.0099  -0.0429  -0.0442   0.0802
 -0.0225   0.0604  -0.0050  -0.0363  -0.0535   0.1008
 -0.0251   0.0286  -0.0070  -0.0116  -0.0558   0.1149
 -0.0273   0.0192  -0.0011  -0.0327  -0.0658   0.0937
 -0.0308   0.0234   0.0007  -0.0566  -0.0626   0.0990
 -0.0270   0.0207   0.0079  -0.0516  -0.0590   0.1130
 -0.0154  -0.0089   0.0094  -0.0248  -0.0655   0.1298
 -0.0358  -0.0421   0.0093  -0.0312  -0.0739   0.1422
 -0.0329  -0.0438   0.0108  -0.0539  -0.0802   0.1276
 -0.0488  -0.0584   0.0170  -0.0659  -0.0848   0.1200
 -0.0411  -0.0379   0.0259  -0.0905  -0.0762   0.1207
 -0.0312  -0.0820   0.0175  -0.0498  -0.0651   0.1565
 -0.0315  -0.0662   0.0410  -0.0461  -0.0585   0.1722
 -0.0419  -0.0893   0.0277  -0.0306  -0.0511   0.1533
 -0.0302  -0.0694   0.0282  -0.0553  -0.0408   0.1564
 -0.0270  -0.0975   0.0286  -0.0521  -0.0393   0.1855
 -0.0163  -0.1055   0.0349  -0.0453  -0.0512   0.1742
 -0.0241  -0.0931   0.0280  -0.0631  -0.0478   0.1654
 -0.0267  -0.0790   0.0326  -0.0645  -0.0441   0.2053
 -0.0141  -0.0762   0.0174  -0.0782  -0.0430   0.2045
 -0.0081  -0.0977   0.0256  -0.0439  -0.0446   0.2102
 -0.0214  -0.0880   0.0270  -0.0859  -0.0495   0.1943
 -0.0193  -0.0886   0.0314  -0.1108  -0.0428   0.1857
 -0.0090  -0.1015   0.0363  -0.1024  -0.0411   0.2332
 -0.0082  -0.1040   0.0329  -0.0649  -0.0379   0.1807
 -0.0148  -0.0904   0.0378  -0.0944  -0.0450   0.1922
 -0.0087  -0.0880   0.0433  -0.1342  -0.0408   0.2032
 -0.0053  -0.1011   0.0380  -0.0927  -0.0334   0.2356
 -0.0031  -0.1305   0.0395  -0.0772  -0.0348   0.2497
 -0.0087  -0.1006   0.0408  -0.1129  -0.0436   0.2301
 -0.0079  -0.1070   0.0464  -0.1440  -0.0494   0.2189
 -0.0196  -0.0915   0.0442  -0.2371  -0.0584   0.2472
 -0.0214  -0.1712   0.0536  -0.1521  -0.0767   0.2855
 -0.0373  -0.2300   0.1279  -0.1480  -0.0644   0.2411
 -0.0527   0.0193   0.1077  -0.2530  -0.0622   0.2442
 -0.0426  -0.0355   0.1132  -0.2239  -0.0616   0.2612
 -0.0480  -0.0645   0.0997  -0.1896  -0.0743   0.2759
 -0.0415  -0.1403   0.0658  -0.1444  -0.0657   0.2820
 -0.0332   0.0778  -0.0035  -0.1945  -0.0267   0.2456
 -0.0429   0.1934  -0.0076  -0.1917  -0.0088   0.2662
 -0.0181   0.1043   0.0415  -0.2222  -0.0115   0.2798
  0.0116   0.1289   0.0301  -0.2147   0.0249   0.3065
 -0.0156   0.1199   0.0534  -0.1525  -0.0040   0.2941
 -0.0742   0.1592   0.0890   0.0234  -0.0332   0.3486
 -0.0497  -0.0127   0.0458  -0.0316  -0.0326   0.3132
