  0.2055  -0.0574  -0.0930   0.1433   0.0006   0.1341
  0.2260   0.0467  -0.1185   0.2784   0.0489  -0.0072
  0.2006   0.0110  -0.0985   0.2653   0.0508  -0.0286
  0.1952   0.0110  -0.0904   0.2920   0.0411  -0.0415
  0.2313   0.0498  -0.0999   0.3100   0.0292  -0.0496
  0.2395   0.0502  -0.0990   0.2970   0.0419  -0.0450
  0.2441   0.0467  -0.0830   0.2952   0.0394  -0.0435
  0.2362   0.0392  -0.0889   0.2927   0.0306  -0.0471
  0.2313   0.0473  -0.0583   0.2874   0.0185  -0.0457
  0.2421   0.0491  -0.0551   0.2849   0.0121  -0.0503
  0.2247   0.0297  -0.0516   0.2644   0.0249  -0.0435
  0.2327   0.0402  -0.0504   0.2752   0.0100  -0.0574
  0.2159   0.0265  -0.0435   0.2597   0.0290  -0.0487
  0.2181   0.0465  -0.0270   0.2904   0.0187  -0.0555
  0.2191   0.0257  -0.0156   0.2695   0.0071  -0.0455
  0.2239   0.0312  -0.0205   0.2856  -0.0069  -0.0534
  0.2116   0.0248  -0.0109   0.2540   0.0051  -0.0427
  0.1935  -0.0005  -0.0157   0.2615   0.0065  -0.0515
  0.1926  -0.0278   0.0007   0.2512  -0.0068  -0.0529
  0.1982  -0.0236   0.0094   0.2785  -0.0268  -0.0691
  0.1670   0.0099   0.0064   0.2384  -0.0063  -0.0603
  0.1766  -0.0047  -0.0039   0.2463  -0.0008  -0.0718
  0.1762  -0.0242   0.0055   0.2279   0.0069  -0.0625
  0.1668  -0.0367  -0.0095   0.2422  -0.0116  -0.0674
  0.1521  -0.0283  -0.0063   0.2400  -0.0176  -0.0528
  0.1311  -0.0549   0.0110   0.2342  -0.0223  -0.0423
  0.1357  -0.0390   0.0038   0.2228  -0.0339  -0.0417
  0.1333  -0.0115   0.0156   0.2119  -0.0420  -0.0359
  0.1265  -0.0414   0.0126   0.2617  -0.0387  -0.0638
  0.1233  -0.0564   0.0251   0.2398  -0.0378  -0.0508
  0.1249  -0.0604   0.0322   0.2435  -0.0395  -0.0622
  0.1244  -0.0442   0.0250   0.2448  -0.0401  -0.0551
  0.1212  -0.0205   0.0172   0.2292  -0.0313  -0.0551
  0.1193  -0.0269   0.0264   0.2243  -0.0261  -0.0523
  0.1261  -0.0219   0.0287   0.2234  -0.0369  -0.0475
  0.1149  -0.0206   0.0232   0.2015  -0.0360  -0.0354
  0.1330  -0.0096   0.0123   0.1856  -0.0250  -0.0419
  0.1243  -0.0037   0.0114   0.1757  -0.0194  -0.0284
  0.1074  -0.0097   0.0119   0.1700  -0.0079  -0.0222
  0.1162  -0.0137   0.0181   0.1624  -0.0148  -0.0309
  0.1078  -0.0123   0.0095   0.1654  -0.0065  -0.0351
  0.1141  -0.0198   0.0221   0.1596   0.0007  -0.0346
  0.1022  -0.0344   0.0313   0.1569  -0.0056  -0.0361
  0.1020  -0.0025   0.0336   0.1592  -0.0009  -0.0356
  0.1085  -0.0032   0.0330   0.1617  -0.0110  -0.0333
  0.0987  -0.0206   0.0378   0.1591  -0.0148  -0.0401
  0.0963  -0.0226   0.0336   0.1612  -0.0167  -0.0418
  0.0838  -0.0115   0.0178   0.1338   0.0091  -0.0152
  0.0900  -0.0304   0.0240   0.1498  -0.0032  -0.0391
  0.0968  -0.0220   0.0340   0.1491  -0.0072  -0.0367
  0.1020  -0.0011   0.0239   0.1376   0.0001  -0.0269
  0.1029  -0.0089   0.0335   0.1167  -0.0088  -0.0264
  0.0989  -0.0272   0.0409   0.1184  -0.0279  -0.0300
  0.0992  -0.0185   0.0310   0.1145  -0.0119  -0.0267
  0.0893  -0.0199   0.0285   0.0965   0.0016  -0.0203
  0.0929  -0.0143   0.0271   0.0889   0.0024  -0.0186
  0.1038  -0.0017   0.0308   0.0952   0.0057  -0.0259
  0.0740   0.0139   0.0128   0.0772   0.0062  -0.0093
  0.0713  -0.0033   0.0020   0.0286  -0.0073  -0.0068
  0.0685   0.0320  -0.0174   0.0367   0.0092   0.0017
  0.0468   0.0036  -0.0088   0.0114   0.0188   0.0188
  0.0378   0.0119   0.0006   0.0112  -0.0015   0.0179
  0.0343   0.0223  -0.0183   0.0001  -0.0026   0.0291
  0.0402   0.0337  -0.0068   0.0218   0.0101   0.0134
  0.0349   0.0146  -0.0066   0.0206  -0.0103   0.0059
  0.0307   0.0154  -0.0072   0.0324  -0.0230   0.0036
  0.0356   0.0303  -0.0052   0.0272  -0.0265   0.0145
  0.0267   0.0114  -0.0128   0.0186  -0.0099   0.0205
  0.0182   0.0117  -0.0015   0.0008  -0.0004   0.0241
  0.0139   0.0055   0.0052   0.0011  -0.0212   0.0269
  0.0214   0.0044   0.0044   0.0046  -0.0077   0.0196
  0.0185   0.0105  -0.0002   0.0065  -0.0071   0.0297
  0.0217  -0.0100  -0.0070  -0.0076   0.0060   0.0422
  0.0307   0.0019  -0.0130   0.0107   0.0075   0.0162
  0.0332  -0.0027  -0.0031   0.0265   0.0005   0.0116
  0.0357  -0.0043  -0.0003   0.0281  -0.0227   0.0055
  0.0226   0.0128   0.0034   0.0234  -0.0147   0.0067
  0.0296   0.0011  -0.0052   0.0000   0.0002   0.0070
  0.0105  -0.0097   0.0061  -0.0066   0.0014   0.0285
  0.0225  -0.0204   0.0063   0.0010  -0.0229   0.0077
  0.0116  -0.0186   0.0079  -0.0185  -0.0056   0.0087
  0.0165  -0.0113  -0.0193  -0.0275   0.0093   0.0272
 -0.0150  -0.0040  -0.0733  -0.0195  -0.0121   0.0283
 -0.0457   0.0162  -0.1168  -0.0318   0.0082   0.0410
 -0.0469   0.0085  -0.0987  -0.0494   0.0093   0.0313
 -0.0499   0.0398  -0.0815  -0.0666  -0.0180   0.0207
 -0.0610   0.1046  -0.0767  -0.1122  -0.0160   0.0143
 -0.0684   0.1000  -0.0673  -0.1114   0.0002   0.0229
 -0.0831   0.1161  -0.0611  -0.0894  -0.0286  -0.0112
 -0.0413   0.0791  -0.0714  -0.1071  -0.0079   0.0285
 -0.0265   0.0542  -0.0719  -0.1142  -0.0055   0.0340
 -0.0241   0.0456  -0.0413  -0.0816  -0.0145   0.0348
 -0.0069   0.0939  -0.0620  -0.0576  -0.0070   0.0110
 -0.0274   0.0541  -0.0312  -0.0520  -0.0143   0.0262
 -0.0385   0.0008  -0.0286  -0.0391  -0.0283   0.0143
 -0.0511  -0.0165  -0.0401  -0.0199  -0.0304  -0.0023
 -0.0662  -0.0570  -0.0179  -0.0307  -0.0207   0.0230
 -0.0723  -0.0778  -0.0162  -0.0304  -0.0256   0.0235
 -0.0749  -0.0768  -0.0307  -0.0246  -0.0175   0.0248
 -0.0758  -0.0587  -0.0354  -0.0570   0.0009   0.0369
 -0.0804  -0.0550  -0.0201  -0.0734   0.0000   0.0382
 -0.1110  -0.0320  -0.0180  -0.0746  -0.0209   0.0267
 -0.1364  -0.0359  -0.0081  -0.0804  -0.0189   0.0144
 -0.1397  -0.0383   0.0043  -0.0828  -0.0032   0.0274
 -0.1085  -0.0173  -0.0130  -0.0850  -0.0069   0.0164
 -0.1363  -0.0262   0.0005  -0.0980   0.0078   0.0201
 -0.1357  -0.0427   0.0022  -0.0971  -0.0027   0.0178
 -0.1256  -0.0252  -0.0032  -0.0912  -0.0126   0.0187
 -0.1446  -0.0267  -0.0033  -0.0991   0.0006   0.0353
 -0.1503  -0.0148  -0.0128  -0.0823  -0.0116   0.0196
 -0.1402  -0.0124  -0.0096  -0.0911  -0.0048   0.0202
 -0.1529  -0.0434  -0.0025  -0.0937  -0.0075   0.0154
 -0.1533  -0.0460  -0.0042  -0.1230   0.0193   0.0284
 -0.1526  -0.0340   0.0109  -0.1005  -0.0250   0.0179
 -0.1588  -0.0401  -0.0080  -0.1152  -0.0145   0.0204
 -0.1496  -0.0366  -0.0107  -0.1115  -0.0088   0.0244
 -0.1427  -0.0257  -0.0017  -0.1111  -0.0162   0.0262
 -0.1248  -0.0168  -0.0061  -0.0926  -0.0168   0.0101
 -0.1004  -0.0022   0.0008  -0.0915  -0.0092   0.0071
 -0.1176  -0.0206   0.0027  -0.1197   0.0013   0.0233
 -0.1199  -0.0255   0.0082  -0.1145  -0.0166   0.0121
 -0.1367  -0.0379   0.0063  -0.1120  -0.0119   0.0049
 -0.1318  -0.0283   0.0070  -0.1247  -0.0024   0.0130
 -0.1413  -0.0287   0.0066  -0.1259   0.0139   0.0179
 -0.1374  -0.0332   0.0022  -0.1268  -0.0004   0.0186
 -0.1376  -0.0316  -0.0037  -0.1162  -0.0110   0.0071
 -0.1588  -0.0141   0.0029  -0.1356  -0.0103   0.0074
 -0.1860  -0.0352   0.0145  -0.1433  -0.0095   0.0099
 -0.1653  -0.0397   0.0154  -0.1372  -0.0217   0.0113
 -0.1405  -0.0411   0.0154  -0.0968  -0.0344  -0.0189
 -0.1377  -0.0234   0.0151  -0.1252  -0.0132   0.0073
 -0.1494  -0.0173   0.0143  -0.1247  -0.0149   0.0162
 -0.1499  -0.0386   0.0115  -0.1190  -0.0091   0.0182
 -0.1426   0.0037   0.0139  -0.1241  -0.0197   0.0188
 -0.1370   0.0042   0.0201  -0.1267  -0.0141   0.0205
 -0.1423  -0.0076   0.0097  -0.1467  -0.0241   0.0325
 -0.1384  -0.0037   0.0190  -0.1380  -0.0202   0.0290
 -0.1297  -0.0074   0.0074  -0.1346  -0.0102   0.0291
 -0.1293  -0.0124   0.0196  -0.1338  -0.0064   0.0303
 -0.1370  -0.0314   0.0285  -0.1388  -0.0265   0.0315
 -0.1240  -0.0186   0.0206  -0.1288  -0.0309   0.0274
 -0.1324  -0.0318   0.0311  -0.1320  -0.0256   0.0206
 -0.1318  -0.0225   0.0357  -0.1509  -0.0177   0.0173
 -0.1406  -0.0037   0.0321  -0.1674  -0.0152   0.0232
 -0.1343  -0.0175   0.0364  -0.1456  -0.0241   0.0192
 -0.1268  -0.0063   0.0199  -0.1612  -0.0253   0.0321
 -0.1238  -0.0001   0.0261  -0.1455  -0.0227   0.0349
 -0.1267   0.0139   0.0264  -0.1523  -0.0114   0.0352
 -0.1310   0.0423   0.0110  -0.1768  -0.0136   0.0378
 -0.1610   0.0532  -0.0162  -0.1762  -0.0234   0.0292
 -0.1405   0.0434  -0.0142  -0.1812  -0.0149   0.0186
 -0.1535   0.0229  -0.0068  -0.1931  -0.0198   0.0191
 -0.1418   0.0232  -0.0119  -0.2094  -0.0267   0.0409
 -0.1320   0.0337   0.0098  -0.1889  -0.0412   0.0399
 -0.1422   0.0546   0.0038  -0.1897  -0.0332   0.0495
 -0.1539   0.0377  -0.0032  -0.1889  -0.0217   0.0344
 -0.1506   0.0437   0.0017  -0.1995  -0.0066   0.0404
 -0.1429   0.0405   0.0075  -0.1804  -0.0279   0.0248
 -0.1520   0.0478   0.0059  -0.1845  -0.0030   0.0316
 -0.1442   0.0320   0.0159  -0.1837  -0.0257   0.0281
 -0.1483   0.0399   0.0020  -0.1844  -0.0141   0.0237
 -0.1483   0.0490   0.0064  -0.1875  -0.0128   0.0269
 -0.1293   0.0802   0.0078  -0.1706  -0.0211   0.0210
 -0.1292   0.0805   0.0039  -0.1755  -0.0258   0.0116
 -0.1367   0.0666  -0.0009  -0.2034  -0.0142   0.0239
 -0.1290   0.0606   0.0045  -0.2002  -0.0179   0.0198
 -0.1206   0.0675   0.0016  -0.1826  -0.0188   0.0090
 -0.1302   0.0597  -0.0034  -0.1972  -0.0176   0.0218
 -0.1526   0.0157   0.0128  -0.1993   0.0012   0.0234
 -0.0606  -0.0181   0.0165  -0.1600   0.0514   0.0314
 -0.0032  -0.0334  -0.0052  -0.1476   0.0792   0.0193
  0.0117   0.2008   0.0601  -0.1942   0.1164  -0.0353
  0.1359   0.0048   0.1739  -0.1376   0.1937  -0.0265
  0.1290  -0.1939   0.1930  -0.1052   0.1865  -0.0250
  0.1319  -0.0604   0.1572  -0.1469   0.1687  -0.0259
  0.0914  -0.0323   0.1172  -0.1884   0.1741  -0.0111
  0.0944   0.0097   0.1370  -0.2014   0.1140  -0.0086
  0.0993   0.0218   0.1393  -0.1783   0.1390  -0.0230
  0.1088   0.0208   0.1470  -0.1663   0.1348  -0.0191
  0.1111   0.0381   0.1450  -0.1625   0.1352  -0.0091
