 -0.0005  -0.3893   0.0698   0.3701   0.1875   0.1453
  0.0015  -0.3845   0.0805   0.3608   0.1647   0.1356
  0.0054  -0.3518   0.0853   0.3656   0.1632   0.1503
  0.0063  -0.3647   0.0843   0.3605   0.1634   0.1290
  0.0123  -0.3699   0.0955   0.3277   0.1529   0.1454
  0.0191  -0.3934   0.1044   0.3601   0.1899   0.1650
  0.0241  -0.4112   0.1109   0.3937   0.1740   0.1608
 -0.0051  -0.3252   0.0988   0.3662   0.1768   0.1211
  0.0363  -0.3984   0.0913   0.3017   0.2124   0.0425
  0.0495  -0.4298   0.0983   0.3858   0.2177   0.0846
  0.0138  -0.4162   0.0988   0.3872   0.1923   0.1221
  0.0256  -0.4121   0.1042   0.3371   0.1859   0.1229
  0.0278  -0.3942   0.1033   0.3350   0.2014   0.1299
  0.0320  -0.3616   0.0900   0.3389   0.1929   0.1430
  0.0123  -0.3613   0.0966   0.3384   0.1867   0.1171
 -0.0197  -0.3978   0.1043   0.3633   0.1690   0.1162
 -0.0059  -0.3766   0.1025   0.3763   0.1899   0.1033
  0.0015  -0.3846   0.1177   0.3605   0.1992   0.1022
  0.0305  -0.3602   0.0880   0.3358   0.2235   0.0965
  0.0168  -0.3256   0.1275   0.3555   0.2498   0.1297
  0.0172  -0.3002   0.0909   0.2393   0.2073   0.0176
  0.0215  -0.3856   0.1021   0.2598   0.2031   0.0913
  0.0339  -0.3541   0.1265   0.2824   0.2210   0.0815
  0.0194  -0.3547   0.1286   0.2789   0.2075   0.1006
 -0.0011  -0.3362   0.1553   0.2312   0.2047   0.0722
 -0.0057  -0.3485   0.1528   0.2571   0.2175   0.0965
 -0.0129  -0.3273   0.1176   0.2788   0.2088   0.0805
 -0.0150  -0.3357   0.1192   0.2815   0.2040   0.0764
 -0.0110  -0.3323   0.1103   0.2652   0.1804   0.0809
  0.0042  -0.3494   0.1149   0.2961   0.1679   0.0880
  0.0148  -0.3384   0.1151   0.2804   0.1800   0.0970
 -0.0038  -0.3305   0.1127   0.3103   0.1770   0.1049
 -0.0094  -0.3207   0.0905   0.2733   0.1592   0.0975
 -0.0238  -0.2778   0.0762   0.2750   0.1372   0.1164
 -0.0207  -0.2570   0.0791   0.2547   0.1214   0.1177
 -0.0429  -0.2577   0.1176   0.3217   0.1567   0.0826
 -0.0414  -0.2732   0.1116   0.3392   0.1478   0.1066
 -0.0391  -0.2870   0.1001   0.2984   0.1308   0.1164
 -0.0303  -0.2710   0.0983   0.3102   0.1266   0.1541
 -0.0193  -0.2459   0.0821   0.3176   0.1497   0.1725
 -0.0247  -0.1172   0.0951   0.2412   0.1077   0.1418
  0.0015  -0.1857   0.1013   0.1068   0.1118   0.0842
 -0.0312  -0.2329   0.1229   0.2220   0.1044   0.0922
 -0.0269  -0.2356   0.1151   0.2467   0.1087   0.1008
 -0.0516  -0.2044   0.0910   0.2079   0.0731   0.1100
 -0.0264  -0.2034   0.0840   0.1934   0.1040   0.1056
 -0.0129  -0.2180   0.0749   0.1583   0.1015   0.0836
 -0.0126  -0.2195   0.0807   0.1539   0.0767   0.0849
 -0.0181  -0.2166   0.0845   0.1828   0.0703   0.0858
 -0.0138  -0.2050   0.0897   0.1910   0.0806   0.1089
 -0.0328  -0.1933   0.0811   0.1593   0.0423   0.0618
 -0.0177  -0.2470   0.0867   0.1991   0.0532   0.1192
 -0.0209  -0.2303   0.1009   0.2199   0.0814   0.1217
 -0.0336  -0.2220   0.1005   0.2538   0.1212   0.1040
 -0.0409  -0.2228   0.0962   0.2423   0.1081   0.1135
 -0.0469  -0.2033   0.0994   0.2564   0.1087   0.1009
 -0.0406  -0.2068   0.0924   0.2551   0.1113   0.0896
 -0.0430  -0.2171   0.0893   0.2539   0.0957   0.1018
 -0.0278  -0.2154   0.0869   0.2552   0.1152   0.1001
 -0.0293  -0.1962   0.0753   0.2332   0.0957   0.0950
  0.0056  -0.1740   0.0752   0.2087   0.1007   0.1235
  0.0095  -0.1963   0.0824   0.1998   0.0852   0.1137
 -0.0088  -0.2096   0.0650   0.2111   0.0809   0.1129
 -0.0169  -0.1941   0.0577   0.2219   0.0986   0.0864
 -0.0191  -0.1403   0.0223   0.0787   0.0348   0.0789
 -0.0153  -0.1728   0.0424   0.1137   0.0385   0.0714
 -0.0222  -0.1683   0.0368   0.1277   0.0300   0.0885
 -0.0163  -0.1704   0.0366   0.1193   0.0346   0.0864
 -0.0237  -0.1741   0.0410   0.1261   0.0117   0.1076
 -0.0074  -0.1626   0.0700   0.1816   0.0511   0.1002
 -0.0106  -0.1109   0.0388   0.0886   0.0209   0.1029
  0.0335  -0.1167   0.0573   0.1222   0.1268   0.0923
  0.0273   0.1055   0.0488   0.0683   0.0853   0.1243
  0.0042   0.0905   0.0522   0.0118   0.0448   0.0336
  0.0146   0.0118   0.0582   0.0626   0.0663   0.0633
  0.0072   0.0025   0.0567   0.1383   0.0780   0.0727
 -0.0153   0.0166   0.0335   0.1384   0.0504   0.0647
 -0.0280  -0.0230   0.0316   0.1240   0.0120   0.0763
 -0.0116  -0.0477   0.0198   0.1156   0.0197   0.0638
 -0.0189  -0.0772   0.0292   0.1213  -0.0083   0.1011
 -0.0340  -0.0597   0.0302   0.1517   0.0153   0.0951
 -0.0269  -0.0805   0.0284   0.1700   0.0228   0.1055
 -0.0416  -0.0708   0.0265   0.1583   0.0127   0.0788
 -0.0351  -0.1084   0.0304   0.1556   0.0029   0.0643
 -0.0126  -0.0701   0.0088   0.1022   0.0056   0.0799
 -0.0250  -0.1192   0.0158   0.1442  -0.0099   0.1146
 -0.0348  -0.1371   0.0359   0.1598  -0.0072   0.0887
 -0.0216  -0.1304   0.0367   0.1342  -0.0094   0.0756
 -0.0502  -0.1464   0.0203   0.1580  -0.0304   0.1342
 -0.0186  -0.1480   0.0216   0.1084   0.0059   0.0809
 -0.0299  -0.1254   0.0155   0.0969  -0.0207   0.0898
 -0.0484  -0.0983  -0.0003   0.0871  -0.0569   0.1040
 -0.0495  -0.0956   0.0279   0.1311  -0.0358   0.1092
 -0.0466  -0.1050   0.0379   0.1263  -0.0277   0.1089
 -0.0388  -0.1654   0.0707   0.2347   0.0106   0.2234
 -0.0509  -0.5536   0.0382   0.3842   0.0442   0.4796
 -0.0911  -0.0845   0.0434   0.1756  -0.0855   0.1485
 -0.0300  -0.0954  -0.0428   0.0874  -0.0704   0.1018
 -0.0241  -0.0666  -0.0182  -0.0173  -0.0945   0.0829
  0.0005  -0.0787  -0.0100   0.0359  -0.0673   0.0990
 -0.0225  -0.0534  -0.0047   0.0544  -0.0530   0.1086
 -0.0530  -0.0504  -0.0036   0.0604  -0.0649   0.0879
 -0.0558  -0.0443   0.0163   0.0675  -0.0271   0.1227
 -0.0485  -0.0344   0.0112   0.0978  -0.0223   0.1024
 -0.0079  -0.0573   0.0125   0.0205   0.0181   0.0846
 -0.0546  -0.0702   0.0251   0.1255  -0.0148   0.0679
 -0.0309  -0.0556   0.0141   0.0893   0.0163   0.0980
 -0.0437  -0.0608   0.0337   0.1010   0.0109   0.0950
 -0.0535  -0.0391   0.0235   0.1224  -0.0021   0.1103
 -0.0426   0.0332   0.0180   0.0975   0.0388   0.0773
 -0.0566   0.0168   0.0006   0.1159   0.0138   0.0691
 -0.0701   0.0198  -0.0102   0.1521  -0.0152   0.0750
 -0.0704   0.0010   0.0075   0.1431  -0.0231   0.0669
 -0.0327   0.0991   0.0181   0.0402   0.0038   0.0612
  0.0080   0.0794   0.0696   0.0231   0.0387  -0.0287
 -0.0089   0.0780   0.0482   0.0208   0.0349  -0.0147
 -0.0036   0.0609   0.0320   0.0033   0.0375  -0.0039
  0.0059   0.0852   0.0348   0.0094   0.0246  -0.0063
 -0.0003   0.0727   0.0269  -0.0084   0.0118   0.0038
 -0.0346   0.0754   0.0347   0.0079  -0.0030   0.0052
 -0.0228   0.0615   0.0458   0.0367   0.0190   0.0117
 -0.0206   0.0744   0.0503   0.0416   0.0125  -0.0160
 -0.0131   0.0404   0.0456   0.0431   0.0020  -0.0175
 -0.0165   0.0809   0.0467   0.0339   0.0144   0.0045
 -0.0074   0.0641   0.0535   0.1037   0.0676  -0.0057
 -0.0445   0.0859   0.0328   0.1242   0.0262   0.0110
 -0.0423   0.0834   0.0242   0.0896   0.0178   0.0076
 -0.0376   0.0528   0.0222   0.0565   0.0084   0.0178
 -0.0163   0.0387   0.0365   0.0665   0.0285   0.0247
 -0.0318   0.0327   0.0714   0.0537   0.0360   0.0169
 -0.0250   0.0469   0.0567   0.0243   0.0496   0.0031
 -0.0077   0.0218   0.0579   0.0522   0.0414   0.0124
 -0.0090  -0.0182   0.0632   0.0794   0.0415   0.0707
  0.0291   0.0303   0.0499  -0.0300   0.0222   0.0577
  0.0158   0.0093   0.0620  -0.0633   0.0050  -0.0257
  0.0142   0.0242   0.0706  -0.0877   0.0091   0.0081
  0.0131   0.0607   0.0608  -0.0963  -0.0245   0.0115
 -0.0095   0.0368   0.0602  -0.0683  -0.0432   0.0090
 -0.0121   0.0340   0.0454  -0.1158  -0.0439  -0.0189
 -0.0255   0.0538   0.0263  -0.1765  -0.0886  -0.0002
 -0.0208   0.1068   0.0824   0.0008   0.0311   0.1341
 -0.0347   0.1673   0.0543  -0.0333  -0.0274   0.0171
 -0.0161   0.1306   0.0353  -0.0518  -0.0197  -0.0415
 -0.0112   0.0519   0.0744  -0.0031   0.0187  -0.0531
 -0.0385   0.0864   0.0762   0.0404  -0.0056  -0.0489
 -0.0223   0.0458   0.0457   0.0221  -0.0168  -0.0025
 -0.0093   0.0611   0.0175  -0.0974  -0.0423   0.0138
 -0.0139   0.0075   0.0295  -0.0425  -0.0496  -0.0055
 -0.0355  -0.0366   0.0653  -0.0402  -0.0514   0.0137
 -0.0086  -0.0266   0.0592  -0.0456  -0.0152  -0.0109
 -0.0281  -0.0179   0.0541  -0.0034  -0.0419  -0.0052
 -0.0124  -0.0120   0.0513  -0.0192  -0.0294  -0.0065
 -0.0180  -0.0096   0.0424  -0.0323  -0.0395   0.0019
 -0.0130   0.0031   0.0153  -0.0879  -0.0778   0.0021
 -0.0183   0.0093   0.0432  -0.0706  -0.0358   0.0068
 -0.0455   0.0117   0.0337  -0.0565  -0.0499  -0.0001
 -0.0512  -0.0012   0.0394  -0.0756  -0.0616   0.0114
 -0.0406  -0.0064   0.0329  -0.0697  -0.0526   0.0202
 -0.0227   0.0288   0.0373  -0.0642  -0.0576   0.0016
 -0.0410   0.0966   0.0283  -0.1144  -0.0975  -0.0306
 -0.0274   0.0888   0.0117  -0.1492  -0.0939  -0.0184
 -0.0256   0.0586   0.0079  -0.1484  -0.1057   0.0004
  0.0103   0.0733  -0.0064  -0.1687  -0.0704  -0.0307
 -0.0215   0.1451  -0.0504  -0.1681  -0.0767   0.0393
 -0.0129   0.1198  -0.0477  -0.2305  -0.1168  -0.0735
 -0.0195   0.1242  -0.0205  -0.1685  -0.0929  -0.0302
 -0.0007   0.0463  -0.0261  -0.1420  -0.0661  -0.0463
 -0.0382   0.0459  -0.0343  -0.1400  -0.1014  -0.0434
 -0.0006   0.0479  -0.0404  -0.1419  -0.0577  -0.0328
 -0.0259   0.0526  -0.0263  -0.1316  -0.0919  -0.0561
 -0.0154   0.0641  -0.0282  -0.2136  -0.0962  -0.0502
 -0.0162   0.0724  -0.0369  -0.2839  -0.1120  -0.0775
 -0.0202   0.0870  -0.0360  -0.2962  -0.1157  -0.0909
 -0.0095   0.0390   0.0119  -0.1489  -0.0811   0.0083
 -0.0314   0.4444   0.0290  -0.1877  -0.0908  -0.0220
 -0.0282   0.3520  -0.0043  -0.2090  -0.1335  -0.1251
 -0.0055   0.2628  -0.0241  -0.1239  -0.0638  -0.0692
 -0.0295   0.2561  -0.0237  -0.1037  -0.0888  -0.0926
  0.0909   0.2225  -0.0332   0.0070   0.0915  -0.1117
  0.1886   0.1582  -0.0227   0.0216   0.1909  -0.0875
  0.1823   0.2545  -0.0216  -0.0541   0.1699  -0.0869
  0.1445   0.3202  -0.0383  -0.0599   0.1626  -0.1064
  0.1469   0.3273  -0.0655  -0.0716   0.1471  -0.1514
  0.1083   0.3350  -0.0777  -0.0529   0.1072  -0.2670
  0.1230   0.2958  -0.1036  -0.0383   0.0920  -0.1974
  0.1240   0.3196  -0.1702  -0.1174   0.0319  -0.0763
  0.0618   0.3176  -0.1610  -0.1358  -0.0278  -0.2338
  0.0501   0.3023  -0.1548  -0.1223  -0.0337  -0.1499
  0.0518   0.3036  -0.1483  -0.1237  -0.0453  -0.1528
  0.0920   0.2747  -0.1254  -0.1454  -0.0092  -0.1700
  0.0926   0.3241  -0.1392  -0.2481  -0.0500  -0.1553
  0.0911   0.3419  -0.1409  -0.3904  -0.0909  -0.2014
  0.0903   0.3096  -0.1306  -0.2848  -0.0896  -0.1217
  0.0756   0.2793  -0.1110  -0.2416  -0.0857  -0.1630
  0.1010   0.2451  -0.0980  -0.2278  -0.0363  -0.1623
  0.0876   0.2199  -0.0986  -0.1964  -0.0651  -0.1467
  0.0806   0.2330  -0.1036  -0.2372  -0.0659  -0.1528
  0.0681   0.3179  -0.1111  -0.2803  -0.0586  -0.1911
  0.0715   0.2828  -0.1306  -0.2632  -0.0623  -0.1591
  0.0376   0.2792  -0.1436  -0.2191  -0.1057  -0.1827
  0.0539   0.2947  -0.1546  -0.2515  -0.0888  -0.1666
  0.0414   0.2740  -0.1688  -0.2706  -0.1288  -0.1967
  0.0209   0.2572  -0.1456  -0.2362  -0.1227  -0.1808
  0.0146   0.2749  -0.1403  -0.2392  -0.1320  -0.1521
  0.0394   0.2902  -0.1575  -0.2521  -0.1368  -0.1429
  0.0392   0.2829  -0.1450  -0.2834  -0.1577  -0.1458
  0.0421   0.2936  -0.1632  -0.2999  -0.1541  -0.1561
  0.0368   0.2710  -0.1804  -0.3075  -0.1672  -0.1850
  0.0227   0.2205  -0.1446  -0.2548  -0.1518  -0.1750
  0.0123   0.1816  -0.1074  -0.2056  -0.0853  -0.1666
 -0.0076   0.1248  -0.1065  -0.1979  -0.0963  -0.1404
 -0.0163   0.0064  -0.0973  -0.1491  -0.0876  -0.0868
  0.0087  -0.0601  -0.0863  -0.1448  -0.0713  -0.0989
  0.0086   0.0202  -0.1223  -0.1903  -0.1195  -0.0818
  0.0479   0.2512  -0.1216  -0.2426  -0.1193   0.0261
  0.0293   0.3307  -0.1865  -0.3810  -0.1731  -0.0985
  0.0132   0.2617  -0.1609  -0.2781  -0.1320  -0.1848
  0.0372   0.2887  -0.1879  -0.2958  -0.1565  -0.1084
  0.0283   0.3959  -0.2164  -0.4215  -0.1834  -0.2147
 -0.0066   0.4242  -0.2110  -0.4509  -0.2311  -0.1682
  0.0181   0.3431  -0.2074  -0.3875  -0.2111  -0.1762
  0.0329   0.3415  -0.1951  -0.4355  -0.1962  -0.1742
  0.0102   0.3906  -0.2198  -0.5496  -0.2296  -0.2503
  0.0393   0.3595  -0.1830  -0.6041  -0.1890  -0.2491
  0.0204   0.3478  -0.1929  -0.6127  -0.2402  -0.2577
  0.0340   0.4156  -0.2355  -0.6167  -0.2285  -0.2884
  0.0712   0.4186  -0.2472  -0.6143  -0.1765  -0.3001
  0.0590   0.4407  -0.2771  -0.5939  -0.1562  -0.2746
  0.0024   0.3979  -0.3200  -0.5804  -0.2902  -0.3604
  0.0107   0.3497  -0.2581  -0.6298  -0.2942  -0.3574
  0.0012   0.2790  -0.1876  -0.5565  -0.3083  -0.3430
  0.0045   0.2943  -0.1916  -0.5472  -0.3263  -0.3232
 -0.0195   0.3048  -0.1890  -0.5468  -0.3295  -0.2862
 -0.0116   0.3172  -0.1869  -0.5928  -0.3130  -0.2778
 -0.0173   0.3126  -0.1814  -0.5473  -0.3165  -0.2892
  0.0282   0.4492  -0.1786  -0.4189  -0.2166   0.0219
 -0.0117   0.5647  -0.2573  -0.6296  -0.3075  -0.2098
  0.0463   0.5732  -0.2412  -0.6587  -0.2362  -0.1754
 -0.0219   0.7038  -0.2540  -0.7431  -0.3306  -0.2870
 -0.0500   0.7014  -0.2490  -0.7408  -0.3389  -0.3013
