  0.0615  -0.1718  -0.0622  -0.1481  -0.0391   0.1595
  0.0695  -0.2048  -0.0750  -0.1257  -0.0674   0.1905
  0.0596  -0.1720  -0.0721  -0.1580  -0.0651   0.1763
  0.0569  -0.1944  -0.0719  -0.1466  -0.0655  -0.3752
  0.0672  -0.2201  -0.0671  -0.1594  -0.0635   0.0906
  0.0469  -0.2474  -0.0691  -0.1153  -0.0712   0.2589
  0.0394  -0.2232  -0.0697  -0.0981  -0.0733   0.5738
  0.0353  -0.1975  -0.0693  -0.1032  -0.0742   0.1754
  0.0187  -0.2009  -0.0756  -0.1083  -0.0726  -0.4689
  0.0032  -0.2280  -0.0864  -0.0416  -0.0786   0.2570
  0.0181  -0.2939  -0.0884  -0.0219  -0.0998  -0.0252
  0.0067  -0.3536  -0.0873   0.0027  -0.1007   0.6273
  0.0079  -0.2840  -0.0923   0.0151  -0.1030   0.4309
 -0.0082  -0.2754  -0.0872  -0.0394  -0.0876  -0.4431
 -0.0071  -0.2872  -0.0951  -0.0352  -0.0883   0.1051
 -0.0106  -0.2853  -0.1007  -0.0179  -0.0959   0.5000
 -0.0136  -0.2516  -0.1072  -0.0579  -0.0899   0.0113
 -0.0251  -0.2402  -0.1090  -0.0761  -0.0907  -0.1287
 -0.0235  -0.2642  -0.1076  -0.0620  -0.0914   0.0526
 -0.0193  -0.2838  -0.1160  -0.0367  -0.0872   0.3092
 -0.0068  -0.2601  -0.1118  -0.0084  -0.0811   0.0742
 -0.0076  -0.2526  -0.1171  -0.0347  -0.0812   0.2668
 -0.0140  -0.2377  -0.1205  -0.0427  -0.0828  -0.2196
 -0.0100  -0.2514  -0.1229  -0.0617  -0.0852   0.2468
 -0.0176  -0.2772  -0.1261  -0.0395  -0.0962   0.3859
 -0.0145  -0.2541  -0.1319  -0.0017  -0.0968   0.0413
 -0.0083  -0.2379  -0.1210  -0.0350  -0.0920   0.1228
 -0.0092  -0.2405  -0.1132  -0.0289  -0.0877  -0.2981
 -0.0091  -0.2483  -0.1196  -0.0277  -0.0876   0.1054
 -0.0246  -0.2230  -0.1209  -0.0004  -0.1018   0.5725
 -0.0281  -0.1920  -0.1171  -0.0432  -0.0959   0.2636
 -0.0331  -0.2309  -0.1265  -0.0262  -0.1033  -0.1249
 -0.0287  -0.2369  -0.1260   0.1119  -0.1053  -0.0532
 -0.0382  -0.1990  -0.1105   0.0554  -0.1045   0.8211
 -0.0321  -0.2353  -0.1130   0.0591  -0.0957   0.0658
 -0.0275  -0.2283  -0.1158   0.0909  -0.1006   0.2533
 -0.0242  -0.1877  -0.1199   0.0914  -0.1031   0.7083
  0.1601  -0.1850   0.0892  -0.3436   0.0241  -0.4124
  0.1185   0.0636   0.0799  -0.5121   0.0377  -1.3899
  0.0910  -0.0767   0.0828  -0.2201   0.0528   0.4706
  0.0862  -0.0396   0.0482  -0.1696   0.0469   0.2740
  0.0772  -0.0803   0.0490  -0.1485   0.0547  -0.3430
  0.0868  -0.0490   0.0430  -0.1043   0.0516  -0.3971
  0.0862  -0.0108   0.0430  -0.1053   0.0436   0.0400
  0.0903   0.0153   0.0184  -0.1184   0.0077   0.4697
  0.0987   0.0105   0.0134  -0.0767   0.0220  -0.1055
  0.1002   0.0269   0.0087  -0.0961   0.0141   0.5872
  0.1026   0.0164   0.0211  -0.1284   0.0390  -0.1899
  0.0807   0.0097   0.0036  -0.0716   0.0395  -0.4472
  0.0890   0.0379  -0.0076  -0.0671   0.0230   0.2850
  0.0897   0.0356   0.0090  -0.1003   0.0420  -0.2741
  0.0910   0.0108   0.0088  -0.0398   0.0331  -0.1374
  0.0871   0.0510   0.0022  -0.0577   0.0237  -0.0637
  0.0850   0.0239   0.0006  -0.1121   0.0343  -0.2312
  0.0823   0.0079  -0.0040  -0.0547   0.0265  -0.0014
  0.0790   0.0582  -0.0023  -0.0856   0.0210   0.3812
  0.0744   0.0254   0.0013  -0.1209   0.0335  -0.3934
  0.0721   0.0202   0.0083  -0.0268   0.0309  -0.2412
  0.0760   0.0217   0.0584  -0.2535   0.0279   0.3814
  0.0800   0.0777   0.0793  -0.2250   0.0413  -0.6274
  0.0696   0.0826   0.0594  -0.1509   0.0343  -0.0809
  0.0635   0.1000   0.0527  -0.1537   0.0322   0.4149
  0.0694   0.0687   0.0505  -0.1602   0.0480  -0.1011
  0.0743   0.0697   0.0459  -0.1148   0.0460  -0.2021
  0.0713   0.0825   0.0460  -0.1173   0.0374   0.4584
  0.0687   0.0991   0.0368  -0.1296   0.0465  -0.3413
  0.0717   0.0786   0.0416  -0.1030   0.0470  -0.3974
  0.0667   0.0671   0.0509  -0.0468   0.0333   0.0032
  0.0750   0.0764   0.0576  -0.0065   0.0305   0.3287
  0.0786   0.0382   0.0652  -0.0117   0.0525  -0.8715
  0.0711   0.0426   0.0584  -0.0247   0.0508   0.1734
  0.0870   0.0788   0.0645   0.0030   0.0472   0.3032
  0.1048  -0.0068   0.0944  -0.0656   0.0603  -0.6905
  0.1407   0.0036   0.0802  -0.1104   0.0766  -0.6007
  0.1116   0.0279   0.0692  -0.0883   0.0612  -0.2375
  0.1026   0.0542   0.0583  -0.0669   0.0583  -0.0287
  0.0881   0.0457   0.0656  -0.0824   0.0637  -0.1333
  0.0765   0.0155   0.0559  -0.0351   0.0597  -0.1336
  0.0735   0.0661   0.0496  -0.0151   0.0551   0.3190
  0.0660   0.0586   0.0515  -0.1043   0.0742  -0.0442
  0.0646   0.0437   0.0463  -0.0769   0.0706  -0.5440
  0.0636   0.0493   0.0355  -0.0202   0.0513   0.3688
  0.0608   0.0819   0.0365  -0.0644   0.0690  -0.2245
  0.0575   0.0620   0.0343  -0.0605   0.0747  -0.5174
  0.0546   0.0487   0.0387  -0.0101   0.0543   0.2420
  0.0519   0.0714   0.0372  -0.0136   0.0503   0.2434
  0.0474   0.1033   0.0385  -0.0540   0.0654  -0.4169
  0.0511   0.0688   0.0472  -0.0668   0.0761  -0.6230
  0.0533   0.0405   0.0373  -0.0408   0.0650   0.3394
  0.0418   0.0600   0.0285  -0.0078   0.0491   0.5990
  0.0318   0.1029   0.0398  -0.0051   0.0682  -0.6842
  0.0366   0.0577   0.0380  -0.0374   0.0725  -0.1604
  0.0320   0.0823   0.0451  -0.0095   0.0555   0.4019
  0.0338   0.1113   0.0379   0.0102   0.0606  -0.1449
  0.0326   0.0715   0.0412  -0.0234   0.0707  -0.3081
  0.0325   0.0779   0.0272  -0.0049   0.0603  -0.1472
  0.0320   0.1091   0.0299   0.0014   0.0560   0.6484
  0.0230   0.1049   0.0380  -0.0133   0.0703  -0.4821
  0.0201   0.0590   0.0366   0.0036   0.0723  -0.2805
  0.0209   0.0746   0.0312   0.0180   0.0566   0.2289
  0.0156   0.0930   0.0292   0.0028   0.0643  -0.2851
  0.0151   0.0952   0.0339  -0.0007   0.0672  -0.4460
  0.0197   0.0673   0.0379   0.0248   0.0613  -0.0710
  0.0208   0.0956   0.0411   0.0266   0.0559   0.3567
  0.0125   0.1022   0.0366   0.0137   0.0524  -0.0703
  0.0119   0.0646   0.0406  -0.0202   0.0630  -0.4031
  0.0043   0.0649   0.0357  -0.0016   0.0462   0.2060
  0.0005   0.0625   0.0328   0.0049   0.0421   0.4763
 -0.0005   0.1073   0.0325   0.0390   0.0431   0.0694
 -0.0057   0.0919   0.0379  -0.0467   0.0463  -0.0718
 -0.0035   0.0522   0.0494   0.0019   0.0473  -0.4159
  0.0031   0.0986   0.0486   0.0031   0.0439   0.1095
  0.0063   0.0822   0.0465  -0.0464   0.0448   0.0718
  0.0058   0.0456   0.0705  -0.0388   0.0405  -0.0663
  0.0066   0.0633   0.0628  -0.0152   0.0327   0.0649
  0.0016   0.0971   0.0598  -0.0348   0.0395  -0.2772
  0.0071   0.0638   0.0702  -0.0544   0.0412  -0.1102
  0.0029   0.0563   0.0746  -0.0392   0.0452  -0.5774
  0.0043   0.1015   0.0609   0.0485   0.0302   0.2116
  0.0075   0.0741   0.0821  -0.0850   0.0397   0.2197
  0.0010   0.0994   0.0847  -0.0120   0.0477  -0.6425
  0.0016   0.1131   0.0799  -0.0458   0.0435   0.2951
 -0.0095   0.0910   0.0824  -0.0677   0.0625  -0.4158
 -0.0189   0.0588   0.0743  -0.0438   0.0505   0.3226
 -0.0177   0.0744   0.0728  -0.0333   0.0547   0.0364
 -0.0196   0.1127   0.0702  -0.0722   0.0505   0.2052
 -0.0205   0.0910   0.0755  -0.0658   0.0570  -0.5232
  0.0018  -0.0636   0.0434   0.1007   0.0290  -0.6459
  0.0139  -0.0408  -0.0589   0.1554  -0.0560   0.3019
  0.0564   0.2884   0.0451  -0.1445   0.0416  -0.3323
  0.0016  -0.0618  -0.0650   0.0767  -0.0570   0.0454
  0.0052   0.0222   0.0048   0.0632  -0.0061  -0.7645
  0.0126   0.0368   0.0079   0.0635  -0.0096   0.5842
  0.0320   0.0297   0.0181   0.0933   0.0174  -0.2222
  0.0227   0.0004   0.0216   0.1162   0.0212   0.1872
  0.0083   0.0407   0.0144   0.1192   0.0073   0.4020
  0.0075   0.0403   0.0202   0.0868   0.0088  -0.1413
  0.0190   0.0112   0.0212   0.0975   0.0103  -0.1650
  0.0210   0.0282   0.0269   0.1170  -0.0058   0.5923
  0.0155   0.0353   0.0172   0.0676   0.0036  -0.2399
  0.0079   0.0108  -0.0067   0.0909  -0.0030  -0.7736
  0.0030  -0.0109  -0.0156   0.1526  -0.0344   0.3395
 -0.0120   0.0167  -0.0223   0.1308  -0.0377   0.0818
 -0.0085  -0.0074  -0.0301   0.1637  -0.0420   0.2601
 -0.0114   0.0068  -0.0207   0.1747  -0.0372   0.1457
 -0.0199   0.0239  -0.0133   0.1046  -0.0321   0.0903
 -0.0264  -0.0026  -0.0124   0.0920  -0.0223  -0.0546
 -0.0249  -0.0101  -0.0167   0.1699  -0.0178  -0.0055
 -0.0369   0.0296  -0.0082   0.1088  -0.0264   0.2709
 -0.0463   0.0151  -0.0203   0.1320  -0.0190  -0.3127
 -0.0493   0.0011  -0.0114   0.1588  -0.0287   0.4046
 -0.0502   0.0367  -0.0028   0.1106  -0.0199   0.2195
 -0.0492   0.0224   0.0025   0.1042  -0.0063  -0.2828
 -0.0549  -0.0005   0.0014   0.1166  -0.0011  -0.1078
 -0.0561   0.0361   0.0049   0.1190  -0.0161   0.5557
 -0.0618   0.0393  -0.0024   0.0931  -0.0127  -0.3234
 -0.0600   0.0405   0.0014   0.1069  -0.0146  -0.0753
 -0.0663   0.0231   0.0106   0.1176  -0.0227   0.2970
 -0.0687   0.0201   0.0095   0.1161  -0.0303   0.3812
 -0.0657   0.0415   0.0045   0.1246  -0.0357   0.3083
 -0.0790   0.0467   0.0042   0.1019  -0.0271  -0.3971
 -0.0778   0.0327   0.0074   0.0943  -0.0182  -0.2558
 -0.0860   0.0347   0.0127   0.1300  -0.0270   0.3186
 -0.0854   0.0548   0.0054   0.1630  -0.0339   0.3825
 -0.0951   0.0817   0.0024   0.1472  -0.0193  -0.0385
 -0.0916   0.0606   0.0148   0.1351  -0.0051  -0.4257
 -0.0998   0.0761  -0.0102   0.1370  -0.0217   0.2060
 -0.0838   0.0703  -0.0053   0.0970  -0.0187   0.1544
 -0.0956   0.0407  -0.0106   0.1058  -0.0163   0.0449
 -0.0955   0.0452  -0.0088   0.1597  -0.0320   0.3187
 -0.0917   0.0695  -0.0139   0.1046  -0.0375   0.0438
 -0.0989   0.0361  -0.0172   0.0758  -0.0280  -0.3834
 -0.0930   0.0551  -0.0183   0.1807  -0.0228   0.1263
 -0.1015   0.0931  -0.0161   0.1079  -0.0208   0.4379
 -0.1094   0.0846  -0.0226   0.0945  -0.0135  -0.5087
 -0.0925   0.0528  -0.0253   0.1025  -0.0103  -0.1642
 -0.0943   0.0376  -0.0399   0.0820  -0.0149   0.2113
 -0.0885   0.0455  -0.0441   0.1110  -0.0211   0.2674
 -0.1028   0.0795  -0.0272   0.0851  -0.0146  -0.2731
 -0.1121   0.0588  -0.0170   0.0763  -0.0115  -0.4230
 -0.1099   0.0760  -0.0138   0.0867  -0.0190   0.5866
 -0.1242   0.0939  -0.0131   0.0688  -0.0217  -0.0146
 -0.1219   0.0767  -0.0175   0.0978  -0.0153  -0.3575
 -0.1140   0.0919  -0.0184   0.1046  -0.0256   0.2071
 -0.1099   0.1127  -0.0191   0.0880  -0.0195  -0.1181
 -0.1159   0.0758  -0.0154   0.0892  -0.0133  -0.3246
 -0.1079   0.0930  -0.0151   0.1221  -0.0208   0.2428
 -0.1093   0.1132  -0.0151   0.0864  -0.0222  -0.2386
 -0.1050   0.0799  -0.0103   0.0513  -0.0107  -0.2408
 -0.1055   0.0652  -0.0065   0.0542  -0.0187   0.2226
 -0.1117   0.0853  -0.0200   0.0725  -0.0257   0.3360
 -0.1083   0.0965  -0.0173   0.0318  -0.0304   0.0896
 -0.1181   0.1029  -0.0076   0.0204  -0.0190  -0.5190
 -0.1126   0.0883  -0.0001   0.0343  -0.0211   0.0071
 -0.1142   0.0761  -0.0039   0.0419  -0.0161   0.2073
 -0.1174   0.0982  -0.0058   0.0703  -0.0220   0.3443
 -0.1116   0.1171  -0.0106   0.0304  -0.0154   0.0074
 -0.1099   0.0944   0.0032   0.0596   0.0012  -0.5995
 -0.1024   0.0582   0.0257   0.0852   0.0108   0.4238
 -0.0989   0.1039   0.0274   0.0683   0.0057   0.2003
