 -0.0068   0.0112   0.0249  -0.0073  -0.0019  -0.0217
 -0.0113   0.0218   0.0419  -0.0091  -0.0068  -0.1057
 -0.0225   0.0727   0.0414  -0.0151  -0.0135  -0.0493
 -0.0220   0.0378   0.0601   0.0173  -0.0205   0.0155
 -0.0170   0.0339   0.0671   0.0306  -0.0194  -0.0897
  0.0052   0.0178   0.0640   0.0431   0.0196   0.0099
  0.0759  -0.0696   0.0196   0.0370   0.1132   0.0024
  0.0363  -0.0734  -0.0231   0.0831   0.0547   0.0944
 -0.0707   0.1262   0.0049  -0.1275  -0.1034   0.1281
 -0.0713   0.0943   0.0268  -0.0801  -0.0542   0.0836
 -0.0061  -0.0064   0.0319   0.0560  -0.0681  -0.0002
 -0.0028  -0.0063   0.0513  -0.0317  -0.0336  -0.0849
  0.0209  -0.0931   0.0345   0.0731  -0.0048  -0.0140
  0.0579  -0.2613   0.0524   0.2631   0.0263   0.0138
  0.0908  -0.2724  -0.0179   0.2546   0.0767   0.0284
  0.0712  -0.1478  -0.0193  -0.0430   0.1869  -0.0028
  0.0308  -0.0948  -0.0353   0.0468  -0.0105   0.1485
 -0.0126  -0.1539  -0.0523   0.1537  -0.0716   0.0625
 -0.0226  -0.0114  -0.0200  -0.1033   0.0298  -0.0941
 -0.0338   0.0824  -0.0110  -0.0861   0.0082   0.0364
 -0.0376   0.0572   0.0291  -0.1135  -0.0338  -0.0425
 -0.0456   0.0137   0.0379  -0.0016  -0.0321  -0.0360
  0.0092  -0.0682  -0.0007   0.0921   0.0852  -0.0101
  0.0063  -0.0396   0.0133  -0.0251   0.0781  -0.0339
 -0.0035  -0.0887  -0.0409   0.1669  -0.0395   0.1233
  0.0115   0.0611  -0.0085  -0.0691  -0.0171   0.0206
 -0.0162   0.1867  -0.0134  -0.2513  -0.0788  -0.0092
  0.0034  -0.0315  -0.0238   0.1098  -0.0627   0.0386
 -0.0154  -0.0491   0.0224   0.1402  -0.0109  -0.0644
  0.0181  -0.0451   0.0326  -0.0332   0.0456  -0.1021
  0.0309  -0.0866  -0.0255   0.0111   0.0912  -0.0240
  0.0422   0.0086  -0.0025  -0.0430   0.0403   0.0258
  0.0255  -0.1345  -0.0241   0.2347  -0.0341   0.1034
 -0.0124  -0.0488   0.0250   0.0512  -0.0428   0.0199
  0.0291   0.0189   0.0061  -0.0784  -0.0493  -0.0340
 -0.0036  -0.0383  -0.0177   0.0635  -0.0104   0.0040
  0.0231   0.0350   0.0077  -0.0074  -0.0223  -0.0704
  0.0028  -0.0059  -0.0139  -0.0870   0.0010   0.0231
  0.0347  -0.0469   0.0110   0.0627   0.0117   0.0492
  0.0248   0.0293  -0.0040  -0.1100   0.0490   0.0515
 -0.0123  -0.0055  -0.0158   0.0066   0.0403   0.0728
  0.0168  -0.0465  -0.0256   0.1306  -0.0408   0.0137
 -0.0054   0.0733   0.0234  -0.1914  -0.0566  -0.1216
  0.0155  -0.0216  -0.0418   0.0632  -0.0466   0.0486
  0.0225   0.0081   0.0147   0.0083   0.0770  -0.0568
  0.0105   0.0592  -0.0006  -0.1344  -0.0611  -0.0051
  0.0074  -0.0503  -0.0087   0.1510  -0.0588   0.0599
  0.0269  -0.0120  -0.0207   0.0059   0.0310   0.0019
  0.0141   0.0644   0.0006  -0.1476  -0.0017  -0.0333
  0.0170  -0.0506  -0.0271   0.1488  -0.0301   0.0743
  0.0378   0.0292  -0.0031  -0.0515   0.0520  -0.0774
  0.0238   0.0961  -0.0020  -0.1863  -0.0234  -0.0398
 -0.0236  -0.0394  -0.0229   0.1338  -0.0307   0.0920
  0.0406   0.0170   0.0062  -0.0491  -0.0071  -0.0599
 -0.0143   0.0767  -0.0108  -0.1530  -0.0196   0.0113
 -0.0113  -0.0541  -0.0191   0.0960  -0.0184   0.0731
 -0.0121   0.0302   0.0003   0.0169  -0.0225  -0.0013
 -0.0190   0.0471  -0.0100  -0.0198  -0.0320   0.0295
 -0.0125  -0.0226  -0.0310   0.0361   0.0116  -0.0075
 -0.0072   0.0211  -0.0128  -0.0597  -0.0209  -0.0361
 -0.0175   0.0527   0.0036   0.1528  -0.0142   0.0945
 -0.0153  -0.1101  -0.0365   0.3573  -0.0164   0.1065
 -0.0100   0.0081  -0.0239  -0.1602  -0.0645  -0.0637
 -0.0159  -0.0089  -0.0406  -0.0651  -0.0598  -0.0188
 -0.0238  -0.0085   0.0010   0.0635  -0.0411  -0.0696
 -0.0277   0.0699  -0.0210  -0.0629  -0.0098  -0.0193
 -0.0099  -0.0753  -0.0147   0.0431   0.0061  -0.0016
 -0.0275   0.0702  -0.0106  -0.1543  -0.0205  -0.0678
 -0.0135  -0.0627  -0.0231   0.1659   0.0120   0.1240
  0.0103   0.0303  -0.0099  -0.1329   0.0385  -0.0567
 -0.0148   0.0588  -0.0365  -0.0743   0.0166  -0.0157
 -0.0033  -0.0680  -0.0315   0.1736   0.0435   0.0004
 -0.0043   0.1560  -0.0015  -0.2416   0.0268  -0.1003
 -0.0090  -0.0437  -0.0262   0.0980  -0.0211   0.0688
  0.0016   0.0238  -0.0071  -0.0885   0.0262  -0.0293
 -0.0142   0.0321  -0.0152  -0.0473  -0.0388   0.0001
 -0.0066  -0.0716  -0.0226   0.1819   0.0351   0.0278
 -0.0122   0.1363  -0.0144  -0.2315  -0.0552  -0.0281
 -0.0106  -0.0069  -0.0135   0.0632   0.0211   0.0563
 -0.0139  -0.0012  -0.0106   0.0246   0.0251  -0.0039
 -0.0123   0.2018   0.0151  -0.4011   0.0254  -0.1002
 -0.0316   0.1155  -0.0151   0.0040  -0.0064   0.0207
 -0.0099   0.0046   0.0278   0.0858   0.0142  -0.0084
 -0.0159  -0.0031   0.0101  -0.0547   0.0072  -0.0103
  0.0018  -0.0719   0.0145   0.0574   0.0483   0.0254
 -0.0176  -0.0312  -0.0087   0.0228   0.0152   0.0421
  0.0004  -0.0775   0.0003   0.1103  -0.0136   0.1134
  0.0227   0.0723   0.0047  -0.2419   0.0703  -0.1224
  0.0028   0.0162  -0.0109   0.0401  -0.0221  -0.0041
  0.0230  -0.0452  -0.0009   0.1514  -0.0063  -0.0145
  0.0048   0.0961  -0.0136  -0.1514  -0.0317  -0.0263
  0.0110  -0.1056  -0.0240   0.1861  -0.0175   0.0909
  0.0331   0.0446  -0.0107  -0.1513   0.0157  -0.0794
  0.0176  -0.0023  -0.0310   0.0008  -0.0015   0.0063
  0.0302   0.0243   0.0057   0.0253  -0.0002  -0.0391
  0.0127   0.1011  -0.0075  -0.1347  -0.0099   0.0092
  0.0236  -0.1039  -0.0191   0.2262   0.0127   0.0646
  0.0285   0.0206   0.0174  -0.1786   0.0212  -0.0749
  0.0091   0.1048   0.0008  -0.1134  -0.0174  -0.0096
  0.0083  -0.1027   0.0133   0.3641  -0.0072   0.1351
  0.0396   0.0310   0.0123  -0.1804   0.0389  -0.0689
  0.0255   0.0880   0.0015  -0.2184   0.0241  -0.0792
 -0.0247  -0.0865  -0.0050   0.2553  -0.0235   0.0955
  0.0415   0.0033   0.0083  -0.1267   0.0276  -0.0877
 -0.0242   0.1055  -0.0041  -0.1276  -0.0450  -0.0079
 -0.0216  -0.0626  -0.0057   0.2377   0.0232   0.0988
 -0.0253   0.0945   0.0036  -0.0940  -0.0024  -0.0112
 -0.0272   0.0097  -0.0024   0.0063   0.0116   0.0269
 -0.0114   0.0101   0.0355  -0.0283   0.0039  -0.0612
 -0.0260   0.0581   0.0055  -0.0436   0.0145  -0.0370
 -0.0101  -0.0733   0.0224   0.1013   0.0243  -0.0075
 -0.0230   0.0852   0.0227  -0.2402   0.0158  -0.0871
 -0.0247  -0.0619  -0.0005   0.1550   0.0273   0.0788
 -0.0253   0.0315   0.0366  -0.0107  -0.0243  -0.0160
 -0.0111   0.1153   0.0337  -0.2413   0.0070  -0.1225
 -0.0308   0.0152  -0.0013   0.1153  -0.0154   0.0812
 -0.0227  -0.0964   0.0180   0.2127   0.0003   0.1122
 -0.0154   0.0788   0.0246  -0.1934  -0.0017  -0.0560
 -0.0197  -0.0055   0.0067   0.0404   0.0174   0.0335
 -0.0045   0.0055   0.0412  -0.0007   0.0174  -0.0849
