 -0.0510  -0.0265  -0.0071   0.1087  -0.0407  -0.0697
 -0.0207  -0.0494  -0.0297   0.1818  -0.0457  -0.1749
 -0.0386  -0.0325  -0.0369   0.2734  -0.0628  -0.0736
 -0.0465  -0.0312  -0.0508   0.2527  -0.0699  -0.0806
 -0.0534  -0.0318  -0.0498   0.2884  -0.0745  -0.1661
 -0.0483  -0.0063  -0.0527   0.2669  -0.0869  -0.0515
 -0.0468  -0.0045  -0.0457   0.2474  -0.0779  -0.1508
 -0.0456  -0.0236  -0.0393   0.2717  -0.0712  -0.1161
 -0.0390  -0.0081  -0.0399   0.2215  -0.0662  -0.0420
 -0.0339  -0.0042  -0.0271   0.2916  -0.0778  -0.1940
 -0.0432  -0.0318  -0.0261   0.2563  -0.0672  -0.0683
 -0.0304  -0.0295  -0.0329   0.2111  -0.0613  -0.0583
 -0.0296  -0.0477  -0.0215   0.2297  -0.0637  -0.1341
 -0.0424  -0.0188  -0.0140   0.1860  -0.0530  -0.0235
 -0.0283  -0.0438  -0.0293   0.1503  -0.0541  -0.0531
 -0.0288  -0.0448  -0.0235   0.1977  -0.0645  -0.1101
 -0.0237  -0.0118  -0.0274   0.1820  -0.0717  -0.0186
 -0.0262  -0.0384  -0.0349   0.1810  -0.0739  -0.0799
 -0.0175  -0.0586  -0.0368   0.2217  -0.0801  -0.1310
 -0.0188  -0.0379  -0.0280   0.1655  -0.0804   0.0097
 -0.0103  -0.0592  -0.0272   0.1973  -0.0701  -0.1329
 -0.0359  -0.0295  -0.0472   0.1993  -0.0835  -0.0120
 -0.0263  -0.0577  -0.0332   0.1773  -0.0721  -0.0700
 -0.0231  -0.0339  -0.0459   0.2190  -0.1148  -0.0710
 -0.0292  -0.0741  -0.0648   0.1931  -0.1182   0.0110
 -0.0309  -0.0238  -0.0393   0.0930  -0.0882   0.0425
 -0.0199  -0.0076  -0.0468   0.2211  -0.0830  -0.1751
 -0.0238  -0.0128  -0.0383   0.1566  -0.0685  -0.0037
 -0.0149  -0.0130  -0.0287   0.2236  -0.0765  -0.1299
 -0.0167  -0.0083  -0.0327   0.2348  -0.0850  -0.0373
  0.0036  -0.0021  -0.0303   0.1615  -0.0630  -0.0009
  0.0336  -0.0368  -0.0142   0.1734  -0.0303  -0.0841
  0.0209  -0.0168  -0.0067   0.1434  -0.0439   0.0094
  0.0228  -0.0188  -0.0071   0.1275  -0.0477  -0.0199
  0.0108  -0.0036  -0.0327   0.2033  -0.0679  -0.0781
 -0.0010  -0.0039  -0.0842   0.1821  -0.1052   0.0302
 -0.0001  -0.0416  -0.0713   0.2054  -0.0996  -0.1153
  0.0005  -0.0316  -0.0704   0.2203  -0.1028  -0.0221
 -0.0030  -0.0319  -0.0699   0.2118  -0.1142  -0.0264
  0.0013  -0.0312  -0.0562   0.2184  -0.1140  -0.1028
  0.0092   0.0239  -0.0541   0.2201  -0.1003   0.0029
  0.0073  -0.0139  -0.0628   0.2017  -0.1045  -0.0898
 -0.0005   0.0136  -0.0639   0.2153  -0.1055   0.0025
 -0.0014   0.0085  -0.0741   0.1901  -0.1086  -0.0617
 -0.0064  -0.0025  -0.0580   0.2233  -0.1043  -0.0860
 -0.0017   0.0414  -0.0726   0.1668  -0.1131   0.0032
 -0.0129   0.0113  -0.0491   0.2089  -0.1023  -0.1227
  0.0040   0.0304  -0.0503   0.1767  -0.0950   0.0282
  0.0032   0.0333  -0.0537   0.1713  -0.0869  -0.1001
  0.0073   0.0529  -0.0367   0.2053  -0.0772  -0.0476
  0.0094   0.0556  -0.0471   0.1507  -0.0901  -0.0334
  0.0027   0.0541  -0.0413   0.2237  -0.1029  -0.1133
  0.0130   0.0523  -0.0603   0.1873  -0.1179  -0.0050
  0.0091   0.0373  -0.0522   0.1857  -0.1104  -0.1217
  0.0118   0.0578  -0.0549   0.1440  -0.1024   0.0418
  0.0079   0.0547  -0.0453   0.1473  -0.1025  -0.0712
  0.0132   0.0381  -0.0428   0.2117  -0.0997  -0.0710
  0.0162   0.0428  -0.0398   0.1458  -0.0985   0.0044
  0.0084   0.0020  -0.0561   0.1862  -0.0993  -0.1204
  0.0180   0.0129  -0.0640   0.1432  -0.1045   0.0485
  0.0002   0.0253  -0.0657   0.1808  -0.1010  -0.1122
 -0.0278  -0.0094  -0.1144   0.2345  -0.0947   0.0394
 -0.0078  -0.1743  -0.0681   0.4003  -0.0981  -0.1442
  0.0223  -0.3208  -0.0532   0.3484  -0.0549   0.0152
  0.0159  -0.2274  -0.0603   0.3330  -0.0650  -0.0588
 -0.0271  -0.1437  -0.0996   0.2290  -0.0883   0.0721
  0.0055  -0.1550  -0.0744   0.2743  -0.0818  -0.0519
  0.0164  -0.1414  -0.0819   0.2295  -0.0716   0.0598
  0.0017  -0.1461  -0.0672   0.2308  -0.0673  -0.0457
  0.0022  -0.1220  -0.0659   0.2044  -0.0553   0.0825
 -0.0025  -0.1400  -0.0618   0.1951  -0.0616  -0.0344
 -0.0015  -0.1134  -0.0639   0.1895  -0.0507   0.0759
 -0.0008  -0.1254  -0.0592   0.1749  -0.0528  -0.0248
  0.0023  -0.1008  -0.0430   0.1783  -0.0408   0.0534
  0.0118  -0.0917  -0.0512   0.1457  -0.0372   0.0255
  0.0022  -0.1440  -0.0457   0.1853  -0.0480  -0.0533
 -0.0132  -0.1313  -0.0620   0.1039  -0.0535   0.1095
 -0.0213  -0.0859  -0.0480   0.1761  -0.0594  -0.0271
 -0.0195  -0.0729  -0.0602   0.1482  -0.0505   0.0401
 -0.0165  -0.1015  -0.0570   0.1495  -0.0586  -0.0039
 -0.0225  -0.1008  -0.0576   0.0822  -0.0654   0.1235
 -0.0135  -0.0978  -0.0481   0.1122  -0.0632  -0.0026
 -0.0024  -0.0951  -0.0571   0.0634  -0.0409   0.1858
 -0.0207  -0.0612  -0.0556   0.1159  -0.0494  -0.0432
 -0.0224  -0.0198  -0.0433   0.0044  -0.0417   0.1099
 -0.0173  -0.0425  -0.0362   0.0346  -0.0488  -0.0301
 -0.0237  -0.0013  -0.0383   0.0148  -0.0513   0.1007
 -0.0130  -0.0499  -0.0324   0.0672  -0.0449  -0.0442
 -0.0069  -0.0093  -0.0211   0.0571  -0.0449   0.0821
 -0.0065  -0.0087  -0.0129   0.0427  -0.0555  -0.0145
 -0.0043  -0.0351  -0.0083   0.0746  -0.0634   0.0491
  0.0167  -0.0194  -0.0238   0.0138  -0.0500   0.0744
  0.0207  -0.0323  -0.0323   0.0600  -0.0521  -0.0573
  0.0054  -0.0247  -0.0294  -0.0072  -0.0595   0.1469
  0.0051  -0.0608  -0.0247   0.0403  -0.0623  -0.0215
  0.0099  -0.0403  -0.0293  -0.0091  -0.0524   0.1317
  0.0243  -0.0382  -0.0220  -0.0074  -0.0397   0.0008
  0.0144  -0.0461  -0.0191   0.0115  -0.0393   0.0876
  0.0095  -0.0388  -0.0276  -0.0406  -0.0423   0.0331
  0.0146  -0.0666  -0.0299   0.0953  -0.0346   0.1334
  0.0173  -0.0655  -0.0428   0.1004  -0.0435  -0.0493
 -0.0921  -0.1141  -0.0889   0.0305  -0.1048   0.1038
 -0.0803  -0.1535  -0.0218   0.1503   0.0042  -0.0784
 -0.0322  -0.1108  -0.0353   0.0855   0.0071  -0.0083
 -0.0556  -0.0711  -0.0457   0.0959  -0.0360  -0.0023
 -0.0412  -0.0706  -0.0468   0.0372  -0.0254   0.0077
 -0.0470  -0.0385  -0.0355   0.0472  -0.0383  -0.0097
 -0.0325  -0.0368  -0.0255  -0.0356  -0.0327   0.0596
 -0.0355  -0.0132  -0.0092   0.0045  -0.0339  -0.0416
 -0.0240  -0.0027  -0.0128  -0.0414  -0.0264   0.0596
 -0.0069  -0.0208   0.0170  -0.0106  -0.0094  -0.0726
 -0.0071  -0.0155   0.0122  -0.0558  -0.0074   0.1029
 -0.0067  -0.0230   0.0168  -0.0649  -0.0018  -0.0435
 -0.0237   0.0163   0.0045  -0.0433  -0.0103   0.0322
 -0.0386   0.0025  -0.0115  -0.0808  -0.0282   0.0023
 -0.0430   0.0017   0.0021  -0.0340  -0.0271  -0.0084
 -0.0253   0.0172   0.0004  -0.1067  -0.0166   0.0843
 -0.0264   0.0062   0.0042  -0.0363  -0.0151  -0.0412
 -0.0452   0.0334  -0.0045  -0.0861  -0.0231   0.0784
 -0.0180   0.0206   0.0127  -0.0426  -0.0113  -0.0764
 -0.0349   0.0275   0.0155  -0.0671  -0.0223   0.0933
 -0.0347   0.0088   0.0194  -0.0420  -0.0132  -0.0644
 -0.0308   0.0409   0.0259  -0.0786  -0.0105   0.0702
 -0.0324   0.0194   0.0240  -0.0803  -0.0115  -0.0527
 -0.0428   0.0280   0.0369  -0.0328  -0.0026  -0.0302
 -0.0392   0.0598   0.0390  -0.0981   0.0070   0.0278
 -0.0326   0.0542   0.0669  -0.0506   0.0205  -0.0718
 -0.0262   0.0820   0.0765  -0.1200   0.0186   0.0713
 -0.0417   0.0723   0.0781  -0.0492   0.0184  -0.0934
 -0.0470   0.0742   0.0653  -0.1378   0.0105   0.1177
 -0.0536   0.0790   0.0655  -0.0767  -0.0044  -0.0769
 -0.0585   0.0923   0.0399   0.0170  -0.0146  -0.0782
 -0.0425   0.0885   0.0461  -0.0795   0.0052  -0.0134
 -0.0129   0.1030   0.0648  -0.0199   0.0261  -0.0783
 -0.0038   0.1060   0.0616  -0.0984   0.0212   0.0385
 -0.0050   0.0862   0.0793  -0.0231   0.0390  -0.1409
  0.0143   0.0135   0.0155  -0.0855   0.0315   0.0840
 -0.0180  -0.0153  -0.0109  -0.0255   0.0241   0.0034
 -0.0164  -0.1424  -0.0324   0.0545   0.0126   0.0035
 -0.0177  -0.0986   0.0031   0.0482   0.0406  -0.0944
 -0.0029  -0.0635   0.0097  -0.0186   0.0406   0.0963
  0.0103  -0.0505   0.0149  -0.0267   0.0545  -0.0570
  0.0122  -0.0478   0.0266  -0.0340   0.0569   0.0528
  0.0116  -0.0389   0.0188  -0.1140   0.0639   0.0101
 -0.0018  -0.0248   0.0398  -0.1974   0.0679   0.2085
 -0.0031  -0.0280   0.0113  -0.1181   0.0765   0.0283
 -0.0026  -0.0231   0.0035  -0.1683   0.1024   0.0114
  0.0257  -0.0956   0.0374  -0.1556   0.1287   0.1629
  0.0279  -0.0628   0.0737  -0.2075   0.1338   0.0058
  0.0261   0.0009   0.0631  -0.2363   0.1465   0.1772
  0.0096   0.0005   0.0709  -0.2021   0.1277  -0.0121
  0.0201   0.0408   0.0694  -0.2303   0.1330   0.1457
  0.0484   0.0362   0.1104  -0.1426   0.0914  -0.1704
  0.0413   0.0447   0.0761  -0.3124   0.1024   0.2193
  0.0226   0.0799   0.0985  -0.3142   0.0960   0.1019
  0.0320   0.0988   0.0893  -0.3259   0.0917   0.0880
  0.0387   0.0879   0.0890  -0.2705   0.1036   0.0065
  0.0280   0.1001   0.0732  -0.3074   0.1014   0.0876
  0.0363   0.0961   0.0955  -0.2277   0.1118  -0.0542
  0.0321   0.1439   0.0712  -0.3414   0.1123   0.1440
  0.0241   0.0882   0.0906  -0.2631   0.1062  -0.0457
  0.0302   0.1454   0.0849  -0.3483   0.0961   0.1147
  0.0450   0.1254   0.1170  -0.3488   0.1065  -0.0167
  0.0461   0.1553   0.1166  -0.3701   0.1144   0.1415
  0.0459   0.1231   0.1244  -0.3677   0.1146  -0.0262
  0.0540   0.1513   0.0988  -0.3918   0.0977   0.1425
  0.0713   0.1371   0.1136  -0.4088   0.1081   0.0202
  0.0720   0.1366   0.1303  -0.3511   0.1147   0.0743
  0.0740   0.1549   0.1517  -0.3914   0.1231   0.0475
  0.0748   0.1353   0.1537  -0.3535   0.1245   0.0506
  0.0847   0.0673   0.1446  -0.3719   0.1438   0.0907
  0.1022   0.0383   0.1610  -0.2338   0.1592   0.0835
  0.0768   0.0327   0.1540  -0.2308   0.1558  -0.1048
  0.0794   0.1444   0.1500  -0.2147   0.1165   0.0464
  0.0800   0.1428   0.1420  -0.2735   0.1240  -0.0495
  0.0174   0.0605   0.0824  -0.5182   0.0913   0.3113
 -0.0202  -0.0622   0.0314  -0.5450   0.1243   0.2472
  0.0000  -0.0866   0.0202  -0.3073   0.0934   0.2349
 -0.0071   0.0422  -0.0766  -0.2438   0.1377  -0.0249
 -0.0074   0.0624  -0.0393  -0.2983   0.1353   0.0636
  0.0105   0.1132  -0.0068  -0.2671   0.1579  -0.0647
  0.0400   0.1126   0.0110  -0.2761   0.1568   0.1040
  0.0458   0.0998   0.0118  -0.2420   0.1672  -0.0213
  0.0181   0.0450  -0.0381  -0.1728   0.1155   0.0383
 -0.0087  -0.0748  -0.0096  -0.2115   0.1377   0.0639
  0.0056   0.0095   0.0109  -0.2374   0.1404  -0.0851
  0.0177   0.0773   0.0284  -0.2014   0.1335   0.0725
  0.0346   0.0989   0.0197  -0.2431   0.1436  -0.0398
  0.0208   0.0792   0.0285  -0.2519   0.1411   0.0381
  0.0586   0.1081   0.0517  -0.2824   0.1705   0.0129
  0.0684   0.1102   0.0485  -0.2689   0.1621  -0.0202
  0.0652   0.1333   0.0587  -0.3277   0.1796   0.0136
  0.0599   0.1006   0.0675  -0.2684   0.1690   0.0172
  0.0729   0.1041   0.0897  -0.2729   0.1942  -0.0506
  0.0680   0.1140   0.0853  -0.2903   0.1911   0.0833
  0.0506   0.0998   0.0973  -0.2764   0.1821  -0.0502
  0.0590   0.1086   0.0879  -0.2834   0.1862   0.0830
  0.0581   0.1193   0.1046  -0.2927   0.1851  -0.0576
  0.0616   0.1576   0.0773  -0.2718   0.1655   0.0400
  0.0709   0.0996   0.0586  -0.2430   0.1566   0.0073
