  0.0496   0.6616  -0.2277  -0.5532  -0.0404  -0.1009
  0.0682   0.6579  -0.2250  -0.5650  -0.0484  -0.1015
  0.0636   0.6187  -0.2362  -0.4999  -0.0651  -0.0733
  0.0730   0.5988  -0.2233  -0.5336  -0.0591  -0.0902
  0.0928   0.6102  -0.2285  -0.5558  -0.0540  -0.0950
  0.0918   0.6020  -0.2357  -0.5723  -0.0639  -0.0880
  0.0665   0.5840  -0.2270  -0.5650  -0.0564  -0.0931
  0.0222   0.5790  -0.1726  -0.4261  -0.0509  -0.0731
  0.0300   0.5551  -0.1543  -0.4444  -0.0358  -0.0995
  0.0334   0.5439  -0.1171  -0.3462  -0.0342  -0.0775
  0.0187   0.5634  -0.1104  -0.3666  -0.0166  -0.0920
  0.0108   0.5724  -0.1157  -0.4258  -0.0161  -0.1052
  0.0189   0.5779  -0.1392  -0.3927  -0.0336  -0.0856
  0.0310   0.5790  -0.1412  -0.4053  -0.0350  -0.0877
  0.0462   0.5888  -0.0833  -0.4177   0.0511  -0.1140
  0.0304   0.5668  -0.0965  -0.4001   0.0217  -0.1055
  0.0201   0.5904  -0.1086  -0.3937   0.0164  -0.0962
  0.0270   0.5888  -0.1112  -0.4121   0.0078  -0.1004
  0.0294   0.5525  -0.1025  -0.3944   0.0052  -0.0938
  0.0300   0.5299  -0.1010  -0.3658   0.0048  -0.0884
  0.0374   0.5479  -0.1202  -0.4130  -0.0000  -0.1202
  0.0420   0.5495  -0.1193  -0.4229  -0.0043  -0.1042
  0.0436   0.5586  -0.1344  -0.4189  -0.0009  -0.0958
  0.0340   0.5675  -0.1229  -0.4769   0.0205  -0.1029
  0.0424   0.5393  -0.1140  -0.4311   0.0125  -0.0815
  0.0461   0.5207  -0.1079  -0.4205   0.0170  -0.0722
  0.0364   0.4889  -0.1049  -0.4403   0.0037  -0.0712
  0.0268   0.4909  -0.1031  -0.3998  -0.0014  -0.0647
  0.0175   0.4899  -0.1152  -0.4079  -0.0075  -0.0692
  0.0197   0.5062  -0.1012  -0.4461   0.0117  -0.0781
  0.0683   0.5072  -0.0504  -0.4214   0.1016  -0.0667
  0.0397   0.4824  -0.0812  -0.4472   0.0381  -0.0677
  0.0432   0.4531  -0.0672  -0.4219   0.0402  -0.0724
  0.0289   0.4406  -0.0999  -0.3900  -0.0127  -0.0662
  0.0272   0.4420  -0.1091  -0.4271  -0.0099  -0.0696
  0.0276   0.4459  -0.1127  -0.4326  -0.0181  -0.0801
  0.0264   0.4582  -0.1061  -0.3993  -0.0157  -0.0714
  0.0300   0.4441  -0.1102  -0.4286  -0.0120  -0.0677
  0.0151   0.3876  -0.1165  -0.3918  -0.0031  -0.0490
  0.0166   0.3527  -0.1076  -0.3618  -0.0051  -0.0454
  0.0118   0.3559  -0.1112  -0.3644  -0.0131  -0.0489
  0.0238   0.3572  -0.1158  -0.3863  -0.0219  -0.0476
  0.0313   0.3447  -0.1197  -0.3750  -0.0240  -0.0383
  0.0345   0.3477  -0.1218  -0.3654  -0.0267  -0.0559
  0.0136   0.3367  -0.1323  -0.4240  -0.0318  -0.0563
  0.0297   0.3260  -0.1102  -0.3621  -0.0264  -0.0417
  0.0303   0.3680  -0.1138  -0.4194  -0.0197  -0.0605
  0.0291   0.4113  -0.0804  -0.4979   0.0090  -0.0685
  0.0180   0.3955  -0.0822  -0.4505   0.0162  -0.0641
  0.0084   0.4213  -0.0760  -0.5311   0.0254  -0.0927
  0.0062   0.3943  -0.0796  -0.4759   0.0062  -0.0664
 -0.0059   0.4216  -0.0805  -0.5401   0.0061  -0.0808
  0.0109   0.4482  -0.0667  -0.3490   0.0487  -0.0745
 -0.0413   0.5031   0.0006  -0.1250   0.0497  -0.0592
  0.0070   0.5074   0.0040  -0.2759   0.0586  -0.1183
  0.0046   0.4574  -0.0032  -0.0765   0.0606  -0.0939
  0.0080   0.4655   0.0114  -0.0759   0.0557  -0.1259
  0.0081   0.4747   0.0088  -0.0488   0.0570  -0.1262
  0.0335   0.4712   0.0057  -0.0929   0.0421  -0.1351
  0.0372   0.4453   0.0245  -0.0432   0.0509  -0.0928
  0.0515   0.4738   0.0112  -0.1382   0.0568  -0.1062
  0.0529   0.4049  -0.0134  -0.1520   0.0157  -0.0959
  0.0337   0.3704  -0.0274  -0.1473   0.0120  -0.0994
  0.0098   0.3771  -0.0137  -0.1463  -0.0077  -0.0958
  0.0168   0.3687  -0.0032  -0.1089  -0.0166  -0.0677
 -0.0530   0.3878  -0.0404  -0.1613  -0.0415  -0.0891
 -0.1002   0.3069  -0.0703  -0.0811  -0.0413  -0.0535
 -0.1053   0.3096  -0.0551  -0.0825  -0.0381  -0.0543
 -0.1000   0.2540  -0.0413  -0.0672  -0.0518  -0.0492
 -0.1005   0.2123  -0.0254   0.0744  -0.0491  -0.0377
 -0.1140   0.2088  -0.0006   0.0954  -0.0474  -0.0195
 -0.1134   0.2186  -0.0045   0.0331  -0.0561  -0.0250
 -0.0934   0.2457  -0.0146  -0.0963  -0.0257  -0.0628
 -0.0870   0.2057   0.0077   0.0521  -0.0114  -0.0294
 -0.0725   0.2239  -0.0084  -0.0612  -0.0298  -0.0375
 -0.0668   0.2061  -0.0038   0.0520  -0.0241  -0.0174
 -0.0658   0.1923   0.0133   0.0729  -0.0218  -0.0376
 -0.0673   0.2169   0.0112  -0.0227  -0.0089  -0.0580
 -0.0470   0.1952  -0.0210  -0.1243  -0.0166  -0.0465
 -0.0514   0.1752  -0.0244  -0.1214  -0.0141  -0.0326
 -0.0338   0.1300   0.0643   0.0366   0.0509  -0.0434
  0.0218   0.0685   0.0695   0.0010   0.1248  -0.0495
 -0.0570   0.0473   0.0515   0.0512   0.0069  -0.0350
 -0.0569   0.0295   0.0361   0.1198   0.0058  -0.0143
 -0.0467   0.0170   0.0411   0.0404  -0.0189  -0.0146
 -0.0442  -0.0074   0.0552   0.1898   0.0075   0.0025
 -0.0406  -0.0353   0.0596   0.1182   0.0099  -0.0069
 -0.0412  -0.0379   0.0486   0.1498  -0.0019   0.0089
 -0.0471  -0.0333   0.0366   0.1398  -0.0001   0.0088
 -0.0545  -0.0602   0.0411   0.1184   0.0004  -0.0010
 -0.0733  -0.0799   0.0394   0.2069  -0.0019   0.0214
 -0.0621  -0.0916   0.0139   0.1464  -0.0169   0.0137
 -0.0538  -0.1315   0.0399   0.1366  -0.0115   0.0074
 -0.0629  -0.0311   0.0406   0.2369  -0.0083   0.0001
 -0.0604  -0.0489   0.0394   0.1593  -0.0056   0.0098
 -0.0551  -0.0282   0.0516   0.1441   0.0025  -0.0032
 -0.0442  -0.1175   0.0456   0.2344   0.0009   0.0266
 -0.0357  -0.2417   0.0418   0.2267  -0.0018   0.0444
 -0.0297  -0.2927   0.0475   0.2191   0.0052   0.0382
 -0.0190  -0.2801   0.0442   0.2464   0.0075   0.0493
 -0.0008  -0.2501   0.0509   0.2237  -0.0051   0.0475
 -0.0164  -0.2588   0.0506   0.2815  -0.0042   0.0700
 -0.0256  -0.2403   0.0402   0.2248  -0.0049   0.0546
 -0.0258  -0.2487   0.0481   0.2190  -0.0096   0.0615
 -0.0439  -0.2741   0.0495   0.2544   0.0046   0.0754
 -0.0497  -0.3250   0.0482   0.1825   0.0085   0.0690
 -0.0367  -0.3368   0.0591   0.2280   0.0085   0.0820
 -0.0430  -0.3139   0.0563   0.2496   0.0094   0.0821
 -0.0499  -0.2703   0.0564   0.2105   0.0076   0.0481
 -0.0419  -0.2966   0.0522   0.2219  -0.0012   0.0684
 -0.0439  -0.2826   0.0507   0.2567   0.0084   0.0622
 -0.0516  -0.2616   0.0488   0.1830   0.0158   0.0361
 -0.0410  -0.2780   0.0476   0.2377   0.0114   0.0525
 -0.0283  -0.2834   0.0428   0.2382   0.0090   0.0559
 -0.0155  -0.2752   0.0600   0.2008   0.0201   0.0503
 -0.0255  -0.2983   0.0637   0.2743   0.0128   0.0649
 -0.0263  -0.2880   0.0497   0.2280   0.0091   0.0551
 -0.0223  -0.2988   0.0521   0.2062  -0.0018   0.0521
 -0.0247  -0.3327   0.0650   0.2934   0.0107   0.0672
 -0.0212  -0.2778   0.0636   0.2295   0.0132   0.0418
 -0.0262  -0.3018   0.0552   0.2245  -0.0043   0.0551
 -0.0087  -0.3155   0.0544   0.3021  -0.0079   0.0729
 -0.0095  -0.3130   0.0477   0.2197  -0.0069   0.0487
 -0.0028  -0.3184   0.0502   0.2794  -0.0030   0.0543
 -0.0087  -0.3305   0.0518   0.2498  -0.0030   0.0582
  0.0023  -0.3381   0.0669   0.2420  -0.0120   0.0611
  0.0036  -0.3365   0.0585   0.2730  -0.0082   0.0641
 -0.0020  -0.3297   0.0608   0.2225   0.0060   0.0584
  0.0094  -0.3458   0.0578   0.2351  -0.0084   0.0622
  0.0072  -0.3580   0.0630   0.2895  -0.0029   0.0737
  0.0124  -0.3586   0.0637   0.2295  -0.0073   0.0689
  0.0122  -0.3728   0.0651   0.2368  -0.0111   0.0657
  0.0197  -0.3842   0.0598   0.2644  -0.0100   0.0733
  0.0144  -0.3720   0.0581   0.1886  -0.0095   0.0685
  0.0159  -0.3747   0.0584   0.2277  -0.0100   0.0674
  0.0045  -0.3737   0.0568   0.2508   0.0034   0.0648
  0.0134  -0.4286   0.0656   0.2149  -0.0012   0.0827
  0.0125  -0.4520   0.0583   0.2632  -0.0003   0.0956
  0.0031  -0.4263   0.0415   0.2585  -0.0020   0.0830
 -0.0009  -0.4060   0.0510   0.2174  -0.0040   0.0741
  0.0037  -0.4356   0.0625   0.2913  -0.0043   0.0980
  0.0096  -0.4253   0.0499   0.2525  -0.0106   0.0871
  0.0084  -0.4556   0.0513   0.2641  -0.0134   0.0752
  0.0069  -0.4410   0.0624   0.3094  -0.0063   0.0866
  0.0050  -0.4659   0.0590   0.2996  -0.0053   0.0937
  0.0154  -0.4547   0.0543   0.2734  -0.0176   0.0727
  0.0108  -0.4768   0.0641   0.3196  -0.0112   0.1015
  0.0124  -0.4510   0.0507   0.2784  -0.0113   0.0907
 -0.0012  -0.4296   0.0735   0.2364   0.0014   0.0709
  0.0131  -0.4601   0.0742   0.3101  -0.0019   0.0878
  0.0063  -0.4690   0.0569   0.2401  -0.0028   0.0893
  0.0089  -0.4877   0.0656   0.2255  -0.0100   0.0892
  0.0101  -0.4676   0.0758   0.2719  -0.0064   0.0919
  0.0076  -0.4511   0.0608   0.2177  -0.0083   0.0861
  0.0124  -0.4360   0.0686   0.2226  -0.0036   0.0821
  0.0026  -0.4402   0.0742   0.2643   0.0132   0.0799
  0.0025  -0.4312   0.0682   0.1990   0.0088   0.0715
  0.0089  -0.4388   0.0745   0.1952   0.0094   0.0841
  0.0215  -0.4432   0.0588   0.2694  -0.0100   0.0914
  0.0141  -0.4751   0.0718   0.2565   0.0020   0.0823
  0.0098  -0.4664   0.0754   0.2587  -0.0023   0.0779
  0.0054  -0.4546   0.0709   0.2841   0.0033   0.0840
  0.0022  -0.4771   0.0778   0.2347   0.0062   0.0842
  0.0009  -0.4820   0.0811   0.2571   0.0063   0.0783
 -0.0011  -0.4596   0.0763   0.2684   0.0106   0.0782
  0.0248  -0.4993   0.0745   0.3695   0.0105   0.0798
  0.0369  -0.6141   0.1547   0.4828   0.0303   0.1240
  0.0266  -0.5799   0.1438   0.4054   0.0269   0.1034
  0.0413  -0.6130   0.1500   0.3750   0.0355   0.1001
  0.0389  -0.5993   0.1532   0.4233   0.0354   0.1146
  0.0323  -0.5905   0.1430   0.3778   0.0313   0.1023
  0.0307  -0.6000   0.1436   0.3620   0.0259   0.0895
  0.0211  -0.5961   0.1362   0.3536   0.0327   0.0912
  0.0240  -0.6078   0.1456   0.3126   0.0382   0.0893
  0.0277  -0.6526   0.1414   0.4144   0.0332   0.1102
  0.0428  -0.6741   0.1264   0.3156   0.0255   0.1076
  0.0485  -0.6606   0.1430   0.3603   0.0165   0.1310
  0.0489  -0.6728   0.1358   0.3736   0.0205   0.1300
  0.0477  -0.6584   0.1295   0.3189   0.0161   0.1154
  0.0479  -0.6279   0.1356   0.3294   0.0068   0.1178
