  0.0300  -0.2901   0.0448   0.1743   0.0046   0.2147
  0.0262  -0.3000   0.0495   0.1691   0.0039   0.2064
  0.0312  -0.2670   0.0428   0.1429   0.0097   0.1923
  0.0280  -0.2595   0.0481   0.1318   0.0118   0.1912
  0.0190  -0.2674   0.0603   0.1620   0.0107   0.2036
  0.0283  -0.2626   0.0584   0.1414   0.0116   0.2064
  0.0297  -0.2547   0.0599   0.1361   0.0114   0.1974
  0.0319  -0.2579   0.0590   0.1406   0.0048   0.2017
  0.0319  -0.2320   0.0625   0.1010   0.0134   0.2001
  0.0299  -0.2325   0.0599   0.1158   0.0219   0.1937
  0.0279  -0.2303   0.0737   0.0987   0.0185   0.1980
  0.0263  -0.2346   0.0762   0.1049   0.0138   0.1830
  0.0321  -0.1711   0.0695   0.0503   0.0143   0.1880
  0.0276  -0.1553   0.0845   0.0481   0.0272   0.1691
  0.0304  -0.1453   0.0804   0.0367   0.0322   0.1751
  0.0269  -0.1328   0.0936   0.0036   0.0349   0.1811
  0.0317  -0.1442   0.0845   0.0302   0.0211   0.1693
  0.0344  -0.1757   0.0912   0.0696   0.0259   0.1696
  0.0285  -0.1921   0.0979   0.0653   0.0296   0.1823
  0.0247  -0.1512   0.0939   0.0317   0.0203   0.1764
  0.0274  -0.1581   0.0870   0.0342   0.0206   0.1706
  0.0294  -0.1434   0.0898   0.0139   0.0267   0.1838
  0.0217  -0.1505   0.0919   0.0096   0.0271   0.1842
  0.0276  -0.1625   0.0821   0.0207   0.0290   0.1766
  0.0335  -0.1609   0.0841   0.0569   0.0341   0.1840
  0.0442  -0.1553   0.0817   0.0614   0.0443   0.1670
  0.0394  -0.1572   0.0837   0.0502   0.0402   0.1612
  0.0400  -0.1375   0.0816   0.0288   0.0377   0.1629
  0.0304  -0.1422   0.0932   0.0501   0.0374   0.1694
  0.0245  -0.1396   0.0995   0.0371   0.0348   0.1721
  0.0292  -0.1363   0.1176   0.0461   0.0399   0.1617
  0.0318  -0.1375   0.1138   0.0071   0.0370   0.1736
  0.0325  -0.1183   0.1114  -0.0437   0.0292   0.1598
  0.0280  -0.1529   0.0779  -0.0758   0.0170   0.1568
  0.0234  -0.1440   0.0457  -0.0893  -0.0083   0.1621
  0.0187  -0.1018   0.0766  -0.0562   0.0098   0.1821
  0.0252  -0.0864   0.0908  -0.0610   0.0143   0.1790
  0.0234  -0.0794   0.1042  -0.0660   0.0152   0.1735
  0.0187  -0.0816   0.1005  -0.1080   0.0082   0.1663
  0.0096  -0.0976   0.0773  -0.0993   0.0053   0.1746
  0.0130  -0.0837   0.0709  -0.1002   0.0011   0.1566
  0.0080  -0.0528   0.0684  -0.0974   0.0003   0.1668
  0.0201  -0.0531   0.0792  -0.1120   0.0043   0.1526
  0.0209  -0.0249   0.0863  -0.1396   0.0094   0.1663
  0.0154  -0.0059   0.0864  -0.1640   0.0080   0.1679
  0.0233  -0.0384   0.0988  -0.1055   0.0215   0.1396
  0.0293  -0.0165   0.1029  -0.1508   0.0192   0.1361
  0.0320  -0.0295   0.1014  -0.1125   0.0213   0.1140
  0.0349  -0.0299   0.0982  -0.0993   0.0205   0.1265
  0.0316  -0.0275   0.1008  -0.0983   0.0090   0.1278
  0.0301  -0.0289   0.0939  -0.1032   0.0087   0.1221
  0.0358  -0.0248   0.1023  -0.1048   0.0192   0.1158
  0.0420  -0.0209   0.1040  -0.1205   0.0258   0.1094
  0.0385  -0.0354   0.0929  -0.1173   0.0247   0.1153
  0.0379  -0.0436   0.0531  -0.0987   0.0203   0.1180
  0.0347  -0.0310   0.0582  -0.1149   0.0184   0.1389
 -0.0314  -0.8987  -0.0151   0.2880  -0.0372   0.2935
 -0.0478   0.4308   0.0312  -0.2922   0.0153   0.0153
 -0.0300   0.3154   0.0537  -0.1016   0.0077   0.0129
 -0.0121   0.2899   0.0501  -0.1065   0.0126   0.0275
 -0.0148   0.2557   0.0672  -0.1215   0.0130   0.0347
 -0.0039   0.2766   0.0581  -0.1421   0.0061   0.0370
 -0.0249   0.2783   0.0162  -0.1832  -0.0109   0.0501
 -0.0125   0.2606   0.0277  -0.1777  -0.0009   0.0390
 -0.0150   0.2489   0.0361  -0.1398  -0.0015   0.0407
 -0.0145   0.2656   0.0228  -0.1470  -0.0057   0.0344
 -0.0112   0.2539   0.0162  -0.1364  -0.0112   0.0419
 -0.0129   0.2654   0.0154  -0.1758  -0.0068   0.0364
 -0.0084   0.2663   0.0232  -0.1544  -0.0044   0.0262
 -0.0040   0.2493   0.0303  -0.1099  -0.0092   0.0484
 -0.0016   0.2426   0.0270  -0.1310  -0.0081   0.0597
  0.0044   0.2530   0.0359  -0.1449   0.0018   0.0372
  0.0021   0.2413   0.0255  -0.1709   0.0046   0.0470
  0.0016   0.2439   0.0368  -0.1424   0.0127   0.0472
  0.0131   0.3019   0.0527  -0.1732   0.0277   0.0466
  0.0135   0.2705   0.0446  -0.1751   0.0218   0.0486
  0.0120   0.2705   0.0286  -0.1951   0.0193   0.0417
  0.0150   0.2596   0.0311  -0.1865   0.0211   0.0428
  0.0152   0.2499   0.0256  -0.1406   0.0216   0.0371
  0.0089   0.2488   0.0217  -0.1407   0.0259   0.0500
  0.0104   0.2483   0.0155  -0.1662   0.0273   0.0305
  0.0014   0.2280   0.0192  -0.1522   0.0303   0.0332
 -0.0052   0.2307   0.0219  -0.1513   0.0344   0.0424
 -0.0096   0.2618   0.0258  -0.1633   0.0374   0.0371
 -0.0072   0.2456   0.0206  -0.1378   0.0379   0.0425
 -0.0078   0.2601   0.0120  -0.1902   0.0301   0.0519
 -0.0154   0.2827   0.0144  -0.2015   0.0234   0.0389
 -0.0218   0.2653   0.0096  -0.1682   0.0241   0.0396
 -0.0217   0.2254   0.0073  -0.1614   0.0368   0.0526
 -0.0174   0.2790   0.0152  -0.1900   0.0341   0.0331
 -0.0180   0.2593   0.0145  -0.1879   0.0332   0.0303
 -0.0183   0.2350  -0.0048  -0.1529   0.0257   0.0395
 -0.0142   0.2446   0.0002  -0.1633   0.0324   0.0445
 -0.0230   0.2212  -0.0133  -0.1403   0.0336   0.0634
 -0.0203   0.2164  -0.0185  -0.1524   0.0360   0.0595
 -0.0196   0.1968  -0.0141  -0.1579   0.0338   0.0684
 -0.0258   0.1732  -0.0128  -0.1493   0.0362   0.0562
 -0.0245   0.1535   0.0050  -0.1150   0.0403   0.0690
 -0.0198   0.1621  -0.0016  -0.1223   0.0388   0.0622
 -0.0093   0.1543  -0.0065  -0.1430   0.0428   0.0558
 -0.0093   0.1695   0.0057  -0.1540   0.0473   0.0556
 -0.0105   0.1408  -0.0036  -0.1170   0.0482   0.0463
 -0.0125   0.1378  -0.0152  -0.1092   0.0440   0.0757
 -0.0141   0.1922  -0.0106  -0.1471   0.0445   0.0593
 -0.0085  -0.0481  -0.0082   0.0604   0.0213  -0.1309
 -0.0498  -0.2413  -0.1082  -0.0012  -0.0625  -0.1615
 -0.0637  -0.3578  -0.1312   0.2179  -0.0827  -0.0891
 -0.0360  -0.1999  -0.0726   0.0359  -0.0176  -0.0730
  0.0608  -0.4874  -0.0002   0.5140   0.0597  -0.3075
  0.0562  -0.6753   0.0671   0.2112   0.0023  -0.1591
  0.0652  -0.9963  -0.1033   0.6862  -0.0181   0.0256
  0.0703  -0.6941  -0.0797   0.7335  -0.0153  -0.1984
  0.0557  -0.6258  -0.1116   0.6606  -0.0239  -0.1907
  0.0482  -0.6452  -0.1433   0.6576  -0.0373  -0.1986
  0.0338  -0.6219  -0.1581   0.6386  -0.0576  -0.2180
  0.0323  -0.6143  -0.1703   0.5392  -0.0574  -0.1749
  0.0254  -0.5347  -0.1519   0.5614  -0.0554  -0.2103
  0.0311  -0.5450  -0.1399   0.5733  -0.0489  -0.1967
  0.0242  -0.5240  -0.1485   0.5494  -0.0518  -0.2025
  0.0276  -0.4551  -0.1295   0.5204  -0.0497  -0.2456
  0.0356  -0.4171  -0.1214   0.5057  -0.0452  -0.2734
  0.0239  -0.3637  -0.1090   0.4912  -0.0425  -0.2880
  0.0076  -0.2566  -0.0814   0.4425  -0.0433  -0.3086
 -0.0161  -0.0991  -0.1028   0.3522  -0.0633  -0.3141
 -0.0456  -0.1190  -0.1202   0.1482  -0.0504  -0.1951
  0.0143  -0.0554  -0.1810   0.4410  -0.0634  -0.4098
 -0.0304   0.0650  -0.1363   0.0479  -0.0431  -0.2251
 -0.0511   0.1211  -0.1231   0.0348  -0.0504  -0.2915
 -0.0505   0.1106  -0.1373   0.0824  -0.0505  -0.3132
 -0.0477   0.1470  -0.1424   0.0557  -0.0498  -0.2827
 -0.0482   0.1582  -0.1455  -0.0008  -0.0545  -0.2853
 -0.0535   0.1424  -0.1498  -0.0080  -0.0587  -0.2850
 -0.0625   0.1897  -0.1400   0.0015  -0.0598  -0.3070
 -0.0639   0.2166  -0.1287   0.0270  -0.0607  -0.3274
 -0.0411   0.2127  -0.1342   0.0236  -0.0587  -0.3114
 -0.0517   0.2049  -0.1497  -0.0469  -0.0598  -0.2801
 -0.0511   0.2668  -0.1453  -0.0643  -0.0495  -0.3293
 -0.0563   0.2578  -0.1348  -0.0488  -0.0532  -0.3562
 -0.0543   0.2650  -0.1363  -0.0316  -0.0515  -0.3535
 -0.0547   0.2242  -0.1537  -0.0166  -0.0565  -0.3324
 -0.0725   0.0758  -0.1663  -0.0987  -0.0581  -0.1986
 -0.0615   0.0925  -0.1615  -0.1163  -0.0484  -0.2057
 -0.0683   0.1147  -0.1500  -0.0936  -0.0496  -0.2160
 -0.0643   0.1262  -0.1391  -0.0973  -0.0463  -0.2040
 -0.0694   0.1903  -0.1274  -0.1446  -0.0414  -0.2405
 -0.0726   0.2338  -0.1153  -0.1544  -0.0405  -0.2584
 -0.0641   0.2288  -0.1239  -0.1450  -0.0381  -0.2626
 -0.0638   0.1759  -0.1334  -0.0934  -0.0381  -0.2478
 -0.0662   0.2200  -0.1293  -0.1312  -0.0419  -0.2369
 -0.0647   0.1991  -0.1486  -0.1493  -0.0377  -0.2446
 -0.0595   0.1962  -0.1312  -0.1227  -0.0376  -0.2546
 -0.0582   0.1814  -0.1332  -0.0825  -0.0395  -0.2509
