  0.0446   0.0036  -0.0777  -0.7271   0.0357   0.0165
 -0.0009   0.1876  -0.0414  -0.8156   0.0704   0.0093
 -0.0919   0.1624  -0.1821  -0.8474   0.1012  -0.0609
 -0.0720   0.1976  -0.1707  -0.5586   0.0896  -0.0384
 -0.0718   0.2936  -0.2033  -0.5915   0.0737  -0.0143
 -0.0285   0.1993  -0.2024  -0.6509   0.0391  -0.0460
 -0.0805   0.1678  -0.1554  -0.7030   0.0532  -0.0534
 -0.0474   0.1077  -0.1748  -0.3719   0.0421  -0.0463
 -0.0699   0.1413  -0.0908  -0.6243   0.0545  -0.0386
 -0.0732   0.2572  -0.1121  -0.7275   0.0226  -0.0141
 -0.0960   0.2397  -0.1266  -0.4642   0.0523  -0.0289
 -0.0966   0.2304  -0.1288  -0.4466   0.0214   0.0981
 -0.0110   0.0304   0.0496  -0.4732  -0.0098   0.0541
 -0.0513   0.1288   0.0127  -0.4762  -0.0562  -0.0010
 -0.1174   0.2316  -0.0252  -0.4040  -0.0174  -0.0001
 -0.1121   0.2807  -0.0226  -0.3947  -0.0268  -0.0250
 -0.1204   0.2706  -0.0260  -0.3477  -0.0225  -0.0289
 -0.0998   0.2709  -0.0324  -0.3104  -0.0254  -0.0340
 -0.0699   0.2830  -0.0177  -0.3057  -0.0128  -0.0310
 -0.0802   0.2478   0.0023  -0.1499  -0.0277  -0.0485
 -0.0841   0.3508  -0.0128  -0.1564  -0.0434  -0.0515
 -0.1012   0.3007  -0.0110  -0.0918  -0.0381  -0.0757
 -0.0899   0.2863  -0.0171   0.0670  -0.0273  -0.0710
 -0.0667   0.3054  -0.0191  -0.0093  -0.0168  -0.0651
 -0.0727   0.3532  -0.0155  -0.0025  -0.0586  -0.0595
 -0.0796   0.3045  -0.0302   0.1736  -0.0597  -0.0713
 -0.0896   0.3920  -0.0253   0.1593  -0.0456  -0.0907
 -0.1017   0.3709  -0.0471   0.1041  -0.0713  -0.1404
 -0.0981   0.1805  -0.0787   0.0290  -0.0487  -0.0658
 -0.1121   0.3059  -0.0317  -0.2835  -0.0570  -0.0604
 -0.1421   0.4111  -0.0167  -0.6066  -0.0529  -0.0280
 -0.1301   0.5326   0.0005  -0.3792  -0.0477  -0.0638
 -0.1208   0.5389  -0.0182  -0.0886   0.0326  -0.0608
 -0.1445   0.5791  -0.0215   0.0863   0.0446  -0.0482
 -0.1479   0.5820   0.0001  -0.0111   0.0161  -0.0702
 -0.1490   0.6641   0.0115  -0.3846   0.0529  -0.0724
 -0.1256   0.5527   0.0198  -0.0206   0.0069  -0.0754
 -0.0994   0.6223  -0.0170   0.0993   0.0165  -0.0984
 -0.0959   0.6677  -0.0134   0.1358   0.0147  -0.1139
 -0.1019   0.4619  -0.0387   0.0768   0.0079  -0.1068
 -0.0826   0.4378  -0.0343   0.3214   0.0172  -0.0786
 -0.0748   0.5089  -0.0256   0.3662   0.0220  -0.0995
 -0.0816   0.5423  -0.0261   0.3854   0.0231  -0.0981
 -0.0882   0.5611  -0.0229   0.4104   0.0286  -0.1289
 -0.0883   0.5200  -0.0634   0.2859   0.0062  -0.1241
 -0.0750   0.3627  -0.0626   0.2280  -0.0113  -0.1085
 -0.0619   0.2992  -0.0548   0.1974  -0.0132  -0.1230
 -0.0733   0.4238  -0.0574   0.2883  -0.0056  -0.1078
 -0.1026   0.0416  -0.1090  -0.0138  -0.0356  -0.1422
 -0.0986   0.2023  -0.0675   0.0685  -0.0079  -0.0981
 -0.1047   0.1835  -0.0887  -0.0570   0.0317  -0.0851
 -0.0683   0.0457  -0.0698  -0.1572   0.0123  -0.0746
  0.2110  -0.3526  -0.1258  -0.7096   0.0882  -0.2007
  0.1041   0.1196  -0.0394  -0.1921   0.0596  -0.0923
  0.0009   0.1503  -0.0660   0.1980   0.0629  -0.0789
 -0.0403   0.0227   0.0052  -0.0926   0.0261  -0.0591
 -0.0187   0.0673   0.0747   0.0130   0.0269  -0.0805
 -0.0486   0.1401   0.0473   0.1842   0.0603  -0.0839
 -0.0418   0.1954   0.0429   0.1699   0.0596  -0.0847
 -0.0338   0.1921   0.0341   0.0790   0.0309  -0.0799
  0.0427  -0.1475   0.0192  -0.0822   0.0013  -0.0835
  0.0144   0.0045   0.0243   0.0791  -0.0043  -0.0904
  0.0432  -0.0835  -0.0169   0.1123  -0.0649  -0.0761
  0.0376  -0.0782  -0.0400   0.1640  -0.0474  -0.0533
  0.0092  -0.0779  -0.0050   0.2777  -0.0779  -0.0528
  0.0136  -0.1631   0.0126   0.2062  -0.0484  -0.0637
  0.0201  -0.1367   0.0404   0.1434  -0.0394  -0.0433
  0.0165  -0.0717   0.0451   0.0718  -0.0404  -0.0269
  0.0415  -0.0292   0.0752  -0.0288  -0.0283  -0.0249
  0.0393  -0.0630   0.0590   0.0279  -0.0300  -0.0274
 -0.0284  -0.3278   0.0265  -0.1002  -0.0556  -0.0320
  0.0659  -0.4607  -0.0021  -0.1306  -0.0698   0.0040
  0.0148  -0.2753   0.0529   0.2023  -0.0964  -0.0311
 -0.0181  -0.1688   0.0685   0.3985  -0.0741  -0.0254
  0.0249  -0.3253   0.0219   0.1362  -0.0463  -0.0173
  0.0240  -0.2690  -0.0266   0.2962  -0.0364  -0.0248
  0.0968  -0.3616  -0.0117   0.6927  -0.0597   0.0062
  0.0609  -0.4047   0.0560   0.1784  -0.0443   0.0184
  0.1143  -0.2381  -0.0105   0.0852   0.0477  -0.0031
  0.1390  -0.4268  -0.0756  -0.3227  -0.0390  -0.0007
 -0.0041  -0.1620   0.0206  -0.0824  -0.0576  -0.0959
  0.0096  -0.2692   0.0429   0.2462  -0.0353   0.0262
  0.0020  -0.2385   0.0330   0.4334  -0.0321   0.0353
 -0.0139  -0.1883   0.0171   0.3618  -0.0397   0.0118
 -0.0069  -0.1468   0.0267   0.5371   0.0065  -0.0183
 -0.0090  -0.1251   0.0214   0.6341   0.0155   0.0208
  0.0218  -0.1551   0.0768   0.2241  -0.0415  -0.0136
  0.0093  -0.1372   0.0280   0.4213  -0.0202   0.0140
 -0.0102  -0.0374   0.0149   0.3030  -0.0297  -0.0064
 -0.0604  -0.0708   0.0837   0.2283  -0.0437   0.0037
 -0.0305  -0.0718   0.0440   0.4670  -0.0332   0.0154
 -0.0360  -0.0437   0.0621   0.6206   0.0023   0.0094
 -0.0285  -0.0419   0.0853   0.5922  -0.0101   0.0348
  0.0246  -0.1574   0.0430   0.3509  -0.0363  -0.0121
  0.0455  -0.1218   0.2013  -0.1946   0.0782   0.0589
  0.0969  -0.2974   0.2177  -0.4141  -0.0288   0.0592
  0.1248  -0.3915   0.1702  -0.2952  -0.0569   0.0853
  0.1144  -0.3476   0.1586  -0.1978  -0.0394   0.0878
  0.1614  -0.5000   0.1820  -0.3808  -0.0393   0.0638
  0.1462  -0.3923   0.1308   0.0368  -0.0102   0.0847
  0.1528  -0.4053   0.1155   0.1589   0.0240   0.1347
  0.1181  -0.2873   0.0941   0.1621   0.0447   0.0834
  0.1210  -0.5115   0.1040   0.0536   0.0131   0.1120
  0.1420  -0.4971   0.1562  -0.0419   0.0243   0.1367
  0.0878  -0.4076   0.1118  -0.1148   0.0126   0.1599
  0.1409  -0.5070   0.1210  -0.1477   0.0799   0.1138
  0.0982  -0.4036   0.0856  -0.0356   0.0793   0.1137
  0.1025  -0.6009   0.0896   0.1160   0.0670   0.1189
  0.1151  -0.5228   0.0900   0.1710   0.0761   0.1224
  0.0921  -0.4559   0.1161  -0.0578   0.0541   0.1266
  0.1358  -0.4838   0.0573  -0.0228   0.0417   0.1276
  0.1308  -0.4354   0.0521  -0.1097   0.0278   0.1167
  0.1161  -0.5569   0.0841  -0.0329   0.0193   0.1227
  0.1605  -0.3935   0.0341  -0.0846  -0.0538   0.1710
  0.1769  -0.2797  -0.0311  -0.0826  -0.0401   0.1657
  0.1356  -0.2681  -0.0243   0.0974  -0.0080   0.1694
  0.1317  -0.2461  -0.0344   0.2741   0.0043   0.1467
  0.1245  -0.2412  -0.0437   0.2646   0.0255   0.1382
  0.0958  -0.1410  -0.0613   0.2043   0.0355   0.1424
  0.0918  -0.1508  -0.0577   0.2519   0.0058   0.1374
  0.0834  -0.0097  -0.0127   0.1136  -0.0028   0.1565
  0.0492  -0.0888  -0.0274   0.2242   0.0184   0.1684
  0.0630  -0.0736  -0.0185   0.2616   0.0318   0.1576
  0.0672  -0.0965  -0.0084   0.2248   0.0351   0.1840
  0.0669  -0.1767  -0.0150   0.2937   0.0474   0.2069
  0.0720  -0.1856  -0.0327   0.3429   0.0560   0.1889
  0.0627  -0.2255  -0.0398   0.1509   0.0544   0.1692
  0.0762  -0.2172  -0.0566   0.2093   0.0384   0.1710
