  0.0736  -0.0820  -0.0248   0.1139   0.1396   0.0069
  0.0821  -0.0445  -0.0275   0.0992   0.1650   0.0062
  0.1068  -0.0418   0.0071   0.0857   0.2090  -0.0309
  0.0952  -0.1003  -0.0114   0.2353   0.1644  -0.0442
  0.0908  -0.1146  -0.0036   0.2336   0.1522  -0.0020
  0.0959  -0.0930  -0.0022   0.1830   0.1681   0.0709
  0.0854  -0.1352  -0.0064   0.2335   0.1530   0.0235
  0.0963  -0.1393  -0.0066   0.1834   0.1577   0.0483
  0.1301  -0.1820  -0.0224   0.2089   0.1694   0.0668
  0.1524  -0.0881  -0.0432   0.1743   0.1501   0.1355
  0.1649  -0.2595  -0.0414   0.1655   0.1692   0.0738
  0.1292  -0.2927  -0.0400   0.2829   0.1225   0.0395
  0.1231  -0.2402  -0.0301   0.1873   0.1138   0.0510
  0.1222  -0.1906  -0.0308   0.1520   0.1311   0.0517
  0.1184  -0.2227  -0.0282   0.2230   0.1075   0.0106
  0.1281  -0.1960  -0.0314   0.1353   0.1301   0.0336
  0.1155  -0.2272  -0.0289   0.2416   0.1004  -0.0035
  0.1239  -0.1919  -0.0257   0.1375   0.1183   0.0211
  0.1076  -0.1884  -0.0287   0.1737   0.0967   0.0210
  0.1030  -0.1937  -0.0152   0.1591   0.0779  -0.0102
  0.1118  -0.1541  -0.0221   0.0932   0.1066   0.0217
  0.1053  -0.1790  -0.0264   0.1893   0.0848  -0.0138
  0.1119  -0.1922  -0.0173   0.0976   0.1042   0.0045
  0.1063  -0.1745  -0.0335   0.1489   0.1044   0.0023
  0.0899  -0.2055  -0.0209   0.1788   0.0708  -0.0185
  0.1098  -0.1782  -0.0201   0.0825   0.1074   0.0432
  0.0960  -0.1941  -0.0214   0.1840   0.0771  -0.0148
  0.1064  -0.1655  -0.0239   0.0723   0.0979   0.0406
  0.0976  -0.1528  -0.0256   0.1651   0.0848  -0.0082
  0.0958  -0.1436  -0.0113   0.0856   0.0914   0.0049
  0.1137  -0.1311  -0.0228   0.0837   0.1066  -0.0073
  0.1007  -0.1415  -0.0072   0.1245   0.0831  -0.0319
  0.1034  -0.1231  -0.0257   0.0613   0.1006   0.0138
  0.0936  -0.1517  -0.0147   0.1764   0.0691  -0.0280
  0.1045  -0.1415  -0.0168   0.0799   0.0812   0.0201
  0.1005  -0.1344  -0.0234   0.1379   0.0749  -0.0157
  0.0860  -0.1215  -0.0117   0.0999   0.0607  -0.0151
  0.0786  -0.0901  -0.0185   0.0812   0.0686  -0.0044
  0.0711  -0.1072  -0.0004   0.1646   0.0462  -0.0419
  0.0879  -0.0941  -0.0175   0.0585   0.0821   0.0098
  0.0572  -0.0994  -0.0140   0.1449   0.0459  -0.0348
  0.0629  -0.0813  -0.0076   0.0557   0.0526  -0.0036
  0.0617  -0.0696  -0.0159   0.0651   0.0611  -0.0087
  0.0439  -0.0831   0.0005   0.1054   0.0266  -0.0291
  0.0264  -0.0483  -0.0232   0.0342   0.0186   0.0123
  0.0126  -0.0666  -0.0100   0.1307  -0.0073  -0.0203
  0.0082  -0.0591  -0.0115   0.0254  -0.0103   0.0166
  0.0020  -0.0512  -0.0251   0.0674  -0.0072   0.0053
  0.0046  -0.0808   0.0016   0.0970  -0.0161  -0.0203
  0.0261  -0.0840  -0.0126   0.0630   0.0139   0.0378
  0.0239  -0.1194   0.0054   0.1242   0.0121   0.0022
  0.0637  -0.1677  -0.0112   0.1391   0.0613   0.0964
  0.1139  -0.0900  -0.0117   0.1568   0.1104   0.1300
  0.0910  -0.1263  -0.0164   0.0565   0.0948   0.0725
  0.0304  -0.1273  -0.0393   0.0798   0.0503   0.0451
  0.0062  -0.0967  -0.0233   0.0468   0.0113   0.0177
  0.0082  -0.0748  -0.0310   0.0527   0.0087   0.0368
 -0.0053  -0.0899  -0.0314   0.1050  -0.0149  -0.0067
  0.0190  -0.0483  -0.0333   0.0239   0.0406   0.0101
 -0.0106  -0.0678  -0.0189   0.1056   0.0017  -0.0426
 -0.0137  -0.0609  -0.0143  -0.0006   0.0049   0.0242
 -0.0091  -0.0627  -0.0053   0.0900   0.0093  -0.0059
  0.0051  -0.0684   0.0078   0.0424   0.0165  -0.0024
  0.0069  -0.0437  -0.0102   0.0231   0.0255   0.0085
 -0.0047  -0.0769   0.0036   0.1111  -0.0038  -0.0367
  0.0078  -0.0626   0.0037   0.0079   0.0114   0.0203
  0.0281  -0.0472   0.0010   0.0195   0.0571  -0.0079
  0.0287  -0.0717   0.0127   0.0911   0.0425  -0.0558
  0.0332  -0.0655   0.0051  -0.0165   0.0534   0.0125
  0.0228  -0.0801   0.0022   0.0950   0.0296  -0.0528
  0.0347  -0.0662   0.0179   0.0155   0.0559   0.0018
  0.0373  -0.0587   0.0127   0.0878   0.0550  -0.0289
  0.0378  -0.0509   0.0127   0.0108   0.0621  -0.0253
  0.0452  -0.0467   0.0062   0.0483   0.0662  -0.0256
  0.0326  -0.0680   0.0245   0.0887   0.0413  -0.0652
  0.0451  -0.0554   0.0132   0.0055   0.0548   0.0043
  0.0478  -0.0418   0.0048   0.0562   0.0663  -0.0332
  0.0303  -0.0678   0.0171   0.0694   0.0284  -0.0685
  0.0340  -0.0310   0.0051  -0.0253   0.0344   0.0110
  0.0166  -0.0215   0.0105   0.0745   0.0170  -0.0396
  0.0181  -0.0393   0.0174   0.0175   0.0259  -0.0193
  0.0326  -0.0222   0.0063  -0.0243   0.0451  -0.0081
  0.0200  -0.0269   0.0125   0.0782   0.0287  -0.0595
  0.0155  -0.0187   0.0261   0.0290  -0.0009  -0.0253
  0.0120   0.0344   0.0128  -0.0664   0.0284  -0.0091
  0.0016   0.0164   0.0145   0.0181   0.0079  -0.0525
 -0.0242   0.0150   0.0346   0.0203  -0.0314  -0.0289
 -0.0192   0.0496   0.0243  -0.0644  -0.0205   0.0105
 -0.0391   0.0664   0.0262  -0.0154  -0.0379  -0.0066
 -0.0501   0.0482   0.0430  -0.0040  -0.0465  -0.0337
 -0.0383   0.0807   0.0303  -0.0994  -0.0419   0.0218
 -0.0592   0.0927   0.0410   0.0016  -0.0606  -0.0256
 -0.0440   0.0885   0.0521  -0.0540  -0.0301  -0.0180
 -0.0387   0.0911   0.0337  -0.0249  -0.0194  -0.0275
 -0.0484   0.0829   0.0497  -0.0118  -0.0371  -0.0351
 -0.0307   0.0862   0.0346  -0.0716  -0.0078  -0.0083
 -0.0351   0.0427   0.0439   0.0033  -0.0202  -0.0453
 -0.0163   0.0463   0.0488  -0.0307  -0.0073  -0.0314
 -0.0127   0.0668   0.0362  -0.0810   0.0005  -0.0088
 -0.0241   0.0321   0.0412   0.0001  -0.0125  -0.0500
 -0.0133   0.0265   0.0495  -0.0138   0.0026  -0.0306
  0.0013   0.0398   0.0315  -0.0946   0.0083   0.0233
 -0.0110   0.0470   0.0354  -0.0066  -0.0218  -0.0216
 -0.0132   0.0268   0.0413  -0.0145  -0.0160  -0.0425
 -0.0117   0.0530   0.0406  -0.0739  -0.0155   0.0276
 -0.0097   0.0674   0.0247  -0.0424   0.0030  -0.0178
 -0.0121   0.0382   0.0402   0.0172  -0.0144  -0.0384
 -0.0056   0.0489   0.0347  -0.0416  -0.0020   0.0071
 -0.0077   0.0689   0.0355  -0.0195  -0.0042   0.0062
 -0.0146   0.0471   0.0425   0.0162  -0.0144  -0.0456
 -0.0036   0.0660   0.0442  -0.0666  -0.0020   0.0060
 -0.0127   0.0825   0.0252  -0.0354  -0.0038  -0.0052
 -0.0277   0.0520   0.0451   0.0391  -0.0186  -0.0456
 -0.0153   0.0806   0.0371  -0.0363  -0.0048   0.0038
 -0.0230   0.1010   0.0333  -0.0313  -0.0090  -0.0073
 -0.0259   0.0732   0.0448  -0.0031  -0.0190  -0.0275
 -0.0180   0.0933   0.0236  -0.0944   0.0042   0.0053
 -0.0230   0.0831   0.0331  -0.0182  -0.0054  -0.0429
 -0.0230   0.0887   0.0387  -0.0850  -0.0025   0.0006
 -0.0359   0.1068   0.0183  -0.1121  -0.0044   0.0024
 -0.0453   0.0881   0.0356  -0.0271  -0.0294  -0.0333
 -0.0271   0.0939   0.0294  -0.0939  -0.0030  -0.0001
 -0.0480   0.0770   0.0306  -0.0287  -0.0391  -0.0267
 -0.0307   0.0528   0.0287  -0.0625  -0.0196   0.0201
  0.0419   0.0409  -0.0116   0.0462   0.0134   0.1321
  0.0622  -0.0238  -0.0114   0.0062   0.0260   0.0813
  0.0231  -0.0221  -0.0071  -0.0115   0.0167   0.0614
  0.0178   0.0060  -0.0120  -0.0590   0.0103   0.0422
  0.0175   0.0290  -0.0334  -0.0553   0.0151   0.0522
  0.0007   0.0241  -0.0161  -0.0430  -0.0042   0.0123
  0.0060   0.0485  -0.0202  -0.0861   0.0045   0.0542
  0.0011   0.0369  -0.0203  -0.0149   0.0044  -0.0263
 -0.0045   0.0534  -0.0203  -0.1003   0.0061   0.0426
 -0.0068   0.0327  -0.0195   0.0033  -0.0184  -0.0013
 -0.0047   0.0428  -0.0169  -0.0587  -0.0203   0.0351
 -0.0166   0.0528  -0.0181  -0.0144  -0.0233   0.0107
 -0.0128   0.0347  -0.0123  -0.0401  -0.0220   0.0026
 -0.0052   0.0647  -0.0283  -0.0717  -0.0052   0.0098
 -0.0220   0.0277  -0.0174  -0.0005  -0.0226  -0.0352
 -0.0141   0.0394  -0.0194  -0.0694  -0.0127   0.0335
 -0.0236   0.0266  -0.0148   0.0088  -0.0320  -0.0223
 -0.0201   0.0471  -0.0220  -0.1012  -0.0094   0.0263
 -0.0241   0.0344  -0.0211  -0.0133  -0.0250  -0.0357
 -0.0136   0.0633  -0.0192  -0.1108  -0.0144   0.0170
 -0.0175   0.0434  -0.0279  -0.0299  -0.0240  -0.0376
 -0.0197   0.0282  -0.0081  -0.0747  -0.0183  -0.0059
 -0.0135   0.0438  -0.0219  -0.0648  -0.0111   0.0126
 -0.0248   0.0215  -0.0119  -0.0191  -0.0350  -0.0198
 -0.0233   0.0577  -0.0217  -0.1102  -0.0192   0.0139
 -0.0252   0.0370  -0.0152  -0.0351  -0.0373  -0.0085
 -0.0132   0.0382  -0.0177  -0.1152  -0.0156   0.0196
 -0.0260   0.0344  -0.0222  -0.0322  -0.0374  -0.0272
 -0.0330   0.0322  -0.0075  -0.0634  -0.0413  -0.0168
 -0.0354   0.0714  -0.0254  -0.1040  -0.0408   0.0144
 -0.0523   0.0561  -0.0071  -0.0263  -0.0733  -0.0234
 -0.0416   0.0651  -0.0101  -0.1308  -0.0578   0.0098
 -0.0519   0.0572  -0.0177  -0.0258  -0.0679  -0.0240
 -0.0454   0.0567  -0.0144  -0.1180  -0.0545   0.0175
 -0.0582   0.0704  -0.0100  -0.0443  -0.0686   0.0023
 -0.0595   0.0708  -0.0106  -0.1117  -0.0627   0.0069
 -0.0534   0.0807  -0.0216  -0.0890  -0.0577  -0.0041
 -0.0621   0.0748   0.0002  -0.0634  -0.0733  -0.0143
 -0.0647   0.0934  -0.0180  -0.1434  -0.0584   0.0047
 -0.0951   0.0947  -0.0011  -0.0516  -0.1070  -0.0405
 -0.0621   0.0750  -0.0017  -0.1137  -0.0650   0.0076
 -0.0570   0.0530  -0.0119  -0.0656  -0.0617  -0.0313
 -0.0521   0.0475  -0.0042  -0.1116  -0.0586  -0.0042
 -0.0477   0.0792  -0.0113  -0.1079  -0.0585  -0.0063
 -0.0585   0.0725   0.0024  -0.1235  -0.0717  -0.0214
 -0.0710   0.1150  -0.0234  -0.1763  -0.0715   0.0261
 -0.0825   0.0964  -0.0043  -0.0743  -0.1016  -0.0191
 -0.0820   0.1043  -0.0248  -0.1954  -0.0905   0.0342
 -0.1043   0.1037  -0.0174  -0.0928  -0.1323  -0.0082
 -0.1073   0.1183  -0.0083  -0.1756  -0.1276   0.0312
 -0.1096   0.1161  -0.0000  -0.0801  -0.1405  -0.0067
 -0.0966   0.1099  -0.0054  -0.1860  -0.1090   0.0264
 -0.1145   0.1274  -0.0085  -0.1313  -0.1275   0.0153
 -0.1157   0.1119   0.0112  -0.1326  -0.1321   0.0012
 -0.1155   0.1310   0.0002  -0.1586  -0.1329   0.0149
 -0.1212   0.1310   0.0321  -0.1402  -0.1527   0.0051
 -0.1045   0.1478   0.0176  -0.1750  -0.1318   0.0140
 -0.1041   0.1206   0.0208  -0.1190  -0.1343  -0.0124
 -0.0965   0.1367   0.0023  -0.1990  -0.1216   0.0201
 -0.1350   0.1691   0.0248  -0.1173  -0.1591  -0.0305
 -0.1267   0.1745   0.0192  -0.1924  -0.1452   0.0192
 -0.1233   0.1644   0.0081  -0.1419  -0.1403  -0.0234
 -0.1221   0.1439   0.0195  -0.1400  -0.1406  -0.0202
 -0.1124   0.1413   0.0119  -0.1488  -0.1346  -0.0028
 -0.1109   0.1431   0.0243  -0.1657  -0.1451  -0.0111
 -0.1087   0.1713   0.0046  -0.2030  -0.1205   0.0108
 -0.1555   0.1808   0.0282  -0.1219  -0.1749  -0.0193
 -0.1294   0.1805   0.0226  -0.1677  -0.1333   0.0211
 -0.1039   0.1429   0.0085  -0.0826  -0.1105  -0.0148
 -0.1007   0.1513   0.0082  -0.1470  -0.1001  -0.0059
 -0.1014   0.1525   0.0046  -0.0927  -0.1135  -0.0094
 -0.1044   0.1690   0.0109  -0.1491  -0.1169  -0.0080
 -0.1189   0.1900   0.0002  -0.1705  -0.1241   0.0092
 -0.1115   0.1643   0.0181  -0.1168  -0.1296  -0.0355
 -0.1038   0.1927   0.0072  -0.1772  -0.1163   0.0177
 -0.1168   0.1729   0.0133  -0.0986  -0.1352  -0.0415
