 -0.1479  -0.2410  -0.1035  -0.0771  -0.3020   0.1236
 -0.1758  -0.2572  -0.0542   0.0644  -0.2818   0.1349
 -0.1134  -0.2765   0.0678   0.3667  -0.2215   0.0319
 -0.0206  -0.2218   0.1160   0.1255  -0.0648   0.1167
  0.1284  -0.2409  -0.1006   0.3389  -0.0432   0.3522
 -0.0341  -0.2277  -0.1367  -0.0500  -0.1240   0.1246
 -0.0245  -0.2225  -0.2103  -0.4927  -0.0828   0.0143
 -0.0405  -0.1561  -0.1360  -0.1355  -0.0779  -0.0394
 -0.0771  -0.1014  -0.0675  -0.5526  -0.1037  -0.0159
 -0.0346  -0.1410  -0.1475  -0.5567  -0.0443  -0.0760
 -0.0111  -0.0930  -0.0602  -0.1069  -0.0599  -0.0970
 -0.0340  -0.0535  -0.0774  -0.3075  -0.0825  -0.0287
 -0.0260  -0.1103  -0.0177   0.0046  -0.0861  -0.0247
 -0.0293  -0.0543  -0.0323  -0.1845  -0.0841   0.0173
 -0.0203  -0.0916  -0.0284  -0.1296  -0.0845  -0.0462
 -0.0106  -0.0887  -0.0030  -0.1277  -0.0534  -0.0183
 -0.0016  -0.1228   0.0241  -0.3052  -0.0486   0.0034
  0.0127  -0.2060   0.0776  -0.1611   0.0030  -0.0238
  0.0339  -0.4534  -0.0820  -0.9892   0.0990  -0.0732
  0.0870  -0.3822  -0.0425  -0.3121   0.0769  -0.0917
  0.1019  -0.3207  -0.0296  -0.3040   0.0632  -0.0524
  0.0995  -0.3466  -0.0242  -0.1824   0.0414  -0.0553
  0.0879  -0.3445  -0.0541  -0.4811   0.0361  -0.0455
  0.0804  -0.2653  -0.0972  -0.4339   0.0182  -0.0764
  0.0570  -0.2175  -0.0633  -0.3952   0.0410  -0.0573
  0.0669  -0.1330  -0.0391  -0.3057   0.0187  -0.0841
  0.0481  -0.3467  -0.0256  -0.3795   0.0178  -0.0066
  0.0007  -0.2736  -0.0094  -0.3177   0.0255  -0.0564
  0.0040  -0.2199  -0.0450  -0.5178   0.0380  -0.0437
  0.0057  -0.1792  -0.0562  -0.4988   0.0351  -0.1173
  0.0492  -0.1864  -0.0136  -0.1585   0.0256  -0.0999
  0.0547  -0.1808   0.0180  -0.1439   0.0115  -0.0416
  0.0607  -0.2039   0.0483  -0.2560  -0.0009  -0.0411
  0.0735  -0.1813   0.0902  -0.0623   0.0016  -0.0922
  0.0616  -0.1545   0.0796  -0.1177   0.0032  -0.0861
  0.0646  -0.1893   0.0652  -0.5059   0.0066  -0.0349
  0.0722  -0.1904   0.0919  -0.3795   0.0018  -0.0851
  0.0979  -0.1740   0.0811  -0.2472   0.0087  -0.1049
  0.1100  -0.1841   0.0869  -0.2582   0.0085  -0.0901
  0.0874  -0.1993   0.0896  -0.3191   0.0082  -0.1106
  0.1261  -0.2070   0.1215  -0.1394   0.0055  -0.0963
  0.0728  -0.1829   0.1270  -0.2854  -0.0129  -0.0594
  0.0876  -0.2024   0.1731  -0.4790   0.0034  -0.0843
  0.1043  -0.1959   0.1221  -0.1816   0.0257  -0.1138
  0.0765  -0.0674   0.1140  -0.3310   0.0342  -0.0531
  0.0522  -0.1004   0.0908  -0.4215   0.0335  -0.1058
  0.0635  -0.0797   0.0405  -0.3236   0.0537  -0.0830
 -0.0382  -0.0084   0.0009  -0.3239  -0.0103  -0.1526
  0.0466  -0.1149   0.0758  -0.2606   0.0280  -0.0915
  0.0608  -0.0917   0.0769  -0.2316   0.0327  -0.1172
  0.0624  -0.0842   0.0688  -0.3664   0.0169  -0.1166
  0.0788  -0.0939   0.0827  -0.2960   0.0299  -0.1441
  0.0815  -0.1157   0.0756  -0.2794   0.0280  -0.1185
  0.0974  -0.1532   0.0979  -0.2110   0.0570  -0.1647
  0.0756  -0.1727   0.0660  -0.1926   0.0390  -0.0827
  0.0255  -0.1715   0.0575  -0.2117   0.0042  -0.1009
  0.0077  -0.1691   0.0985  -0.0338   0.0046  -0.1324
  0.0187  -0.1188   0.0152  -0.5439   0.0408  -0.1126
  0.0357  -0.0895   0.0014  -0.4495   0.0452  -0.1408
  0.0666  -0.0826  -0.0096  -0.2647   0.0508  -0.1467
  0.0288  -0.0469   0.0155  -0.1065   0.0574  -0.1275
  0.0262  -0.0455   0.0203  -0.1310   0.0788  -0.1011
 -0.0180  -0.0390  -0.0154  -0.0969   0.0607  -0.1266
 -0.0076  -0.0213   0.0195  -0.0955   0.0337  -0.0464
  0.0354  -0.1119   0.0271  -0.1042   0.0481  -0.0960
  0.0700  -0.1922   0.0568  -0.4190   0.0442  -0.1163
  0.0396  -0.1255   0.0719   0.0312   0.0240  -0.1237
  0.0653  -0.1101   0.0769   0.0077   0.0389  -0.1014
  0.0596  -0.1449   0.0706   0.2164   0.0326  -0.0766
  0.0913  -0.1117   0.0938  -0.0793   0.0214  -0.1328
  0.0569  -0.1249   0.0896   0.0055   0.0304  -0.0612
  0.0703  -0.1135   0.1083   0.0943   0.0289  -0.1014
  0.1022  -0.0857   0.0977   0.1034   0.0339  -0.1177
  0.0674  -0.0419   0.0849   0.0864   0.0223  -0.0593
  0.0208  -0.1027   0.1394   0.3752   0.0031  -0.0953
  0.0593  -0.0862   0.1158   0.3283   0.0200  -0.0280
  0.0330  -0.1252   0.1167   0.3949   0.0145  -0.0416
  0.0127  -0.0804   0.1001   0.4136   0.0225  -0.0471
  0.0148  -0.1364   0.1244   0.5318   0.0107  -0.0276
 -0.0065  -0.1089   0.1409   0.4715   0.0002  -0.0520
  0.0954  -0.0142   0.1431   0.1825   0.0529   0.0010
  0.1083  -0.1421   0.2019   0.3703   0.0341  -0.0661
  0.0838  -0.0625   0.1701   0.0217   0.0317  -0.0310
  0.0618  -0.0812   0.1985   0.2432   0.0268  -0.0620
  0.0303  -0.1128   0.2170   0.5382   0.0152  -0.0665
  0.0696  -0.0853   0.1901   0.4184   0.0330  -0.0286
  0.0450  -0.0718   0.1850   0.4833   0.0262  -0.0484
  0.0047  -0.0788   0.1391   0.5229   0.0258  -0.0240
  0.0008  -0.0288   0.1344   0.3153   0.0416  -0.0156
  0.1292  -0.0489   0.1293   0.1279   0.0512  -0.0596
  0.1006  -0.0586   0.1214   0.3372   0.0416  -0.0920
  0.1011  -0.0303   0.1047   0.2904   0.0546  -0.0402
  0.0544  -0.0417   0.1279   0.4860   0.0551  -0.0788
  0.1948   0.2357  -0.0917  -0.2012   0.1725   0.3469
  0.1591   0.6778  -0.4761  -0.4023   0.0260   0.5325
  0.0956   0.2533  -0.2224  -0.2549  -0.0111   0.1527
  0.1455   0.0237  -0.2621  -0.1185  -0.0113   0.0461
  0.0948   0.0900  -0.2364   0.0723   0.0006  -0.0435
  0.0623   0.1020  -0.1929   0.0574  -0.0112  -0.0171
  0.0463   0.1148  -0.2160  -0.0983   0.0090  -0.0073
  0.0405   0.1468  -0.2356   0.0489   0.0039  -0.0119
  0.0386   0.1481  -0.2442   0.0588   0.0049  -0.0210
  0.0354   0.1738  -0.2480  -0.0697   0.0204  -0.0368
  0.0345   0.1447  -0.1999   0.0993   0.0116  -0.0587
  0.1027   0.0882  -0.1786   0.1787   0.0499  -0.0486
  0.1053   0.0821  -0.2498   0.1085   0.0846  -0.0640
 -0.0029   0.2973  -0.2077  -0.1512   0.0331  -0.0518
  0.0528   0.2909  -0.2477  -0.4152   0.0672  -0.0911
  0.0397   0.2407  -0.1987  -0.0106   0.0441  -0.1205
  0.0420   0.3493  -0.2099  -0.1241   0.0474  -0.0675
  0.0399   0.2983  -0.2380  -0.1759   0.0436  -0.0851
 -0.0040   0.2569  -0.1542   0.0494  -0.0139  -0.1035
 -0.0144   0.2393  -0.1309   0.1024  -0.0013  -0.0663
 -0.0015   0.2585  -0.1189   0.0708  -0.0059  -0.0524
 -0.0107   0.2525  -0.1007   0.0685  -0.0090  -0.0220
  0.0071   0.2331   0.0738   0.3403  -0.0250  -0.0282
  0.0175   0.2848  -0.0082   0.3843  -0.0128  -0.0118
 -0.0044   0.2051  -0.0495   0.2460   0.0159  -0.0321
  0.0264   0.2659  -0.0881  -0.1590   0.0373   0.0124
  0.0503   0.2346  -0.1408  -0.0908   0.0241  -0.0403
  0.0065   0.1022  -0.0895   0.2019   0.0228  -0.0291
  0.0298   0.1414  -0.0926  -0.0397   0.0290   0.0005
 -0.0090   0.2000  -0.0960  -0.4448   0.0497  -0.0340
 -0.0494   0.2286  -0.1053  -0.1050   0.0406  -0.0869
 -0.0020   0.2235  -0.0749   0.0515   0.0086  -0.0199
 -0.0237   0.2158  -0.0456   0.2160   0.0031  -0.0144
 -0.0183   0.2262  -0.0855   0.1442   0.0245   0.0166
 -0.0481   0.2380  -0.0534   0.2606   0.0219  -0.0049
 -0.0392   0.2415  -0.0518   0.1475   0.0191   0.0286
 -0.0128   0.1809  -0.1155  -0.1162   0.0422   0.0100
 -0.0727   0.0666  -0.0342   0.4383  -0.0083  -0.0175
 -0.0608   0.1007  -0.0142   0.3410  -0.0102   0.0599
 -0.0455   0.1142  -0.0214   0.2954  -0.0002   0.0464
 -0.0830   0.0981   0.0050   0.5164  -0.0089  -0.0122
 -0.0768   0.1225   0.0010   0.4708   0.0012   0.0563
 -0.0613   0.1209  -0.0025   0.5138   0.0098   0.0541
 -0.0657   0.1000   0.0112   0.3827   0.0108   0.0349
 -0.0595   0.1048  -0.0005   0.3337  -0.0049   0.0390
 -0.1286   0.1413   0.1385   0.5862  -0.0443   0.0262
 -0.0380   0.1667   0.0757   0.1268  -0.0088   0.0754
  0.0085   0.1460   0.0564   0.0977   0.0198  -0.0062
  0.0481   0.4649  -0.0694  -0.2124   0.0497  -0.0200
 -0.0176   0.0341   0.0424   0.4159   0.0691  -0.0271
 -0.0332   0.0692   0.0171   0.5212   0.0539  -0.0188
 -0.0555   0.1424  -0.0296   0.4223   0.0575   0.0372
 -0.0804   0.1318  -0.0492   0.5474   0.0524   0.0164
 -0.0800   0.1224  -0.0263   0.6609   0.0361   0.0137
  0.0053  -0.0230  -0.0497   0.3747   0.0554  -0.0288
 -0.0231   0.1351  -0.0011   0.4890   0.0482   0.0066
 -0.0538   0.1443  -0.0106   0.4234   0.0361   0.0867
  0.0509   0.1245   0.0611   0.4049  -0.0170   0.0480
 -0.0106   0.1111   0.0142   0.5609  -0.0169   0.0489
 -0.0381   0.1107  -0.0173   0.5916   0.0025   0.0436
 -0.0138   0.1102  -0.0202   0.3772   0.0054   0.0872
 -0.0361   0.0455   0.0183   0.3705  -0.0138   0.0848
 -0.0696   0.0356   0.0369   0.5092  -0.0048   0.1136
 -0.0331   0.0445   0.0392   0.5761  -0.0084   0.1036
 -0.0429   0.0422   0.0399   0.5288  -0.0131   0.1349
 -0.0601   0.0199  -0.0039   0.8109  -0.0151   0.1121
 -0.0317   0.0104  -0.0324   0.7514   0.0046   0.1818
 -0.0038  -0.0500  -0.0209   0.6842   0.0340   0.1958
 -0.0455  -0.0356  -0.0189   0.7858   0.0325   0.1680
  0.0269  -0.0603   0.0146   0.7892   0.1189   0.3108
  0.0185  -0.0489  -0.0051   0.6934   0.0945   0.2517
 -0.0053  -0.0390  -0.0266   0.7811   0.0883   0.2000
  0.0006  -0.0864  -0.0455   0.7322   0.0788   0.2463
  0.0201  -0.0227   0.1100   0.3690  -0.0026   0.2396
  0.0048  -0.0047   0.0838   0.5732   0.0012   0.1666
 -0.0249  -0.0283   0.1018   0.7236  -0.0159   0.1936
  0.0382  -0.0217   0.0565   0.4681   0.0324   0.2153
 -0.0025   0.0534   0.0469   0.4198   0.0104   0.1660
 -0.0347  -0.0263   0.0763   0.1395  -0.0111   0.1657
 -0.0477   0.0227   0.0559   0.0724   0.0001   0.1547
 -0.0611   0.0127   0.0655   0.4163  -0.0047   0.1498
 -0.0242   0.0547   0.0431   0.3535   0.0182   0.1859
 -0.0200   0.0405   0.0499   0.4485   0.0105   0.2419
  0.0579   0.1805  -0.0046   0.5497   0.0380   0.2077
 -0.0442  -0.0136   0.0006  -0.0356   0.0462   0.1414
 -0.0139  -0.0314  -0.0065  -0.2772   0.0692   0.0786
  0.0029  -0.0567   0.0211  -0.2231   0.0777   0.0318
  0.0082  -0.0862   0.0503  -0.1830   0.0576  -0.0056
 -0.0349  -0.0294  -0.0469  -0.1716   0.0280  -0.1153
  0.0804  -0.0798  -0.0120  -0.1279   0.0905  -0.0634
 -0.0023  -0.0595   0.0167  -0.0966   0.0545  -0.0491
 -0.0299  -0.0637   0.0349  -0.0388   0.0330  -0.0212
 -0.0055  -0.0385   0.0510  -0.4399   0.0613  -0.0159
  0.0149  -0.0486   0.0559  -0.3365   0.0507  -0.0505
 -0.0075  -0.0118   0.0625  -0.2000   0.0381  -0.0524
 -0.0207  -0.0198  -0.0329  -0.7066   0.0799  -0.0207
 -0.0293   0.0126   0.0059  -0.2250   0.0366  -0.0999
 -0.0368  -0.0155   0.0415  -0.1437   0.0344  -0.0061
 -0.0268  -0.0275   0.0283  -0.2991   0.0199   0.0198
 -0.0143   0.0200   0.0346  -0.3309   0.0096   0.0178
 -0.0396  -0.0136   0.0383  -0.3121   0.0313  -0.0605
 -0.0369  -0.0057   0.0548  -0.1724   0.0318  -0.0178
 -0.0373   0.0267   0.0550  -0.1330   0.0322   0.0045
 -0.0340   0.0191   0.0606  -0.1832   0.0450   0.0117
 -0.0324   0.1424   0.0354  -0.3612   0.0228   0.0536
 -0.0264  -0.0423   0.0520  -0.2062   0.0362  -0.0113
 -0.0540  -0.0343   0.0691  -0.0961   0.0376   0.0003
 -0.0537  -0.0001   0.0721  -0.1046   0.0105   0.0034
 -0.0528  -0.0146   0.0864  -0.1314   0.0359  -0.0033
 -0.0217   0.0044   0.0953   0.0221   0.0488  -0.0251
 -0.0704   0.0190   0.0898  -0.0782   0.0287   0.0183
 -0.0571  -0.0000   0.0904  -0.0155   0.0358   0.0097
 -0.0257  -0.0114   0.0891  -0.1012   0.0343   0.0290
 -0.0441   0.0102   0.1004  -0.1277   0.0498  -0.0279
 -0.0619   0.0097   0.0768  -0.2566   0.0399   0.0272
 -0.0551   0.0206   0.0848  -0.1217   0.0262  -0.0283
 -0.0656   0.0660   0.0884  -0.3203   0.0158  -0.0033
 -0.0911  -0.0336   0.0961  -0.0264  -0.0045  -0.0818
 -0.1036  -0.0011   0.0695  -0.2684   0.0059  -0.0035
 -0.1127   0.0026   0.0439  -0.2942   0.0065  -0.0318
 -0.1440  -0.0090   0.0953  -0.0427  -0.0338  -0.0354
 -0.1327   0.0278   0.1140  -0.2338  -0.0203   0.0159
 -0.1233   0.0030   0.1089  -0.0716   0.0077  -0.0113
 -0.1253  -0.0015   0.1026  -0.3777  -0.0045   0.0417
 -0.1364  -0.0043   0.1054  -0.0733  -0.0083  -0.0266
 -0.1215   0.0071   0.1099  -0.3019   0.0005   0.0357
 -0.1333   0.0157   0.1115  -0.0848  -0.0102  -0.0344
 -0.1316  -0.0001   0.1128  -0.2108   0.0137   0.0099
  0.0645   0.2578  -0.0568  -0.3892   0.0896   0.2827
  0.0421   0.1193  -0.2430  -0.2987  -0.0091   0.3127
 -0.0957   0.1960  -0.2313  -0.2856  -0.2073   0.0775
 -0.0727   0.1652  -0.2215  -0.1800  -0.2179  -0.0030
 -0.1325   0.1390  -0.2103  -0.2655  -0.2418   0.0403
 -0.0577   0.1464  -0.0957  -0.2885  -0.1758   0.0140
 -0.0594   0.1368  -0.0558  -0.3137  -0.1842  -0.0009
 -0.0944   0.1293  -0.0666  -0.2389  -0.1944   0.0024
 -0.0624   0.1478  -0.0884  -0.3828  -0.2516   0.0278
 -0.0211   0.0838  -0.1081  -0.2056  -0.1651   0.0194
 -0.0387   0.0567  -0.1132  -0.2112  -0.1991   0.0074
 -0.0813   0.0619  -0.0923  -0.2627  -0.1986   0.0175
 -0.0564   0.0112  -0.1209  -0.0587  -0.2434   0.1135
 -0.0807   0.0299  -0.1012  -0.1101  -0.2822   0.1551
 -0.0688   0.0860  -0.0181   0.0026  -0.2262   0.0321
 -0.0636   0.0205  -0.0537   0.1433  -0.2153   0.0750
 -0.0805   0.0760  -0.0848  -0.0935  -0.2110   0.1222
 -0.0731   0.1321  -0.0156  -0.3639  -0.1512   0.0579
 -0.0833   0.1773   0.0398  -0.3215  -0.1043  -0.0146
