  0.0573   0.1037   0.0061  -0.3226   0.0426  -0.0065
  0.0572   0.0962   0.0017  -0.2563   0.0476   0.0329
  0.0507   0.0975   0.0047  -0.3228   0.0339  -0.0158
  0.0327   0.1163   0.0031  -0.3003   0.0209   0.0709
  0.0339   0.1028  -0.0075  -0.2284   0.0285   0.0483
  0.0187   0.0922   0.0003  -0.2563   0.0033   0.0151
  0.0149   0.0856  -0.0021  -0.1863   0.0097   0.0813
  0.0159   0.0721   0.0119  -0.1949   0.0065   0.0185
  0.0042   0.0607   0.0194  -0.1782   0.0026   0.0524
 -0.0079   0.0290   0.0319  -0.0348   0.0061   0.0589
 -0.0025  -0.0228   0.0282   0.0158   0.0087   0.0470
  0.0015  -0.0101   0.0242  -0.0586   0.0008   0.0271
  0.0011  -0.0011   0.0239  -0.0217   0.0059   0.0675
  0.0089  -0.0117   0.0241  -0.0910   0.0007   0.0059
 -0.0019   0.0141   0.0198  -0.0695  -0.0013   0.0735
  0.0013   0.0051   0.0210  -0.0573   0.0037   0.0262
 -0.0022   0.0069   0.0178  -0.0470   0.0033   0.0518
 -0.0018  -0.0016   0.0176  -0.0159   0.0082   0.0411
 -0.0013  -0.0051   0.0177  -0.0077   0.0130   0.0494
  0.0036  -0.0030   0.0247  -0.0470   0.0105   0.0235
  0.0086  -0.0019   0.0185   0.0256   0.0174   0.0696
  0.0171  -0.0421   0.0119   0.0345   0.0290   0.0213
  0.0180  -0.0826   0.0272   0.1238   0.0364   0.0482
  0.0295  -0.0842   0.0260   0.0492   0.0371  -0.0037
  0.0209  -0.0465   0.0207  -0.0136   0.0296   0.0604
  0.0317  -0.0519   0.0189   0.0344   0.0485   0.0354
  0.0298  -0.0524   0.0113  -0.0323   0.0385  -0.0247
 -0.0003  -0.0055   0.0171  -0.0737   0.0026   0.0810
 -0.0060  -0.0104   0.0173   0.0032   0.0045   0.0596
  0.0068  -0.0203   0.0242  -0.0515   0.0057  -0.0061
 -0.0015  -0.0127   0.0212  -0.0390  -0.0009   0.0586
 -0.0113  -0.0104   0.0255   0.0503  -0.0047   0.0846
 -0.0004  -0.0317   0.0295   0.0097  -0.0044   0.0150
 -0.0027  -0.0300   0.0326   0.0414  -0.0032   0.0720
 -0.0128  -0.0364   0.0367   0.0963  -0.0041   0.0686
 -0.0079  -0.0501   0.0372   0.1235   0.0009   0.0537
 -0.0033  -0.0651   0.0397   0.1570   0.0067   0.0568
  0.0027  -0.0783   0.0398   0.1597   0.0102   0.0457
  0.0128  -0.0738   0.0314   0.0799   0.0143   0.0294
 -0.0016  -0.0597   0.0310   0.0759   0.0094   0.0764
 -0.0014  -0.0659   0.0280   0.0964   0.0156   0.0334
 -0.0027  -0.0494   0.0291   0.0412   0.0049   0.0425
 -0.0005   0.1577  -0.0263  -0.2774  -0.0013   0.0462
 -0.0807   0.8116  -0.1251  -1.2426  -0.0770   0.1446
 -0.0200   0.1264  -0.0341  -0.2888  -0.0359   0.0667
 -0.0163   0.1266  -0.0324  -0.2946  -0.0348   0.0177
 -0.0197   0.1167  -0.0166  -0.1868  -0.0221   0.0645
 -0.0033   0.0810  -0.0205  -0.1150  -0.0074   0.0229
 -0.0042   0.0669  -0.0166  -0.1300  -0.0197  -0.0022
 -0.0168   0.0661  -0.0168  -0.0385  -0.0171   0.0688
 -0.0136   0.0607  -0.0089  -0.0523  -0.0213   0.0437
 -0.0127   0.0569  -0.0042  -0.0945  -0.0245   0.0248
 -0.0122   0.0183  -0.0152   0.0357  -0.0055   0.0631
  0.0034   0.0145  -0.0093  -0.0661  -0.0029  -0.0048
 -0.0024   0.0145  -0.0108  -0.0053   0.0054   0.0627
 -0.0022   0.0018  -0.0047  -0.0014   0.0043   0.0136
  0.0000  -0.0188  -0.0012   0.0779   0.0200   0.0350
  0.0138  -0.1390  -0.0022   0.2356   0.0365   0.0116
  0.0270  -0.0996  -0.0067   0.1126   0.0430  -0.0311
  0.0141  -0.0178  -0.0122  -0.0302   0.0243   0.0262
  0.0245  -0.0176  -0.0117   0.0315   0.0407   0.0547
  0.0103  -0.0255  -0.0064  -0.0062   0.0196  -0.0159
 -0.0051  -0.0234  -0.0023   0.0710   0.0159   0.0476
  0.0066  -0.0491  -0.0028   0.0934   0.0169   0.0196
  0.0034  -0.0629  -0.0030   0.1099   0.0134   0.0169
  0.0060  -0.0587  -0.0036   0.1170   0.0122   0.0159
  0.0086  -0.0317   0.0026   0.0021   0.0049  -0.0022
  0.0137  -0.0309  -0.0085   0.0731   0.0200   0.0405
  0.0071  -0.0361  -0.0008   0.0225   0.0142  -0.0113
 -0.0025  -0.0327  -0.0013   0.0592   0.0124   0.0463
 -0.0013  -0.0154  -0.0012  -0.0007   0.0086   0.0074
  0.0002  -0.0163  -0.0060   0.0402   0.0095   0.0379
  0.0014  -0.0139  -0.0056   0.0249   0.0136   0.0244
  0.0041  -0.0274  -0.0080   0.0471   0.0208   0.0001
  0.0035  -0.0129  -0.0093   0.0351   0.0186   0.0303
  0.0028  -0.0292  -0.0092   0.0821   0.0213   0.0087
  0.0034  -0.0310  -0.0122   0.0998   0.0201   0.0200
  0.0024  -0.0565  -0.0193   0.1190   0.0191   0.0101
  0.0013  -0.0615  -0.0128   0.1509   0.0155   0.0300
  0.0051  -0.0526  -0.0134   0.0691   0.0085  -0.0144
 -0.0036  -0.0300  -0.0058   0.0743   0.0031   0.0506
 -0.0051  -0.0259  -0.0079   0.0552  -0.0088   0.0035
 -0.0108  -0.0261   0.0025   0.1031  -0.0057   0.0708
 -0.0054  -0.0601  -0.0011   0.1737   0.0088   0.0186
 -0.0033  -0.0524  -0.0080   0.1267   0.0067   0.0501
 -0.0005  -0.0436  -0.0089   0.0545   0.0126   0.0179
 -0.0024  -0.0450  -0.0081   0.1133   0.0169   0.0498
  0.0013  -0.0552  -0.0059   0.0885   0.0172   0.0255
  0.0029   0.0351  -0.0299  -0.0837  -0.0002  -0.0113
 -0.1783   0.9455  -0.0699  -1.3193  -0.1601   0.2116
 -0.0334   0.0561  -0.0065  -0.1793  -0.0495  -0.0084
 -0.0234   0.0952  -0.0042  -0.1950  -0.0290   0.0160
 -0.0150   0.0822  -0.0050  -0.1307  -0.0274   0.0116
 -0.0283   0.0970   0.0011  -0.1357  -0.0403   0.0239
 -0.0298   0.0904   0.0007  -0.1180  -0.0442  -0.0074
 -0.0281   0.0782   0.0026  -0.0954  -0.0331   0.0224
 -0.0258   0.0596  -0.0024  -0.0892  -0.0302  -0.0168
 -0.0239   0.0658   0.0018  -0.0708  -0.0221   0.0241
 -0.0177   0.0522   0.0037  -0.0807  -0.0298  -0.0116
 -0.0160   0.0304  -0.0024  -0.0230  -0.0223   0.0123
 -0.0071   0.0118   0.0018  -0.0267  -0.0173  -0.0048
  0.0005  -0.0078   0.0018   0.0156  -0.0061  -0.0038
 -0.0053   0.0112   0.0050  -0.0148  -0.0104  -0.0004
  0.0014  -0.0151   0.0019   0.0628   0.0005   0.0094
  0.0065  -0.0194   0.0018   0.0219   0.0010  -0.0135
  0.0198  -0.0203  -0.0045   0.0196   0.0080  -0.0091
  0.0220  -0.0147   0.0021   0.0278   0.0231   0.0146
  0.0273  -0.0281   0.0001   0.0264   0.0237  -0.0231
  0.0233  -0.0380  -0.0059   0.0643   0.0164   0.0050
  0.0113  -0.0540   0.0025   0.0804   0.0076   0.0022
  0.0269  -0.1909   0.0115   0.3026   0.0342  -0.0089
  0.0400  -0.2984   0.0205   0.4099   0.0521  -0.0552
  0.0438  -0.3694   0.0115   0.4749   0.0909  -0.0507
  0.0482  -0.4105  -0.0156   0.5318   0.0762  -0.0266
  0.0370  -0.3289  -0.0328   0.5078   0.0454   0.0003
  0.0500  -0.1230  -0.0394   0.1064   0.0518  -0.0286
  0.0594  -0.1063  -0.0314   0.1059   0.0632   0.0283
  0.0491  -0.1041  -0.0342   0.0955   0.0444  -0.0400
  0.0530  -0.0643  -0.0285   0.0621   0.0598   0.0331
  0.0506  -0.0632  -0.0339   0.0511   0.0502  -0.0520
  0.0360  -0.0526  -0.0273   0.0514   0.0309   0.0044
  0.0523  -0.0617  -0.0267   0.0897   0.0505  -0.0279
  0.0351  -0.0498  -0.0237   0.0437   0.0235  -0.0295
  0.0484  -0.0540  -0.0273   0.1097   0.0408   0.0170
  0.0434  -0.0630  -0.0338   0.0752   0.0281  -0.0394
  0.0392  -0.0659  -0.0295   0.1357   0.0264   0.0022
  0.0394  -0.0742  -0.0265   0.1097   0.0240  -0.0315
  0.0359  -0.0623  -0.0211   0.1403   0.0233   0.0186
  0.0357  -0.0661  -0.0259   0.1040   0.0269  -0.0116
  0.0385  -0.0665  -0.0245   0.0890   0.0197  -0.0073
  0.0398  -0.0722  -0.0272   0.0465   0.0179  -0.0158
  0.0460  -0.0655  -0.0275   0.0786   0.0358  -0.0109
  0.0389  -0.0600  -0.0269   0.0586   0.0199   0.0048
  0.0402  -0.0618  -0.0240   0.0679   0.0198  -0.0227
  0.0317  -0.0590  -0.0210   0.1129   0.0170   0.0018
  0.0355  -0.0881  -0.0209   0.1734   0.0272   0.0012
  0.0444  -0.1825  -0.0106   0.3097   0.0351  -0.0029
  0.0499  -0.2785   0.0020   0.4192   0.0462  -0.0274
  0.0555  -0.3756   0.0300   0.5322   0.0488  -0.0299
  0.0671  -0.2662   0.0057   0.3639   0.0514  -0.0493
  0.0328   0.0027  -0.0393  -0.0877   0.0114  -0.0269
 -0.1384   0.9495  -0.1320  -1.3862  -0.1385   0.2054
 -0.0520   0.2342  -0.0675  -0.4453  -0.0944   0.0067
 -0.0643   0.2560  -0.0344  -0.4543  -0.1006  -0.0027
 -0.0568   0.2233  -0.0605  -0.3277  -0.0682   0.0522
 -0.0630   0.2198  -0.0435  -0.3551  -0.0879  -0.0260
 -0.0731   0.2046  -0.0472  -0.2534  -0.0889   0.0220
 -0.0690   0.1864  -0.0448  -0.2595  -0.0940  -0.0145
 -0.0756   0.1724  -0.0411  -0.2018  -0.0922   0.0391
 -0.0718   0.1408  -0.0407  -0.1375  -0.0800   0.0091
 -0.0626   0.1117  -0.0360  -0.0940  -0.0812   0.0175
 -0.0472   0.0947  -0.0413  -0.1517  -0.0766  -0.0292
 -0.0471   0.1129  -0.0384  -0.1226  -0.0679   0.0355
 -0.0407   0.1070  -0.0329  -0.1348  -0.0586  -0.0264
 -0.0453   0.0950  -0.0346  -0.1098  -0.0606   0.0177
 -0.0413   0.0772  -0.0281  -0.1199  -0.0634  -0.0231
 -0.0470   0.0799  -0.0265  -0.0806  -0.0512   0.0174
 -0.0457   0.0702  -0.0242  -0.0836  -0.0571  -0.0171
 -0.0482   0.0707  -0.0202  -0.0694  -0.0548   0.0186
 -0.0429   0.0614  -0.0279  -0.0751  -0.0449  -0.0113
 -0.0380   0.0466  -0.0298  -0.0252  -0.0404   0.0094
 -0.0316   0.0386  -0.0333  -0.0542  -0.0434  -0.0068
 -0.0278   0.0387  -0.0302  -0.0345  -0.0407  -0.0022
 -0.0378   0.0628  -0.0267  -0.1047  -0.0519  -0.0005
 -0.0449   0.0341  -0.0270   0.0365  -0.0398   0.0187
 -0.0231  -0.0335  -0.0153   0.0947  -0.0186  -0.0199
  0.0123  -0.1352  -0.0112   0.2321   0.0198  -0.0063
  0.0435  -0.3679   0.0115   0.5065   0.0406  -0.0503
  0.0406  -0.4010   0.0392   0.5650   0.0512  -0.0558
  0.0631  -0.4079   0.0338   0.5634   0.0771  -0.0401
  0.0587  -0.3248   0.0261   0.3971   0.0717  -0.0895
  0.0371  -0.1446  -0.0083   0.1380   0.0517  -0.0044
  0.0008  -0.1267  -0.0015   0.2953   0.0570  -0.0540
 -0.0632   0.0376  -0.0045  -0.0823  -0.0467  -0.0632
 -0.0130   0.1242  -0.0261  -0.3415  -0.0284   0.0458
 -0.0028   0.0884  -0.0269  -0.1042  -0.0030  -0.0101
 -0.0135   0.0926  -0.0157  -0.1789  -0.0300  -0.0495
 -0.0264   0.1068  -0.0173  -0.1088  -0.0243  -0.0179
 -0.0241   0.1023  -0.0185  -0.1456  -0.0353  -0.0619
 -0.0309   0.0942  -0.0188  -0.0944  -0.0359  -0.0135
 -0.0283   0.0878  -0.0132  -0.0964  -0.0509  -0.0383
 -0.0370   0.1390  -0.0243  -0.1748  -0.0606  -0.0046
 -0.1421   0.9298  -0.0731  -1.1844  -0.1184   0.1434
 -0.0596   0.2949   0.0089  -0.4029  -0.0917  -0.0337
 -0.0387   0.2768  -0.0086  -0.3170  -0.0427   0.0322
 -0.0448   0.2690   0.0047  -0.3558  -0.0654  -0.0156
 -0.0426   0.2548  -0.0016  -0.2863  -0.0503   0.0184
 -0.0377   0.2264  -0.0050  -0.2482  -0.0470  -0.0039
 -0.0344   0.2114   0.0121  -0.2974  -0.0491  -0.0366
 -0.0330   0.1940   0.0030  -0.2014  -0.0367  -0.0041
 -0.0301   0.1934   0.0105  -0.2245  -0.0370  -0.0425
 -0.0376   0.1851   0.0203  -0.2656  -0.0434  -0.0180
 -0.0359   0.1734   0.0150  -0.1841  -0.0266   0.0049
 -0.0340   0.1888   0.0206  -0.2696  -0.0333  -0.0377
 -0.0342   0.1730   0.0164  -0.2008  -0.0241   0.0040
 -0.0322   0.1629   0.0172  -0.2155  -0.0281  -0.0222
 -0.0319   0.1488   0.0213  -0.1813  -0.0307  -0.0212
 -0.0325   0.1260   0.0274  -0.1582  -0.0318  -0.0125
 -0.0264   0.0995   0.0251  -0.1028  -0.0204  -0.0301
 -0.0028   0.0054   0.0266   0.0410   0.0001  -0.0261
  0.0337  -0.1322   0.0358   0.2336   0.0473  -0.0821
  0.0367  -0.1746   0.0222   0.3148   0.0504  -0.0692
  0.0583  -0.2136   0.0180   0.3419   0.0591  -0.0453
  0.0580  -0.1902   0.0088   0.3078   0.0682  -0.0817
  0.0154  -0.0146  -0.0012   0.0199   0.0277  -0.0485
  0.0158   0.0142   0.0043  -0.0375   0.0260   0.0243
  0.0047   0.0026   0.0101  -0.0232   0.0190  -0.0901
 -0.0028   0.0198   0.0154  -0.0132   0.0131  -0.0172
  0.0058  -0.0076   0.0177  -0.0091   0.0079  -0.0852
 -0.0043   0.0124   0.0158   0.0222  -0.0014  -0.0331
 -0.0045  -0.0013   0.0194   0.0655  -0.0052  -0.0652
 -0.0020   0.0083   0.0138   0.0160  -0.0039  -0.0563
  0.0003   0.0005   0.0111   0.0639  -0.0047  -0.0391
  0.0006   0.0007   0.0191   0.0034  -0.0148  -0.0758
 -0.0128   0.0084   0.0176   0.0687  -0.0178  -0.0149
 -0.0085   0.0179   0.0177   0.0824  -0.0090  -0.0361
 -0.0040  -0.0089   0.0201   0.0655  -0.0116  -0.0622
 -0.0102  -0.0201   0.0217   0.0743  -0.0083  -0.0313
 -0.0128  -0.0428   0.0254   0.1324  -0.0071  -0.0387
 -0.0012  -0.0991   0.0370   0.2086   0.0090  -0.0501
 -0.0041  -0.1530   0.0486   0.2992   0.0108  -0.0627
  0.0058  -0.1044   0.0356   0.1691   0.0104  -0.0799
 -0.0041  -0.0597   0.0232   0.1052   0.0076  -0.0317
  0.0035  -0.0718   0.0250   0.1759   0.0140  -0.0377
  0.0113  -0.0588   0.0231   0.0887   0.0203  -0.0853
  0.0068  -0.0396   0.0265   0.1198   0.0137  -0.0146
  0.0097  -0.0428   0.0303   0.0740   0.0146  -0.0736
  0.0034  -0.0364   0.0273   0.1267   0.0170  -0.0225
  0.0061  -0.0533   0.0314   0.1706   0.0233  -0.0411
  0.0212  -0.2268   0.0532   0.3739   0.0470  -0.0794
  0.0595  -0.4720   0.0979   0.6670   0.0733  -0.1169
  0.0730  -0.4209   0.0967   0.5988   0.0764  -0.1158
  0.0427  -0.1639   0.0577   0.1937   0.0410  -0.0824
  0.0360  -0.1086   0.0447   0.1892   0.0478  -0.0175
  0.0267  -0.0912   0.0331   0.1270   0.0433  -0.1064
  0.0098  -0.0527   0.0325   0.0968   0.0177  -0.0321
  0.0099  -0.0639   0.0357   0.1436   0.0208  -0.0646
  0.0056  -0.0640   0.0416   0.1223   0.0152  -0.0647
  0.0089  -0.0770   0.0437   0.1741   0.0211  -0.0775
  0.0051  -0.0799   0.0405   0.1974   0.0225  -0.0668
