 -0.2539   2.2933   0.1330  -0.6453  -0.0191  -0.9708
 -0.2494   2.3663   0.0899  -0.7037  -0.0380  -0.9751
 -0.3113   2.4446   0.2212  -0.8358  -0.0129  -0.9792
 -0.2979   2.3304   0.1963  -0.8137  -0.0338  -0.9069
 -0.3244   2.3504   0.2318  -0.8280  -0.0213  -0.9433
 -0.3341   2.4070   0.2190  -0.7267  -0.0123  -0.9368
 -0.3217   2.3069   0.3092  -0.7287  -0.0150  -0.9170
 -0.3230   2.2977   0.2958  -0.7117  -0.0361  -0.9106
 -0.3363   2.2182   0.2470  -0.7498  -0.0520  -0.8887
 -0.3801   2.2284   0.2035  -0.7042  -0.1032  -0.8539
 -0.4366   2.2415   0.1795  -0.6878  -0.1239  -0.8501
 -0.4611   2.2986   0.2045  -0.6797  -0.1358  -0.8669
 -0.4368   2.3330   0.1933  -0.7141  -0.1149  -0.8525
 -0.4303   2.3429   0.1886  -0.6102  -0.1021  -0.8955
 -0.4563   2.2484   0.1683  -0.5614  -0.1189  -0.8844
 -0.4346   2.1587   0.1251  -0.5890  -0.1237  -0.8872
 -0.4814   2.1741   0.1020  -0.5727  -0.1270  -0.8786
 -0.3880   2.1987  -0.0246  -0.4399  -0.0549  -0.8774
 -0.4335   2.1614   0.0676  -0.4941  -0.0956  -0.8664
 -0.4468   2.2027   0.0633  -0.4439  -0.0930  -0.8752
 -0.4110   2.1680   0.0704  -0.4234  -0.0903  -0.8635
 -0.4085   2.2469   0.0831  -0.5041  -0.1233  -0.8741
 -0.4106   2.1467   0.0335  -0.4257  -0.1137  -0.8431
 -0.4391   2.2673   0.0654  -0.5493  -0.1210  -0.8331
 -0.4216   2.1614   0.0520  -0.4780  -0.1143  -0.8351
 -0.4211   2.0709  -0.0595  -0.3634  -0.0788  -0.8126
 -0.4489   2.0556  -0.0927  -0.3525  -0.0669  -0.8108
 -0.3881   1.9634   0.0123  -0.3162  -0.0497  -0.7896
 -0.3930   1.9396   0.0479  -0.3368  -0.0351  -0.7723
 -0.3957   2.0129   0.0814  -0.3074  -0.0441  -0.7863
 -0.3975   1.9093   0.0839  -0.2397  -0.0323  -0.7795
 -0.3646   1.8811   0.0845  -0.2373  -0.0314  -0.7641
 -0.3534   1.7774   0.0441  -0.1897  -0.0297  -0.7515
 -0.3772   1.8858   0.0444  -0.1852  -0.0288  -0.7704
 -0.3328   1.7796   0.0018  -0.2018   0.0109  -0.7032
 -0.2909   1.7749  -0.0012  -0.2619  -0.0214  -0.6742
 -0.2730   1.7186  -0.0197  -0.1674  -0.0110  -0.6671
 -0.2973   1.7070  -0.0145  -0.1528  -0.0177  -0.6743
 -0.2421   1.6961  -0.0021  -0.0978   0.0126  -0.6724
 -0.2709   1.7314  -0.0017  -0.1059   0.0146  -0.7002
 -0.1479   1.0238   0.0357   0.1513  -0.0074  -0.5373
 -0.1893   0.7159   0.3208   0.1630  -0.0202  -0.3742
 -0.1879   0.7506   0.3275   0.1508  -0.0198  -0.3774
 -0.2164   0.8657   0.2419   0.0715  -0.0195  -0.3934
 -0.1778   0.3489   0.2978  -0.0626  -0.0663  -0.2921
 -0.0073   0.5879   0.0608   0.0969   0.0031  -0.2776
 -0.0052   0.4027   0.1033   0.1470  -0.0099  -0.2491
 -0.0022   0.3693   0.0590   0.1853  -0.0184  -0.2570
  0.0514   0.3293  -0.0522   0.2260  -0.0011  -0.1978
  0.0529   0.2659  -0.0125   0.2046  -0.0081  -0.1959
  0.0739   0.2876  -0.0551   0.2235   0.0161  -0.1877
  0.0596   0.2776   0.0165   0.1899  -0.0173  -0.1868
  0.0434   0.2116   0.0125   0.1902  -0.0139  -0.1109
  0.0636   0.1951   0.0004   0.1606  -0.0227  -0.1576
  0.0301   0.2363   0.0278   0.3551  -0.0584  -0.1341
  0.0661   0.3259  -0.0344   0.2816  -0.0393  -0.1631
 -0.0163   0.5115   0.1600  -0.1153  -0.1773  -0.1115
 -0.0030   0.2952   0.1122   0.1521  -0.1103  -0.1202
  0.0176   0.2577   0.1334   0.1339  -0.1148  -0.0938
  0.0064   0.3142   0.1853   0.1033  -0.1541  -0.1477
  0.0931   0.4344   0.1572  -0.3189  -0.2271  -0.0253
  0.1077   0.0789  -0.3780  -0.1507   0.0385  -0.0294
  0.1568  -0.0027  -0.2179   0.0921   0.0310  -0.0409
  0.1551  -0.0771  -0.1941   0.1136  -0.0260  -0.0138
  0.1700  -0.0961  -0.2116   0.0857  -0.0490   0.0295
  0.0995  -0.0470  -0.1012   0.0920  -0.0106   0.0200
  0.0801  -0.0251  -0.0486   0.1486  -0.0259   0.0228
  0.0453  -0.0204   0.0257   0.1155   0.0085   0.0663
  0.1115  -0.1075   0.0907  -0.0017  -0.0565   0.0592
  0.0475  -0.1544   0.0211   0.1370  -0.0100   0.0709
  0.0460  -0.1651   0.0034   0.1721   0.0079   0.0618
  0.0107  -0.1908   0.0013   0.2395   0.0215   0.0822
  0.0149  -0.2388   0.0214   0.2716   0.0210   0.0879
  0.0298  -0.4015   0.0007   0.2481   0.0248   0.1199
  0.0202  -0.2927   0.0195   0.2070   0.0220   0.1226
  0.0366  -0.1164  -0.0627   0.1234   0.0067   0.1158
  0.0073  -0.2015  -0.1281   0.1866  -0.0030   0.1293
  0.0089  -0.4097  -0.1124   0.2545   0.0480   0.1938
  0.0158  -0.4637  -0.0962   0.3620   0.0566   0.2196
  0.0413  -0.5756  -0.0146   0.2839   0.0614   0.2458
  0.0488  -0.6968   0.0355   0.3737   0.0810   0.2861
  0.0511  -0.7856   0.0620   0.4311   0.0850   0.3085
  0.1369  -0.8218   0.1416   0.4187   0.1667   0.3206
  0.1537  -0.9737   0.0196   0.3724   0.1074   0.3751
  0.1719  -1.0505   0.0576   0.4006   0.1188   0.4009
  0.1872  -1.1458   0.0643   0.3546   0.1108   0.4299
  0.1664  -1.0755   0.0612   0.3757   0.1107   0.4091
  0.2613   0.2313  -0.5356   0.3733   0.0843   0.2781
  0.2815  -1.3061  -0.4067   0.1848   0.0260   0.6041
  0.2991  -1.4573  -0.2653   0.1601   0.0337   0.5896
  0.2888  -1.5488  -0.2433   0.1392   0.0035   0.6107
  0.2207  -1.4281  -0.1357   0.1025   0.0152   0.6199
  0.2261  -1.4988  -0.1246   0.1038   0.0244   0.6444
  0.2505  -1.5511  -0.2120   0.1040   0.0118   0.6550
  0.2325  -1.5293  -0.3676   0.1246   0.0217   0.6548
  0.2370  -1.5865  -0.2626   0.0970   0.0387   0.6957
  0.2744  -1.7031  -0.2377   0.1262   0.0324   0.7183
  0.2532  -1.7124  -0.2006   0.1216   0.0276   0.7354
  0.2598  -1.8427  -0.2839  -0.0643   0.0244   0.7594
  0.3853  -2.0520   0.0184  -0.2302  -0.0647   0.8167
  0.3199  -2.0758  -0.2715   0.0667   0.0415   0.8430
  0.3858  -2.0950  -0.1480   0.0213   0.0304   0.8526
  0.2636  -2.2380  -0.1594   0.0646   0.0442   0.9033
  0.3559  -2.2735  -0.0235   0.1034   0.0204   0.9109
  0.3183  -2.2289  -0.0383   0.0680   0.0354   0.9086
  0.3035  -2.3796  -0.0740   0.1022   0.0380   0.9486
  0.4113  -2.3761  -0.0398   0.1126   0.0334   0.9598
  0.1379  -2.1115  -0.1592  -0.0086   0.0037   0.9383
  0.2005  -2.4004  -0.0643   0.0219   0.0026   0.9813
  0.2914  -2.5314  -0.0517   0.2801   0.1000   1.0053
  0.2613  -2.5542   0.1301   0.0786   0.0583   1.0318
  0.3997  -2.6467  -0.0995   0.0584   0.0373   1.0578
  0.4007  -2.7669  -0.1638   0.0918   0.0413   1.0869
  0.3906  -2.7875  -0.1481   0.0766   0.0442   1.0789
  0.3803  -2.7044  -0.1395   0.0580   0.0461   1.0526
  0.3926  -2.7830  -0.1466   0.1041   0.0608   1.0853
  0.3809  -2.7549  -0.1421   0.0938   0.0562   1.1078
  0.3964  -2.7853  -0.1477   0.1046   0.0603   1.1296
  0.4085  -2.8095  -0.1504   0.1019   0.0508   1.1443
  0.4281  -2.8854  -0.1542   0.1164   0.0599   1.1660
  0.4115  -2.8836  -0.1377   0.1751   0.0649   1.1734
  0.3145  -2.6692   0.0503   0.1651   0.0722   1.1565
  0.3898  -2.7700   0.0133   0.1735   0.0719   1.1748
  0.4277  -2.8755  -0.0281   0.2060   0.0894   1.2063
  0.4523  -3.0118  -0.0067   0.2971   0.1108   1.2512
  0.4273  -3.0371  -0.0041   0.3032   0.1017   1.2498
  0.4363  -3.0445  -0.0124   0.2488   0.0844   1.2732
  0.4351  -3.0293  -0.0219   0.2177   0.0831   1.2804
