 -0.2318  -0.0263  -0.6545  -0.6537  -0.5266   0.1689
 -0.2199   0.2517  -0.5648  -0.7284  -0.4485   0.0688
 -0.2454  -0.0058  -0.3994   0.0952  -0.2962  -0.0602
 -0.2221   0.2404  -0.5004  -0.6567  -0.4228   0.1335
 -0.2404   0.1279  -0.5210  -0.4789  -0.4154   0.0410
 -0.2021   0.1012  -0.5637  -0.5858  -0.4216   0.0638
 -0.1679   0.1632  -0.5009  -0.5383  -0.3730   0.0310
 -0.2681  -0.3703  -0.6443   0.1722  -0.4872   0.1190
 -0.1644   1.3679  -0.2934  -0.2500  -0.1754  -0.2329
 -0.1413   0.5687  -0.2840  -0.3469  -0.1903  -0.1335
 -0.1380   0.3323  -0.3880  -0.4450  -0.2550  -0.0497
 -0.1175   0.2621  -0.4355  -0.5493  -0.2993  -0.0484
 -0.1856   0.1270  -0.4912  -0.3852  -0.3862  -0.0087
 -0.2223   0.0053  -0.5234  -0.1696  -0.3998   0.0240
 -0.2207  -0.0884  -0.5365  -0.0598  -0.3862   0.1513
 -0.2468  -0.1670  -0.5669  -0.1250  -0.4302   0.0302
 -0.2415   0.0108  -0.5892  -0.4278  -0.4819   0.0885
 -0.2988  -0.0007  -0.5577  -0.3154  -0.4395   0.0305
 -0.3001  -0.0543  -0.5270  -0.1470  -0.3898   0.0504
 -0.2716  -0.0352  -0.5930  -0.4128  -0.4385   0.0730
 -0.2607  -0.0580  -0.5639  -0.2932  -0.4326   0.0294
 -0.2671  -0.0036  -0.5670  -0.4299  -0.4545   0.0250
 -0.2452  -0.0150  -0.5867  -0.4729  -0.4419   0.0484
 -0.2698  -0.0191  -0.5947  -0.4756  -0.4623   0.0223
 -0.2364  -0.0250  -0.4710  -0.1192  -0.3339   0.0031
 -0.2320  -0.0474  -0.4771  -0.1575  -0.3407   0.0354
 -0.2409  -0.0976  -0.5074  -0.1381  -0.3583   0.0458
 -0.3015  -0.2384  -0.6087  -0.2009  -0.4976   0.0874
 -0.1067   1.5331  -0.3154  -0.9826  -0.1857  -0.3355
 -0.1097   1.0538  -0.2885  -0.8565  -0.1417  -0.2709
 -0.0778   1.6763  -0.2363  -1.4141  -0.2363  -0.4221
 -0.0865   0.9339  -0.2414  -0.8417  -0.1769  -0.2579
 -0.1234   0.4339  -0.2463  -0.3941  -0.1785  -0.1924
 -0.1235   0.4310  -0.2116  -0.2956  -0.1392  -0.0775
 -0.1272   0.6967  -0.1054  -0.4867  -0.0995  -0.1305
 -0.1164   0.6759  -0.0782  -0.4344  -0.0759  -0.2066
 -0.1187   0.5371  -0.1849  -0.4592  -0.1142  -0.1574
 -0.1123   0.5613  -0.1217  -0.3563  -0.0564  -0.1521
 -0.0980   0.6281  -0.1607  -0.6057  -0.0896  -0.1469
 -0.1305   0.4505  -0.1103  -0.1235  -0.0655  -0.1428
 -0.1044   0.5362  -0.0184  -0.0233   0.0523  -0.1462
 -0.0927   0.9138   0.0878  -0.3001   0.0689  -0.2131
 -0.0976   0.6530   0.0187  -0.1988   0.0151  -0.1980
 -0.0738   0.5163   0.0106  -0.0268   0.0678  -0.1660
 -0.0777   0.5399  -0.0065  -0.1326   0.0390  -0.1201
 -0.0952   0.8074   0.1035  -0.2449   0.1057  -0.2296
 -0.0880   0.8528   0.0438  -0.3599   0.0744  -0.2137
 -0.0024   0.5214   0.1210   0.1463   0.2076  -0.3143
 -0.0774   0.8072   0.1078  -0.3495   0.0685  -0.0996
 -0.0580   0.6748   0.0808  -0.3367   0.0732  -0.2091
 -0.0269   0.5013   0.0584  -0.2816   0.0901  -0.1569
 -0.0144   0.4571   0.0912  -0.2251   0.0946  -0.1854
 -0.0261   0.4516   0.0627  -0.2253   0.0779  -0.1313
 -0.0195   0.3482   0.0752   0.0066   0.1082  -0.0976
 -0.0242   0.4091   0.0642  -0.1255   0.1002  -0.1430
 -0.0212   0.4621   0.1617   0.0404   0.1822  -0.1440
  0.0099   0.3462   0.1071  -0.0462   0.1577  -0.0727
  0.0151   0.5990   0.1012  -0.3341   0.1207  -0.1786
  0.0269   0.5586   0.1141  -0.3121   0.1225  -0.1705
 -0.0075   0.3065   0.0793   0.0224   0.1032  -0.0958
 -0.0455   1.0918   0.2531  -0.2927   0.1797  -0.3886
 -0.0202   1.2856   0.2487  -0.4498   0.1640  -0.2618
 -0.0524   0.7121   0.1738  -0.1459   0.1195  -0.2660
  0.1889   1.0870   0.7007  -0.0828   0.4083  -0.3585
  0.3439   1.0551   0.6848  -0.1641   0.4210  -0.3287
  0.2000   0.7316   0.5935   0.2615   0.4393  -0.3189
  0.0667   0.4834   0.2907   0.2729   0.2481  -0.1682
  0.0834   0.5718   0.4270   0.5098   0.3635  -0.1808
  0.0754   0.3594   0.3910   0.5632   0.3655  -0.0933
  0.0672   0.3828   0.2776   0.3154   0.2334  -0.0960
  0.0616   0.4081   0.2836   0.2292   0.2149  -0.1132
  0.0895   0.4190   0.3030   0.3067   0.2649  -0.1179
  0.0620   0.3959   0.2151   0.0446   0.1493  -0.1562
  0.0637   0.3038   0.1781   0.0233   0.1283  -0.1006
  0.0243   0.3236   0.1730   0.1320   0.1344  -0.1232
  0.0604   0.3363   0.2119   0.0806   0.1753  -0.1071
  0.0662   0.3286   0.1981   0.0183   0.1640  -0.1272
  0.0402   0.3277   0.1585   0.0005   0.1181  -0.1184
  0.0344   0.3383   0.1992   0.1233   0.1519  -0.1261
  0.0532   0.2970   0.2050   0.1646   0.1753  -0.0686
 -0.1903  -0.3603  -0.4443   0.0016  -0.3953   0.1867
 -0.0164   0.2000  -0.1881  -0.5097  -0.1789   0.0874
 -0.1063  -0.1003  -0.2737  -0.0092  -0.2594  -0.0954
 -0.0809   0.0159  -0.1457  -0.0303  -0.1736   0.0990
 -0.0314  -0.2477  -0.1653   0.1451  -0.1439   0.1131
 -0.0295  -0.5548  -0.1779   0.4429  -0.1252   0.1620
 -0.0479  -0.1564  -0.0517   0.3486  -0.0585   0.0895
 -0.0335   0.0684   0.1245   0.4313   0.1127   0.0250
  0.0097   0.1134   0.1157   0.0660   0.0800   0.0418
  0.0259   0.2189   0.1736   0.0689   0.1127  -0.0174
 -0.0335   0.2692   0.0952  -0.0681   0.0209  -0.1118
 -0.0333   0.2559   0.1068   0.1399   0.0626  -0.0994
 -0.0133   0.1761   0.1307   0.1904   0.1001  -0.0355
 -0.0039   0.1571   0.1258   0.1072   0.0931  -0.0192
  0.0379   0.1567   0.1081   0.0083   0.0826  -0.0908
  0.0308   0.1285   0.1305   0.1102   0.0865  -0.0252
  0.0471   0.1223   0.1708   0.2407   0.1601  -0.0042
  0.0898   0.0441   0.2520   0.3125   0.2264   0.0257
  0.1185   0.0215   0.2593   0.2784   0.2443   0.0295
  0.1128   0.0374   0.1754   0.1695   0.2312  -0.0625
  0.0498   0.1300   0.1373  -0.0783   0.1090   0.0012
  0.0388   0.1082   0.1766   0.1071   0.1166  -0.0629
  0.0575   0.1598   0.2517   0.2131   0.1785  -0.0573
  0.0532   0.0561   0.2244   0.2293   0.1377  -0.0649
  0.0540   0.0035   0.0692  -0.0778   0.0279  -0.0606
 -0.0356  -0.1651  -0.1292  -0.2171  -0.1300   0.0483
  0.0237  -0.0672  -0.0301  -0.1854  -0.0770   0.0101
  0.0171  -0.0386   0.1125   0.0930   0.0306  -0.0379
  0.0543  -0.0457   0.0912  -0.1353   0.0153  -0.0572
  0.0546  -0.0753   0.0998   0.0490   0.0389   0.0294
  0.0677  -0.0866   0.1282   0.0799   0.0598   0.0386
  0.0518  -0.1527   0.0796   0.0911   0.0226   0.0234
  0.0758   0.1447   0.1043  -0.2938   0.0130   0.0330
  0.0655   0.0310   0.0854  -0.1379   0.0156  -0.0213
  0.0116  -0.1258  -0.0387  -0.2540  -0.0841  -0.0358
  0.0499  -0.1282   0.0708   0.0493   0.0321   0.0009
  0.0547  -0.1744   0.0638   0.0428   0.0479   0.0202
  0.0555  -0.2068   0.0507   0.0465   0.0290   0.0041
  0.0567  -0.2252   0.0537   0.1227   0.0318   0.0614
  0.0785  -0.1983   0.0730   0.1474   0.0883   0.1103
  0.0711  -0.1245   0.1043   0.1082   0.0756   0.0308
  0.1004  -0.1400   0.1326   0.1532   0.1107   0.0252
  0.1024  -0.1393   0.1489   0.1542   0.1234   0.0586
  0.0884  -0.1631   0.1421   0.1675   0.1205   0.0140
  0.0694  -0.0279   0.1486   0.1015   0.1023   0.0475
  0.0572  -0.0921   0.1294   0.1670   0.1006  -0.0547
  0.0768  -0.0630   0.1360  -0.0008   0.0926   0.0119
  0.1117  -0.3265   0.1314   0.2133   0.0932   0.0266
  0.0904  -0.2813   0.0990   0.1439   0.0858   0.1128
  0.0896  -0.2291   0.1364   0.1730   0.1235   0.0652
  0.0833  -0.2292   0.1284   0.0957   0.1060   0.0506
  0.1111  -0.1532   0.1279   0.0703   0.1235  -0.0290
  0.0621  -0.0587   0.1039   0.0815   0.0785   0.0190
  0.0857  -0.0779   0.1102   0.1104   0.0958   0.0176
  0.0601  -0.0826   0.1582   0.1134   0.0884   0.0079
  0.0625  -0.1123   0.1818   0.1578   0.1033   0.0266
  0.0312  -0.3898  -0.0012   0.1053  -0.0149   0.0256
  0.0341  -0.5511  -0.0783   0.1890  -0.0736   0.1618
  0.0443  -0.3836  -0.0543   0.0503  -0.0695   0.1283
  0.0500  -0.4337   0.0011   0.2505  -0.0201   0.0436
  0.0465  -0.4851   0.0283   0.3492   0.0161   0.1720
  0.0444  -0.5269   0.0172   0.3177   0.0079   0.1731
  0.0679  -0.5192  -0.0169   0.1098  -0.0222   0.1719
  0.0534  -0.5504  -0.0111   0.2638  -0.0203   0.1683
  0.0484  -0.5595  -0.0118   0.2649  -0.0209   0.2032
  0.0586  -0.5201   0.0193   0.2962   0.0237   0.1244
  0.0688  -0.4524  -0.0341  -0.0152  -0.0224   0.1340
  0.0593  -0.2996  -0.0165  -0.0774  -0.0257   0.0752
  0.0775  -0.5026   0.0388   0.1967   0.0188   0.0975
  0.0862  -0.4742   0.1026   0.2392   0.0587   0.1610
  0.0864  -0.4175   0.1075   0.1920   0.0775   0.1095
  0.1210   0.0272   0.1764  -0.1574   0.1138   0.0325
  0.0709  -0.4556   0.0506   0.2058   0.0336   0.0628
  0.0791  -0.4694   0.0712   0.2346   0.0617   0.1500
  0.1044  -0.5040   0.0593   0.1985   0.0596   0.1345
  0.0881  -0.3941   0.0959   0.1466   0.0767   0.0747
  0.0526  -0.4866  -0.1133   0.2789  -0.0657   0.0644
 -0.0870  -0.5675  -0.1934   0.1971  -0.1385   0.1804
 -0.0749  -0.0997  -0.0891  -0.1030  -0.1034   0.0679
 -0.0844  -0.1047  -0.0908   0.0186  -0.1024   0.0178
 -0.0361  -0.2349  -0.0359   0.1505  -0.0522   0.0439
 -0.0035  -0.3277  -0.0229   0.1808  -0.0192   0.1286
  0.0191  -0.4410   0.0218   0.3137   0.0231   0.1313
  0.0361  -0.4979   0.0343   0.3129   0.0364   0.1762
  0.0347  -0.4449   0.0848   0.2998   0.0663   0.1499
  0.0388  -0.4096   0.1098   0.3022   0.0851   0.1733
 -0.0086  -0.4929  -0.0384   0.0958  -0.0205   0.1636
 -0.0157  -0.4702  -0.1324  -0.1000  -0.1324   0.0700
 -0.0163  -0.6147  -0.1364   0.1746  -0.1184   0.1033
  0.0438  -0.5999   0.0036   0.3114  -0.0033   0.1660
  0.0720  -0.5495   0.0735   0.3073   0.0485   0.1923
  0.0744  -0.6110   0.1025   0.4171   0.0859   0.1684
  0.0985  -0.2788   0.1065  -0.0779   0.0552   0.0760
  0.1138  -0.3777   0.1258   0.1179   0.0839   0.0802
  0.0969  -0.4742   0.1018   0.1718   0.0949   0.0922
  0.0890  -0.5004   0.1140   0.2869   0.0969   0.1475
  0.0908  -0.4964   0.1368   0.2951   0.0992   0.1588
  0.0790  -0.4777   0.1076   0.2370   0.0625   0.1229
  0.0423  -0.2317   0.0631  -0.1200  -0.0006   0.0799
 -0.0193  -0.2293  -0.0845  -0.2995  -0.1102   0.0487
  0.0325  -0.3118   0.0513   0.1006   0.0178  -0.0682
  0.0472  -0.3498   0.1043   0.2687   0.0876   0.0609
  0.0715  -0.4019   0.1214   0.2772   0.0986   0.1196
  0.0843  -0.4402   0.1359   0.2871   0.1091   0.1104
  0.0956  -0.4594   0.1381   0.2920   0.1098   0.1316
  0.0950  -0.4593   0.1319   0.2495   0.1065   0.1338
  0.0977  -0.4707   0.0965   0.0885   0.0778   0.0778
  0.0715  -0.4690   0.0980   0.1573   0.0618   0.1091
  0.0779  -0.4620   0.1072   0.2085   0.0793   0.1126
  0.0958  -0.4937   0.1298   0.2424   0.0992   0.1153
  0.0975  -0.4129   0.0952   0.0062   0.0642   0.0903
  0.0996  -0.4559   0.1225   0.2643   0.1203   0.0627
  0.1290  -0.4654   0.1776   0.3892   0.2021   0.0887
  0.1580  -0.5083   0.2025   0.4626   0.2245   0.1743
  0.1644  -0.4833   0.1978   0.3884   0.2116   0.1569
  0.1569  -0.5291   0.2046   0.4558   0.2117   0.1035
  0.1518  -0.0620   0.1742  -0.0090   0.1745   0.0059
  0.1369  -0.1448   0.1909   0.0537   0.1726   0.0088
  0.1779  -0.2852   0.2180   0.1989   0.2154   0.0227
  0.1859  -0.3497   0.2124   0.2854   0.2260   0.0901
