  0.1352   0.2203  -0.2629  -0.2505  -0.0272  -0.0632
  0.1219   0.2091  -0.2661  -0.2499  -0.0364   0.0152
  0.1255   0.2347  -0.2474  -0.2734  -0.0256  -0.0962
  0.1395   0.1846  -0.2469  -0.1983  -0.0381  -0.0083
  0.1288   0.2388  -0.2442  -0.2711  -0.0371  -0.0242
  0.1382   0.2527  -0.2307  -0.2538  -0.0278  -0.0715
  0.1439   0.2381  -0.2197  -0.2409  -0.0358  -0.0036
  0.1192   0.2645  -0.2279  -0.2529  -0.0344  -0.0522
  0.1261   0.2327  -0.2182  -0.1988  -0.0379  -0.0341
  0.1260   0.2152  -0.2208  -0.2102  -0.0128   0.0399
  0.1189   0.2676  -0.2044  -0.2441  -0.0137  -0.0761
  0.1379   0.2205  -0.2070  -0.1948  -0.0153   0.0498
  0.1267   0.2590  -0.1950  -0.2453  -0.0074  -0.0125
  0.1245   0.2306  -0.1891  -0.1865  -0.0174  -0.0240
  0.1344   0.1683  -0.1988  -0.2080  -0.0001  -0.0307
  0.1270   0.1736  -0.1934  -0.1713  -0.0067  -0.0664
  0.1220   0.2136  -0.2017  -0.2269  -0.0133  -0.0211
  0.1122   0.1832  -0.1826  -0.1764  -0.0168  -0.1033
  0.1132   0.2059  -0.1779  -0.2135  -0.0049  -0.0048
  0.1077   0.1919  -0.1875  -0.1647  -0.0283  -0.0138
  0.1097   0.2015  -0.1821  -0.2225  -0.0065   0.0176
  0.1205   0.1888  -0.1822  -0.1748  -0.0069  -0.0399
  0.1094   0.2311  -0.1773  -0.2104   0.0034  -0.0210
  0.1028   0.1912  -0.1952  -0.1843  -0.0302   0.0711
  0.1039   0.2477  -0.1843  -0.2426  -0.0059  -0.0644
  0.1126   0.1902  -0.1833  -0.1688  -0.0149   0.0206
  0.1062   0.2129  -0.1708  -0.2054  -0.0042   0.0137
  0.1041   0.2309  -0.1688  -0.1669  -0.0002  -0.0262
  0.1068   0.2364  -0.1657  -0.1846  -0.0015   0.0330
  0.0955   0.2143  -0.1615  -0.1409  -0.0138  -0.0441
  0.1007   0.2391  -0.1559  -0.1748  -0.0079   0.0121
  0.1006   0.2036  -0.1707  -0.1317  -0.0267  -0.0658
  0.1178   0.2329  -0.1655  -0.1751  -0.0160   0.0354
  0.0997   0.1958  -0.1622  -0.1339  -0.0278  -0.0409
  0.1116   0.2352  -0.1583  -0.1850  -0.0134  -0.0698
  0.1028   0.1916  -0.1466  -0.1301  -0.0176  -0.0643
  0.1046   0.2213  -0.1494  -0.1673  -0.0077  -0.0119
  0.0944   0.2027  -0.1397  -0.0901  -0.0153  -0.0267
  0.1025   0.2350  -0.1340  -0.1247   0.0068  -0.0172
  0.1008   0.2200  -0.1202  -0.0997   0.0064  -0.0612
  0.1152   0.2483  -0.1201  -0.1603   0.0169  -0.0201
  0.1238   0.2062  -0.1113  -0.0866   0.0226   0.0078
  0.1334   0.2237  -0.1112  -0.1613   0.0404   0.0056
  0.1084   0.1981  -0.1081  -0.0970   0.0222  -0.0624
  0.1023   0.2152  -0.1020  -0.1362   0.0267  -0.0671
  0.1044   0.1897  -0.0966  -0.0829   0.0162  -0.0477
  0.0956   0.2059  -0.0852  -0.1248  -0.0001  -0.0013
  0.0990   0.1781  -0.0969  -0.0778  -0.0056  -0.0082
  0.0833   0.1904  -0.1097  -0.1197  -0.0100  -0.0739
  0.0870   0.1799  -0.1112  -0.0954  -0.0001  -0.0088
  0.0788   0.1570  -0.0921  -0.0753  -0.0034   0.0014
  0.0796   0.1897  -0.0938  -0.1214   0.0061  -0.0426
  0.0673   0.1505  -0.0818  -0.0614  -0.0036  -0.0111
  0.0565   0.1591  -0.0838  -0.1145   0.0133  -0.0225
  0.0725   0.1301  -0.0912  -0.0530   0.0041  -0.0363
  0.0625   0.1682  -0.0787  -0.1361   0.0194  -0.0632
  0.0622   0.1431  -0.0860  -0.0687   0.0015   0.0050
  0.0621   0.1299  -0.0801  -0.0619  -0.0032  -0.0255
  0.0517   0.1697  -0.0675  -0.0949   0.0093  -0.1306
  0.0552   0.1580  -0.0700  -0.0875   0.0128  -0.0254
  0.0667   0.1551  -0.0912  -0.0340   0.0090   0.0558
  0.0612   0.1585  -0.0751  -0.0687   0.0149  -0.0887
  0.0759   0.1250  -0.0816  -0.0178   0.0228   0.0529
  0.0610   0.1511  -0.0835  -0.0683   0.0097  -0.0576
  0.0705   0.1018  -0.1096  -0.0819   0.0163   0.0187
  0.0557   0.1278  -0.0976  -0.1143   0.0255  -0.0625
  0.0775   0.1268  -0.0863  -0.1214   0.0280  -0.0421
  0.0651   0.1318  -0.0607  -0.1109   0.0421  -0.0850
  0.0536   0.1296  -0.0909  -0.1460   0.0273   0.0186
  0.0496   0.0969  -0.0744  -0.0848   0.0195  -0.0643
  0.0636   0.1189  -0.0741  -0.1182   0.0326  -0.0176
  0.0691   0.1190  -0.0613  -0.0901   0.0353  -0.0981
  0.0694   0.1451  -0.0715  -0.1174   0.0267  -0.0023
  0.0595   0.1234  -0.0652  -0.0367   0.0072  -0.0720
  0.0687   0.1587  -0.0704  -0.0912   0.0187  -0.0263
  0.0517   0.1159  -0.0705   0.0015   0.0051  -0.0452
  0.0663   0.1548  -0.0758  -0.0687   0.0180  -0.0032
  0.0664   0.1171  -0.0829  -0.0112   0.0068  -0.0160
  0.0546   0.1584  -0.0761  -0.1032   0.0185  -0.0195
  0.0436   0.1190  -0.0898  -0.0397  -0.0142  -0.0106
  0.0318   0.1595  -0.0708  -0.0806   0.0123  -0.0481
  0.0412   0.1018  -0.0841  -0.0247   0.0046   0.0658
  0.0407   0.1761  -0.0756  -0.0861   0.0194  -0.0680
  0.0481   0.1668  -0.0931  -0.0797   0.0151  -0.0059
  0.0385   0.1814  -0.0794  -0.0735   0.0208  -0.0741
  0.0321   0.1837  -0.0805  -0.0579   0.0131  -0.0014
  0.0189   0.1603  -0.0672  -0.0142   0.0072  -0.0242
  0.0251   0.1797  -0.0588  -0.0507   0.0258  -0.0210
  0.0237   0.1743  -0.0547  -0.0347   0.0214  -0.0544
  0.0323   0.1298  -0.0518  -0.0258   0.0287   0.0244
  0.0420  -0.0070  -0.0896  -0.1233   0.0591   0.0033
  0.0556   0.0513  -0.0641  -0.0478   0.0673  -0.0699
  0.0274   0.1215  -0.0483  -0.1099   0.0559  -0.0735
  0.0225   0.0696  -0.0500  -0.0536   0.0504   0.0416
  0.0268   0.0793  -0.0599  -0.0707   0.0454   0.0153
  0.0184   0.0725  -0.0671  -0.0618   0.0261  -0.0195
  0.0217   0.0753  -0.0552  -0.0475   0.0241  -0.0000
 -0.0035   0.0739  -0.0355  -0.0560   0.0130   0.0078
  0.0076   0.0872  -0.0377  -0.0957   0.0306   0.0073
  0.0104   0.0782  -0.0397  -0.0479   0.0198   0.0227
  0.0101   0.0875  -0.0370  -0.0660   0.0254   0.0212
  0.0005   0.0760  -0.0426  -0.0452   0.0114  -0.0690
  0.0093   0.0706  -0.0366  -0.0658   0.0168   0.0295
 -0.0005   0.0611  -0.0375  -0.0005   0.0019  -0.0465
 -0.0091   0.0863  -0.0172  -0.0390   0.0071  -0.0092
 -0.0156   0.0446  -0.0327   0.0230  -0.0302  -0.0276
 -0.0123   0.0716  -0.0297  -0.0512  -0.0091   0.0206
 -0.0146   0.0503  -0.0377   0.0058  -0.0287  -0.0040
 -0.0139   0.0979  -0.0368  -0.0528  -0.0111  -0.0774
 -0.0214   0.0533  -0.0379   0.0291  -0.0321  -0.0390
 -0.0092   0.1112  -0.0314  -0.0625  -0.0025   0.0299
 -0.0157   0.0474  -0.0303   0.0428  -0.0283   0.0210
 -0.0303   0.0777  -0.0410  -0.0306  -0.0180   0.0140
 -0.0243   0.0487  -0.0260   0.0363  -0.0284  -0.0509
 -0.0159   0.0683  -0.0173  -0.0203   0.0049   0.0425
 -0.0401   0.0078  -0.0236   0.0487  -0.0356  -0.1186
 -0.0321   0.0205  -0.0004  -0.0116  -0.0149   0.0664
 -0.0444  -0.0171  -0.0098   0.0450  -0.0340  -0.0040
 -0.0314   0.0126   0.0062  -0.0053  -0.0112   0.0871
 -0.0342  -0.0311  -0.0054   0.0368  -0.0363   0.0247
 -0.0289   0.0122   0.0117  -0.0231  -0.0103   0.0479
 -0.0207  -0.0036   0.0134   0.0148  -0.0108   0.0253
 -0.0219   0.0196   0.0159   0.0126  -0.0029   0.0079
 -0.0054  -0.0110   0.0197   0.0522  -0.0189   0.0422
 -0.0057   0.0063   0.0315   0.0147  -0.0004   0.0854
 -0.0205   0.0087   0.0326   0.0237  -0.0026   0.0353
 -0.0253   0.0150   0.0275  -0.0076   0.0017   0.0295
 -0.0335  -0.0063   0.0265   0.0291  -0.0052   0.0006
 -0.0145   0.0129   0.0350  -0.0183   0.0148   0.0429
 -0.0125  -0.0195   0.0331   0.0555   0.0005  -0.0101
 -0.0152   0.0147   0.0367  -0.0020   0.0165   0.0091
 -0.0126  -0.0354   0.0327   0.0315   0.0074  -0.0030
 -0.0214   0.0062   0.0439  -0.0214   0.0214   0.0162
 -0.0077  -0.0631   0.0478   0.0083   0.0311   0.0573
 -0.0329  -0.0028   0.0336  -0.0430   0.0459  -0.1040
  0.0077   0.0306  -0.0008  -0.0346   0.0170   0.0090
 -0.0051   0.0145   0.0127  -0.0328   0.0228   0.0459
 -0.0207  -0.0099   0.0099  -0.0198  -0.0046   0.0686
 -0.0323  -0.0076   0.0251   0.0145  -0.0068  -0.0638
 -0.0371   0.0051   0.0192  -0.0261  -0.0009   0.0758
 -0.0427  -0.0345   0.0237   0.0494  -0.0232  -0.0340
 -0.0515  -0.0023   0.0299  -0.0058  -0.0033  -0.0075
 -0.0430  -0.0459   0.0248   0.0326  -0.0123  -0.0246
 -0.0421  -0.0224   0.0429  -0.0118   0.0056  -0.0545
 -0.0104  -0.0691   0.0222   0.0062   0.0162   0.0453
 -0.0400  -0.0489   0.0353  -0.0083   0.0108  -0.0716
 -0.0387  -0.0607   0.0435  -0.0168   0.0090   0.0960
 -0.0645  -0.0577   0.0469   0.0203   0.0034  -0.0422
 -0.0593  -0.0690   0.0510   0.0151   0.0166   0.0165
 -0.0690  -0.0769   0.0521   0.0449   0.0100  -0.0245
 -0.0516  -0.0578   0.0397   0.0212   0.0199   0.0413
 -0.0580  -0.0535   0.0430   0.0314   0.0174  -0.0478
 -0.0534  -0.0506   0.0468  -0.0089   0.0281   0.0441
 -0.0483  -0.0732   0.0587   0.0486   0.0281  -0.0035
 -0.0318  -0.0474   0.0547   0.0170   0.0415   0.0070
 -0.0350  -0.0864   0.0486   0.0578   0.0179  -0.0587
 -0.0300  -0.0708   0.0384   0.0109   0.0227  -0.0088
 -0.0313  -0.1139   0.0373   0.0457   0.0098   0.0123
 -0.0522  -0.1303   0.0611   0.0083   0.0087   0.0530
 -0.0635  -0.1378   0.0866   0.0824  -0.0039  -0.0275
 -0.0699  -0.1424   0.1078   0.0721   0.0044   0.0455
 -0.0729  -0.1640   0.1104   0.0905   0.0222  -0.0437
 -0.0698  -0.1400   0.1024   0.0205   0.0283   0.0428
 -0.0732  -0.1558   0.0801   0.0636  -0.0077  -0.0409
 -0.0717  -0.1246   0.0648   0.0006   0.0087   0.0009
 -0.0762  -0.1698   0.0679   0.0376   0.0055   0.0250
 -0.0765  -0.1453   0.0780  -0.0053   0.0166   0.0242
 -0.0865  -0.1842   0.0807   0.0845  -0.0086   0.0106
 -0.0703  -0.1540   0.0749   0.0303   0.0005   0.0119
 -0.0796  -0.1954   0.0731   0.0817  -0.0090   0.0348
 -0.0745  -0.1653   0.0745   0.0296   0.0058   0.0253
 -0.0769  -0.1816   0.0793   0.0888  -0.0106  -0.0087
 -0.0603  -0.1582   0.0884   0.0781   0.0016   0.0530
 -0.0724  -0.1760   0.0746   0.1186  -0.0247   0.0284
 -0.0620  -0.1676   0.0719   0.0682  -0.0084   0.0694
 -0.0706  -0.1786   0.0875   0.0899   0.0019  -0.0235
 -0.0619  -0.1759   0.0947   0.0851   0.0017   0.0724
 -0.0738  -0.1770   0.1066   0.1197  -0.0157  -0.0179
 -0.0460  -0.1654   0.1146   0.0957   0.0035   0.0783
 -0.0641  -0.1467   0.1088   0.1050   0.0020  -0.0132
 -0.0614  -0.1988   0.1146   0.1506  -0.0097   0.0693
 -0.0811  -0.1600   0.1260   0.1107  -0.0028  -0.0036
 -0.0443  -0.2073   0.1120   0.1420   0.0190   0.1330
 -0.0620  -0.1542   0.0910   0.1009  -0.0070   0.0174
 -0.0608  -0.2115   0.0863   0.1375  -0.0220   0.0977
 -0.0667  -0.1806   0.0912   0.1005  -0.0195   0.0373
 -0.0535  -0.2112   0.0901   0.1817  -0.0104   0.0788
 -0.0588  -0.1648   0.0931   0.1236  -0.0087   0.0477
 -0.0623  -0.1888   0.0843   0.1383  -0.0236   0.1176
 -0.0834  -0.1667   0.0923   0.1247  -0.0220   0.0083
 -0.0521  -0.2204   0.1332   0.1721   0.0185   0.0928
 -0.0675  -0.1664   0.1380   0.1466   0.0025  -0.0177
 -0.0518  -0.2095   0.1304   0.1733   0.0106   0.0636
 -0.0564  -0.1783   0.1309   0.1361   0.0132  -0.0090
 -0.0364  -0.2028   0.1283   0.1403   0.0162   0.0093
 -0.0487  -0.1933   0.1367   0.1357   0.0159  -0.0409
 -0.0645  -0.1789   0.1421   0.0856   0.0196   0.0546
 -0.0753  -0.1926   0.1454   0.1568   0.0065   0.0203
 -0.0743  -0.1814   0.1358   0.1209   0.0002   0.0261
 -0.0726  -0.1942   0.1479   0.1588  -0.0038  -0.0065
 -0.0773  -0.1692   0.1244   0.0967  -0.0040   0.0394
 -0.0775  -0.1921   0.1245   0.1448  -0.0086  -0.0274
 -0.0741  -0.1783   0.1258   0.0996  -0.0110   0.0146
 -0.0724  -0.2044   0.1372   0.1667  -0.0004  -0.0250
 -0.0707  -0.1651   0.1367   0.1036   0.0032   0.0160
 -0.0793  -0.1696   0.1368   0.1253   0.0091   0.0241
 -0.0683  -0.1825   0.1203   0.1178   0.0051   0.0349
 -0.0893  -0.1714   0.1258   0.1208  -0.0021  -0.0635
 -0.0891  -0.1824   0.1269   0.1319  -0.0156  -0.0010
 -0.1071  -0.1745   0.1187   0.1393  -0.0231   0.0064
 -0.0779  -0.1932   0.1353   0.1408  -0.0125   0.0738
 -0.0772  -0.1708   0.1259   0.1350  -0.0138   0.0231
 -0.0624  -0.1765   0.1345   0.1419  -0.0040   0.0866
 -0.0636  -0.1953   0.1327   0.1714  -0.0110   0.1077
 -0.0663  -0.1639   0.1481   0.1265   0.0061   0.0484
 -0.0590  -0.2108   0.1540   0.1443   0.0128   0.0823
 -0.0662  -0.1773   0.1225   0.0824   0.0104   0.0219
 -0.0641  -0.2461   0.1307   0.1276  -0.0123   0.0769
 -0.0833  -0.1884   0.1412   0.1111  -0.0077   0.0024
 -0.0659  -0.2119   0.1388   0.1030   0.0005   0.0277
 -0.0816  -0.1886   0.1365   0.1123  -0.0057  -0.0250
 -0.0807  -0.2104   0.1406   0.1268  -0.0217   0.0935
 -0.0895  -0.1974   0.1338   0.1524  -0.0277  -0.0466
 -0.0875  -0.2077   0.1344   0.1437  -0.0314   0.0071
 -0.0967  -0.2049   0.1450   0.1715  -0.0263   0.0083
 -0.0818  -0.2149   0.1409   0.1653  -0.0198   0.0305
 -0.0937  -0.2205   0.1434   0.1973  -0.0412  -0.0029
 -0.0841  -0.1959   0.1525   0.1553  -0.0269   0.0351
 -0.0881  -0.2069   0.1501   0.2012  -0.0290  -0.0040
 -0.0832  -0.1973   0.1396   0.1439  -0.0241   0.0402
 -0.0983  -0.2067   0.1325   0.1839  -0.0451   0.0123
 -0.0837  -0.1726   0.1350   0.1501  -0.0268   0.0183
 -0.0869  -0.1816   0.1456   0.2064  -0.0248  -0.0263
 -0.0704  -0.1622   0.1481   0.2078  -0.0092   0.0206
 -0.0800  -0.1862   0.1491   0.2157  -0.0092  -0.0165
 -0.0872  -0.1600   0.1464   0.1753  -0.0255  -0.0095
 -0.0835  -0.1965   0.1480   0.2100  -0.0143   0.0129
 -0.0813  -0.1479   0.1328   0.1294  -0.0131  -0.0073
 -0.0602  -0.1852   0.1547   0.2013   0.0005   0.0169
 -0.0640  -0.1949   0.1573   0.1679  -0.0054   0.0662
 -0.0615  -0.2428   0.1700   0.2163  -0.0055   0.0494
 -0.0761  -0.1950   0.1599   0.1840  -0.0044  -0.0138
 -0.0599  -0.2346   0.1645   0.2167  -0.0079   0.0712
 -0.0859  -0.2140   0.1582   0.2117  -0.0162   0.0159
 -0.0599  -0.2619   0.1656   0.2068  -0.0043   0.0838
 -0.0528  -0.2373   0.2007   0.2226   0.0094  -0.0056
 -0.0648  -0.2290   0.1974   0.1910   0.0078  -0.0140
 -0.0655  -0.2454   0.1995   0.2386   0.0008   0.0110
 -0.0625  -0.2140   0.2009   0.1846   0.0091   0.0423
 -0.0582  -0.2432   0.1910   0.2393  -0.0084   0.0084
