 -0.0214  -1.0600  -0.1030  -0.1372   0.1300   0.5504
  0.0331  -0.9163  -0.1484   0.1539   0.0256   0.3938
 -0.0260  -0.8645  -0.1599   0.0967   0.0278   0.3719
 -0.0150  -0.8307  -0.1764   0.0990   0.0112   0.3514
  0.0283  -0.5725  -0.1823   0.2841  -0.0737   0.1990
 -0.0055  -0.6665  -0.1410   0.2212  -0.0835   0.2761
 -0.0064  -0.6653  -0.1752   0.3191  -0.0487   0.2395
 -0.0013  -0.8883  -0.2056   0.2546  -0.0134   0.3109
 -0.0024  -0.7557  -0.2027  -0.0223  -0.0792   0.3345
 -0.0196  -0.6729  -0.1650   0.0345  -0.0552   0.3146
  0.1184  -0.5527   0.0128   0.2880   0.0397   0.1650
  0.1206  -0.4788  -0.0130   0.1867   0.0783   0.1721
  0.1442  -0.4616   0.0078   0.4295  -0.0071   0.1016
  0.1158  -0.5067  -0.0381   0.2123   0.0144   0.1560
  0.1232  -0.4906   0.0070   0.3660  -0.0194   0.1156
  0.1199  -0.4690  -0.0382   0.1462   0.0342   0.1790
  0.1300  -0.3504  -0.0136   0.3443   0.0105   0.0736
  0.1358  -0.2935  -0.0198   0.2541   0.0328   0.0770
  0.0859  -0.3618   0.0256   0.3914  -0.0345   0.0603
  0.1037  -0.3400  -0.0497   0.0942  -0.0054   0.1223
  0.0527  -0.2962  -0.0904   0.1166  -0.0974   0.1136
  0.0569  -0.4021  -0.1009   0.1294   0.0069   0.1614
  0.0985  -0.3993  -0.0441   0.3764  -0.0204   0.0775
  0.0909  -0.3594  -0.0687   0.1588   0.0371   0.1200
  0.0815  -0.3985  -0.0465   0.2326  -0.0175   0.1029
  0.0908  -0.3031  -0.0753   0.0180  -0.0205   0.1341
  0.0865  -0.3123  -0.0496   0.1110   0.0087   0.1162
  0.0883  -0.3081  -0.0709   0.1411   0.0221   0.1037
  0.0884  -0.3191  -0.0727   0.1255   0.0188   0.1018
  0.0751  -0.3029  -0.0731   0.1110   0.0153   0.1074
  0.0594  -0.3058  -0.0621   0.1366  -0.0066   0.0962
  0.0703  -0.3565  -0.0431   0.2661  -0.0350   0.0684
  0.0622  -0.3569  -0.0069   0.4364  -0.0135   0.0299
  0.0663  -0.3513  -0.0004   0.4047  -0.0514   0.0167
  0.0466  -0.3303  -0.0122   0.2260  -0.0061   0.0671
  0.1046   0.1189  -0.0291   0.0309  -0.0370   0.0228
  0.0967  -0.0917  -0.0399  -0.0149   0.0143   0.0691
  0.0868  -0.1072  -0.0175   0.1659  -0.0003   0.0317
  0.0505  -0.0912  -0.0229   0.1740  -0.0322   0.0194
  0.0736  -0.0880  -0.0230   0.0894   0.0053   0.0505
  0.0634  -0.1036   0.0177   0.3247  -0.0712  -0.0192
  0.0449  -0.1168  -0.0270   0.1008  -0.0238   0.0352
  0.0513  -0.1060  -0.0321   0.0515  -0.0214   0.0531
  0.0438  -0.1289  -0.0350   0.0806  -0.0360   0.0410
  0.0441  -0.0993  -0.0343   0.1345  -0.0329   0.0231
  0.0375  -0.1079  -0.0369   0.0785  -0.0102   0.0362
  0.0249  -0.1643  -0.0414   0.0939  -0.0318   0.0426
  0.0238  -0.0974  -0.0232   0.1333  -0.0476   0.0187
  0.0161  -0.0627  -0.0126   0.1017  -0.0323   0.0254
  0.0125  -0.0544  -0.0031   0.1624  -0.0507  -0.0079
  0.0212  -0.0625  -0.0411  -0.0305  -0.0250   0.0561
  0.0092  -0.0755  -0.0400   0.0360  -0.0167   0.0424
  0.0183  -0.0681  -0.0397   0.0508  -0.0186   0.0386
  0.0103  -0.0551  -0.0413  -0.0137  -0.0008   0.0630
  0.0152  -0.0733  -0.0277   0.0272  -0.0181   0.0465
  0.0213  -0.0828  -0.0278   0.0968  -0.0245   0.0321
  0.0217  -0.0593  -0.0303   0.0707  -0.0189   0.0326
  0.0086  -0.1144  -0.0147   0.1492  -0.0190   0.0112
  0.0035  -0.0871  -0.0287   0.1185  -0.0133   0.0046
  0.0036  -0.0724  -0.0339   0.0178  -0.0027   0.0363
  0.0001  -0.1061   0.0052   0.1174  -0.0344   0.0063
 -0.0027  -0.0948  -0.0140   0.0661  -0.0397   0.0216
 -0.0132  -0.1015   0.0040   0.0704  -0.0400   0.0261
 -0.0145  -0.0681  -0.0211   0.0995  -0.0475   0.0103
 -0.0252  -0.1126  -0.0329   0.0187  -0.0384   0.0558
 -0.0093  -0.1535  -0.0237   0.0880  -0.0906   0.0361
 -0.0141  -0.1339  -0.0342  -0.0146  -0.0367   0.0473
 -0.0127  -0.1126  -0.0209   0.0130  -0.0469   0.0455
  0.0136   0.0401  -0.0297   0.0320  -0.0624  -0.0097
  0.0025   0.0272  -0.0632  -0.0894   0.0104   0.0449
  0.0037  -0.0324  -0.0532  -0.0310  -0.0072   0.0387
 -0.0046  -0.0337  -0.0685  -0.1040   0.0181   0.0672
 -0.0073  -0.0484  -0.0328  -0.0751  -0.0210   0.0519
 -0.0031   0.0475  -0.0157   0.0053  -0.0415  -0.0079
  0.0122   0.0103   0.0029  -0.0249   0.0251   0.0107
  0.0183  -0.0181   0.0258   0.0735  -0.0293  -0.0168
  0.0036   0.0150  -0.0024  -0.0073   0.0007   0.0054
 -0.0063  -0.0101   0.0147  -0.0332  -0.0392   0.0242
  0.0058   0.0220   0.0144  -0.1320  -0.0478   0.0270
  0.0002   0.0019   0.0159  -0.1208  -0.0443   0.0364
  0.0137   0.0861   0.0357  -0.0550  -0.0301   0.0012
  0.0015   0.0793   0.0060  -0.1176   0.0127   0.0277
  0.0118   0.0905   0.0118  -0.0826  -0.0104   0.0077
  0.0094   0.0885  -0.0086  -0.1276   0.0079   0.0224
  0.0042   0.0986  -0.0129  -0.1155   0.0257   0.0103
 -0.0004   0.0914  -0.0080  -0.0780   0.0022  -0.0078
 -0.0019   0.1117  -0.0076  -0.1620   0.0023   0.0128
 -0.0056   0.0941  -0.0032  -0.1569  -0.0004   0.0137
 -0.0087   0.0829   0.0041  -0.1226  -0.0076   0.0017
 -0.0060   0.0802   0.0041  -0.1622  -0.0000   0.0129
 -0.0110   0.0751  -0.0098  -0.2208   0.0050   0.0408
 -0.0063   0.0891   0.0022  -0.1661  -0.0106   0.0130
 -0.0247   0.0996   0.0026  -0.1526  -0.0037   0.0011
 -0.0201   0.1028  -0.0116  -0.2531   0.0079   0.0356
 -0.0136   0.1094   0.0023  -0.2116   0.0240   0.0378
 -0.0111   0.1027   0.0081  -0.1662   0.0021   0.0219
 -0.0138   0.1157  -0.0130  -0.1586  -0.0015   0.0114
 -0.0141   0.1155   0.0135  -0.1825   0.0100   0.0234
 -0.0163   0.0828   0.0507  -0.0534  -0.0344  -0.0154
 -0.0305   0.1160   0.0192  -0.1183   0.0040  -0.0048
 -0.0462   0.0925   0.0172  -0.0308   0.0175  -0.0238
 -0.0512   0.1570  -0.0208  -0.1830   0.0225   0.0236
 -0.0420   0.1512   0.0038  -0.1785   0.0158   0.0223
 -0.0275   0.0739   0.0035  -0.0015  -0.0135  -0.0352
 -0.0421   0.2762   0.0164  -0.1671   0.0210  -0.0057
 -0.0520   0.1697  -0.0081  -0.2152   0.0299   0.0246
 -0.0520   0.1140   0.0427  -0.0060  -0.0374  -0.0434
 -0.0443   0.1412   0.0007  -0.2293   0.0028   0.0023
 -0.0409   0.1390   0.0333  -0.1235  -0.0084  -0.0120
 -0.0341   0.1476   0.0198  -0.1114  -0.0018  -0.0275
 -0.0412   0.1339   0.0154  -0.1622   0.0216  -0.0059
 -0.0495   0.1800   0.0632   0.0677  -0.0371  -0.0706
 -0.0280   0.1638  -0.0873  -0.3312   0.0095   0.0379
 -0.0316   0.1176   0.0132  -0.0802  -0.0403  -0.0290
 -0.0175   0.0701   0.0640  -0.0154  -0.0076  -0.0606
 -0.0418   0.1567   0.0078  -0.1697  -0.0450  -0.0457
 -0.0408   0.0910  -0.0037  -0.2220   0.0068  -0.0135
 -0.0318   0.0943   0.0159  -0.1830  -0.0261  -0.0251
 -0.0376   0.1109  -0.0005  -0.2547   0.0270  -0.0030
 -0.0401   0.1322   0.0100  -0.1206   0.0017  -0.0534
 -0.0373   0.1244  -0.0022  -0.2468   0.0361  -0.0141
 -0.0335   0.1123   0.0103  -0.1517   0.0201  -0.0422
 -0.0432   0.1643   0.0062  -0.2045   0.0004  -0.0391
 -0.0394   0.2157   0.0184  -0.1124  -0.0157  -0.0666
 -0.0379   0.1876   0.0022  -0.1833   0.0250  -0.0368
 -0.0421   0.1898   0.0162  -0.1224   0.0363  -0.0528
 -0.0408   0.1905   0.0066  -0.0918   0.0205  -0.0616
 -0.0427   0.1990   0.0001  -0.1828   0.0372  -0.0339
 -0.0480   0.1862   0.0295   0.0036  -0.0007  -0.0787
 -0.0516   0.2205   0.0146  -0.1349   0.0288  -0.0458
 -0.0533   0.2019   0.0420  -0.0768   0.0136  -0.0565
 -0.0573   0.2298   0.0318  -0.0734   0.0165  -0.0585
 -0.0551   0.2355   0.0240  -0.1472   0.0199  -0.0369
 -0.0653   0.2167   0.0712   0.0412  -0.0240  -0.0924
 -0.0576   0.2664   0.0303  -0.1622  -0.0374  -0.0570
 -0.0626   0.3039   0.0795  -0.1188  -0.0273  -0.0713
 -0.1180   0.2952   0.0739   0.0691  -0.0496  -0.0672
 -0.0455  -0.2240   0.0190  -0.0816   0.0594   0.0664
 -0.0416  -0.0486   0.0526   0.0516   0.0486  -0.0201
 -0.0470   0.0927   0.0513   0.1221   0.0431  -0.0732
 -0.0481   0.1570   0.0734   0.2262   0.0581  -0.1398
 -0.0542   0.1063   0.0393  -0.0230   0.0356  -0.0496
 -0.0365   0.1984   0.0509   0.0331  -0.0264  -0.1006
 -0.0492   0.2831   0.0475  -0.0772   0.0061  -0.0852
 -0.0422   0.2923   0.0863   0.1057  -0.0218  -0.1434
 -0.0375   0.2490   0.0486   0.0609   0.0526  -0.1169
 -0.0358   0.2673   0.0242  -0.1292   0.0467  -0.0722
 -0.0588   0.2936   0.0386  -0.0149   0.0001  -0.1065
 -0.0321   0.2808   0.0464  -0.0259   0.0231  -0.1252
 -0.0397   0.3056   0.0319  -0.1470   0.0185  -0.0799
 -0.0121   0.3158   0.0274  -0.1276   0.0512  -0.0987
 -0.0180   0.3257   0.0140  -0.1512   0.0583  -0.0965
 -0.0528   0.2996   0.0500   0.0335  -0.0254  -0.1290
 -0.0686   0.2986  -0.0173  -0.2607   0.0058  -0.0893
 -0.0254   0.2135   0.0376  -0.0571   0.0639  -0.1485
 -0.0234   0.2519   0.0418  -0.1072   0.0151  -0.1303
 -0.0261   0.2700   0.0301  -0.2432   0.0665  -0.1023
 -0.0163   0.2529   0.0305  -0.2464   0.0597  -0.1049
 -0.0037   0.3157   0.0325  -0.2533   0.0707  -0.0973
  0.0013   0.3318   0.0100  -0.2379   0.0759  -0.1008
 -0.0211   0.2813   0.0212  -0.1826   0.0520  -0.1111
 -0.0115   0.2679   0.0087  -0.1471   0.0335  -0.1244
 -0.0216   0.2456   0.0840  -0.0313   0.0043  -0.1659
 -0.0375   0.2919   0.0946   0.0381  -0.0147  -0.1851
 -0.0213   0.2187   0.0261  -0.1745   0.0095  -0.1006
 -0.0340   0.2820   0.0517  -0.0746   0.0178  -0.1622
 -0.0167   0.3088   0.0621  -0.2284  -0.0254  -0.1381
 -0.0085   0.2978   0.1192   0.1201   0.0122  -0.2169
 -0.0045   0.3247   0.1184   0.0570   0.0366  -0.1993
 -0.0011   0.3319   0.0961   0.0411   0.0471  -0.2127
 -0.0042   0.3333   0.0830   0.0287   0.0540  -0.2141
 -0.0018   0.3459   0.0816   0.0284   0.0495  -0.2180
 -0.0031   0.3458   0.0821   0.0125   0.0117  -0.2187
 -0.0080   0.3377   0.0971  -0.0442   0.0349  -0.2002
 -0.0066   0.3262   0.0998  -0.0034  -0.0036  -0.2058
 -0.0090   0.3359   0.0918  -0.0605   0.0220  -0.1914
 -0.0022   0.3281   0.1232   0.0113  -0.0266  -0.2125
 -0.0081   0.3929   0.1260   0.1277  -0.0025  -0.2661
 -0.0183   0.3568   0.1150   0.2598   0.0507  -0.3134
 -0.0215   0.3761   0.0842   0.1852   0.0384  -0.3084
