 -0.1997  -0.1399  -0.1045   0.0696  -0.1159   0.0632
 -0.1512  -0.2066  -0.0842  -0.0812  -0.1149  -0.0361
 -0.1422  -0.2358  -0.0783  -0.0949  -0.0858   0.2239
 -0.1360  -0.2538  -0.0815  -0.1232  -0.0766   0.2493
 -0.1179  -0.2517  -0.0811  -0.0971  -0.0776   0.2242
 -0.1039  -0.2323  -0.0798  -0.0721  -0.0695   0.2369
 -0.1298  -0.1999  -0.1014  -0.1043  -0.0607   0.2517
 -0.1425  -0.2132  -0.1075  -0.1279  -0.0631   0.2453
 -0.1193  -0.2143  -0.0857  -0.0948  -0.0566   0.2447
 -0.1219  -0.1960  -0.0857  -0.1104  -0.0643   0.2615
 -0.1160  -0.2026  -0.0734  -0.1112  -0.0598   0.2144
 -0.1141  -0.2026  -0.0850  -0.0870  -0.0786   0.2387
 -0.1265  -0.1503  -0.0723  -0.0965  -0.0734   0.2681
 -0.0946  -0.1600  -0.0694  -0.0561  -0.0690   0.2229
 -0.0983  -0.1200  -0.0627  -0.0830  -0.0662   0.2709
 -0.1021  -0.1442  -0.0519  -0.1176  -0.0614   0.2485
 -0.0995  -0.1612  -0.0752  -0.0744  -0.0679   0.2001
 -0.1089  -0.0909  -0.0669  -0.0770  -0.0696   0.2293
 -0.1045  -0.1115  -0.0531  -0.0949  -0.0749   0.2274
 -0.0875  -0.1395  -0.0560  -0.0416  -0.0753   0.2445
 -0.1025  -0.1014  -0.0499  -0.0950  -0.0731   0.2343
 -0.0800  -0.1317  -0.0413  -0.0642  -0.0734   0.1974
 -0.0722  -0.1222  -0.0339  -0.0074  -0.0667   0.2379
 -0.0697  -0.1022  -0.0323  -0.0591  -0.0714   0.2277
 -0.0615  -0.1406  -0.0257  -0.0434  -0.0579   0.1852
 -0.0598  -0.0959  -0.0317  -0.0086  -0.0671   0.2087
 -0.0592  -0.0788  -0.0168  -0.0529  -0.0645   0.2204
 -0.0516  -0.1124  -0.0257  -0.0185  -0.0678   0.1831
 -0.0494  -0.0669  -0.0135  -0.0538  -0.0620   0.2194
 -0.0417  -0.0847  -0.0195  -0.0664  -0.0609   0.1632
 -0.0281  -0.1087  -0.0203  -0.0531  -0.0483   0.1529
 -0.0401  -0.0793  -0.0282  -0.0471  -0.0682   0.1765
 -0.0403  -0.0749  -0.0241  -0.0619  -0.0599   0.1520
 -0.0159  -0.1099  -0.0183  -0.0445  -0.0527   0.1327
 -0.0312  -0.0846  -0.0258  -0.0188  -0.0641   0.1713
 -0.0454  -0.0849  -0.0298  -0.0570  -0.0670   0.1754
 -0.0220  -0.1086  -0.0267  -0.0313  -0.0612   0.1128
 -0.0171  -0.0887  -0.0167  -0.0276  -0.0593   0.1722
 -0.0210  -0.0895  -0.0196  -0.0484  -0.0557   0.1530
 -0.0204  -0.1224  -0.0313  -0.0042  -0.0512   0.1501
 -0.0229  -0.0870  -0.0299  -0.0007  -0.0598   0.1643
 -0.0282  -0.0858  -0.0262  -0.0362  -0.0478   0.1497
 -0.0126  -0.1037  -0.0334  -0.0002  -0.0456   0.1326
 -0.0211  -0.0789  -0.0500   0.0168  -0.0654   0.1420
 -0.0281  -0.0761  -0.0281  -0.0481  -0.0593   0.1377
 -0.0030  -0.1037  -0.0329   0.0329  -0.0475   0.1226
 -0.0076  -0.0637  -0.0288  -0.0105  -0.0525   0.1594
 -0.0003  -0.0789  -0.0209  -0.0091  -0.0442   0.1445
  0.0117  -0.0711  -0.0282  -0.0048  -0.0366   0.1444
  0.0033  -0.0382  -0.0226  -0.0301  -0.0411   0.1542
  0.0183  -0.0713  -0.0242  -0.0134  -0.0310   0.1221
  0.0104  -0.0597  -0.0242  -0.0007  -0.0440   0.1355
 -0.0035  -0.0501  -0.0088  -0.0478  -0.0463   0.1453
  0.0312  -0.0702  -0.0101  -0.0296  -0.0307   0.1110
  0.0230  -0.0399  -0.0158  -0.0236  -0.0326   0.1394
  0.0143  -0.0415  -0.0164  -0.0721  -0.0291   0.1324
  0.0402  -0.0616  -0.0053  -0.0504  -0.0188   0.0998
  0.0458  -0.0699  -0.0116  -0.0048  -0.0295   0.1109
  0.0269  -0.0158  -0.0017  -0.0659  -0.0248   0.1397
  0.0517  -0.0427  -0.0089  -0.0697  -0.0195   0.0921
  0.0526  -0.0221  -0.0024  -0.0453  -0.0151   0.1320
  0.0509  -0.0255  -0.0098  -0.0880  -0.0179   0.1201
  0.0580  -0.0375  -0.0042  -0.0273  -0.0195   0.1138
  0.0532  -0.0025  -0.0020  -0.0811  -0.0191   0.1463
  0.0528  -0.0172  -0.0131  -0.0948  -0.0174   0.1020
  0.0581  -0.0035  -0.0078  -0.0637  -0.0173   0.1025
  0.0483   0.0199  -0.0121  -0.0884  -0.0175   0.1372
  0.0542  -0.0093  -0.0153  -0.0530  -0.0247   0.0896
  0.0467   0.0008  -0.0184  -0.0588  -0.0288   0.1054
  0.0392  -0.0010  -0.0179  -0.0733  -0.0191   0.1149
  0.0506  -0.0250  -0.0105  -0.0697  -0.0230   0.0463
  0.0391   0.0192  -0.0066  -0.0760  -0.0180   0.1066
  0.0494   0.0148  -0.0096  -0.0974  -0.0196   0.0829
  0.0708  -0.0650  -0.0266   0.1821  -0.0133   0.1227
  0.0938  -0.4144  -0.0786   1.0423   0.0355  -0.0324
  0.0752  -0.0173  -0.0422   0.3689   0.0115   0.0743
  0.0925  -0.0078  -0.0396   0.3454   0.0194   0.0516
  0.0859  -0.0014  -0.0389   0.3208   0.0114   0.1367
  0.0843   0.0061  -0.0292   0.3082   0.0060   0.1398
  0.0948  -0.0225  -0.0256   0.3013   0.0120   0.0917
  0.1138  -0.0002  -0.0209   0.3408   0.0201   0.1159
  0.0982   0.0010  -0.0084   0.2740   0.0254   0.1244
  0.1101  -0.0189  -0.0164   0.3057   0.0303   0.0840
  0.0879   0.0137  -0.0380   0.2772   0.0010   0.1001
  0.0919  -0.0068  -0.0210   0.2583   0.0051   0.0580
  0.1012  -0.0002  -0.0250   0.2848   0.0106   0.0447
  0.0942   0.0216  -0.0203   0.2612   0.0132   0.0841
  0.1015   0.0158  -0.0248   0.3032   0.0094   0.0565
  0.0957   0.0258  -0.0127   0.2859   0.0157   0.0736
  0.1006  -0.0145  -0.0215   0.2883   0.0130   0.0478
  0.0970   0.0251  -0.0154   0.2920   0.0127   0.1047
  0.1064   0.0057  -0.0212   0.2563   0.0124   0.0342
  0.1012   0.0094  -0.0245   0.2849   0.0045   0.0715
  0.0971   0.0166  -0.0137   0.2406   0.0060   0.0763
  0.1214   0.0008  -0.0092   0.2965   0.0146   0.0108
  0.1186   0.0507  -0.0144   0.2658   0.0176   0.0946
  0.1259   0.0271  -0.0110   0.2400   0.0290   0.0672
  0.1485  -0.0081  -0.0049   0.2943   0.0396   0.0152
  0.1291   0.0142  -0.0074   0.2489   0.0444   0.0885
  0.1214  -0.0008  -0.0080   0.2419   0.0384   0.0460
  0.1379  -0.0132  -0.0043   0.2715   0.0474   0.0513
  0.1184   0.0214  -0.0169   0.2699   0.0307   0.0756
  0.1179  -0.0292  -0.0185   0.2650   0.0433   0.0050
  0.1126   0.0077  -0.0141   0.2752   0.0287   0.0618
  0.1329  -0.0534  -0.0004   0.2382   0.0626  -0.1066
  0.1211  -0.0428  -0.0100   0.1824   0.0492  -0.1176
  0.0878  -0.0408  -0.0411   0.2009   0.0581  -0.0878
  0.0412   0.0112  -0.0337   0.0711   0.0769   0.1364
  0.0619   0.0341  -0.0248   0.1241   0.0453   0.0008
  0.0684  -0.0631  -0.0153   0.0666   0.0420  -0.2358
 -0.0089  -0.0914  -0.0196  -0.0466   0.0546  -0.0392
 -0.0298   0.0446  -0.0361   0.0094  -0.0138   0.0810
 -0.0223   0.0632  -0.0270   0.0412  -0.0114  -0.0724
  0.0068   0.0294  -0.0094   0.0377   0.0009  -0.0775
  0.0022   0.0525  -0.0202   0.0801  -0.0010  -0.0445
 -0.0105   0.0608  -0.0128   0.0335   0.0103  -0.0538
  0.0122   0.0426   0.0035   0.0762   0.0022  -0.0767
  0.0051   0.0571  -0.0018   0.0607   0.0033  -0.0387
  0.0256   0.0374   0.0020   0.0581   0.0097  -0.0793
  0.0199   0.0420  -0.0010   0.0967   0.0169  -0.0561
  0.0159   0.0547   0.0101   0.0691   0.0072  -0.0801
  0.0124   0.0265   0.0143   0.0583   0.0178  -0.0904
  0.0180   0.0345   0.0080   0.0704   0.0175  -0.0508
  0.0104   0.0234   0.0164   0.0464   0.0154  -0.0611
  0.0235   0.0223  -0.0039   0.1172   0.0098  -0.0652
 -0.0053   0.0237   0.0023   0.0236   0.0057  -0.0675
  0.0475   0.1042   0.0438   0.0294  -0.0015  -0.0305
 -0.0220   0.0241   0.0467  -0.0231   0.0042  -0.0124
  0.0252  -0.0760   0.0411  -0.0246   0.0196  -0.2171
  0.0481  -0.1438   0.0259  -0.0577   0.0308  -0.2226
 -0.0164  -0.0629   0.0245  -0.1301   0.0430   0.0278
 -0.0448   0.0089   0.0126  -0.0833   0.0134  -0.0550
 -0.0238   0.0190   0.0197  -0.0976   0.0251  -0.1210
 -0.0212   0.0154   0.0214  -0.0870   0.0297  -0.1183
 -0.0409   0.0643   0.0290  -0.1158   0.0265  -0.0748
 -0.0416   0.0666   0.0346  -0.1177   0.0184  -0.0942
 -0.0451   0.0667   0.0395  -0.1112   0.0153  -0.1045
 -0.0331   0.0655   0.0318  -0.0643   0.0108  -0.1077
 -0.0455   0.0541   0.0418  -0.0935   0.0141  -0.1185
 -0.0270   0.0576   0.0291  -0.0461   0.0151  -0.1320
 -0.0488   0.0746   0.0311  -0.0820   0.0137  -0.0993
 -0.0232   0.0519   0.0322  -0.0815   0.0209  -0.1410
 -0.0287   0.0716   0.0253  -0.0479   0.0178  -0.0866
 -0.0376   0.0720   0.0322  -0.0738   0.0231  -0.0892
 -0.0287   0.0454   0.0234  -0.0595   0.0157  -0.1282
 -0.0243   0.0787   0.0306  -0.0459   0.0093  -0.0693
 -0.0425   0.0791   0.0298  -0.1103   0.0185  -0.1069
 -0.0221   0.0401   0.0190  -0.0756   0.0017  -0.1284
 -0.0307   0.0581   0.0351  -0.0747  -0.0030  -0.1062
 -0.0380   0.0655   0.0420  -0.1378   0.0117  -0.1189
 -0.0117   0.0683   0.0440  -0.0792   0.0209  -0.1576
 -0.0252   0.0685   0.0415  -0.1189   0.0353  -0.1312
 -0.0301   0.0636   0.0539  -0.1259   0.0126  -0.1549
 -0.0094   0.0467   0.0579  -0.0672   0.0241  -0.1675
 -0.0142   0.0868   0.0572  -0.0961   0.0243  -0.1535
 -0.0117   0.0900   0.0550  -0.0994   0.0310  -0.1548
 -0.0017   0.0660   0.0560  -0.0612   0.0374  -0.1821
 -0.0094   0.0924   0.0622  -0.0858   0.0432  -0.1460
  0.0027   0.0601   0.0616  -0.0855   0.0457  -0.1810
 -0.0153   0.0911   0.0519  -0.0430   0.0370  -0.1530
 -0.0142   0.0689   0.0585  -0.0956   0.0328  -0.1370
  0.0044   0.0646   0.0553  -0.0613   0.0386  -0.1750
 -0.0009   0.0885   0.0513  -0.0266   0.0382  -0.1420
 -0.0015   0.0849   0.0469  -0.0977   0.0509  -0.1714
  0.0026   0.0768   0.0494  -0.0584   0.0498  -0.1680
  0.0000   0.0708   0.0428  -0.0511   0.0378  -0.1498
 -0.0118   0.0814   0.0527  -0.1013   0.0383  -0.1654
 -0.0011   0.0682   0.0576  -0.0595   0.0294  -0.1727
  0.0096   0.0776   0.0538  -0.0525   0.0426  -0.1401
 -0.0058   0.0818   0.0622  -0.1018   0.0504  -0.1789
  0.0017   0.0684   0.0579  -0.0416   0.0492  -0.1833
 -0.0047   0.0889   0.0588  -0.1083   0.0592  -0.1619
 -0.0017   0.0667   0.0546  -0.0690   0.0457  -0.2350
 -0.0017   0.0811   0.0495  -0.0364   0.0363  -0.1764
 -0.0204   0.0974   0.0422  -0.0890   0.0406  -0.1862
  0.0008   0.0817   0.0524  -0.0448   0.0356  -0.2068
 -0.0064   0.0921   0.0377  -0.0443   0.0307  -0.1956
 -0.0261   0.1084   0.0424  -0.0997   0.0328  -0.2033
  0.0020   0.0815   0.0477  -0.0304   0.0431  -0.1974
 -0.0219   0.0995   0.0268  -0.1034   0.0311  -0.2091
 -0.0314   0.1072   0.0352  -0.0924   0.0260  -0.1968
  0.0074   0.0833   0.0444  -0.0098   0.0257  -0.2068
 -0.0032   0.0961   0.0588  -0.1146   0.0319  -0.1677
  0.0076   0.0799   0.0511  -0.1263   0.0330  -0.2284
 -0.0081   0.0901   0.0511  -0.0795   0.0291  -0.1663
 -0.0018   0.1145   0.0578  -0.1140   0.0430  -0.1776
 -0.0032   0.0815   0.0579  -0.1135   0.0503  -0.2092
 -0.0055   0.0886   0.0464  -0.1023   0.0393  -0.2024
 -0.0182   0.1203   0.0418  -0.1410   0.0420  -0.1810
 -0.0004   0.0927   0.0511  -0.1133   0.0528  -0.2293
 -0.0124   0.1202   0.0567  -0.1113   0.0494  -0.1565
  0.0058   0.0847   0.0516  -0.1299   0.0558  -0.2154
 -0.0020   0.1256   0.0482  -0.0978   0.0544  -0.2099
 -0.0130   0.1459   0.0378  -0.1611   0.0511  -0.1976
 -0.0070   0.1061   0.0295  -0.1020   0.0456  -0.2346
 -0.0165   0.1258   0.0351  -0.1178   0.0374  -0.1598
 -0.0157   0.1305   0.0215  -0.1340   0.0356  -0.2021
 -0.0057   0.1136   0.0486  -0.1102   0.0437  -0.1927
 -0.0182   0.1267   0.0347  -0.0798   0.0516  -0.1680
 -0.0266   0.1325   0.0434  -0.1795   0.0560  -0.1680
 -0.0149   0.1081   0.0465  -0.1275   0.0540  -0.1788
 -0.0159   0.1129   0.0413  -0.1134   0.0583  -0.1363
 -0.0106   0.1322   0.0422  -0.1281   0.0618  -0.1370
 -0.0153   0.1099   0.0335  -0.0935   0.0514  -0.1674
 -0.0164   0.1430   0.0411  -0.1456   0.0518  -0.1070
  0.0100   0.1217   0.0541  -0.1275   0.0518  -0.1238
  0.0022   0.1553   0.0405  -0.0926   0.0431  -0.1572
  0.0063   0.1531   0.0462  -0.1286   0.0550  -0.2013
  0.0179   0.1488   0.0417  -0.0618   0.0512  -0.1900
 -0.0052   0.1535   0.0496  -0.1568   0.0407  -0.1813
