  0.0198   0.0491   0.0905  -0.2218  -0.1741   0.1231
  0.0888   0.0630   0.0242  -0.1065  -0.1451   0.1363
  0.0763   0.0583   0.0156  -0.1024  -0.1261   0.0985
  0.0702   0.0570   0.0198  -0.0680  -0.1184   0.0759
  0.0668   0.0699   0.0299  -0.0071  -0.1131   0.0400
  0.0744   0.0845   0.0258   0.0313  -0.1139   0.0260
  0.0779   0.1700   0.0387  -0.0408  -0.1074   0.0701
  0.0651   0.1480   0.0497  -0.0527  -0.0946   0.0834
  0.0676   0.0944   0.0208  -0.0131  -0.0860   0.0773
  0.0817   0.0792   0.0412  -0.0154  -0.0987   0.0658
  0.0899   0.0398   0.0620  -0.0029  -0.0913   0.0574
  0.0755   0.0282   0.0436  -0.0036  -0.0926   0.0444
  0.0844   0.0270   0.0576  -0.0226  -0.0857   0.0455
  0.0738   0.0320   0.0571  -0.0365  -0.0672   0.0751
  0.0722   0.0160   0.0440  -0.0250  -0.0733   0.0491
  0.0604   0.0203   0.0502  -0.0477  -0.0635   0.0602
  0.0672   0.0273   0.0665  -0.0384  -0.0718   0.0627
  0.0781   0.0162   0.0864  -0.0297  -0.0868   0.0485
  0.0728   0.0297   0.0717  -0.0502  -0.0699   0.0449
  0.0560   0.0078   0.0621  -0.0697  -0.0527   0.0639
  0.0637   0.0071   0.0579  -0.0487  -0.0704   0.0710
  0.0365   0.0059   0.0543  -0.0742  -0.0553   0.0579
  0.0177   0.0092   0.0401  -0.1007  -0.0394   0.0722
  0.0178   0.0174   0.0449  -0.1138  -0.0431   0.0873
  0.0195   0.0119   0.0536  -0.0335  -0.0438   0.0592
  0.0124   0.0061   0.0340  -0.0784  -0.0341   0.0693
  0.0585  -0.0097   0.0197  -0.0691  -0.0297   0.0856
  0.0634  -0.0518   0.0123  -0.0724  -0.0406   0.1116
  0.0394  -0.0411   0.0249  -0.0112  -0.0508   0.0626
  0.0379  -0.0279   0.0227  -0.0556  -0.0381   0.0742
  0.0483  -0.0133   0.0426  -0.0134  -0.0763   0.0446
  0.0341   0.0253   0.0341  -0.0411  -0.0855   0.0380
  0.0285   0.0196   0.0104  -0.0616  -0.0599   0.0313
  0.0500   0.0144   0.0468  -0.0304  -0.0465   0.0468
  0.0502  -0.0059   0.0542  -0.0241  -0.0619   0.0399
  0.0465   0.0069   0.0311  -0.0221  -0.0515   0.0353
  0.0376  -0.0062   0.0361  -0.0078  -0.0456   0.0274
  0.0229  -0.0293   0.0063  -0.0931  -0.0361   0.1062
  0.0190  -0.0474  -0.0165  -0.0888  -0.0417   0.0965
  0.0064  -0.0284   0.0050  -0.0514  -0.0450   0.0546
  0.0124  -0.0191   0.0013  -0.0797  -0.0425   0.0847
  0.0157  -0.0421   0.0035  -0.0465  -0.0489   0.0600
  0.0082  -0.0362   0.0066  -0.0728  -0.0436   0.0630
 -0.0088  -0.0417  -0.0019  -0.1126  -0.0331   0.0893
  0.0160  -0.0544  -0.0065  -0.0648  -0.0504   0.0655
  0.0039  -0.0328   0.0199  -0.0459  -0.0568   0.0427
 -0.0008  -0.0227   0.0297  -0.0373  -0.0529   0.0378
 -0.0145  -0.0509   0.0062  -0.0559  -0.0329   0.0551
 -0.0132  -0.0228   0.0203  -0.0827  -0.0230   0.0729
  0.0496  -0.0097   0.0697  -0.0315  -0.0462   0.0321
  0.0794  -0.0682   0.0293  -0.0137   0.0005   0.0249
  0.0199  -0.0522   0.0391  -0.0801   0.0004   0.0630
  0.0122  -0.0467   0.0405  -0.0539  -0.0180   0.0535
  0.0100  -0.0490   0.0208  -0.0817  -0.0085   0.0550
  0.0154  -0.0367   0.0204  -0.0950  -0.0051   0.0713
  0.0100  -0.0434   0.0346  -0.0580  -0.0170   0.0641
  0.0147  -0.0370   0.0262  -0.0255  -0.0224   0.0479
  0.0071  -0.0359   0.0212  -0.1047  -0.0121   0.0827
 -0.0018  -0.0603   0.0227  -0.0809  -0.0205   0.0612
 -0.0195  -0.0413   0.0215  -0.1156  -0.0126   0.0572
 -0.0256  -0.0026   0.0193  -0.1431  -0.0077   0.0713
 -0.0270  -0.0057   0.0358  -0.0941   0.0026   0.0769
 -0.0127  -0.0142   0.0370  -0.0258  -0.0077   0.0334
 -0.0170  -0.0236   0.0034  -0.0609   0.0007   0.0439
 -0.0100  -0.0158   0.0081  -0.0738   0.0096   0.0520
 -0.0180  -0.0058   0.0146  -0.0749   0.0163   0.0618
 -0.0069  -0.0360   0.0214  -0.0400   0.0049   0.0455
 -0.0009  -0.0208   0.0175  -0.0295   0.0013   0.0346
 -0.0128  -0.0131   0.0225  -0.0403   0.0198   0.0529
 -0.0130  -0.0375   0.0299  -0.0316   0.0103   0.0368
 -0.0193  -0.0254   0.0340  -0.0091   0.0054   0.0326
 -0.0315  -0.0409   0.0208  -0.0588   0.0296   0.0435
 -0.0081  -0.0428   0.0348  -0.0454  -0.0007   0.0391
 -0.0157  -0.0311   0.0551  -0.0288  -0.0062   0.0321
 -0.0293  -0.0306   0.0409  -0.0700   0.0209   0.0410
 -0.0370  -0.0503   0.0546  -0.0875   0.0124   0.0458
 -0.0364  -0.0340   0.0390  -0.0752   0.0147   0.0294
 -0.0276   0.0260   0.0344  -0.0701   0.0283   0.0234
 -0.0090   0.0363   0.0108  -0.0217   0.0326   0.0195
 -0.0033   0.0304   0.0188  -0.0119   0.0245  -0.0036
 -0.0025   0.0464   0.0062  -0.0083   0.0312   0.0055
  0.0027   0.0238  -0.0083  -0.0137   0.0348  -0.0066
  0.0260  -0.0303   0.0055   0.0249   0.0114   0.0036
  0.0293  -0.0135   0.0102   0.0723   0.0047  -0.0268
  0.0364  -0.0315   0.0042  -0.0014   0.0052   0.0176
  0.0416  -0.0190   0.0140   0.0223   0.0099   0.0151
  0.0360  -0.0372   0.0001   0.0793   0.0075  -0.0238
  0.0531  -0.0354  -0.0121   0.1064   0.0172  -0.0449
  0.0399  -0.0489  -0.0036   0.0045   0.0012   0.0211
  0.0304  -0.0295   0.0030   0.0162   0.0051   0.0067
  0.0140  -0.0137  -0.0344  -0.0177   0.0220   0.0244
  0.0155  -0.0106  -0.0193  -0.0266   0.0304   0.0198
  0.0417  -0.0439  -0.0059   0.0963   0.0177  -0.0428
  0.0257  -0.0375  -0.0135   0.0618   0.0259  -0.0192
  0.0180  -0.0371  -0.0115   0.0429   0.0399  -0.0192
  0.0323  -0.0467  -0.0207   0.0803   0.0224  -0.0357
  0.0160  -0.0185  -0.0172   0.0505   0.0259  -0.0206
  0.0140  -0.0235  -0.0278   0.0458   0.0255  -0.0032
  0.0277  -0.0465  -0.0188   0.0848   0.0194  -0.0271
  0.0137  -0.0261  -0.0262   0.0411   0.0291  -0.0135
 -0.0037  -0.0256  -0.0227  -0.0025   0.0347   0.0040
 -0.0018  -0.0517  -0.0205  -0.0164   0.0215   0.0343
 -0.0270  -0.0390  -0.0190  -0.0727   0.0303   0.0486
 -0.0306  -0.0347  -0.0197  -0.0005   0.0177   0.0084
 -0.0314  -0.0414  -0.0193  -0.0280   0.0253   0.0065
 -0.0249  -0.0361   0.0043   0.0157   0.0131  -0.0046
 -0.0163  -0.0272  -0.0017   0.0467   0.0131  -0.0253
 -0.0093  -0.0089   0.0017   0.0202   0.0300  -0.0105
 -0.0114  -0.0223  -0.0051   0.0096   0.0283  -0.0188
 -0.0140  -0.0044  -0.0182   0.0333   0.0335  -0.0403
 -0.0292  -0.0070  -0.0212   0.0032   0.0517  -0.0317
 -0.0212  -0.0260  -0.0167  -0.0032   0.0440  -0.0234
 -0.0066  -0.0106  -0.0163   0.0053   0.0444  -0.0161
 -0.0001  -0.0163  -0.0343  -0.0008   0.0361  -0.0109
 -0.0106  -0.0106  -0.0360  -0.0869   0.0435   0.0286
  0.0017  -0.0055  -0.0199   0.0111   0.0358  -0.0129
 -0.0098   0.0012  -0.0171   0.0662   0.0347  -0.0382
 -0.0130  -0.0117  -0.0262   0.0573   0.0423  -0.0396
 -0.0146  -0.0134  -0.0107   0.0298   0.0341  -0.0249
 -0.0124  -0.0145  -0.0121   0.0362   0.0204  -0.0430
 -0.0102   0.0009  -0.0281   0.0191   0.0296  -0.0270
 -0.0170   0.0025  -0.0290   0.0315   0.0387  -0.0107
 -0.0087  -0.0148  -0.0304   0.0739   0.0288  -0.0469
 -0.0113   0.0081  -0.0375   0.0535   0.0364  -0.0265
 -0.0311   0.0029  -0.0371  -0.0291   0.0486  -0.0144
 -0.0418  -0.0137  -0.0617   0.0018   0.0488  -0.0075
 -0.0334  -0.0183  -0.0512   0.0614   0.0272  -0.0524
 -0.0233  -0.0017  -0.0362   0.0304   0.0411  -0.0424
 -0.0139  -0.0012  -0.0222   0.0593   0.0334  -0.0430
 -0.0229   0.0017  -0.0241   0.0696   0.0255  -0.0693
 -0.0303  -0.0009  -0.0208   0.0316   0.0396  -0.0505
 -0.0226   0.0059  -0.0200   0.0481   0.0410  -0.0491
 -0.0282   0.0042  -0.0223   0.0775   0.0377  -0.0771
 -0.0354  -0.0121  -0.0246   0.0225   0.0407  -0.0568
 -0.0522  -0.0234  -0.0194  -0.0653   0.0347  -0.0067
 -0.0550  -0.0013  -0.0267  -0.0442   0.0399  -0.0175
 -0.0574   0.0151  -0.0386  -0.0849   0.0336   0.0005
 -0.0456   0.0080  -0.0386  -0.0820   0.0426   0.0196
 -0.0369   0.0116  -0.0456   0.0397   0.0345  -0.0385
 -0.0289   0.0350  -0.0427   0.0431   0.0387  -0.0390
 -0.0252   0.0362  -0.0358   0.0345   0.0342  -0.0487
 -0.0216   0.0561  -0.0360   0.0462   0.0330  -0.0529
 -0.0356   0.0405  -0.0312   0.0261   0.0373  -0.0608
 -0.0351   0.0428  -0.0396   0.0331   0.0475  -0.0706
 -0.0347   0.0390  -0.0378   0.0246   0.0528  -0.0336
 -0.0168   0.0249  -0.0380   0.0879   0.0341  -0.0664
 -0.0378   0.0340  -0.0392   0.0583   0.0427  -0.0747
 -0.0380   0.0281  -0.0257   0.0616   0.0509  -0.0615
 -0.0319   0.0252  -0.0232   0.0794   0.0311  -0.0604
 -0.0319   0.0506  -0.0280   0.0698   0.0302  -0.0651
 -0.0421   0.0566  -0.0471   0.0658   0.0403  -0.0715
 -0.0385   0.0383  -0.0323   0.0867   0.0306  -0.0697
 -0.0306   0.0111  -0.0102   0.0840   0.0164  -0.0746
 -0.0601   0.0136  -0.0102   0.0575   0.0164  -0.0861
 -0.0595  -0.0101  -0.0248   0.0449   0.0347  -0.0829
 -0.0479  -0.0102  -0.0288   0.0630   0.0287  -0.0894
 -0.0342   0.0261  -0.0354   0.1234   0.0366  -0.1280
 -0.0282   0.0343  -0.0410   0.1135   0.0465  -0.0955
 -0.0196   0.0148  -0.0435   0.1544   0.0359  -0.1202
 -0.0223   0.0297  -0.0639   0.1477   0.0483  -0.1033
 -0.0291   0.0213  -0.0585   0.1036   0.0472  -0.0970
 -0.0262   0.0129  -0.0462   0.1236   0.0438  -0.1085
 -0.0507   0.0115  -0.0550   0.0622   0.0469  -0.0741
 -0.0586   0.0136  -0.0635   0.0436   0.0475  -0.0720
 -0.0475   0.0238  -0.0480   0.0600   0.0483  -0.0705
 -0.0406   0.0078  -0.0409   0.1132   0.0327  -0.0881
 -0.0224   0.0385  -0.0370   0.1030   0.0288  -0.0786
 -0.0195   0.0178  -0.0393   0.0885   0.0386  -0.0774
 -0.0170   0.0114  -0.0348   0.1445   0.0189  -0.1165
 -0.0279   0.0307  -0.0211   0.1003   0.0392  -0.1037
 -0.0386   0.0248  -0.0276   0.0981   0.0447  -0.1093
 -0.0369   0.0398  -0.0263   0.1172   0.0397  -0.1305
 -0.0598   0.0416  -0.0413   0.0763   0.0559  -0.1047
 -0.0539   0.0256  -0.0294   0.1087   0.0490  -0.1197
 -0.0566   0.0107  -0.0269   0.1188   0.0381  -0.1424
 -0.0687   0.0265  -0.0334   0.0553   0.0564  -0.1234
 -0.0541   0.0226  -0.0256   0.0873   0.0452  -0.1194
 -0.0567   0.0264  -0.0334   0.1031   0.0336  -0.1343
 -0.0687   0.0320  -0.0370   0.0732   0.0562  -0.1356
 -0.0634   0.0200  -0.0342   0.0959   0.0510  -0.1372
