  0.0229  -0.2696  -0.0027   0.4613   0.0854   0.3499
  0.0389  -0.3108  -0.0268   0.6878   0.0343   0.3770
  0.0107  -0.3270  -0.0165   0.6501   0.0888   0.3754
  0.0178  -0.2186  -0.0069   0.5021   0.0845   0.3851
  0.0209  -0.2762  -0.0026   0.6127   0.0613   0.3342
  0.0168  -0.2947  -0.0056   0.6194   0.0536   0.3612
  0.0290  -0.2064  -0.0320   0.6721   0.0804   0.2494
 -0.0149  -0.1614  -0.0086   0.6231   0.0697   0.4592
  0.0027  -0.1375   0.0026   0.6180   0.0695   0.3746
  0.0083  -0.1593  -0.0024   0.6293   0.0756   0.3648
  0.0031  -0.3079   0.0082   0.6425   0.0765   0.3678
  0.0767  -0.3322  -0.0701   0.6031   0.1247   0.3488
  0.0702  -0.3529  -0.0557   0.6182   0.1068   0.2932
  0.0358  -0.3513  -0.0176   0.6221   0.0930   0.3304
  0.0760  -0.3614  -0.0392   0.6215   0.1084   0.3115
  0.0846  -0.3600  -0.0428   0.6057   0.1191   0.3119
  0.0091  -0.5254   0.0072   0.6776   0.0513   0.3281
  0.0979  -0.4790  -0.0831   0.5821   0.1211   0.3694
  0.0757  -0.2999  -0.0865   0.5567   0.0995   0.2646
  0.0380   0.0915  -0.1120   0.0957   0.0677   0.3762
  0.0292   0.0074  -0.0970   0.2154   0.0542   0.2464
  0.0222  -0.0175  -0.0818   0.1944   0.0401   0.2914
  0.0222   0.0071  -0.0671   0.1455   0.0580   0.2629
  0.0404  -0.1014  -0.0649   0.3263   0.0526   0.2499
  0.0396  -0.0679  -0.0730   0.2571   0.0257   0.2650
  0.0256  -0.0690  -0.0784   0.2849   0.0388   0.2601
  0.0260  -0.1426  -0.0751   0.4125   0.0423   0.2393
  0.0205  -0.0663  -0.0401   0.2746   0.0531   0.3081
  0.0244  -0.1472  -0.0608   0.4379   0.0307   0.2450
  0.0283  -0.0729  -0.0550   0.3115   0.0468   0.2961
  0.0324  -0.1138  -0.0616   0.4142   0.0389   0.2573
  0.0257  -0.1599  -0.0783   0.4576   0.0363   0.3018
  0.0187  -0.1454  -0.0756   0.4061   0.0439   0.2964
  0.0240  -0.2400  -0.0868   0.5532   0.0315   0.2646
  0.0236  -0.2278  -0.0739   0.5243   0.0178   0.2787
  0.0476  -0.2189  -0.0713   0.4333   0.0417   0.2865
  0.0858  -0.2895  -0.1169   0.4905   0.0680   0.2453
  0.1068  -0.2956  -0.1183   0.4349   0.0729   0.2684
  0.1167  -0.3724  -0.1160   0.4618   0.0633   0.1866
  0.0390  -0.5592  -0.1639   0.6380   0.0008   0.3364
  0.0191  -0.3273  -0.0996   0.4149   0.0101   0.2221
 -0.0071  -0.0490  -0.0665   0.0563   0.0456   0.1518
 -0.0106  -0.1914  -0.0685   0.2319   0.0492   0.2073
 -0.0036  -0.1200  -0.0736   0.3069   0.0679   0.1576
  0.0049  -0.0718  -0.0507   0.2308   0.0731   0.1929
  0.0020  -0.1138  -0.0570   0.3455   0.0527   0.1875
  0.0062  -0.0713  -0.0482   0.3216   0.0403   0.2413
  0.0171  -0.0924  -0.0604   0.3704   0.0195   0.2205
  0.0115  -0.0965  -0.0585   0.3269   0.0141   0.1935
  0.0067  -0.0275  -0.0365   0.2238   0.0221   0.2278
 -0.0022  -0.0757  -0.0452   0.3333   0.0221   0.1870
  0.0015  -0.0323  -0.0310   0.2728   0.0518   0.2354
  0.0299   0.0075  -0.0207   0.1469   0.0812   0.1308
  0.0271  -0.0002  -0.0294   0.1245   0.0793   0.1936
  0.0325   0.0217  -0.0245   0.1651   0.0527   0.1419
  0.0501   0.0758   0.0018   0.1476   0.0672   0.0801
  0.0409   0.0259  -0.0083   0.1788   0.0645   0.1671
  0.0323   0.0025  -0.0060   0.1378   0.0552   0.1629
  0.0177   0.0225  -0.0064   0.1280   0.0395   0.1326
  0.0197  -0.0206  -0.0101   0.1918   0.0462   0.1190
  0.0138  -0.0435  -0.0115   0.2031   0.0179   0.1572
  0.0038  -0.0504  -0.0143   0.3191   0.0231   0.1801
  0.0031  -0.0400  -0.0109   0.3092   0.0076   0.1654
 -0.0081  -0.0189  -0.0209   0.3806  -0.0140   0.1922
 -0.0163  -0.0582  -0.0314   0.4551  -0.0517   0.1376
 -0.0126  -0.0204  -0.0026   0.4365  -0.0410   0.2333
 -0.0144  -0.0232  -0.0107   0.3554  -0.0392   0.1559
 -0.0043   0.0023   0.0021   0.3179  -0.0365   0.1997
 -0.0129   0.0351   0.0055   0.1838  -0.0279   0.1643
 -0.0110  -0.0117  -0.0043   0.3289  -0.0327   0.1418
 -0.0146   0.0301   0.0005   0.2511  -0.0223   0.1919
 -0.0078  -0.0213  -0.0278   0.4455  -0.0435   0.1337
 -0.0121   0.0119  -0.0264   0.3810  -0.0407   0.2106
 -0.0095  -0.0266  -0.0396   0.4185  -0.0463   0.1239
 -0.0098  -0.0039  -0.0216   0.3272  -0.0213   0.1800
 -0.0123   0.0060  -0.0203   0.2503  -0.0393   0.1341
 -0.0065  -0.0162  -0.0135   0.3518  -0.0560   0.1297
 -0.0145   0.0163   0.0064   0.2239  -0.0352   0.1700
 -0.0228  -0.0196  -0.0045   0.3510  -0.0471   0.1265
 -0.0880  -0.0046   0.0070   0.2388  -0.0510  -0.0796
 -0.0575   0.0160  -0.0058   0.3120  -0.0441   0.0633
 -0.0546   0.0072  -0.0024   0.2201  -0.0511   0.0451
 -0.0335  -0.0102   0.0051   0.1851  -0.0366  -0.0498
  0.0003   0.0140   0.0197  -0.1707  -0.0010  -0.0810
  0.0165  -0.0443   0.0426  -0.1474  -0.0054  -0.1742
  0.0622  -0.2631  -0.0169   0.0505  -0.0002  -0.1004
 -0.0551  -0.2551   0.0903   0.0646  -0.0489  -0.0676
 -0.0227  -0.3683   0.0303   0.1318  -0.0398  -0.1673
 -0.0027  -0.2268   0.0290   0.0002  -0.0232  -0.0822
 -0.0108  -0.0261   0.0538  -0.2072  -0.0244  -0.0662
 -0.0111  -0.0264   0.0474  -0.2183  -0.0220  -0.1162
 -0.0187  -0.0529   0.0282  -0.2206  -0.0369  -0.1002
 -0.0113  -0.0006   0.0318  -0.3064  -0.0353  -0.1280
 -0.0128  -0.0732   0.0283  -0.2738  -0.0780  -0.1569
 -0.0082  -0.0582   0.0118  -0.2662  -0.0805  -0.0814
 -0.0131  -0.0350   0.0076  -0.2872  -0.0773  -0.1072
 -0.0027  -0.0324   0.0073  -0.3316  -0.0485  -0.1125
 -0.0283  -0.0824  -0.0017  -0.2530  -0.0606  -0.1641
 -0.0201  -0.1186   0.0033  -0.2076  -0.0514  -0.1149
 -0.0243  -0.0735   0.0192  -0.2492  -0.0383  -0.0962
 -0.0040  -0.1050   0.0012  -0.2144  -0.0187  -0.1460
 -0.0126  -0.0856   0.0054  -0.2599  -0.0257  -0.1237
 -0.0169  -0.0788   0.0107  -0.2626  -0.0426  -0.1437
 -0.0051  -0.1890   0.0029  -0.1715  -0.0385  -0.1608
  0.0374  -0.2200  -0.0199  -0.1743   0.0121  -0.1304
  0.0182  -0.2512   0.0048  -0.1239  -0.0155  -0.1531
 -0.0115  -0.3608   0.0307  -0.0236  -0.0451  -0.1618
 -0.0079  -0.2775   0.0349  -0.1362  -0.0241  -0.1233
  0.0066  -0.2650   0.0173  -0.1213  -0.0143  -0.1934
  0.0139  -0.2083   0.0139  -0.1915  -0.0102  -0.1347
 -0.0075  -0.1930   0.0245  -0.2214  -0.0111  -0.1005
 -0.0011  -0.2389   0.0203  -0.0647  -0.0279  -0.1419
 -0.0061  -0.1671   0.0274  -0.1753  -0.0255  -0.1216
  0.0008  -0.1344   0.0300  -0.2400  -0.0101  -0.1580
 -0.0518   0.1387   0.0486  -0.4288  -0.0040  -0.1644
 -0.0354   0.5697   0.0606  -0.6935   0.0546  -0.3300
 -0.0354   0.6163   0.0708  -0.8702   0.0339  -0.4697
 -0.0519   0.7422   0.0774  -1.0364   0.0029  -0.4727
 -0.0071   0.5238   0.0679  -0.8986   0.0172  -0.4636
  0.0016   0.2953   0.0196  -0.6685  -0.0244  -0.4394
 -0.0067   0.4185   0.0413  -0.8894  -0.0121  -0.4119
 -0.0189   0.3429   0.0613  -0.8465  -0.0127  -0.4981
 -0.0277   0.4124   0.0520  -0.8044  -0.0193  -0.4695
 -0.0300   0.4097   0.0593  -0.8119  -0.0078  -0.4266
 -0.0363   0.4198   0.0506  -0.7812  -0.0044  -0.4954
 -0.0339   0.4834   0.0551  -0.8396   0.0007  -0.4085
 -0.0345   0.4013   0.0463  -0.6716  -0.0052  -0.4545
 -0.0349   0.4832   0.0619  -0.7658  -0.0104  -0.3769
 -0.0330   0.4268   0.0490  -0.6936  -0.0188  -0.4546
 -0.0397   0.4759   0.0714  -0.7689  -0.0228  -0.3734
 -0.0464   0.4136   0.0654  -0.6708  -0.0345  -0.4606
 -0.0361   0.4090   0.0553  -0.7021  -0.0259  -0.3420
 -0.0445   0.4366   0.0751  -0.6760  -0.0384  -0.3635
 -0.0244   0.4556   0.0946  -0.7080  -0.0213  -0.3641
 -0.0204   0.4641   0.0956  -0.7086  -0.0159  -0.4082
 -0.0169   0.4942   0.0919  -0.7374  -0.0121  -0.4396
 -0.0139   0.5085   0.0957  -0.8029  -0.0100  -0.4066
 -0.0321   0.4336   0.1018  -0.6762  -0.0176  -0.4892
 -0.0260   0.4262   0.0910  -0.6957  -0.0087  -0.4655
 -0.0221   0.4444   0.0875  -0.7327   0.0014  -0.4363
 -0.0310   0.4399   0.1066  -0.7368   0.0057  -0.4801
 -0.0270   0.4840   0.0965  -0.7489  -0.0046  -0.4961
 -0.0318   0.5136   0.1299  -0.7768  -0.0742  -0.4521
 -0.0417   0.5025   0.1479  -0.7169  -0.1231  -0.4612
 -0.0302   0.4915   0.1519  -0.6703  -0.1074  -0.4232
 -0.0213   0.5338   0.1607  -0.6952  -0.1187  -0.3882
 -0.0346   0.4551   0.1314  -0.5838  -0.1480  -0.4222
 -0.0450   0.4942   0.1500  -0.6616  -0.1498  -0.3412
 -0.0558   0.4114   0.1241  -0.5003  -0.1896  -0.3742
 -0.0682   0.4053   0.1230  -0.5147  -0.2051  -0.3104
 -0.1172   0.4360   0.1093  -0.6227  -0.2032  -0.3140
 -0.0961   0.3907   0.1027  -0.4889  -0.2227  -0.3363
