 -0.0071  -0.3545  -0.4720  -0.8923   0.0230   0.6677
  0.0855  -0.2786  -0.4917  -0.6405  -0.0264   0.6071
  0.0943  -0.2408  -0.4129  -0.4226  -0.0500   0.5511
  0.0969  -0.2530  -0.4568  -0.4886  -0.0307   0.5504
  0.0941  -0.2399  -0.4454  -0.3710  -0.0783   0.5051
  0.0789  -0.2319  -0.4769  -0.4166  -0.0704   0.5140
  0.0783  -0.2251  -0.4349  -0.3792  -0.0854   0.5076
  0.0757  -0.2173  -0.4374  -0.3330  -0.0868   0.4691
  0.0804  -0.2417  -0.4663  -0.4246  -0.0585   0.5126
  0.0876  -0.1952  -0.3966  -0.2365  -0.0998   0.4200
  0.0680  -0.2211  -0.4396  -0.3869  -0.0687   0.4785
  0.0713  -0.2041  -0.4061  -0.2888  -0.0922   0.4406
  0.0733  -0.2191  -0.4454  -0.3761  -0.0683   0.4600
  0.0690  -0.2276  -0.4160  -0.3590  -0.0710   0.4699
  0.0735  -0.2123  -0.4163  -0.2983  -0.0769   0.4259
  0.0650  -0.2256  -0.4428  -0.3759  -0.0386   0.4554
  0.0613  -0.2095  -0.4035  -0.2961  -0.0670   0.4279
  0.0786  -0.1943  -0.4145  -0.2856  -0.0578   0.4050
  0.0797  -0.2151  -0.4080  -0.3662  -0.0385   0.4426
  0.0852  -0.1907  -0.3880  -0.2673  -0.0620   0.3940
  0.0724  -0.2132  -0.4081  -0.3858  -0.0294   0.4543
  0.0668  -0.2000  -0.3905  -0.2686  -0.0645   0.4020
  0.0637  -0.2129  -0.4084  -0.3395  -0.0457   0.4146
  0.0580  -0.2129  -0.3938  -0.3407  -0.0467   0.4295
  0.0517  -0.2075  -0.3843  -0.2530  -0.0577   0.3861
  0.0513  -0.2153  -0.4082  -0.3610  -0.0244   0.4216
  0.0604  -0.2058  -0.3639  -0.2704  -0.0491   0.3943
  0.0699  -0.1910  -0.3791  -0.3062  -0.0328   0.3890
  0.0613  -0.2111  -0.3815  -0.3627  -0.0071   0.4213
  0.0779  -0.1615  -0.3743  -0.1663  -0.0569   0.3189
  0.1070  -0.0924  -0.3180  -0.1872  -0.1191   0.3318
  0.0802  -0.1352  -0.2632  -0.2573   0.0040   0.3462
  0.0773  -0.1846  -0.2867  -0.3340   0.0483   0.3766
  0.0668  -0.1396  -0.2939  -0.2197  -0.0001   0.3209
  0.0539  -0.1662  -0.3078  -0.2928   0.0103   0.3555
  0.0569  -0.1565  -0.3031  -0.2256  -0.0111   0.3210
  0.0527  -0.1664  -0.3058  -0.2728   0.0016   0.3433
  0.0541  -0.1501  -0.2976  -0.2085  -0.0094   0.3076
  0.0396  -0.1894  -0.3163  -0.2718  -0.0072   0.3318
  0.0611  -0.1216  -0.2846  -0.0142  -0.0900   0.1970
  0.0592  -0.1325  -0.2468  -0.0630  -0.0805   0.2208
  0.0474  -0.1771  -0.2656  -0.1640  -0.0695   0.2572
  0.0499  -0.1528  -0.2492  -0.0450  -0.1043   0.1980
  0.0377  -0.1815  -0.2486  -0.1513  -0.0829   0.2473
  0.0415  -0.1954  -0.2352  -0.0472  -0.0898   0.2054
  0.0220  -0.2594  -0.2652  -0.1534  -0.0148   0.2495
  0.1242  -0.1909  -0.0665   0.0839   0.0663   0.1428
  0.1279  -0.1891  -0.0607  -0.0127   0.1367   0.1883
  0.1285  -0.1602  -0.0518   0.0802   0.1076   0.1408
  0.1249  -0.1672  -0.0662  -0.0796   0.1408   0.1882
  0.1299  -0.1660  -0.0544  -0.0280   0.1102   0.1713
  0.1303  -0.1568  -0.0707  -0.0548   0.1182   0.1791
  0.1213  -0.1677  -0.0542  -0.0725   0.1101   0.2031
  0.1238  -0.1293  -0.0584   0.0119   0.0865   0.1464
  0.1152  -0.1128  -0.0385  -0.0022   0.0771   0.1619
  0.1057  -0.1342  -0.0584  -0.0739   0.1035   0.1851
  0.1006  -0.1284  -0.0336  -0.0496   0.0943   0.1820
  0.1208  -0.0900  -0.0520   0.0930   0.0327   0.1012
  0.1000  -0.0666  -0.0337  -0.0034   0.0329   0.1334
  0.0891  -0.0848  -0.0454  -0.0557   0.0781   0.1459
  0.0866  -0.0877  -0.0244  -0.0651   0.0825   0.1524
  0.1034  -0.0623  -0.0385  -0.0124   0.0550   0.1153
  0.0789  -0.0575  -0.0188  -0.0294   0.0508   0.1270
  0.0916  -0.0527  -0.0357  -0.0771   0.0656   0.1326
  0.1023   0.0305  -0.0361  -0.1470   0.0293   0.1581
  0.0824  -0.0144  -0.0286  -0.2786   0.0889   0.2239
  0.0670  -0.0077  -0.0431  -0.4810   0.0845   0.3127
  0.0010  -0.1033  -0.0377  -0.1364   0.0369   0.1627
 -0.0075  -0.0986  -0.0411   0.0254   0.0069   0.0772
 -0.0041  -0.1057  -0.0001   0.0666   0.0260   0.0634
  0.0020  -0.0477  -0.0283   0.1410  -0.0207   0.0001
 -0.0148   0.0050   0.0085   0.2321  -0.0686  -0.0598
 -0.0283  -0.0340   0.0111   0.0811   0.0115   0.0072
 -0.0096   0.0009  -0.0004   0.2077  -0.0291  -0.0536
 -0.0320   0.0004   0.0003   0.1298   0.0069  -0.0308
 -0.0431  -0.0040  -0.0155   0.0956   0.0159  -0.0179
 -0.0338  -0.0196  -0.0143   0.0393   0.0319   0.0149
 -0.0202  -0.0096  -0.0115   0.1201   0.0315  -0.0344
 -0.0226  -0.0202  -0.0120   0.0539   0.0674  -0.0056
 -0.0118   0.0065  -0.0174   0.1800   0.0310  -0.0728
 -0.0101   0.0374   0.0179   0.1902   0.0051  -0.0705
 -0.0252   0.0378   0.0133   0.0841   0.0435  -0.0458
 -0.0120   0.0712   0.0004   0.1447   0.0194  -0.0818
 -0.0026   0.0889   0.0097   0.0938   0.0150  -0.0504
 -0.0137   0.1272   0.0141  -0.1115   0.0723   0.0248
 -0.0020   0.0862   0.0103   0.0948   0.0215  -0.0586
  0.0225   0.0991   0.0276   0.2162  -0.1008  -0.1321
 -0.0134   0.0899   0.0610   0.1462  -0.0248  -0.1106
 -0.0105   0.0730   0.0493   0.0572   0.0491  -0.0648
 -0.0122   0.1046   0.0541   0.2424   0.0184  -0.1407
 -0.0319   0.0852   0.0741   0.1613   0.0487  -0.1042
 -0.0228   0.0855   0.0579   0.1836   0.0290  -0.1209
 -0.0194   0.0790   0.0497   0.0405   0.0601  -0.0704
 -0.0027   0.0922   0.0495   0.2344  -0.0104  -0.1440
  0.0062   0.1281   0.0579   0.2904  -0.0907  -0.1590
 -0.0169   0.1175   0.0875   0.2593  -0.0113  -0.1648
 -0.0674   0.0685   0.0518   0.1493   0.0352  -0.1413
 -0.0644   0.0620   0.0465   0.0722   0.0595  -0.0982
 -0.0601   0.0719   0.0389   0.0998   0.0502  -0.1221
  0.0060   0.1385   0.0673   0.3078  -0.0323  -0.2091
  0.0256   0.2187   0.0765   0.3222  -0.0655  -0.2388
  0.0506   0.2414   0.0879   0.3317  -0.0552  -0.2491
  0.0606   0.2302   0.0889   0.2967  -0.0176  -0.2412
  0.0359   0.2190   0.1171   0.3052   0.0283  -0.2428
  0.0159   0.1891   0.1257   0.2060   0.0629  -0.2136
  0.0102   0.2041   0.1227   0.1783   0.0719  -0.1939
  0.0206   0.2103   0.1236   0.1707   0.0483  -0.1889
  0.0449   0.2073   0.1139   0.3294   0.0064  -0.2541
  0.0374   0.2263   0.1235   0.3121   0.0250  -0.2475
  0.0334   0.1012   0.1068  -0.0821   0.0992  -0.0751
  0.0324   0.1269   0.1202  -0.0588   0.0961  -0.0781
  0.0346   0.1258   0.1324  -0.0839   0.1043  -0.0779
  0.0309   0.1799   0.1440   0.0314   0.0826  -0.1402
  0.0164   0.1753   0.1384  -0.0037   0.1074  -0.1259
  0.0091   0.1687   0.1308   0.0171   0.0967  -0.1387
 -0.0163   0.1379   0.1270   0.0718   0.0915  -0.1542
 -0.0230   0.1289   0.1304   0.0806   0.0982  -0.1671
 -0.0152   0.1449   0.1516   0.1315   0.0840  -0.1963
 -0.0114   0.1468   0.1388   0.0647   0.0970  -0.1689
 -0.0064   0.1444   0.1359  -0.0158   0.1115  -0.1331
  0.0162   0.1894   0.1231   0.1451   0.0626  -0.2162
  0.0128   0.2104   0.1543   0.1643   0.0486  -0.2170
  0.0046   0.2100   0.1320   0.0663   0.0753  -0.1971
 -0.0035   0.2136   0.1588   0.1760   0.0434  -0.2401
 -0.0004   0.1942   0.1346   0.1554   0.0634  -0.2377
 -0.0007   0.2217   0.1586   0.1556   0.0319  -0.2320
 -0.0065   0.2149   0.1443   0.0921   0.0435  -0.2252
 -0.0144   0.2176   0.1459   0.0919   0.0321  -0.2119
 -0.0010   0.2163   0.1479   0.1266   0.0217  -0.2375
 -0.0148   0.2124   0.1634   0.0638   0.0416  -0.2061
  0.0021   0.2082   0.1697   0.1376   0.0269  -0.2492
  0.0110   0.2130   0.1764   0.0974   0.0433  -0.2177
  0.0179   0.2098   0.1529   0.0905   0.0559  -0.2172
 -0.0118   0.2249   0.1696   0.0825   0.0521  -0.2147
  0.0011   0.2072   0.1532   0.1034   0.0469  -0.2405
 -0.0183   0.1972   0.1849   0.1180   0.0549  -0.2330
  0.0006   0.2192   0.1815   0.2117   0.0275  -0.2836
 -0.0114   0.2090   0.1877   0.0567   0.0112  -0.2431
 -0.0327   0.2109   0.2164   0.1459  -0.0501  -0.2713
 -0.0113   0.2252   0.2020   0.1188  -0.0232  -0.2743
 -0.0268   0.1952   0.2221   0.0621  -0.0145  -0.2484
 -0.0039   0.1756   0.1778   0.0139   0.0146  -0.2363
  0.0022   0.2287   0.2080   0.1568  -0.0290  -0.2768
 -0.0179   0.2361   0.2091  -0.0493   0.0362  -0.2031
 -0.0037   0.2601   0.1917   0.1076  -0.0076  -0.2869
 -0.0060   0.2636   0.2111   0.0357   0.0255  -0.2484
  0.0058   0.2882   0.1840   0.0681   0.0158  -0.2779
 -0.0026   0.2964   0.2090   0.1156  -0.0354  -0.2788
 -0.0273   0.2704   0.2149  -0.0583   0.0096  -0.2177
 -0.0481   0.2606   0.1999   0.0524  -0.0202  -0.2628
 -0.0493   0.2401   0.2291  -0.0753   0.0136  -0.2100
 -0.0500   0.2690   0.2177   0.0837  -0.0036  -0.2928
 -0.0760   0.2644   0.2298  -0.0019   0.0033  -0.2493
 -0.0418   0.2934   0.2172   0.1823  -0.0090  -0.3333
 -0.0620   0.2866   0.2228   0.0123   0.0312  -0.2607
 -0.0652   0.2967   0.2070   0.1319   0.0052  -0.3179
 -0.0910   0.1610   0.2840  -0.0252  -0.0432  -0.2396
 -0.1377   0.0982   0.3493   0.3006  -0.0880  -0.3612
 -0.1515  -0.0748   0.3746   0.0134  -0.0526  -0.2277
 -0.2068  -0.1387   0.3614   0.2147  -0.0923  -0.2922
 -0.2099  -0.1805   0.3770   0.2346  -0.0679  -0.2955
 -0.2354  -0.1822   0.3938   0.3489  -0.0775  -0.3419
 -0.2741  -0.2228   0.4431   0.4902  -0.1104  -0.3815
 -0.3271  -0.2987   0.4771   0.4714  -0.1470  -0.3860
 -0.3331  -0.3362   0.4578   0.4981  -0.1328  -0.4015
 -0.3094  -0.2945   0.4478   0.4665  -0.1318  -0.3905
 -0.2369  -0.1772   0.3436   0.2789  -0.0728  -0.3202
 -0.1901  -0.1027   0.3060   0.2128  -0.0590  -0.3165
 -0.1636  -0.1026   0.2881   0.1231  -0.0327  -0.2688
 -0.1463  -0.0390   0.3009   0.2007  -0.0635  -0.3028
 -0.1365  -0.0214   0.2599   0.0813  -0.0371  -0.2521
 -0.1468  -0.0099   0.2929   0.2257  -0.0859  -0.3148
 -0.1480  -0.0132   0.2665   0.1234  -0.0620  -0.2831
 -0.1429   0.0140   0.3261   0.3388  -0.1329  -0.3652
 -0.1523  -0.0329   0.2641   0.0619  -0.0699  -0.2655
 -0.1577  -0.0121   0.2945   0.1611  -0.0888  -0.2984
 -0.1432  -0.0002   0.2690   0.1256  -0.0671  -0.2968
 -0.1519   0.0137   0.2925   0.1335  -0.0604  -0.2946
 -0.1407   0.0361   0.2607   0.1734  -0.0649  -0.3308
 -0.1513   0.0402   0.2779   0.1444  -0.0477  -0.3139
