 -0.2366   0.0689  -0.0827   0.0764  -0.2763  -0.0069
 -0.2302   0.0783  -0.0813   0.0282  -0.2571  -0.0037
 -0.2406   0.0505  -0.0698   0.0963  -0.2625  -0.0036
 -0.2265   0.0687  -0.0608   0.0225  -0.2487   0.0130
 -0.2225   0.0353  -0.0508   0.0893  -0.2476   0.0141
 -0.2076   0.0370  -0.0420   0.0138  -0.2307   0.0038
 -0.2000   0.0292  -0.0555   0.0602  -0.2299   0.0054
 -0.2085   0.0446  -0.0634  -0.0126  -0.2369   0.0085
 -0.2060   0.0528  -0.0655   0.0207  -0.2373   0.0121
 -0.2100   0.0181  -0.0661   0.0446  -0.2372   0.0121
 -0.2147   0.0256  -0.0751   0.0251  -0.2546   0.0012
 -0.2100   0.0123  -0.0849   0.0986  -0.2579  -0.0024
 -0.1997   0.0099  -0.0726  -0.0248  -0.2586  -0.0060
 -0.1855  -0.0010  -0.0944   0.0048  -0.2573   0.0012
 -0.2166  -0.0056  -0.0979  -0.0040  -0.2863  -0.0044
 -0.2099   0.0125  -0.0921  -0.0218  -0.2694  -0.0063
 -0.1961  -0.0096  -0.0893   0.0120  -0.2531  -0.0034
 -0.1886  -0.0058  -0.0753  -0.0242  -0.2423  -0.0108
 -0.1784   0.0077  -0.0831  -0.0029  -0.2300   0.0046
 -0.1829  -0.0213  -0.0842   0.0277  -0.2392   0.0110
 -0.1669   0.0082  -0.0869  -0.0112  -0.2278  -0.0059
 -0.1738  -0.0279  -0.0910   0.0603  -0.2166  -0.0005
 -0.1670  -0.0213  -0.0905  -0.0032  -0.2059  -0.0001
 -0.1670  -0.0391  -0.0933   0.0582  -0.2076   0.0074
 -0.1556  -0.0323  -0.0918  -0.0060  -0.2068   0.0103
 -0.1612  -0.0299  -0.0988   0.0509  -0.1977   0.0115
 -0.1725  -0.0209  -0.0879   0.0136  -0.1989   0.0005
 -0.1515  -0.0126  -0.0951   0.0216  -0.1837   0.0033
 -0.1574  -0.0252  -0.0914   0.0329  -0.1861   0.0108
 -0.1444   0.0076  -0.0936  -0.0249  -0.1794   0.0014
 -0.1435  -0.0115  -0.0878   0.0242  -0.1693   0.0139
 -0.1369   0.0172  -0.0938  -0.0324  -0.1641   0.0089
 -0.1629   0.0007  -0.0918   0.0177  -0.1534   0.0096
 -0.1495   0.0266  -0.1001  -0.0460  -0.1699   0.0054
 -0.1553   0.0026  -0.0939   0.0229  -0.1418   0.0096
 -0.1529   0.0228  -0.1015  -0.0293  -0.1529  -0.0032
 -0.1450   0.0079  -0.0867   0.0286  -0.1342   0.0025
 -0.1388   0.0239  -0.0825  -0.0296  -0.1302   0.0138
 -0.1337   0.0121  -0.0811   0.0162  -0.1114   0.0157
 -0.1506   0.0143  -0.0918  -0.0035  -0.0985   0.0112
 -0.1267   0.0353  -0.0992  -0.0290  -0.0914   0.0019
 -0.1338   0.0014  -0.0806   0.0019  -0.0639   0.0164
 -0.1097   0.0258  -0.0778  -0.0331  -0.0561   0.0235
 -0.1232   0.0093  -0.0721   0.0336  -0.0311   0.0225
 -0.1046   0.0253  -0.0575  -0.0225  -0.0220   0.0183
 -0.0991  -0.0071  -0.0535   0.0484   0.0237   0.0322
 -0.0760   0.0131  -0.0553  -0.0251   0.0241   0.0331
 -0.0871  -0.0138  -0.0572   0.0542   0.0277   0.0298
 -0.0637  -0.0049  -0.0477  -0.0236   0.0327   0.0350
 -0.0576  -0.0190  -0.0384   0.0251   0.0533   0.0281
 -0.0681  -0.0114  -0.0386   0.0084   0.0595   0.0222
 -0.0698  -0.0137  -0.0380   0.0095   0.0531   0.0345
 -0.0920  -0.0505  -0.0461   0.0395   0.0587   0.0474
 -0.0741  -0.0158  -0.0493  -0.0213   0.0420   0.0518
 -0.0920  -0.0490  -0.0439   0.0414   0.0579   0.0485
 -0.0703  -0.0253  -0.0419  -0.0292   0.0555   0.0428
 -0.0789  -0.0565  -0.0406   0.0534   0.0786   0.0509
 -0.0768  -0.0261  -0.0558  -0.0302   0.0514   0.0451
 -0.0874  -0.0479  -0.0595   0.0474   0.0712   0.0470
 -0.0878  -0.0345  -0.0567  -0.0103   0.0600   0.0399
 -0.0780  -0.0374  -0.0572   0.0217   0.0566   0.0285
 -0.1181  -0.0430  -0.0752   0.0547   0.0484   0.0287
 -0.0902  -0.0195  -0.0659  -0.0101   0.0363   0.0370
 -0.1258  -0.0322  -0.0960   0.0567   0.0179   0.0338
 -0.1404  -0.0056  -0.0931   0.0272  -0.0146   0.0161
 -0.1097   0.0065  -0.0670  -0.0519  -0.0125   0.0222
 -0.1391   0.0741  -0.0694  -0.0853  -0.0523  -0.0028
 -0.1078   0.0167  -0.0801  -0.0425  -0.0218   0.0112
 -0.1191  -0.0024  -0.0571  -0.0210  -0.0022   0.0057
 -0.1070  -0.0023  -0.0509  -0.0326  -0.0055  -0.0025
 -0.1194  -0.0254  -0.0664   0.0416  -0.0207   0.0030
 -0.1041  -0.0157  -0.0546  -0.0113  -0.0204   0.0104
 -0.0988  -0.0229  -0.0588  -0.0098  -0.0162   0.0097
 -0.1155  -0.0327  -0.0720   0.0143  -0.0302   0.0061
 -0.1043  -0.0146  -0.0664  -0.0340  -0.0354   0.0104
 -0.1128  -0.0063  -0.0693  -0.0160  -0.0478   0.0123
 -0.1333  -0.0197  -0.0939  -0.0064  -0.0392   0.0112
 -0.1298  -0.0260  -0.0932  -0.0396  -0.0401   0.0079
 -0.1360  -0.0528  -0.0860   0.0466  -0.0294   0.0088
 -0.1251  -0.0211  -0.0839  -0.0345  -0.0531  -0.0014
 -0.1378  -0.0440  -0.0922   0.0405  -0.0429  -0.0099
 -0.1295  -0.0335  -0.0705  -0.0237  -0.0404  -0.0136
 -0.1260  -0.0393  -0.0723   0.0072  -0.0321  -0.0130
 -0.1324  -0.0221  -0.0702  -0.0013  -0.0298  -0.0066
 -0.1262  -0.0095  -0.0719  -0.0266  -0.0300  -0.0027
 -0.1375  -0.0382  -0.0810   0.0543  -0.0071   0.0036
 -0.1257  -0.0104  -0.0756  -0.0199  -0.0267   0.0042
 -0.1418  -0.0255  -0.0901   0.0534  -0.0116   0.0124
 -0.1448   0.0261  -0.0865  -0.0349  -0.0400   0.0073
 -0.1436   0.0073  -0.0762   0.0650   0.0045   0.0160
 -0.1279   0.0259  -0.0711  -0.0263  -0.0115   0.0148
 -0.1260   0.0078  -0.0686   0.0267  -0.0033   0.0136
 -0.1263   0.0209  -0.0703  -0.0374  -0.0004   0.0139
 -0.1189   0.0240  -0.0652  -0.0193   0.0013   0.0120
 -0.1209   0.0249  -0.0587  -0.0361   0.0106   0.0205
 -0.1266   0.0343  -0.0537  -0.0410  -0.0002   0.0025
 -0.1418   0.0216  -0.0800   0.0042   0.0175   0.0016
 -0.1251   0.0308  -0.0637  -0.0223   0.0022  -0.0036
 -0.1438   0.0262  -0.0771   0.0234   0.0183   0.0040
 -0.1184   0.0372  -0.0528  -0.0526   0.0023   0.0066
 -0.1257   0.0093  -0.0608   0.0432   0.0359   0.0102
 -0.1157   0.0248  -0.0502  -0.0298   0.0267   0.0031
 -0.1054   0.0068  -0.0383   0.0156   0.0364   0.0079
 -0.0972   0.0181  -0.0357  -0.0139   0.0346   0.0157
 -0.0960   0.0045  -0.0277   0.0152   0.0504   0.0309
 -0.0846   0.0265  -0.0189  -0.0496   0.0545   0.0274
 -0.0828   0.0149  -0.0175  -0.0050   0.0709   0.0235
 -0.0791   0.0230  -0.0129  -0.0273   0.0762   0.0200
 -0.0746   0.0187  -0.0109  -0.0126   0.0779   0.0170
 -0.0942   0.0157  -0.0316   0.0012   0.0917   0.0159
 -0.0810   0.0322  -0.0166  -0.0520   0.0803   0.0168
 -0.0819   0.0044  -0.0238   0.0329   0.1021   0.0286
 -0.0677   0.0289  -0.0170  -0.0536   0.0817   0.0144
 -0.0679   0.0103  -0.0133   0.0100   0.0996   0.0036
 -0.0615   0.0210  -0.0097  -0.0200   0.0910   0.0163
 -0.0602   0.0167  -0.0073  -0.0071   0.0934   0.0186
 -0.0661   0.0231  -0.0069  -0.0238   0.0867   0.0226
 -0.0656   0.0213  -0.0158  -0.0206   0.0858   0.0150
 -0.0699   0.0280  -0.0140  -0.0518   0.0887   0.0265
 -0.0623   0.0277  -0.0090  -0.0678   0.0783   0.0323
 -0.0638   0.0308  -0.0070  -0.0845   0.0841   0.0294
 -0.0596   0.0254  -0.0008  -0.0541   0.0871   0.0214
 -0.0631   0.0233  -0.0019  -0.0624   0.0858   0.0221
 -0.0603   0.0333  -0.0133  -0.0598   0.0841   0.0197
 -0.0636   0.0198  -0.0187  -0.0249   0.1052   0.0292
 -0.0539   0.0380   0.0040  -0.0719   0.0792   0.0271
 -0.0634   0.0086  -0.0104  -0.0019   0.1001   0.0341
 -0.0628   0.0365  -0.0136  -0.0831   0.0621   0.0319
 -0.0671   0.0081  -0.0276   0.0271   0.0919   0.0335
 -0.0568   0.0345  -0.0111  -0.0680   0.0674   0.0153
 -0.0789   0.0164  -0.0269   0.0268   0.0927   0.0111
 -0.0623   0.0227  -0.0221  -0.0587   0.0680   0.0249
 -0.0652   0.0058  -0.0407  -0.0079   0.0691   0.0162
 -0.0611   0.0218  -0.0153  -0.0681   0.0663   0.0102
 -0.0608   0.0065  -0.0300  -0.0112   0.0601  -0.0050
 -0.0563   0.0160  -0.0218  -0.0480   0.0689  -0.0007
 -0.0552   0.0108  -0.0289  -0.0176   0.0765  -0.0143
 -0.0536   0.0023  -0.0194  -0.0357   0.0865   0.0089
 -0.0508  -0.0063  -0.0236  -0.0161   0.0869   0.0165
 -0.0253   0.0044  -0.0397   0.0426   0.0641  -0.0242
 -0.0466  -0.0076  -0.0486   0.0275   0.0135  -0.0838
 -0.0473  -0.0368  -0.0330  -0.0282  -0.0019  -0.0711
 -0.0372  -0.0142  -0.0269   0.0010   0.0080  -0.0352
 -0.0316  -0.0202  -0.0566   0.1051   0.0196  -0.0330
 -0.0205   0.0004  -0.0184   0.0579   0.0547  -0.0317
 -0.0113  -0.0165  -0.0112   0.0570   0.0767  -0.0232
 -0.0019  -0.0398  -0.0147   0.0942   0.0908  -0.0201
  0.0045  -0.0317  -0.0066   0.0696   0.1018  -0.0230
  0.0001  -0.0381  -0.0139   0.0660   0.0854  -0.0169
 -0.0011  -0.0416  -0.0166   0.0610   0.0898  -0.0227
 -0.0037  -0.0402  -0.0127   0.0252   0.0725  -0.0264
 -0.0116  -0.0541  -0.0359   0.0451   0.0344  -0.0335
 -0.0284  -0.0504  -0.0509   0.0140   0.0146  -0.0243
 -0.0279  -0.0612  -0.0470   0.0428   0.0165  -0.0285
 -0.0569  -0.0169  -0.0361   0.0124  -0.0332  -0.0700
 -0.0525  -0.0226  -0.0601   0.0651  -0.0646  -0.0686
 -0.0416  -0.0085  -0.0480   0.0302  -0.0607  -0.0497
 -0.0320  -0.0319  -0.0357   0.0754  -0.0425  -0.0460
 -0.0210  -0.0156  -0.0202   0.0423  -0.0207  -0.0296
 -0.0013  -0.0517  -0.0109   0.1023   0.0082  -0.0135
  0.0076  -0.0431  -0.0034   0.0498   0.0134  -0.0086
  0.0043  -0.0549  -0.0099   0.0963   0.0219  -0.0227
  0.0192  -0.0450  -0.0013   0.0721   0.0294  -0.0161
  0.0220  -0.0503   0.0074   0.0942   0.0356  -0.0173
  0.0226  -0.0356  -0.0003   0.1089   0.0523  -0.0116
  0.0282  -0.0368   0.0229   0.0937   0.0508  -0.0119
  0.0311  -0.0291   0.0131   0.1126   0.0539  -0.0014
  0.0431  -0.0162   0.0312   0.0994   0.0466  -0.0005
  0.0414  -0.0121   0.0192   0.1177   0.0438  -0.0039
  0.0352  -0.0034   0.0109   0.0918   0.0128   0.0084
  0.0225  -0.0059  -0.0068   0.1139   0.0096   0.0032
  0.0415  -0.0128   0.0292   0.0616   0.0193   0.0158
  0.0369  -0.0232   0.0115   0.1051   0.0200   0.0054
  0.0196  -0.0169  -0.0043   0.0375   0.0079   0.0141
  0.0298  -0.0554   0.0027   0.1090   0.0167   0.0009
  0.0201  -0.0312   0.0018   0.0343   0.0071   0.0142
  0.0313  -0.0523   0.0097   0.1310   0.0308   0.0009
  0.0298  -0.0369   0.0125   0.0495   0.0192  -0.0010
  0.0413  -0.0588   0.0151   0.1005   0.0311   0.0042
  0.0492  -0.0487   0.0274   0.0823   0.0241   0.0049
  0.0437  -0.0553   0.0209   0.1069   0.0303   0.0088
  0.0580  -0.0330   0.0287   0.0711   0.0210   0.0112
  0.0530  -0.0285   0.0323   0.0777   0.0127  -0.0015
  0.0408  -0.0158   0.0386   0.0665   0.0072  -0.0005
  0.0463  -0.0094   0.0420   0.0446   0.0282  -0.0033
  0.0460  -0.0158   0.0400   0.1010   0.0222   0.0049
  0.0367  -0.0016   0.0512   0.0168   0.0429   0.0001
  0.0347  -0.0072   0.0236   0.1285   0.0228   0.0052
  0.0232   0.0176   0.0311   0.0389  -0.0016   0.0084
  0.0289  -0.0048   0.0326   0.1167   0.0179   0.0058
  0.0365   0.0023   0.0305   0.0445   0.0069   0.0001
  0.0146  -0.0012   0.0090   0.0624   0.0172  -0.0220
  0.0185   0.0042   0.0122   0.0361   0.0098  -0.0220
  0.0262  -0.0046   0.0241   0.0167   0.0192  -0.0175
  0.0394  -0.0139   0.0329   0.0665   0.0208  -0.0103
  0.0368   0.0077   0.0381   0.0292   0.0186  -0.0146
  0.0565  -0.0110   0.0622   0.0574   0.0387  -0.0043
  0.0570   0.0107   0.0623   0.0016   0.0388   0.0009
  0.0568  -0.0019   0.0629   0.0476   0.0333  -0.0005
  0.0670   0.0155   0.0712  -0.0122   0.0312  -0.0029
  0.0678  -0.0145   0.0541   0.0517   0.0280   0.0059
  0.0505   0.0126   0.0462  -0.0066   0.0376  -0.0001
  0.0740  -0.0024   0.0510   0.0560   0.0392   0.0051
  0.0747   0.0063   0.0542   0.0075   0.0333  -0.0062
  0.0706  -0.0076   0.0366   0.0792   0.0226  -0.0119
  0.0541   0.0062   0.0370  -0.0000   0.0068  -0.0092
  0.0572   0.0090   0.0313   0.0936  -0.0005  -0.0055
  0.0405   0.0372   0.0465   0.0045   0.0020   0.0111
  0.0468   0.0045   0.0285   0.1046   0.0342   0.0042
  0.0526   0.0219   0.0409   0.0249   0.0196  -0.0029
  0.0487   0.0019   0.0338   0.0604   0.0230  -0.0105
  0.0582   0.0151   0.0400   0.0006   0.0005  -0.0057
  0.0484   0.0103   0.0240   0.0137   0.0252  -0.0066
  0.0525   0.0082   0.0301   0.0169   0.0048  -0.0188
  0.0486   0.0023   0.0287  -0.0017   0.0210  -0.0105
  0.0441  -0.0041   0.0319   0.0339   0.0062  -0.0214
  0.0372   0.0024   0.0299   0.0141   0.0092  -0.0135
  0.0467   0.0005   0.0232   0.0244  -0.0001  -0.0153
  0.0421   0.0274   0.0224  -0.0080   0.0181  -0.0179
  0.0489   0.0268  -0.0043   0.0173  -0.0081  -0.0240
  0.0437   0.0464   0.0078  -0.0056   0.0067  -0.0254
  0.0553   0.0316   0.0209   0.0540   0.0217  -0.0163
  0.0653   0.0493   0.0404  -0.0120   0.0211  -0.0194
  0.0597   0.0304   0.0220   0.0289   0.0302  -0.0244
  0.0645   0.0453   0.0317   0.0019   0.0223  -0.0205
  0.0682   0.0388   0.0246   0.0037   0.0266  -0.0173
  0.0685   0.0297   0.0256   0.0339   0.0150  -0.0190
  0.0634   0.0340   0.0339   0.0118   0.0246  -0.0209
  0.0792   0.0287   0.0388   0.0518   0.0183  -0.0192
  0.0687   0.0532   0.0381  -0.0151   0.0146  -0.0170
  0.0785   0.0331   0.0345   0.0523   0.0081  -0.0139
  0.0660   0.0467   0.0417  -0.0205   0.0141  -0.0182
  0.0672   0.0384   0.0264   0.0587   0.0081  -0.0227
  0.0702   0.0502   0.0493  -0.0192   0.0058  -0.0168
  0.0807   0.0378   0.0361   0.0432   0.0184  -0.0111
  0.0727   0.0488   0.0483  -0.0276   0.0184  -0.0100
  0.0789   0.0374   0.0448   0.0341   0.0374  -0.0153
  0.0709   0.0506   0.0353  -0.0302   0.0417  -0.0096
  0.0190   0.1151   0.0155  -0.0615  -0.0230  -0.0552
  0.0604   0.1237   0.0120  -0.0473  -0.0213  -0.0372
  0.0800   0.0969   0.0347  -0.0593   0.0055  -0.0249
  0.0954   0.0867   0.0401   0.0002   0.0192  -0.0244
  0.0994   0.0902   0.0558  -0.0743   0.0400  -0.0106
  0.1002   0.0630   0.0394   0.0076   0.0474  -0.0178
  0.1090   0.0733   0.0599  -0.0721   0.0295  -0.0233
  0.1172   0.0301   0.0436  -0.0011   0.0502  -0.0259
  0.1246   0.0430   0.0607  -0.0749   0.0528  -0.0198
  0.1228   0.0282   0.0489  -0.0027   0.0664  -0.0143
  0.1340   0.0407   0.0115  -0.0217  -0.0004  -0.0261
  0.1510   0.0607   0.0461  -0.0915  -0.0081  -0.0345
  0.1823   0.0456   0.0764  -0.0743   0.0075  -0.0058
  0.1785  -0.0002   0.0582  -0.0087   0.0078   0.0001
  0.1916  -0.0018   0.0729  -0.0822  -0.0014   0.0036
  0.1992  -0.0099   0.0779  -0.0530   0.0199  -0.0063
  0.2039  -0.0336   0.0845  -0.0010   0.0410  -0.0010
  0.1897  -0.0011   0.0711  -0.0478   0.0252  -0.0019
  0.2169  -0.0300   0.0899   0.0193   0.0385   0.0020
  0.2268  -0.0144   0.1034  -0.0448   0.0297  -0.0009
  0.2151  -0.0085   0.0920  -0.0487   0.0373   0.0082
  0.2161  -0.0094   0.0947   0.0007   0.0433  -0.0033
  0.2104   0.0043   0.0747  -0.0590   0.0259  -0.0065
  0.2073  -0.0186   0.0818  -0.0037   0.0356  -0.0145
  0.2122   0.0010   0.1032  -0.0487   0.0399  -0.0136
  0.2208  -0.0118   0.0947  -0.0452   0.0490  -0.0169
  0.2186  -0.0294   0.0996  -0.0408   0.0621  -0.0213
  0.2142  -0.0206   0.0998  -0.0902   0.0371  -0.0204
  0.2187  -0.0490   0.1011  -0.0241   0.0570  -0.0077
  0.2094  -0.0147   0.0987  -0.1168   0.0412  -0.0036
  0.2158  -0.0374   0.1046  -0.0647   0.0519  -0.0000
  0.2117  -0.0264   0.0999  -0.1204   0.0313  -0.0033
  0.2126  -0.0303   0.0909  -0.0724   0.0339  -0.0057
  0.2188  -0.0222   0.1113  -0.1070   0.0421  -0.0006
  0.2181  -0.0365   0.1022  -0.0872   0.0370   0.0025
  0.2342  -0.0460   0.1132  -0.0696   0.0664   0.0082
  0.2308  -0.0300   0.1068  -0.1023   0.0500   0.0025
  0.2362  -0.0475   0.1183  -0.0416   0.0721   0.0001
  0.2281  -0.0198   0.1086  -0.1073   0.0462  -0.0030
  0.2390  -0.0398   0.1261  -0.0339   0.0703  -0.0006
  0.2492  -0.0234   0.1243  -0.1029   0.0562  -0.0009
  0.2676  -0.0431   0.1390  -0.0447   0.0722  -0.0014
  0.2782  -0.0319   0.1656  -0.0907   0.0725  -0.0100
  0.2793  -0.0180   0.1563  -0.0954   0.0824  -0.0008
  0.2818  -0.0406   0.1526  -0.0456   0.0883   0.0032
  0.2731  -0.0143   0.1537  -0.0987   0.0673  -0.0042
  0.2762  -0.0348   0.1511  -0.0344   0.0764  -0.0042
  0.2728  -0.0213   0.1514  -0.0916   0.0675  -0.0048
  0.2676  -0.0377   0.1471  -0.0729   0.0846  -0.0179
  0.2703  -0.0181   0.1574  -0.0941   0.0909  -0.0119
  0.2444  -0.0022   0.1420  -0.1053   0.0875  -0.0183
  0.2534  -0.0102   0.1333  -0.0829   0.0696  -0.0058
  0.2339   0.0074   0.1215  -0.1265   0.0678  -0.0105
  0.2589  -0.0171   0.1390  -0.0887   0.0814  -0.0081
  0.2528  -0.0070   0.1466  -0.1407   0.0667  -0.0085
  0.2622  -0.0162   0.1564  -0.1039   0.0805   0.0035
  0.2532   0.0044   0.1500  -0.1574   0.0709  -0.0157
  0.2766  -0.0177   0.1698  -0.1068   0.1012  -0.0026
  0.2789  -0.0085   0.1666  -0.1671   0.0852  -0.0016
  0.2856  -0.0241   0.1749  -0.1033   0.1077  -0.0072
  0.2988  -0.0086   0.1884  -0.1482   0.1008  -0.0049
  0.2972  -0.0246   0.1787  -0.1240   0.1038  -0.0141
