  0.0003  -0.1628   0.1466  -0.0950   0.0521   0.0993
  0.0003  -0.1199   0.1226   0.0440   0.1640  -0.0726
  0.0516  -0.0673   0.0856  -0.0971   0.1300   0.1362
  0.0070  -0.1232   0.0625  -0.1018   0.0712   0.0122
  0.0268  -0.1641   0.0615  -0.1342   0.0802   0.1265
  0.0508  -0.0998   0.0337  -0.0938   0.0601   0.1182
  0.0563  -0.0821   0.0479   0.0053   0.0372  -0.0321
  0.0631  -0.1348   0.0669  -0.0033   0.0247   0.0734
  0.0725  -0.1300   0.0514  -0.0392   0.0060  -0.0409
  0.0410  -0.0394   0.0208  -0.0364  -0.0174   0.0487
  0.0646  -0.0658   0.0250  -0.0202  -0.0406  -0.0213
  0.0793  -0.0692  -0.0078   0.0080  -0.0816  -0.0386
  0.0036  -0.0368  -0.0134   0.0012  -0.0576   0.0437
  0.0036   0.0607  -0.0349   0.0293  -0.0735   0.0010
  0.0305   0.0921  -0.0615  -0.0971  -0.0343   0.0944
  0.0438   0.0327  -0.0678  -0.0813  -0.0463  -0.0256
 -0.0012  -0.0320  -0.0853  -0.0390  -0.0826   0.0042
  0.0393  -0.0159  -0.0899  -0.0878  -0.0865   0.0898
  0.0606   0.0373  -0.1097  -0.0304  -0.0850   0.0429
  0.0492  -0.0144  -0.0623   0.0160  -0.0378   0.0060
  0.0724  -0.1514   0.0032  -0.0249   0.0320   0.1064
  0.0678  -0.0976   0.0210   0.0229   0.0012  -0.1553
  0.0334  -0.0552  -0.0306  -0.0472  -0.0201   0.0401
  0.0454  -0.0114  -0.0381  -0.0606  -0.0232   0.0792
  0.0336   0.0162  -0.0527  -0.0647  -0.0462  -0.0043
  0.0220  -0.0251  -0.0588  -0.1019  -0.0918   0.0574
  0.0393   0.0339  -0.0666  -0.0901  -0.1002   0.0597
  0.0340   0.0016  -0.0794  -0.0857  -0.1297   0.0521
  0.0095   0.0272  -0.0786  -0.0771  -0.1122   0.0747
  0.0189  -0.0275  -0.0901  -0.1480  -0.0951   0.1285
 -0.0037   0.0020  -0.1090  -0.1062  -0.1158  -0.0058
 -0.0088   0.0308  -0.1028  -0.0590  -0.1522   0.1084
 -0.0032  -0.0118  -0.0869  -0.0607  -0.1448   0.1039
 -0.0058  -0.0066  -0.1139  -0.0831  -0.1343   0.1095
 -0.0111  -0.0353  -0.1088  -0.1696  -0.1683   0.0986
 -0.0611  -0.0728  -0.1182  -0.1593  -0.1264   0.0930
 -0.0546  -0.0661  -0.1075  -0.1910  -0.0923   0.1021
 -0.0514  -0.0089  -0.0486  -0.1348  -0.0926   0.1364
 -0.0222  -0.0135  -0.0582  -0.0847  -0.0855   0.0329
  0.0082   0.0603  -0.0835  -0.0729  -0.1460   0.0675
  0.0005   0.0196  -0.0806  -0.0418  -0.1100  -0.0084
  0.0160   0.0386  -0.1021  -0.0766  -0.0838   0.1006
 -0.0188   0.0415  -0.0241  -0.0964  -0.0854   0.0140
 -0.0101   0.0702  -0.0449  -0.1326  -0.0388  -0.0220
 -0.0881  -0.0193  -0.0697  -0.1428  -0.0725   0.0492
 -0.0951  -0.0161  -0.0162  -0.0495  -0.0749   0.0625
 -0.1400  -0.0966   0.0337  -0.0443  -0.0353   0.0567
 -0.1203  -0.0696   0.0294   0.0144  -0.0208  -0.0138
 -0.0525  -0.0895   0.0134   0.0131  -0.0527   0.0414
 -0.0841  -0.0667   0.0004  -0.0768  -0.0369   0.1317
 -0.1026  -0.0232  -0.0123  -0.0361  -0.0207   0.0593
 -0.0584  -0.0436   0.0312  -0.0056  -0.0371  -0.0139
 -0.0356  -0.0493   0.0198  -0.0254  -0.0154   0.0974
  0.0196  -0.0057   0.0496   0.0469   0.0056  -0.0392
 -0.0088  -0.0296   0.0407   0.0170   0.0350  -0.0010
 -0.0042   0.0130   0.0054   0.0147  -0.0130   0.0008
 -0.0475   0.0183  -0.0150  -0.0091  -0.0576  -0.0306
 -0.0251   0.0472  -0.0016  -0.0250  -0.0071   0.0612
 -0.0257   0.0527   0.0163   0.0569  -0.0130  -0.0504
 -0.0214  -0.0050  -0.0112   0.0163  -0.0542  -0.0280
 -0.0343  -0.0226  -0.0376   0.0803   0.0204  -0.0334
 -0.0329   0.0256  -0.0728   0.0194   0.0435   0.0070
 -0.0338   0.0630  -0.0545   0.0333  -0.0034  -0.0505
 -0.0777   0.0541  -0.0497   0.0062  -0.0584   0.0432
 -0.1014   0.0623  -0.0520  -0.0338  -0.0314   0.0668
 -0.1066  -0.0096  -0.0849   0.0941  -0.0414  -0.0645
 -0.0711   0.0365  -0.0789   0.0579  -0.0089  -0.0024
 -0.0721  -0.0084  -0.0590  -0.0398  -0.0387   0.0748
 -0.0658  -0.0049  -0.0359  -0.0054  -0.0349  -0.0549
 -0.0552   0.0725  -0.0607  -0.0368  -0.0391   0.0282
 -0.0314   0.0072  -0.0117   0.0266  -0.0421  -0.0334
 -0.0311  -0.0028   0.0063   0.0550  -0.0322  -0.0344
 -0.0522  -0.0526   0.0136   0.0450  -0.0281   0.0554
 -0.0578  -0.0588  -0.0195   0.1184  -0.0335  -0.0791
 -0.0360  -0.0357  -0.0222   0.0579  -0.0527   0.0551
 -0.0008  -0.0299   0.0007   0.1091  -0.0571  -0.1216
  0.0422  -0.0716   0.0168   0.0890   0.0126   0.0195
  0.0415  -0.0738   0.0355   0.1284   0.0334   0.0004
 -0.0232  -0.1544   0.0190   0.1471  -0.0158  -0.0738
 -0.0416  -0.1833   0.0567   0.1841  -0.0181  -0.0720
 -0.0376  -0.1885   0.0625   0.1712  -0.0156  -0.0807
 -0.0361  -0.1998   0.0860   0.1635   0.0095  -0.0871
 -0.0210  -0.1954   0.0605   0.1925  -0.0312  -0.0936
  0.0100  -0.1530   0.0209   0.0950  -0.0476  -0.0208
 -0.0010  -0.1046  -0.0014   0.1683  -0.0257  -0.1207
 -0.0087  -0.1551   0.0047   0.1391   0.0339  -0.0033
  0.0118  -0.1398   0.0498   0.1836   0.0092  -0.0941
 -0.0124   0.1380   0.0232   0.0116  -0.0206   0.0686
  0.0479  -0.0685   0.0449   0.1135  -0.0252  -0.0888
  0.0588  -0.0526   0.0631   0.0992  -0.0001  -0.0671
  0.0696  -0.0178   0.0126  -0.0431   0.0940   0.1090
  0.1068   0.0009   0.0172   0.0232   0.1289  -0.0575
  0.1107  -0.0420   0.0535   0.0307   0.0819  -0.0435
  0.1313  -0.0871   0.0798   0.0460   0.1060  -0.0053
  0.0290  -0.0086  -0.0092   0.1078   0.0787   0.0097
  0.0755  -0.0500   0.0628   0.1400   0.0910  -0.0631
  0.0614  -0.0371   0.0863   0.1401   0.1103  -0.0214
  0.0904  -0.0039   0.1165   0.1435   0.1291  -0.0250
  0.1143  -0.0929   0.1105   0.0939   0.1267  -0.0644
  0.0733  -0.1186   0.1088   0.0894   0.1396  -0.0323
 -0.0090   0.1415   0.0096  -0.0619   0.0818  -0.0769
  0.0267   0.3041  -0.0169  -0.1702   0.0489  -0.0295
  0.0901   0.1515   0.0416  -0.0254   0.0929  -0.0437
  0.0830   0.0158   0.0667   0.0695   0.0316  -0.1105
  0.0339   0.0248   0.0845   0.1919   0.0563  -0.1066
  0.0509   0.0204   0.1241   0.1627   0.0619  -0.0623
  0.1056  -0.0081   0.1510   0.2567   0.0928  -0.2445
  0.0828   0.0235   0.1458   0.2077   0.0701  -0.1162
 -0.0271   0.7641  -0.0085  -0.4326   0.0884   0.1830
  0.0019   0.5560   0.0276  -0.2880   0.1036  -0.0459
 -0.0411   0.2758   0.0031  -0.0908   0.1222  -0.0774
 -0.0215   0.1909   0.0128  -0.0187   0.1031  -0.0360
 -0.0303   0.1925   0.0016  -0.0353   0.0736  -0.0625
 -0.0074   0.1650   0.0269   0.0565   0.0947  -0.0681
 -0.0201   0.2207   0.0259   0.0488   0.1663  -0.0369
 -0.0146   0.1345   0.0411   0.0092   0.1745  -0.1198
 -0.0842   0.1976  -0.0001   0.0239   0.1602  -0.0427
 -0.0806   0.1220   0.0440   0.0918   0.1768  -0.1988
 -0.0657   0.1420   0.0075  -0.0116   0.1455  -0.0459
 -0.0990   0.2334   0.0224  -0.1043   0.1897   0.0343
