  0.0390   0.6317  -0.1605  -0.7940  -0.0198   0.0104
  0.0270   0.6400  -0.1670  -0.8118  -0.0207   0.0071
  0.0217   0.6335  -0.1728  -0.8298  -0.0219   0.0054
  0.0178   0.6327  -0.1803  -0.8103  -0.0332   0.0107
  0.0126   0.6396  -0.1840  -0.8088  -0.0337   0.0239
  0.0313   0.6409  -0.2046  -0.8139  -0.0208   0.0188
  0.0459   0.6465  -0.2272  -0.8117  -0.0206  -0.0004
  0.0451   0.6435  -0.2107  -0.8185  -0.0203   0.0065
  0.0483   0.6351  -0.2094  -0.8008  -0.0202   0.0109
  0.0612   0.6293  -0.2222  -0.7983  -0.0212   0.0131
  0.0638   0.6090  -0.2274  -0.7762  -0.0242   0.0182
  0.0575   0.6077  -0.2178  -0.7904  -0.0283   0.0048
  0.0604   0.5914  -0.2122  -0.7598  -0.0222   0.0043
  0.0678   0.5888  -0.2156  -0.7466  -0.0190   0.0091
  0.0738   0.6002  -0.2224  -0.7567  -0.0153   0.0121
  0.0732   0.5872  -0.2196  -0.7675  -0.0171   0.0083
  0.1051   0.6545  -0.2720  -1.1225   0.0115  -0.0049
  0.0877   0.6133  -0.2521  -1.1907   0.0236  -0.0329
  0.0577   0.5153  -0.1907  -0.5968   0.0034  -0.0273
  0.0838   0.5954  -0.2364  -0.7556  -0.0077  -0.0707
  0.0604   0.8281  -0.2454  -1.2367   0.0013  -0.1000
  0.0104   0.7593  -0.1345  -1.0145  -0.0119  -0.0447
  0.0202   0.6871  -0.1552  -0.9045  -0.0224  -0.0370
  0.0216   0.6262  -0.1678  -0.8676  -0.0209  -0.0338
  0.0226   0.5795  -0.1754  -0.8123  -0.0178  -0.0165
  0.0303   0.5746  -0.1795  -0.8040  -0.0215  -0.0072
  0.0295   0.5937  -0.1876  -0.8253  -0.0242  -0.0182
  0.0363   0.6009  -0.1965  -0.8205  -0.0257  -0.0311
  0.0660   0.5937  -0.2309  -0.8147   0.0023  -0.0389
  0.0685   0.4991  -0.2179  -0.3619   0.0002  -0.0730
  0.0643   0.5270  -0.2033  -0.9435   0.0146  -0.0083
  0.0664   0.5065  -0.2105  -1.0391   0.0104   0.0008
  0.0701   0.4961  -0.2038  -1.0352   0.0097   0.0175
  0.0894   0.4837  -0.2137  -1.0370   0.0157   0.0256
  0.0739   0.4933  -0.2262  -1.0676   0.0081   0.0360
  0.0615   0.4989  -0.2113  -1.0903   0.0043   0.0277
  0.0762   0.5075  -0.2198  -1.0789   0.0045   0.0345
  0.0770   0.5111  -0.2227  -1.0855   0.0097   0.0356
  0.0804   0.5086  -0.2275  -1.1096   0.0109   0.0303
  0.0682   0.5194  -0.2442  -1.1486  -0.0001   0.0197
  0.0628   0.5327  -0.2503  -1.1504   0.0034   0.0096
  0.0640   0.5347  -0.2525  -1.1491   0.0049   0.0115
  0.0733   0.5193  -0.2523  -1.1338   0.0074   0.0321
  0.0814   0.4963  -0.2518  -1.1032   0.0050   0.0589
  0.0844   0.4859  -0.2456  -1.0899   0.0041   0.0703
  0.0772   0.4995  -0.2557  -1.0876  -0.0029   0.0583
  0.0821   0.5081  -0.2525  -1.0948   0.0021   0.0521
  0.0920   0.5059  -0.2548  -1.0887   0.0048   0.0604
  0.0877   0.4912  -0.2515  -1.0726   0.0073   0.0677
  0.0777   0.4870  -0.2509  -1.0784   0.0016   0.0678
  0.0848   0.4903  -0.2490  -1.0688   0.0005   0.0737
  0.0975   0.4835  -0.2519  -1.0554   0.0136   0.0711
  0.0552   0.5860  -0.2429  -1.1505  -0.0066   0.0637
  0.0867   0.6087  -0.2813  -1.1557   0.0138   0.0642
  0.0088   0.6309  -0.1295  -1.1839  -0.0107   0.0512
 -0.0033   0.6776  -0.0946  -1.1982  -0.0088   0.0664
 -0.0045   0.6414  -0.1115  -1.1663  -0.0053   0.0892
 -0.0061   0.6070  -0.1320  -1.1191  -0.0133   0.1149
  0.0318   0.6645  -0.1748  -1.1776   0.0002   0.0564
 -0.0329   0.5949  -0.0410  -1.1160  -0.0155   0.1036
 -0.0218   0.7964  -0.0424  -1.2892   0.0072   0.0394
  0.0012   0.9843  -0.0963  -1.4251  -0.0041  -0.0361
  0.0140   0.8592  -0.1389  -1.3398  -0.0092  -0.0024
  0.0323   0.8279  -0.1502  -1.3004  -0.0145   0.0134
  0.0326   0.7888  -0.1374  -1.2669  -0.0125   0.0181
  0.0546   0.7793  -0.1692  -1.3370  -0.0018   0.0291
  0.0318   0.7737  -0.0943  -1.8641   0.0224   0.0767
  0.0324   0.6454  -0.0735  -0.9815  -0.0043  -0.0349
  0.0382   0.5793  -0.0767  -0.6760  -0.0026  -0.0435
  0.0440   0.5883  -0.0206  -0.6380   0.0102  -0.0335
  0.0270   0.8166   0.1921  -0.7908   0.0603  -0.0065
  0.0166   0.6163   0.1114  -0.6031   0.0300   0.0360
  0.0433   0.5619   0.0636  -0.5457   0.0371   0.0333
  0.0616   0.4712   0.0041  -0.4684   0.0457   0.0392
  0.0863   0.4135   0.0090  -1.3164   0.0650   0.1817
  0.0545   0.3090  -0.0080  -0.7159   0.0568   0.0801
  0.0550   0.2625   0.0232  -0.4363   0.0669   0.0632
  0.0511   0.2032   0.0210  -0.3963   0.0614   0.0568
  0.0476   0.1700  -0.0110  -0.3593   0.0461   0.0631
  0.0452   0.1458  -0.0131  -0.3288   0.0471   0.0502
  0.0582   0.1483  -0.0055  -0.3485   0.0380   0.0571
  0.0620   0.1290  -0.0083  -0.3562   0.0380   0.0473
  0.0579   0.1126  -0.0112  -0.3381   0.0367   0.0447
  0.0335   0.0876   0.0029  -0.4622   0.0311   0.0623
 -0.0135  -0.0752   0.0332  -0.7125   0.0446   0.1001
 -0.0014  -0.0673   0.0131  -0.6211   0.0449   0.0826
  0.0246  -0.1044   0.0104  -0.5108   0.0434   0.0849
  0.0461  -0.1339   0.0050  -0.4839   0.0428   0.1080
  0.0371  -0.1406   0.0118  -0.5484   0.0411   0.1352
  0.0496  -0.1756  -0.0135  -0.6606   0.0382   0.1276
  0.0152  -0.2398   0.0106  -0.0861   0.0131   0.0531
  0.0405  -0.2656   0.0573  -0.3233   0.0270   0.0499
  0.0372  -0.2677   0.0545  -0.2585   0.0261   0.0653
  0.0349  -0.2713   0.0524  -0.2305   0.0274   0.0900
  0.0320  -0.2679   0.0520  -0.2362   0.0277   0.0912
  0.0118  -0.3687   0.0958  -1.1243   0.0456   0.2391
  0.0379  -0.3231   0.0986  -0.5935   0.0345   0.1083
  0.0346  -0.3081   0.1014   0.1250   0.0216   0.0465
  0.0267  -0.3273   0.1034   0.2533   0.0262   0.0384
  0.0208  -0.3619   0.1212   0.2849   0.0252   0.0450
  0.0282  -0.3771   0.1188   0.3385   0.0299   0.0405
  0.0237  -0.3996   0.1228   0.3594   0.0317   0.0385
  0.0241  -0.3896   0.1161   0.3491   0.0318   0.0334
  0.0281  -0.3872   0.1247   0.3687   0.0314   0.0044
  0.0301  -0.3908   0.1221   0.4242   0.0283   0.0140
  0.0311  -0.3938   0.1415   0.1549   0.0485   0.0629
  0.0357  -0.3854   0.1538   0.0531   0.0430   0.0542
  0.0256  -0.3909   0.1661   0.0410   0.0432   0.0577
 -0.0195  -0.3887   0.1813   0.1585   0.0363   0.0325
  0.0059  -0.3618   0.1801  -0.0608   0.0432   0.0514
  0.0184  -0.3630   0.1769  -0.0710   0.0541   0.0667
  0.0251  -0.3362   0.1665  -0.0770   0.0482   0.0761
  0.0475  -0.3035   0.1540  -0.0754   0.0468   0.0376
  0.0327  -0.1245   0.0958  -0.2484   0.0444  -0.0115
  0.0214  -0.1333   0.1249  -0.1986   0.0414  -0.0256
  0.0519  -0.1685   0.1342  -0.1296   0.0387  -0.0801
  0.0112  -0.2164   0.1249  -0.0209   0.0492  -0.0292
  0.0480  -0.2861   0.1636   0.0165   0.0575   0.0063
  0.0552  -0.2786   0.1725  -0.1149   0.0752   0.0389
  0.0575  -0.3783   0.1974  -0.1770   0.0921   0.0654
  0.0421  -0.4573   0.2232   0.6757   0.0711   0.0233
  0.0450  -0.4953   0.2226   0.6991   0.0683   0.0200
  0.0403  -0.4777   0.2288   0.7048   0.0688   0.0212
  0.0658  -0.4828   0.2355   0.8011   0.0795   0.0311
  0.0582  -0.4811   0.2257   0.7646   0.0741   0.0144
  0.0374  -0.4671   0.2362   0.7264   0.0639   0.0116
  0.0544  -0.3927   0.2672   0.4036   0.0600   0.0050
  0.0703  -0.3962   0.2180   0.5441   0.0721  -0.0036
  0.0707  -0.5169   0.3450   1.0969   0.0773  -0.0019
  0.0382  -0.6621   0.2934   1.3614   0.0518   0.0319
  0.0332  -0.5913   0.2570   0.9747   0.0712   0.0485
  0.0146  -0.5968   0.2476   1.0402   0.0499   0.0286
  0.0411  -0.4757   0.1785   0.7801   0.0343   0.0017
  0.0812  -0.3440   0.1466   0.6158   0.0293  -0.0633
  0.0360  -0.4690   0.2557   1.1019   0.0490  -0.0863
  0.0313  -0.5526   0.2357   1.2740   0.0328  -0.1053
  0.0368  -0.5602   0.2329   1.3136   0.0322  -0.1005
  0.0754  -0.6174   0.2594   1.4315   0.0433  -0.0871
  0.0552  -0.6200   0.2514   1.4263   0.0387  -0.0729
  0.0346  -0.6169   0.2488   1.4272   0.0331  -0.0763
  0.0391  -0.6054   0.2453   1.4181   0.0384  -0.1008
 -0.1734  -0.5328   0.0151   1.5673  -0.0966  -0.1036
 -0.4235  -0.4330  -0.3722   1.8102  -0.2831  -0.1473
 -0.1928  -0.4745  -0.0200   1.2921  -0.1041  -0.0913
 -0.1700  -0.4640  -0.0845   1.5785  -0.0773  -0.0845
 -0.0573  -0.6220   0.0315   1.6688  -0.0255  -0.0765
 -0.0522  -0.7486   0.0626   1.6258  -0.0228  -0.0511
 -0.0624  -0.8145   0.0351   1.6210  -0.0343  -0.0335
 -0.0652  -0.8349   0.0368   1.6490  -0.0335  -0.0263
 -0.0623  -0.8356   0.0386   1.6580  -0.0259  -0.0368
 -0.0785  -0.7907   0.0611   1.6416  -0.0300  -0.0440
 -0.0907  -0.7923   0.0729   1.6226  -0.0425  -0.0628
 -0.0920  -0.7754   0.0682   1.6223  -0.0509  -0.0654
 -0.1221  -0.7996   0.0740   1.7560  -0.0584  -0.0589
 -0.1409  -0.7313   0.0548   1.2805  -0.0585  -0.0440
 -0.1266  -0.7319   0.1093   1.2009  -0.0557  -0.0531
 -0.1207  -0.7675   0.0890   1.6849  -0.0711  -0.0862
 -0.1196  -0.7892   0.0814   1.6930  -0.0621  -0.0829
 -0.1221  -0.8033   0.0797   1.7486  -0.0647  -0.0923
 -0.1207  -0.8058   0.0719   1.7582  -0.0790  -0.0933
 -0.0969  -0.8005   0.0721   1.7683  -0.0825  -0.1091
 -0.1261  -0.7624   0.1273   1.9048  -0.0734  -0.1331
 -0.1253  -0.7194   0.1715   1.4274  -0.0408  -0.1233
 -0.0454  -0.7014   0.1560   0.9800  -0.0353  -0.1277
 -0.0748  -0.7189   0.0892   1.5059  -0.0404  -0.1161
 -0.0855  -0.7587   0.0987   1.5941  -0.0376  -0.0895
 -0.1321  -0.8247   0.0741   1.7379  -0.0357  -0.0275
 -0.1119  -0.7071   0.1370   1.7119   0.0096   0.1127
 -0.0423  -0.7581   0.2207   1.7158   0.0106   0.0356
 -0.0546  -0.7522   0.2062   1.5197  -0.0154  -0.0492
 -0.0695  -0.7988   0.2511   1.5665  -0.0268  -0.0501
 -0.0982  -0.8173   0.2634   1.6065  -0.0317  -0.0257
 -0.2317  -0.8625  -0.0641   1.6819  -0.1710  -0.0171
 -0.3556  -0.8330   0.0250   1.7046  -0.2001  -0.0044
 -0.3951  -0.6720   0.2696   1.9750  -0.1454   0.0430
 -0.4469  -0.7599   0.6759   1.9684  -0.1091   0.0628
 -0.4590  -0.7438   0.5450   1.9255  -0.1269   0.0335
 -0.4664  -0.7482   0.5163   1.9568  -0.1373   0.0289
 -1.3954  -1.2926   0.9869   2.4890  -0.3839   0.0279
 -1.1822  -1.0526   0.7449   2.2829  -0.3528   0.0696
