 -0.0096  -0.2220  -0.1344   0.1320  -0.0170   0.0657
 -0.0097  -0.1836  -0.1951   0.0707  -0.0037   0.0297
 -0.0122  -0.2276  -0.1739  -0.2229  -0.0522   0.0121
 -0.0266  -0.1680  -0.1460  -0.0834  -0.0410   0.0797
 -0.0355  -0.1859  -0.1559  -0.3111  -0.0504   0.0003
 -0.0228  -0.2408  -0.0958   0.0420  -0.0319   0.0749
  0.0950  -0.4860  -0.0064   0.4885   0.0420   0.1324
  0.0318  -0.3044  -0.0607   0.1692   0.0195   0.0009
  0.0391  -0.2196  -0.0158  -0.0388  -0.0294   0.0859
  0.0033  -0.2174  -0.0359  -0.2551  -0.0683   0.0466
 -0.0019  -0.2810  -0.0516  -0.2840  -0.0654   0.0157
 -0.0385  -0.1552  -0.0265  -0.0434  -0.0986   0.1204
 -0.0695  -0.0903  -0.1416  -0.0203  -0.0631   0.0444
 -0.0077  -0.1835  -0.1385   0.0811  -0.0208   0.0828
  0.0052  -0.2918  -0.0763   0.0231  -0.0340   0.0595
  0.0363  -0.2574  -0.1362  -0.1984  -0.0264   0.0177
  0.0333  -0.2065  -0.1623  -0.0940  -0.0146   0.1087
  0.0342  -0.1763  -0.1546  -0.3320  -0.0365  -0.0018
  0.0522  -0.1735  -0.1250  -0.3174  -0.0434   0.0574
  0.0282  -0.3010  -0.2459   0.0998   0.0821   0.1422
  0.0086  -0.1534  -0.1414   0.0380   0.0366   0.0235
  0.0447  -0.1731  -0.1723  -0.0526   0.0430  -0.0077
  0.0223  -0.1337  -0.1812   0.0415   0.0540   0.0859
  0.0783  -0.1236  -0.0991   0.0237   0.0185   0.0964
  0.0675  -0.1252  -0.1422  -0.2477   0.0191   0.0138
  0.0611  -0.1990  -0.1067   0.3735   0.0856   0.1284
  0.0240  -0.2734  -0.2397   0.0932  -0.0261   0.0768
  0.0361  -0.2847  -0.2797   0.0206  -0.0107   0.0181
  0.0863  -0.3500  -0.0894   0.0735   0.0272   0.0752
  0.0492  -0.4707  -0.1887   0.0344   0.0206   0.0522
  0.0823  -0.4064  -0.1124   0.0186   0.0189   0.0189
  0.0817  -0.3105  -0.0486   0.0365   0.0067   0.1183
  0.0565  -0.3278  -0.1276   0.0388   0.0136   0.0358
  0.0652  -0.2552  -0.1029  -0.0963  -0.0121   0.0159
  0.0926  -0.2542  -0.0366   0.0566   0.0031   0.1119
  0.0705  -0.2958  -0.1255  -0.1768   0.0099   0.0215
  0.0859  -0.2840  -0.1480  -0.2289   0.0164   0.0614
  0.0753  -0.2885  -0.1346  -0.0321   0.0063   0.0892
  0.0680  -0.2726  -0.1579  -0.0348   0.0219   0.0352
  0.0828  -0.3014  -0.0362   0.1382   0.0030   0.1091
  0.0644  -0.2908  -0.0746  -0.1241  -0.0220   0.0071
 -0.0278  -0.3611  -0.1726   0.2669   0.0019   0.0839
  0.0081  -0.5015  -0.0702   0.2866  -0.0185   0.0557
  0.0674  -0.4681  -0.0961   0.2720   0.0517   0.0552
  0.0922  -0.3954  -0.0627   0.1502   0.0274   0.0920
  0.0926  -0.3586  -0.0710  -0.2195   0.0014   0.0063
  0.1140  -0.3739  -0.0897   0.0520   0.0512   0.0909
  0.0824  -0.3523  -0.0526   0.0406   0.0043   0.0575
  0.0879  -0.3301  -0.0541  -0.2497  -0.0098  -0.0018
  0.0401  -0.1152  -0.0193   0.0158  -0.0103   0.0864
  0.0800  -0.2427  -0.0782  -0.1005  -0.0086   0.0418
  0.0766  -0.2803  -0.1031  -0.1118   0.0209   0.0292
  0.0742  -0.3036  -0.0865   0.2953   0.0798   0.1642
  0.0936  -0.3948  -0.0908   0.3051   0.0795   0.0493
  0.1015  -0.3777  -0.0881   0.1367   0.0671   0.0276
  0.0970  -0.3660  -0.0468   0.2881   0.0225   0.0815
  0.0828  -0.4237  -0.0560   0.0652   0.0060  -0.0010
  0.1010  -0.3697  -0.0394   0.3670   0.0500   0.0993
  0.1347  -0.4001  -0.0057   0.2039   0.0722   0.0244
  0.1414  -0.3688  -0.0432   0.4739   0.1039   0.1016
  0.1421  -0.4423  -0.0016   0.1976   0.0596   0.0327
  0.1861  -0.8475  -0.1926  -0.0376   0.0889   0.0591
  0.1013  -0.7806  -0.3241   0.0312   0.0834   0.0238
  0.0421  -0.5589  -0.3032   0.0490   0.1160   0.0413
  0.0288  -0.3276  -0.1693   0.0540   0.0615   0.0682
  0.0669  -0.3780  -0.1923  -0.0136   0.0512   0.0001
  0.0559  -0.3597  -0.2209  -0.0490   0.0535  -0.0062
  0.0551  -0.2426  -0.0073  -0.0417  -0.0141   0.1034
  0.0313  -0.1188   0.1040  -0.2304  -0.0119   0.0304
  0.0133  -0.0362   0.1162  -0.2512  -0.0098  -0.0171
  0.0088  -0.0330   0.1821  -0.2728  -0.0396   0.0168
  0.0454  -0.0347   0.1211  -0.2018  -0.0145  -0.0063
  0.0175   0.0095   0.0578  -0.0785   0.0212   0.0529
  0.0380  -0.0181   0.0690  -0.2102   0.0078  -0.0293
  0.0132   0.0103   0.1614  -0.0476  -0.0060   0.0358
  0.0035  -0.0298   0.1368  -0.0787  -0.0414  -0.0039
  0.0151  -0.1128   0.0782  -0.1436  -0.0128  -0.0334
  0.0301  -0.1159   0.1005  -0.0427  -0.0085   0.0345
  0.0389  -0.2407   0.0652   0.0590   0.0236   0.0388
  0.0448  -0.2340  -0.0512   0.0421   0.0630  -0.0278
  0.0372  -0.1129  -0.0358   0.0395   0.0700  -0.0129
  0.0554  -0.0238  -0.0113   0.5058   0.1358   0.1160
  0.0536  -0.0572  -0.0086   0.2436   0.1015   0.0013
  0.0438   0.0022  -0.0898   0.1318   0.1058  -0.0301
  0.0469  -0.1415  -0.1408   0.6881   0.2462   0.0847
  0.0710  -0.1432  -0.0252   0.5884   0.1698   0.0475
  0.0714  -0.1394  -0.0053   0.3147   0.1424  -0.0242
  0.0820  -0.0430   0.0483   0.2186   0.1597   0.0393
  0.0455  -0.0309  -0.0502   0.2334   0.0984  -0.0036
  0.0454   0.0107  -0.0382   0.2116   0.1284  -0.0268
  0.0584   0.1084  -0.0894   0.1428   0.1083   0.0353
  0.0388   0.0938  -0.1507  -0.0461   0.0904  -0.0507
  0.0429   0.0637  -0.1336  -0.0439   0.1023  -0.0140
  0.0676  -0.0340   0.0125   0.0668   0.0664   0.0347
  0.0748   0.0066   0.0580  -0.0034   0.0459  -0.0398
  0.0828  -0.0105   0.0733  -0.0470   0.0276  -0.0362
  0.0851   0.0448   0.0686  -0.0575   0.0431   0.0362
  0.0613   0.0230   0.0299   0.0166   0.0627   0.0516
  0.0789  -0.0031   0.0164  -0.0430   0.0593  -0.0463
  0.0869   0.0030   0.0534  -0.0659   0.0537  -0.0438
  0.0415   0.1527   0.0770  -0.0798   0.0283   0.0401
  0.1092   0.1449   0.1976  -0.1241   0.0572  -0.0189
  0.0682   0.1277   0.1011  -0.2116   0.0469  -0.0335
  0.0242   0.0686   0.0824   0.0535   0.0291   0.0427
  0.0577   0.0500   0.1678  -0.1338  -0.0129  -0.0748
  0.0504   0.1381   0.1618   0.0173   0.0272   0.0309
  0.0504   0.0864   0.1751   0.1412   0.0145   0.0375
  0.0536   0.0775   0.1760  -0.0476  -0.0098  -0.0608
  0.0511   0.1349   0.2146  -0.1028  -0.0118  -0.0320
  0.0598   0.2113   0.2102   0.0619   0.0085   0.0183
  0.0497   0.1381   0.1637  -0.1919  -0.0155  -0.0870
  0.0214   0.1426   0.1231  -0.2354  -0.0211  -0.0523
  0.0591   0.0851   0.1667   0.1396   0.0417   0.0170
  0.0594   0.0238   0.1850  -0.0271   0.0068  -0.0306
  0.0264   0.1022   0.0966  -0.1553  -0.0109   0.0035
  0.0352   0.1377   0.1394  -0.1157  -0.0172  -0.0285
  0.0120   0.1796   0.1107  -0.1033   0.0052  -0.0211
  0.0418   0.0877   0.1684  -0.0379  -0.0078   0.0279
  0.0328   0.0578   0.1332  -0.0734  -0.0015  -0.0496
  0.0146   0.1211   0.2113   0.1362   0.0170   0.0313
  0.0239   0.0919   0.1350  -0.0608   0.0316  -0.0696
  0.0049   0.1383   0.0927  -0.0866   0.0132  -0.0505
  0.0100   0.1885   0.1829   0.0221  -0.0208  -0.0002
  0.0092   0.1522   0.0809  -0.0368   0.0371  -0.0766
  0.0008   0.1557   0.1599   0.1094   0.0124   0.0119
 -0.0267   0.0389   0.2503  -0.0601  -0.0581  -0.0574
 -0.0908   0.2647   0.2287   0.1870   0.0014   0.0137
 -0.0461   0.4926   0.2358   0.0818  -0.0493   0.0094
 -0.0275   0.3776   0.2831   0.0023  -0.0606  -0.0899
 -0.0546   0.4075   0.2221   0.1638   0.0039   0.0078
 -0.0385   0.3876   0.2400   0.0649  -0.0369  -0.0638
 -0.0315   0.3927   0.2692   0.0847  -0.0283  -0.0869
 -0.0381   0.3681   0.2008   0.1668   0.0284  -0.0526
 -0.0555   0.4388   0.2289   0.2743  -0.0002   0.0088
 -0.0461   0.4528   0.2615   0.0306  -0.0380  -0.1009
 -0.0445   0.4729   0.2788  -0.0110  -0.0288  -0.0597
 -0.0566   0.5304   0.2472  -0.0270  -0.0283  -0.0649
 -0.0610   0.5239   0.2361   0.0334  -0.0340  -0.1209
 -0.0461   0.5096   0.2548  -0.0186  -0.0467  -0.1067
 -0.0211   0.4722   0.2632   0.0324  -0.0165  -0.0105
 -0.0092   0.4718   0.2385   0.1560  -0.0397   0.0406
  0.0229   0.3233   0.0434  -0.0394   0.0382  -0.0847
 -0.0167   0.4345   0.1101  -0.1731  -0.0297  -0.1021
 -0.0065   0.4642   0.1596   0.0035  -0.0110  -0.0049
  0.0136   0.3615   0.1677  -0.2014  -0.0247  -0.1222
 -0.0189   0.4419   0.1912  -0.0418  -0.0110  -0.0447
 -0.0287   0.3583   0.1090   0.2686   0.0398  -0.0316
 -0.0161   0.2619   0.1285   0.1431   0.0202  -0.1325
 -0.0184   0.4329   0.0990   0.0200   0.0308  -0.0606
 -0.0177   0.4512   0.0052  -0.2361  -0.0179  -0.1303
 -0.0328   0.4249  -0.0083  -0.1985  -0.0148  -0.1471
 -0.0434   0.4691   0.0043  -0.1834   0.0035  -0.0478
 -0.0220   0.4249   0.0773  -0.0822   0.0138  -0.0947
 -0.0338   0.5110   0.0569  -0.2831  -0.0235  -0.1584
 -0.0362   0.4979   0.0277  -0.1862  -0.0278  -0.0585
 -0.0352   0.3905  -0.1256  -0.2841   0.0001  -0.1341
 -0.5392   0.0654  -0.0216   0.0211  -0.4267  -0.0404
 -0.6732  -0.2385   0.0015   0.1665  -0.4527  -0.0296
 -0.2538   0.2000  -0.0027   0.3684  -0.0909   0.0132
 -0.2346   0.2617   0.0909   0.0939  -0.2180   0.0071
 -0.4010   0.1315  -0.0583   0.0371  -0.2137  -0.0392
 -0.6523  -0.2596  -0.2778   0.1666  -0.3822  -0.0202
 -0.3646   0.2907  -0.0307  -0.1995  -0.1952  -0.0041
 -0.2755   0.2591   0.0770  -0.1927  -0.2007  -0.0540
 -0.2100   0.2663   0.0426  -0.4190  -0.1488  -0.1022
 -0.1686   0.3642   0.0612  -0.2060  -0.1634   0.0140
 -0.1670   0.4561   0.0248  -0.1934  -0.1517  -0.0259
 -0.1599   0.4042  -0.0357  -0.3274  -0.1296  -0.1299
 -0.1596   0.4447  -0.0235  -0.2496  -0.0636  -0.0772
 -0.1320   0.3404  -0.1392   0.0868   0.0258  -0.0452
 -0.1018   0.3683  -0.2946  -0.1309   0.0494  -0.1215
 -0.0886   0.3569  -0.2331  -0.1329   0.0315  -0.0699
 -0.0738   0.3191  -0.1253   0.0527   0.0167  -0.0464
 -0.0815   0.2359  -0.2106  -0.0737   0.0400  -0.1164
 -0.1300   0.3203  -0.1305  -0.0508  -0.0266  -0.0356
 -0.1365   0.3453  -0.1314  -0.3085  -0.0875  -0.1322
 -0.0919   0.3123  -0.0813  -0.1206  -0.0075  -0.0830
 -0.0993   0.3332  -0.0672   0.0864   0.0014  -0.0215
 -0.0883   0.3010  -0.1118  -0.0752   0.0160  -0.1402
 -0.0875   0.3014  -0.1474  -0.0378   0.0356  -0.0977
