  0.1113  -0.1769   0.1593  -0.2205   0.0322   0.4251
  0.1543  -0.2761   0.1231  -0.1596  -0.0155   0.3491
  0.1391  -0.2404   0.0097  -0.0355  -0.0330   0.1965
  0.1825  -0.1901  -0.0112   0.0046   0.0304   0.1747
  0.1441  -0.2011   0.0276   0.0196   0.0095   0.1716
  0.1735  -0.2459   0.0220   0.0349   0.0138   0.1709
  0.1588  -0.2198   0.0249   0.0162   0.0090   0.1776
  0.1929  -0.0719   0.0255   0.0176   0.0029   0.1481
  0.0995   0.1307   0.0825  -0.0726  -0.0228   0.1355
  0.0614   0.1194   0.0916  -0.0937  -0.0220   0.1578
  0.0872   0.0669   0.0828  -0.0129   0.0060   0.1317
  0.1253  -0.0050   0.0763   0.0393   0.0057   0.1225
  0.1333  -0.0447   0.0896   0.0168   0.0228   0.1281
  0.1423  -0.0970   0.0778   0.0558   0.0249   0.1136
  0.1477  -0.0571   0.0774   0.0245   0.0398   0.1188
  0.1399  -0.0485   0.0734  -0.0222   0.0354   0.1441
  0.1294  -0.0864   0.0780  -0.0061   0.0373   0.1376
  0.1118  -0.0760   0.0793  -0.0053   0.0433   0.1403
  0.1183  -0.1141   0.0920  -0.0006   0.0330   0.1460
  0.1321  -0.1658   0.0943   0.0109   0.0437   0.1424
  0.1200  -0.1681   0.0855  -0.0278   0.0472   0.1618
  0.1320  -0.1295   0.0634  -0.0409   0.0415   0.1639
  0.1441  -0.1469   0.0496  -0.0525   0.0686   0.1664
  0.0799   0.0236   0.0521  -0.1080   0.0387   0.1832
  0.0990  -0.0359   0.0579  -0.0618   0.0343   0.1705
  0.0663   0.0337   0.0795  -0.0959   0.0172   0.1708
  0.0782   0.0579   0.0893  -0.1145   0.0249   0.1590
  0.1845   0.1499   0.1194  -0.1348   0.0635   0.1556
  0.1119  -0.0715   0.0894  -0.1772   0.0465   0.2085
  0.1517  -0.2363   0.0772  -0.1233   0.0980   0.2217
  0.1224  -0.2076   0.0748  -0.1349   0.0637   0.1887
  0.1260  -0.1469   0.0771  -0.1241   0.0617   0.1760
  0.1265  -0.1488   0.0850  -0.1295   0.0744   0.1825
  0.1279  -0.1346   0.0744  -0.1209   0.0948   0.1853
  0.1383  -0.1439   0.0596  -0.1174   0.0800   0.1804
  0.1556  -0.2657   0.0744  -0.0883   0.0549   0.2092
  0.0953  -0.1490   0.1101  -0.1366   0.0318   0.1914
  0.1352  -0.1486   0.1036  -0.1606   0.0751   0.1844
  0.1205  -0.1498   0.0958  -0.1652   0.0701   0.1977
  0.1164  -0.1467   0.0930  -0.1728   0.0735   0.1835
  0.0748  -0.1358   0.0786  -0.1464   0.0365   0.1758
 -0.0085  -0.1222   0.1246  -0.0826  -0.0488   0.1263
  0.0140  -0.2156   0.1122  -0.0440  -0.0038   0.1342
  0.1349  -0.2652   0.0681  -0.0648   0.0859   0.1472
  0.1288  -0.3010   0.0879  -0.0595   0.0999   0.1541
  0.1317  -0.3443   0.0792  -0.0702   0.0966   0.1700
  0.1449  -0.3837   0.0706  -0.0828   0.0970   0.1624
  0.1603  -0.2645   0.0659  -0.1073   0.0909   0.1620
 -0.0470  -0.2260   0.1959  -0.0934  -0.0616   0.1657
 -0.0122  -0.4378   0.2738  -0.0587  -0.0649   0.1640
  0.0997  -0.5037   0.1159  -0.0231   0.0238   0.1534
  0.0798  -0.5572   0.1706  -0.0075   0.0515   0.1615
  0.1194  -0.4268   0.0725  -0.0358   0.1093   0.1471
  0.1402  -0.2106   0.0484  -0.1007   0.0904   0.1331
  0.1345  -0.0567   0.0635  -0.1510   0.0624   0.1331
  0.1036   0.0301   0.0278  -0.1332   0.0473   0.0972
  0.1030   0.0575   0.0171  -0.1335   0.0482   0.0858
  0.1068  -0.0410   0.0294  -0.1352   0.0594   0.1109
  0.1035  -0.2763  -0.0252  -0.0591   0.0289   0.1067
  0.0681  -0.0939   0.0129  -0.0392  -0.0048   0.0622
  0.0651  -0.0495   0.0095  -0.0317   0.0150   0.0224
 -0.1818   1.4372   0.1967  -0.4975  -0.0499   0.0994
  0.0197   0.1442  -0.0059  -0.1160  -0.0077  -0.2115
 -0.0218   1.1300  -0.0340   0.1483  -0.0651  -0.1579
 -0.0056   0.7782  -0.0032   0.1201  -0.0534  -0.1580
  0.0383   0.4283   0.0131   0.1054   0.0049  -0.1311
  0.0613   0.4469   0.0416   0.1092   0.0297  -0.1312
  0.1065   0.4058  -0.0017   0.1287   0.0726  -0.1271
  0.0112   0.5065   0.0869   0.1017  -0.0168  -0.1336
  0.0692   0.5320   0.0089   0.0869  -0.0074  -0.1326
  0.0484   0.3724  -0.0273   0.1292  -0.0257  -0.1205
  0.0403   0.3435  -0.0274   0.1369  -0.0617  -0.1379
  0.0691   0.3372  -0.0356   0.1105  -0.0196  -0.1408
  0.0951   0.2802  -0.0254   0.1069   0.0362  -0.1358
  0.1478   0.2923  -0.0740   0.0968   0.0612  -0.1290
  0.0494   0.1910  -0.0135   0.1176  -0.0311  -0.1200
  0.0789   0.1804  -0.0318   0.0916   0.0255  -0.1148
  0.0737   0.1049  -0.0418   0.1101   0.0291  -0.1022
  0.0573   0.1569  -0.0332   0.1244   0.0048  -0.1265
  0.0830   0.4372  -0.0572   0.0994  -0.0264  -0.1565
  0.0691   0.3536  -0.0417   0.1223  -0.0210  -0.1571
  0.0703   0.3101  -0.0206   0.0971   0.0043  -0.1428
  0.0001   0.3105  -0.0139   0.0849  -0.0401  -0.1289
  0.0191   0.2979   0.0043   0.0759  -0.0345  -0.1306
  0.0305   0.3395  -0.0211   0.0679  -0.0059  -0.1230
  0.0374   0.3153  -0.0139   0.0876   0.0020  -0.1326
  0.0330   0.3008  -0.0194   0.0899   0.0116  -0.1424
  0.0315   0.3246  -0.0092   0.0890   0.0126  -0.1433
  0.0255   0.3177  -0.0022   0.0845  -0.0051  -0.1418
  0.0283   0.3031  -0.0016   0.0904   0.0037  -0.1272
  0.0262   0.2624  -0.0083   0.0852   0.0169  -0.1280
  0.0237   0.2367  -0.0142   0.0826   0.0270  -0.1252
  0.0225   0.2113   0.0145   0.0960   0.0169  -0.1276
  0.0174   0.1658   0.0133   0.0978   0.0112  -0.1238
  0.0106   0.1988  -0.0021   0.0955   0.0111  -0.1276
 -0.0027   0.1910  -0.0119   0.1005   0.0170  -0.1431
 -0.0175   0.1504  -0.0177   0.1027   0.0116  -0.1238
 -0.0177   0.1199  -0.0206   0.1067  -0.0037  -0.1146
 -0.0075   0.1350  -0.0114   0.0969  -0.0052  -0.1274
 -0.0080   0.1476  -0.0018   0.1079   0.0021  -0.1311
 -0.0160   0.0732  -0.0070   0.1226   0.0173  -0.1208
  0.0001   0.0540  -0.0036   0.1121   0.0125  -0.1154
  0.0338   0.0905  -0.0113   0.0656   0.0483  -0.1033
  0.0507   0.0855  -0.0330   0.0831   0.0643  -0.1207
  0.0313   0.0670  -0.0282   0.0869   0.0446  -0.1231
 -0.0099   0.0925  -0.0277   0.0861  -0.0014  -0.1251
 -0.0252   0.1135  -0.0228   0.0808  -0.0026  -0.1289
 -0.1405   0.1217   0.0047   0.0997  -0.0963  -0.1143
 -0.1368   0.0653   0.0369   0.0933  -0.0794  -0.0998
 -0.1701   0.0493   0.0305   0.0954  -0.0858  -0.0934
 -0.0796   0.0910   0.0160   0.0813  -0.0259  -0.1162
 -0.0425   0.0667  -0.0346   0.0747   0.0017  -0.1195
 -0.0844   0.0279  -0.0686   0.0460  -0.0230  -0.0949
 -0.0728   0.3590  -0.0425   0.0148  -0.0299  -0.1339
 -0.0811   0.2990  -0.0668  -0.0031  -0.0183  -0.1124
 -0.0731   0.2691  -0.0605   0.0315  -0.0139  -0.1230
 -0.0968   0.1345  -0.0601   0.0445  -0.0174  -0.0921
 -0.0994   0.1092  -0.0617   0.0837  -0.0168  -0.1094
 -0.0996   0.0462  -0.0546   0.0885  -0.0061  -0.1124
 -0.1079   0.0907  -0.0436   0.0719  -0.0084  -0.1170
 -0.1109   0.0898  -0.0458   0.0746  -0.0250  -0.1157
 -0.0775  -0.0137  -0.0714   0.0759   0.0140  -0.0966
 -0.0699  -0.0725  -0.1039   0.0951  -0.0089  -0.0923
 -0.0324  -0.1439  -0.1622   0.1115  -0.0064  -0.0873
 -0.0608   0.0209  -0.1022   0.0836  -0.0085  -0.1069
 -0.0496  -0.0352  -0.1188   0.1003   0.0147  -0.1087
 -0.0698  -0.1031  -0.1262   0.1145  -0.0014  -0.1093
 -0.0710  -0.1222  -0.1178   0.1136  -0.0060  -0.1071
 -0.0177  -0.1719  -0.1232   0.1232   0.0356  -0.0977
 -0.0193  -0.1487  -0.1168   0.1025   0.0255  -0.0882
 -0.0266  -0.0974  -0.1184   0.0815   0.0205  -0.0955
 -0.0696   0.0455  -0.1722   0.0905  -0.0228  -0.1202
 -0.0929   0.0079  -0.1258   0.0940  -0.0236  -0.1169
 -0.0873   0.0005  -0.1163   0.0873  -0.0365  -0.1041
 -0.0895  -0.0815  -0.1166   0.1171  -0.0120  -0.1060
 -0.1263  -0.0621  -0.1075   0.1025  -0.0877  -0.1057
 -0.1166  -0.0040  -0.1224   0.1401  -0.1066  -0.1251
 -0.1350  -0.0308  -0.1010   0.1963  -0.1237  -0.1493
 -0.1113  -0.0235  -0.1257   0.1978  -0.0633  -0.1472
 -0.2446  -0.0943  -0.0852   0.2064  -0.1282  -0.1324
 -0.2652  -0.1126  -0.0563   0.1912  -0.1388  -0.1259
 -0.2773  -0.1646  -0.0513   0.1948  -0.1373  -0.1191
 -0.2701  -0.1727  -0.0610   0.1981  -0.1426  -0.1209
 -0.2668  -0.1786  -0.0618   0.1940  -0.1368  -0.1251
 -0.2669  -0.2030  -0.0431   0.1592  -0.1363  -0.1107
 -0.2530  -0.2206  -0.0377   0.2106  -0.1514  -0.1231
 -0.1798  -0.1776  -0.0810   0.2099  -0.0945  -0.1363
 -0.1809  -0.1713  -0.0760   0.2064  -0.0914  -0.1405
 -0.1925  -0.1656  -0.0906   0.1947  -0.0889  -0.1360
 -0.2013  -0.1463  -0.0938   0.2197  -0.0855  -0.1496
 -0.1876  -0.1653  -0.0835   0.2501  -0.1049  -0.1609
 -0.1817  -0.1935  -0.0836   0.2535  -0.0945  -0.1724
 -0.1866  -0.1513  -0.0827   0.2149  -0.0930  -0.1608
 -0.2005  -0.1160  -0.0888   0.1687  -0.1060  -0.1447
 -0.1911  -0.1156  -0.0932   0.1782  -0.1067  -0.1463
 -0.2093  -0.0948  -0.0711   0.1822  -0.1124  -0.1406
 -0.2012  -0.0801  -0.0733   0.1945  -0.0950  -0.1558
 -0.1693  -0.0616  -0.0939   0.1773  -0.0681  -0.1513
 -0.1813  -0.0865  -0.1043   0.1693  -0.0876  -0.1496
 -0.1755  -0.1405  -0.1002   0.1944  -0.0820  -0.1346
 -0.1581  -0.1227  -0.1016   0.1877  -0.0864  -0.1465
 -0.1545  -0.0879  -0.0999   0.1701  -0.0848  -0.1543
 -0.1709  -0.0201  -0.0701   0.1281  -0.1003  -0.1492
 -0.1757  -0.0173  -0.1038   0.2056  -0.0780  -0.1740
 -0.1029  -1.1074   0.3345  -1.4751   0.3442   0.7040
  0.0282  -0.3538  -0.0008  -1.2923   0.0940   0.4119
  0.1229   0.1360  -0.0360  -0.6687   0.1431   0.2368
  0.0624   0.0583   0.0308  -0.4574   0.1593   0.1536
  0.0252   0.0397   0.0303  -0.3922   0.1236   0.1185
  0.0067   0.1635  -0.0054  -0.4083   0.0948   0.0956
  0.0024   0.2665  -0.0275  -0.4237   0.0845   0.0805
 -0.0019   0.0665  -0.0270  -0.3855   0.1109   0.0879
 -0.0374   0.0221   0.0360  -0.3713   0.0663   0.1015
 -0.1175  -0.0371   0.0436  -0.3668  -0.0229   0.1165
 -0.0655  -0.1763   0.1209  -0.3403   0.0020   0.1315
  0.0391  -0.2680  -0.1992  -0.3573   0.0648   0.1594
  0.0374  -0.2987  -0.0439  -0.3268   0.0054   0.1485
 -0.2771  -0.2205   0.2979  -0.2945  -0.1169   0.1590
 -0.1652  -0.3128  -0.1385  -0.3741  -0.0051   0.1709
 -0.0742  -0.6796   0.0752  -0.3050  -0.0247   0.2241
