 -0.0782   0.0427  -0.0881  -0.8157  -0.0545   0.4704
 -0.0474   0.0720  -0.1302  -0.7391  -0.1090   0.3801
  0.0008   0.0827  -0.1410  -0.7768  -0.0469   0.3723
 -0.0393   0.0320  -0.1298  -0.7704  -0.0898   0.3707
 -0.0500   0.0814  -0.1669  -0.7595  -0.0870   0.3589
 -0.0462   0.0210  -0.2790  -0.7480  -0.0796   0.3666
 -0.0770   0.1612  -0.2349  -0.7892  -0.1140   0.3167
 -0.0626   0.1564  -0.1644  -0.7826  -0.0974   0.3112
 -0.0734   0.1598  -0.1822  -0.8005  -0.0841   0.3280
 -0.0838   0.1649  -0.1528  -0.8084  -0.0848   0.3259
 -0.0365   0.1397  -0.1508  -0.8104  -0.0449   0.2953
 -0.0374   0.1614  -0.1454  -0.8530  -0.0607   0.3018
 -0.1295   0.2754  -0.0994  -0.9116  -0.0787   0.2945
 -0.0797   0.2667  -0.1573  -0.9213  -0.0798   0.3166
 -0.0602   0.2922  -0.1922  -0.9117  -0.0432   0.3247
 -0.0464   0.2196  -0.0722  -0.5371  -0.0934   0.2405
 -0.0579   0.2267  -0.0746  -0.5266  -0.0742   0.2410
 -0.0658   0.2351  -0.0858  -0.6050  -0.0786   0.2505
 -0.0669   0.2329  -0.0908  -0.6188  -0.0835   0.2437
  0.0204   0.2151  -0.1643  -0.6754  -0.0110   0.2467
 -0.0596   0.1436  -0.1346  -0.7005  -0.0716   0.2962
 -0.0881  -0.1991  -0.0798  -0.5301  -0.0972   0.2792
 -0.0407  -0.0878  -0.0520  -0.3015  -0.0808   0.1719
 -0.0033  -0.3054  -0.0312  -0.1758  -0.1089   0.2257
 -0.0133  -0.2237  -0.0052  -0.3779  -0.0878   0.2494
 -0.0898  -0.2657  -0.0258  -0.2780  -0.0729   0.1993
 -0.1679  -0.2591  -0.1662  -0.1373  -0.1559   0.0324
 -0.1315  -0.4927  -0.0102   0.4988  -0.1336   0.1197
 -0.0328  -0.1984  -0.0714   0.2331  -0.1011   0.0303
 -0.0803  -0.2823   0.0026   0.3508  -0.1243   0.0321
 -0.1025  -0.3020  -0.0241   0.4107  -0.1386   0.0254
 -0.1213  -0.2498  -0.0215   0.4037  -0.1352   0.0068
 -0.1126  -0.2392  -0.0128   0.3795  -0.1310   0.0096
 -0.1120  -0.2308  -0.0310   0.3801  -0.1250   0.0143
 -0.1044  -0.2481  -0.0001   0.3828  -0.1297   0.0108
 -0.1011  -0.2485   0.0032   0.3628  -0.1227   0.0050
 -0.0596  -0.2388  -0.0241   0.3182  -0.0778   0.0155
 -0.0862  -0.2455   0.0028   0.3320  -0.0990   0.0259
 -0.0828  -0.2419   0.0003   0.3323  -0.1033   0.0191
 -0.1050  -0.2245   0.0233   0.3076  -0.1181   0.0053
 -0.1750  -0.1377   0.0402   0.2665  -0.1188  -0.0033
 -0.1038  -0.1394   0.0444   0.2515  -0.0918  -0.0126
 -0.1017  -0.1447   0.0097   0.1982  -0.0762   0.0028
 -0.0758  -0.1739   0.0312   0.1297  -0.0383   0.0339
 -0.0600  -0.1541   0.0335   0.1965  -0.0562   0.0181
 -0.0714  -0.1506   0.0365   0.2285  -0.0613  -0.0097
 -0.0640  -0.1925   0.0338   0.2688  -0.0490  -0.0041
 -0.0733  -0.2046   0.0220   0.2596  -0.0648   0.0122
 -0.0587  -0.1770   0.0268   0.2640  -0.0495   0.0121
 -0.0584  -0.2154   0.0483   0.2947  -0.0244  -0.0068
 -0.0739  -0.1344   0.0217   0.2106  -0.0579  -0.0158
 -0.0310  -0.1035   0.0282   0.1774  -0.0202  -0.0394
 -0.0749  -0.1143   0.0382   0.1773  -0.0486  -0.0306
 -0.0456  -0.0977   0.0282   0.1803  -0.0088  -0.0277
 -0.0466  -0.1187   0.0195   0.2072  -0.0240  -0.0310
 -0.0554  -0.1365   0.0228   0.2143  -0.0307  -0.0294
 -0.0634  -0.1447   0.0318   0.2095  -0.0441  -0.0231
 -0.0704  -0.1504   0.0266   0.1921  -0.0427  -0.0101
 -0.0894  -0.1177   0.0339   0.1408  -0.0403   0.0039
 -0.0716  -0.1111   0.0233   0.1610  -0.0160  -0.0017
 -0.0242  -0.1191   0.0042   0.1613   0.0282  -0.0055
 -0.0619  -0.1345   0.0294   0.1744  -0.0127  -0.0008
 -0.0757  -0.1132   0.0402   0.1453  -0.0231  -0.0002
 -0.0807  -0.1248   0.0386   0.1778  -0.0312  -0.0135
 -0.0850  -0.1324   0.0260   0.1835  -0.0319  -0.0085
 -0.0780  -0.1512   0.0368   0.2065  -0.0335   0.0020
 -0.0792  -0.1562   0.0258   0.2139  -0.0163  -0.0038
 -0.0816  -0.1413   0.0285   0.2039  -0.0072  -0.0083
 -0.0671  -0.1430   0.0333   0.2054   0.0029  -0.0204
 -0.0369  -0.1469   0.0589   0.1976   0.0127  -0.0284
 -0.0505  -0.1539   0.0613   0.2051   0.0052  -0.0306
 -0.0607  -0.1499   0.0499   0.1938  -0.0005  -0.0254
 -0.0658  -0.1471   0.0334   0.1665   0.0005  -0.0284
 -0.0557  -0.1679   0.0256   0.1627   0.0002  -0.0139
 -0.0608  -0.1749   0.0142   0.1770   0.0023  -0.0106
 -0.1080  -0.1542   0.0548   0.1774  -0.0277  -0.0077
 -0.0953  -0.1598   0.0481   0.1792  -0.0169  -0.0145
 -0.0714  -0.1803   0.0322   0.1737  -0.0047  -0.0187
 -0.0150  -0.2089   0.0093   0.1699   0.0497  -0.0018
 -0.0917  -0.1973   0.0465   0.1715   0.0095   0.0229
 -0.1064  -0.1477   0.0476   0.1369   0.0036   0.0075
 -0.0202  -0.0719  -0.0265   0.0902   0.0527   0.0156
 -0.0561  -0.1430   0.0328   0.1574   0.0182   0.0087
 -0.0389  -0.1102   0.0121   0.1692   0.0117  -0.0120
 -0.0406  -0.0903  -0.0217   0.1471   0.0369  -0.0158
 -0.1480  -0.0518   0.0503   0.1287  -0.0121  -0.0164
 -0.1010  -0.0962   0.0425   0.1118   0.0102  -0.0041
 -0.0794  -0.0422   0.0177   0.0353   0.0548   0.0029
 -0.0387  -0.0741   0.0414   0.0498   0.0682   0.0111
 -0.0310  -0.0995   0.0346   0.0571   0.0651  -0.0065
 -0.0226  -0.0828   0.0048   0.0754   0.0776  -0.0180
 -0.0963  -0.0852   0.0426   0.0836   0.0261  -0.0155
 -0.0745  -0.1173   0.0431   0.1078   0.0223  -0.0127
 -0.0737  -0.1280   0.0164   0.1180   0.0170  -0.0075
 -0.0769  -0.1322   0.0174   0.1057   0.0207  -0.0072
 -0.0673  -0.1681   0.0179   0.1135   0.0301  -0.0017
 -0.0826  -0.1511   0.0532   0.0902   0.0459   0.0043
 -0.0775  -0.1824   0.0289   0.1177   0.0649   0.0306
 -0.0770  -0.1531   0.0509   0.0785   0.0410   0.0253
 -0.0510  -0.1559   0.0237   0.0566   0.0613   0.0247
 -0.0773  -0.3222   0.0273   0.1304   0.0328   0.0437
 -0.0720  -0.1902  -0.0066   0.1132   0.0368   0.0059
 -0.1279  -0.2206   0.0480   0.1099  -0.0064   0.0190
 -0.1623  -0.2396   0.0634   0.1300  -0.0206   0.0240
 -0.1296  -0.2702  -0.0111   0.1344  -0.0020   0.0248
 -0.0721  -0.2773  -0.0935   0.1333   0.0479   0.0195
 -0.1084  -0.2555  -0.0235   0.1189   0.0011   0.0221
 -0.1019  -0.2551   0.0143   0.1009   0.0014   0.0153
 -0.1093  -0.2607   0.0163   0.1245   0.0046   0.0262
 -0.1128  -0.2446   0.0207   0.1292   0.0103   0.0200
 -0.1057  -0.2514   0.0244   0.1214  -0.0004   0.0251
 -0.1146  -0.2554   0.0096   0.1188   0.0077   0.0192
 -0.1190  -0.2569   0.0183   0.1245   0.0028   0.0165
 -0.1289  -0.2375   0.0126   0.1188  -0.0012   0.0137
 -0.1333  -0.2160   0.0046   0.1219   0.0029   0.0209
 -0.1318  -0.2015   0.0197   0.1243  -0.0024  -0.0003
 -0.1316  -0.2083   0.0208   0.1347   0.0021   0.0029
 -0.1270  -0.2396   0.0350   0.1249  -0.0062   0.0059
 -0.1250  -0.2395   0.0435   0.1136  -0.0011   0.0033
 -0.1295  -0.2346   0.0432   0.1248  -0.0024   0.0116
 -0.1320  -0.2266   0.0358   0.1039   0.0037   0.0169
 -0.1236  -0.2223   0.0396   0.1128   0.0075   0.0155
 -0.1203  -0.2226   0.0383   0.1023   0.0057   0.0165
 -0.1248  -0.2256   0.0408   0.0698   0.0021   0.0191
 -0.0336  -0.1976   0.0129   0.0495   0.0844   0.0116
 -0.0700  -0.2156   0.0051   0.0383   0.0496   0.0323
 -0.0865  -0.2020   0.0339   0.0397   0.0397   0.0341
 -0.0689  -0.2065   0.0035   0.0374   0.0547   0.0269
 -0.0852  -0.1731   0.0063   0.0379   0.0251  -0.0038
 -0.0808  -0.1221  -0.0110   0.0202   0.0475  -0.0252
 -0.1206  -0.1263   0.0422   0.0297   0.0186   0.0055
 -0.1022  -0.2433  -0.0087   0.0868   0.0748   0.0281
 -0.0875  -0.2073   0.0284   0.0790   0.0362   0.0215
 -0.0891  -0.2197   0.0219   0.0770   0.0312   0.0039
  0.0856   1.6493  -0.1408  -0.3587  -0.0167  -0.4602
 -0.1431   0.3767   0.0077  -0.0200  -0.0201  -0.0583
 -0.1391  -0.1633  -0.0484   0.1263   0.0003  -0.0177
 -0.1073  -0.1309  -0.0472   0.0634   0.0334  -0.0257
 -0.1033  -0.1005  -0.0615   0.0452   0.0226  -0.0319
 -0.1502  -0.1137  -0.0085   0.0165  -0.0004  -0.0327
 -0.1875  -0.0463   0.0177   0.0052  -0.0133  -0.0380
 -0.1551   0.0101   0.0340  -0.0237   0.0307  -0.0202
 -0.1544  -0.0430   0.0252   0.0017  -0.0077  -0.0317
 -0.1515   0.0308   0.0480   0.0219  -0.0065  -0.0542
 -0.1912  -0.0441   0.0342  -0.2396   0.0066   0.0707
 -0.3610  -0.6552   0.0448  -0.3300   0.0609   0.2529
  0.3697   1.0818  -0.5957  -0.9822   0.0666   0.0525
  0.4219   0.6367   0.0114   0.0001   0.1328  -0.2937
  0.3975   0.4750  -0.0110   0.0610   0.1134  -0.2232
  0.4226   0.5434  -0.0215  -0.0175   0.1167  -0.2483
  0.4189   0.5398   0.0116   0.0148   0.1310  -0.2684
  0.4080   0.5505   0.0128   0.0502   0.1291  -0.2796
  0.4648   0.5997   0.0086   0.0108   0.1557  -0.2700
  0.4172   0.5661   0.0537   0.0152   0.1127  -0.2661
  0.4047   0.5806   0.0479   0.0027   0.1314  -0.2743
  0.4114   0.5511   0.0634  -0.0009   0.1277  -0.2584
  0.4154   0.5265   0.0529   0.0207   0.1244  -0.2651
  0.4102   0.5250   0.0472   0.0255   0.1232  -0.2629
  0.4021   0.4975   0.0302   0.0182   0.1251  -0.2545
  0.3979   0.5011   0.0170   0.0279   0.1250  -0.2613
  0.4114   0.5214   0.0470  -0.0014   0.1331  -0.2650
  0.4040   0.5188   0.0656   0.0111   0.1122  -0.2536
  0.3703   0.4355   0.0228   0.1727   0.0701  -0.2763
  0.3857   0.4082   0.0539   0.2015   0.0774  -0.2914
  0.3350   0.5397   0.0589   0.0653   0.1074  -0.2641
  0.2853   0.5530   0.0867   0.0372   0.0834  -0.2567
  0.3867   0.5558   0.0274  -0.0795   0.1284  -0.2372
  0.3773   0.5868   0.0310  -0.0583   0.0852  -0.2497
  0.3629   0.5969   0.0187  -0.0425   0.0861  -0.2585
  0.3563   0.5961   0.0236  -0.0299   0.0783  -0.2507
  0.3640   0.5821   0.0446  -0.0208   0.0638  -0.2693
  0.3696   0.5756   0.0418   0.0001   0.0736  -0.2690
  0.3954   0.4763   0.0361   0.0568   0.0867  -0.2576
  0.4024   0.4029   0.0765   0.1854   0.0873  -0.2721
  0.4329   0.5176   0.0730  -0.0627   0.1178  -0.2327
  0.4134   0.5965   0.0706  -0.0774   0.0797  -0.2495
  0.3761   0.6074   0.0787  -0.0876   0.0577  -0.2413
  0.3543   0.5949   0.0368  -0.0800   0.0574  -0.2472
  0.3573   0.5685   0.0675  -0.0443   0.0429  -0.2514
  0.3584   0.5915   0.0663  -0.0524   0.0456  -0.2453
