  0.0458  -0.4097  -0.1831   0.3500  -0.1249   0.2034
  0.0470  -0.3874  -0.1890   0.3412  -0.1055   0.1668
  0.0282  -0.5900  -0.1772   0.4520  -0.1177   0.2362
  0.0322  -0.5312  -0.1222   0.5362  -0.1700   0.2100
  0.0431  -0.4654  -0.1281   0.5251  -0.1904   0.2419
  0.0419  -0.4989  -0.1605   0.5866  -0.1890   0.2085
  0.0475  -0.4278  -0.1481   0.4710  -0.1714   0.2224
  0.0510  -0.5073  -0.1791   0.5869  -0.1638   0.1953
  0.0534  -0.4814  -0.1674   0.5446  -0.1648   0.2117
  0.0556  -0.4771  -0.1869   0.5908  -0.1719   0.2266
  0.0436  -0.4146  -0.1665   0.5118  -0.1828   0.2335
  0.0398  -0.4588  -0.1689   0.5742  -0.1900   0.2140
  0.0228  -0.4974  -0.1480   0.6323  -0.2213   0.2649
  0.0424  -0.4630  -0.1511   0.5621  -0.2068   0.2397
  0.0437  -0.4761  -0.1770   0.6242  -0.1907   0.2395
  0.0321  -0.4765  -0.1805   0.5991  -0.1974   0.2511
  0.0264  -0.4709  -0.1793   0.6044  -0.1928   0.2438
  0.0270  -0.4965  -0.1885   0.6150  -0.1840   0.2390
  0.0218  -0.4579  -0.1629   0.5446  -0.1866   0.2467
  0.0334  -0.4623  -0.1729   0.5491  -0.1843   0.2164
  0.0350  -0.5290  -0.1879   0.6317  -0.2121   0.2401
  0.0365  -0.4966  -0.1907   0.5813  -0.2126   0.2320
  0.0420  -0.4807  -0.1943   0.5460  -0.2026   0.2261
  0.0415  -0.5135  -0.2075   0.6186  -0.2075   0.2257
  0.0376  -0.4720  -0.1973   0.5635  -0.2010   0.2408
  0.0278  -0.4656  -0.1850   0.5970  -0.2312   0.2301
  0.0322  -0.4769  -0.1954   0.5853  -0.2248   0.2281
  0.0308  -0.4698  -0.1882   0.5877  -0.2098   0.2242
  0.0323  -0.4493  -0.1925   0.5483  -0.2054   0.2177
  0.0093  -0.4460  -0.1840   0.6319  -0.2244   0.2298
 -0.0016  -0.3842  -0.1454   0.5812  -0.2212   0.2416
 -0.2059  -0.5244   0.0152   0.6658  -0.3365   0.2646
 -0.1327  -0.4594   0.1837   0.6317  -0.2505   0.2477
 -0.0575  -0.2658  -0.0065   0.5069  -0.2425   0.2132
 -0.1035  -0.2224   0.0322   0.6647  -0.3570   0.3509
 -0.1459  -0.1340   0.0624   0.4961  -0.3076   0.3157
 -0.0420  -0.2635   0.0428   0.4198  -0.1698   0.2273
 -0.0530  -0.2350   0.0198   0.4186  -0.2098   0.2071
 -0.0607  -0.1632   0.0232   0.3793  -0.2257   0.2096
 -0.0755  -0.2419   0.0178   0.5628  -0.2738   0.1972
 -0.1069  -0.2475   0.0427   0.5212  -0.2725   0.2286
 -0.1201  -0.3097   0.0637   0.6060  -0.3035   0.2468
 -0.1659  -0.3087   0.1114   0.5870  -0.3096   0.2870
 -0.2315  -0.3826   0.1088   0.6628  -0.3398   0.2762
 -0.0961  -0.3752   0.0415   0.6308  -0.2344   0.2600
 -0.0820  -0.1830   0.0286   0.3316  -0.2340   0.1831
 -0.0100  -0.0300  -0.0368  -0.1519   0.0325   0.0125
  0.0543  -0.0022  -0.1001   0.0346   0.0659   0.0540
  0.0442  -0.0098  -0.0636  -0.0518   0.0478   0.0229
  0.0291  -0.0586  -0.0512  -0.0097   0.0215  -0.0203
  0.0184  -0.2086  -0.0653   0.1537  -0.0244   0.0201
 -0.0044  -0.2173  -0.0946   0.0777  -0.0547   0.0575
 -0.0188  -0.1832  -0.0282  -0.0533  -0.0421  -0.0198
 -0.0167  -0.1556  -0.0473   0.0865  -0.0693   0.0023
 -0.0242  -0.0860  -0.0459  -0.0079  -0.0533   0.0163
 -0.0059  -0.1688  -0.0700   0.1259  -0.0862   0.0197
 -0.0080  -0.1379  -0.0780   0.1665  -0.1108   0.0501
 -0.0132  -0.1535  -0.0723   0.1647  -0.1180   0.0589
 -0.0185  -0.1309  -0.0331   0.0462  -0.0704   0.0116
  0.0153  -0.1678  -0.0903   0.1659  -0.0616   0.0244
 -0.0045  -0.1666  -0.0888   0.1868  -0.1047   0.0631
  0.0155  -0.1685  -0.1166   0.2051  -0.0703   0.0708
  0.0101  -0.1483  -0.0955   0.1815  -0.0831   0.0629
  0.0124  -0.1750  -0.1041   0.2204  -0.0927   0.0599
  0.0110  -0.0901  -0.0798   0.1257  -0.0712   0.0847
  0.0020  -0.1288  -0.1031   0.2114  -0.0844   0.0560
 -0.0069  -0.1432  -0.1329   0.2485  -0.1059   0.0910
  0.0091  -0.1206  -0.0942   0.1921  -0.0793   0.0596
  0.0171  -0.1260  -0.0833   0.2351  -0.0619   0.0801
 -0.0370  -0.0628  -0.0402  -0.0385  -0.0291   0.0316
 -0.0232  -0.1225  -0.0993   0.1229  -0.0343  -0.0403
 -0.0255  -0.0284  -0.0919   0.0836  -0.0560  -0.0146
 -0.0312  -0.0896  -0.0733   0.1801  -0.0753   0.0262
 -0.0375  -0.1001  -0.0847   0.2063  -0.0855   0.0413
 -0.0623  -0.0723  -0.0863   0.1776  -0.0340   0.0286
 -0.0127  -0.1079  -0.0779   0.0625  -0.0885   0.0080
  0.0433   0.2019  -0.0058  -0.4324  -0.0394   0.0063
  0.0373   0.0870  -0.0501  -0.1041  -0.0405  -0.0355
  0.0052   0.0878  -0.0105  -0.1176  -0.0286  -0.0081
  0.0241   0.0738  -0.0282  -0.1184  -0.0118  -0.0353
  0.0145   0.0902  -0.0208  -0.0990  -0.0316  -0.0379
  0.0261   0.0824  -0.0266  -0.0523  -0.0343  -0.0319
  0.0202   0.0895   0.0002  -0.0984  -0.0180  -0.0163
 -0.0020   0.2500   0.0528  -0.3116   0.0069  -0.0132
 -0.0096   0.0936   0.0258  -0.1098   0.0121  -0.0558
  0.0160   0.0938   0.0602  -0.0106   0.0128  -0.0974
 -0.0246   0.2560   0.0734  -0.0558  -0.0262  -0.1655
 -0.0398   0.2165   0.0789  -0.0521  -0.0033  -0.0010
 -0.0459   0.1786   0.0819  -0.0506  -0.0020  -0.0435
 -0.0439   0.1525   0.0881  -0.0433  -0.0086  -0.0148
 -0.0393   0.1451   0.1112  -0.1048  -0.0081  -0.0237
 -0.0335   0.1346   0.0937  -0.1784   0.0085  -0.0388
 -0.0195   0.1383   0.1099  -0.1991  -0.0153  -0.0462
 -0.0318   0.1365   0.1170  -0.1442  -0.0169  -0.0500
 -0.0281   0.1390   0.0961  -0.1502   0.0252  -0.0255
 -0.0311   0.1343   0.0904  -0.1195  -0.0028  -0.0383
 -0.0323   0.1230   0.1084  -0.0862   0.0032  -0.0117
 -0.0243   0.1272   0.1254  -0.2281   0.1204  -0.0568
  0.0113   0.0204   0.1031  -0.1743   0.1351  -0.0995
 -0.0008   0.0876   0.1165  -0.2618   0.0926  -0.0895
  0.0070   0.1059   0.1206  -0.2953   0.0770  -0.1018
 -0.0154   0.0683   0.0994  -0.1231   0.0790  -0.1062
 -0.0159   0.0890   0.1089  -0.1188   0.0394  -0.0577
 -0.0388   0.0482   0.1000  -0.0042   0.0036  -0.0460
 -0.0515   0.0660   0.0975  -0.0441  -0.0003  -0.0124
 -0.0133   0.1044   0.1142  -0.2144   0.0867  -0.0665
  0.0167   0.3687   0.1315  -0.4341   0.1537  -0.0995
  0.0258   0.3481   0.1525  -0.4762   0.1906  -0.1433
  0.0299   0.3914   0.1311  -0.5720   0.2091  -0.1975
  0.0536   0.1456   0.1544  -0.4649   0.2643  -0.1785
  0.0494   0.1720   0.0923  -0.3030   0.2023  -0.1399
  0.0375   0.2355   0.1250  -0.3129   0.1880  -0.1167
  0.0354   0.3126   0.1525  -0.5432   0.2824  -0.1934
  0.0247   0.2325   0.1336  -0.3713   0.2459  -0.1960
  0.0314   0.2818   0.1383  -0.4295   0.2600  -0.1581
  0.0296   0.2768   0.1255  -0.4241   0.2727  -0.1709
  0.0206   0.2894   0.1385  -0.4124   0.2660  -0.1657
  0.0206   0.2753   0.1349  -0.3607   0.2508  -0.1675
 -0.0031   0.2515   0.1425  -0.3667   0.2830  -0.1663
 -0.0119   0.2189   0.2270  -0.3062   0.3079  -0.1717
  0.0143   0.2206   0.1879  -0.3457   0.2616  -0.1792
  0.0017   0.2511   0.1884  -0.3343   0.2342  -0.1602
 -0.0028   0.2498   0.1872  -0.3347   0.2273  -0.1576
  0.0173   0.1251   0.1055  -0.0572   0.1619  -0.0925
  0.0272   0.3703  -0.0262   0.0363   0.0288   0.0111
  0.0086   0.4484   0.0543  -0.4538   0.1304  -0.0998
  0.0342   0.4429   0.0770  -0.5266   0.2311  -0.1567
  0.0309   0.4170   0.0897  -0.4859   0.2197  -0.1592
  0.0228   0.4194   0.1101  -0.4102   0.2066  -0.1584
  0.0058   0.3580   0.0730  -0.2772   0.1693  -0.1116
 -0.0170   0.3725   0.2029  -0.6025   0.1283  -0.2166
 -0.0349   0.2207   0.1660  -0.3171   0.1502  -0.1994
 -0.0509   0.3212   0.1783  -0.3927   0.1232  -0.1611
 -0.0385   0.2853   0.1809  -0.4163   0.1984  -0.1672
 -0.1769   0.0545  -0.6783  -0.0500  -0.3564  -0.0458
 -0.1417   0.3111  -0.7023  -0.0206  -0.3686  -0.0455
  0.1565   0.2782  -0.2832  -0.0588   0.0314  -0.1332
  0.2141   0.5651  -0.1479  -0.6009   0.2439  -0.2624
  0.3113   1.0480   0.0160  -1.5122   0.5296  -0.4886
  0.2201   0.9766   0.1126  -1.2859   0.4506  -0.5672
  0.1546   0.9269   0.1843  -1.2241   0.4749  -0.5281
  0.1641   0.7656   0.1505  -1.0087   0.4514  -0.4775
  0.1707   0.7967   0.1717  -1.0590   0.4714  -0.4449
  0.1588   0.7559   0.1421  -1.0170   0.4940  -0.4054
  0.1628   0.7014   0.1857  -1.0347   0.4881  -0.3983
  0.3220   0.7940   0.1652  -1.1213   0.6374  -0.4317
  0.1033   0.5390   0.2278  -0.8429   0.4853  -0.4148
 -0.2498   0.6867   0.6128  -0.9524   0.3345  -0.3916
 -0.1535   0.8263   0.7682  -1.0532   0.4558  -0.4063
 -0.0578   0.9104   0.5807  -1.0822   0.4904  -0.4459
 -0.0601   0.8852   0.2607  -0.8642   0.3400  -0.3649
 -0.1932   0.7270   0.5007  -0.7788   0.3637  -0.3020
