  0.5755  -2.4027   1.8353   2.4982   1.5264   0.1759
  0.5741  -2.1358   1.7034   2.3161   1.5050   0.3591
  0.4102  -2.0899   1.5235   2.3071   1.3204   0.1645
  0.3706  -1.8127   1.3890   2.0788   1.2733   0.1670
  0.3888  -1.7426   1.3250   2.0306   1.2806   0.1623
  0.4473  -1.7945   1.2765   2.0964   1.3370   0.0101
  0.4978  -1.7770   1.2831   2.0927   1.3700   0.1572
  0.4100  -1.7336   1.1872   1.9875   1.2730   0.0492
  0.4177  -1.6472   1.2036   2.1444   1.2943   0.0067
  0.3884  -1.5676   1.1088   1.8582   1.2845   0.0859
  0.3215  -1.3117   0.9920   1.7448   1.1765   0.0580
  0.4329  -1.1664   1.2950   2.1670   1.3554  -0.1478
  0.6886  -2.1516   1.8341   2.9452   1.7462  -0.1658
  0.5755  -1.3971   1.3064   2.3711   1.2615  -0.2012
 -0.0554  -0.6027   0.1316   0.7435  -0.1658   0.2868
 -0.2002  -0.4182  -0.0922   0.7093  -0.3155   0.1006
 -0.4509  -0.3691  -0.4550   0.7782  -0.3012  -0.0455
 -0.3534  -0.2176  -0.3948   0.4083  -0.1964   0.1778
 -0.0041  -1.0988   0.3562   1.4739   0.3561  -0.2163
  0.2242  -1.2814   1.0738   1.8793   0.7699  -0.0875
 -0.1072  -0.4429   0.1454   0.6706  -0.3402   0.2521
 -0.1838  -0.5791   0.1095   0.6377  -0.4392   0.2295
 -0.1921  -0.5284   0.0526   0.5688  -0.4572   0.2146
 -0.2445  -0.6038   0.0183   0.4132  -0.4037   0.1964
 -0.2269  -0.4731  -0.0470   0.2720  -0.3546   0.2105
 -0.2331  -0.4762  -0.0716   0.2225  -0.3345   0.1458
 -0.2331  -0.4149  -0.0833   0.1952  -0.3217   0.2572
 -0.2147  -0.4285  -0.0856   0.2425  -0.2777   0.1784
 -0.2363  -0.3915  -0.1199   0.2258  -0.2951   0.1809
 -0.2428  -0.3846  -0.1415   0.2104  -0.3018   0.1716
 -0.2488  -0.3922  -0.1660   0.2298  -0.3009   0.1653
 -0.2131  -0.2326  -0.0728   0.0248  -0.2240   0.2457
  0.8869  -1.1567   1.6517   1.8333   1.2040  -0.4809
  1.1205  -1.5016   1.8425   2.0366   1.4797  -0.3249
 -0.4759  -0.5078  -0.4407  -0.5989  -0.5247   0.7169
 -0.4567  -0.7747  -0.3782  -0.6649  -0.4429   0.5989
 -0.5604  -0.5869  -0.5733  -0.7827  -0.5825   0.5986
 -0.4117  -0.2796  -0.5629  -0.7299  -0.4958   0.0809
 -0.3867  -0.2328  -0.6673  -0.6858  -0.4652   0.2527
 -0.0882  -0.7744   0.5555   0.6077   0.3546   0.3901
 -0.3614   0.5464  -0.1220  -0.5442  -0.0396   0.3091
 -0.5845  -0.1408  -0.4336  -0.5922  -0.5525   0.7251
 -0.5713  -0.1194  -0.5462  -0.5362  -0.6172   0.3620
  0.0819  -1.7050   1.6443   1.8379   1.0457  -0.2323
 -0.5337   1.3309  -0.8011  -0.7096  -0.5604  -0.0724
 -0.5553   0.6542  -0.7073  -0.4476  -0.5781   0.1307
 -0.5614   0.1993  -0.5826  -0.4167  -0.6462   0.2768
  0.7106  -0.3652   1.4362   1.1706   1.1784  -0.5527
  0.9082  -1.1890   1.6949   1.7229   1.3126  -0.4123
  0.5843  -0.6837   1.0183   1.0387   0.8221  -0.1750
  0.0449   0.5372   0.5603  -0.3674   0.1850  -0.1160
 -0.4358   1.2563   0.2502  -0.9133  -0.2754  -0.0266
 -0.4811   1.3152   0.1623  -0.9652  -0.3397   0.2062
 -0.4529   1.2993   0.0608  -1.0287  -0.3105   0.1132
 -1.1427   1.4443   0.0353  -1.0248  -0.4749   0.2425
  1.2640   0.2047   1.4467   0.4402   1.0006  -0.7814
  1.0563   0.5988   1.0079   0.1933   0.7590  -0.7834
  0.5949   0.7499   0.6318   0.0147   0.4231  -0.1647
  0.5229  -0.0642   0.7978   0.5084   0.2558   0.1485
  0.4096   0.0551   0.5458   0.2505   0.1229  -0.0784
  0.3667   0.1308   0.5321   0.3802   0.0936  -0.1472
  0.3427   0.0880   0.5224   0.3562   0.0586  -0.1183
  0.1737   0.4120   0.1088  -0.2154  -0.1089   0.0035
  0.1523   0.2685  -0.0322  -0.1137  -0.1670  -0.1569
  0.2175   0.1903   0.1290  -0.0205  -0.0593  -0.0820
  0.2402   0.0749   0.1245  -0.0045  -0.0103  -0.1593
  0.1879   0.1484   0.0494  -0.0883  -0.0374  -0.0702
  0.1565   0.2491   0.0058  -0.1717  -0.0358  -0.0037
  0.1255   0.2291  -0.0498  -0.2068  -0.0281  -0.1439
  0.1002   0.2469  -0.0958  -0.0976  -0.0432  -0.1201
  0.0730   0.2920  -0.1510  -0.1416  -0.0735  -0.0852
  0.0765   0.2825  -0.1523  -0.1415  -0.0826  -0.1060
  0.0807   0.2832  -0.1577  -0.1076  -0.0886  -0.1115
  0.0676   0.3083  -0.1621  -0.0844  -0.0742  -0.1319
  0.0500   0.2724  -0.1740  -0.1296  -0.0669  -0.1281
  0.0733   0.1091  -0.1026  -0.0507  -0.0259  -0.0771
  0.0619   0.0905  -0.1033  -0.1104  -0.0380  -0.0634
  0.0724   0.1638  -0.0707  -0.1639  -0.0221  -0.0918
  0.2133   0.0891   0.1209  -0.0723   0.1382  -0.1341
  0.2585  -0.0963   0.1311  -0.0031   0.1275  -0.1506
  0.2112  -0.0616   0.0598  -0.0296   0.0799  -0.0689
  0.2016  -0.0299   0.0358  -0.0356   0.0822  -0.0313
  0.1760  -0.0619   0.0258  -0.0671   0.0626  -0.1048
  0.2661   0.1108  -0.0169  -0.2022   0.1133  -0.2953
  0.1125   0.5350  -0.2112  -0.5645   0.0045  -0.0424
  0.0950   0.5324  -0.2081  -0.5326   0.0011  -0.0995
  0.0890   0.5266  -0.2419  -0.5335   0.0025  -0.1152
  0.0916   0.5130  -0.2452  -0.5142   0.0088  -0.1286
  0.0749   0.5287  -0.2573  -0.5476   0.0090  -0.0953
  0.0664   0.5689  -0.2820  -0.6319   0.0083  -0.0908
  0.0608   0.5815  -0.3077  -0.6582   0.0003  -0.0744
  0.0538   0.5794  -0.3173  -0.6725  -0.0126  -0.0801
  0.0547   0.5839  -0.3305  -0.6719  -0.0107  -0.0783
  0.0223   0.5120  -0.3382  -0.6334  -0.0251  -0.0566
  0.0149   0.4712  -0.3660  -0.6141  -0.0437  -0.0876
  0.0463   0.4731  -0.3445  -0.6130  -0.0187  -0.0752
  0.0227   0.5717  -0.3635  -0.6763  -0.0460  -0.0597
  0.0048   0.5951  -0.3501  -0.6938  -0.0430  -0.0611
  0.0107   0.7046  -0.4276  -0.8057  -0.0624  -0.0855
  0.0740   0.8393  -0.6196  -0.9180  -0.0727  -0.1210
  0.0456   0.7757  -0.6035  -0.9006  -0.1003  -0.0753
  0.0203   0.7997  -0.5835  -0.9077  -0.1013  -0.0606
  0.7364   0.2565   0.7085   0.2250   0.9022  -0.5395
  0.5340   0.1086   0.3710  -0.2628   0.2922  -0.2167
 -0.0402   0.3456  -0.3185  -0.9084  -0.3931   0.2859
 -0.0670   0.3029  -0.3588  -0.8176  -0.4819   0.2461
 -0.1418   0.2856  -0.4763  -0.9231  -0.4822   0.1882
 -0.1872   0.3337  -0.5254  -0.9919  -0.5145   0.3041
 -0.2342   0.3786  -0.5901  -1.0709  -0.5345   0.2984
 -0.2244   0.3118  -0.6163  -1.0251  -0.5436   0.2683
 -0.2242   0.2752  -0.6406  -0.9884  -0.5462   0.1873
 -0.2452   0.3422  -0.6418  -1.0516  -0.5521   0.3231
 -0.2626   0.3863  -0.6624  -1.0787  -0.5316   0.2864
 -0.2623   0.3696  -0.6601  -1.0135  -0.5155   0.2320
 -0.2692   0.3014  -0.7071  -0.9736  -0.5196   0.2425
 -0.3142   0.3245  -0.7212  -1.0081  -0.5407   0.2747
 -0.2462   0.2723  -0.6280  -0.9306  -0.4701   0.2357
 -0.2310   0.2895  -0.6547  -0.9581  -0.4483   0.2356
 -0.2323   0.3099  -0.6552  -0.9791  -0.4522   0.2464
 -0.2345   0.3166  -0.6506  -0.9548  -0.4471   0.2440
