 -0.0421   0.0716  -0.0818   0.2850  -0.0227   0.1495
  0.0495   0.0938  -0.1081   0.1530  -0.0145   0.0382
  0.0328   0.1735  -0.1076   0.1746  -0.0103  -0.0519
  0.0773   0.2390  -0.0573   0.1146   0.0282   0.0240
  0.1014   0.2986  -0.0601   0.1701   0.0004  -0.0759
  0.0890   0.1042  -0.1285   0.0599   0.0254   0.0364
  0.0419   0.1324  -0.1840  -0.0507  -0.0341   0.0861
  0.1190   0.2725  -0.1733   0.0469   0.0123  -0.0115
  0.0902   0.1899  -0.1224   0.1516  -0.0198  -0.0403
  0.0839   0.1927  -0.1213   0.2324  -0.0024  -0.0755
  0.0795   0.1590  -0.1450   0.1548  -0.0124  -0.0257
  0.0783   0.0094  -0.1436   0.1472   0.0447   0.0123
  0.0663  -0.0713  -0.0692   0.0491  -0.0194   0.0318
  0.0421  -0.0121  -0.1133   0.1179  -0.0029   0.0111
  0.0830  -0.0020  -0.0890   0.2105  -0.0032  -0.0515
  0.0767  -0.0381  -0.1186   0.1182  -0.0065   0.0022
  0.0610  -0.0840  -0.1308   0.0686   0.0070   0.0549
  0.0667  -0.1884  -0.0709   0.1684  -0.0382  -0.0190
  0.0603  -0.2056  -0.0964   0.0916  -0.0437   0.0162
  0.0331  -0.1492  -0.1886   0.0062  -0.0506   0.0826
 -0.0266  -0.1687  -0.2360  -0.1587  -0.1399   0.1477
 -0.0280  -0.1764  -0.1773  -0.1010  -0.1121   0.1455
  0.0393  -0.1159  -0.1177  -0.0346  -0.0773   0.0828
  0.0436  -0.0877  -0.1095   0.0304  -0.0676   0.0447
 -0.0648  -0.2137  -0.2704  -0.0693  -0.1187   0.1381
 -0.0146  -0.1022  -0.1987  -0.0472  -0.1185   0.0731
  0.0471  -0.1103  -0.1531  -0.0436  -0.0470   0.0707
  0.0565  -0.0879  -0.1341   0.0591  -0.0474   0.0510
  0.0540  -0.0363  -0.1385   0.0609  -0.0314   0.0192
  0.0839  -0.0414  -0.0983   0.0228  -0.0079   0.0344
  0.0955  -0.0839  -0.0855   0.0736  -0.0160   0.0135
  0.1165  -0.0039  -0.0460   0.0187  -0.0154   0.0017
  0.1497   0.0702  -0.0781   0.0138   0.0147   0.0285
  0.1081  -0.0329  -0.1107   0.0271  -0.0279   0.0600
  0.0293  -0.0926  -0.2252  -0.1495  -0.0663   0.1290
  0.0553  -0.0829  -0.1127  -0.0468  -0.0303   0.0968
  0.0819  -0.0704  -0.0759   0.0442  -0.0254   0.0309
  0.0697  -0.0617  -0.1111  -0.0187   0.0024   0.0425
  0.0654  -0.0600  -0.1069   0.0053  -0.0209   0.0700
  0.0620  -0.1045  -0.1417   0.0593  -0.0536   0.0121
  0.0582  -0.0563  -0.1466   0.0286  -0.0390  -0.0151
  0.0289  -0.0214  -0.1068  -0.0832  -0.0024   0.0784
  0.0360  -0.0487  -0.1153  -0.0410  -0.0336   0.0571
  0.0223  -0.0651  -0.1336  -0.0178  -0.0417   0.0240
  0.0275  -0.0550  -0.1236  -0.0386  -0.0288   0.0803
  0.0061  -0.1077  -0.1313  -0.0467  -0.0455   0.0925
  0.0528  -0.1356  -0.2310  -0.3125  -0.0142   0.1879
  0.0293  -0.0360  -0.0930  -0.1697  -0.0353   0.1392
  0.0407  -0.0705  -0.0742  -0.0915  -0.0509   0.0983
  0.0538  -0.0991  -0.0391  -0.0701  -0.0242   0.0702
  0.0987  -0.1129  -0.0195  -0.0342  -0.0058   0.0717
  0.0936  -0.1161  -0.0083   0.0217  -0.0183   0.0308
  0.0842  -0.1090  -0.0295   0.0263   0.0099   0.0128
  0.0966  -0.0502  -0.0509   0.0116   0.0361   0.0153
  0.0807  -0.1491  -0.0280   0.0952   0.0103  -0.0135
  0.1101  -0.0422   0.0050  -0.0420   0.0906   0.0443
  0.0942   0.0259   0.0511   0.0183   0.0424   0.0062
  0.1081   0.0645   0.0352   0.0117   0.0515  -0.0053
  0.0648   0.0320   0.0013  -0.0301   0.0567   0.0480
  0.0943   0.0143   0.0184   0.0492   0.0324   0.0106
  0.0552   0.0360   0.0252  -0.0701   0.0149   0.0353
  0.0351   0.0497  -0.0639  -0.1166  -0.0083   0.0996
  0.0005  -0.0333  -0.0547  -0.0543  -0.0300   0.0484
  0.0125  -0.0177   0.0435  -0.1517  -0.0284   0.0994
  0.0297  -0.1870  -0.0444  -0.0933  -0.0260   0.0949
  0.0234  -0.1686  -0.0323   0.0459  -0.0069   0.0395
  0.0413  -0.1711  -0.0322   0.0896   0.0194  -0.0145
  0.0901  -0.1934  -0.2908   0.0175  -0.0448   0.0566
  0.0243  -0.2170  -0.1713   0.1368  -0.0501  -0.0167
 -0.1826  -0.0458  -0.2493  -0.0577  -0.0466   0.0810
 -0.0825  -0.0645  -0.0753   0.1130  -0.0350  -0.0231
 -0.0660  -0.0267  -0.0880   0.0881  -0.0071  -0.0170
 -0.0814  -0.0583  -0.0738   0.1029   0.0061  -0.0259
 -0.0589  -0.0556  -0.0614   0.1751  -0.0101  -0.0563
 -0.0789  -0.0584  -0.0736   0.0690   0.0163  -0.0285
 -0.0419  -0.0665  -0.0634   0.1667   0.0010  -0.0606
 -0.0083  -0.0362  -0.0526   0.1674   0.0059  -0.0689
 -0.0074  -0.0284  -0.0700   0.1137   0.0219  -0.0499
 -0.0308  -0.0354  -0.0469   0.1719   0.0200  -0.0809
 -0.0132   0.0048  -0.0262   0.0978   0.0895  -0.0953
  0.0207  -0.0193   0.0182   0.1280   0.1127  -0.0857
  0.0803  -0.0480   0.0866   0.1699   0.0974  -0.1095
  0.0331  -0.0672   0.0602   0.0777   0.0926  -0.0432
  0.0496  -0.1223   0.0786   0.1618   0.1007  -0.0682
  0.0435  -0.1640   0.0829   0.1565   0.0733  -0.0524
 -0.0027   0.3313  -0.0489  -0.0994  -0.0106   0.0534
 -0.0022  -0.0163  -0.1022  -0.0230  -0.0249  -0.0197
  0.0118  -0.1667  -0.0325  -0.0267   0.0713   0.0191
 -0.0041  -0.1842   0.0167  -0.0363   0.0669   0.0573
 -0.0344  -0.1404   0.0242  -0.0109   0.0504   0.0338
  0.0100  -0.0780   0.0242  -0.1981   0.0818   0.1278
  0.0194  -0.0431   0.0477  -0.0543   0.0824   0.0375
  0.0557  -0.0550   0.1042   0.0123   0.0927   0.0189
  0.2704  -0.0877   0.2556  -0.1714   0.0732   0.0253
  0.1191   0.0192   0.1301  -0.1225   0.0440   0.0211
  0.0947  -0.0527   0.1552  -0.0691   0.0324   0.0242
  0.0810  -0.0228   0.1531  -0.0154   0.0248  -0.0385
  0.0698   0.0015   0.1404  -0.0480   0.0555  -0.0102
  0.0587  -0.0140   0.1329  -0.0753   0.0236   0.0006
  0.0456  -0.0159   0.1389  -0.0855   0.0018   0.0141
  0.0722   0.0047   0.1635  -0.0095   0.0110  -0.0247
  0.0771   0.0054   0.1398  -0.0297   0.0335  -0.0330
  0.0750   0.0245   0.1366   0.0363   0.0225  -0.0463
  0.0799   0.0469   0.1499   0.0457  -0.0010  -0.0645
  0.0434   0.0609   0.1320   0.0471  -0.0101  -0.0701
  0.0548   0.0500   0.1183   0.0444   0.0067  -0.0627
  0.0670   0.0456   0.1159   0.0232   0.0197  -0.0716
 -0.0215   0.0395   0.0499  -0.0450  -0.0045  -0.0252
 -0.0667  -0.0790   0.0625  -0.0628  -0.0285   0.0005
  0.1361   0.0985   0.1052  -0.0991  -0.0024   0.0124
  0.0427   0.0638   0.0937  -0.0368  -0.0238  -0.0283
  0.0173   0.0829   0.0901  -0.0055  -0.0078  -0.0291
  0.0065   0.0684   0.0963  -0.0078  -0.0038  -0.0266
  0.0413   0.1495   0.1023  -0.0157  -0.0148  -0.0209
  0.0024   0.1342   0.0874  -0.0457  -0.0220  -0.0307
 -0.0485   0.0087  -0.0143  -0.2412  -0.0101   0.1157
 -0.0395  -0.0042   0.0917  -0.1280  -0.0390   0.0249
 -0.0278  -0.0338   0.0687  -0.1235  -0.0131   0.0311
 -0.0234  -0.0190   0.0923  -0.1177   0.0115   0.0585
 -0.0017  -0.0122   0.0891  -0.0117  -0.0015  -0.0222
 -0.0240  -0.0329   0.0887  -0.0406   0.0026  -0.0177
 -0.0180   0.0096   0.1009  -0.0189   0.0245  -0.0366
  0.0221  -0.0203   0.1091   0.0146  -0.0062  -0.0528
  0.0192   0.0202   0.1049  -0.0307   0.0145  -0.0390
  0.0162   0.0015   0.1071  -0.0667   0.0179  -0.0085
  0.0256   0.0104   0.1120   0.0320  -0.0019  -0.0598
  0.0033   0.0111   0.0952  -0.0503   0.0096  -0.0380
 -0.0073  -0.0139   0.0938  -0.0276   0.0083  -0.0272
  0.0123  -0.0017   0.0963   0.0373   0.0034  -0.0638
 -0.0000  -0.0037   0.0573  -0.0351   0.0131  -0.0561
 -0.0012   0.0055   0.0665  -0.0201  -0.0072  -0.0118
 -0.0205  -0.0548  -0.0328  -0.0591  -0.0026  -0.0243
 -0.0430   0.0187   0.0731  -0.0476   0.0218  -0.0069
  0.0047   0.0698   0.0686   0.0058  -0.0315  -0.0627
 -0.0529   0.0664   0.0743  -0.1303  -0.0192   0.0339
 -0.0547   0.0453   0.0650  -0.0385  -0.0129  -0.0232
 -0.0542   0.0825   0.0652  -0.0445   0.0010  -0.0454
 -0.0499   0.0544   0.0835  -0.0598   0.0023  -0.0018
 -0.0684   0.0433   0.0815   0.0243  -0.0066  -0.0556
 -0.0922   0.0397   0.0517  -0.0603   0.0019  -0.0164
 -0.1178   0.0570   0.0597  -0.0736   0.0151   0.0191
 -0.0637   0.0351   0.0750   0.0134  -0.0048  -0.0531
 -0.0913   0.0835   0.0635  -0.0354  -0.0070  -0.0303
 -0.1258   0.0720   0.0724  -0.0687   0.0011  -0.0138
 -0.0810   0.0461   0.0878   0.0094  -0.0156  -0.0378
 -0.0874   0.0662   0.0782  -0.0896  -0.0057  -0.0243
 -0.1015   0.0555   0.0745  -0.0900   0.0010   0.0124
 -0.0718   0.0429   0.0918  -0.0245   0.0009  -0.0380
 -0.0642   0.0701   0.0920  -0.0544   0.0035  -0.0470
 -0.0749   0.0522   0.0928  -0.0394   0.0159  -0.0097
 -0.0683   0.0499   0.1037   0.0352   0.0087  -0.0640
 -0.0931   0.0708   0.0865  -0.0032   0.0319  -0.0578
 -0.0898   0.0324   0.0984   0.0010   0.0157  -0.0695
 -0.0944   0.0767   0.0905  -0.0218   0.0212  -0.0710
 -0.1160   0.0720   0.0747  -0.0513   0.0383  -0.0179
 -0.0994   0.0562   0.0850  -0.0306   0.0152  -0.0475
 -0.1055   0.0658   0.0533  -0.0891   0.0101  -0.0263
 -0.1105   0.0472   0.0702  -0.0641   0.0236   0.0023
 -0.1056   0.0492   0.0903  -0.0021   0.0065  -0.0496
 -0.1498   0.0406   0.0430  -0.1143   0.0208  -0.0070
 -0.1426   0.0513   0.0635  -0.0135   0.0229  -0.0288
 -0.1366   0.0844   0.0515  -0.0183   0.0207  -0.0382
 -0.1413   0.0570   0.0494  -0.0654   0.0215  -0.0227
 -0.1100   0.0574   0.0754   0.0172   0.0125  -0.0568
 -0.1227   0.0615   0.0572  -0.0138   0.0058  -0.0562
 -0.1093   0.0235   0.0722  -0.0044   0.0159  -0.0427
 -0.0896   0.0351   0.0752  -0.0874   0.0081  -0.0261
 -0.0996   0.0088   0.0849  -0.0497  -0.0176  -0.0230
 -0.1246   0.0303   0.0885  -0.0063  -0.0219  -0.0472
 -0.1295   0.0193  -0.0007  -0.0763  -0.0187  -0.0054
 -0.0980   0.1867  -0.0082  -0.1638  -0.0311  -0.0308
 -0.1320   0.1276   0.0446   0.0086  -0.0256  -0.0633
 -0.1120   0.1116   0.0684   0.0265  -0.0212  -0.0731
 -0.1354   0.1203   0.0505   0.0115   0.0053  -0.0590
 -0.1148   0.0947   0.0654   0.0460  -0.0170  -0.0823
 -0.1124   0.1292   0.0612   0.0166  -0.0033  -0.0699
 -0.1465   0.1169   0.0596   0.0371   0.0102  -0.0780
 -0.1166   0.1285   0.0720   0.0770  -0.0032  -0.1201
 -0.1522   0.1183   0.0518   0.0232   0.0263  -0.0617
 -0.1288   0.1054   0.0630   0.0731  -0.0062  -0.0784
