  0.2220   0.2327   0.0107  -0.0923   0.1286   0.1919
  0.2074   0.2462   0.0219  -0.0802   0.1072   0.1909
  0.1889   0.2419   0.0276  -0.0819   0.1175   0.1931
  0.1803   0.2051   0.0485  -0.0632   0.1102   0.1935
  0.1873   0.2034   0.0384  -0.0572   0.1115   0.1885
  0.2020   0.2001   0.0515  -0.0283   0.1019   0.1815
  0.2036   0.2508   0.0485  -0.0867   0.0989   0.1868
  0.1941   0.2462   0.0471  -0.0908   0.0859   0.2076
  0.1896   0.2670   0.0260  -0.1040   0.1015   0.2109
  0.1934   0.2441   0.0327  -0.0581   0.0905   0.2023
  0.1815   0.2386   0.0160  -0.0332   0.1019   0.1755
  0.1590   0.2469   0.0236  -0.0441   0.0814   0.1951
  0.1593   0.2555   0.0101  -0.0510   0.0722   0.1923
  0.1496   0.2499   0.0211  -0.0428   0.0615   0.1886
  0.1415   0.2637   0.0110  -0.0510   0.0630   0.1719
  0.1642   0.2273   0.0235   0.0070   0.0466   0.1869
  0.1451   0.2713   0.0110  -0.0523   0.0551   0.1710
  0.1297   0.2773   0.0114  -0.0389   0.0512   0.1546
  0.1224   0.2865  -0.0118  -0.0634   0.0493   0.1593
  0.1165   0.2671  -0.0126  -0.0642   0.0475   0.1589
  0.1084   0.3043  -0.0208  -0.0836   0.0455   0.1638
  0.0902   0.2795  -0.0070  -0.0717   0.0319   0.1682
  0.0749   0.3119  -0.0277  -0.0798   0.0318   0.1961
  0.1073   0.2766  -0.0155  -0.0585   0.0280   0.2055
  0.0984   0.3140  -0.0458  -0.0984   0.0320   0.2046
  0.0937   0.2905  -0.0422  -0.0620   0.0205   0.1943
  0.0911   0.2858  -0.0579  -0.0838   0.0251   0.1859
  0.1116   0.2572  -0.0458  -0.0775   0.0300   0.1905
  0.0963   0.2985  -0.0536  -0.1083   0.0415   0.1815
  0.1386   0.2676  -0.0262  -0.1079   0.0549   0.1732
  0.1101   0.2852  -0.0391  -0.1126   0.0511   0.1570
  0.1089   0.2502  -0.0142  -0.1145   0.0709   0.1747
  0.1371   0.2743  -0.0373  -0.1443   0.0657   0.1766
  0.1367   0.2827  -0.0248  -0.1400   0.0511   0.1903
  0.1354   0.2935  -0.0304  -0.1681   0.0486   0.1864
  0.1132   0.2756  -0.0311  -0.1192   0.0299   0.1880
  0.1146   0.2797  -0.0230  -0.1188   0.0224   0.1969
  0.0934   0.2882  -0.0198  -0.1144   0.0283   0.1869
  0.1066   0.2598  -0.0166  -0.0981   0.0386   0.1841
  0.1133   0.2527  -0.0330  -0.0871   0.0416   0.1657
  0.1146   0.1933  -0.0381  -0.0440   0.0280   0.1501
  0.1194   0.1893  -0.0265  -0.0406   0.0211   0.1520
  0.1043   0.1922  -0.0423  -0.0288   0.0288   0.1264
  0.1002   0.1905  -0.0342  -0.0532   0.0251   0.1240
  0.0981   0.1991  -0.0409  -0.0528   0.0280   0.1201
  0.0958   0.1640  -0.0253  -0.0143   0.0257   0.1062
  0.0861   0.1536  -0.0123  -0.0393   0.0116   0.1138
  0.0755   0.1852  -0.0266  -0.0400   0.0114   0.1055
  0.0801   0.1819  -0.0302  -0.0416   0.0140   0.1078
  0.0677   0.2165  -0.0373  -0.0537   0.0142   0.1157
  0.0716   0.2223  -0.0433  -0.0795   0.0208   0.1165
  0.0584   0.2034  -0.0394  -0.0781   0.0248   0.1016
  0.0787   0.1690  -0.0258  -0.0997   0.0246   0.1147
  0.0679   0.2171  -0.0512  -0.1228   0.0287   0.1119
  0.0682   0.1904  -0.0469  -0.0872   0.0215   0.1049
  0.0667   0.2193  -0.0493  -0.1026   0.0275   0.1020
  0.2442   0.3017  -0.0207  -0.3260   0.0958   0.3086
  0.1436   0.2123  -0.0366  -0.1988   0.0407   0.2002
  0.1152   0.1950  -0.0085  -0.1281   0.0277   0.1458
  0.0953   0.1962   0.0069  -0.1112   0.0276   0.1219
  0.0918   0.2042  -0.0148  -0.1036   0.0261   0.1086
  0.0932   0.2058  -0.0014  -0.1203   0.0168   0.1129
  0.0708   0.1954  -0.0087  -0.0925   0.0106   0.1086
  0.0592   0.2030  -0.0076  -0.1035   0.0063   0.1095
  0.0352   0.2000  -0.0222  -0.0531   0.0040   0.0967
  0.0401   0.1875  -0.0014  -0.0227  -0.0124   0.1011
  0.0246   0.1582   0.0061   0.0104  -0.0241   0.0910
 -0.0089   0.1181  -0.0061   0.0258  -0.0191   0.0456
 -0.0263   0.0792  -0.0092   0.0455  -0.0315   0.0259
 -0.0332   0.0843  -0.0034   0.0247  -0.0221   0.0259
 -0.0217   0.0885   0.0044   0.0271  -0.0095   0.0145
 -0.0456   0.0784   0.0147   0.0014  -0.0249   0.0259
 -0.0533   0.0666   0.0008   0.0289  -0.0313   0.0231
 -0.0567   0.0742   0.0032   0.0259  -0.0384   0.0269
 -0.0688   0.0719   0.0196   0.0421  -0.0435   0.0166
 -0.0461   0.0446   0.0268   0.0697  -0.0268  -0.0113
 -0.0662   0.0339   0.0222   0.0550  -0.0238  -0.0104
 -0.0636   0.0486   0.0075   0.0296  -0.0192  -0.0128
 -0.0518   0.0731   0.0183   0.0162  -0.0172  -0.0045
 -0.0668   0.0768   0.0121   0.0126  -0.0198  -0.0085
 -0.0658   0.0583   0.0195   0.0324  -0.0385  -0.0109
 -0.0625   0.0607   0.0112   0.0346  -0.0319  -0.0187
 -0.0306   0.0278   0.0109   0.0422  -0.0272   0.0104
 -0.0228   0.0503   0.0233   0.0042  -0.0209  -0.0067
 -0.0451   0.0767  -0.0028   0.0002  -0.0289  -0.0215
 -0.0513   0.0252  -0.0021   0.0139  -0.0388  -0.0122
 -0.0420   0.0570  -0.0141  -0.0161  -0.0271  -0.0062
 -0.0506   0.0336  -0.0039   0.0103  -0.0407  -0.0188
 -0.0587   0.0342  -0.0065   0.0018  -0.0434  -0.0188
 -0.0748   0.0131  -0.0043   0.0286  -0.0482  -0.0248
 -0.0858   0.0160   0.0010   0.0097  -0.0446  -0.0157
 -0.0953  -0.0023  -0.0008   0.0048  -0.0378  -0.0179
 -0.0882  -0.0163   0.0033   0.0239  -0.0419  -0.0162
 -0.0598  -0.0196  -0.0228   0.0432  -0.0427  -0.0314
 -0.0687  -0.0105  -0.0190   0.0288  -0.0502  -0.0210
 -0.0751  -0.0091  -0.0151   0.0524  -0.0540  -0.0177
 -0.0728  -0.0069  -0.0188   0.0371  -0.0403  -0.0240
 -0.0846  -0.0077  -0.0223   0.0526  -0.0406  -0.0287
 -0.0750  -0.0700  -0.0018   0.0677  -0.0228  -0.0309
 -0.0698  -0.0347  -0.0257   0.0284  -0.0229  -0.0504
 -0.0775  -0.0476  -0.0223   0.0393  -0.0327  -0.0450
 -0.0809  -0.0159  -0.0254   0.0302  -0.0365  -0.0530
 -0.0845  -0.0313  -0.0112   0.0505  -0.0306  -0.0552
 -0.0725  -0.0305  -0.0128   0.0405  -0.0247  -0.0512
 -0.0736  -0.0185  -0.0246   0.0504  -0.0239  -0.0491
 -0.0634  -0.0065  -0.0282   0.0030  -0.0211  -0.0460
 -0.0800   0.0003  -0.0365  -0.0025  -0.0269  -0.0452
 -0.0866  -0.0227  -0.0153   0.0078  -0.0325  -0.0384
 -0.0978   0.0036  -0.0218  -0.0051  -0.0243  -0.0380
 -0.0916  -0.0248   0.0096   0.0291  -0.0169  -0.0456
 -0.0713   0.0082   0.0027   0.0019  -0.0164  -0.0512
 -0.0752  -0.0092  -0.0048   0.0185  -0.0261  -0.0560
 -0.0778   0.0108  -0.0126   0.0119  -0.0279  -0.0521
 -0.0848  -0.0063  -0.0061   0.0273  -0.0283  -0.0558
 -0.0830  -0.0034  -0.0046   0.0143  -0.0355  -0.0498
 -0.0871  -0.0025  -0.0053   0.0332  -0.0389  -0.0457
 -0.0919  -0.0016  -0.0175  -0.0157  -0.0349  -0.0413
 -0.1093  -0.0285  -0.0130   0.0157  -0.0385  -0.0538
 -0.0857  -0.0167  -0.0216  -0.0067  -0.0319  -0.0586
 -0.0788  -0.0326  -0.0170   0.0050  -0.0256  -0.0624
 -0.0634  -0.0130  -0.0116  -0.0191  -0.0210  -0.0565
 -0.0796  -0.0373  -0.0070   0.0025  -0.0267  -0.0573
 -0.0661  -0.0246  -0.0139   0.0005  -0.0110  -0.0572
 -0.0568  -0.0400   0.0004  -0.0119  -0.0113  -0.0528
 -0.0620  -0.0244  -0.0001  -0.0125  -0.0167  -0.0631
 -0.0524  -0.0435   0.0305  -0.0047   0.0069  -0.0536
  0.0993  -0.0641   0.0817  -0.1386   0.0478   0.0800
  0.0660  -0.1407   0.0824  -0.0870   0.0291   0.0114
  0.0340  -0.0795   0.0903  -0.1440   0.0176   0.0158
  0.0043  -0.0916   0.0994  -0.0942  -0.0059  -0.0064
  0.0016  -0.0763   0.0813  -0.0948  -0.0127  -0.0265
  0.0129  -0.1405   0.0820  -0.0583  -0.0030  -0.0128
 -0.0351  -0.2234   0.0905   0.0419  -0.0125  -0.0151
 -0.0357  -0.1968   0.0615   0.0238  -0.0216  -0.0822
 -0.0497  -0.1864   0.0354   0.0514  -0.0191  -0.1354
 -0.0496  -0.1608   0.0166   0.0379  -0.0110  -0.1409
 -0.0566  -0.1469   0.0187   0.0424  -0.0109  -0.1377
 -0.0765  -0.1838   0.0277   0.0785  -0.0173  -0.1329
 -0.0478  -0.1962   0.0395   0.1069  -0.0171  -0.1059
 -0.0883  -0.2046   0.0129   0.1292  -0.0427  -0.1074
 -0.1101  -0.2074  -0.0017   0.1332  -0.0518  -0.1184
 -0.1126  -0.2104  -0.0097   0.1311  -0.0402  -0.1287
 -0.1021  -0.2190  -0.0088   0.1570  -0.0450  -0.1400
 -0.0959  -0.2114  -0.0117   0.1679  -0.0337  -0.1523
 -0.1152  -0.2293   0.0018   0.1526  -0.0409  -0.1542
 -0.1135  -0.2119   0.0027   0.1361  -0.0457  -0.1807
 -0.0928  -0.2260   0.0260   0.1410  -0.0408  -0.1784
 -0.0466  -0.2524  -0.0064   0.1579  -0.0209  -0.2091
 -0.0417  -0.2973  -0.0202   0.2227  -0.0305  -0.2241
 -0.0503  -0.2891  -0.0156   0.1694  -0.0185  -0.2294
 -0.0449  -0.3127  -0.0049   0.1992  -0.0225  -0.2437
 -0.0492  -0.3102  -0.0148   0.1761  -0.0150  -0.2378
 -0.0530  -0.3481   0.0042   0.1756  -0.0116  -0.2356
 -0.0633  -0.3357  -0.0152   0.1597  -0.0066  -0.2212
 -0.0735  -0.3807  -0.0146   0.1561  -0.0250  -0.2124
 -0.0692  -0.3627  -0.0299   0.1424  -0.0130  -0.2378
 -0.0732  -0.3933  -0.0317   0.1856  -0.0309  -0.2409
 -0.0744  -0.3822  -0.0238   0.1382  -0.0224  -0.2325
 -0.0714  -0.3984  -0.0296   0.1489  -0.0244  -0.2304
 -0.0874  -0.3738  -0.0290   0.1036  -0.0245  -0.2088
 -0.0822  -0.3849  -0.0076   0.1212  -0.0181  -0.2054
 -0.0096  -0.4300  -0.0191   0.0246  -0.0160  -0.1385
 -0.0091  -0.5258   0.0353   0.0737   0.0064  -0.1666
 -0.0110  -0.4207   0.0430   0.0517   0.0052  -0.2047
 -0.0529  -0.4328   0.0097   0.0997  -0.0149  -0.2354
 -0.0632  -0.4286   0.0125   0.0830  -0.0235  -0.2349
 -0.0718  -0.4573   0.0115   0.0837  -0.0278  -0.2233
 -0.0800  -0.4580   0.0179   0.0564  -0.0367  -0.2123
 -0.1144  -0.4221   0.0139   0.0645  -0.0448  -0.2212
 -0.1043  -0.4311   0.0401   0.0678  -0.0266  -0.2214
 -0.1230  -0.4452   0.0299   0.0946  -0.0385  -0.2165
 -0.1458  -0.4258   0.0560   0.0915  -0.0533  -0.1979
 -0.1447  -0.4335   0.0354   0.0638  -0.0389  -0.2303
 -0.1673  -0.4631   0.0398   0.0734  -0.0480  -0.2329
 -0.1789  -0.4344   0.0309   0.0374  -0.0510  -0.2336
 -0.1665  -0.4493   0.0532   0.0572  -0.0410  -0.2541
 -0.1799  -0.4437   0.0413   0.0363  -0.0441  -0.2590
 -0.1539  -0.4935   0.0370   0.0162  -0.0552  -0.2351
 -0.1902  -0.4740   0.0255   0.0130  -0.0683  -0.2297
 -0.1774  -0.4876   0.0494   0.0156  -0.0582  -0.2233
