 -0.0218  -1.0302  -0.1083   0.5773  -0.1403   0.1994
 -0.0138  -1.0478  -0.1029   0.5943  -0.1245   0.1687
 -0.0070  -0.9722  -0.0960   0.6067  -0.1153   0.1709
 -0.0008  -0.9394  -0.0846   0.5529  -0.0993   0.2330
  0.0048  -0.9264  -0.0793   0.5785  -0.0949   0.0559
  0.0013  -0.8918  -0.0938   0.5630  -0.0939   0.1933
 -0.0082  -0.9321  -0.0988   0.5633  -0.0977   0.1622
  0.0027  -0.9016  -0.0835   0.5502  -0.0844   0.0777
  0.0048  -0.8758  -0.0806   0.5819  -0.0816   0.1238
  0.0109  -0.8686  -0.0746   0.5640  -0.0690   0.1185
  0.0219  -0.8623  -0.0657   0.5388  -0.0614   0.1185
  0.0263  -0.8815  -0.0652   0.5117  -0.0568   0.1268
  0.0197  -0.8451  -0.0540   0.5104  -0.0578   0.1182
  0.0267  -0.8358  -0.0488   0.4981  -0.0565   0.1246
  0.0279  -0.8755  -0.0527   0.5374  -0.0603   0.0837
  0.0273  -0.8698  -0.0599   0.5234  -0.0524   0.1402
  0.0392  -0.8106  -0.0491   0.4726  -0.0377   0.1398
  0.0416  -0.7618  -0.0432   0.4145  -0.0352   0.1661
  0.0411  -0.7779  -0.0437   0.4352  -0.0342   0.1364
  0.0459  -0.7841  -0.0451   0.4540  -0.0292   0.1215
  0.0430  -0.7197  -0.0365   0.3670  -0.0176   0.1815
  0.0491  -0.6906  -0.0268   0.3179  -0.0114   0.1564
  0.0739  -0.6511  -0.0056   0.3303   0.0203   0.1537
  0.0724  -0.6242   0.0002   0.3233   0.0255   0.1447
  0.0913  -0.5952   0.0158   0.3223   0.0501   0.0933
  0.0960  -0.6472   0.0056   0.3726   0.0501   0.0908
  0.0975  -0.6123   0.0090   0.3191   0.0429   0.1390
  0.1039  -0.6352   0.0195   0.3279   0.0582   0.1365
  0.1069  -0.6466   0.0165   0.3551   0.0616   0.0812
  0.0964  -0.6264   0.0133   0.3218   0.0560   0.1145
  0.0733  -0.5591   0.0113   0.2658   0.0424   0.1591
  0.0625  -0.5844   0.0015   0.2713   0.0310   0.1644
  0.0572  -0.5243   0.0059   0.2272   0.0391   0.1475
  0.0660  -0.5161   0.0128   0.2319   0.0550   0.1492
  0.0682  -0.4983   0.0217   0.2104   0.0640   0.1263
  0.0725  -0.4691   0.0277   0.2064   0.0685   0.1218
  0.0750  -0.4844   0.0282   0.2144   0.0692   0.1065
  0.0655  -0.4482   0.0234   0.2070   0.0596   0.1395
  0.0724  -0.5101   0.0195   0.2352   0.0616   0.0802
  0.0547  -0.5521   0.0036   0.3084   0.0452   0.0936
  0.0601  -0.5431   0.0067   0.3006   0.0481   0.0955
  0.0635  -0.5313   0.0074   0.2995   0.0616   0.0849
  0.0583  -0.5171   0.0044   0.3150   0.0543   0.0743
  0.0648  -0.5459  -0.0024   0.3216   0.0552   0.1221
  0.0776  -0.6361  -0.0090   0.4011   0.0578  -0.0618
  0.0778  -0.6026  -0.0064   0.3973   0.0646   0.1337
  0.0714  -0.5810  -0.0120   0.3803   0.0645   0.0792
  0.0549  -0.4731  -0.0122   0.2726   0.0478   0.0853
  0.0617  -0.3732   0.0016   0.2047   0.0511   0.1003
  0.0777  -0.3979   0.0052   0.1998   0.0653   0.0724
  0.0934  -0.3665   0.0230   0.1759   0.0784   0.0917
  0.0846  -0.3359   0.0270   0.1651   0.0714   0.0729
  0.0892  -0.3261   0.0367   0.1460   0.0806   0.0785
  0.0777  -0.3036   0.0307   0.0851   0.0671   0.0794
  0.0820  -0.2926   0.0334   0.1001   0.0631   0.0642
  0.0418  -0.2565   0.0100   0.0851   0.0286   0.0942
  0.0283  -0.1486   0.0050  -0.0230   0.0127   0.1071
  0.0387  -0.0636   0.0184  -0.0841   0.0187   0.0969
  0.0450  -0.1040   0.0265  -0.0469   0.0337   0.0397
  0.0431  -0.0990   0.0259  -0.0035   0.0473   0.0931
  0.0643  -0.0911   0.0345  -0.0022   0.0606   0.0467
  0.0551  -0.0626   0.0297  -0.0096   0.0607   0.0508
  0.0676  -0.0156   0.0406  -0.0628   0.0663   0.0558
  0.0737  -0.0445   0.0428  -0.0153   0.0733   0.0142
  0.0761  -0.0172   0.0483  -0.0399   0.0776   0.0426
  0.0588   0.0564   0.0330  -0.0757   0.0526   0.0116
  0.0619   0.0135   0.0390  -0.0175   0.0648  -0.0276
  0.0634   0.0545   0.0439  -0.0607   0.0641  -0.0093
  0.0661   0.0399   0.0454  -0.0686   0.0679  -0.0030
  0.0620   0.0907   0.0425  -0.0777   0.0747   0.0397
  0.0563   0.0357   0.0505  -0.0276   0.0647  -0.0241
  0.0545   0.0248   0.0504   0.0177   0.0665  -0.0131
  0.0561   0.0435   0.0496  -0.0193   0.0692  -0.0028
  0.0616   0.0398   0.0471  -0.0282   0.0778  -0.0088
  0.0662   0.0821   0.0535  -0.0495   0.0727  -0.0151
  0.0572   0.0762   0.0494  -0.0553   0.0699  -0.0360
  0.0566   0.1337   0.0543  -0.0970   0.0713  -0.0089
  0.0548   0.1179   0.0528  -0.0908   0.0662  -0.0249
  0.0603   0.1417   0.0550  -0.1451   0.0699   0.0091
  0.0645   0.1223   0.0590  -0.1333   0.0797   0.0083
  0.0535   0.1312   0.0422  -0.1274   0.0567  -0.0007
  0.0549   0.1483   0.0469  -0.1300   0.0605   0.0132
  0.0600   0.1541   0.0478  -0.1308   0.0635  -0.0054
  0.0596   0.1831   0.0474  -0.1609   0.0624   0.0119
  0.0596   0.1807   0.0469  -0.1651   0.0603   0.0021
  0.0551   0.1800   0.0580  -0.1783   0.0623   0.0302
  0.0568   0.2174   0.0570  -0.2048   0.0580   0.0370
  0.0431   0.2190   0.0500  -0.1835   0.0554  -0.0193
  0.0230   0.2369   0.0398  -0.1933   0.0360   0.0094
  0.0214   0.2078   0.0406  -0.1610   0.0323  -0.0406
  0.0197   0.1631   0.0328  -0.1141   0.0304   0.0024
  0.0171   0.2510   0.0274  -0.2246   0.0214   0.0564
  0.0200   0.2694   0.0316  -0.2401   0.0316   0.0126
  0.0208   0.2506   0.0344  -0.1817   0.0337  -0.0270
 -0.0100   0.3022   0.0163  -0.2030   0.0076  -0.0479
 -0.0055   0.3084   0.0144  -0.2298   0.0108  -0.0285
  0.0064   0.3642   0.0239  -0.3051   0.0201   0.0182
 -0.0110   0.4191   0.0179  -0.3531   0.0077   0.0001
 -0.0280   0.4778   0.0145  -0.4484   0.0109   0.0671
 -0.0178   0.4360   0.0333  -0.3907   0.0150  -0.0321
 -0.0296   0.4188   0.0248  -0.2896   0.0082  -0.0514
 -0.0301   0.4587   0.0298  -0.3221   0.0081  -0.0020
 -0.0157   0.4622   0.0368  -0.3520   0.0153  -0.0323
 -0.0226   0.5112   0.0205  -0.3803  -0.0057  -0.0388
 -0.0196   0.4966   0.0214  -0.4098   0.0032  -0.0192
 -0.0436   0.5212   0.0094  -0.3376  -0.0256  -0.0837
 -0.0621   0.6181  -0.0003  -0.4408  -0.0475  -0.0028
 -0.0611   0.6121   0.0053  -0.3977  -0.0413  -0.1308
 -0.0768   0.6801   0.0047  -0.4024  -0.0468  -0.0311
 -0.0735   0.7343   0.0119  -0.5160  -0.0377  -0.0351
 -0.0835   0.7279   0.0050  -0.3991  -0.0449  -0.1299
 -0.0890   0.7458   0.0085  -0.4275  -0.0520  -0.1332
 -0.0972   0.7656   0.0012  -0.3986  -0.0562  -0.1306
 -0.1595   0.8206  -0.0199  -0.4113  -0.1130  -0.1133
 -0.1463   0.8454  -0.0194  -0.4600  -0.0975  -0.1056
 -0.1388   0.7311  -0.0115  -0.3322  -0.0933  -0.2164
 -0.1309   0.6885  -0.0215  -0.2622  -0.0853  -0.2395
 -0.1281   0.6629  -0.0245  -0.2910  -0.0823  -0.1405
 -0.1299   0.6384  -0.0283  -0.3065  -0.0810  -0.2055
 -0.1252   0.7221  -0.0193  -0.2964  -0.0781  -0.1179
 -0.1190   0.7483  -0.0113  -0.3694  -0.0810  -0.1332
 -0.1061   0.7605  -0.0139  -0.4950  -0.0687  -0.0493
 -0.1196   0.5776  -0.0288  -0.2957  -0.0806  -0.2973
 -0.1159   0.5252  -0.0300  -0.2531  -0.0942  -0.0753
 -0.0695   0.4222  -0.0336  -0.2104  -0.0591   0.0045
 -0.0870   0.3192  -0.0497  -0.0350  -0.0552  -0.2592
 -0.0873   0.4169  -0.0485  -0.0922  -0.0512  -0.1093
 -0.0676   0.5028  -0.0327  -0.2008  -0.0338  -0.0661
 -0.0711   0.5013  -0.0277  -0.1393  -0.0320  -0.2244
 -0.0774   0.4983  -0.0295  -0.1583  -0.0367  -0.1615
 -0.0861   0.5384  -0.0254  -0.1739  -0.0456  -0.1361
 -0.0937   0.5083  -0.0285  -0.1984  -0.0576  -0.1181
 -0.0983   0.5014  -0.0354  -0.1990  -0.0530  -0.1397
 -0.1007   0.4561  -0.0328  -0.2070  -0.0456  -0.1466
 -0.1022   0.4706  -0.0346  -0.1387  -0.0430  -0.1429
 -0.1027   0.4677  -0.0350  -0.1542  -0.0395  -0.1669
 -0.1016   0.4781  -0.0425  -0.2130  -0.0386  -0.1007
 -0.1096   0.4979  -0.0421  -0.2051  -0.0473  -0.1453
 -0.1159   0.5333  -0.0464  -0.2205  -0.0481  -0.1453
 -0.1110   0.5033  -0.0421  -0.2022  -0.0452  -0.1290
 -0.1239   0.4756  -0.0540  -0.1621  -0.0549  -0.1849
 -0.1431   0.5129  -0.0599  -0.1713  -0.0722  -0.1083
 -0.1420   0.5067  -0.0556  -0.1728  -0.0787  -0.1893
 -0.1344   0.4998  -0.0523  -0.1891  -0.0764  -0.1282
 -0.1519   0.5120  -0.0591  -0.2038  -0.0884  -0.1175
 -0.1477   0.5302  -0.0588  -0.2015  -0.0890  -0.1579
 -0.1468   0.5210  -0.0608  -0.2209  -0.0896  -0.1453
 -0.1421   0.5419  -0.0501  -0.2050  -0.0796  -0.0832
 -0.1423   0.5373  -0.0473  -0.1676  -0.0703  -0.1597
 -0.1382   0.5598  -0.0441  -0.2613  -0.0650  -0.0979
 -0.1258   0.5403  -0.0379  -0.2434  -0.0575  -0.1395
