 -0.4452   0.5164  -1.0748  -1.1460  -0.4385   0.2833
 -0.3716  -0.0771  -0.7853  -0.9078  -0.4704   0.3105
 -0.3597  -0.1035  -0.8114  -0.8708  -0.4646   0.2644
 -0.3635  -0.0978  -0.8589  -0.8704  -0.4578   0.2346
 -0.3521  -0.0542  -0.8086  -0.7951  -0.4263   0.1915
 -0.3753   0.1389  -0.8035  -0.8301  -0.4391   0.3053
 -0.3262   0.0089  -0.8218  -0.7902  -0.4096   0.2615
 -0.3180  -0.1795  -0.7998  -0.7348  -0.4162   0.2611
 -0.3211  -0.1869  -0.7848  -0.7226  -0.4242   0.2345
 -0.3186  -0.1700  -0.8103  -0.7667  -0.4120   0.2586
 -0.3362  -0.1996  -0.7506  -0.7190  -0.4330   0.2274
 -0.3206  -0.1588  -0.7096  -0.7743  -0.4222   0.2637
 -0.3158  -0.2346  -0.6748  -0.7021  -0.4158   0.1734
 -0.2466   0.2428  -0.9811  -1.0153  -0.3487   0.2848
 -0.3066  -0.1440  -0.7078  -0.6759  -0.4062   0.2545
 -0.3034  -0.1243  -0.6911  -0.5863  -0.4074   0.1939
 -0.2834  -0.2222  -0.6631  -0.6689  -0.4068   0.1626
 -0.3307  -0.2458  -0.6126  -0.7011  -0.4345   0.2659
 -0.3465  -0.3037  -0.6208  -0.7460  -0.4395   0.2035
 -0.3498  -0.2454  -0.6583  -0.7043  -0.4516   0.2548
 -0.3249  -0.2836  -0.6783  -0.6833  -0.4169   0.2022
 -0.3033  -0.1909  -0.6975  -0.6705  -0.4026   0.2670
 -0.2984  -0.2651  -0.6767  -0.6643  -0.4012   0.1955
 -0.2739  -0.2395  -0.6570  -0.6278  -0.3856   0.2296
 -0.2885  -0.2045  -0.6283  -0.5906  -0.4002   0.1983
 -0.3049   0.4004  -0.7565  -0.0463  -0.3650   0.1623
 -0.2922   0.0783  -0.6939  -0.5315  -0.3567   0.2028
 -0.2863   0.0606  -0.6951  -0.4879  -0.3630   0.2019
 -0.2704   0.0325  -0.7145  -0.4912  -0.3515   0.1706
 -0.2750  -0.0527  -0.6396  -0.6172  -0.3942   0.2442
 -0.2805  -0.0132  -0.6461  -0.5498  -0.3858   0.2080
 -0.2767  -0.0110  -0.6396  -0.5531  -0.3782   0.2128
 -0.2620  -0.0106  -0.6472  -0.5664  -0.3694   0.2146
 -0.2577  -0.0313  -0.6552  -0.5842  -0.3657   0.1921
 -0.2524  -0.0579  -0.6483  -0.5599  -0.3477   0.1881
 -0.2428  -0.0503  -0.6708  -0.5697  -0.3175   0.2084
 -0.2524  -0.0764  -0.6635  -0.5418  -0.3240   0.1665
 -0.2724  -0.1583  -0.6334  -0.4540  -0.3352   0.1884
 -0.2703  -0.3163  -0.5541  -0.3101  -0.3513   0.0946
 -0.2560  -0.1330  -0.6121  -0.4569  -0.3367   0.1557
 -0.2874  -0.2414  -0.6594  -0.3624  -0.3140   0.1459
 -0.2966  -0.3068  -0.7377  -0.3281  -0.3165   0.1432
 -0.3272   0.5905  -0.5929  -0.5816  -0.2190   0.1652
 -0.1884  -0.1497  -0.8374  -1.0682  -0.2717   0.2855
 -0.2457  -0.2026  -0.6371  -0.9140  -0.3475   0.2292
  0.3103   0.1307  -0.6855  -0.7504   0.2474   0.1502
  0.6821   0.2925  -0.1415  -0.4127   0.4364   0.0501
 -0.7095   1.6731  -0.7335   0.9157  -0.3631  -0.0460
 -0.5533   1.8779  -0.8776   1.8519  -0.3392  -0.0475
 -0.6206   2.0616  -0.8940   2.1216  -0.4454  -0.0449
 -0.6981   2.5878  -0.6860   0.8243  -0.4515  -0.0124
 -0.7758   4.2078  -0.6963  -1.8612  -0.3286   0.7943
 -0.4165   2.3716  -0.4154  -1.7440  -0.3084   0.5945
 -0.1917   1.6257  -0.5440  -1.2597  -0.1726   0.3163
 -0.1398   1.5393  -0.6684  -1.0773  -0.1175   0.2529
 -0.1565   1.3916  -0.6596  -0.9257  -0.1221   0.2306
 -0.1871   1.1098  -0.6156  -0.9308  -0.2023   0.2583
 -0.2115   1.0685  -0.5441  -0.8649  -0.2218   0.2420
 -0.2620   1.1028  -0.5086  -0.8675  -0.2584   0.2510
 -0.1931   0.9205  -0.4937  -0.7590  -0.1759   0.1964
 -0.1062   0.9575  -0.5532  -0.9070  -0.1383   0.2248
 -0.1389   0.9526  -0.5116  -0.6514  -0.1522   0.1801
 -0.1114   0.9834  -0.5624  -0.1845  -0.1439   0.1227
 -0.0336   0.8439  -0.4679   0.6639  -0.1502  -0.1375
 -0.0680   0.8495  -0.4172   0.1212  -0.1366   0.0504
 -0.0763   0.9839  -0.4813   0.7546  -0.1382  -0.0539
 -0.0668   0.8572  -0.3895  -0.3618  -0.1272   0.1592
 -0.0524   0.8448  -0.3838  -0.3766  -0.1132   0.1399
 -0.0690   0.8895  -0.3567  -0.3826  -0.1179   0.1451
 -0.0284   0.1908  -0.2060   0.2180  -0.0962  -0.0180
  0.0386  -0.0291   0.1846   1.0202  -0.2049  -0.0550
  0.0785   0.4528   0.2263   1.8950  -0.1230  -0.2254
 -0.0292  -0.2021  -0.0484  -0.0616  -0.0899   0.1828
 -0.0058  -0.0976  -0.0345  -0.2397  -0.0682   0.0626
 -0.0300  -0.1127  -0.0760  -0.0802  -0.0651  -0.0178
 -0.0160  -0.0995  -0.1331  -0.0220  -0.0367   0.0141
 -0.0309   0.4484  -0.2584  -0.2518  -0.0018   0.0823
 -0.0072   0.2295  -0.2027  -0.5707  -0.0910   0.1801
  0.0260   0.1815  -0.1426  -0.2442  -0.1032   0.0673
  0.0222   0.1138  -0.1033  -0.3148  -0.0449   0.0839
  0.0111   0.0586  -0.1264  -0.1805  -0.0321   0.0320
  0.0304   0.0858  -0.1550  -0.1917  -0.0215   0.1001
  0.0234   0.0597  -0.1381  -0.1780  -0.0303   0.0608
  0.0096   0.0987  -0.1499  -0.1868  -0.0391   0.1222
  0.0326   0.1218  -0.1504  -0.3033  -0.0138   0.0267
  0.0764   0.6108  -0.2025  -0.1388   0.0125   0.0944
  0.0834   0.1924  -0.1011  -0.3802  -0.0350   0.1239
  0.1283   0.1625   0.0650  -0.3685   0.0417   0.0811
 -0.0811  -0.1129   0.1932  -0.0396  -0.0139  -0.0058
 -0.2090  -0.1167   0.2526   0.0861  -0.1158  -0.0010
 -0.1871  -0.0998   0.1625   0.1467  -0.0771   0.0078
 -0.2507  -0.1224   0.1804   0.1234  -0.1303  -0.0207
 -0.1862  -0.1377   0.1574   0.1203  -0.0894  -0.0055
  0.0166  -0.2383   0.0951   0.0706   0.0816  -0.0044
  0.3462   0.1836   0.0352   0.3010   0.4209  -0.0963
  0.1420   1.7164   0.1196   1.4361   0.2764  -0.2743
  0.1493   1.8006   0.1000   1.5361   0.2438  -0.2059
  0.0104   0.2436   0.0972   0.1033  -0.0239   0.1701
 -0.0381  -0.6674   0.2665   0.2919  -0.0826  -0.0577
 -0.0013  -0.4429   0.2742   0.6133  -0.0278  -0.1151
  0.0637   0.0640   0.1861   0.6383   0.0247  -0.0988
  0.0290   0.4355   0.0642   0.3910   0.0710  -0.0213
  0.0044   1.0907  -0.0668  -1.3250  -0.0278   0.1218
  0.0948   0.1517   0.0791  -0.5160   0.0497   0.0248
  0.0384   0.0878   0.1068  -0.3561   0.0267   0.0369
  0.1987   0.0562  -0.0330  -0.2771   0.1728   0.0265
  0.1158  -0.0451  -0.0145  -0.2259   0.1096   0.0217
  0.0889   0.0635   0.0395  -0.2684   0.0642   0.0438
 -0.0317   1.0147   0.0141  -0.9477   0.0234   0.0515
  0.0404   0.2289  -0.1002  -0.3181   0.0896  -0.0404
  0.1013   0.6977  -0.2768   0.2559   0.0903  -0.1335
  0.0315   0.1463   0.0373  -0.0905  -0.0027   0.1191
  0.0440  -0.0155   0.2163  -0.3613  -0.0373   0.0482
 -0.7869   0.6887   0.5772  -0.5019  -0.4079   0.0568
 -0.3875   0.5129   0.4360  -0.3930  -0.2152   0.0461
 -0.3574   0.4664   0.4193  -0.3119  -0.1934   0.0556
 -0.3092   0.4561   0.3323  -0.2150  -0.1315  -0.0013
 -0.2448   0.3585   0.3599  -0.3860  -0.1664   0.0983
 -0.2596   0.3802   0.3511  -0.3474  -0.1695   0.0656
 -0.2526   0.3679   0.3489  -0.3578  -0.1687   0.0536
 -0.2388   0.3487   0.3504  -0.3172  -0.1561   0.0282
 -0.2085   0.3122   0.3484  -0.2649  -0.1307   0.0411
 -0.2171   0.2568   0.3330  -0.2381  -0.1232   0.0484
 -0.1918   0.2704   0.3302  -0.2118  -0.1114   0.0468
 -0.2588   0.4068   0.3931  -0.3130  -0.1641   0.0477
 -0.1679   0.2330   0.3663  -0.3646  -0.1188   0.0478
 -0.1001   0.0586   0.3403  -0.3369  -0.1020   0.0140
 -0.1046   0.3351   0.2641  -0.1134   0.0117  -0.0435
 -0.1138   0.2550   0.2682  -0.4031  -0.0481   0.0627
 -0.1003   0.1578   0.2438  -0.2096  -0.0245  -0.0086
 -0.0945   0.1646   0.2481  -0.2107  -0.0288  -0.0038
 -0.0899   0.1703   0.2537  -0.1951  -0.0323  -0.0300
 -0.0728   0.1847   0.2635  -0.2320  -0.0255   0.0052
 -0.0679   0.1745   0.2537  -0.2273  -0.0234   0.0202
 -0.0604   0.1612   0.2450  -0.2122  -0.0043   0.0091
 -0.0676   0.1273   0.2402  -0.2162  -0.0052   0.0068
 -0.0218   0.1022   0.2220  -0.2217   0.0199   0.0094
 -0.0375  -0.0346   0.3120  -0.2989  -0.0634   0.0175
 -0.0079  -0.0915   0.2883   0.4182   0.0225  -0.1312
 -0.1641   0.2447   0.1506   0.4008   0.0450  -0.0885
  0.0474   0.1387  -0.2207   0.2362   0.3292  -0.0483
 -0.1117   0.4619  -0.2423  -0.0105   0.1887   0.0134
 -0.0312  -0.0935  -0.1053   0.0793   0.1477  -0.0884
 -0.0121   0.1702  -0.1603   0.2620   0.1299  -0.0285
  0.0208   0.0037   0.0383  -0.1376   0.0500  -0.0318
  0.0273   0.0038   0.0336  -0.0946   0.0589  -0.0455
 -0.0368  -0.0417   0.0875  -0.2329  -0.0029  -0.0339
 -0.0259  -0.2059   0.2180  -0.1059  -0.0100  -0.0387
  0.0619  -0.2121   0.0848  -0.1180   0.0969  -0.0254
  0.0328  -0.0492   0.0950  -0.2318   0.0543  -0.0207
 -0.0370  -0.0484   0.0994  -0.1807   0.0077  -0.0082
 -0.1023  -0.0811   0.1748  -0.1308  -0.0197  -0.0504
 -0.0890   0.0555   0.1248  -0.2011  -0.0267  -0.0283
 -0.0522   0.3752  -0.0191  -0.3749   0.0148   0.0286
  0.0617   0.2488  -0.0695  -0.2892   0.0980  -0.0269
  0.3059  -0.2760   0.2711   1.0333   0.3935  -0.1528
  0.3574  -0.3217   0.5793   2.0516   0.4221  -0.2841
  0.3804  -0.2702   0.5109   2.2697   0.3777  -0.3269
  0.4915  -1.5737   0.2456   3.5161   0.5252  -0.5960
  0.6151  -1.6023   0.1214   3.4268   0.6331  -0.4793
  0.5697  -1.3045   0.2301   3.2683   0.6028  -0.4833
  0.5280  -0.9820   0.2667   2.9118   0.6111  -0.3972
  0.5166  -0.8696   0.3005   2.8041   0.6205  -0.4439
  0.1948   0.0326   0.6127   1.6709   0.4425  -0.3014
  0.1245   0.5283   0.4540   0.0088   0.5879   0.1607
  0.4910  -0.2238  -0.1678   1.3803   0.7824  -0.2023
  0.6443  -0.3562  -0.2643   1.6226   0.9659  -0.3056
  0.8742   0.3524  -0.0079   1.9830   1.0449  -0.3771
  0.5585  -0.2249   0.0091   0.8315   0.5570  -0.1146
  0.4046  -0.7067   0.0374   1.0431   0.3568  -0.2384
  0.3381  -0.5995  -0.1448   1.2088   0.4139  -0.2526
  0.3645  -0.7748   0.1159   1.0037   0.3371  -0.1969
  0.4180  -0.8547  -0.0944   1.8550   0.4875  -0.3289
  0.5414  -0.6841  -0.1926   1.7186   0.6147  -0.3073
  0.4421  -0.6039  -0.1180   1.4101   0.4968  -0.3013
  0.3269  -0.7394   0.3584   0.6877   0.2606  -0.1986
  0.3387  -0.6277   0.3708   0.3225   0.2428  -0.1783
  0.2893  -0.5894   0.4406   0.3550   0.2376  -0.1601
  0.3170  -0.6099   0.4194   0.3642   0.2467  -0.1933
  0.3303  -0.5581   0.3885   0.4325   0.3051  -0.2357
  0.3238  -0.5317   0.3392   0.4485   0.3162  -0.1367
  0.2066  -0.4655   0.4000   0.2559   0.1952  -0.1838
 -0.9152   0.4831   1.0766   0.1360  -0.4848  -0.1144
  0.0723  -0.5295   0.9518   0.4010   0.0349  -0.1588
  0.2500  -0.7199   0.8238   0.9711   0.2255  -0.2653
  0.2496  -0.4441   0.6934   0.5036   0.2047  -0.2045
  0.2664  -0.4532   0.6821   0.1680   0.1587  -0.1387
  0.2584  -0.4696   0.6555   0.0398   0.1860  -0.1848
  0.2750  -0.3344   0.6065  -0.1112   0.2102  -0.1241
  0.2378  -0.4827   0.5658   0.2677   0.1881  -0.1980
  0.2975  -0.5506   0.4968   0.3562   0.2409  -0.2158
  0.3047  -0.5250   0.5056   0.3298   0.2339  -0.1692
  0.2994  -0.5098   0.5001   0.3162   0.2352  -0.1550
  0.2857  -0.5310   0.4991   0.3546   0.2292  -0.1717
  0.3035  -0.5225   0.4979   0.3263   0.2388  -0.1658
  0.3097  -0.5177   0.5078   0.3605   0.2420  -0.1789
  0.2876  -0.5071   0.4734   0.3475   0.2483  -0.1844
 -0.2613   1.3685   0.2250  -0.7600   0.1431  -0.0989
 -0.8384   3.5069  -0.0763  -2.2543   0.1261   0.4071
  0.0640  -0.1792  -0.3532  -0.4662   0.3018   0.0037
  0.1650  -0.3861   0.1173  -0.2829   0.1976  -0.0854
  0.1738  -0.3608   0.1239  -0.3038   0.1943  -0.0941
  0.1773  -0.3968   0.1344  -0.2305   0.2086  -0.1415
  0.1773  -0.4091   0.1491  -0.1491   0.2229  -0.0876
  0.2192  -0.0565   0.1360   0.0701   0.2114  -0.1915
  0.2157  -0.2523   0.2741  -0.1632   0.1569   0.0131
  0.0654  -0.4459   0.5790  -0.1111   0.0331  -0.0638
  0.1425  -0.4782   0.5276  -0.0821   0.0955  -0.1014
  0.1853  -0.4617   0.4805   0.0328   0.1293  -0.1348
  0.2045  -0.4420   0.4304   0.0207   0.1642  -0.1002
  0.2114  -0.4356   0.4110  -0.0137   0.1671  -0.0769
  0.2165  -0.4339   0.4190  -0.0167   0.1675  -0.0777
  0.2175  -0.4081   0.4191  -0.0273   0.1680  -0.0940
  0.2126  -0.4645   0.4280   0.0083   0.1606  -0.1344
  0.2048  -0.4598   0.4229   0.0169   0.1614  -0.0990
  0.2004  -0.4346   0.4367  -0.0147   0.1371  -0.0917
  0.2085  -0.4266   0.4233  -0.0180   0.1549  -0.0894
  0.2129  -0.4249   0.4240  -0.0522   0.1618  -0.1200
  0.2086  -0.4570   0.4235  -0.0508   0.1580  -0.1470
  0.2252  -0.4324   0.4147  -0.0591   0.1654  -0.1025
  0.2546  -0.4352   0.4510  -0.0953   0.2043  -0.1018
  0.2016  -0.2262   0.5096   0.4617   0.2031  -0.1569
  0.4387   0.8567   0.5453   1.8305   0.3783  -0.2317
  0.3572  -0.2947   0.2446   0.3986   0.2717  -0.0854
  0.3863  -0.5578   0.3727   0.6954   0.2412  -0.2330
  0.3530  -0.4703   0.3273   0.6821   0.2716  -0.1909
  0.2655  -0.8466   0.0991   1.5574   0.3856  -0.3915
  0.2414  -0.4795   0.4069   0.1734   0.1980  -0.1412
  0.2719  -0.4668   0.4285   0.2716   0.2318  -0.1769
  0.3082  -0.4767   0.3336   0.3264   0.2670  -0.2072
  0.2089  -0.4159   0.3176   0.3407   0.2035  -0.1910
  0.2655  -0.4468   0.3654   0.3612   0.2771  -0.1963
  0.2990  -0.3789   0.3024   0.3196   0.2879  -0.1727
  0.3011  -0.4542   0.2871   0.3452   0.3015  -0.2154
  0.2895  -0.3700   0.3245   0.3099   0.2792  -0.1839
  0.2844  -0.3593   0.3122   0.3111   0.2786  -0.1597
  0.2740  -0.3622   0.3598   0.3091   0.2791  -0.2127
  0.3339  -0.3596   0.3383   0.3034   0.3058  -0.1821
  0.3657  -0.3964   0.3170   0.3233   0.3334  -0.1771
  0.1388  -0.4037   0.4553   0.3336   0.1706  -0.1748
