 -0.0208   0.0489   0.0701  -0.1518   0.0217  -0.2049
 -0.0086   0.0600   0.0697  -0.1616   0.0174  -0.1923
 -0.0184   0.0139   0.0732  -0.1129   0.0064  -0.1741
 -0.0224   0.0214   0.0242   0.0123   0.0736  -0.0316
  0.0020   0.0367   0.0164  -0.0468   0.0702  -0.0909
 -0.0302   0.0044   0.0245  -0.0311   0.0796  -0.0777
 -0.0193   0.0133   0.0282  -0.0116   0.0899  -0.0838
 -0.0191   0.0322   0.0231   0.0131   0.0808  -0.0826
 -0.0246   0.0360   0.0225   0.0260   0.0720  -0.0958
 -0.0155   0.0573   0.0130  -0.0123   0.0723  -0.1240
 -0.0193   0.0416   0.0238   0.0158   0.0712  -0.1138
 -0.0211   0.0233   0.0110   0.0219   0.0603  -0.1234
 -0.0170   0.0402   0.0199   0.0055   0.0521  -0.1046
 -0.0234   0.0285   0.0306   0.0251   0.0390  -0.1190
 -0.0169   0.0529   0.0277   0.0211   0.0362  -0.1032
 -0.0048   0.0653   0.0252  -0.0058   0.0437  -0.1047
  0.0027   0.0284   0.0210  -0.0090   0.0330  -0.1070
 -0.0083   0.0455   0.0114  -0.0041   0.0446  -0.1209
 -0.0159   0.0542   0.0089   0.0044   0.0437  -0.1195
 -0.0118   0.0563   0.0106  -0.0108   0.0365  -0.1093
 -0.0142   0.0662   0.0129  -0.0221   0.0320  -0.1351
 -0.0182   0.0542   0.0187  -0.0033   0.0355  -0.1117
 -0.0218  -0.0089   0.0074   0.0337   0.0315  -0.0645
 -0.0205   0.0573   0.0151   0.0221   0.0322  -0.1190
 -0.0149   0.0458   0.0111   0.0124   0.0331  -0.1357
 -0.0107   0.0314   0.0129   0.0001   0.0271  -0.1299
 -0.0048   0.0474   0.0002  -0.0325   0.0197  -0.1503
  0.0030   0.0228  -0.0077  -0.0076   0.0151  -0.1240
  0.0047   0.0264  -0.0015  -0.0244   0.0157  -0.1197
 -0.0042   0.0304   0.0027  -0.0123   0.0187  -0.1127
 -0.0069   0.0491  -0.0002  -0.0458   0.0198  -0.1382
 -0.0012   0.0221  -0.0095  -0.0388   0.0220  -0.0895
 -0.0047   0.0399  -0.0014  -0.0512   0.0186  -0.1024
 -0.0072   0.0436  -0.0060  -0.0497   0.0247  -0.1130
 -0.0064   0.0339  -0.0021  -0.0387   0.0205  -0.0963
 -0.0070   0.0433   0.0007  -0.0353   0.0170  -0.1028
 -0.0068   0.0398  -0.0000  -0.0455   0.0148  -0.1118
 -0.0089   0.0427   0.0034  -0.0368   0.0123  -0.1010
 -0.0047   0.0436   0.0029  -0.0377   0.0089  -0.1129
 -0.0086   0.0397   0.0052  -0.0379   0.0094  -0.1186
 -0.0137   0.0272   0.0060  -0.0213   0.0111  -0.1223
 -0.0126   0.0421   0.0022  -0.0260   0.0072  -0.1118
 -0.0124   0.0402  -0.0025  -0.0325   0.0056  -0.1087
 -0.0087   0.0591  -0.0042  -0.0516   0.0074  -0.0932
 -0.0114   0.0604  -0.0012  -0.0644   0.0064  -0.1086
 -0.0054   0.0711   0.0050  -0.0744   0.0138  -0.1048
 -0.0056   0.0614   0.0016  -0.0681   0.0108  -0.1242
  0.0029   0.0659  -0.0023  -0.0647   0.0084  -0.1224
 -0.0042   0.0748   0.0028  -0.0752   0.0032  -0.1212
 -0.0056   0.0672  -0.0040  -0.0533   0.0059  -0.0929
 -0.0039   0.0553  -0.0105  -0.0631   0.0022  -0.0941
 -0.0201   0.0423   0.0048  -0.0534   0.0036  -0.0893
 -0.0073   0.0572  -0.0045  -0.0600   0.0055  -0.1009
 -0.0057   0.0346  -0.0068  -0.0638   0.0085  -0.1038
  0.0038   0.0407  -0.0018  -0.1059   0.0148  -0.0980
  0.0009   0.0373   0.0012  -0.1077   0.0020  -0.1202
 -0.0178   0.0462  -0.0026  -0.0654   0.0007  -0.1004
 -0.0097   0.0388  -0.0028  -0.0545  -0.0036  -0.0979
 -0.0001   0.0176  -0.0042  -0.0633  -0.0019  -0.0764
 -0.0041  -0.0048   0.0100  -0.0254  -0.0033  -0.0598
 -0.0077   0.0092   0.0084  -0.0447  -0.0070  -0.0661
 -0.0129   0.0100   0.0058  -0.0298  -0.0128  -0.0662
 -0.0032   0.0099   0.0144  -0.0373  -0.0075  -0.0723
 -0.0103   0.0038   0.0190  -0.0103  -0.0171  -0.0665
 -0.0084   0.0014   0.0122  -0.0289  -0.0238  -0.0632
 -0.0072   0.0082   0.0180  -0.0223  -0.0262  -0.0565
  0.0029  -0.0108   0.0129  -0.0778  -0.0310  -0.0468
  0.0067  -0.0422   0.0185  -0.0603   0.0010  -0.0198
 -0.0022  -0.0371   0.0103  -0.0380   0.0030  -0.0131
 -0.0066  -0.0458   0.0222  -0.0260  -0.0130   0.0021
  0.0010  -0.0107   0.0196  -0.0581  -0.0119  -0.0089
 -0.0017  -0.0123   0.0117  -0.0499  -0.0164  -0.0284
 -0.0052  -0.0199   0.0130  -0.0416  -0.0158  -0.0090
 -0.0054  -0.0159   0.0165  -0.0188  -0.0238  -0.0076
 -0.0082  -0.0185   0.0103  -0.0220  -0.0273  -0.0173
 -0.0113  -0.0205   0.0089  -0.0416  -0.0249  -0.0207
 -0.0109  -0.0089   0.0131  -0.0306  -0.0250  -0.0198
 -0.0119  -0.0090   0.0089  -0.0227  -0.0235  -0.0154
 -0.0098  -0.0206   0.0130  -0.0243  -0.0204  -0.0082
 -0.0031  -0.0207   0.0160  -0.0116  -0.0310   0.0100
 -0.0074  -0.0141   0.0147  -0.0176  -0.0365   0.0125
 -0.0115  -0.0178   0.0153  -0.0227  -0.0305   0.0302
 -0.0168  -0.0949  -0.0182  -0.0677   0.0565  -0.0244
  0.0477  -0.0734  -0.0313  -0.0159   0.0401   0.0773
  0.0431  -0.0465  -0.0317  -0.0239   0.0339   0.0743
  0.0371  -0.0092  -0.0317  -0.0269   0.0322   0.0905
  0.0352  -0.0245  -0.0256   0.0000   0.0254   0.0850
  0.0256  -0.0250  -0.0217   0.0114   0.0238   0.0847
  0.0236  -0.0224  -0.0289   0.0077   0.0188   0.0856
  0.0217  -0.0147  -0.0356  -0.0064   0.0101   0.0962
  0.0180  -0.0079  -0.0390  -0.0216   0.0124   0.0943
  0.0155   0.0118  -0.0398  -0.0201   0.0051   0.0695
  0.0168  -0.0073  -0.0334  -0.0046   0.0062   0.1021
  0.0134   0.0082  -0.0287   0.0043   0.0044   0.0877
  0.0138   0.0114  -0.0331  -0.0057   0.0065   0.1119
  0.0112  -0.0170  -0.0364   0.0033  -0.0050   0.1170
  0.0130   0.0014  -0.0435  -0.0093   0.0011   0.1111
  0.0202   0.0079  -0.0317   0.0059   0.0016   0.1254
  0.0178   0.0017  -0.0273  -0.0118   0.0010   0.1198
  0.0275  -0.0009  -0.0355  -0.0097   0.0014   0.1191
  0.0214  -0.0125  -0.0340   0.0061   0.0018   0.1336
  0.0217  -0.0179  -0.0333   0.0156  -0.0005   0.1382
  0.0239  -0.0082  -0.0305   0.0283  -0.0068   0.1359
  0.0451  -0.0701  -0.0314   0.0539  -0.0077   0.0937
  0.0237  -0.0421  -0.0470   0.0698  -0.0159   0.1270
  0.0227  -0.0435  -0.0362   0.0779  -0.0279   0.1196
  0.0014  -0.0160  -0.0245   0.0646  -0.0265   0.1410
  0.0071  -0.0234  -0.0180   0.0952  -0.0345   0.1723
  0.0111  -0.0514  -0.0167   0.1272  -0.0374   0.1665
  0.0093  -0.0467  -0.0110   0.1166  -0.0378   0.1550
  0.0098  -0.0479  -0.0172   0.1221  -0.0433   0.1638
  0.0086  -0.0555  -0.0123   0.1369  -0.0495   0.1889
  0.0101  -0.0549  -0.0096   0.1315  -0.0514   0.1822
  0.0268  -0.0807  -0.0187   0.1055  -0.0553   0.1656
  0.0307  -0.0970  -0.0112   0.1346  -0.0567   0.1750
  0.0171  -0.1187   0.0086   0.1553  -0.0603   0.2324
  0.0199  -0.0999  -0.0039   0.1490  -0.0634   0.2149
  0.0150  -0.0845   0.0010   0.1196  -0.0660   0.1943
  0.0200  -0.0822   0.0017   0.1365  -0.0693   0.2224
  0.0147  -0.0937  -0.0026   0.1367  -0.0702   0.2277
  0.0035  -0.0909   0.0021   0.1455  -0.0744   0.2503
  0.0028  -0.1035  -0.0044   0.1632  -0.0785   0.2733
 -0.0014  -0.0962   0.0020   0.1562  -0.0756   0.2753
 -0.0045  -0.0984   0.0045   0.1553  -0.0794   0.2946
 -0.0077  -0.1017   0.0077   0.1454  -0.0788   0.2877
  0.0002  -0.0971  -0.0024   0.1121  -0.0927   0.2871
 -0.0009  -0.0909   0.0008   0.1097  -0.0921   0.2846
  0.0080  -0.0964  -0.0010   0.0770  -0.0818   0.2840
