 -0.0587   0.0234   0.0260   0.0085  -0.0579  -0.1322
 -0.0593   0.0052   0.0293   0.0026  -0.0517  -0.1061
 -0.0631   0.0046   0.0335  -0.0210  -0.0491  -0.1147
 -0.0419  -0.0295   0.0027  -0.0184  -0.0408  -0.0962
 -0.0377  -0.0148   0.0113  -0.0102  -0.0434  -0.0946
 -0.0457  -0.0447   0.0137  -0.0775  -0.0556  -0.0807
 -0.0466  -0.0347   0.0109  -0.0734  -0.0392  -0.0907
 -0.0383  -0.0178   0.0004  -0.0300  -0.0214  -0.0877
 -0.0115  -0.0124  -0.0525  -0.0009   0.0073  -0.0579
 -0.0068  -0.0032  -0.0557  -0.0282  -0.0040  -0.0865
 -0.0149  -0.0310  -0.0457  -0.0447  -0.0076  -0.0665
 -0.0120  -0.0264  -0.0426  -0.0214  -0.0014  -0.0694
 -0.0020  -0.0126  -0.0471  -0.0006   0.0060  -0.0676
 -0.0042  -0.0277  -0.0548   0.0117  -0.0109  -0.0404
 -0.0221   0.0127  -0.0465   0.0318  -0.0042  -0.0627
 -0.0171  -0.0225  -0.0320  -0.0248  -0.0110  -0.0573
 -0.0015  -0.0246  -0.0373   0.0009  -0.0038  -0.0485
  0.0106  -0.0166  -0.0324   0.0072  -0.0014  -0.0284
  0.0096  -0.0151  -0.0479   0.0008   0.0094  -0.0361
  0.0026  -0.0587  -0.0438   0.0240  -0.0088   0.0031
 -0.0001  -0.0581  -0.0346  -0.0018  -0.0148   0.0013
  0.0229   0.0152  -0.0204   0.0276   0.0042  -0.0445
  0.0161  -0.0272  -0.0160   0.0177  -0.0077  -0.0358
  0.0151  -0.0332  -0.0190   0.0069   0.0022  -0.0093
  0.0106  -0.0251  -0.0153   0.0022  -0.0034  -0.0145
  0.0002  -0.0324  -0.0080  -0.0126  -0.0006  -0.0227
  0.0097   0.0085  -0.0176   0.0424  -0.0059  -0.0242
  0.0207   0.0061  -0.0184   0.0436  -0.0083  -0.0291
  0.0183  -0.0219  -0.0190   0.0297   0.0051   0.0042
  0.0093  -0.0161  -0.0303   0.0456  -0.0008   0.0062
 -0.0014   0.0156  -0.0061   0.0412   0.0037  -0.0292
  0.0063  -0.0560  -0.0086  -0.0321  -0.0036   0.0046
 -0.0026  -0.0545   0.0059  -0.0615  -0.0046   0.0202
 -0.0053  -0.0230   0.0109  -0.0484   0.0012  -0.0180
 -0.0153   0.0296   0.0324   0.0175  -0.0230  -0.0274
 -0.0130   0.0100   0.0176  -0.0045  -0.0175  -0.0079
 -0.0023   0.0258   0.0124   0.0168  -0.0146  -0.0277
 -0.0018   0.0372   0.0174   0.0225  -0.0131  -0.0297
 -0.0052   0.0535   0.0242   0.0416  -0.0145  -0.0303
 -0.0042   0.0208   0.0112   0.0371  -0.0075  -0.0135
 -0.0037  -0.0129   0.0181   0.0169  -0.0063  -0.0006
 -0.0002   0.0128   0.0047   0.0240   0.0011   0.0006
 -0.0158   0.0280  -0.0027   0.0319  -0.0107   0.0049
 -0.0070  -0.0441   0.0213  -0.0139  -0.0030   0.0356
  0.0100  -0.0099   0.0073  -0.0084   0.0199   0.0147
  0.0098  -0.0163  -0.0022  -0.0049   0.0063   0.0041
  0.0114  -0.0062   0.0066  -0.0231   0.0104   0.0022
  0.0062   0.0263  -0.0010   0.0126   0.0064  -0.0114
  0.0138   0.0432   0.0296   0.0315   0.0204  -0.0217
  0.0206  -0.0094   0.0233   0.0121   0.0117   0.0367
  0.0243  -0.0194  -0.0125  -0.0037   0.0329   0.0253
  0.0252  -0.0413  -0.0092  -0.0479   0.0319   0.0418
  0.0220  -0.0123  -0.0108   0.0036   0.0307   0.0308
  0.0113  -0.0246  -0.0069  -0.0414   0.0113   0.0343
  0.0114  -0.0275  -0.0036  -0.0700   0.0035   0.0429
  0.0129  -0.0129   0.0120  -0.0441   0.0062   0.0247
  0.0063   0.0227   0.0116  -0.0059   0.0016   0.0347
  0.0035   0.0895   0.0067   0.0795  -0.0021   0.0166
  0.0212   0.1137   0.0346   0.0879  -0.0056  -0.0035
  0.0047   0.0563   0.0085   0.0358   0.0122   0.0146
  0.0062   0.0281   0.0156  -0.0031  -0.0011   0.0309
  0.0113   0.0407   0.0229   0.0230   0.0004   0.0160
  0.0194   0.0274   0.0238  -0.0145   0.0037   0.0091
  0.0142   0.0166   0.0136   0.0067   0.0056   0.0257
  0.0180   0.0153   0.0099   0.0321   0.0124   0.0431
 -0.0043   0.0245   0.0116   0.0044   0.0020   0.0248
 -0.0066   0.0213   0.0264   0.0080   0.0056   0.0247
  0.0045   0.0293   0.0217  -0.0049   0.0166   0.0546
  0.0005   0.0489   0.0163   0.0163   0.0175   0.0527
 -0.0032   0.0173   0.0226  -0.0144   0.0158   0.0482
 -0.0089   0.0083   0.0284  -0.0119   0.0085   0.0506
 -0.0037   0.0385   0.0157   0.0286   0.0148   0.0422
  0.0105   0.0151   0.0180  -0.0091   0.0170   0.0492
  0.0217  -0.0125   0.0210  -0.0154   0.0244   0.0764
  0.0110  -0.0372   0.0184  -0.0488   0.0183   0.1023
  0.0088  -0.0128   0.0122  -0.0435   0.0180   0.0809
  0.0150   0.0097  -0.0042   0.0033   0.0168   0.0656
  0.0183   0.0309   0.0108   0.0006   0.0108   0.0589
  0.0181   0.0190  -0.0019   0.0078   0.0294   0.0723
  0.0121   0.0188  -0.0087   0.0043   0.0210   0.0775
  0.0172   0.0107   0.0094   0.0305   0.0205   0.0706
  0.0144  -0.0082   0.0024   0.0032   0.0260   0.0930
  0.0022   0.0252  -0.0044   0.0344   0.0166   0.0737
 -0.0083  -0.0182   0.0247  -0.0016   0.0036   0.0945
  0.0032  -0.0522   0.0273  -0.0498   0.0075   0.1189
