  0.1143   0.5460  -0.3464  -0.1332   0.1926   0.0434
  0.0960   0.5221  -0.3224  -0.1310   0.1848   0.0641
  0.0904   0.4839  -0.3026  -0.1062   0.1934   0.0712
  0.0997   0.4675  -0.3134  -0.0641   0.1954   0.0675
  0.0957   0.4636  -0.3043  -0.0709   0.1652   0.0590
  0.0880   0.4951  -0.2930  -0.1145   0.1834   0.0661
  0.0939   0.5171  -0.3126  -0.1595   0.2090   0.0603
  0.0917   0.4988  -0.3119  -0.1176   0.2001   0.0542
  0.0959   0.5344  -0.3202  -0.1063   0.1771   0.0442
  0.0885   0.5928  -0.3219  -0.1787   0.1542   0.0305
  0.0876   0.5470  -0.3096  -0.1670   0.1765   0.0331
  0.0964   0.5647  -0.3171  -0.1288   0.1682   0.0428
  0.0961   0.6062  -0.3081  -0.1969   0.1412   0.0359
  0.0890   0.6311  -0.3131  -0.1694   0.1410   0.0218
  0.0952   0.5918  -0.3046  -0.1053   0.1554   0.0316
  0.0951   0.6122  -0.2937  -0.1403   0.1400   0.0279
  0.0934   0.6311  -0.2864  -0.1637   0.1516   0.0374
  0.0934   0.5963  -0.2845  -0.1402   0.1745   0.0394
  0.0965   0.5525  -0.2773  -0.1207   0.1747   0.0507
  0.0959   0.5410  -0.2835  -0.0869   0.1721   0.0494
  0.0907   0.5714  -0.2852  -0.1485   0.1525   0.0305
  0.0872   0.6158  -0.3019  -0.1646   0.1610   0.0075
  0.0849   0.5783  -0.3068  -0.1259   0.1657   0.0261
  0.0862   0.5217  -0.2858  -0.1118   0.1575   0.0362
  0.0803   0.5631  -0.2771  -0.1624   0.1578   0.0195
  0.0830   0.5441  -0.2925  -0.1372   0.1493   0.0221
  0.0841   0.5247  -0.2564  -0.0965   0.1377   0.0183
  0.0741   0.5072  -0.2566  -0.1315   0.1334   0.0099
  0.0693   0.4650  -0.2411  -0.1508   0.1205   0.0205
  0.0714   0.4755  -0.2421  -0.1696   0.1376   0.0200
  0.0614   0.3872  -0.2200  -0.1113   0.1340   0.0283
  0.0610   0.4021  -0.1888  -0.1478   0.1151   0.0125
  0.0688   0.5422  -0.2447  -0.2038   0.1438   0.0076
  0.0790   0.5111  -0.3233  -0.2040   0.1729   0.0202
  0.0742   0.4227  -0.2778  -0.1563   0.1565   0.0396
  0.0376   0.4180  -0.2414  -0.1704   0.1048   0.0436
  0.0454   0.4158  -0.2314  -0.1781   0.1269   0.0367
  0.0484   0.3774  -0.2415  -0.0936   0.1327   0.0452
  0.0482   0.4090  -0.2138  -0.1661   0.1107   0.0209
  0.0429   0.3767  -0.2184  -0.1811   0.1139   0.0380
  0.0447   0.3505  -0.2267  -0.1366   0.1124   0.0357
  0.0312   0.3645  -0.2174  -0.1276   0.0940   0.0379
  0.0298   0.3918  -0.2140  -0.1669   0.0765   0.0270
  0.0246   0.3759  -0.2043  -0.1770   0.1055   0.0222
  0.0329   0.3709  -0.2204  -0.1255   0.1115   0.0296
  0.0330   0.3701  -0.2199  -0.1082   0.1113   0.0338
  0.0185   0.3768  -0.2098  -0.1354   0.0941   0.0430
  0.0180   0.3888  -0.2162  -0.1213   0.0826   0.0412
  0.0232   0.4234  -0.2462  -0.0756   0.1113   0.0360
  0.0278   0.3862  -0.2167  -0.0478   0.0773   0.0300
  0.0192   0.3598  -0.2113  -0.0723   0.0807   0.0442
  0.0168   0.3148  -0.1995  -0.0626   0.0838   0.0569
  0.0159   0.3808  -0.1860  -0.1023   0.0774   0.0464
  0.0042   0.4043  -0.2151  -0.1063   0.0731   0.0427
  0.0066   0.3739  -0.2057  -0.0848   0.0916   0.0431
  0.0163   0.3677  -0.2086  -0.0417   0.0921   0.0354
  0.0132   0.3415  -0.1911  -0.0672   0.0775   0.0400
 -0.0073   0.2975  -0.1862  -0.0492   0.0936   0.0477
 -0.0002   0.2684  -0.1950  -0.0023   0.0888   0.0526
 -0.0012   0.3037  -0.2099   0.0023   0.0673   0.0485
 -0.0013   0.3164  -0.2012  -0.0101   0.0809   0.0450
  0.0002   0.3028  -0.2038   0.0058   0.0841   0.0602
  0.0064   0.3097  -0.2132   0.0151   0.0790   0.0508
 -0.0048   0.3431  -0.2014  -0.0432   0.0661   0.0404
  0.0002   0.3340  -0.1936  -0.0419   0.0839   0.0455
  0.0051   0.3053  -0.1753  -0.0610   0.0852   0.0365
  0.0104   0.2750  -0.1741  -0.0090   0.0808   0.0507
  0.0269   0.1970  -0.1138  -0.0129   0.0961   0.0592
  0.0272   0.1259  -0.0825  -0.0136   0.1061   0.0708
  0.0314   0.0456  -0.0704  -0.0078   0.1115   0.0780
  0.0238   0.0364  -0.0761   0.0403   0.0738   0.0672
  0.0149   0.0620  -0.0220   0.0010   0.0587   0.0527
  0.0040   0.0652  -0.0598   0.0637   0.0656   0.0791
  0.0005   0.0769  -0.0891   0.0932   0.0699   0.0724
  0.0041   0.1010  -0.0813   0.0977   0.0518   0.0718
 -0.0011   0.1161  -0.0762   0.0911   0.0490   0.0573
 -0.0015   0.0969  -0.0696   0.1228   0.0593   0.0751
  0.0032   0.0630  -0.0615   0.1505   0.0732   0.0694
  0.0139   0.0873  -0.0752   0.1311   0.0535   0.0611
 -0.0044   0.0565  -0.0700   0.1328   0.0750   0.0734
  0.0096   0.0418  -0.0792   0.1492   0.0737   0.0673
  0.0123   0.0291  -0.0712   0.1667   0.0729   0.0622
  0.0082   0.0422  -0.0501   0.1222   0.0837   0.0486
  0.0066   0.0381  -0.0482   0.1237   0.0949   0.0606
  0.0092   0.0494  -0.0601   0.1384   0.0939   0.0559
  0.0194   0.0564  -0.0602   0.1695   0.0762   0.0518
  0.0116   0.0551  -0.0532   0.1178   0.0783   0.0647
  0.0081   0.0171  -0.0506   0.1363   0.0955   0.0718
  0.0195   0.0095  -0.0540   0.1666   0.0879   0.0582
  0.0172   0.0334  -0.0441   0.1376   0.0722   0.0384
  0.0105   0.0291  -0.0495   0.1407   0.0837   0.0526
  0.0119   0.0408  -0.0583   0.1403   0.0842   0.0528
  0.0173   0.0261  -0.0587   0.1580   0.0668   0.0601
  0.0099   0.0283  -0.0389   0.1438   0.0872   0.0547
  0.0157   0.0143  -0.0664   0.2268   0.0845   0.0631
  0.0163   0.0544  -0.0607   0.1613   0.0717   0.0494
  0.0117   0.0572  -0.0537   0.1449   0.0726   0.0563
  0.0145   0.0560  -0.0625   0.1884   0.0385   0.0706
  0.0116   0.0687  -0.0387   0.1992   0.0422   0.0640
  0.0036   0.0713  -0.0342   0.1308   0.0461   0.0625
  0.0022   0.0873  -0.0508   0.1168   0.0484   0.0466
  0.0029   0.1022  -0.0441   0.1291   0.0318   0.0309
 -0.0008   0.0974  -0.0314   0.0926   0.0202   0.0409
 -0.0007   0.0714  -0.0213   0.0894   0.0364   0.0472
  0.0053   0.0549  -0.0308   0.1622   0.0406   0.0524
  0.0066   0.0808  -0.0148   0.1160   0.0302   0.0292
  0.0057   0.0880  -0.0056   0.0705   0.0315   0.0309
  0.0022   0.0573  -0.0158   0.0965   0.0446   0.0354
  0.0119   0.0549  -0.0098   0.1472   0.0411   0.0453
  0.0089   0.0597  -0.0060   0.1312   0.0271   0.0470
  0.0025   0.0514   0.0047   0.1259   0.0302   0.0573
  0.0080   0.0442   0.0065   0.1143   0.0179   0.0477
  0.0105   0.0253  -0.0020   0.1488   0.0314   0.0440
  0.0134   0.0371  -0.0011   0.1408   0.0456   0.0428
  0.0050   0.0576  -0.0094   0.1446   0.0374   0.0456
  0.0041   0.0755  -0.0128   0.1174   0.0206   0.0362
  0.0056   0.0897  -0.0206   0.1758   0.0344   0.0356
  0.0099   0.0594  -0.0092   0.1702   0.0347   0.0406
 -0.0044   0.0302  -0.0069   0.1120   0.0011   0.0474
  0.0085  -0.0205   0.0178   0.1611   0.0318   0.0648
  0.0149  -0.0344   0.0043   0.1954   0.0342   0.0449
  0.0125   0.0130   0.0174   0.1209  -0.0015   0.0261
  0.0135  -0.0277   0.0309   0.1360   0.0321   0.0563
  0.0115  -0.0282   0.0219   0.1699   0.0447   0.0573
  0.0171  -0.0160   0.0152   0.1675   0.0251   0.0361
  0.0035   0.0215   0.0039   0.1152  -0.0013   0.0353
 -0.0077   0.0073   0.0079   0.0802  -0.0109   0.0292
 -0.0049   0.0046   0.0036   0.1601   0.0067   0.0361
 -0.0016   0.0209   0.0126   0.1161  -0.0205   0.0372
 -0.0031   0.0421   0.0049   0.1091  -0.0187   0.0453
  0.0001   0.0307   0.0026   0.1130  -0.0168   0.0471
 -0.0061   0.0606  -0.0092   0.1443  -0.0215   0.0397
 -0.0185   0.0813  -0.0093   0.0825  -0.0497   0.0287
 -0.0125   0.0716   0.0042   0.0522  -0.0525   0.0246
 -0.0114   0.0588   0.0086   0.1413  -0.0468   0.0268
 -0.0141   0.0269   0.0577   0.0810  -0.0634   0.0187
 -0.0298   0.0112   0.0720   0.0505  -0.0886   0.0233
 -0.0314   0.0004   0.0838   0.1085  -0.0419   0.0491
 -0.0258  -0.0169   0.0635   0.1678  -0.0345   0.0401
 -0.0399  -0.0002   0.0667   0.0843  -0.0610   0.0234
 -0.0335  -0.0398   0.0932   0.1038  -0.0501   0.0284
 -0.0282  -0.0814   0.0814   0.1861  -0.0310   0.0300
 -0.0249  -0.0322   0.0796   0.1749  -0.0428   0.0240
 -0.0310  -0.0252   0.0777   0.1151  -0.0563   0.0273
 -0.0381  -0.0449   0.0659   0.1558  -0.0475   0.0320
 -0.0305   0.0001   0.0872   0.1447  -0.0823   0.0196
 -0.0369  -0.0063   0.1009   0.1159  -0.0743   0.0023
 -0.0361  -0.0063   0.1085   0.1113  -0.0613   0.0066
 -0.0342  -0.0227   0.0925   0.1586  -0.0607   0.0052
 -0.0387  -0.0130   0.1028   0.0913  -0.0804   0.0018
 -0.0462   0.0004   0.0909   0.0783  -0.0738   0.0078
 -0.0412   0.0002   0.0735   0.1340  -0.0701   0.0138
 -0.0373   0.0128   0.1011   0.1370  -0.0694   0.0047
 -0.0444  -0.0166   0.0847   0.1145  -0.0428   0.0080
 -0.0360  -0.0507   0.0850   0.1694  -0.0415   0.0069
 -0.0354  -0.0329   0.0933   0.1153  -0.0813   0.0015
 -0.0446  -0.0277   0.0858   0.0911  -0.0573   0.0085
 -0.0412  -0.0484   0.0882   0.1252  -0.0520   0.0037
 -0.0346  -0.0583   0.0942   0.1139  -0.0709  -0.0006
 -0.0413  -0.1097   0.1183   0.0883  -0.0281   0.0145
 -0.0378  -0.1608   0.1087   0.1750  -0.0195   0.0278
 -0.0461  -0.1525   0.0982   0.1161  -0.0203   0.0114
 -0.0347  -0.1864   0.1222   0.1156  -0.0086   0.0303
 -0.0220  -0.2282   0.1272   0.1472  -0.0065   0.0235
 -0.0099  -0.1327   0.0521   0.0242  -0.0191  -0.0021
 -0.0102   0.1771  -0.1582  -0.0502   0.0172   0.0059
 -0.0137   0.1460  -0.1322  -0.0141   0.0018  -0.0022
 -0.0087   0.1922  -0.1264  -0.0233  -0.0015  -0.0205
 -0.0247   0.1665  -0.1085  -0.0404   0.0034  -0.0090
 -0.0344   0.0897  -0.1047  -0.0023  -0.0129  -0.0035
 -0.0228   0.0631  -0.0801  -0.0009  -0.0330  -0.0110
 -0.0198   0.0727  -0.0628  -0.0243  -0.0228  -0.0248
 -0.0209   0.0564  -0.0599  -0.0419  -0.0057  -0.0226
 -0.0195   0.0456  -0.0715   0.0303  -0.0040  -0.0150
 -0.0221   0.0608  -0.0678   0.0044  -0.0120  -0.0127
 -0.0234   0.0231  -0.0636   0.0162  -0.0063  -0.0015
 -0.0207   0.0009  -0.0596   0.0399  -0.0176  -0.0145
 -0.0190   0.0070  -0.0685   0.0514  -0.0335  -0.0154
 -0.0240   0.0261  -0.0495   0.0023  -0.0480  -0.0156
 -0.0237  -0.0048  -0.0295   0.0199  -0.0303  -0.0094
 -0.0086  -0.0567  -0.0127   0.1039  -0.0088   0.0022
 -0.0020  -0.0544   0.0023   0.1070  -0.0151  -0.0093
 -0.0097  -0.0915   0.0214   0.0866  -0.0172   0.0083
 -0.0098  -0.1320   0.0271   0.0927  -0.0132   0.0140
 -0.0024  -0.1735   0.0462   0.1268  -0.0233   0.0079
 -0.0105  -0.1207   0.0813  -0.0021  -0.0334  -0.0261
 -0.0166  -0.1181   0.0471   0.0224  -0.0309  -0.0184
 -0.0201  -0.1380   0.0706   0.0185  -0.0374  -0.0272
 -0.0175  -0.1550   0.0817   0.0017  -0.0298  -0.0123
 -0.0140  -0.1857   0.0711   0.0125  -0.0124  -0.0047
  0.0029  -0.1759   0.0772   0.0391  -0.0230  -0.0033
  0.0054  -0.1857   0.0980   0.0250  -0.0359  -0.0192
 -0.0002  -0.1802   0.1040   0.0220  -0.0256   0.0047
 -0.0062  -0.2104   0.0882   0.0289  -0.0009   0.0140
  0.0050  -0.1952   0.1131  -0.0102  -0.0176  -0.0059
 -0.0003  -0.1813   0.0874  -0.0073  -0.0281  -0.0124
 -0.0038  -0.1944   0.0659   0.0356  -0.0218  -0.0243
 -0.0075  -0.1795   0.0820  -0.0193  -0.0489  -0.0273
 -0.0150  -0.1454   0.1055  -0.0760  -0.0407  -0.0390
 -0.0100  -0.1254   0.0937  -0.0591  -0.0453  -0.0455
 -0.0181  -0.1261   0.0841  -0.0730  -0.0338  -0.0428
 -0.0144  -0.1413   0.0793  -0.0470  -0.0417  -0.0522
 -0.0165  -0.1307   0.0999  -0.0805  -0.0761  -0.0605
 -0.0203  -0.1364   0.0956  -0.0980  -0.0695  -0.0544
 -0.0188  -0.1542   0.0973  -0.0596  -0.0338  -0.0484
 -0.0103  -0.1528   0.0918  -0.0778  -0.0455  -0.0519
 -0.0213  -0.1394   0.0892  -0.0787  -0.0670  -0.0600
 -0.0219  -0.1425   0.0961  -0.0916  -0.0448  -0.0655
 -0.0113  -0.1628   0.0865  -0.0321  -0.0442  -0.0620
 -0.0084  -0.1217   0.1152  -0.0989  -0.0844  -0.0873
 -0.0245  -0.0912   0.1385  -0.1634  -0.1185  -0.0763
 -0.0279  -0.1274   0.1360  -0.1359  -0.0909  -0.0570
 -0.0172  -0.1444   0.1220  -0.0974  -0.0952  -0.0584
 -0.0238  -0.1307   0.1557  -0.1118  -0.1220  -0.0759
 -0.0146  -0.1367   0.1593  -0.1230  -0.1026  -0.0833
 -0.0188  -0.1454   0.1518  -0.0986  -0.0941  -0.0697
 -0.0077  -0.1900   0.1736  -0.0745  -0.0971  -0.0685
 -0.0111  -0.2060   0.1747  -0.0870  -0.0721  -0.0695
 -0.0199  -0.1863   0.1670  -0.1181  -0.0741  -0.0705
 -0.0160  -0.1893   0.1421  -0.0484  -0.0740  -0.0670
 -0.0213  -0.1917   0.1599  -0.0970  -0.0918  -0.0821
 -0.0207  -0.2588   0.1937  -0.1210  -0.0905  -0.0628
 -0.0175  -0.2215   0.1896  -0.0733  -0.0804  -0.0586
 -0.0076  -0.2713   0.1852  -0.0241  -0.0686  -0.0583
 -0.0012  -0.2881   0.2060  -0.0162  -0.0787  -0.0624
 -0.0052  -0.2714   0.2138  -0.0481  -0.0674  -0.0670
 -0.0107  -0.3030   0.1929   0.0059  -0.0651  -0.0516
 -0.0048  -0.3053   0.1962  -0.0052  -0.0835  -0.0629
 -0.0088  -0.3780   0.2008  -0.0175  -0.0687  -0.0355
 -0.0098  -0.4027   0.1780   0.0251  -0.0521  -0.0305
 -0.0132  -0.3934   0.1778   0.0084  -0.0609  -0.0346
 -0.0191  -0.3810   0.1776  -0.0537  -0.0902  -0.0288
 -0.0217  -0.4477   0.1847  -0.0260  -0.0688  -0.0301
 -0.0201  -0.4039   0.1669   0.0017  -0.0769  -0.0517
 -0.0188  -0.3790   0.1760  -0.0534  -0.0905  -0.0535
 -0.0223  -0.3673   0.1763  -0.0559  -0.0828  -0.0434
 -0.0206  -0.3612   0.1657  -0.0527  -0.0798  -0.0379
 -0.0172  -0.3656   0.1744  -0.0082  -0.0971  -0.0438
 -0.0193  -0.3395   0.1845  -0.0542  -0.1193  -0.0624
 -0.0234  -0.3561   0.1769  -0.0736  -0.1149  -0.0539
 -0.0262  -0.3901   0.1941  -0.0656  -0.0932  -0.0378
 -0.0254  -0.4098   0.1958  -0.0275  -0.0916  -0.0440
 -0.0263  -0.4270   0.2085  -0.0532  -0.1000  -0.0457
 -0.0276  -0.3866   0.1900  -0.0585  -0.1102  -0.0600
 -0.0276  -0.4106   0.2007  -0.0901  -0.0954  -0.0541
 -0.0289  -0.4110   0.2002  -0.0608  -0.0854  -0.0502
 -0.0210  -0.4010   0.1769   0.0137  -0.0800  -0.0415
 -0.0136  -0.4144   0.2126  -0.0497  -0.1038  -0.0610
 -0.0192  -0.4112   0.2113  -0.0562  -0.0892  -0.0485
 -0.0215  -0.3988   0.1903  -0.0747  -0.0822  -0.0606
 -0.0177  -0.3986   0.1914  -0.0266  -0.0817  -0.0664
 -0.0169  -0.3843   0.1939  -0.0349  -0.0964  -0.0523
 -0.0228  -0.3602   0.1969  -0.0822  -0.0904  -0.0518
 -0.0261  -0.3495   0.1789  -0.0562  -0.0819  -0.0602
 -0.0210  -0.3311   0.1666  -0.0180  -0.0873  -0.0690
 -0.0170  -0.3244   0.1623  -0.0083  -0.1008  -0.0605
 -0.0192  -0.3365   0.1809  -0.0457  -0.1028  -0.0520
 -0.0242  -0.3407   0.1737  -0.0338  -0.0852  -0.0538
 -0.0187  -0.3464   0.1716  -0.0148  -0.0896  -0.0724
 -0.0213  -0.3160   0.1772  -0.0765  -0.1028  -0.0646
 -0.0229  -0.3270   0.1762  -0.0613  -0.0924  -0.0574
 -0.0269  -0.3198   0.1622  -0.0710  -0.0864  -0.0570
 -0.0249  -0.3250   0.1531  -0.0343  -0.0982  -0.0676
 -0.0205  -0.3079   0.1780  -0.0730  -0.1206  -0.0803
 -0.0184  -0.3228   0.1736  -0.0640  -0.1048  -0.0733
 -0.0236  -0.3250   0.1674  -0.0919  -0.1001  -0.0574
 -0.0217  -0.3555   0.1718  -0.0450  -0.0995  -0.0632
 -0.0268  -0.3302   0.1781  -0.0606  -0.0976  -0.0664
 -0.0191  -0.3190   0.1774  -0.0485  -0.0935  -0.0732
 -0.0141  -0.3303   0.1629   0.0025  -0.0945  -0.0732
 -0.0087  -0.3244   0.1725  -0.0067  -0.1110  -0.0702
 -0.0179  -0.3314   0.1726  -0.0445  -0.0980  -0.0563
 -0.0195  -0.3296   0.1613  -0.0098  -0.0945  -0.0583
 -0.0127  -0.3549   0.1796  -0.0050  -0.0769  -0.0524
 -0.0218  -0.3239   0.1699  -0.0281  -0.0803  -0.0723
 -0.0342  -0.2858   0.1321  -0.0266  -0.0778  -0.0689
 -0.0274  -0.2903   0.1230  -0.0093  -0.0801  -0.0806
 -0.0229  -0.2677   0.1316  -0.0740  -0.1152  -0.0936
 -0.0303  -0.2988   0.1393  -0.0715  -0.0877  -0.0682
 -0.0311  -0.3320   0.1410  -0.0677  -0.0943  -0.0644
 -0.0305  -0.3116   0.1336  -0.0274  -0.1009  -0.0685
 -0.0358  -0.2742   0.1384  -0.1040  -0.1396  -0.0924
 -0.0288  -0.2627   0.1329  -0.1076  -0.1253  -0.0879
 -0.0266  -0.2912   0.1348  -0.0724  -0.1158  -0.0818
 -0.0257  -0.2931   0.1369  -0.0384  -0.1189  -0.0713
 -0.0363  -0.2852   0.1335  -0.0664  -0.1037  -0.0779
 -0.0423  -0.2754   0.1402  -0.1206  -0.0927  -0.0678
 -0.0312  -0.2881   0.1286  -0.0319  -0.1096  -0.0709
 -0.0257  -0.2548   0.1230  -0.0738  -0.1267  -0.0955
 -0.0386  -0.2418   0.1288  -0.1401  -0.1237  -0.0809
 -0.0440  -0.2309   0.0967  -0.0948  -0.1271  -0.0771
 -0.0395  -0.2279   0.0879  -0.0525  -0.1070  -0.0765
 -0.0338  -0.2093   0.1094  -0.0777  -0.1195  -0.0968
 -0.0405  -0.1801   0.1003  -0.1064  -0.1248  -0.0865
 -0.0434  -0.1754   0.0886  -0.0545  -0.1128  -0.0711
 -0.0429  -0.1644   0.0781  -0.0455  -0.1275  -0.0839
 -0.0501  -0.1623   0.0833  -0.0700  -0.1077  -0.0813
 -0.0455  -0.1483   0.0816  -0.0469  -0.1114  -0.0914
 -0.0417  -0.1485   0.0797  -0.0491  -0.1262  -0.1075
 -0.0501  -0.1565   0.0789  -0.0987  -0.1254  -0.0999
