  0.1234  -0.1778   0.0936   0.4638   0.0012  -0.1962
  0.1196  -0.1705   0.1087   0.4714  -0.0031  -0.1977
  0.0843  -0.2244   0.1444   0.4280  -0.0170  -0.1765
  0.1337  -0.1677   0.1052   0.4146   0.0125  -0.2053
  0.1459  -0.1678   0.0774   0.3741   0.0066  -0.1395
  0.1352  -0.1622   0.0805   0.3471   0.0055  -0.1735
  0.1159  -0.1533   0.0964   0.3365  -0.0010  -0.1488
  0.1138  -0.1689   0.0966   0.3471  -0.0059  -0.1874
  0.1152  -0.1498   0.1002   0.3263  -0.0175  -0.1380
  0.1020  -0.1263   0.1066   0.3030  -0.0266  -0.1289
  0.0870  -0.1270   0.0971   0.2960  -0.0313  -0.1307
  0.0749  -0.1133   0.0875   0.2871  -0.0299  -0.1188
  0.0647  -0.1069   0.0934   0.2647  -0.0320  -0.1197
  0.0513  -0.0956   0.0915   0.2296  -0.0407  -0.1062
  0.0598  -0.0836   0.0941   0.2221  -0.0413  -0.0903
  0.0670  -0.0946   0.1025   0.2294  -0.0339  -0.1189
  0.0700  -0.0947   0.1086   0.2339  -0.0332  -0.1305
  0.0663  -0.0913   0.1018   0.2387  -0.0306  -0.1274
  0.0570  -0.0910   0.0989   0.2521  -0.0357  -0.1333
  0.0471  -0.1066   0.0945   0.2765  -0.0490  -0.1295
  0.0472  -0.1001   0.0936   0.2676  -0.0492  -0.1287
  0.0522  -0.1025   0.0948   0.2822  -0.0475  -0.1201
  0.0554  -0.1081   0.0968   0.2839  -0.0473  -0.1302
  0.0534  -0.1183   0.0951   0.2639  -0.0424  -0.1226
  0.0629  -0.0723   0.0610   0.2530  -0.0556  -0.1298
  0.0142   0.1684   0.0101   0.1115  -0.0642  -0.0998
 -0.0184   0.0060   0.0133   0.1452  -0.0520  -0.0963
 -0.0133  -0.0107   0.0039   0.1321  -0.0424  -0.0895
 -0.0047   0.0090   0.0089   0.1081  -0.0443  -0.0600
 -0.0077   0.0244   0.0232   0.0938  -0.0540  -0.0474
 -0.0015   0.0238   0.0166   0.1071  -0.0469  -0.0506
 -0.0234   0.0154   0.0158   0.1107  -0.0433  -0.0348
 -0.0388  -0.0150   0.0053   0.0882  -0.0474  -0.0482
 -0.0295  -0.0126   0.0122   0.1116  -0.0476  -0.0699
 -0.0213  -0.0339   0.0015   0.1121  -0.0356  -0.0591
 -0.0139  -0.0175  -0.0022   0.0828  -0.0319  -0.0674
 -0.0110  -0.0026   0.0019   0.0772  -0.0305  -0.0649
 -0.0050   0.0044  -0.0025   0.0735  -0.0320  -0.0521
 -0.0064   0.0028  -0.0044   0.0643  -0.0307  -0.0510
 -0.0052   0.0022  -0.0032   0.0644  -0.0310  -0.0506
 -0.0012  -0.0058   0.0014   0.0635  -0.0336  -0.0542
  0.0080   0.0146  -0.0029   0.0397  -0.0195  -0.0225
  0.0064   0.0370   0.0054   0.0307  -0.0320  -0.0144
  0.0152   0.0276   0.0008   0.0408  -0.0291  -0.0250
  0.0103  -0.0024  -0.0047   0.0469  -0.0206  -0.0522
  0.0138  -0.0063  -0.0137   0.0554  -0.0152  -0.0608
  0.0070  -0.0147  -0.0107   0.0493  -0.0227  -0.0485
 -0.0032  -0.0091  -0.0130   0.0422  -0.0217  -0.0499
  0.0002  -0.0110  -0.0104   0.0396  -0.0165  -0.0570
 -0.0011  -0.0130  -0.0143   0.0391  -0.0166  -0.0351
  0.0012  -0.0095  -0.0150   0.0466  -0.0238  -0.0535
  0.0009  -0.0129  -0.0148   0.0537  -0.0153  -0.0480
 -0.0034  -0.0281  -0.0250   0.0406  -0.0156  -0.0521
  0.0225   0.0010  -0.0337   0.0202   0.0030  -0.0209
  0.0330  -0.0019  -0.0305   0.0438   0.0034  -0.0381
  0.0264  -0.0038  -0.0319   0.0490  -0.0005  -0.0444
  0.0290   0.0055  -0.0227   0.0394  -0.0061  -0.0261
  0.0235  -0.0004  -0.0198   0.0327  -0.0035  -0.0282
  0.0248   0.0055  -0.0200   0.0270  -0.0169  -0.0302
  0.0292  -0.0089  -0.0221   0.0260  -0.0026  -0.0343
  0.0277  -0.0212  -0.0290   0.0359  -0.0045  -0.0328
  0.0270  -0.0230  -0.0227   0.0227  -0.0071  -0.0330
  0.0232  -0.0094  -0.0137   0.0207  -0.0146  -0.0250
  0.0327  -0.0091  -0.0158   0.0339  -0.0090  -0.0384
  0.0392  -0.0117  -0.0131   0.0251  -0.0064  -0.0236
  0.0328  -0.0187  -0.0148   0.0140  -0.0104  -0.0211
  0.0339   0.0268  -0.0159  -0.0043  -0.0014   0.0029
  0.0636   0.0202  -0.0134  -0.0242   0.0141  -0.0584
  0.0232  -0.0123  -0.0211  -0.0084   0.0037  -0.0108
  0.0142  -0.0051  -0.0211   0.0133  -0.0071  -0.0361
  0.0258  -0.0222  -0.0262  -0.0000  -0.0007  -0.0356
  0.0418   0.0113  -0.0273  -0.0289   0.0028  -0.0031
  0.0325   0.0044  -0.0314  -0.0269  -0.0004  -0.0040
  0.0464   0.0036  -0.0270  -0.0222   0.0010  -0.0122
  0.0560  -0.0023  -0.0272  -0.0197   0.0108  -0.0332
  0.0583   0.0015  -0.0267  -0.0268   0.0099  -0.0169
  0.0444  -0.0114  -0.0137   0.0210  -0.0039  -0.0174
  0.0278  -0.0684  -0.0393   0.2887   0.0403  -0.2496
  0.0087  -0.0109  -0.0448   0.1036   0.0774  -0.0945
  0.0189   0.0164  -0.0728   0.0620   0.0735  -0.0993
  0.0385   0.0328  -0.0614   0.0978   0.0809  -0.1122
  0.0423   0.0180  -0.0626   0.1303   0.0850  -0.1081
  0.0354   0.0220  -0.0623   0.1148   0.0816  -0.0884
  0.0080   0.0264  -0.0645   0.0953   0.0822  -0.0672
  0.0266   0.0233  -0.0561   0.0335   0.0774  -0.0270
  0.0260  -0.0025  -0.0540  -0.2202   0.0490   0.1921
  0.0020   0.0142  -0.0392  -0.2579   0.0233   0.1908
  0.0030   0.0160  -0.0226  -0.2711   0.0135   0.1884
  0.0078   0.0203  -0.0132  -0.2919   0.0089   0.2034
 -0.0028   0.0139   0.0056  -0.2981   0.0014   0.2161
  0.0069   0.0307   0.0132  -0.2687   0.0037   0.1689
  0.0444   0.1217   0.0424  -0.0761   0.0859  -0.0181
  0.0022   0.0387   0.0305  -0.0169   0.0756  -0.0441
 -0.0109   0.0550  -0.0004  -0.0808   0.0864  -0.0515
 -0.0275   0.0499  -0.0120  -0.0525   0.0756  -0.0537
 -0.0174   0.0548  -0.0101  -0.0331   0.0779  -0.0393
 -0.0124   0.0499  -0.0217  -0.0517   0.0789  -0.0176
 -0.0132   0.0747  -0.0288  -0.0671   0.0774  -0.0038
 -0.0323   0.0920  -0.0316  -0.0826   0.0702   0.0090
 -0.1019   0.0084  -0.0275  -0.0740   0.0401   0.0247
 -0.0594   0.0556  -0.0383  -0.1150   0.0556   0.0815
 -0.0658   0.1690  -0.0510  -0.2776   0.0768   0.1010
 -0.1300   0.0944  -0.0690  -0.3680   0.0210   0.2713
 -0.1480   0.1252  -0.0771  -0.4093   0.0196   0.2618
 -0.1274   0.1307  -0.0742  -0.4131   0.0241   0.2211
 -0.1344   0.0813  -0.0630  -0.4122   0.0270   0.2480
 -0.1418   0.0793  -0.0500  -0.4203   0.0144   0.2571
 -0.1463   0.1093  -0.0612  -0.4583   0.0138   0.2820
 -0.1321   0.1201  -0.0738  -0.4486   0.0218   0.3221
 -0.1268   0.1302  -0.0510  -0.4367   0.0151   0.2856
 -0.1542   0.0957  -0.0560  -0.4226   0.0109   0.2866
 -0.1651   0.1426  -0.0750  -0.4872   0.0136   0.3605
 -0.1639   0.1545  -0.0726  -0.5111  -0.0001   0.3249
 -0.1478   0.2024  -0.0994  -0.5219   0.0095   0.3111
 -0.1649   0.1821  -0.0973  -0.5561   0.0126   0.3763
 -0.1791   0.1238  -0.0615  -0.5489  -0.0029   0.2995
 -0.1829   0.1394  -0.0613  -0.5495  -0.0033   0.3385
 -0.2272   0.1054  -0.0233  -0.5236  -0.0276   0.3640
 -0.2038   0.1028  -0.0631  -0.5571  -0.0103   0.3618
 -0.2055   0.0857  -0.0759  -0.5318  -0.0096   0.3437
