  0.1643  -0.1698   0.1692  -0.2096   0.0433   0.2753
  0.1416  -0.0481   0.1302   0.2274   0.0049   0.0223
  0.1587  -0.1249   0.1072   0.1877   0.0129  -0.0017
  0.1629  -0.1490   0.1293   0.1899   0.0212   0.0173
  0.1491  -0.1883   0.1287   0.1886   0.0054  -0.0025
  0.1460  -0.2160   0.0703   0.0200   0.0756   0.0979
  0.1773  -0.2524   0.0916  -0.0138   0.0508   0.0976
  0.1724  -0.2161   0.1089   0.0013   0.0476   0.1023
  0.1590  -0.1778   0.0737   0.0166   0.0537   0.0715
  0.1530  -0.1083   0.0707   0.0359   0.0564   0.0164
  0.1555   0.2453   0.0549   0.0704  -0.0018  -0.0149
  0.1550   0.0082   0.0905   0.0789  -0.0054   0.0033
  0.1669  -0.1433   0.1273   0.0689   0.0220   0.0312
  0.1961  -0.0735   0.0890   0.0303   0.0712   0.0516
  0.1447  -0.1255   0.1902   0.3039   0.0622  -0.0441
  0.1219  -0.1398   0.2395   0.1709   0.0160   0.0074
  0.1324  -0.1129   0.1637   0.1053   0.0125  -0.0034
  0.1198  -0.1196   0.1595   0.0757   0.0026  -0.0052
  0.1200  -0.1608   0.1665   0.1094  -0.0042  -0.0204
  0.1268  -0.1427   0.1679   0.1181  -0.0033  -0.0095
  0.0503  -0.1729   0.1490   0.0583  -0.0169   0.0268
  0.0622  -0.1882   0.1190   0.0489  -0.0006   0.0401
  0.0896  -0.1510   0.1020  -0.0142   0.0476   0.0982
  0.0872  -0.1635   0.0927  -0.0616   0.0223   0.1015
  0.0504  -0.1561   0.0684  -0.0748   0.0353   0.1282
  0.0235  -0.1402   0.0203   0.0236  -0.0300   0.0741
  0.0152  -0.1613   0.0234   0.0038   0.0121   0.0672
  0.0829  -0.1987   0.0996   0.0916  -0.0159   0.0151
  0.0572  -0.2003   0.0899   0.0158  -0.0050   0.0448
  0.0290  -0.1664   0.0695   0.0008   0.0113   0.0754
  0.0277  -0.1663   0.0739   0.0369  -0.0081   0.0825
  0.0156  -0.2086   0.0601   0.0557  -0.0229   0.0588
  0.0181  -0.1998   0.0766   0.0457   0.0065   0.0618
  0.0343  -0.2465   0.0489   0.0482   0.0156   0.0547
  0.0376  -0.2149   0.0481   0.0434   0.0108   0.0479
  0.0429  -0.1993   0.0467   0.0472  -0.0085   0.0340
  0.0329  -0.1386   0.0335  -0.0008   0.0046   0.0591
  0.0163  -0.1571   0.0579   0.0174  -0.0174   0.0565
  0.0323  -0.1729   0.0734  -0.0750   0.0101   0.0996
  0.0584  -0.1082   0.0735  -0.0009   0.0051   0.0607
  0.0470  -0.1324   0.1033  -0.0501   0.0068   0.0835
  0.0416  -0.1707   0.0782   0.0177  -0.0149   0.0470
  0.0020  -0.0405  -0.0730   0.0718  -0.0023   0.0267
  0.0284  -0.1399  -0.0344  -0.0031   0.0295   0.0724
  0.0129  -0.1375  -0.0278  -0.0067   0.0077   0.0822
  0.0607  -0.1439   0.0506   0.0203   0.0417   0.0628
  0.0202  -0.1596   0.0598   0.0573   0.0299   0.0430
  0.0304  -0.1604   0.0212   0.0648   0.0527   0.0149
  0.0400  -0.1402   0.0111   0.0044   0.0486   0.0649
  0.0409  -0.1735   0.0117   0.0828   0.0008   0.0133
  0.0864  -0.1589   0.0632   0.2033   0.0024  -0.0498
  0.0773  -0.1784   0.0764   0.2417  -0.0180  -0.0594
  0.0865  -0.2157   0.0899   0.2523  -0.0437  -0.0663
  0.0760  -0.1438   0.0194   0.1834  -0.0102  -0.0437
  0.0025  -0.1451   0.0401   0.1262   0.0089  -0.0157
  0.0103  -0.1177   0.0294   0.1437  -0.0093  -0.0245
 -0.0020  -0.0595   0.0167   0.0869   0.0406   0.0146
 -0.0001  -0.1167   0.0357   0.1281   0.0037  -0.0177
 -0.0222  -0.1094   0.0313   0.1352   0.0002  -0.0184
 -0.0169  -0.1207   0.0232   0.0788   0.0236   0.0030
  0.0098  -0.1959   0.0736   0.1751  -0.0301  -0.0186
  0.0261  -0.1591   0.0511   0.0774   0.0159   0.0172
  0.0157  -0.1478   0.0362  -0.0169   0.0112   0.0414
  0.0473  -0.1278   0.0638   0.0832   0.0061   0.0078
 -0.0713  -0.0560   0.0128   0.1312  -0.0274   0.0294
  0.0117  -0.0812   0.0410   0.2421  -0.0166  -0.0522
  0.0226  -0.1227   0.0769   0.1937  -0.0082  -0.0349
  0.0113  -0.1109   0.0516   0.1833  -0.0169  -0.0250
  0.0170  -0.0942   0.0935   0.1497  -0.0133  -0.0243
  0.0619  -0.1224   0.0572   0.0557   0.0163   0.0119
  0.0181  -0.0132   0.1179   0.1493  -0.0712  -0.0275
 -0.0870   0.0653  -0.0017   0.2366  -0.1377  -0.0656
 -0.1780   0.2161  -0.0669   0.2788  -0.1887  -0.0843
 -0.0748   0.1071   0.0168   0.1980  -0.0664  -0.0901
  0.0035   0.0353  -0.0425   0.2080  -0.0981  -0.0810
 -0.0504   0.0220  -0.0653   0.1081  -0.0848  -0.0356
 -0.0284   0.0504  -0.0881   0.1581  -0.0829  -0.0638
 -0.0407   0.0001  -0.0351   0.1953  -0.0735  -0.0769
 -0.0472   0.0161   0.0110   0.1918  -0.0684  -0.0808
 -0.0554  -0.0158   0.0452   0.2030  -0.0904  -0.0851
  0.0174  -0.0203   0.0738   0.1832  -0.0247  -0.0631
  0.0477  -0.0838   0.0771   0.1775  -0.0524  -0.0648
  0.0236  -0.0394   0.0479   0.1054  -0.0318  -0.0265
  0.0193  -0.0743   0.0306   0.1565  -0.0449  -0.0493
 -0.0199  -0.0714   0.0306   0.1062  -0.0173  -0.0431
 -0.0087  -0.0708   0.0344   0.1024  -0.0430  -0.0244
 -0.0194  -0.1595   0.0373   0.0677  -0.0332  -0.0385
  0.0210  -0.0375  -0.0669   0.0851  -0.0072  -0.0486
  0.0800   0.0657  -0.0588   0.0994  -0.0085  -0.0855
  0.0537   0.1023  -0.0318   0.0454  -0.0361  -0.0653
  0.0320   0.0909  -0.0312   0.0648  -0.0332  -0.0581
  0.0578   0.1196  -0.0147   0.1201  -0.0419  -0.0999
  0.0122   0.2096  -0.0418   0.1177  -0.0482  -0.1101
 -0.0054   0.1150  -0.0526   0.0927  -0.0356  -0.0750
  0.0126   0.1206  -0.0393   0.1090  -0.0457  -0.0825
 -0.0663   0.1868  -0.0821   0.1696  -0.1116  -0.1222
 -0.0896   0.2557  -0.1182   0.0002  -0.0242  -0.0308
 -0.0458   0.3232  -0.0931  -0.0787  -0.0238  -0.0015
 -0.0293   0.2563  -0.1358   0.0053  -0.0267  -0.0409
 -0.0009   0.2334  -0.1167  -0.0271   0.0141  -0.0340
 -0.0002   0.3035  -0.1090  -0.1434  -0.0099   0.0229
  0.0537   0.3508  -0.0929  -0.0831  -0.0263  -0.0128
 -0.0038   0.3758  -0.1170  -0.0929  -0.0271  -0.0143
 -0.0508   0.1577  -0.0402   0.1655  -0.1067  -0.2189
 -0.0156   0.3012  -0.0773  -0.1726  -0.0022  -0.0263
 -0.0095   0.3159  -0.0773  -0.1540  -0.0088  -0.0145
 -0.0534   0.3574  -0.1951  -0.1589   0.0203  -0.0041
 -0.0448   0.3984  -0.1489  -0.1769   0.0052   0.0068
 -0.0444   0.1453  -0.0824   0.1003  -0.0362  -0.1236
 -0.0521   0.1147  -0.0590   0.1786  -0.0292  -0.1918
 -0.0375   0.1954  -0.0609  -0.0006  -0.0164  -0.0835
 -0.0496   0.2345  -0.0519   0.0272  -0.0212  -0.0707
 -0.0260  -0.0197  -0.0255   0.1924  -0.0534  -0.1740
 -0.0588   0.0958  -0.0871   0.0382  -0.0277  -0.0954
 -0.0356   0.0336  -0.0388  -0.0338  -0.0278  -0.0279
 -0.0826   0.0277  -0.0131   0.0239  -0.0448  -0.0727
 -0.0702   0.1077  -0.0431   0.0054  -0.0378  -0.0654
 -0.0460   0.1115  -0.0708   0.0264  -0.0256  -0.0832
 -0.0326   0.2109  -0.0455   0.1790  -0.0735  -0.1425
 -0.0515   0.1491  -0.0620   0.0923  -0.0546  -0.1295
 -0.0487   0.1472  -0.1002   0.0931  -0.0322  -0.1162
 -0.0661   0.1197  -0.1114   0.0960  -0.0316  -0.0879
 -0.1058   0.1173  -0.1281   0.1260  -0.0819  -0.1234
 -0.1295   0.0940  -0.1147   0.0312  -0.0747  -0.0296
 -0.0722   0.0820  -0.0959  -0.0716  -0.0158   0.0117
 -0.0471   0.0735  -0.0977   0.1289   0.0439  -0.0504
 -0.1050  -0.0341  -0.0596   0.2712  -0.0108  -0.1385
 -0.0677  -0.0376  -0.0814   0.1401  -0.0039  -0.0936
 -0.0801  -0.0296  -0.0753   0.2218  -0.0446  -0.1463
 -0.1224  -0.0163  -0.1214   0.1293  -0.0409  -0.0885
 -0.0964   0.1658  -0.2256  -0.0455   0.0226  -0.0128
 -0.0511   0.3476  -0.2365  -0.2089   0.0829   0.0174
 -0.0865   0.2968  -0.1624  -0.1740   0.0448   0.0336
 -0.0909   0.3432  -0.2008  -0.3192   0.1023   0.0892
 -0.0776   0.2963  -0.2186  -0.3773   0.0530   0.1345
 -0.1037   0.3631  -0.0505  -0.3621   0.0447   0.1218
 -0.0082   0.2680  -0.0811  -0.2039   0.0848   0.0419
 -0.0183   0.2033  -0.0933  -0.1909   0.0547   0.0333
 -0.0216   0.1120  -0.0620  -0.0944   0.0730  -0.0159
 -0.0189   0.0799  -0.0615  -0.1032   0.0731   0.0053
 -0.0034   0.0676  -0.0548  -0.0961   0.0611  -0.0077
  0.0019   0.0407  -0.0668  -0.0479   0.0306  -0.0256
 -0.0367   0.0248  -0.0649  -0.0422   0.0270  -0.0455
 -0.0300   0.0973  -0.0865  -0.2167   0.0581   0.0556
 -0.0478   0.0464  -0.0565  -0.1581   0.0498   0.0359
 -0.0022   0.0449   0.0062  -0.1292   0.0661   0.0166
 -0.0170  -0.0099  -0.0005  -0.0582   0.0499  -0.0330
 -0.0434   0.0150  -0.0212  -0.2209   0.0489   0.0614
 -0.0099   0.0108  -0.0439  -0.1824   0.0519   0.0476
 -0.0204   0.0063  -0.0328  -0.2153   0.0549   0.0495
 -0.0090   0.0527  -0.0228  -0.2271   0.0599   0.0559
  0.0090   0.0884   0.0102  -0.3689   0.0435   0.0926
  0.0109   0.0883   0.0063  -0.3883   0.0611   0.1035
  0.0057   0.0451  -0.0101  -0.3226   0.0805   0.1101
  0.0060  -0.0405   0.0066  -0.2260   0.0787   0.0750
 -0.0745   0.0185  -0.0219  -0.2489   0.0315   0.0688
 -0.0958   0.0123  -0.0195  -0.2224  -0.0206   0.0398
 -0.1742  -0.0047  -0.0828  -0.1394  -0.0203   0.0089
 -0.0690   0.0669  -0.0380  -0.3195   0.0341   0.1123
 -0.0663   0.1128  -0.0138  -0.3898   0.0537   0.1526
 -0.0235   0.1619  -0.0213  -0.4325   0.0941   0.1500
 -0.0391   0.1259   0.0156  -0.3330   0.0591   0.1040
 -0.0092   0.1216   0.0305  -0.3109   0.0502   0.0850
 -0.0128   0.0131   0.0415  -0.1611   0.0535   0.0199
 -0.0349   0.0843   0.0537  -0.2530   0.0276   0.0589
 -0.0068   0.0198   0.0663  -0.2328   0.0340   0.0494
  0.0162  -0.0500   0.1021  -0.0933   0.0046  -0.0064
  0.0053  -0.0668   0.0815  -0.1095   0.0092   0.0049
 -0.0071  -0.0420   0.0506  -0.0556  -0.0358  -0.0480
 -0.0804  -0.0086  -0.0045  -0.0334  -0.0871  -0.0406
 -0.0850  -0.1442   0.0438  -0.0523  -0.0507  -0.0146
 -0.1295  -0.1786  -0.0293   0.1119  -0.0310  -0.0708
 -0.0556  -0.0966  -0.0135   0.1139  -0.0071  -0.1104
 -0.1258   0.0824  -0.1394  -0.3808   0.0201   0.1352
 -0.0872   0.1272  -0.0619  -0.2699   0.0468   0.0786
 -0.1265   0.1120  -0.0445  -0.1623   0.0221   0.0130
 -0.1683   0.0949  -0.1250  -0.1886   0.0135   0.0201
 -0.1700   0.1082  -0.1584  -0.2305   0.0077   0.0310
 -0.1729   0.0988  -0.1605  -0.2761  -0.0068   0.0490
 -0.1091   0.0253  -0.0735  -0.1837  -0.0165   0.0284
