 -0.4881   0.1105  -1.0082  -1.8498  -0.6456   0.2363
 -0.4236   0.0446  -0.9832  -1.7105  -0.5658   0.1398
 -0.4241  -0.1107  -0.9533  -1.7095  -0.5731   0.1903
 -0.4286  -0.1610  -0.9995  -1.6565  -0.5794   0.3117
 -0.4353  -0.0265  -1.0146  -1.6788  -0.5736   0.1797
 -0.4178  -0.0526  -1.0177  -1.6689  -0.5786   0.1448
 -0.4204  -0.0845  -1.0615  -1.6334  -0.5769   0.1462
 -0.4376  -0.1479  -1.0072  -1.4732  -0.5658   0.1736
 -0.4226  -0.1706  -1.0202  -1.5291  -0.5678   0.1618
 -0.4192  -0.2327  -1.0330  -1.4003  -0.5543   0.2042
 -0.4159  -0.2014  -1.0174  -1.4401  -0.5619   0.1662
 -0.4034  -0.2661  -1.0388  -1.3879  -0.5560   0.1990
 -0.3849  -0.2727  -1.0433  -1.3908  -0.5538   0.1759
 -0.3890  -0.3033  -1.0317  -1.3539  -0.5448   0.2031
 -0.3959  -0.2840  -1.0348  -1.4428  -0.5640   0.1725
 -0.3858  -0.3331  -1.0183  -1.3966  -0.5437   0.1958
 -0.3857  -0.3159  -1.0382  -1.4848  -0.5560   0.1764
 -0.3734  -0.3651  -1.0323  -1.3763  -0.5400   0.2079
 -0.3808  -0.3227  -1.0521  -1.4079  -0.5522   0.1895
 -0.3735  -0.3677  -1.0497  -1.3466  -0.5445   0.2160
 -0.3760  -0.3228  -1.0472  -1.4114  -0.5489   0.1858
 -0.3657  -0.3738  -1.0384  -1.3424  -0.5466   0.1971
 -0.3744  -0.3759  -1.0559  -1.3615  -0.5534   0.1893
 -0.3786  -0.3642  -1.0503  -1.3476  -0.5508   0.1794
 -0.3932  -0.3824  -1.0412  -1.3443  -0.5591   0.2075
 -0.3917  -0.3629  -1.0475  -1.3373  -0.5559   0.1766
 -0.3834  -0.4199  -1.0484  -1.2930  -0.5532   0.2552
 -0.3384  -0.4189  -1.0669  -1.2903  -0.5525   0.1809
 -0.3824  -0.3590  -1.1272  -1.3886  -0.5960   0.1973
 -0.3771  -0.3685  -1.1182  -1.3909  -0.5850   0.1671
 -0.3748  -0.4145  -1.1238  -1.3512  -0.5805   0.1945
 -0.3723  -0.4541  -1.0999  -1.2385  -0.5703   0.1872
 -0.3684  -0.5339  -1.0658  -1.1154  -0.5726   0.1751
 -0.3590  -0.5999  -1.0192  -0.9411  -0.5450   0.1834
 -0.4150  -0.5042  -1.0691  -1.0591  -0.6144   0.0927
 -0.3743  -0.4600  -1.0526  -1.2144  -0.5815   0.1471
 -0.3802  -0.4860  -1.0737  -1.2957  -0.5947   0.1562
 -0.4043  -0.4464  -1.0978  -0.9465  -0.5579   0.2576
 -0.4135   0.4012  -1.4888   0.4419  -0.6182   0.1995
 -0.3804   0.7488  -1.3460   0.9855  -0.4776   0.2366
 -0.2518   0.7827  -1.1085   2.1352  -0.3873   0.2967
 -0.0813   1.0283  -0.9920   2.2619  -0.3114   0.1248
  0.0510   1.8731  -1.4411   2.4296  -0.5117  -0.1177
 -0.2143   1.6206  -1.2502   1.2994  -0.5625  -0.0615
 -0.4304   1.0919  -0.9981   0.2021  -0.5669  -0.1260
 -0.4323   0.8853  -0.9858   0.1291  -0.5614  -0.1036
 -0.3890   0.6942  -0.9156   0.1491  -0.5421  -0.0579
 -0.3645   0.5014  -0.8673   0.2037  -0.5221  -0.1024
 -0.3105   0.3493  -0.9255   0.5853  -0.4612  -0.0423
 -0.0543   0.7650  -1.1991   1.9500  -0.2953  -0.0475
  0.1321   1.8531  -1.1648   2.5584  -0.2947  -0.2109
  0.0058   1.9738  -0.8570   3.0303  -0.2240  -0.1647
  0.2991   0.2576   0.8443   1.9505   0.4967   0.1152
  0.2824  -0.5106   0.7174   1.2098   0.4017  -0.1576
  0.2852  -0.6823   0.7405   1.3807   0.4193  -0.0281
  0.1675  -0.6047   0.6674   1.2269   0.3281  -0.0423
  0.1542  -0.7120   0.7941   1.3108   0.3309  -0.0303
  0.1697  -0.8341   0.7630   1.3331   0.3443  -0.0029
  0.1673  -0.7129   0.4644   1.2544   0.3992   0.0617
  0.1498  -0.6409   0.3825   1.0956   0.2965   0.0001
  0.1467  -0.6617   0.3980   0.5987   0.2424  -0.0323
  0.1729  -0.7744   0.4251   0.6076   0.2467  -0.0264
  0.1988  -0.8238   0.4672   0.5816   0.2760  -0.0246
  0.2121  -0.8457   0.4529   0.4936   0.2853   0.0034
  0.2197  -0.8833   0.4162   0.5899   0.2999   0.1123
  0.1584  -0.7580   0.3867   0.3793   0.2485   0.0222
  0.1237  -0.7655   0.3666   0.3392   0.1865   0.0246
  0.1139  -0.7778   0.3059   0.1968   0.1845   0.0244
  0.1406  -0.8968   0.3233   0.3304   0.2165   0.0522
  0.1363  -0.9147   0.3469   0.3504   0.2246   0.0540
  0.1459  -0.9923   0.3321   0.4084   0.2467   0.0861
  0.1361  -0.9592   0.3153   0.3113   0.2466   0.0743
  0.1216  -1.1106   0.4417   0.4387   0.3157   0.0679
  0.1741  -1.0447   0.3518   0.4458   0.2755   0.0527
  0.1782  -0.9989   0.3024   0.3990   0.2465   0.0427
  0.1819  -1.0525   0.3399   0.3885   0.2428   0.0751
  0.1918  -1.1822   0.3679   0.4807   0.2542   0.1869
  0.1398  -1.1542   0.3573   0.5089   0.1896   0.2400
  0.1263  -1.0614   0.3706   0.4037   0.1664   0.1902
  0.1717  -0.8706   0.2294   0.6403   0.1296   0.2764
  0.5300   0.3355  -0.0460   2.7959   0.4267   0.0731
  0.5130   0.2643   0.4160   4.7027   0.4970   0.1106
  0.4953   0.5732   0.5246   3.1101   0.6192  -0.0962
  0.2772   0.4062   0.5848   2.0803   0.4503  -0.2011
  0.2645  -0.0206   0.6490   2.2826   0.3962  -0.1458
  0.2970  -0.3231   0.6637   2.2271   0.3635   0.0236
  0.2812  -0.5895   0.7026   1.6580   0.3652   0.0483
  0.2851  -1.1372   0.6301   1.0173   0.3795   0.0371
  0.3040  -1.3911   0.6822   1.2891   0.4104   0.0880
  0.3051  -1.4457   0.6886   1.2353   0.4094   0.1602
  0.3091  -0.9823   0.6338   0.7558   0.4411   0.0408
  0.2476  -0.8671   0.5851   0.1868   0.3941  -0.0116
  0.2752  -1.0899   0.6434   0.2990   0.4256   0.0794
  0.2967  -1.0640   0.6495   0.2273   0.4283   0.1377
  0.2993  -1.1155   0.6263   0.3061   0.4383   0.1640
  0.3068  -1.1106   0.6242   0.2548   0.4283   0.1754
  0.3079  -1.1435   0.6526   0.3011   0.4472   0.1775
  0.3289  -1.1845   0.6701   0.3598   0.4587   0.1924
  0.3020  -1.0894   0.6581   0.2116   0.4351   0.1401
  0.2878  -0.9206   0.4920   0.3504   0.4195  -0.0029
  0.2101  -0.9708   0.4319   0.7580   0.3647  -0.0452
  0.2129  -1.0080   0.5325   0.0552   0.3301   0.0031
  0.2116  -1.1532   0.5323   0.2554   0.3536   0.0371
  0.3174  -1.3388   0.5712   0.5847   0.3944   0.1754
  0.3671  -0.6645   0.1377   1.8238   0.1771   0.3452
  0.3310   0.5484   0.6628   4.5533   0.5560  -0.0298
  0.6279   1.6395   0.3860   4.9578   0.6774  -0.1212
  0.6321   2.7884   0.7525   3.7574   0.8676  -0.6164
  0.1735   1.8580   1.0049   0.0009   0.3583  -0.1829
  0.1758   1.5056   1.0530  -0.2814   0.3610  -0.3143
  0.1530   1.3104   1.0248  -0.2610   0.3472  -0.2955
  0.1619   1.1956   0.9979  -0.3720   0.3436  -0.2646
  0.1897   1.0434   1.0120  -0.4534   0.3478  -0.2230
  0.1662   0.8879   0.9769  -0.4914   0.3188  -0.1967
  0.1310   0.9028   0.9781  -0.6854   0.3216  -0.1903
  0.1477   0.9834   0.9525  -0.7661   0.3466  -0.1872
  0.1503   0.9551   0.8762  -0.8427   0.3572  -0.1758
  0.1496   0.9149   0.8507  -1.0118   0.3344  -0.1455
  0.1464   0.7911   0.8339  -0.9254   0.3379  -0.1502
  0.1882   0.6747   0.8604  -0.8515   0.3604  -0.1231
  0.1766   0.6515   0.8801  -0.8932   0.3503  -0.1384
  0.2059   0.5003   0.9146  -0.6940   0.3798  -0.1094
  0.1709   0.4938   0.8970  -0.7202   0.3500  -0.1392
  0.1733   0.5686   0.8212  -0.9005   0.3497  -0.0899
  0.1661   0.5422   0.8655  -0.9497   0.3314  -0.1155
  0.1840   0.4204   0.8988  -0.6845   0.3633  -0.1026
  0.1997   0.4167   0.8769  -0.6702   0.3589  -0.0981
  0.2063   0.3681   0.8623  -0.5763   0.3744  -0.0949
  0.2097   0.3637   0.8818  -0.6077   0.3687  -0.0961
  0.1931   0.3513   0.8890  -0.5598   0.3644  -0.1021
  0.0973   0.3928   0.7843  -0.0744   0.3543  -0.0113
  0.2924   1.1221   0.5794   1.7051   0.3653  -0.0763
  0.4140   2.3484   0.7480   3.5962   0.5458  -0.3785
  0.0864   3.7931   0.5432   1.9148   0.4361  -0.6319
  0.1309   5.1822   0.0912  -0.3967   0.3513  -0.6377
  0.1070   3.6769   0.2654  -0.3608   0.2512  -0.4131
  0.0171   1.7160   0.2703  -0.2971  -0.0038  -0.3673
  0.0387   1.3246   0.1105  -0.3605  -0.0103  -0.2966
  0.0350   1.0596   0.1885  -0.5253  -0.0097  -0.2583
  0.0255   0.9392   0.2011  -0.6701  -0.0258  -0.2326
  0.0193   0.9554   0.0566  -0.7380  -0.0195  -0.1871
  0.0275   0.9705   0.0561  -0.8497  -0.0078  -0.1821
  0.0533   0.8794   0.1518  -0.6042   0.0729  -0.1607
  0.1074   0.8558   0.1087  -0.6327   0.0842  -0.1793
  0.1265   0.7806   0.1214  -0.5808   0.1118  -0.1674
  0.0915   0.8341   0.1503  -0.6903   0.0603  -0.1786
  0.1115   0.7809   0.1657  -0.6332   0.0849  -0.1550
  0.0883   0.8104  -0.0272  -0.2994   0.1259  -0.1541
  0.1120   0.8673  -0.2174   0.3071   0.0744  -0.1889
  0.1214   0.7059  -0.1815   0.9009   0.0576  -0.2469
  0.0432   0.7580  -0.1063  -0.2643  -0.0068  -0.2481
 -0.0013   0.7191  -0.1966  -0.4426  -0.0687  -0.1970
  0.0163   0.6787  -0.1915  -0.3563  -0.0544  -0.1693
  0.0122   0.7336  -0.1602  -0.3452  -0.0545  -0.2666
  0.0251   0.6534  -0.1166  -0.2999  -0.0392  -0.2366
  0.0291   0.6264  -0.1026  -0.3481  -0.0443  -0.2442
  0.0300   0.5778  -0.1058  -0.3379  -0.0341  -0.2175
  0.0239   0.5157  -0.0653  -0.3412  -0.0457  -0.2325
  0.0164   0.3988  -0.0122  -0.2185  -0.0425  -0.2091
  0.0158   0.3471   0.0658  -0.2632  -0.0389  -0.2133
