 -0.0023  -0.0041  -0.0364   0.0051  -0.0203   0.0035
 -0.0167  -0.0060  -0.0351   0.0105  -0.0432   0.0080
 -0.0070  -0.0323  -0.0059   0.0863  -0.0338   0.0601
  0.0389   0.0352  -0.0142   0.1837  -0.0167   0.2382
  0.0135   0.0545  -0.0541  -0.1266   0.0325   0.1737
  0.0011   0.0510  -0.0597  -0.2323   0.0035  -0.3416
 -0.0027  -0.0036  -0.0453   0.0235  -0.0256  -0.1232
 -0.0075  -0.0062  -0.0286   0.0290  -0.0307   0.1722
  0.0190  -0.0305   0.0166   0.0784  -0.0092   0.0128
  0.0705  -0.0424   0.0786   0.4311   0.0287   0.3059
  0.0913   0.0088   0.0005   0.1637   0.0744   0.1376
  0.0253   0.0359   0.0029  -0.2480   0.0671  -0.4809
  0.0218   0.0448   0.0220  -0.0885   0.0300  -0.2035
  0.0116   0.0360  -0.0008  -0.0088   0.0210   0.1869
  0.0109  -0.0291   0.0102   0.1424  -0.0674   0.2045
  0.0516  -0.0205   0.0262   0.1641   0.0250   0.2582
  0.0571  -0.0107   0.0084  -0.0905   0.0642  -0.2094
 -0.0137  -0.0140  -0.0166  -0.1545   0.1115  -0.3773
 -0.0272  -0.0142  -0.0321  -0.0904  -0.0446   0.0553
 -0.0273  -0.0486   0.0175   0.1192  -0.1211   0.1659
 -0.0012  -0.0688   0.0088   0.0564  -0.0645   0.2326
 -0.0124  -0.0824  -0.0018  -0.0805   0.0329  -0.2182
 -0.0120  -0.0468  -0.0060   0.0209   0.0406  -0.3265
  0.0197  -0.0522   0.0340   0.0686   0.0139   0.2243
 -0.0063  -0.0344   0.0138   0.0019   0.0311   0.1176
  0.0027  -0.0568  -0.0037  -0.0833   0.0687  -0.1522
  0.0051  -0.0058   0.0135   0.0331  -0.0059   0.1198
  0.0030   0.0227  -0.0042  -0.0740   0.0110   0.0877
 -0.0133   0.0180  -0.0151  -0.0973   0.0132  -0.2326
 -0.0255  -0.0122  -0.0222   0.0240   0.0028   0.0181
  0.0071   0.0492   0.0066   0.1082  -0.0509   0.3001
  0.0224   0.0912   0.0136  -0.0166  -0.0208   0.0104
  0.0178   0.0762   0.0061  -0.0868   0.0570  -0.2770
  0.0143   0.0279  -0.0050  -0.0013   0.0788  -0.0955
  0.0081  -0.0547  -0.0037   0.0650  -0.0353   0.1694
  0.0392  -0.0453   0.0281   0.1614  -0.0434   0.3353
  0.0286  -0.0376   0.0164  -0.0096  -0.0277  -0.1432
 -0.0169  -0.0746   0.0024  -0.1131  -0.0229  -0.4131
  0.0195  -0.0675   0.0078   0.0057  -0.0221   0.0707
 -0.0028  -0.0373   0.0096   0.0992  -0.0278   0.3521
  0.0407   0.0435  -0.0007  -0.0278  -0.0055  -0.0129
 -0.0016  -0.0077  -0.0188  -0.1383   0.0079  -0.2719
 -0.0009  -0.0005  -0.0159  -0.0474   0.0163  -0.0264
 -0.0056  -0.0043  -0.0222  -0.0833   0.0269   0.0706
 -0.0064  -0.0472  -0.0104   0.1726  -0.0052   0.1587
  0.0182   0.0338  -0.0296   0.0055  -0.0124   0.2185
  0.0069   0.0305  -0.0292  -0.1920   0.0067  -0.2698
  0.0113  -0.0198  -0.0180   0.0003   0.0391  -0.3563
 -0.0008   0.0149  -0.0108  -0.0210   0.0390   0.0700
 -0.0025  -0.0618  -0.0151   0.0513  -0.0395   0.0920
  0.0428   0.0093   0.0339   0.1825  -0.0110   0.2900
  0.0458   0.0597  -0.0061  -0.0325   0.0041   0.0601
 -0.0267   0.0343  -0.0289  -0.1643  -0.0087  -0.5037
 -0.0389  -0.0306   0.0007  -0.0500  -0.0183  -0.1380
 -0.0382   0.0166   0.0081   0.0551  -0.0299   0.2982
  0.0221   0.0132   0.0179   0.1873   0.0600   0.3533
  0.0072   0.0947  -0.0027  -0.0505   0.0634  -0.1191
 -0.0079   0.0228  -0.0142  -0.1479  -0.0522  -0.4337
 -0.0184  -0.0083   0.0179   0.0340  -0.0545   0.0676
  0.0060   0.0294   0.0386   0.0162  -0.0077   0.2871
 -0.0241   0.0189   0.0055  -0.0135  -0.0501  -0.0980
 -0.0022   0.0442   0.0145  -0.0362  -0.0341  -0.0621
  0.0090   0.1123  -0.0039  -0.1043   0.0160   0.1091
  0.0077   0.0498  -0.0138  -0.0501   0.0120  -0.0241
  0.0012   0.0479  -0.0393   0.0041  -0.0312   0.0341
  0.0100  -0.0669  -0.0004   0.1417  -0.0526   0.1196
  0.0876   0.0084  -0.0056   0.1577   0.0075   0.3017
  0.0875   0.0662   0.0456  -0.2303   0.0982  -0.2402
 -0.0299   0.0316   0.0090  -0.2226   0.0977  -0.4883
 -0.0269   0.0270   0.0035   0.0309  -0.0337   0.0355
 -0.0433   0.0456  -0.0030   0.0212  -0.0881   0.1552
  0.0021   0.0206   0.0356   0.2317  -0.0630   0.2665
  0.0157   0.0137   0.0207   0.1502   0.0548   0.1800
  0.0061   0.0467  -0.0153  -0.1335   0.0807  -0.3227
  0.0127   0.0046   0.0048  -0.0402   0.0099  -0.2588
  0.0001  -0.0092   0.0111   0.0011   0.0114   0.0933
  0.0323  -0.0555   0.0330   0.1724   0.0345   0.2631
  0.0359  -0.0064   0.0042   0.0700   0.0381   0.1898
 -0.0261  -0.0239  -0.0201  -0.2101  -0.0167  -0.4063
 -0.0394  -0.0593  -0.0097   0.0145  -0.0362  -0.1597
 -0.0070  -0.0307   0.0186   0.1115  -0.0055   0.3319
 -0.0321   0.0286  -0.0062  -0.0576  -0.0177   0.0564
 -0.0364  -0.0475  -0.0157  -0.0732  -0.0204  -0.2410
 -0.0021  -0.0191   0.0198   0.0825   0.0092   0.1252
 -0.0289   0.0155  -0.0066  -0.0529  -0.0049   0.0803
 -0.0271  -0.0363   0.0002  -0.0078   0.0004  -0.2780
 -0.0221   0.0400  -0.0027  -0.0010  -0.0147   0.1030
 -0.0222   0.0057  -0.0139  -0.0794   0.0111   0.0436
 -0.0255  -0.0025  -0.0030  -0.0509   0.0377  -0.1475
 -0.0304  -0.0317  -0.0153   0.0089   0.0405   0.1051
  0.0153   0.0003  -0.0073   0.1921  -0.0194   0.2796
 -0.0099   0.0404  -0.0252  -0.0078  -0.0501  -0.0595
 -0.0133   0.0159  -0.0161  -0.1656  -0.0604  -0.3527
 -0.0099  -0.0305  -0.0099  -0.0471  -0.0239  -0.0070
 -0.0280  -0.0107  -0.0156   0.0123   0.0398   0.1378
  0.0183  -0.0445   0.0152   0.2333   0.0187   0.2306
 -0.0039   0.0254  -0.0092   0.0586  -0.0093   0.0528
 -0.0042  -0.0306  -0.0202  -0.1675  -0.0131  -0.3518
 -0.0244  -0.0184   0.0048  -0.0382  -0.0525   0.0290
 -0.0190  -0.0385  -0.0240  -0.0891  -0.0330   0.1012
 -0.0144  -0.0393   0.0154   0.0345  -0.0581   0.0627
 -0.0267  -0.0097  -0.0289   0.0205  -0.0548   0.0547
 -0.0118  -0.0248   0.0032   0.1650   0.0038  -0.0263
 -0.0057  -0.0161   0.0848   0.1378   0.0430  -0.0305
  0.0464   0.0582   0.0578  -0.1410   0.1380  -0.1423
  0.0502   0.0397   0.0531   0.0248   0.0446  -0.0355
 -0.0389  -0.0436   0.0015  -0.1026  -0.0562   0.0342
 -0.0381  -0.0618  -0.0086   0.0454  -0.0751   0.0944
 -0.0372   0.0414   0.0054   0.0300  -0.0869   0.2265
 -0.0282   0.0247  -0.0035  -0.1474   0.0151  -0.1962
 -0.0273  -0.0093   0.0187   0.0062   0.0289  -0.1716
 -0.0263   0.0305   0.0037  -0.0443   0.0443   0.1055
 -0.0306  -0.0646   0.0222   0.1328   0.0437   0.1280
 -0.0183   0.0522  -0.0082   0.0476  -0.0245   0.1966
 -0.0010   0.0638  -0.0174  -0.2014   0.0153  -0.2430
  0.0005  -0.0234   0.0124  -0.0544   0.0225  -0.2846
 -0.0204   0.0042  -0.0061   0.0908   0.0036   0.1853
 -0.0012  -0.0552   0.0020   0.0328   0.0030   0.2616
 -0.0187  -0.0011  -0.0002  -0.1170   0.0040  -0.1630
 -0.0262  -0.0138   0.0036   0.0130  -0.0090  -0.2923
