  0.0976   0.7847   0.0898  -0.7203   0.0653   0.0238
  0.1280   0.7303   0.0906  -0.6027   0.1102  -0.0060
  0.1052   0.6816   0.0478  -0.5966   0.0672  -0.0027
  0.1069   0.5786   0.0408  -0.4315   0.0591   0.0080
  0.1373   0.5028   0.0506  -0.3616   0.1019   0.0231
  0.1530   0.4520   0.0331  -0.3177   0.1158   0.0159
  0.1775   0.4045   0.0292  -0.3035   0.1451   0.0354
  0.2024   0.4716   0.0024  -0.4377   0.1568   0.0303
  0.1216   0.1770  -0.2564  -0.5575  -0.0121  -0.0122
  0.2209   0.1618  -0.4126  -0.7861   0.0747   0.1273
  0.1282   0.1041  -0.2912  -0.3323   0.0389   0.0656
  0.1600   0.0424  -0.2007  -0.1611   0.1064   0.0670
  0.1875   0.0170  -0.1974  -0.0770   0.1449   0.0906
  0.2496  -0.0608  -0.2164   0.0019   0.2064   0.0659
  0.2686  -0.1018  -0.2143   0.0685   0.2215   0.0940
  0.2814  -0.1371  -0.2210   0.0800   0.2344   0.1049
  0.3055  -0.1641  -0.2182   0.0907   0.2739   0.1245
  0.2527  -0.2141  -0.1916   0.0606   0.2083   0.1724
  0.2490  -0.2408  -0.1664   0.0864   0.2003   0.0927
  0.2608  -0.2440  -0.1753   0.1555   0.2126   0.1288
  0.2484  -0.2550  -0.1741   0.1899   0.2080   0.1716
  0.2584  -0.2425  -0.1779   0.1804   0.2206   0.1593
  0.2590  -0.2552  -0.1828   0.2110   0.2104   0.1351
  0.2610  -0.2755  -0.1894   0.2509   0.2162   0.1282
  0.2338  -0.2781  -0.1822   0.2409   0.1861   0.1619
  0.2133  -0.2484  -0.1726   0.1991   0.1808   0.1143
  0.0741  -0.1776  -0.1153  -0.0310  -0.0024   0.0506
  0.1261  -0.2706  -0.1580   0.1787   0.0748   0.1203
  0.1338  -0.3180  -0.1778   0.3031   0.0932   0.0965
  0.0785   0.7945  -0.0610  -1.0221   0.0164  -0.0439
  0.1002   0.4150  -0.0562  -0.5013   0.0475  -0.0443
  0.0983   0.2495  -0.0664  -0.3278   0.0453  -0.0301
  0.1051   0.1811  -0.0742  -0.2532   0.0393   0.0130
  0.1036   0.1440  -0.0739  -0.2356   0.0378   0.0319
  0.1179   0.1190  -0.0621  -0.1752   0.0619   0.0250
  0.1106   0.0846  -0.0589  -0.1454   0.0555   0.0543
  0.1150   0.0679  -0.0559  -0.1357   0.0532   0.0300
  0.1128   0.0452  -0.0539  -0.1103   0.0574   0.0473
  0.1133   0.0222  -0.0448  -0.0960   0.0604   0.0456
  0.1234   0.0276  -0.0509  -0.0926   0.0807   0.0413
  0.1317   0.0345  -0.0479  -0.0800   0.0916   0.0291
  0.1435   0.0270  -0.0560  -0.0820   0.1158   0.0240
  0.1577   0.0159  -0.0714  -0.0712   0.1237   0.0218
  0.1614  -0.0548  -0.0757   0.0188   0.1317   0.0627
  0.1626  -0.0420  -0.0711   0.0768   0.1427   0.0397
  0.1522  -0.0395  -0.0750   0.1195   0.1358   0.0385
  0.1673  -0.0653  -0.0740   0.1529   0.1475   0.0426
  0.1820  -0.0709  -0.0823   0.1791   0.1711   0.0208
  0.1939  -0.0826  -0.0993   0.1832   0.1952   0.0335
  0.2145  -0.0917  -0.1182   0.2027   0.2202   0.0371
  0.2054  -0.0832  -0.1120   0.2249   0.2099   0.0391
  0.2094  -0.0862  -0.1093   0.2372   0.2213   0.0554
  0.2048  -0.0849  -0.1185   0.2966   0.2233   0.0454
  0.1934  -0.1076  -0.1215   0.3177   0.2161   0.0627
  0.2068  -0.1093  -0.1198   0.3515   0.2269   0.0325
  0.2082  -0.1345  -0.1334   0.3692   0.2154   0.0414
  0.2179  -0.1667  -0.1590   0.3812   0.2114   0.0457
  0.1870  -0.1687  -0.1460   0.3355   0.1809   0.0359
  0.1748  -0.1735  -0.1630   0.3447   0.1472   0.0307
  0.1425  -0.1765  -0.1568   0.4061   0.1158   0.0313
  0.1476  -0.1662  -0.1464   0.3908   0.1240   0.0404
  0.1498  -0.1970  -0.1662   0.4390   0.1222   0.0354
  0.1550  -0.2080  -0.1683   0.4628   0.1280   0.0362
  0.1573  -0.2139  -0.1725   0.4783   0.1280   0.0472
  0.1744  -0.2200  -0.1802   0.5071   0.1553   0.0395
  0.1650  -0.2214  -0.1845   0.4961   0.1374   0.0508
  0.1685  -0.2386  -0.2011   0.5015   0.1421   0.0380
  0.1729  -0.2596  -0.1859   0.5218   0.1498   0.0405
  0.1803  -0.2622  -0.1816   0.5251   0.1616   0.0458
  0.1756  -0.2669  -0.1760   0.5151   0.1551   0.0488
  0.1784  -0.2610  -0.1684   0.4731   0.1656   0.0531
  0.1669  -0.2629  -0.1761   0.4856   0.1423   0.0422
  0.1764  -0.2802  -0.1719   0.5361   0.1554   0.0469
  0.1735  -0.2768  -0.1855   0.5391   0.1521   0.0416
  0.1640  -0.2782  -0.1835   0.5155   0.1451   0.0427
  0.1661  -0.2895  -0.1867   0.5287   0.1555   0.0338
  0.1762  -0.2996  -0.1842   0.5545   0.1651   0.0354
  0.1756  -0.2852  -0.1800   0.5518   0.1694   0.0375
  0.1800  -0.2756  -0.1870   0.5254   0.1736   0.0396
  0.1553  -0.2726  -0.1998   0.5340   0.1474   0.0399
  0.1341  -0.2562  -0.2054   0.5288   0.1163   0.0394
  0.0796  -0.2634  -0.0055   0.1238   0.1041  -0.0011
 -0.0122  -0.3455   0.1520   0.3435  -0.0219   0.1091
 -0.0172  -0.4117   0.1205   0.7655  -0.0064   0.0285
 -0.0218  -0.5230   0.1209   0.8830  -0.0031   0.0885
 -0.0479  -0.5597   0.1021   0.9072  -0.0437   0.1130
 -0.0649  -0.6192   0.0947   0.9644  -0.0707   0.1293
 -0.0677  -0.6150   0.0977   0.9700  -0.0704   0.1500
 -0.0622  -0.5438   0.1136   0.7889  -0.0637   0.1435
 -0.0879  -0.2382   0.0791   0.4264  -0.0895  -0.0259
 -0.1156   0.3737   0.1105  -0.1095  -0.1179  -0.0145
 -0.0529   0.4096   0.1507  -0.5568  -0.0914  -0.2088
  0.5225   1.9416   0.7679  -2.7530   0.6891  -0.4405
  0.6136   1.7480   0.6014  -2.5690   0.7134  -0.5848
  0.4315   1.6068   0.4791  -2.2429   0.5112  -0.5457
  0.3719   1.5337   0.4248  -2.0894   0.4322  -0.5344
  0.0184   0.8090   0.2417  -1.3424  -0.0624  -0.3464
 -0.1928   0.4715   0.1773  -0.6418  -0.3504  -0.2189
 -0.0077   0.5398   0.0442  -0.6047  -0.0952  -0.2461
 -0.0170   0.4936   0.0798  -0.5235  -0.0927  -0.1873
  0.0251   0.4447   0.0567  -0.4419  -0.0168  -0.2097
  0.0254   0.4332   0.0591  -0.5040   0.0043  -0.1567
 -0.0276   0.5914   0.0126  -1.0010   0.0004  -0.0221
 -0.3535   0.4289  -0.0034  -0.8374  -0.2708   0.2655
 -0.8044   0.2791   0.0576  -0.5882  -0.6462  -0.0810
 -2.1486  -0.0022   0.9518  -0.3860  -1.4300   0.1389
 -1.4467   0.0665   1.1035  -0.4147  -0.9180  -0.7797
 -1.1571   0.1136   0.8032  -0.4504  -0.7825  -0.5748
 -1.1625   0.1301   0.7470  -0.2754  -0.7945  -0.1249
 -1.1187   0.1096   0.7562  -0.1804  -0.7562  -0.1177
 -1.0986   0.0789   0.7586  -0.1240  -0.7514  -0.1071
 -1.0909   0.0901   0.7341  -0.1230  -0.7567  -0.1034
 -1.0983   0.0758   0.7121  -0.0703  -0.7702  -0.1026
 -1.0992   0.0497   0.6967   0.0005  -0.7687  -0.0956
 -1.1017   0.0432   0.6821   0.0227  -0.7644  -0.1003
 -1.1098   0.0176   0.6664   0.0387  -0.7836  -0.0990
 -1.1220  -0.0015   0.6452   0.0689  -0.8062  -0.1019
 -1.1199  -0.0092   0.6370   0.0765  -0.8066  -0.0958
 -1.1493  -0.0236   0.6063   0.0957  -0.8470  -0.0758
 -1.1508  -0.0587   0.5952   0.1371  -0.8566  -0.0881
