  0.0630  -0.0384  -0.0199   0.0550   0.0093  -0.0016
  0.0431  -0.0265  -0.0062   0.0575   0.0087  -0.0013
  0.0170  -0.0425   0.0061   0.0374  -0.0026  -0.0184
  0.0294  -0.0461   0.0044   0.0557   0.0132   0.0003
  0.0467  -0.0634  -0.0018   0.0477   0.0254  -0.0089
  0.0406  -0.0494   0.0125   0.0446   0.0259  -0.0181
  0.0330  -0.0745   0.0168   0.0349   0.0229  -0.0041
  0.0152  -0.0639   0.0096   0.0381   0.0120  -0.0014
  0.0541  -0.0642   0.0395   0.0361   0.0470  -0.0162
  0.0060  -0.0890   0.0042   0.0635   0.0136  -0.0133
  0.0073  -0.0832  -0.0029   0.0444   0.0108  -0.0486
  0.0202  -0.0619   0.0034   0.0417   0.0046   0.0058
  0.0296  -0.0908  -0.0105   0.0664   0.0029  -0.0096
  0.0524  -0.0664  -0.0113   0.0570   0.0264  -0.0185
  0.0513  -0.0701  -0.0028   0.0338   0.0345  -0.0144
  0.0415  -0.0646   0.0025   0.0338   0.0209  -0.0364
  0.0449  -0.0557  -0.0026   0.0519   0.0335  -0.0320
  0.0283  -0.0241   0.0160   0.0108   0.0285  -0.0441
  0.0369  -0.0501   0.0115   0.0271   0.0321  -0.0331
  0.0223  -0.0430   0.0211   0.0018   0.0273  -0.0363
  0.0218  -0.0022   0.0144   0.0062   0.0220  -0.0384
  0.0619  -0.0273   0.0042   0.0179   0.0400  -0.0095
  0.0721  -0.0245   0.0218   0.0243   0.0509  -0.0249
  0.0898  -0.0285   0.0293   0.0152   0.0745   0.0050
  0.0701  -0.0287   0.0229  -0.0031   0.0601  -0.0500
  0.0516   0.0138   0.0092  -0.0248   0.0368  -0.0438
  0.0614   0.0204   0.0088  -0.0219   0.0309  -0.0572
  0.0645  -0.0001   0.0126  -0.0248   0.0415  -0.0390
  0.0769   0.0059   0.0003  -0.0078   0.0272  -0.0222
  0.0701  -0.0152   0.0160  -0.0326   0.0461  -0.0456
  0.1081  -0.0134   0.0253  -0.0292   0.0854  -0.0390
  0.1057  -0.0028  -0.0063  -0.0244   0.0642  -0.0243
  0.1100  -0.0065   0.0088  -0.0186   0.0700  -0.0167
  0.0924   0.0305   0.0187  -0.0518   0.0563  -0.0491
  0.1062   0.0147   0.0253  -0.0477   0.0765  -0.0182
  0.1341   0.0043   0.0271  -0.0450   0.1073  -0.0269
  0.1491  -0.0069   0.0538  -0.0194   0.1479  -0.0046
  0.1570  -0.0112   0.0584  -0.0254   0.1483  -0.0262
  0.1567  -0.0242   0.0514  -0.0053   0.1502  -0.0191
  0.1541  -0.0182   0.0542  -0.0190   0.1454  -0.0271
  0.1425   0.0089   0.0467  -0.0324   0.1244  -0.0513
  0.1268   0.0107   0.0386  -0.0303   0.1060  -0.0225
  0.1405  -0.0011   0.0380  -0.0213   0.1198  -0.0312
  0.1350  -0.0081   0.0339   0.0139   0.1139  -0.0286
  0.1202   0.0239   0.0558  -0.0334   0.1048  -0.0432
  0.1417   0.0279   0.0548  -0.0233   0.1413  -0.0541
  0.1450   0.0184   0.0618  -0.0187   0.1453  -0.0192
  0.1505   0.0174   0.0520  -0.0331   0.1471  -0.0325
  0.1416   0.0178   0.0521  -0.0367   0.1496  -0.0323
  0.1407   0.0223   0.0500  -0.0398   0.1431  -0.0084
  0.1262   0.0222   0.0632  -0.0579   0.1417  -0.0454
  0.0901   0.0865   0.0626  -0.0717   0.1312  -0.0747
  0.0248   0.0908   0.0269  -0.1407   0.1442  -0.0719
  0.0528   0.0530   0.0423  -0.1156   0.1153   0.0153
  0.0677   0.0893   0.0354  -0.0867   0.1099  -0.0480
  0.0764   0.0638   0.0386  -0.0898   0.1437  -0.0474
  0.0818   0.0760   0.0524  -0.0947   0.1399  -0.0442
  0.1063   0.1208   0.0482  -0.0885   0.1842  -0.1102
  0.1688   0.0895   0.0689   0.0059   0.2052  -0.0153
  0.1522   0.0937   0.0682  -0.0321   0.2083  -0.0845
  0.1513   0.1138   0.0708  -0.0024   0.2005  -0.0392
  0.1361   0.0946   0.0484  -0.0241   0.1906  -0.0236
  0.1328   0.0355   0.0247   0.0031   0.1651   0.0747
  0.1200   0.0047   0.0220   0.0004   0.1521  -0.0285
  0.1014   0.0693   0.0470  -0.0467   0.1361  -0.0384
  0.1115   0.0688   0.0487  -0.0332   0.1436  -0.0396
  0.1349   0.0678   0.0586  -0.0591   0.1655  -0.0504
  0.1426   0.0937   0.1003  -0.0692   0.1963  -0.1048
  0.1166   0.1170   0.0474  -0.0620   0.1452  -0.0949
  0.1247   0.0848   0.0459  -0.0650   0.1545  -0.0657
  0.1051   0.0543   0.0331  -0.0226   0.1275  -0.0686
  0.1029   0.0809   0.0060  -0.0227   0.1056  -0.0838
  0.1064   0.0952   0.0116  -0.0304   0.1211  -0.0794
  0.1070   0.0890   0.0148  -0.0384   0.1179  -0.0651
  0.0773   0.0913   0.0114  -0.0331   0.0759  -0.0769
  0.0649   0.0955   0.0063  -0.0308   0.0815  -0.0660
  0.0914   0.0723   0.0106  -0.0098   0.1074  -0.0351
  0.1074   0.0403   0.0399   0.0050   0.1489  -0.0390
  0.1114   0.0182   0.0165   0.0076   0.1343  -0.0164
  0.0959   0.0617   0.0295  -0.0041   0.1143  -0.0457
  0.1011   0.0382   0.0303   0.0147   0.1327  -0.0324
  0.0960   0.0553   0.0214  -0.0026   0.1237  -0.0496
  0.0611   0.0524   0.0058  -0.0081   0.0759  -0.0299
  0.0239   0.0629  -0.0240  -0.0031   0.0274  -0.0195
 -0.0003   0.0461  -0.0214   0.0007  -0.0064  -0.0183
 -0.0180   0.0436  -0.0137  -0.0066  -0.0183   0.0138
 -0.0240   0.0529  -0.0109  -0.0241  -0.0310  -0.0135
 -0.0509   0.0514  -0.0380  -0.0072  -0.0566   0.0028
 -0.0357   0.0459  -0.0198   0.0367  -0.0346   0.0379
 -0.0498   0.0522  -0.0372   0.0745  -0.0319  -0.0230
 -0.0442   0.0554  -0.0481   0.0470  -0.0416   0.0314
 -0.0104   0.0732  -0.0290   0.0489  -0.0129   0.0268
 -0.0029   0.0253  -0.0333   0.0511  -0.0082   0.0589
 -0.0172   0.0571  -0.0090   0.0309   0.0121   0.0364
 -0.0065   0.0824   0.0000   0.0058   0.0465  -0.0501
 -0.0102   0.0410   0.0066   0.0382   0.0265  -0.0175
 -0.0432   0.0707   0.0001   0.0398  -0.0150  -0.0277
 -0.0503   0.0515  -0.0090   0.0561  -0.0103  -0.0146
 -0.0270   0.0454  -0.0089   0.0515   0.0245  -0.0196
 -0.0153   0.0651  -0.0085   0.0607   0.0193  -0.0089
 -0.0010   0.0495  -0.0158   0.0573   0.0373  -0.0236
  0.0144   0.0346   0.0155   0.0819   0.0834   0.0239
  0.0227   0.0376   0.0137   0.0876   0.0798   0.0201
  0.0182   0.0267   0.0302   0.0755   0.0934  -0.0040
  0.0168   0.0261   0.0168   0.0556   0.0828   0.0117
  0.0069   0.0310   0.0022   0.0732   0.0639  -0.0285
 -0.0208   0.0335  -0.0171   0.0466   0.0179  -0.0155
 -0.0455   0.0281  -0.0287   0.0551  -0.0143  -0.0230
 -0.0482   0.0362  -0.0435   0.0477  -0.0270  -0.0006
 -0.0737   0.0124  -0.0413   0.0196  -0.0475  -0.0352
 -0.0864   0.0388  -0.0323   0.0172  -0.0576  -0.0215
 -0.0778   0.0454  -0.0447   0.0158  -0.0663  -0.0248
 -0.0853   0.0447  -0.0459   0.0347  -0.0826   0.0155
 -0.1146   0.0244  -0.0303   0.0040  -0.0875  -0.0232
 -0.1194   0.0257  -0.0226  -0.0057  -0.0971  -0.0236
 -0.1221   0.0373  -0.0225  -0.0281  -0.1024  -0.0318
 -0.1268   0.0475  -0.0237  -0.0349  -0.1078  -0.0387
 -0.1309   0.0516  -0.0323  -0.0309  -0.1135  -0.0309
 -0.1540   0.0656  -0.0197  -0.0744  -0.1214  -0.0665
 -0.1327   0.0558  -0.0210  -0.0485  -0.0917  -0.0474
 -0.0952   0.0523  -0.0197  -0.0239  -0.0722  -0.0428
 -0.0910   0.0476  -0.0173  -0.0382  -0.0676  -0.0687
 -0.0784   0.0355   0.0065  -0.0141  -0.0529  -0.0680
 -0.0730   0.0273  -0.0122  -0.0086  -0.0540  -0.0545
 -0.0451  -0.0835  -0.0193   0.0539  -0.0315   0.0079
 -0.0390  -0.0347  -0.0190   0.0386  -0.0336   0.0266
 -0.0634  -0.0029  -0.0285  -0.0011  -0.0596  -0.0242
 -0.0655  -0.0033  -0.0172  -0.0032  -0.0559  -0.0263
 -0.1018   0.0065  -0.0462  -0.0155  -0.1111  -0.0167
 -0.1185   0.0070  -0.0426  -0.0029  -0.1222  -0.0085
 -0.1393   0.0133  -0.0536  -0.0211  -0.1502   0.0033
 -0.1657   0.0223  -0.0510  -0.0392  -0.1800  -0.0121
 -0.1745   0.0180  -0.0552  -0.0513  -0.1906   0.0177
 -0.1740   0.0344  -0.0523  -0.0521  -0.1720   0.0143
 -0.1713   0.0373  -0.0565  -0.0800  -0.2028   0.0065
 -0.1587   0.0321  -0.0607  -0.0501  -0.1878   0.0154
 -0.1455   0.0377  -0.0335  -0.0513  -0.1648   0.0000
 -0.1298   0.0272  -0.0363  -0.0272  -0.1521   0.0066
 -0.1306   0.0265  -0.0340  -0.0049  -0.1482   0.0452
 -0.1193   0.0175  -0.0373  -0.0104  -0.1441   0.0221
 -0.0813  -0.0043  -0.0377  -0.0007  -0.1101   0.0567
 -0.0669   0.0112  -0.0299  -0.0064  -0.1001   0.0513
 -0.0603   0.0294  -0.0331  -0.0135  -0.0863   0.0308
 -0.0437   0.0323  -0.0283  -0.0454  -0.0809   0.0385
 -0.0705   0.0388  -0.0103  -0.0462  -0.0984   0.0229
 -0.0645   0.0088  -0.0114  -0.0239  -0.0923   0.0349
 -0.0403   0.0011  -0.0124   0.0141  -0.0618   0.0214
 -0.0282  -0.0069  -0.0213   0.0291  -0.0719   0.0588
  0.0001  -0.0255  -0.0083   0.0332  -0.0353   0.0468
  0.0193  -0.0122   0.0066   0.0107  -0.0406   0.0449
 -0.0037  -0.0435   0.0200   0.0328  -0.0392   0.0582
  0.0196  -0.0447   0.0233   0.0110  -0.0117   0.0460
  0.0344  -0.0466   0.0029  -0.0140  -0.0075   0.0215
  0.0189  -0.0451   0.0230  -0.0022  -0.0121   0.0448
 -0.0022  -0.0614  -0.0272  -0.0051  -0.0424   0.0654
  0.0270  -0.0613  -0.0066   0.0045  -0.0181   0.0704
  0.0380  -0.0806  -0.0377  -0.0152  -0.0380   0.1009
  0.0196  -0.0296  -0.0413  -0.0164  -0.0636   0.1126
  0.0187  -0.0731  -0.0512   0.0253  -0.0672   0.0903
  0.0387  -0.0703  -0.0500   0.0339  -0.0484   0.1063
  0.0289  -0.0734  -0.0508   0.0232  -0.0608   0.0772
 -0.0012  -0.0584  -0.0299  -0.0148  -0.0578   0.0396
  0.0081  -0.0530  -0.0327  -0.0021  -0.0665   0.0495
 -0.0048  -0.0740  -0.0449   0.0105  -0.0890   0.0350
 -0.0012  -0.0859  -0.0461   0.0407  -0.0703   0.0734
 -0.0083  -0.0830  -0.0440   0.0568  -0.0842   0.0642
 -0.0282  -0.0933  -0.0666   0.0318  -0.1123   0.0598
 -0.0295  -0.0913  -0.0532   0.0332  -0.0965   0.0875
 -0.0323  -0.0926  -0.0676   0.0322  -0.1157   0.0727
 -0.0265   0.0004  -0.0654  -0.0048  -0.1176   0.1112
 -0.0553  -0.0144  -0.0685  -0.0354  -0.1463   0.1114
 -0.0588  -0.0048  -0.0636  -0.0351  -0.1489   0.0260
 -0.0441  -0.0582  -0.0497   0.0144  -0.1338   0.0607
 -0.0390  -0.0579  -0.0456  -0.0038  -0.1159   0.0456
  0.0030  -0.0770  -0.0465   0.0350  -0.0659   0.0246
  0.0238  -0.0790  -0.0313   0.0691  -0.0414   0.0635
  0.0026  -0.0735  -0.0373   0.0296  -0.0565   0.0379
  0.0145  -0.0565  -0.0422   0.0147  -0.0561   0.0418
  0.0354  -0.0499  -0.0398   0.0142  -0.0530   0.0651
  0.0349  -0.0639  -0.0103   0.0389  -0.0295   0.0492
  0.0277  -0.0608  -0.0062   0.0297  -0.0312   0.0727
  0.0057  -0.0628  -0.0289   0.0392  -0.0588   0.0544
 -0.0070  -0.0670  -0.0248   0.0316  -0.0729   0.0655
 -0.0149  -0.0482  -0.0417   0.0214  -0.0866   0.0790
 -0.0398  -0.0478  -0.0425   0.0232  -0.0974   0.0664
 -0.0448  -0.0547  -0.0623   0.0254  -0.1175   0.0884
 -0.0543  -0.0431  -0.0456   0.0270  -0.1079   0.0874
 -0.0513  -0.0697  -0.0215   0.0504  -0.0785   0.0942
 -0.0662  -0.0583  -0.0301   0.0137  -0.0947   0.0920
 -0.0645  -0.0555  -0.0264   0.0262  -0.0983   0.0674
 -0.0540  -0.0587  -0.0447   0.0309  -0.0982   0.0931
 -0.0608  -0.0519  -0.0320  -0.0319  -0.0668   0.0486
 -0.0594  -0.0541  -0.0295  -0.0015  -0.0731   0.0407
 -0.0703  -0.0483  -0.0130  -0.0179  -0.0713   0.0423
 -0.0517  -0.0269  -0.0255  -0.0353  -0.0522   0.0319
 -0.0217  -0.0453   0.0047  -0.0414  -0.0229   0.0269
 -0.0181  -0.0124   0.0249  -0.0997   0.0101  -0.0033
 -0.0662  -0.0359   0.0362  -0.0622  -0.0266  -0.0217
 -0.0734  -0.0386   0.0216  -0.0350  -0.0283  -0.0107
 -0.0573  -0.0291   0.0145  -0.0291  -0.0169   0.0005
 -0.0446  -0.0419   0.0173  -0.0079  -0.0082   0.0125
 -0.0325  -0.0553   0.0333  -0.0351   0.0152   0.0220
 -0.0217  -0.0677   0.0348  -0.0099   0.0213   0.0214
 -0.0077  -0.0390   0.0530  -0.0170   0.0479   0.0003
 -0.0047  -0.0424   0.0240  -0.0216   0.0322   0.0106
 -0.0237  -0.1099  -0.0462   0.2383  -0.0209   0.0637
 -0.0672  -0.0403  -0.0066   0.1702   0.0163   0.0999
 -0.0581  -0.0642   0.0350   0.0722   0.0289   0.1118
 -0.0417  -0.0673   0.0199   0.0575   0.0248   0.0697
 -0.0363  -0.0521  -0.0033   0.0628   0.0082   0.0041
 -0.0115  -0.0200   0.0004   0.0548   0.0149   0.0140
  0.0043  -0.0351  -0.0082   0.1026   0.0137   0.0273
 -0.0044  -0.0359   0.0090   0.1107   0.0123   0.0010
 -0.0217  -0.0368   0.0181   0.1179  -0.0092   0.0118
 -0.0223  -0.0340   0.0110   0.0792  -0.0006  -0.0112
 -0.0534  -0.0078   0.0176   0.0358  -0.0313   0.0145
 -0.0661  -0.0143   0.0243   0.0225  -0.0643   0.0341
 -0.0619  -0.0203   0.0152   0.0235  -0.0537  -0.0062
 -0.0421  -0.0172  -0.0007   0.0437  -0.0519   0.0431
 -0.0290  -0.0119   0.0201   0.0028  -0.0280   0.0301
 -0.0214  -0.0303   0.0171   0.0261  -0.0236   0.0317
  0.0066  -0.0201   0.0445   0.0278   0.0338   0.0494
 -0.0172  -0.0187   0.0372   0.0003   0.0259   0.0222
 -0.0555  -0.0120   0.0378  -0.0204  -0.0152   0.0247
 -0.0432   0.0013   0.0246  -0.0530  -0.0057   0.0139
 -0.0578  -0.0194   0.0477  -0.0369  -0.0052   0.0110
 -0.0651  -0.0128   0.0264  -0.0508  -0.0062  -0.0091
 -0.0610  -0.0236   0.0418  -0.0734   0.0043  -0.0014
 -0.0878  -0.0268   0.0173  -0.0695  -0.0413  -0.0313
 -0.0849  -0.0125   0.0211  -0.0681  -0.0354  -0.0168
 -0.1062   0.0156  -0.0068  -0.0735  -0.0673  -0.0315
 -0.0852   0.0383  -0.0247  -0.0654  -0.0650  -0.0202
 -0.1028   0.0262   0.0235  -0.0699  -0.0501  -0.0456
 -0.1062   0.0279  -0.0199  -0.0202  -0.0623  -0.0608
 -0.0952   0.0325  -0.0079  -0.0697  -0.0560  -0.0310
 -0.1156   0.0252   0.0121  -0.0641  -0.0643  -0.0733
 -0.1132   0.0440   0.0304  -0.0516  -0.0403  -0.0671
 -0.1062   0.0767   0.0363  -0.0794  -0.0362  -0.0907
 -0.1127   0.0795   0.0292  -0.0759  -0.0445  -0.0783
 -0.1431   0.1019   0.0218  -0.1179  -0.0456  -0.0951
