 -0.2748  -0.3443  -0.1185   0.3678  -0.3258   0.5426
 -0.3255  -0.3397  -0.1628   0.3608  -0.3673   0.5543
 -0.3461  -0.3493  -0.1804   0.2933  -0.3907   0.5318
 -0.3407  -0.3235  -0.1755   0.3142  -0.3600   0.5307
 -0.3000  -0.3348  -0.1648   0.2716  -0.3576   0.5093
 -0.3206  -0.2965  -0.1731   0.2702  -0.3562   0.5075
 -0.3145  -0.3318  -0.1410   0.3051  -0.3482   0.5034
 -0.2867  -0.2380  -0.1510   0.2738  -0.3364   0.4678
 -0.2902  -0.2354  -0.1796   0.3054  -0.3395   0.4633
 -0.2621  -0.2552  -0.1859   0.2986  -0.3457   0.4460
 -0.2330  -0.2289  -0.1718   0.2768  -0.3505   0.4261
 -0.2473  -0.2513  -0.1881   0.2820  -0.3457   0.4078
 -0.2027  -0.2082  -0.2072   0.2904  -0.3580   0.4045
 -0.1556  -0.2908  -0.2029   0.2885  -0.3220   0.4313
 -0.1665  -0.2781  -0.2094   0.3334  -0.3203   0.4164
 -0.1708  -0.3533  -0.2349   0.4667  -0.3594   0.4470
 -0.1874  -0.3526  -0.2951   0.4333  -0.3235   0.4746
 -0.1459  -0.3218  -0.2515   0.3880  -0.3515   0.4557
 -0.1849  -0.3261  -0.2333   0.4108  -0.3230   0.4583
 -0.2276  -0.3254  -0.2849   0.3962  -0.3147   0.4505
 -0.1671  -0.3410  -0.2443   0.4077  -0.2876   0.3885
 -0.1665  -0.3481  -0.2507   0.4339  -0.2857   0.4344
 -0.1671  -0.3480  -0.2462   0.4006  -0.2879   0.4091
 -0.1626  -0.3080  -0.2473   0.3947  -0.2795   0.3999
 -0.1710  -0.3520  -0.2585   0.3959  -0.3209   0.3847
 -0.1612  -0.4065  -0.2141   0.4937  -0.2664   0.4148
 -0.1572  -0.3800  -0.2061   0.4122  -0.2721   0.3815
 -0.1486  -0.3254  -0.2026   0.3885  -0.2629   0.3640
 -0.1364  -0.2993  -0.1704   0.3685  -0.2488   0.3442
 -0.1598  -0.2422  -0.1602   0.3199  -0.3079   0.3115
 -0.1898  -0.2335  -0.1083   0.3421  -0.2653   0.3128
 -0.1693  -0.2596  -0.0702   0.3385  -0.2276   0.2972
 -0.1686  -0.2200  -0.0813   0.3043  -0.2393   0.2835
 -0.1648  -0.2004  -0.0603   0.2920  -0.2197   0.2729
 -0.1659  -0.2039  -0.0521   0.3636  -0.1998   0.2760
 -0.1486  -0.2218  -0.0380   0.3719  -0.1931   0.2611
 -0.1360  -0.2439  -0.0447   0.4002  -0.1773   0.2806
 -0.1463  -0.2185  -0.0387   0.3850  -0.1804   0.2905
 -0.1310  -0.2308  -0.0556   0.3489  -0.1798   0.2747
 -0.1326  -0.2148  -0.0433   0.3218  -0.1760   0.2639
 -0.1189  -0.2071  -0.0357   0.3211  -0.1454   0.2393
 -0.1169  -0.1987  -0.0229   0.3334  -0.1398   0.2280
 -0.1032  -0.2216  -0.0074   0.3652  -0.1246   0.2492
 -0.1102  -0.1918  -0.0071   0.3409  -0.1032   0.2389
 -0.0834  -0.2103   0.0104   0.3429  -0.1234   0.2333
 -0.0556  -0.1895   0.0270   0.3576  -0.1011   0.2216
 -0.0742  -0.1857   0.0132   0.3203  -0.0972   0.2113
 -0.0395  -0.1775   0.0458   0.3389  -0.0556   0.1816
 -0.1111  -0.1297   0.0152   0.2320  -0.0569   0.1448
 -0.1101  -0.1429   0.0098   0.2794  -0.1226   0.1770
 -0.1127  -0.1544   0.0413   0.2904  -0.1133   0.1470
 -0.1167  -0.1427   0.0564   0.3084  -0.1064   0.1400
 -0.1251  -0.1200   0.0002   0.2373  -0.1624   0.1257
 -0.1169  -0.1015  -0.0037   0.2474  -0.1657   0.1359
 -0.1233  -0.0817  -0.0071   0.2370  -0.1648   0.1319
 -0.1078  -0.0585  -0.0118   0.2374  -0.1659   0.1194
 -0.1141  -0.0356  -0.0172   0.1864  -0.1603   0.0987
 -0.1137  -0.0481   0.0002   0.2093  -0.1567   0.0809
 -0.1021  -0.0216  -0.0046   0.2146  -0.1326   0.0762
 -0.0928  -0.0433  -0.0022   0.2281  -0.1278   0.0777
 -0.1035  -0.0354   0.0171   0.2516  -0.1209   0.0801
 -0.1353  -0.0679   0.0307   0.2677  -0.1250   0.0915
 -0.1300  -0.1094   0.0622   0.2925  -0.1238   0.1106
 -0.1235  -0.0668   0.0291   0.2408  -0.1437   0.1008
 -0.1053  -0.0640   0.0310   0.2290  -0.1381   0.1012
 -0.1095  -0.0516   0.0016   0.1623  -0.1487   0.0931
 -0.1070  -0.0290   0.0055   0.0623  -0.1364   0.0823
 -0.1166   0.0185   0.0031  -0.0048  -0.1367   0.0596
 -0.1200  -0.0071   0.0424   0.0131  -0.1136   0.0538
 -0.1173  -0.0137   0.0240   0.0057  -0.1020   0.0385
 -0.1397  -0.0180   0.0362   0.0447  -0.1178   0.0317
 -0.1478  -0.0214   0.0368   0.0902  -0.1211   0.0243
 -0.1273  -0.0469   0.0463   0.0940  -0.1254   0.0408
 -0.1588  -0.0366   0.0552   0.1619  -0.1466   0.0507
 -0.1623  -0.0470   0.0777   0.1707  -0.1298   0.0385
 -0.1629  -0.0362   0.0749   0.1437  -0.1416   0.0494
 -0.1775  -0.0183   0.0957   0.0230  -0.1650   0.0309
 -0.1679  -0.0140   0.0660   0.0418  -0.1392   0.0367
 -0.1510  -0.0681   0.0828  -0.0154  -0.1308  -0.0170
 -0.1380  -0.0341   0.0663   0.0539  -0.1459   0.0213
 -0.1800  -0.0369   0.0512   0.0369  -0.1578   0.0187
 -0.1567  -0.0535   0.0600   0.0608  -0.1492   0.0312
 -0.1558  -0.0331   0.0690   0.0693  -0.1147   0.0140
 -0.1354  -0.0440   0.1079   0.0670  -0.0978   0.0147
 -0.0971  -0.0775   0.1093   0.0482  -0.0732   0.0610
 -0.1106   0.0235   0.0476  -0.0970  -0.0962   0.1232
 -0.1041   0.0160   0.0666  -0.0339  -0.0939   0.0331
 -0.1473  -0.0155   0.0822  -0.0160  -0.0683   0.0252
 -0.1435   0.0299   0.0492  -0.0692  -0.1031  -0.0208
 -0.1437  -0.0059   0.0348  -0.0424  -0.1128  -0.0086
 -0.1466   0.0083   0.0329  -0.0370  -0.1111  -0.0222
 -0.1138  -0.0246   0.0523   0.0014  -0.0526   0.0026
 -0.1543  -0.0437   0.0596   0.0396  -0.0868   0.0079
 -0.1308  -0.0465   0.0513   0.0132  -0.0921   0.0362
 -0.1683  -0.0583   0.0476   0.0061  -0.0860   0.0329
 -0.2036   0.0440   0.0324  -0.0618  -0.0756   0.0176
 -0.1247  -0.0319   0.0407  -0.0283  -0.0807   0.0287
 -0.1437   0.0238   0.0102  -0.0867  -0.0835   0.0084
 -0.1122   0.0231   0.0320  -0.0465  -0.0898  -0.0027
 -0.1311   0.0428   0.0185  -0.1078  -0.0801  -0.0209
 -0.1065   0.0181   0.0536  -0.0442  -0.0530   0.0046
 -0.1167   0.0280   0.0490  -0.0911  -0.0403  -0.0085
 -0.1023   0.0395   0.0283  -0.0344  -0.0541   0.0118
 -0.1252   0.1193  -0.0200  -0.0566  -0.0379   0.0017
 -0.1473   0.1132   0.0139  -0.0528  -0.0545   0.0226
 -0.1410   0.1240  -0.0031  -0.0670  -0.0442   0.0308
 -0.1553   0.1455   0.0129  -0.0690  -0.0202   0.0268
 -0.1661   0.1523   0.0174  -0.0645  -0.0382   0.0304
 -0.1754   0.1285   0.0189  -0.0449  -0.0102   0.0293
 -0.1436   0.1527   0.0147  -0.0568  -0.0038   0.0187
 -0.1333   0.1348   0.0138  -0.0472   0.0019   0.0221
 -0.1247   0.1150   0.0072  -0.0371   0.0025   0.0171
 -0.1241   0.0866   0.0063   0.0002  -0.0199   0.0398
 -0.1291   0.1128   0.0082  -0.0412  -0.0072   0.0134
 -0.0945   0.0981  -0.0122  -0.0339  -0.0192   0.0024
 -0.0281   0.1135  -0.0224  -0.1174  -0.0322  -0.0555
 -0.0167   0.1328  -0.0471  -0.1358  -0.0012  -0.0686
 -0.0474   0.1626  -0.0241  -0.1268  -0.0007  -0.0877
 -0.0561   0.1448   0.0093  -0.1143   0.0070  -0.0583
 -0.0846   0.1582   0.0029  -0.1521  -0.0010  -0.1241
 -0.0749   0.1744  -0.0160  -0.1090  -0.0054  -0.1347
 -0.0434   0.1668  -0.0246  -0.1256  -0.0390  -0.2023
 -0.0578   0.1604  -0.0573  -0.1263  -0.0010  -0.1894
 -0.0432   0.1291  -0.0284  -0.1333  -0.0008  -0.1924
 -0.0629   0.1174  -0.0641  -0.0953  -0.0015  -0.1513
 -0.0765   0.1332  -0.0588  -0.1109  -0.0081  -0.1600
 -0.0609   0.1347  -0.0544  -0.1154  -0.0011  -0.1730
 -0.0672   0.1294  -0.0506  -0.1435   0.0050  -0.1743
 -0.0737   0.1466  -0.0401  -0.1262  -0.0298  -0.2023
 -0.0615   0.1935  -0.0575  -0.2325   0.0240  -0.1978
 -0.0626   0.1078  -0.0412  -0.1196   0.0066  -0.1354
 -0.0106   0.1449  -0.0365  -0.1977   0.0185  -0.1808
 -0.0260   0.1023  -0.0457  -0.1194   0.0181  -0.1274
 -0.0439   0.0993  -0.0315  -0.0980   0.0183  -0.1494
 -0.0746   0.0452  -0.0505  -0.0463   0.0077  -0.1289
 -0.0471   0.0882  -0.0450  -0.1113   0.0346  -0.1351
 -0.0265   0.1061  -0.0259  -0.1469   0.0490  -0.1143
 -0.0375   0.1584  -0.0445  -0.1934   0.0298  -0.1292
 -0.0398   0.0867  -0.0132  -0.1140   0.0597  -0.0669
 -0.0168   0.0864  -0.0118  -0.1213   0.0687  -0.0837
 -0.0090   0.0527   0.0070  -0.0756   0.0783  -0.0754
 -0.0212   0.0850   0.0021  -0.0631   0.0937  -0.0665
 -0.0255   0.0962   0.0146  -0.0994   0.1056  -0.0994
  0.0379   0.0829  -0.0286  -0.0852   0.0939  -0.0956
  0.0581   0.1126  -0.0208  -0.1380   0.1022  -0.1355
  0.0213   0.1399  -0.0118  -0.1517   0.0800  -0.1442
  0.0219   0.0739  -0.0171  -0.0943   0.0917  -0.1117
  0.0278   0.0868  -0.0276  -0.1261   0.0900  -0.1052
  0.0295   0.0709  -0.0188  -0.0643   0.1040  -0.1061
  0.0432   0.0844  -0.0198  -0.0823   0.1124  -0.1226
  0.0491   0.0709  -0.0079  -0.0590   0.1206  -0.1110
  0.0559   0.0530  -0.0109  -0.0640   0.1069  -0.0909
  0.0772   0.0499  -0.0251  -0.0747   0.1084  -0.0875
  0.0273   0.1006  -0.0186  -0.1004   0.0925  -0.1172
 -0.0182   0.1450  -0.0218  -0.1468   0.1081  -0.1484
 -0.0623   0.1600  -0.0190  -0.1664   0.0946  -0.1413
 -0.0441   0.1451  -0.0198  -0.1588   0.0799  -0.1411
 -0.0162   0.1370  -0.0182  -0.1693   0.0862  -0.1424
 -0.0020   0.1031   0.0010  -0.1344   0.0916  -0.1234
 -0.0074   0.1081  -0.0045  -0.1352   0.0788  -0.1315
 -0.0045   0.1323  -0.0142  -0.1365   0.0662  -0.1429
  0.0166   0.1586   0.0139  -0.1498   0.0944  -0.1643
  0.0312   0.1293   0.0136  -0.0813   0.1056  -0.1510
  0.0454   0.0952   0.0190  -0.1077   0.1000  -0.1227
  0.0549   0.1119   0.0058  -0.1358   0.0889  -0.1448
  0.0496   0.0953   0.0262  -0.0617   0.0818  -0.1191
  0.0727   0.0773   0.0330  -0.0904   0.1190  -0.1225
  0.0777   0.1480   0.0260  -0.1444   0.1066  -0.1497
  0.0193   0.1336   0.0281  -0.1603   0.0777  -0.1656
  0.0362   0.1630   0.0398  -0.1474   0.0962  -0.1802
  0.0411   0.1671   0.0225  -0.1374   0.0956  -0.1715
  0.0026   0.2144   0.0016  -0.1385   0.0744  -0.2076
  0.0242   0.2051  -0.0118  -0.1430   0.0695  -0.2081
  0.0756   0.2281  -0.0235  -0.2267   0.0843  -0.2118
  0.0807   0.2058  -0.0098  -0.1550   0.0959  -0.1888
  0.0819   0.2231   0.0049  -0.1644   0.0894  -0.1993
  0.1049   0.1954   0.0296  -0.1450   0.0938  -0.1961
  0.1314   0.1894   0.0416  -0.0915   0.1404  -0.2144
  0.1281   0.2276   0.0430  -0.1314   0.1491  -0.2122
  0.1430   0.2089   0.0474  -0.0943   0.1624  -0.2094
  0.1628   0.1978   0.0395  -0.0983   0.1639  -0.1988
  0.1650   0.1667   0.0178  -0.0949   0.1423  -0.1905
  0.1631   0.1614   0.0228  -0.0958   0.1478  -0.2053
  0.1606   0.1657   0.0266  -0.0774   0.1422  -0.1948
  0.1837   0.1589   0.0431  -0.0585   0.1552  -0.2013
  0.1590   0.1547   0.0428  -0.0452   0.1731  -0.1929
  0.1847   0.1420   0.0213  -0.1159   0.1693  -0.2000
  0.1578   0.1769   0.0511  -0.0792   0.1866  -0.2025
  0.1769   0.1986   0.0452  -0.1343   0.1892  -0.2183
  0.2062   0.1694   0.0686  -0.0941   0.2064  -0.2049
  0.2115   0.1757   0.0844  -0.0871   0.2269  -0.2316
  0.2160   0.1916   0.0853  -0.1086   0.2265  -0.2177
  0.2335   0.1429   0.1185  -0.1016   0.2519  -0.2178
  0.2296   0.1246   0.1244  -0.0855   0.2404  -0.2116
  0.2562   0.1064   0.1305  -0.0879   0.2658  -0.2054
  0.2632   0.0779   0.1131  -0.0875   0.2444  -0.2037
  0.2731   0.0852   0.1247  -0.1063   0.2528  -0.2133
  0.2926   0.0898   0.1103  -0.0961   0.2627  -0.2054
  0.2674   0.1293   0.1118  -0.1112   0.2554  -0.2138
  0.2654   0.1187   0.1463  -0.0818   0.2732  -0.2121
  0.2414   0.1644   0.1083  -0.1752   0.2686  -0.2220
  0.2466   0.1071   0.0944  -0.1327   0.2650  -0.2020
  0.2466   0.1064   0.0955  -0.0694   0.2387  -0.1910
  0.2584   0.1385   0.1198  -0.0804   0.2374  -0.2069
  0.2248   0.1777   0.1051  -0.1081   0.2154  -0.2314
  0.2188   0.1672   0.1052  -0.0910   0.2123  -0.2185
  0.2268   0.1473   0.1162  -0.0999   0.2250  -0.2185
  0.2457   0.1176   0.1031  -0.1159   0.1905  -0.2256
  0.2337   0.1419   0.1148  -0.1198   0.2169  -0.2464
  0.2299   0.1774   0.1129  -0.1277   0.2090  -0.2440
  0.1904   0.1527   0.0686  -0.1720   0.1764  -0.2459
  0.1986   0.1469   0.0864  -0.1633   0.1929  -0.2137
  0.1821   0.1981   0.0880  -0.1896   0.1809  -0.2489
  0.1892   0.1941   0.0797  -0.1982   0.1833  -0.2569
  0.1749   0.1553   0.1129  -0.1258   0.1915  -0.2162
  0.1785   0.1747   0.0800  -0.1740   0.1997  -0.2552
  0.1855   0.1754   0.0773  -0.1091   0.1891  -0.2462
  0.1636   0.1592   0.1016  -0.1297   0.2074  -0.2319
  0.1992   0.1848   0.0968  -0.1328   0.2018  -0.2425
  0.1938   0.1736   0.0756  -0.1613   0.1916  -0.2450
  0.2059   0.1609   0.0679  -0.1434   0.1825  -0.2130
  0.2081   0.1280   0.0873  -0.1374   0.2109  -0.2195
  0.2217   0.1221   0.0798  -0.0458   0.2149  -0.2043
  0.2055   0.1427   0.0695  -0.1588   0.1911  -0.2383
  0.2249   0.1154   0.0539  -0.0909   0.1938  -0.1944
  0.2371   0.0809   0.0722  -0.0871   0.2086  -0.2029
  0.2229   0.0980   0.0990  -0.0472   0.2107  -0.1685
  0.2178   0.1039   0.0752  -0.0888   0.1960  -0.1805
  0.2124   0.1305   0.0785  -0.1146   0.2122  -0.1974
  0.2556   0.1481   0.1150  -0.1247   0.2308  -0.2072
  0.2524   0.2041   0.1149  -0.1621   0.2164  -0.2188
  0.1871   0.2061   0.0823  -0.1391   0.1546  -0.1947
  0.1777   0.2149   0.0302  -0.3623   0.1171  -0.1198
  0.1211   0.1541  -0.0662  -0.4309   0.0963  -0.0361
  0.1434   0.1242   0.0185  -0.3655   0.1190   0.0005
  0.1451   0.0930   0.0447  -0.3120   0.1114   0.0389
  0.1337   0.0373   0.0316  -0.3136   0.1144   0.0622
  0.1102   0.0326  -0.0101  -0.3436   0.0913   0.0652
  0.1121  -0.0369   0.0091  -0.2771   0.0741   0.1016
  0.1622   0.0379   0.0053  -0.3121   0.1013   0.0777
  0.0965   0.0289   0.0445  -0.3556   0.0937   0.0543
  0.0471   0.0420   0.0348  -0.2215   0.0639   0.0524
  0.0550   0.0507   0.0168  -0.2441   0.0496   0.0353
  0.0672   0.0514   0.0150  -0.2326   0.0541   0.0248
  0.0716   0.0491   0.0172  -0.2089   0.0633   0.0265
  0.0543   0.0954   0.0035  -0.2355   0.0448   0.0196
  0.0436   0.0423   0.0176  -0.2142   0.0429   0.0409
  0.0586   0.0635  -0.0088  -0.2239   0.0367   0.0234
  0.0458   0.0237   0.0142  -0.2479   0.0662   0.0240
  0.0289   0.0402  -0.0022  -0.2385   0.0551   0.0068
  0.0473   0.0032   0.0016  -0.1739   0.0654   0.0342
  0.0677  -0.0398   0.0194  -0.1887   0.0641   0.0217
  0.0449  -0.0333   0.0154  -0.1593   0.0643   0.0590
  0.0432  -0.0540   0.0078  -0.1669   0.0381   0.0652
  0.0200  -0.0990   0.0210  -0.1273   0.0094   0.0610
  0.0530  -0.1240   0.0360  -0.0927   0.0184   0.0596
  0.0654  -0.1430   0.0140  -0.1171   0.0122   0.0743
  0.0338  -0.1244  -0.0239  -0.0935   0.0368   0.0962
  0.0500  -0.1578  -0.0013  -0.0983   0.0320   0.0891
  0.0563  -0.1479  -0.0006  -0.0511   0.0370   0.0999
  0.0571  -0.1738   0.0240  -0.0418   0.0419   0.1026
  0.0486  -0.1729   0.0265  -0.0558   0.0637   0.0921
  0.0868  -0.1861   0.0037  -0.0430   0.0515   0.0799
  0.0617  -0.1802   0.0191  -0.0400   0.0522   0.0572
  0.0942  -0.1774  -0.0146  -0.0594   0.0392   0.0259
  0.1138  -0.1562  -0.0175  -0.0328   0.0353   0.0296
  0.0732  -0.1637  -0.0668  -0.1159   0.0077   0.0199
  0.0758  -0.1151  -0.0599  -0.1227   0.0309   0.0068
  0.0690  -0.1286  -0.0433  -0.0848   0.0438   0.0096
  0.0712  -0.1157  -0.0403  -0.1178   0.0476   0.0041
  0.0826  -0.1473  -0.0249  -0.0866   0.0666   0.0107
  0.0951  -0.1335  -0.0201  -0.1015   0.0559   0.0008
  0.0994  -0.1674  -0.0168  -0.0105   0.0726   0.0290
  0.1117  -0.1485  -0.0098  -0.0261   0.0780   0.0221
  0.1242  -0.1488  -0.0007  -0.0516   0.0935   0.0038
  0.1411  -0.1666   0.0096  -0.0344   0.0978   0.0019
  0.1334  -0.1762   0.0220  -0.0240   0.0917   0.0013
  0.0928  -0.1589   0.0243   0.0127   0.0787  -0.0033
  0.1071  -0.1963   0.0325   0.0360   0.0903   0.0261
  0.1364  -0.1704   0.0358   0.0425   0.0824  -0.0053
  0.1433  -0.1845   0.0361   0.0996   0.0614   0.0042
  0.1361  -0.1805   0.0350   0.1003   0.0529  -0.0075
  0.1492  -0.1871   0.0426   0.1166   0.0624  -0.0085
  0.2027  -0.1831   0.0090   0.0731   0.0608  -0.0302
  0.1322  -0.1777  -0.0026   0.1075   0.0430  -0.0151
  0.1033  -0.1555   0.0214   0.1419   0.0593   0.0018
  0.0954  -0.1364   0.0147   0.0894   0.0625  -0.0183
  0.0945  -0.1061   0.0465   0.0698   0.0597  -0.0415
  0.0970  -0.1051   0.0131   0.0317   0.0679  -0.0537
  0.0929  -0.0794   0.0066   0.0498   0.0612  -0.0604
  0.0956  -0.0807   0.0047   0.0577   0.0577  -0.0612
  0.1102  -0.0316  -0.0291  -0.0199   0.0578  -0.0883
  0.0644  -0.0236   0.0095   0.0558   0.0493  -0.0526
  0.0243  -0.0111  -0.0071   0.0686   0.0345  -0.0734
  0.0415   0.0109   0.0013   0.0207   0.0652  -0.0953
  0.0530   0.0222  -0.0674  -0.1155   0.0538  -0.1475
  0.0371   0.0292  -0.0585  -0.0680   0.0120  -0.1449
  0.0356   0.0312  -0.0664  -0.0385   0.0007  -0.1446
  0.0075   0.0498  -0.1091   0.0174  -0.0409  -0.1037
  0.0280   0.0544  -0.1043   0.0680  -0.0684  -0.0855
