  0.0312   0.6735  -0.3611   0.2921   0.0229  -0.5480
  0.0293   0.7489  -0.3700   0.1932   0.0182  -0.5364
 -0.0421   0.8108  -0.4275   0.1168  -0.0445  -0.5124
 -0.0088   0.6988  -0.3191   0.2982  -0.0414  -0.4633
  0.0191   0.6817  -0.3732  -0.0518  -0.0014  -0.5367
  0.0781   0.8166  -0.3907   0.7916  -0.0393  -0.5455
 -0.0726   1.1880  -0.3181   0.0418  -0.0923  -0.4907
  0.0114   0.8023  -0.2663  -0.1642   0.0037  -0.5564
 -0.0103   0.7372  -0.2723   0.0037  -0.0121  -0.5609
 -0.0705   1.2467  -0.2457   0.6717  -0.1283  -0.6346
 -0.0116   0.8394  -0.3042  -0.1315  -0.0409  -0.5767
 -0.0230   0.7444  -0.1630   0.3398  -0.0462  -0.5766
 -0.0197   0.9083  -0.2026   0.1598  -0.0654  -0.5915
 -0.0269   0.8838  -0.2234   0.1212  -0.0735  -0.5977
 -0.0517   0.8668  -0.1484   0.3046  -0.0972  -0.5008
 -0.0181   0.7566  -0.2378  -0.1025  -0.0490  -0.5495
 -0.0261   0.7476  -0.2019   0.1001  -0.0404  -0.5293
  0.0191   0.7420  -0.2147  -0.0736  -0.0000  -0.5048
 -0.0282   0.4600  -0.1543  -0.0465  -0.0269  -0.4770
 -0.0082   0.5773  -0.2051  -0.0323  -0.0308  -0.5200
  0.0132   0.4718  -0.0585  -0.0619   0.0268  -0.4369
 -0.0257   0.4274  -0.2345  -0.2533  -0.0535  -0.4520
 -0.1256   0.3239  -0.2177   0.0604  -0.1001  -0.4187
 -0.0617   0.4310  -0.2268  -0.2047  -0.0446  -0.4767
 -0.1654   0.3739  -0.1392   0.3890  -0.0744  -0.4591
  0.0267   0.5180  -0.1837  -0.1245  -0.0059  -0.4353
 -0.0298   0.3778  -0.1812  -0.0622  -0.0345  -0.4245
 -0.0480   0.2761  -0.1531  -0.0077  -0.0650  -0.4120
 -0.0806   0.1865  -0.1681   0.1215  -0.0801  -0.4104
 -0.0755   0.2522  -0.1972   0.0874  -0.0692  -0.4371
 -0.0702   0.2903  -0.1055   0.0980  -0.0583  -0.3778
 -0.0831   0.2289  -0.1472   0.0614  -0.0581  -0.4055
 -0.0827   0.2524  -0.1640  -0.0325  -0.0556  -0.4100
 -0.0877   0.2218  -0.1330   0.1407  -0.0639  -0.3938
 -0.0623   0.3208  -0.1254   0.0059  -0.0533  -0.3105
 -0.0271   0.2172  -0.1429  -0.1281  -0.0149  -0.3857
 -0.0728   0.1201  -0.1022   0.2706  -0.0598  -0.3115
 -0.0837   0.3366  -0.2335  -0.1088  -0.0621  -0.4273
 -0.1207   0.3010  -0.2585  -0.0168  -0.0930  -0.4232
 -0.1683   0.3023  -0.2189   0.1033  -0.1249  -0.3630
 -0.1386   0.3439  -0.3010  -0.0196  -0.1111  -0.4237
 -0.1418   0.1447  -0.2698  -0.0119  -0.1053  -0.3893
 -0.1636   0.1769  -0.2370   0.1531  -0.1445  -0.3345
 -0.1400   0.2272  -0.2673  -0.0264  -0.0994  -0.4023
 -0.1439   0.5328  -0.2288   0.2390  -0.1208  -0.3196
 -0.1371   0.3568  -0.2375   0.1762  -0.1270  -0.3702
 -0.1223   0.4251  -0.2529   0.0747  -0.1291  -0.3741
 -0.1032   0.3805  -0.2586   0.0860  -0.1295  -0.3536
 -0.1314   0.4033  -0.3857   0.0478  -0.2055  -0.3938
 -0.1802   0.1684  -0.3526   0.3136  -0.1849  -0.3517
 -0.0230   0.1489  -0.2742  -0.1955  -0.0600  -0.2920
  0.0585   0.1115  -0.3324   0.0573  -0.0003  -0.2856
  0.0768   0.1896  -0.3472  -0.1384   0.0417  -0.3214
  0.0287   0.2039  -0.3225  -0.1245   0.0056  -0.2861
 -0.0434   0.0130  -0.2732   0.0143  -0.0387  -0.2665
 -0.0539   0.0093  -0.2895  -0.0477  -0.0323  -0.2877
 -0.0153   0.1279  -0.1776  -0.0760  -0.0350  -0.2334
 -0.0217   0.1531  -0.2508   0.1282  -0.0435  -0.2633
 -0.0225   0.2642  -0.2611  -0.0348  -0.0453  -0.2827
 -0.0585   0.3209  -0.2310   0.1548  -0.0589  -0.2690
 -0.0808   0.2908  -0.2518   0.1106  -0.0861  -0.2855
 -0.0605   0.4000  -0.2768   0.2781  -0.0625  -0.2650
 -0.0438   0.2969  -0.2745   0.4286  -0.0601  -0.3028
 -0.0660   0.1570  -0.2183  -0.1113  -0.0805  -0.2335
 -0.0413  -0.0037  -0.1798  -0.0395  -0.0256  -0.2175
  0.0127   0.1137  -0.1605   0.5801   0.0139  -0.1232
 -0.0043   0.0130  -0.1667  -0.1953   0.0121  -0.1315
  0.0149  -0.0376  -0.1450  -0.1464   0.0237  -0.1632
 -0.0480   0.0004  -0.1236   0.1967  -0.0273  -0.0798
  0.0456  -0.0379  -0.1275  -0.2091   0.0299  -0.1475
  0.0061  -0.0470  -0.0848   0.0561   0.0122  -0.0913
  0.0227  -0.0455  -0.1893  -0.2505   0.0152  -0.0936
  0.0240   0.0271  -0.1523  -0.2501   0.0232  -0.1295
 -0.0842  -0.1295  -0.0076   0.0607   0.0147  -0.0811
  0.1069   0.0161   0.2082  -0.5231   0.0716  -0.0298
  0.0806  -0.1490   0.1474  -0.4245   0.0810  -0.0342
  0.0617  -0.1757   0.1364  -0.2247   0.0771  -0.0588
  0.1006  -0.0852   0.0979  -0.2614   0.0735  -0.0465
  0.0745  -0.2073   0.1114  -0.1117   0.0694  -0.0379
  0.0317  -0.2081   0.0582  -0.2201   0.0333  -0.0332
  0.2544   0.4177  -0.2120  -0.2624  -0.0403  -0.0977
  0.1820   0.7507  -0.3055  -0.4408   0.0072  -0.1072
  0.1567   0.4392  -0.1419  -0.0968  -0.0234  -0.0264
  0.1341   0.3366  -0.1934  -0.3952   0.0255  -0.0789
  0.1124   0.1763  -0.0886   0.1610  -0.0088  -0.0213
  0.1313  -0.2857   0.4500  -0.2685   0.1669   0.1159
  0.1082  -0.3536   0.2642  -0.2808   0.0698   0.0710
  0.1262  -0.3827   0.1919  -0.2565   0.0905   0.0699
  0.0882  -0.3022   0.2184   0.0201   0.0611   0.1141
  0.1160  -0.2538   0.1246  -0.3376   0.0729   0.0859
  0.1127  -0.2487   0.1133  -0.1896   0.0545   0.1064
  0.0558  -0.2171  -0.0356  -0.0089  -0.0426   0.0517
  0.0378  -0.1073   0.0143  -0.3265  -0.0059   0.1212
  0.0416  -0.3179   0.0477  -0.1879   0.0330   0.0967
  0.0374  -0.0728   0.1692   0.1978  -0.0194   0.1419
  0.0412  -0.2339   0.0851  -0.1821   0.0253   0.1098
  0.0337  -0.2208   0.0968  -0.1425   0.0115   0.1061
  0.0034  -0.2922   0.1716   0.1136  -0.0057   0.1779
  0.0551  -0.2774   0.1027  -0.1714   0.0427   0.1281
  0.0085  -0.1355   0.1523   0.2284  -0.0403   0.1443
  0.0383  -0.1661   0.1632  -0.1612   0.0069   0.1641
 -0.0034  -0.2666   0.2062   0.3284   0.0042   0.1381
  0.0357  -0.2744   0.1381  -0.1120   0.0347   0.1938
  0.0043  -0.2877   0.1365  -0.0646   0.0208   0.1905
 -0.0054  -0.0618   0.1891  -0.0220   0.0360   0.2338
 -0.0001  -0.1358   0.1334  -0.0225   0.0331   0.1851
 -0.0204  -0.2221   0.1433   0.0705   0.0263   0.2193
 -0.0175  -0.2165   0.0924  -0.0744   0.0083   0.2145
 -0.0071  -0.1628   0.1169  -0.1256   0.0025   0.2423
 -0.0337  -0.2833   0.1387   0.2337  -0.0063   0.2720
 -0.0080  -0.2674   0.1051   0.0615   0.0210   0.2369
 -0.0086  -0.1843   0.1446  -0.0021   0.0112   0.2672
 -0.0306  -0.2010   0.1857   0.0241   0.0193   0.2997
 -0.0406  -0.3403   0.1256   0.1038   0.0244   0.3058
 -0.0366  -0.2765   0.1500   0.0492   0.0293   0.2943
 -0.0515  -0.3493   0.1932   0.2812   0.0207   0.3455
  0.0200  -0.3446   0.1757  -0.0853   0.0592   0.3117
 -0.0189  -0.3032   0.2362   0.1120   0.0453   0.3670
 -0.0067  -0.3965   0.2159  -0.0603   0.0478   0.3393
 -0.0478  -0.4325   0.2704   0.1734   0.0690   0.3913
 -0.0414  -0.4552   0.2470   0.1529   0.0309   0.3607
 -0.0298  -0.4025   0.2488   0.0320   0.0111   0.3908
 -0.0088  -0.4071   0.3090   0.1324   0.0169   0.4279
 -0.0057  -0.4130   0.2819   0.0467   0.0251   0.4077
 -0.0235  -0.5188   0.3322   0.2701   0.0024   0.4938
  0.0319  -0.4999   0.3020  -0.1112   0.0628   0.4260
 -0.0028  -0.4252   0.2671   0.2524   0.0377   0.4549
  0.0241  -0.4246   0.2603  -0.0990   0.0575   0.4521
  0.0159  -0.4681   0.2449   0.0440   0.0560   0.4596
  0.0117  -0.3715   0.2773   0.0272   0.0374   0.5068
  0.0240  -0.4174   0.2510  -0.0479   0.0585   0.4589
 -0.0287  -0.5313   0.3899   0.3365   0.0224   0.5369
  0.0324  -0.5045   0.3530  -0.1811   0.0540   0.5424
  0.0345  -0.5350   0.3461  -0.1079   0.0571   0.5166
  0.0443  -0.5818   0.3625  -0.0867   0.0456   0.6168
  0.0587  -0.4946   0.3061  -0.2398   0.0646   0.5741
  0.0082  -0.5491   0.4222   0.2461   0.0429   0.5884
  0.0761  -0.6024   0.3488  -0.0618   0.0917   0.5942
  0.0247  -0.6784   0.3567   0.1327   0.0828   0.6252
  0.0732  -0.6477   0.3200  -0.1764   0.0940   0.6269
  0.0751  -0.6289   0.3322  -0.1079   0.1013   0.6120
  0.0756  -0.5672   0.3635  -0.0795   0.0990   0.6532
  0.0736  -0.6294   0.3361  -0.0615   0.0962   0.6273
  0.0881  -0.6673   0.3544  -0.0556   0.1129   0.6817
  0.0672  -0.7146   0.3556   0.0488   0.1036   0.6737
  0.0757  -0.6508   0.3414  -0.0518   0.1212   0.6740
  0.0715  -0.6467   0.3504  -0.0631   0.1027   0.7019
  0.0687  -0.4458   0.2369  -0.0179   0.0676   0.6870
  0.0888  -0.5005   0.2764  -0.1588   0.1128   0.7107
  0.0349  -0.5369   0.3321  -0.0495   0.0837   0.7663
  0.0424  -0.6299   0.3539   0.1318   0.0873   0.7798
  0.0751  -0.5976   0.3248  -0.0670   0.1034   0.7505
  0.0883  -0.6081   0.3437  -0.1517   0.1065   0.7757
  0.0477  -0.6014   0.3893   0.0574   0.0808   0.8099
  0.0646  -0.6082   0.2873   0.0335   0.0815   0.7727
  0.0829  -0.5510   0.2658  -0.0580   0.0892   0.7922
