 -0.1134   0.0418  -0.2523   0.3292  -0.2573  -0.0371
 -0.0958   0.0402  -0.2422   0.3723  -0.2562  -0.0513
 -0.1267   0.0088  -0.2481   0.4003  -0.3001  -0.0605
 -0.1146   0.0029  -0.2441   0.3814  -0.2762  -0.0268
 -0.1157  -0.0093  -0.2304   0.3354  -0.2645  -0.0625
 -0.1162  -0.0089  -0.2222   0.2983  -0.2537  -0.0188
 -0.1200   0.0068  -0.2226   0.2711  -0.2553  -0.0234
 -0.1151   0.0141  -0.2094   0.2454  -0.2366  -0.0227
 -0.1111   0.0196  -0.2143   0.2532  -0.2339  -0.0269
 -0.1144   0.0021  -0.2219   0.3150  -0.2625  -0.0677
 -0.1073   0.0043  -0.2136   0.2930  -0.2538  -0.0292
 -0.0863   0.0220  -0.2046   0.3076  -0.2555   0.0026
 -0.1046  -0.0016  -0.2030   0.2516  -0.2443  -0.0127
 -0.1069  -0.0067  -0.1938   0.2198  -0.2268  -0.0080
 -0.1027   0.0021  -0.1711   0.1715  -0.1956   0.0042
 -0.0879   0.0088  -0.1625   0.1648  -0.1766  -0.0141
 -0.0912  -0.0022  -0.1699   0.1955  -0.1772  -0.0067
 -0.0772   0.0132  -0.1611   0.1847  -0.1556   0.0067
 -0.0717   0.0026  -0.1672   0.1522  -0.1644  -0.0234
 -0.0693  -0.0066  -0.1600   0.1947  -0.1633  -0.0017
 -0.0729  -0.0053  -0.1728   0.2085  -0.1685  -0.0000
 -0.0668   0.0047  -0.1615   0.1975  -0.1619  -0.0053
 -0.0673  -0.0009  -0.1547   0.1657  -0.1573  -0.0160
 -0.0650  -0.0097  -0.1440   0.1900  -0.1779  -0.0078
 -0.0613  -0.0100  -0.1420   0.1934  -0.1712  -0.0180
 -0.0516   0.0076  -0.1206   0.1851  -0.1673   0.0100
 -0.0775   0.0127  -0.0988   0.1108  -0.1452   0.0191
 -0.0656  -0.0085  -0.1007   0.1295  -0.1402  -0.0123
 -0.0741  -0.0173  -0.0934   0.1081  -0.1314   0.0091
 -0.0636  -0.0199  -0.0864   0.0965  -0.1353   0.0001
 -0.0733  -0.0156  -0.0751   0.0774  -0.1321  -0.0086
 -0.0573  -0.0077  -0.0681   0.0717  -0.1285  -0.0059
 -0.0650  -0.0058  -0.0646   0.0738  -0.1218   0.0105
 -0.0512  -0.0029  -0.0563   0.0613  -0.1112  -0.0110
 -0.0518  -0.0177  -0.0485   0.0629  -0.1187   0.0011
 -0.0531  -0.0237  -0.0477   0.0880  -0.1153  -0.0006
 -0.0673  -0.0099  -0.0517   0.0693  -0.1049   0.0165
 -0.0651  -0.0029  -0.0541   0.0555  -0.0879   0.0301
 -0.0528  -0.0212  -0.0534   0.0581  -0.0748   0.0101
 -0.0522  -0.0304  -0.0412   0.0712  -0.0787   0.0158
 -0.0509  -0.0272  -0.0398   0.0668  -0.0708   0.0191
 -0.0531  -0.0227  -0.0303   0.0374  -0.0506   0.0285
 -0.0199  -0.0089  -0.0225   0.0379  -0.0285   0.0004
 -0.0256  -0.0095  -0.0202   0.0343  -0.0290   0.0037
 -0.0368  -0.0030  -0.0228   0.0163  -0.0221   0.0336
 -0.0237  -0.0096  -0.0071  -0.0178  -0.0031   0.0186
 -0.0363   0.0107  -0.0066  -0.0624   0.0151   0.0462
 -0.0281  -0.0099   0.0105  -0.0452   0.0137   0.0144
 -0.0163  -0.0056   0.0162  -0.0220   0.0187   0.0214
 -0.0140  -0.0056   0.0189  -0.0402   0.0234   0.0454
 -0.0091  -0.0216   0.0247  -0.0386   0.0295   0.0038
 -0.0129  -0.0043   0.0227  -0.0494   0.0423   0.0442
 -0.0135   0.0025   0.0274  -0.0615   0.0442   0.0355
 -0.0038  -0.0058   0.0312  -0.0609   0.0365   0.0220
  0.0176  -0.0145   0.0475  -0.0306   0.0288   0.0205
  0.0311   0.0009   0.0633  -0.0424   0.0476   0.0001
  0.0309   0.0139   0.0732  -0.0690   0.0574   0.0413
  0.0018  -0.0407   0.0553  -0.0647   0.0375  -0.0036
  0.0213  -0.0251   0.0729  -0.0497   0.0513   0.0114
  0.0258  -0.0136   0.0746  -0.0574   0.0576   0.0121
  0.0300  -0.0221   0.0583  -0.0405   0.0534   0.0222
  0.0287  -0.0169   0.0624  -0.0459   0.0583   0.0170
  0.0261  -0.0246   0.0527  -0.0507   0.0555   0.0094
  0.0247  -0.0276   0.0504  -0.0442   0.0512   0.0313
  0.0289  -0.0134   0.0514  -0.0373   0.0532   0.0305
  0.0290  -0.0272   0.0432  -0.0285   0.0549   0.0123
  0.0349  -0.0261   0.0340  -0.0193   0.0483   0.0206
  0.0312  -0.0205   0.0524  -0.0502   0.0606   0.0152
  0.0396   0.0031   0.0638  -0.1088   0.0829   0.0390
  0.0369  -0.0180   0.0642  -0.0819   0.0755   0.0225
  0.0321  -0.0102   0.0668  -0.0942   0.0780   0.0286
  0.0395  -0.0035   0.0697  -0.0956   0.0814   0.0119
  0.0396  -0.0054   0.0642  -0.0734   0.0785   0.0157
  0.0488  -0.0061   0.0658  -0.0704   0.0852   0.0195
  0.0495  -0.0007   0.0709  -0.0602   0.0807   0.0086
  0.0446  -0.0101   0.0797  -0.0678   0.0705   0.0042
  0.0500  -0.0005   0.0821  -0.0799   0.0817   0.0260
  0.0494  -0.0079   0.0794  -0.0618   0.0842  -0.0091
  0.0510  -0.0054   0.0753  -0.0416   0.0851   0.0061
  0.0496  -0.0020   0.0735  -0.0419   0.0838   0.0228
  0.0473  -0.0152   0.0740  -0.0551   0.0804  -0.0035
  0.0408  -0.0089   0.0786  -0.0688   0.0812   0.0233
  0.0304  -0.0243   0.0811  -0.0836   0.0754  -0.0001
  0.0373  -0.0231   0.0743  -0.0657   0.0722   0.0113
  0.0296  -0.0108   0.0721  -0.0621   0.0731   0.0115
  0.0283  -0.0110   0.0756  -0.0687   0.0746  -0.0040
  0.0272  -0.0132   0.0680  -0.0651   0.0723   0.0109
  0.0384   0.0001   0.0690  -0.1074   0.0756  -0.0046
  0.0332  -0.0046   0.0752  -0.0971   0.0770   0.0123
  0.0312  -0.0183   0.0793  -0.0847   0.0733  -0.0074
  0.0324  -0.0070   0.0772  -0.0913   0.0735  -0.0090
  0.0345   0.0083   0.0783  -0.1184   0.0896   0.0036
  0.0343  -0.0084   0.0775  -0.1120   0.0900  -0.0125
  0.0380  -0.0052   0.0758  -0.0872   0.0947   0.0027
  0.0375   0.0208   0.0736  -0.1262   0.1056   0.0238
  0.0320  -0.0003   0.0768  -0.1093   0.1056   0.0058
  0.0338  -0.0153   0.0764  -0.0838   0.1055   0.0064
  0.0416   0.0173   0.0969  -0.1452   0.1240   0.0069
  0.0424   0.0274   0.1022  -0.1807   0.1426   0.0027
  0.0499   0.0114   0.1033  -0.1458   0.1351  -0.0323
  0.0450  -0.0053   0.0928  -0.1388   0.1238  -0.0256
  0.0464   0.0142   0.0982  -0.1515   0.1209   0.0058
  0.0580   0.0240   0.1037  -0.1768   0.1375  -0.0094
  0.0805   0.0281   0.0965  -0.1724   0.1565  -0.0174
  0.0992   0.0378   0.1021  -0.1718   0.1673  -0.0139
  0.1071   0.0394   0.1037  -0.1629   0.1651  -0.0075
  0.1073   0.0467   0.1068  -0.1804   0.1736  -0.0111
  0.1063   0.0491   0.1088  -0.1824   0.1858  -0.0216
  0.1131   0.0379   0.1024  -0.1504   0.1911  -0.0226
  0.1158   0.0432   0.1069  -0.1821   0.2044  -0.0001
  0.1082   0.0473   0.1302  -0.2241   0.2107  -0.0169
  0.1178   0.0280   0.1455  -0.2066   0.1968  -0.0252
  0.1047   0.0113   0.1498  -0.1839   0.1934  -0.0388
  0.1197   0.0323   0.1548  -0.2142   0.2093  -0.0020
  0.1215   0.0292   0.1596  -0.2032   0.2111  -0.0171
  0.1305   0.0203   0.1661  -0.1812   0.1956  -0.0403
  0.1140   0.0299   0.1683  -0.2339   0.2035  -0.0136
  0.1021   0.0276   0.1674  -0.2281   0.2020  -0.0284
  0.0973   0.0340   0.1647  -0.2474   0.2137  -0.0289
  0.0959   0.0191   0.1674  -0.2108   0.1962  -0.0405
