 -0.0880   0.0630   0.0256  -0.0757  -0.0155   0.1297
 -0.0893   0.0715   0.0164  -0.0800  -0.0101   0.0760
 -0.0905   0.0731   0.0136  -0.0440  -0.0183   0.1570
 -0.0914   0.0833   0.0144  -0.0939  -0.0212   0.0264
 -0.0971   0.0932   0.0124  -0.0506  -0.0272   0.2087
 -0.0923   0.0741   0.0086  -0.0602  -0.0340  -0.0061
 -0.0967   0.0963  -0.0006  -0.0373  -0.0424   0.1731
 -0.0857   0.0830   0.0011  -0.0454  -0.0495  -0.0278
 -0.0951   0.0733  -0.0133  -0.0169  -0.0604   0.1659
 -0.0964   0.0576  -0.0072  -0.0130  -0.0557   0.0005
 -0.0998   0.0664  -0.0210  -0.0585  -0.0523   0.0608
 -0.1018   0.0392  -0.0353  -0.0101  -0.0731   0.1928
 -0.0924   0.0249  -0.0387   0.0041  -0.0761   0.1093
 -0.0932   0.0296  -0.0298   0.0100  -0.0647   0.0666
 -0.0871   0.0396  -0.0283  -0.0518  -0.0585  -0.0690
 -0.0921   0.0354  -0.0387  -0.0122  -0.0645   0.1973
 -0.0917   0.0317  -0.0358   0.0037  -0.0712   0.0811
 -0.0908   0.0116  -0.0379  -0.0484  -0.0771  -0.1067
 -0.0987   0.0113  -0.0394  -0.0699  -0.0775   0.1137
 -0.1023   0.0209  -0.0398   0.0107  -0.0848   0.2391
 -0.0993  -0.0117  -0.0365   0.0419  -0.0826  -0.0340
 -0.0999   0.0016  -0.0423   0.0320  -0.0671   0.1208
 -0.0934   0.0047  -0.0362   0.0312  -0.0692   0.0268
 -0.0980   0.0148  -0.0406   0.0139  -0.0691   0.0664
 -0.1010  -0.0188  -0.0457   0.1085  -0.0753  -0.0172
 -0.1037  -0.0509  -0.0409   0.0160  -0.0897  -0.0354
 -0.1034  -0.0117  -0.0380   0.0243  -0.0848   0.2032
 -0.1069  -0.0066  -0.0286   0.0330  -0.0763   0.0061
 -0.0971   0.0013  -0.0236   0.0200  -0.0668  -0.0127
 -0.0965   0.0102  -0.0208   0.0302  -0.0691   0.0907
 -0.0358  -0.0468   0.0078   0.1420  -0.0334  -0.2070
 -0.0528  -0.0612   0.0076   0.1677  -0.0286  -0.0870
 -0.0486  -0.0540   0.0051   0.1318  -0.0140   0.0916
 -0.0466  -0.0206  -0.0004   0.1412  -0.0131   0.1588
 -0.0453  -0.0338   0.0031   0.1629  -0.0153  -0.1235
 -0.0479  -0.0310   0.0015   0.1081  -0.0113  -0.1502
 -0.0435  -0.0365  -0.0051   0.1726  -0.0068   0.1428
 -0.0335   0.0001   0.0028   0.1659  -0.0006   0.0351
 -0.0395  -0.0191  -0.0124   0.1215  -0.0017  -0.2097
 -0.0402   0.0005  -0.0221   0.1474  -0.0037   0.0887
 -0.0351  -0.0098  -0.0321   0.2356  -0.0065   0.0791
 -0.0312  -0.0485  -0.0194   0.2142  -0.0078  -0.2599
 -0.0761  -0.0891  -0.0207   0.2545  -0.0053  -0.1675
 -0.0714  -0.0723  -0.0396   0.3035   0.0041   0.1976
 -0.0634  -0.0838  -0.0544   0.3437  -0.0071   0.0195
 -0.0451  -0.0952  -0.0673   0.3739  -0.0315  -0.0800
 -0.0228  -0.0747  -0.0690   0.3559  -0.0221  -0.0971
 -0.0209  -0.0537  -0.0599   0.3806  -0.0118  -0.1172
 -0.0259  -0.0483  -0.0480   0.3476  -0.0010  -0.3108
 -0.0419  -0.0347  -0.0591   0.3247  -0.0117   0.0313
 -0.0425  -0.0252  -0.0554   0.3166  -0.0177  -0.0363
 -0.0426  -0.0446  -0.0431   0.2591  -0.0127  -0.2487
 -0.0402  -0.0302  -0.0383   0.1984  -0.0116  -0.0357
 -0.0450  -0.0293  -0.0359   0.2965   0.0039   0.0532
 -0.0328  -0.0453  -0.0345   0.3032  -0.0000  -0.0944
 -0.0308  -0.0568  -0.0381   0.3136  -0.0070  -0.0896
 -0.0296  -0.0634  -0.0224   0.3383   0.0135  -0.1000
 -0.0135  -0.1075  -0.0049   0.3071   0.0268  -0.2949
 -0.0176  -0.0839  -0.0147   0.2420   0.0189  -0.1268
 -0.0099  -0.0787  -0.0214   0.2429   0.0171   0.0820
 -0.0100  -0.0812  -0.0208   0.2626   0.0184   0.0637
 -0.0089  -0.1163  -0.0197   0.2559   0.0227  -0.1940
 -0.0263  -0.0804  -0.0261   0.2088   0.0117  -0.0032
 -0.0252  -0.0219  -0.0581  -0.0328   0.0376   0.1444
 -0.0305  -0.0319  -0.0435   0.0273   0.0386   0.1466
 -0.0351  -0.0692  -0.0378   0.0772   0.0093   0.0612
 -0.0280  -0.0776  -0.0395   0.0915   0.0144   0.0030
 -0.0341  -0.0428  -0.0343   0.0772  -0.0005   0.0069
 -0.0652   0.0442  -0.0396  -0.1149  -0.0180   0.1114
 -0.0234   0.0354  -0.0025  -0.0872  -0.0112  -0.1277
 -0.0204   0.0332  -0.0139  -0.0500  -0.0123   0.0981
 -0.0204  -0.0123  -0.0120  -0.0090  -0.0207   0.0850
 -0.0136  -0.0352  -0.0051  -0.0315  -0.0137  -0.0445
 -0.0201  -0.0312  -0.0074  -0.0179  -0.0256   0.1185
 -0.0228  -0.0407   0.0050   0.0042  -0.0215   0.0602
 -0.0151  -0.0260   0.0088  -0.0141  -0.0254  -0.0054
 -0.0030  -0.0552   0.0089   0.0289  -0.0207  -0.0467
  0.0062  -0.0362   0.0044   0.0279   0.0044  -0.0052
 -0.0065  -0.0583   0.0030   0.0692  -0.0025   0.0657
 -0.0037  -0.0701   0.0012   0.0485  -0.0170  -0.0399
 -0.0032  -0.0480   0.0093   0.0079  -0.0054  -0.0639
 -0.0160  -0.0615   0.0051   0.0991  -0.0172   0.0896
  0.0024  -0.0651   0.0154   0.1002   0.0016  -0.0836
  0.0091  -0.0337   0.0233   0.0756   0.0072  -0.0396
  0.0009  -0.0597   0.0246   0.0385   0.0025   0.0441
  0.0044  -0.0515   0.0315  -0.0128   0.0305  -0.0351
  0.0011  -0.0465   0.0107   0.0387   0.0282   0.0030
  0.0070  -0.0403   0.0203   0.0385   0.0224  -0.0309
  0.0130   0.0122   0.0346  -0.0429   0.0320  -0.0090
  0.0315   0.0002   0.0311  -0.0935   0.0205   0.0844
  0.0769  -0.0197   0.0108  -0.2920   0.0247   0.1055
  0.0938   0.0041   0.0348  -0.2817   0.0531   0.0748
  0.0759   0.0405   0.0326  -0.1945   0.0494  -0.0698
  0.0757   0.0475   0.0297  -0.1774   0.0256   0.0918
  0.0604   0.0533   0.0185  -0.1709   0.0086   0.0222
  0.0639   0.0481   0.0249  -0.1670   0.0191   0.0113
  0.0620   0.0096   0.0353  -0.1206   0.0409  -0.1843
  0.0702   0.0059   0.0646  -0.1281   0.0540  -0.0947
  0.0699   0.0448   0.0591  -0.1346   0.0574   0.1712
  0.0555   0.0806   0.0498  -0.1751   0.0540   0.1496
  0.0373   0.1101   0.0385  -0.2131   0.0471   0.0605
  0.0452   0.0771   0.0444  -0.0700   0.0395  -0.0642
  0.0588  -0.0006   0.0336   0.0713   0.0277  -0.3355
  0.0370   0.0528   0.0252   0.0845   0.0211  -0.0111
  0.0486   0.0620   0.0015  -0.3596   0.0295   0.1015
  0.0540   0.0526   0.0022  -0.3899   0.0341   0.1228
  0.0699   0.0447   0.0172  -0.3874   0.0458   0.0680
  0.0571   0.0607   0.0176  -0.3466   0.0344   0.0313
  0.0559   0.0638   0.0215  -0.3040   0.0346  -0.0540
  0.0565   0.0625   0.0233  -0.2705   0.0319   0.1648
  0.0591   0.0399   0.0277  -0.2651   0.0417   0.0204
  0.0536   0.0360   0.0199  -0.2708   0.0321   0.0698
  0.0573   0.0401   0.0223  -0.2595   0.0268   0.1247
  0.0718   0.0249   0.0352  -0.2093   0.0473  -0.0519
  0.0644   0.0181   0.0337  -0.1963   0.0421   0.1057
  0.0574   0.0049   0.0263  -0.1644   0.0442  -0.0218
  0.0585  -0.0136   0.0236  -0.1455   0.0500   0.0220
  0.0592   0.0014   0.0348  -0.1337   0.0497   0.0179
  0.0565  -0.0076   0.0258  -0.1668   0.0520  -0.0328
  0.0568   0.0083   0.0307  -0.0993   0.0355   0.1358
  0.0575   0.0059   0.0345  -0.0703   0.0478  -0.0689
  0.0623  -0.0119   0.0270  -0.0349   0.0538  -0.1007
  0.0905   0.0139   0.0261  -0.0314   0.0559   0.0480
  0.0859   0.0112   0.0292  -0.0364   0.0562  -0.1628
  0.0740   0.0384   0.0238  -0.0099   0.0562   0.0410
  0.0713   0.0028   0.0377   0.1088   0.0483  -0.1826
  0.0461   0.0344   0.0275   0.0053   0.0579  -0.0500
  0.0502   0.0391   0.0287  -0.0431   0.0474  -0.0228
  0.0979   0.0184   0.0329  -0.1376   0.0462  -0.0985
  0.0906   0.0303   0.0364  -0.0709   0.0459  -0.0337
  0.0922   0.0022   0.0307  -0.0615   0.0301   0.0002
  0.0733   0.0099   0.0131  -0.0580   0.0241  -0.1021
  0.0835   0.0033   0.0117  -0.0492   0.0303   0.0055
  0.0842   0.0095   0.0140  -0.0506   0.0341  -0.0572
  0.0789   0.0078  -0.0132  -0.0516   0.0114  -0.0558
  0.0813   0.0382  -0.0186  -0.0636   0.0036  -0.0922
  0.0775   0.0026   0.0225  -0.0840   0.0068   0.0592
  0.0900  -0.0044   0.0247  -0.0843   0.0174  -0.0622
  0.0808   0.0006   0.0183  -0.0858   0.0135   0.0039
  0.0829   0.0208   0.0100  -0.0845   0.0200  -0.0326
  0.0910  -0.0195   0.0280  -0.0605   0.0223  -0.1285
  0.0802  -0.0072   0.0097  -0.0729  -0.0060   0.0616
  0.0895   0.0016   0.0098  -0.0698  -0.0064  -0.0015
  0.1069  -0.0055   0.0145  -0.0865  -0.0055  -0.0544
  0.0907   0.0041   0.0155  -0.0890   0.0015  -0.1700
  0.0859   0.0343   0.0005  -0.0813  -0.0038   0.0621
  0.0940   0.0409   0.0150  -0.0878   0.0060  -0.0279
  0.0957   0.0473   0.0224  -0.1121   0.0132  -0.1313
  0.0897   0.0536   0.0198  -0.1078   0.0085  -0.0028
  0.0895   0.0476   0.0203  -0.1223   0.0115  -0.0837
  0.0847   0.0280   0.0332  -0.0957   0.0039  -0.1019
