 -0.0397   0.1752   0.0237   0.0307  -0.1359   0.2167
 -0.0251   0.1475   0.0292   0.0563  -0.1321   0.1677
 -0.0121   0.1542   0.0248   0.0766  -0.1253   0.1798
  0.0006   0.1284   0.0294   0.0926  -0.1166   0.1325
 -0.0000   0.1389   0.0334   0.1091  -0.1183   0.1875
 -0.0019   0.1243   0.0225   0.0840  -0.1191   0.1667
  0.0047   0.1088   0.0098   0.0734  -0.1173   0.1249
  0.0076   0.0862   0.0059   0.0548  -0.1153   0.1838
 -0.0100   0.0933   0.0124   0.0693  -0.1078   0.1618
 -0.0053   0.0947   0.0127   0.0359  -0.1073   0.1519
 -0.0108   0.0833   0.0123   0.0624  -0.1062   0.1125
  0.0023   0.0810   0.0078   0.0458  -0.1031   0.1999
  0.0017   0.0684   0.0148   0.0669  -0.0974   0.1263
  0.0091   0.0829   0.0168   0.0526  -0.0929   0.1818
 -0.0012   0.0579   0.0145   0.0584  -0.0942   0.0675
  0.0032   0.0651   0.0082   0.0600  -0.0896   0.1341
 -0.0020   0.0493   0.0084   0.0694  -0.0875   0.1153
 -0.0035   0.0606   0.0122   0.0755  -0.0914   0.1371
 -0.0039   0.0248   0.0172   0.0920  -0.0831   0.0336
 -0.0011   0.0373   0.0186   0.0900  -0.0819   0.0825
 -0.0043   0.0175   0.0216   0.0954  -0.0829   0.0958
 -0.0020   0.0209   0.0234   0.0945  -0.0789   0.1205
  0.0028   0.0244   0.0211   0.0743  -0.0753   0.1051
  0.0015   0.0082   0.0268   0.0894  -0.0668   0.0334
  0.0084   0.0248   0.0209   0.0754  -0.0643   0.1274
  0.0024  -0.0065   0.0258   0.0866  -0.0563   0.0790
  0.0137   0.0046   0.0311   0.0652  -0.0221   0.0915
  0.0007   0.0041   0.0185   0.0435  -0.0392   0.1036
 -0.0011   0.0310   0.0214   0.0423  -0.0370   0.1174
 -0.0081   0.0268   0.0259   0.0307  -0.0393   0.1059
 -0.0007   0.0406   0.0200   0.0319  -0.0272   0.1086
 -0.0040   0.0171   0.0229   0.0388  -0.0302   0.0298
 -0.0035   0.0498   0.0260   0.0442  -0.0250   0.1140
 -0.0126   0.0273   0.0295   0.0418  -0.0298   0.0729
  0.0034   0.0580   0.0237   0.0306  -0.0241   0.0863
 -0.0064   0.0222   0.0276   0.0436  -0.0266   0.0194
  0.0010   0.0402   0.0257   0.0365  -0.0244   0.1061
 -0.0024   0.0237   0.0290   0.0425  -0.0263   0.0873
  0.0080   0.0443   0.0223   0.0360  -0.0232   0.0630
  0.0022   0.0144   0.0284   0.0508  -0.0213  -0.0077
  0.0208   0.0309   0.0286   0.0460  -0.0174   0.0788
  0.0121   0.0122   0.0302   0.0592  -0.0161   0.0685
  0.0164   0.0190   0.0212   0.0402  -0.0124   0.0794
  0.0013  -0.0019   0.0224   0.0472  -0.0169   0.0101
  0.0180   0.0166   0.0177   0.0423  -0.0130   0.0787
  0.0089  -0.0017   0.0224   0.0556  -0.0173   0.0877
  0.0094  -0.0005   0.0184   0.0474  -0.0138   0.1445
  0.0007  -0.0207   0.0215   0.0594  -0.0141   0.0254
  0.0087  -0.0043   0.0161   0.0475  -0.0126   0.0995
  0.0043  -0.0192   0.0190   0.0552  -0.0142   0.0549
  0.0082   0.0009   0.0174   0.0577  -0.0082   0.1280
  0.0040  -0.0189   0.0178   0.0666  -0.0090   0.0034
  0.0156   0.0029   0.0129   0.0427  -0.0067   0.0760
 -0.0005  -0.0145   0.0124   0.0513  -0.0117   0.0559
  0.0074   0.0052   0.0063   0.0318  -0.0116   0.0906
 -0.0099  -0.0143   0.0087   0.0441  -0.0129  -0.0051
  0.0023  -0.0009   0.0044   0.0362  -0.0078   0.1071
 -0.0070  -0.0184   0.0109   0.0397  -0.0113   0.0285
  0.0031  -0.0023   0.0050   0.0258  -0.0056   0.0846
 -0.0074  -0.0274   0.0052   0.0509  -0.0070  -0.0213
  0.0010  -0.0188   0.0020   0.0411  -0.0064   0.0902
 -0.0038  -0.0287   0.0025   0.0432  -0.0015   0.0220
 -0.0108  -0.0370   0.0034   0.0393  -0.0097   0.0308
 -0.0006  -0.0204   0.0002   0.0312  -0.0080   0.0492
 -0.0109  -0.0384  -0.0010   0.0421  -0.0107   0.0263
 -0.0036  -0.0240  -0.0022   0.0325  -0.0012   0.0206
 -0.0045  -0.0345  -0.0006   0.0268  -0.0064   0.0062
 -0.0097  -0.0292  -0.0011   0.0289  -0.0087   0.0317
 -0.0087  -0.0320   0.0028   0.0199   0.0008   0.0661
 -0.0098  -0.0459  -0.0010   0.0318   0.0060  -0.0198
 -0.0076  -0.0381  -0.0050   0.0138  -0.0006   0.0424
 -0.0171  -0.0411  -0.0025   0.0220   0.0008   0.0118
 -0.0042  -0.0188  -0.0049  -0.0056   0.0088   0.0235
 -0.0124  -0.0419  -0.0015   0.0160   0.0016  -0.0579
 -0.0047  -0.0161   0.0011   0.0066   0.0050   0.0543
 -0.0167  -0.0436   0.0005   0.0175   0.0066  -0.0146
 -0.0061  -0.0289  -0.0022   0.0035   0.0137   0.0076
 -0.0100  -0.0529  -0.0007   0.0188   0.0085  -0.0586
  0.0013  -0.0429  -0.0009   0.0174   0.0148   0.0104
  0.0007  -0.0431  -0.0014   0.0086   0.0189   0.0287
 -0.0020  -0.0348   0.0006   0.0052   0.0294  -0.0249
  0.0036  -0.0242  -0.0011  -0.0220   0.0262  -0.0199
  0.0026  -0.0418  -0.0061   0.0074   0.0330  -0.0929
  0.0081  -0.0104  -0.0038  -0.0144   0.0312   0.0091
 -0.0008  -0.0245  -0.0116   0.0015   0.0246  -0.0720
  0.0083  -0.0012  -0.0125  -0.0204   0.0347   0.0258
 -0.0032  -0.0344  -0.0122   0.0026   0.0325  -0.0997
  0.0027  -0.0019  -0.0066  -0.0082   0.0332   0.0108
 -0.0074  -0.0170  -0.0052  -0.0105   0.0351  -0.0444
 -0.0009   0.0052  -0.0089  -0.0229   0.0384  -0.0497
  0.0004  -0.0065  -0.0129  -0.0266   0.0394  -0.0647
 -0.0041  -0.0046  -0.0069  -0.0095   0.0370  -0.0358
 -0.0049   0.0013  -0.0122  -0.0477   0.0370  -0.0309
 -0.0072  -0.0075  -0.0088  -0.0347   0.0383  -0.0679
  0.0028   0.0025  -0.0116  -0.0494   0.0358   0.0207
 -0.0132  -0.0198  -0.0104  -0.0182   0.0351  -0.0818
 -0.0038   0.0010  -0.0147  -0.0528   0.0354  -0.0259
 -0.0146  -0.0252  -0.0141  -0.0373   0.0327  -0.0824
 -0.0057   0.0021  -0.0127  -0.0555   0.0318  -0.0242
 -0.0123  -0.0199  -0.0119  -0.0505   0.0280  -0.0561
 -0.0096   0.0001  -0.0122  -0.0401   0.0316  -0.0420
 -0.0075  -0.0031  -0.0121  -0.0615   0.0310  -0.0365
 -0.0115  -0.0177  -0.0118  -0.0405   0.0343  -0.0550
 -0.0100   0.0005  -0.0161  -0.0639   0.0361  -0.0157
 -0.0121  -0.0268  -0.0151  -0.0465   0.0386  -0.0824
 -0.0064  -0.0037  -0.0201  -0.0705   0.0439  -0.0306
 -0.0154  -0.0267  -0.0131  -0.0587   0.0462  -0.0750
 -0.0053   0.0041  -0.0156  -0.0772   0.0455  -0.0045
 -0.0118  -0.0307  -0.0095  -0.0572   0.0391  -0.0673
 -0.0045   0.0064  -0.0143  -0.0756   0.0436  -0.0267
 -0.0131  -0.0361  -0.0094  -0.0593   0.0403  -0.0684
  0.0018  -0.0151  -0.0176  -0.0781   0.0478  -0.0385
 -0.0033  -0.0415  -0.0119  -0.0480   0.0450  -0.1379
 -0.0007  -0.0201  -0.0114  -0.0488   0.0474  -0.0510
  0.0022  -0.0344  -0.0130  -0.0678   0.0453  -0.0747
  0.0007  -0.0392  -0.0095  -0.0423   0.0515  -0.1185
  0.0121  -0.0327  -0.0093  -0.0566   0.0526  -0.0798
  0.0045  -0.0537  -0.0114  -0.0303   0.0549  -0.1197
  0.0102  -0.0169  -0.0159  -0.0641   0.0494  -0.0362
  0.0035  -0.0322  -0.0168  -0.0562   0.0516  -0.1708
  0.0124  -0.0179  -0.0180  -0.0705   0.0524  -0.0988
  0.0102  -0.0272  -0.0204  -0.0573   0.0507  -0.1290
  0.0144  -0.0178  -0.0252  -0.0626   0.0549  -0.0557
  0.0037  -0.0419  -0.0226  -0.0498   0.0537  -0.1202
  0.0074  -0.0106  -0.0262  -0.0855   0.0543  -0.0858
  0.0030  -0.0355  -0.0188  -0.0526   0.0519  -0.1812
  0.0158  -0.0080  -0.0252  -0.0643   0.0584  -0.0639
  0.0081  -0.0240  -0.0191  -0.0525   0.0561  -0.1201
  0.0165  -0.0101  -0.0246  -0.0791   0.0561  -0.0769
  0.0116  -0.0206  -0.0166  -0.0680   0.0555  -0.1687
  0.0202  -0.0210  -0.0205  -0.0720   0.0553  -0.1087
  0.0101  -0.0410  -0.0116  -0.0483   0.0568  -0.1260
  0.0167  -0.0218  -0.0161  -0.0805   0.0609  -0.0824
  0.0070  -0.0385  -0.0168  -0.0697   0.0559  -0.1699
  0.0167  -0.0156  -0.0236  -0.0846   0.0574  -0.1188
  0.0081  -0.0425  -0.0207  -0.0647   0.0535  -0.2051
  0.0100  -0.0270  -0.0307  -0.0774   0.0542  -0.1315
  0.0011  -0.0384  -0.0271  -0.0759   0.0493  -0.1251
 -0.0002  -0.0275  -0.0264  -0.0818   0.0469  -0.1180
 -0.0013  -0.0407  -0.0273  -0.0845   0.0456  -0.1613
  0.0014  -0.0217  -0.0270  -0.0834   0.0490  -0.1633
  0.0011  -0.0439  -0.0236  -0.0812   0.0459  -0.1897
  0.0059  -0.0140  -0.0244  -0.0814   0.0497  -0.1118
 -0.0016  -0.0376  -0.0197  -0.0765   0.0431  -0.1397
  0.0072  -0.0157  -0.0267  -0.0884   0.0513  -0.1406
  0.0045  -0.0528  -0.0238  -0.0660   0.0479  -0.2024
  0.0110  -0.0153  -0.0277  -0.0832   0.0508  -0.0981
  0.0100  -0.0413  -0.0218  -0.0724   0.0452  -0.2099
  0.0181  -0.0234  -0.0280  -0.0848   0.0520  -0.1531
  0.0100  -0.0430  -0.0205  -0.0854   0.0464  -0.1451
