 -0.0341   0.1371  -0.0092  -0.0753  -0.0428  -0.0220
 -0.0267   0.2601  -0.0093  -0.1073  -0.0277  -0.0300
 -0.0253   0.2002   0.0076  -0.0362  -0.0482  -0.0824
 -0.0245   0.1654   0.0147  -0.0573  -0.0269  -0.0751
 -0.0343   0.1441   0.0105  -0.0291  -0.0413  -0.0289
 -0.0319   0.1226   0.0231  -0.0087  -0.0260  -0.0892
 -0.0299   0.1273   0.0291   0.0374  -0.0288  -0.0826
 -0.0170   0.1317   0.0119  -0.0006  -0.0319  -0.0572
 -0.0142   0.0888   0.0005   0.0669  -0.0514  -0.0932
 -0.0197   0.1295  -0.0096   0.0411  -0.0458  -0.0898
 -0.0217   0.0921  -0.0084   0.0422  -0.0201  -0.1208
 -0.0350   0.1079   0.0049   0.0648  -0.0310  -0.0984
 -0.0426   0.1413   0.0090   0.0681  -0.0431  -0.1116
 -0.0477   0.1560   0.0217   0.0714  -0.0429  -0.1283
 -0.0399   0.1706   0.0357   0.0591  -0.0581  -0.1298
 -0.0339   0.1736   0.0349   0.0329  -0.0220  -0.1322
 -0.0354   0.1768   0.0332   0.0328  -0.0178  -0.1224
 -0.0348   0.1746   0.0339   0.0522  -0.0270  -0.1206
 -0.0310   0.1254   0.0213   0.0746  -0.0218  -0.1538
 -0.0427   0.1923   0.0326   0.0104  -0.0258  -0.0573
 -0.0387   0.1307   0.0242   0.0427  -0.0220  -0.1227
 -0.0434   0.1560   0.0471   0.0075  -0.0304  -0.0576
 -0.0470   0.1181   0.0047  -0.0233  -0.0447  -0.0435
 -0.0276   0.1210   0.0089   0.0394  -0.0025  -0.0650
 -0.0191   0.1715   0.0169  -0.0793   0.0042   0.0202
 -0.0230   0.1261   0.0243  -0.0124  -0.0013  -0.0583
 -0.0282   0.1721   0.0416  -0.0450  -0.0031  -0.0235
 -0.0195   0.1619   0.0385  -0.0063   0.0010  -0.0755
 -0.0372   0.1899   0.0218   0.0373  -0.0238  -0.0972
 -0.0463   0.1714  -0.0224   0.0075  -0.0332  -0.0901
 -0.0451   0.1607  -0.0099   0.0360  -0.0273  -0.1010
 -0.0734   0.1785  -0.0106  -0.0405  -0.0535  -0.0332
 -0.0412   0.1745  -0.0016  -0.0574  -0.0339  -0.0928
 -0.0509   0.1959   0.0060  -0.0287  -0.0574  -0.0633
 -0.0571   0.1948  -0.0017  -0.0206  -0.0594  -0.0916
 -0.0527   0.1821   0.0001   0.0288  -0.0604  -0.0858
 -0.0470   0.1242  -0.0006   0.0507  -0.0574  -0.0554
 -0.0434   0.1136   0.0085   0.0573  -0.0486  -0.1080
 -0.0432   0.1355   0.0184   0.0449  -0.0589  -0.0633
 -0.0460   0.1486   0.0296   0.0077  -0.0071  -0.0546
 -0.0388   0.1458  -0.0022   0.1160  -0.0507  -0.1145
 -0.0197   0.1471   0.0594   0.1523  -0.0062  -0.1238
 -0.0337   0.1638   0.0421   0.1059  -0.0088  -0.1023
 -0.0407   0.1723   0.0435   0.1287  -0.0224  -0.1179
 -0.0545   0.1834   0.0350   0.0347  -0.0182  -0.0696
 -0.0472   0.1497   0.0253   0.0679  -0.0183  -0.1144
 -0.0501   0.1874   0.0243   0.0169  -0.0252  -0.0671
 -0.0401   0.1490   0.0109   0.0010  -0.0127  -0.0643
 -0.0312   0.1246   0.0198   0.0714  -0.0103  -0.0832
 -0.0292   0.1663   0.0262   0.0167  -0.0012  -0.0481
 -0.0269   0.1177   0.0173   0.0489  -0.0032  -0.1067
 -0.0249   0.1506   0.0349   0.0496  -0.0166  -0.0792
 -0.0119   0.2189   0.0576  -0.0041   0.0191  -0.0820
 -0.0300   0.1615   0.0462   0.0415   0.0050  -0.0904
 -0.0429   0.1725   0.0361  -0.0066  -0.0073  -0.0435
 -0.0079  -0.1702  -0.0040   0.2726  -0.0359  -0.1258
 -0.0148  -0.2639  -0.0016   0.3342  -0.0103  -0.0549
 -0.0052  -0.1803  -0.0103   0.2458  -0.0025  -0.0343
  0.0092  -0.1990  -0.0100   0.2366   0.0115  -0.0847
 -0.0115  -0.1643   0.0038   0.1905  -0.0195  -0.0035
  0.0028  -0.1701  -0.0526   0.1372  -0.0256  -0.0013
  0.0160  -0.1738  -0.0247   0.1950  -0.0189  -0.0487
  0.0234  -0.1265  -0.0100   0.1329   0.0065  -0.0100
  0.0269  -0.1454   0.0028   0.1679   0.0288  -0.0854
  0.0265  -0.1111   0.0165   0.1367   0.0379  -0.0129
  0.0220  -0.1577  -0.0077   0.1472   0.0374  -0.0447
  0.0155  -0.1371   0.0019   0.1709   0.0269  -0.0374
 -0.0036  -0.1456  -0.0131   0.1531   0.0044  -0.0126
  0.0058  -0.1752  -0.0195   0.1927   0.0080  -0.0713
 -0.0016  -0.2837  -0.0554   0.2215  -0.0242   0.0329
 -0.0601  -0.7880  -0.1525   0.3920  -0.0901   0.0870
 -0.0548  -0.7470  -0.1323   0.4325  -0.0661   0.0330
 -0.0401  -0.5989  -0.0779   0.2007  -0.0408   0.1095
 -0.0108  -0.4860  -0.0710   0.1154  -0.0257   0.0779
 -0.0209  -0.4198  -0.0534   0.1647  -0.0251   0.0457
 -0.0189  -0.4084  -0.0357   0.1593  -0.0390   0.0839
 -0.0207  -0.4359  -0.0620   0.1659  -0.0159   0.0421
 -0.0094  -0.3878  -0.0486   0.1589  -0.0083   0.0312
 -0.0036  -0.3462  -0.0321   0.0719  -0.0097   0.0800
 -0.0069  -0.3748  -0.0450   0.1106  -0.0154   0.0330
  0.0012  -0.3410  -0.0447   0.0816  -0.0123   0.0836
  0.0179  -0.3977  -0.0582   0.1141  -0.0086   0.0670
  0.0322  -0.2889   0.0500   0.1259   0.0365   0.0100
  0.0466  -0.2512   0.0072   0.0634   0.0228   0.0896
  0.0550  -0.2688   0.0065   0.0272   0.0539   0.0666
  0.0391  -0.2491   0.0286   0.0557   0.0776   0.0740
  0.0584  -0.2062   0.0292  -0.0058   0.0807   0.0952
 -0.0024   0.0844   0.0153  -0.1762  -0.0421   0.2038
  0.0105   0.1873   0.0557  -0.1534  -0.0063   0.0314
  0.0083   0.1260   0.0368  -0.1436   0.0004   0.0901
  0.0162   0.0935   0.0301  -0.0783  -0.0060   0.0249
  0.0150   0.1437   0.0377  -0.0796  -0.0210   0.0299
  0.0201   0.0898   0.0273  -0.1253  -0.0150   0.0447
  0.0160   0.0570   0.0279  -0.0908  -0.0073   0.0434
  0.0220   0.0657   0.0303  -0.1469   0.0137   0.1071
 -0.0007   0.0214   0.0074  -0.0770  -0.0139   0.0275
  0.0073   0.0380   0.0234  -0.0879   0.0015   0.0661
 -0.0045   0.0577   0.0104  -0.1023  -0.0069   0.0946
  0.0063   0.0233  -0.0094  -0.0365  -0.0078   0.0036
 -0.0172   0.1077  -0.0083  -0.1871   0.0202   0.1567
 -0.0094   0.0635   0.0013  -0.1494   0.0139   0.0984
 -0.0085   0.0316  -0.0204  -0.1106  -0.0254   0.0699
  0.0335   0.0797   0.0086  -0.1255   0.0232   0.0716
  0.0336   0.0781   0.0114  -0.1422   0.0172   0.0845
  0.0443   0.0254   0.0227  -0.0467   0.0360  -0.0210
  0.0430   0.0549   0.0384  -0.1164   0.0522   0.0745
  0.0352   0.0469   0.0377  -0.0835   0.0428   0.0304
  0.0392   0.0632   0.0463  -0.1199   0.0569   0.0825
  0.0372   0.0074   0.0328  -0.0675   0.0466   0.0214
  0.0420   0.0303   0.0475  -0.0947   0.0484   0.0715
  0.0375  -0.0107   0.0282  -0.0666   0.0379   0.0243
  0.0295   0.0284   0.0335  -0.1048   0.0423   0.0728
  0.0157   0.0058   0.0252  -0.1057   0.0353   0.0316
  0.0323  -0.0051   0.0364  -0.0671   0.0337   0.0294
  0.0248  -0.0081   0.0226  -0.0968   0.0347   0.0576
  0.0236   0.0079   0.0352  -0.0624   0.0213   0.0337
  0.0273   0.0311   0.0472  -0.0965   0.0383   0.0711
  0.0268  -0.0124   0.0397  -0.0535   0.0366   0.0321
  0.0468  -0.0026   0.0420  -0.0501   0.0556   0.0527
  0.0315  -0.0269   0.0411  -0.0852   0.0404   0.0844
  0.0356  -0.0661   0.0140  -0.0459   0.0422   0.0471
  0.0363  -0.0343   0.0190  -0.0492   0.0243   0.0723
  0.0410   0.0237   0.0048  -0.0962   0.0280   0.0743
  0.0400  -0.0292  -0.0053  -0.0617   0.0316   0.0566
  0.0382  -0.0072   0.0117  -0.0727   0.0345   0.0914
  0.0592   0.0037   0.0069  -0.1311   0.0676   0.0806
  0.0536  -0.0127  -0.0029  -0.0626   0.0516   0.0421
  0.0499   0.0108  -0.0293  -0.1239   0.0387   0.0890
  0.0303  -0.0309  -0.0607  -0.0648  -0.0046   0.0296
  0.0306  -0.0111  -0.0523  -0.1316  -0.0003   0.0962
  0.0378  -0.0628  -0.0560  -0.1156   0.0027   0.0674
  0.0337  -0.0211  -0.0394  -0.1331   0.0147   0.0989
  0.0323  -0.0387  -0.0433  -0.1077   0.0338   0.0549
  0.0370  -0.0248  -0.0419  -0.0776   0.0192   0.0654
  0.0377  -0.0303  -0.0502  -0.1039   0.0239   0.0697
  0.0380  -0.0682  -0.0481  -0.0541   0.0209   0.0287
  0.0344  -0.0350  -0.0363  -0.1076   0.0268   0.0833
  0.0323  -0.0738  -0.0632  -0.0846   0.0209   0.0584
  0.0356  -0.0208  -0.0562  -0.0718   0.0153   0.0765
  0.0397  -0.0491  -0.0623  -0.1067   0.0176   0.0945
  0.0363  -0.0659  -0.0597  -0.0643   0.0173   0.0628
  0.0364  -0.0406  -0.0426  -0.0969   0.0271   0.0959
  0.0228  -0.0468  -0.0448  -0.1484   0.0364   0.0907
  0.0367  -0.0565  -0.0519  -0.1287   0.0366   0.0934
  0.0438  -0.0353  -0.0410  -0.1399   0.0360   0.1225
  0.0418  -0.0654  -0.0461  -0.1325   0.0443   0.0731
  0.0328  -0.0542  -0.0441  -0.0689   0.0359   0.0434
  0.0376  -0.0091  -0.0359  -0.0896   0.0460   0.0623
  0.0524  -0.0482  -0.0492  -0.0399   0.0284   0.0133
  0.0453  -0.0308  -0.0513  -0.0950   0.0284   0.0664
  0.0475  -0.0685  -0.0534  -0.1205   0.0359   0.0652
