  0.0897  -0.0829  -0.1091  -0.4135  -0.0490  -0.0142
  0.1155   0.0390  -0.1067  -0.4678  -0.0290  -0.0264
  0.0874  -0.0541  -0.0477  -0.3375  -0.0517   0.0024
  0.0847  -0.0789  -0.0569  -0.3439  -0.0501   0.0110
  0.0438  -0.0202  -0.0662  -0.3172  -0.0821  -0.0268
  0.1315  -0.0689  -0.0811  -0.2954  -0.0578  -0.0238
  0.0778   0.0453  -0.1105  -0.4601  -0.0851  -0.1016
  0.0876   0.0756  -0.0417  -0.3837  -0.0535  -0.0346
  0.0827   0.1248  -0.0533  -0.5163  -0.0679  -0.0697
  0.0552   0.0569  -0.0197  -0.4588  -0.0690  -0.0557
  0.0993   0.0559  -0.0300  -0.2652  -0.0448   0.0116
  0.0995   0.0133  -0.0090  -0.2652  -0.0598  -0.0058
  0.0822   0.0907  -0.0336  -0.3012  -0.0427  -0.0014
  0.0930   0.0821  -0.0118  -0.2776  -0.0533  -0.0030
  0.0935   0.0793  -0.0152  -0.2684  -0.0496   0.0030
  0.1082   0.0104  -0.0159  -0.2483  -0.0541  -0.0237
  0.1104  -0.0229  -0.0291  -0.2578  -0.0432  -0.0067
  0.1018   0.0027  -0.0388  -0.1755  -0.0335   0.0312
  0.1153   0.0729  -0.0547  -0.3163  -0.0541  -0.0252
  0.0927   0.0575  -0.0453  -0.3765  -0.0433  -0.0087
  0.1111   0.0322  -0.0006  -0.2263  -0.0466  -0.0052
  0.0871   0.0476  -0.0268  -0.3218  -0.0480  -0.0126
  0.1105   0.0307  -0.0108  -0.2140  -0.0425  -0.0041
  0.1013   0.0643  -0.0108  -0.3157  -0.0585  -0.0025
  0.1141   0.0594  -0.0187  -0.3053  -0.0585   0.0008
  0.1070   0.0228  -0.0156  -0.2747  -0.0555   0.0022
  0.1018   0.0614  -0.0335  -0.3648  -0.0632  -0.0225
  0.0984   0.0602  -0.0087  -0.2616  -0.0604   0.0155
  0.0971   0.0876  -0.0205  -0.3434  -0.0730  -0.0310
  0.0885   0.0802  -0.0086  -0.3008  -0.0691   0.0037
  0.0964   0.0645  -0.0014  -0.3325  -0.0660  -0.0191
  0.0893   0.0773  -0.0199  -0.3484  -0.0602  -0.0106
  0.0082  -0.0069   0.0448  -0.2684  -0.1116   0.0255
  0.0703  -0.0223   0.0088  -0.3510  -0.0668  -0.0390
  0.0651  -0.1259   0.0211  -0.2635  -0.0619   0.0034
  0.0717  -0.1706   0.0663  -0.2246  -0.0697  -0.0083
  0.0574  -0.1079   0.0209  -0.3171  -0.0736  -0.0257
  0.0559  -0.1056   0.0334  -0.2785  -0.0723  -0.0065
  0.0731  -0.1114   0.0195  -0.2499  -0.0585  -0.0235
  0.0570  -0.0790  -0.0109  -0.3487  -0.0505  -0.0291
  0.0770  -0.0542  -0.0109  -0.3060  -0.0619  -0.0207
  0.0837  -0.0622   0.0122  -0.2641  -0.0663  -0.0162
  0.0820  -0.0154   0.0143  -0.3431  -0.0769  -0.0335
  0.0901   0.0033   0.0383  -0.3185  -0.0780  -0.0308
  0.1071  -0.0217   0.0518  -0.2752  -0.0738  -0.0245
  0.0770  -0.0111   0.0253  -0.3305  -0.0634  -0.0300
  0.0817  -0.0249   0.0279  -0.2522  -0.0645   0.0065
  0.0759  -0.0489   0.0369  -0.3205  -0.0682  -0.0440
  0.0729   0.0041   0.0147  -0.3942  -0.0789  -0.0619
  0.0698  -0.0121   0.0292  -0.2686  -0.0630  -0.0019
  0.0796  -0.0510   0.0251  -0.2473  -0.0632  -0.0095
  0.0392  -0.0631  -0.0087  -0.3963  -0.0485  -0.0606
  0.0503  -0.0963   0.0351  -0.3389  -0.0539  -0.0205
  0.0660  -0.1422   0.0896  -0.2591  -0.0433  -0.0075
  0.0792  -0.0921   0.1529  -0.2301  -0.0620  -0.0206
  0.0663  -0.0890   0.1166  -0.2472  -0.0538  -0.0055
  0.0732  -0.1011   0.1450  -0.1570  -0.0554   0.0158
  0.0806  -0.1451   0.1598  -0.0709  -0.0529   0.0059
  0.0736  -0.1149   0.1523  -0.0413  -0.0562   0.0426
  0.0875  -0.1378   0.1789   0.0224  -0.0494   0.0357
  0.0710  -0.1396   0.1834  -0.0429  -0.0374   0.0136
  0.0538  -0.1706   0.2048  -0.0998  -0.0297   0.0203
  0.0304  -0.4088   0.0784  -0.0887  -0.1418   0.0250
  0.0489  -0.3952   0.1739  -0.1673  -0.0919  -0.0179
  0.0501  -0.5918  -0.0742  -0.1851   0.0735   0.0046
 -0.4067  -0.5051   1.1650   0.3052  -0.4796   0.1511
 -0.1221  -0.4414   0.2158   0.0565  -0.1008   0.0653
 -0.1007  -0.3614   0.2457   0.0268  -0.0918   0.0641
 -0.0729  -0.4149   0.2709   0.1490  -0.1046   0.0816
 -0.0411  -0.9828   0.0688   0.1621  -0.1376   0.1017
  0.0343  -1.0001   0.0028   0.2765  -0.0809  -0.0257
  0.1647   2.0276   0.3281  -0.6504  -0.1234  -0.1272
  0.1048   1.7014   0.2503  -0.5769  -0.1276  -0.1448
  0.1215   1.5770   0.2013  -0.5178  -0.1132  -0.1315
  0.1373   1.4828   0.1765  -0.4975  -0.1033  -0.1576
  0.1134   0.8944   0.1095  -0.3987  -0.0733  -0.1079
  0.0612   0.8830   0.1988  -0.4613  -0.0973  -0.1037
  0.0538   1.1117   0.2701  -0.4989  -0.1079  -0.1065
  0.0565   1.0552   0.2602  -0.4783  -0.1094  -0.1089
  0.0756   0.8918   0.2503  -0.3615  -0.0923  -0.0667
  0.0462   0.8819   0.2790  -0.2380  -0.0793  -0.0206
  0.0873   0.7216   0.1024  -0.1815  -0.1729  -0.1141
  0.3483   0.7573   0.0321   0.2139  -0.2586   1.1764
  0.2581   0.2339  -0.5545  -0.5220  -0.0326   0.1381
  0.0978   0.1941  -0.1728  -0.5044  -0.0591   0.0623
  0.0645   0.1396  -0.3301  -0.3824  -0.2297   0.0871
  0.1925   0.2983  -1.3983  -0.7959  -0.2133   0.0508
  0.1409   0.3022  -0.8057  -0.5403  -0.1446   0.0810
  0.1335   0.2584  -0.6985  -0.5566  -0.1551   0.0432
  0.1163   0.2461  -0.7265  -0.4743  -0.1400   0.0851
  0.1194   0.1890  -0.6440  -0.3745  -0.1456   0.0923
  0.1194   0.1976  -0.6483  -0.3992  -0.1503   0.0842
  0.1187   0.1244  -0.5910  -0.3169  -0.1412   0.0950
  0.0842   0.1285  -0.5773  -0.3729  -0.1550   0.0619
  0.0757   0.0767  -0.5474  -0.2235  -0.1488   0.0835
 -0.1675   0.1542  -0.0449  -0.1502  -0.0516   0.1214
 -2.4298   0.3112   0.5550   0.3072  -1.4160   1.0477
 -1.3836   0.3409   0.0216   0.4536  -1.4034   0.6052
 -1.8640   0.8623   0.8867   1.5141  -1.2631   0.7372
  1.3377   1.7921  -1.0729   0.3431   1.3429   0.0374
  2.4018   1.3509  -0.0976   1.0218   2.4409  -0.5345
  0.3575   1.4384  -0.2581   0.0877   0.7300  -0.0632
 -0.9312   1.2444   1.3504   0.5636  -0.8300   0.3882
 -0.1953   0.9253   0.1257   0.0609  -0.1220   0.1019
 -0.1917   0.7856   0.1903  -0.0596  -0.1085   0.0631
 -0.2172   0.9961   0.2432   0.0975  -0.0969   0.0822
 -0.2272   0.7326   0.2292   0.0895  -0.1083   0.0754
 -0.1963   0.5340   0.2051   0.1269  -0.0935   0.0990
 -0.2010   0.4699   0.1755   0.1811  -0.0859   0.1150
 -0.2114   0.4974   0.2303   0.1688  -0.1001   0.1085
 -0.2522   0.3717   0.0662  -0.0088  -0.0541   0.1043
 -0.2314   0.3502   0.1127   0.0642  -0.0613   0.1189
 -0.2464   0.3738   0.1370   0.0242  -0.0566   0.1002
 -0.2415   0.3717   0.1451   0.1298  -0.0532   0.1392
 -0.2437   0.3709   0.1418   0.0582  -0.0688   0.1033
 -0.2370   0.3236   0.1597   0.1484  -0.0567   0.1541
 -0.2185   0.2623   0.1991   0.1674  -0.0633   0.1111
 -0.2391   0.5429   0.2321   0.0024  -0.0486   0.1032
 -0.2460   0.4078   0.2774   0.1116  -0.0717   0.0946
 -0.2332   0.4484   0.2507   0.0722  -0.0657   0.0695
 -0.2356   0.3939   0.2475   0.1408  -0.0667   0.1130
 -0.2317   0.4625   0.2672   0.1663  -0.0650   0.1039
 -0.2377   0.4467   0.2562   0.0439  -0.0609   0.0911
 -0.2281   0.3791   0.2708   0.1438  -0.0643   0.1311
 -0.2357   0.3884   0.2736   0.0625  -0.0760   0.0864
 -0.2378   0.4077   0.2502   0.0290  -0.0723   0.1062
 -0.2384   0.3746   0.1662   0.0277  -0.0560   0.0766
 -0.2380   0.3025   0.1848   0.0659  -0.0474   0.0965
 -0.2329   0.4008   0.2571   0.1974  -0.0547   0.1384
 -0.2375   0.3964   0.2554   0.0945  -0.0802   0.1075
 -0.2330   0.3755   0.2535   0.1405  -0.0796   0.1363
 -0.2179   0.3497   0.2568   0.1429  -0.0736   0.1195
 -0.2241   0.3661   0.2631   0.1293  -0.0813   0.0946
 -0.2311   0.3737   0.2413   0.1239  -0.0659   0.1273
 -0.2225   0.3287   0.2542   0.1842  -0.0583   0.1192
 -0.2242   0.3130   0.2645   0.1755  -0.0629   0.1089
 -0.2233   0.2981   0.2551   0.1120  -0.0632   0.0971
 -0.2130   0.3909   0.2426   0.1582  -0.0746   0.0932
 -0.2145   0.4024   0.2292   0.0968  -0.0603   0.0924
 -0.2095   0.3285   0.2181   0.0881  -0.0680   0.0859
 -0.2275   0.3025   0.2244   0.1291  -0.0547   0.1250
 -0.2025   0.2733   0.2704   0.2209  -0.0627   0.1348
 -0.2152   0.2856   0.2436   0.1229  -0.0722   0.0983
 -0.2137   0.2636   0.2381   0.1623  -0.0593   0.1364
 -0.2259   0.3145   0.2182   0.0438  -0.0568   0.0792
 -0.2083   0.3637   0.2477  -0.0730  -0.0734   0.0772
 -0.2095   0.3671   0.2500   0.0843  -0.0693   0.0768
 -0.2202   0.4010   0.2089  -0.0455  -0.0782   0.0981
 -0.2138   0.4003   0.2409  -0.0290  -0.0898   0.0590
 -0.2153   0.3305   0.2521   0.0996  -0.0789   0.1169
 -0.1700   0.1181   0.1826   0.0291  -0.0615   0.0467
 -0.0926  -0.2481   0.2199   0.2657  -0.0122   0.1880
 -0.0619  -1.0433   0.2557   0.1143  -0.0585  -0.0343
 -0.1746   0.0532   0.2395   0.0525  -0.0542   0.0527
 -0.1766  -0.0232   0.1956   0.0528  -0.0494   0.0796
 -0.1616  -0.0655   0.2402   0.0630  -0.0921   0.0416
 -0.1783  -0.0769   0.2484   0.0493  -0.0667   0.0790
 -0.2047  -0.0602   0.2922   0.1663  -0.0478   0.1062
 -0.1895  -0.0185   0.2637   0.0715  -0.0596   0.0688
 -0.1894  -0.0308   0.2731   0.0929  -0.0547   0.1059
 -0.1946  -0.0758   0.2999   0.1478  -0.0478   0.0906
 -0.1896  -0.0718   0.2980   0.0715  -0.0491   0.0527
 -0.1966  -0.0928   0.2738   0.0736  -0.0442   0.0760
 -0.1934  -0.1029   0.2852   0.1592  -0.0472   0.1019
 -0.1802  -0.1258   0.2917   0.1648  -0.0526   0.0778
 -0.2000  -0.0750   0.2854   0.0975  -0.0546   0.0994
 -0.2050  -0.0968   0.2935   0.1535  -0.0503   0.1039
 -0.1896  -0.0860   0.3288   0.1083  -0.0735   0.0678
 -0.2082  -0.0774   0.1957  -0.0427  -0.0359   0.0425
 -0.2037  -0.1176   0.1813   0.0064  -0.0342   0.0526
 -0.2013  -0.1324   0.2049   0.0087  -0.0337   0.0514
 -0.2066  -0.1053   0.1777  -0.0665  -0.0135   0.0409
 -0.2085  -0.1039   0.1869   0.0004  -0.0065   0.0551
 -0.2124  -0.1344   0.2112   0.0180  -0.0161   0.0627
 -0.2066  -0.1180   0.2052  -0.0391  -0.0029   0.0210
 -0.1901  -0.1250   0.1744  -0.0905   0.0229   0.0480
 -0.1908  -0.2196   0.2101  -0.1339   0.0111   0.0247
 -0.1721  -0.2565   0.2540  -0.0718  -0.0067   0.0184
 -0.1694  -0.1969   0.2588  -0.0815  -0.0049   0.0041
 -0.1731  -0.1287   0.2920  -0.0019  -0.0455   0.0134
 -0.2053  -0.0300   0.3031   0.0593  -0.0419  -0.0257
 -0.1699  -0.1505   0.2512  -0.0138  -0.0174  -0.0156
 -0.3054  -0.0964   0.1486  -0.0527  -0.1529   0.0469
  0.3793  -0.1254  -0.1843  -0.0981   0.5665  -0.1878
  1.1191  -0.1048  -1.1629   0.0289   1.2657  -0.2518
 -0.2033  -0.0584   0.3535   0.0931   0.1752   0.0495
 -0.0846  -0.0610   0.0275  -0.0400   0.2723  -0.0008
 -0.0923  -0.0414   0.0163  -0.0835   0.2476  -0.0045
 -0.0877  -0.0659   0.0227  -0.0076   0.2480   0.0144
 -0.0740  -0.0435   0.0374  -0.0255   0.2425  -0.0333
 -0.0826  -0.0250   0.0171   0.0134   0.2434   0.0225
 -0.0550  -0.0798   0.0378   0.0597   0.2294   0.0141
 -0.0672  -0.0589   0.0460   0.0036   0.2290  -0.0014
 -0.0582  -0.0786   0.0392   0.0810   0.2072   0.0177
 -0.0487  -0.2552  -0.0696  -0.2446   0.1377  -0.0506
 -0.0853  -0.1221   0.0736  -0.0578   0.1372  -0.0302
 -0.0911  -0.0170   0.0719  -0.0395   0.1452  -0.0307
 -0.0993  -0.0619   0.0777   0.0378   0.1794   0.0428
 -0.0796  -0.1592   0.1002   0.0800   0.1870   0.0150
 -0.0669  -0.1261   0.0902   0.0153   0.1861  -0.0143
 -0.0791  -0.1219   0.0755  -0.0009   0.1872   0.0005
 -0.0666  -0.1425   0.1077   0.0574   0.1831   0.0171
 -0.0713  -0.1118   0.0822   0.0062   0.1740  -0.0176
 -0.0800  -0.1210   0.1038   0.0554   0.1758   0.0169
 -0.0714  -0.1319   0.1239   0.0937   0.1826   0.0337
 -0.1043   0.2734   0.1844  -0.5136   0.1033  -0.1908
  0.5212   4.2537   0.0868  -1.4038   0.2141  -0.5857
  0.1576   2.4548   0.2510  -0.5890   0.1748  -0.2596
  0.0838   1.8313   0.2186  -0.4830   0.1890  -0.2179
  0.0296   1.0527   0.2520  -0.2765   0.1954  -0.0248
  0.0419   0.2369   0.0462  -0.1672   0.1963  -0.0754
  0.0021   0.2103   0.3361  -0.1481   0.3224  -0.0760
  0.1012  -0.3638  -1.2409   0.1453  -0.1789  -0.0301
 -0.0705  -0.4253   0.7163  -0.0822   0.1519  -0.0660
 -0.3293  -0.2225   1.2291   0.3942   0.0416   0.0371
  1.1635  -0.9514   0.4399   0.4733   0.8614  -0.3731
 -0.5847  -0.6510  -0.7478   0.0401  -0.3388   0.1296
  1.3519  -0.9051   0.4188   0.1503   0.8295  -0.4595
  0.0399  -0.5454  -0.1499  -0.0299   0.1741  -0.0490
  0.5033  -0.7038   0.5172   0.3830   0.2737  -0.1976
 -0.6475  -0.5210  -0.1084   0.2634  -0.3729   0.1784
  0.4902  -0.6992   0.8981   0.3439   0.8962  -0.1367
  0.8414  -1.0018   1.6355   0.3470   0.8697  -0.3527
 -0.5578  -0.9794  -0.2712   0.1278   0.0335   0.1090
  0.4122  -0.7474   4.6498   1.1462   1.2657  -0.0634
  0.1764  -0.7752   0.9233   0.3000   0.0866  -0.0494
  0.2225  -0.6751  -2.1653  -0.4217  -0.3398  -0.0750
  0.3779  -0.4799  -1.9296  -0.4421  -0.1308  -0.1144
  0.2960  -0.5997  -1.3301  -0.2660  -0.0451  -0.0757
  0.2669  -0.7676  -1.0774  -0.1154  -0.0394  -0.0442
  0.2538  -0.8704  -0.8783  -0.0451  -0.0112  -0.0751
  0.2891  -0.8913  -0.8970  -0.0439  -0.0048  -0.0575
  0.2456  -0.9022  -0.7515   0.0304   0.0648  -0.0330
  0.2561  -0.8275  -0.7231   0.0083   0.0259  -0.0523
  0.2371  -0.8398  -0.7909  -0.0794   0.0273  -0.0573
  0.2433  -0.8550  -0.7563   0.0295   0.0515  -0.0369
  0.2639  -0.8234  -0.8028  -0.0662   0.0679  -0.0837
  0.2561  -0.8230  -0.7596  -0.0360   0.0722  -0.0479
  0.2318  -0.9146  -0.6884   0.0114   0.0520  -0.0478
  0.2131  -0.8639  -0.7516  -0.0199   0.0564  -0.0647
  0.1845  -0.7826  -0.5951  -0.0185   0.0509  -0.0688
  0.2175  -0.8731  -0.5850   0.0630   0.0726  -0.0589
  0.2432  -0.8534  -0.6315  -0.0691   0.0613  -0.0991
  0.1555  -0.5329  -0.6223  -0.1368   0.0168  -0.1771
  0.2271  -0.5979  -0.6491  -0.5580   0.0227  -0.2374
  0.1696  -0.4682  -0.4598  -0.0695   0.0284  -0.0939
  0.1638  -0.4626  -0.4175  -0.0225   0.0296  -0.1445
  0.0845  -0.2822  -0.3560  -0.1123   0.0694  -0.1127
  0.3608   0.1441  -0.2078  -0.0674   0.3204  -0.2236
  0.7837   0.4168  -0.2510  -0.1924   0.4704  -0.3899
  0.3406   0.4274  -0.5364  -0.3274   0.1514  -0.2582
  0.4965  -1.1451  -0.1430   1.7549   0.2826  -0.1418
  0.2692   0.3773  -0.2786   0.1318   0.0822  -0.4498
  0.4675  -1.5813  -0.4116   1.1369   0.2075  -0.0491
  0.1950  -1.1155  -0.2304   0.0968   0.0550  -0.1284
  0.2335   0.0338  -0.1434  -0.4412   0.0949  -0.2583
  0.2222  -0.2251  -0.2730  -0.2529   0.0801  -0.2155
  0.2129  -0.2832  -0.2985  -0.2644   0.0739  -0.2063
  0.2353  -0.4208  -0.5711  -0.2337   0.0286  -0.1634
  0.2801  -0.4951  -1.0351  -0.3554   0.0165  -0.1898
  0.2235  -0.4460  -0.8488  -0.2435   0.0522  -0.1462
  0.2541  -0.8785  -0.6627  -0.0168   0.0696  -0.0829
  0.2511  -1.1817  -0.7026  -0.0461   0.0480  -0.1035
  0.2265  -1.0339  -0.5718   0.1258   0.1312  -0.0581
  0.1011  -0.8969  -0.0261   0.1880   0.3191  -0.0363
  0.1265  -1.5392  -0.2564   0.6701   0.0087   0.1044
  0.1093  -1.4435  -0.2492   0.3738   0.0557   0.0365
  0.1236  -1.4757  -0.2698   0.2962   0.0795   0.0069
  0.1481  -1.5420  -0.2863   0.4561   0.0739   0.0617
  0.1566  -1.6064  -0.2872   0.3833   0.0731   0.0141
  0.1382  -1.4951  -0.2745   0.4049   0.0680   0.0148
  0.1263  -1.4384  -0.2167   0.3745   0.0589  -0.0158
  0.1555  -1.5052  -0.2141   0.5212   0.0770   0.0198
  0.1662  -1.4977  -0.2442   0.4400   0.0772   0.0171
  0.1615  -1.5711  -0.2374   0.5413   0.0819   0.0542
  0.1505  -1.3757  -0.2895   0.3934   0.0312  -0.0575
  0.1177   1.1034  -0.3043  -0.3911   0.0650  -0.2653
  0.1640   1.5725  -0.4276  -0.4834   0.0567  -0.3079
  0.1457   1.2489  -0.4389  -0.3817   0.0550  -0.2840
  0.1375   1.2070  -0.4450  -0.3745   0.0591  -0.2614
  0.1444   0.9772  -0.4281  -0.2405   0.0623  -0.2192
  0.1364   0.9347  -0.3917  -0.3109   0.0469  -0.2649
  0.1422   0.7875  -0.4100  -0.2005   0.0579  -0.2102
  0.1511   0.7480  -0.3673  -0.1751   0.0437  -0.2317
  0.1299   0.5127  -0.3746  -0.1577   0.0530  -0.2051
  0.1185   0.4066  -0.3601  -0.0950   0.0527  -0.1904
  0.1016   0.3496  -0.3605  -0.2019   0.0456  -0.1915
  0.2697  -0.0323  -0.2499   2.6999   0.1223  -0.2662
  0.2288  -0.7225   0.0754   2.4467   0.1765   0.2334
  0.4478  -0.7825  -0.0423   4.8094   0.3329   0.3772
  0.7651  -1.2502  -0.3447   5.5731   0.2918   0.8768
  0.0036  -0.0546  -0.4794   3.5154   0.1680   0.4447
  0.2567   1.7631  -0.3441   3.4220   0.1168   0.3673
  0.3288   0.3541  -0.4088   5.0184   0.0968   0.7023
  0.2520  -0.1031  -0.4358   5.6030   0.0310   0.8714
  0.2602  -0.1108  -0.4928   5.5780   0.0351   0.8480
  0.2349  -0.1399  -0.4993   5.3980   0.0633   0.8421
 -0.0100   0.1215  -0.1970   4.2468   0.2243   0.5882
 -0.0443   1.1765   0.0754   4.1551   0.1634   0.6182
  0.0215   1.0973  -0.0830   4.0960   0.1519   0.5415
