  0.0068  -0.0159   0.0260   0.0053   0.0257  -0.0001
  0.0130  -0.0221   0.0063   0.0849   0.0187   0.0319
  0.0066  -0.0571   0.0198   0.1154   0.0034   0.0440
 -0.0256  -0.0190   0.0007  -0.0012  -0.0021   0.0006
 -0.0273   0.0177  -0.0029  -0.0099  -0.0084  -0.0129
 -0.0208   0.0274  -0.0110   0.0366  -0.0073  -0.0052
 -0.0173   0.1201   0.0093  -0.0943   0.0318  -0.0177
 -0.0159  -0.0164  -0.0092  -0.0082  -0.0095   0.0188
 -0.0192  -0.0538  -0.0055   0.1467  -0.0086   0.0218
 -0.0320   0.0066  -0.0035   0.0440  -0.0152   0.0844
 -0.0487  -0.0368  -0.0202  -0.0359  -0.0416   0.0721
 -0.0699   0.0714  -0.0335  -0.0000  -0.0650  -0.0711
 -0.0321   0.0527  -0.0578  -0.0803  -0.0068  -0.0588
 -0.0460   0.0545  -0.0578  -0.0217  -0.0425   0.0070
 -0.0626  -0.0047  -0.0732   0.0044  -0.0628   0.0481
 -0.0274   0.0191  -0.0519   0.0076   0.0026   0.0552
 -0.0280   0.0101  -0.0532   0.0122   0.0044   0.0676
 -0.0320  -0.0028  -0.0361  -0.0112  -0.0023   0.0069
 -0.0395   0.0299  -0.0335  -0.0454  -0.0115  -0.0782
 -0.0618   0.0802  -0.0304  -0.0811  -0.0195  -0.0362
  0.0030   0.0489  -0.0389  -0.0010  -0.0282  -0.0494
 -0.0123  -0.0078  -0.0246   0.0111   0.0054   0.0050
 -0.0247   0.0146  -0.0389   0.0217   0.0017   0.0606
 -0.0434   0.0186  -0.0363   0.0184  -0.0158   0.0087
 -0.0574   0.0268  -0.0387  -0.0110  -0.0252  -0.0177
  0.0049   0.0344  -0.0093  -0.0339  -0.0346  -0.0461
  0.0034   0.0236  -0.0226  -0.0309   0.0311   0.0067
 -0.0003   0.0460  -0.0106  -0.0431   0.0170  -0.0543
  0.0108   0.0048  -0.0139  -0.0513   0.0124  -0.0520
 -0.0142   0.0265  -0.0095   0.0189   0.0114   0.0804
 -0.0128   0.0324  -0.0141   0.0137   0.0035   0.0273
 -0.0182  -0.0044   0.0023   0.0138   0.0016   0.0504
 -0.0279   0.0089  -0.0104   0.0510  -0.0054   0.0672
 -0.0353  -0.0187  -0.0153   0.0401  -0.0106  -0.0012
 -0.0370   0.0038   0.0060  -0.0219  -0.0083  -0.0074
  0.0077   0.0372  -0.0016   0.0072  -0.0140  -0.0312
  0.0092   0.0339  -0.0021  -0.0368  -0.0195  -0.0370
  0.0119  -0.0248   0.0034   0.0219  -0.0302  -0.0317
 -0.0003  -0.0089  -0.0035  -0.0138  -0.0318  -0.0247
  0.0008  -0.0189  -0.0017   0.0610   0.0266  -0.0072
 -0.0112  -0.0215   0.0045  -0.0101   0.0117  -0.0116
 -0.0076  -0.0283   0.0068  -0.0258   0.0173  -0.0184
 -0.0220  -0.0015   0.0044  -0.0461   0.0128  -0.0548
 -0.0379   0.0258  -0.0071  -0.0499   0.0051  -0.0441
 -0.0327   0.0306  -0.0078   0.0039   0.0094  -0.0028
  0.0191   0.0005  -0.0024  -0.0177  -0.0077  -0.0552
  0.0160  -0.0018   0.0044   0.0156  -0.0071   0.0016
  0.0103   0.0155   0.0060   0.0229  -0.0057   0.0050
  0.0183   0.0043  -0.0089   0.0225  -0.0039   0.0476
  0.0274  -0.0294   0.0156   0.0351  -0.0025   0.0754
  0.0265  -0.0035   0.0117   0.0492   0.0011   0.0385
  0.0285  -0.0216   0.0139   0.0512  -0.0005   0.0298
  0.0282  -0.0275   0.0239   0.0066   0.0024   0.0322
  0.0316  -0.0342   0.0180  -0.0089   0.0018   0.0219
  0.0285  -0.0195   0.0275  -0.0204   0.0055   0.0370
  0.0274  -0.0059   0.0212  -0.0288   0.0080  -0.0262
  0.0230   0.0029   0.0272  -0.0505  -0.0025  -0.0254
  0.0200   0.0374   0.0176  -0.0375   0.0009  -0.0646
  0.0198   0.0227   0.0127   0.0256  -0.0031  -0.0845
  0.0082  -0.0050   0.0095  -0.0434  -0.0051  -0.0035
  0.0079  -0.0011   0.0106   0.0292  -0.0019   0.0418
  0.0130  -0.0109   0.0049   0.0418  -0.0070   0.0794
  0.0151  -0.0287   0.0036   0.0608  -0.0101   0.0418
  0.0082  -0.0255   0.0055   0.0740  -0.0150   0.0331
  0.0009  -0.0179   0.0002   0.0071  -0.0150   0.0021
 -0.0048  -0.0309  -0.0038   0.0229  -0.0214   0.0323
 -0.0007  -0.0284   0.0132  -0.0044  -0.0181  -0.0117
 -0.0097  -0.0035  -0.0076  -0.0277  -0.0150   0.0201
 -0.0043   0.0053  -0.0071  -0.0190  -0.0221  -0.1030
 -0.0081   0.0226   0.0099  -0.0077  -0.0242   0.0027
 -0.0099   0.0389  -0.0030  -0.0124  -0.0274  -0.0324
 -0.0069  -0.0070  -0.0046  -0.0191   0.0172  -0.0167
 -0.0114   0.0130   0.0028   0.0115   0.0187   0.0101
 -0.0083  -0.0152   0.0008   0.0006   0.0111  -0.0005
 -0.0171   0.0091  -0.0086   0.0207   0.0110   0.1026
 -0.0302   0.0057  -0.0047   0.0321  -0.0013   0.0319
 -0.0457  -0.0177  -0.0098   0.0236  -0.0148   0.0007
 -0.0089   0.0055   0.0047   0.0173  -0.0133   0.0294
 -0.0087   0.0075   0.0077   0.0147  -0.0121   0.0100
 -0.0100   0.0131   0.0051  -0.0041  -0.0187   0.0078
 -0.0156   0.0123   0.0078  -0.0368  -0.0277  -0.0914
 -0.0265   0.0508  -0.0049  -0.0342  -0.0206  -0.0700
 -0.0316   0.0623  -0.0048  -0.0599   0.0298  -0.0497
  0.0218  -0.0010  -0.0049  -0.0500  -0.0320   0.0483
  0.0223   0.0066   0.0075   0.0282   0.0269   0.1057
  0.0267  -0.0012   0.0136   0.0691   0.0238   0.0244
  0.0356  -0.0410   0.0019   0.0859   0.0230   0.0387
  0.0395  -0.0369   0.0278   0.0098   0.0235   0.0997
  0.0348  -0.0255   0.0201   0.0107   0.0255  -0.0539
  0.0367  -0.0323   0.0214  -0.0129   0.0249  -0.0929
  0.0377  -0.0084   0.0277  -0.0147   0.0210  -0.0037
  0.0304   0.0245   0.0213  -0.0198   0.0244  -0.0089
  0.0308   0.0258   0.0175  -0.0371   0.0206  -0.0230
  0.0358  -0.0122   0.0198  -0.0291   0.0247  -0.0829
  0.0328  -0.0122   0.0114  -0.0022   0.0273   0.0217
  0.0302  -0.0210   0.0087   0.0068   0.0201   0.0920
  0.0336  -0.0421   0.0126   0.0119   0.0183  -0.0289
  0.0296  -0.0305   0.0149   0.0128   0.0205  -0.0334
  0.0212  -0.0301   0.0132  -0.0040   0.0227   0.0180
  0.0260  -0.0218   0.0164  -0.0468   0.0184  -0.0610
  0.0301  -0.0029   0.0241  -0.0496   0.0142  -0.0730
  0.0178   0.0321   0.0143  -0.0284   0.0241  -0.0182
  0.0207   0.0309   0.0100  -0.0133   0.0172  -0.0213
  0.0221  -0.0271   0.0109  -0.0372   0.0124   0.0356
  0.0245  -0.0110   0.0081   0.0044   0.0177   0.0143
  0.0286  -0.0298   0.0012   0.0171   0.0135   0.0823
  0.0330  -0.0506   0.0123   0.0430   0.0131   0.0550
  0.0214  -0.0339   0.0168   0.0512   0.0089  -0.0155
  0.0323  -0.0599   0.0156   0.0328   0.0041  -0.0568
  0.0214  -0.0173   0.0199  -0.0297   0.0113  -0.0549
  0.0146   0.0253   0.0179  -0.0181   0.0155  -0.0315
  0.0102  -0.0054   0.0179  -0.0895   0.0075  -0.0895
 -0.0014   0.0216   0.0019  -0.0426   0.0032  -0.0723
 -0.0113   0.0317   0.0029   0.0043  -0.0051  -0.0127
  0.0013  -0.0405  -0.0095   0.0526   0.0016   0.1225
  0.0107  -0.0731   0.0071   0.0640  -0.0081   0.1172
  0.0057  -0.0493   0.0067   0.0018  -0.0102   0.0073
 -0.0013   0.0008   0.0064  -0.0060  -0.0031  -0.0760
 -0.0006  -0.0208   0.0100  -0.0178  -0.0067  -0.0764
  0.0012   0.0112   0.0191  -0.0108  -0.0074   0.0140
