  0.1468  -0.0002  -0.0360   0.2062   0.2022   0.0599
  0.1374   0.0083  -0.0508   0.2135   0.2012   0.0767
  0.1385  -0.0401  -0.0375   0.2035   0.2187   0.0480
  0.1253  -0.0170  -0.0078   0.2521   0.2142   0.0702
  0.1593  -0.0501  -0.0348   0.2394   0.2486   0.0219
  0.1623  -0.0613  -0.0178   0.2508   0.2378   0.0186
  0.1240  -0.0457  -0.0293   0.2615   0.2152   0.0986
  0.1370  -0.0715  -0.0282   0.2363   0.2365  -0.0096
  0.1157  -0.0650  -0.0149   0.2434   0.2161   0.0794
  0.1321  -0.0502  -0.0344   0.2308   0.2338   0.0785
  0.1245  -0.0514  -0.0093   0.2407   0.2240   0.0292
  0.1136  -0.0711  -0.0389   0.2210   0.2302   0.0567
  0.1009  -0.0453  -0.0102   0.2556   0.2016   0.0679
  0.1177  -0.0603  -0.0359   0.2185   0.2157   0.0472
  0.0848  -0.0423  -0.0226   0.2449   0.1903   0.0309
  0.1060  -0.0623  -0.0257   0.2043   0.2064   0.0706
  0.0953  -0.0632  -0.0027   0.2189   0.1873   0.0179
  0.1250  -0.0681  -0.0255   0.2167   0.2090   0.0829
  0.1220  -0.0615  -0.0034   0.2290   0.2034   0.0686
  0.1342  -0.0501  -0.0300   0.2114   0.2075   0.0591
  0.1395  -0.0613  -0.0079   0.2110   0.1999   0.0318
  0.1202  -0.0559  -0.0356   0.1791   0.1812   0.0463
  0.1224  -0.0651  -0.0236   0.2034   0.1915   0.0693
  0.1032  -0.0340  -0.0138   0.1944   0.1641   0.0621
  0.1183  -0.0718  -0.0315   0.1596   0.1856   0.0691
  0.1063  -0.0503  -0.0027   0.2095   0.1617   0.0988
  0.1153  -0.0445  -0.0221   0.1758   0.1583   0.0984
  0.1243  -0.0573  -0.0074   0.2149   0.1841   0.0310
  0.1152  -0.0558   0.0055   0.2136   0.1804   0.0631
  0.1147  -0.0437  -0.0086   0.2033   0.1661   0.0397
  0.1266  -0.0737  -0.0059   0.1933   0.1712   0.0212
  0.0961  -0.0352  -0.0033   0.2249   0.1440   0.0248
  0.1317  -0.0508  -0.0114   0.2099   0.1789   0.0149
  0.0961  -0.0525  -0.0010   0.2114   0.1457   0.0504
  0.1139  -0.0457  -0.0152   0.2029   0.1744   0.0635
  0.1134  -0.0549   0.0087   0.2245   0.1710   0.0253
  0.1095  -0.0570  -0.0078   0.2143   0.1547   0.0688
  0.1379  -0.0606  -0.0044   0.1984   0.1765   0.0787
  0.1190  -0.0500   0.0240   0.2089   0.1621   0.0593
  0.1324  -0.0503   0.0181   0.1912   0.1600   0.0433
  0.1478  -0.0630   0.0164   0.1993   0.1841   0.0734
  0.1342  -0.0513   0.0298   0.1962   0.1673   0.0476
  0.1109  -0.0462   0.0083   0.1871   0.1356   0.0196
  0.1383  -0.0671   0.0152   0.1631   0.1538   0.0411
  0.1288  -0.0661   0.0328   0.1811   0.1379   0.0431
  0.1300  -0.0398   0.0208   0.1446   0.1378   0.0454
  0.1490  -0.0700   0.0082   0.1321   0.1559   0.0105
  0.1442  -0.0484   0.0342   0.1634   0.1429   0.0344
  0.1439  -0.0159   0.0390   0.0765   0.1407   0.0669
  0.1603  -0.0098   0.0335   0.0757   0.1512   0.0363
  0.1198   0.0020   0.0567   0.1144   0.1149   0.0460
  0.1122  -0.0301   0.0281   0.0782   0.1251   0.0093
  0.1296  -0.0153   0.0539   0.1113   0.1302   0.0412
  0.1225   0.0132   0.0563   0.0880   0.1495  -0.0393
  0.1478  -0.0190   0.0414   0.0952   0.1597   0.0247
  0.1228  -0.0300   0.0451   0.1377   0.1554   0.0194
  0.1362  -0.0561   0.0330   0.0657   0.1577   0.0290
  0.1400  -0.0316   0.0670   0.1108   0.1496   0.0051
  0.1333  -0.0329   0.0431   0.0786   0.1540   0.0865
  0.1322  -0.0432   0.0478   0.0980   0.1534   0.0170
  0.1073  -0.0300   0.0513   0.0910   0.1281   0.0274
  0.1230  -0.0319   0.0329   0.0889   0.1387   0.0182
  0.1364  -0.0465   0.0500   0.0887   0.1474   0.0266
  0.1209  -0.0345   0.0589   0.1051   0.1428   0.0320
  0.1185  -0.0254   0.0400   0.1087   0.1359   0.0348
  0.1357  -0.0442   0.0424   0.0644   0.1569  -0.0027
  0.1286  -0.0195   0.0622   0.1021   0.1305   0.0493
  0.1189  -0.0293   0.0437   0.0811   0.1259   0.0368
  0.1203  -0.0587   0.0501   0.0692   0.1285   0.0354
  0.1107  -0.0293   0.0539   0.1030   0.1177   0.0298
  0.1006  -0.0465   0.0380   0.1007   0.1044  -0.0092
  0.1014  -0.0457   0.0294   0.1007   0.1173   0.0089
  0.0891  -0.0304   0.0473   0.1078   0.1120   0.0350
  0.0793  -0.0247   0.0248   0.1056   0.1073   0.0103
  0.0861  -0.0470   0.0238   0.0904   0.1101   0.0258
  0.0779  -0.0345   0.0382   0.1192   0.0931   0.0635
  0.0789  -0.0224   0.0317   0.0820   0.0892   0.0028
  0.0893  -0.0529   0.0318   0.0711   0.1020   0.0201
  0.0734  -0.0425   0.0444   0.0860   0.0697   0.0566
  0.0730  -0.0250   0.0278   0.0712   0.0799   0.0401
  0.0777  -0.0239   0.0129   0.0487   0.0786   0.0196
  0.0634  -0.0093   0.0482   0.0531   0.0450   0.0081
  0.0569  -0.0039   0.0354   0.0588   0.0429   0.0480
  0.0676  -0.0215   0.0272   0.0152   0.0696  -0.0151
  0.0681  -0.0144   0.0581   0.0683   0.0567  -0.0393
  0.0856   0.0427   0.0510  -0.0441   0.0539  -0.0207
  0.0492   0.0248   0.0322  -0.0489   0.0201  -0.0402
 -0.0069   0.0508   0.0328  -0.0387  -0.0295   0.0046
  0.0196   0.0338   0.0117  -0.0656  -0.0136   0.0171
  0.0046   0.0137   0.0208  -0.0358  -0.0232  -0.0147
 -0.0253   0.0336   0.0224  -0.0311  -0.0442   0.0333
 -0.0186   0.0037   0.0045  -0.0585  -0.0428  -0.0227
 -0.0183   0.0219   0.0063  -0.0187  -0.0423  -0.0197
 -0.0319   0.0188   0.0184  -0.0245  -0.0611  -0.0189
 -0.0343   0.0361   0.0061  -0.0220  -0.0633  -0.0146
 -0.0012   0.0275   0.0245  -0.0218  -0.0374   0.0021
 -0.0368   0.0364   0.0106   0.0087  -0.0639  -0.0066
 -0.0510   0.0278  -0.0036  -0.0242  -0.0751  -0.0031
 -0.0456   0.0162  -0.0018  -0.0185  -0.0639  -0.0634
 -0.0590   0.0396   0.0176  -0.0099  -0.0913  -0.0516
 -0.0751  -0.0067  -0.0126  -0.0469  -0.0895  -0.0086
 -0.0757   0.0168   0.0110  -0.0399  -0.0951  -0.0583
 -0.0760   0.0188  -0.0001  -0.0853  -0.0962   0.0123
 -0.0471   0.0063  -0.0024  -0.0675  -0.0838  -0.0953
 -0.0773   0.0244   0.0052  -0.0436  -0.1062  -0.0658
 -0.0701   0.0225  -0.0046  -0.0715  -0.1026  -0.0336
 -0.0641  -0.0005  -0.0045  -0.0681  -0.1000  -0.0278
 -0.0766   0.0239  -0.0009  -0.0538  -0.1126  -0.0360
 -0.0827   0.0212  -0.0170  -0.0716  -0.1090   0.0109
 -0.0751   0.0046  -0.0057  -0.0551  -0.1003  -0.0414
 -0.0632   0.0367   0.0224  -0.1097  -0.0980   0.0040
 -0.0412   0.1011   0.0015  -0.2126  -0.0918  -0.0232
 -0.0737   0.1090   0.0153  -0.1831  -0.1355  -0.0760
 -0.1079   0.0743  -0.0129  -0.1685  -0.1586  -0.0147
 -0.0989   0.0575  -0.0169  -0.1718  -0.1367  -0.0502
 -0.0899   0.0442  -0.0011  -0.1690  -0.1370  -0.0574
 -0.1079   0.0568  -0.0047  -0.1293  -0.1601  -0.0195
 -0.1045   0.0361  -0.0255  -0.1676  -0.1387  -0.0407
 -0.1079   0.0147  -0.0082  -0.1568  -0.1483  -0.0346
 -0.1104   0.0610  -0.0119  -0.1443  -0.1484  -0.0477
 -0.1233   0.0519  -0.0409  -0.1551  -0.1470  -0.0370
 -0.1330   0.0267  -0.0288  -0.1715  -0.1502  -0.0455
 -0.1502   0.0485  -0.0268  -0.1198  -0.1730  -0.0151
 -0.1404   0.0365  -0.0440  -0.1518  -0.1642  -0.0446
 -0.1456   0.0105  -0.0321  -0.1828  -0.1623  -0.0394
 -0.1801   0.0523  -0.0388  -0.1738  -0.1995  -0.0528
 -0.1504   0.0477  -0.0442  -0.2119  -0.1827  -0.0197
 -0.1619   0.0220  -0.0123  -0.1888  -0.1993  -0.0778
 -0.1781   0.0541  -0.0270  -0.1560  -0.2108  -0.0275
 -0.1681   0.0316  -0.0348  -0.2034  -0.1923  -0.0396
 -0.1768   0.0328  -0.0097  -0.2032  -0.2088  -0.0306
 -0.1884   0.0617  -0.0276  -0.1935  -0.2294  -0.0630
 -0.1636   0.0366  -0.0207  -0.2255  -0.2000  -0.0176
 -0.1923   0.0464  -0.0048  -0.1838  -0.2321  -0.0627
 -0.2012   0.0341  -0.0312  -0.2151  -0.2401  -0.0303
 -0.1964   0.0209  -0.0328  -0.2367  -0.2344  -0.0755
 -0.2001   0.0320  -0.0102  -0.2268  -0.2317  -0.0637
 -0.2119   0.0457  -0.0089  -0.2182  -0.2490  -0.0742
 -0.2082   0.0498  -0.0331  -0.2283  -0.2490  -0.0246
 -0.1921   0.0430  -0.0255  -0.2466  -0.2354  -0.0464
 -0.2084   0.0402  -0.0155  -0.2377  -0.2518  -0.0416
 -0.2314   0.0566  -0.0160  -0.2548  -0.2749  -0.1165
 -0.1703   0.0766  -0.0323  -0.3567  -0.2363  -0.0387
 -0.1998   0.0964   0.0073  -0.3335  -0.2756  -0.0983
 -0.2271   0.1061  -0.0302  -0.3264  -0.2910  -0.0472
 -0.2190   0.0626  -0.0362  -0.3150  -0.2762  -0.1052
 -0.2489   0.0692  -0.0216  -0.2574  -0.3136  -0.0457
 -0.2507   0.0751  -0.0483  -0.2906  -0.3047  -0.0266
 -0.2336   0.0232  -0.0412  -0.3197  -0.2874  -0.0638
 -0.2687   0.0760  -0.0405  -0.2871  -0.3243  -0.0340
 -0.2454   0.0579  -0.0622  -0.3452  -0.2956  -0.0498
 -0.2458   0.0718  -0.0293  -0.2885  -0.3084  -0.1015
 -0.2303   0.0856  -0.0525  -0.3226  -0.2990  -0.0618
 -0.1934   0.0569  -0.0396  -0.3535  -0.2852  -0.1217
 -0.2273   0.1046  -0.0251  -0.3142  -0.3255  -0.0652
 -0.2145   0.0754  -0.0499  -0.3449  -0.2993  -0.0632
 -0.1985   0.0761  -0.0217  -0.3117  -0.2904  -0.0788
 -0.2132   0.0989  -0.0323  -0.3165  -0.3145   0.0001
 -0.2078   0.0789  -0.0534  -0.3401  -0.3002  -0.0977
 -0.2117   0.0841  -0.0449  -0.3165  -0.2957  -0.0423
 -0.2287   0.1055  -0.0498  -0.2861  -0.3037  -0.1112
 -0.2539   0.0805  -0.0679  -0.3419  -0.3243  -0.0947
