 -0.0949   0.0594  -0.2031  -0.4899  -0.0915   0.8452
 -0.1214  -0.0160  -0.1478  -0.5282  -0.1578   0.8244
 -0.1268   0.0229  -0.1492  -0.4848  -0.1484   0.8964
 -0.1259  -0.0700  -0.1677  -0.4608  -0.1498   0.7975
 -0.0260  -0.0840  -0.0589  -0.4491  -0.0809   0.8505
 -0.0330  -0.0733  -0.1052  -0.4838  -0.1007   0.7574
 -0.0627  -0.0235  -0.1158  -0.4272  -0.1189   0.8436
 -0.0593  -0.0484  -0.1324  -0.4779  -0.1154   0.7538
 -0.0387  -0.0152  -0.1126  -0.4254  -0.0814   0.8610
 -0.0359  -0.0005  -0.1176  -0.4112  -0.1056   0.7542
 -0.0608   0.0200  -0.1410  -0.4399  -0.1116   0.7633
 -0.0565  -0.0059  -0.1045  -0.3729  -0.1165   0.8061
 -0.0640  -0.0599  -0.1077  -0.4070  -0.1279   0.7384
 -0.0651  -0.0158  -0.0717  -0.3835  -0.1242   0.8315
 -0.0794  -0.0880  -0.0921  -0.3766  -0.1585   0.7451
 -0.0652  -0.0512  -0.0995  -0.3614  -0.1478   0.7985
 -0.0814  -0.1010  -0.0849  -0.3492  -0.1572   0.7210
 -0.1208  -0.0303  -0.1156  -0.3666  -0.1775   0.8187
 -0.1237  -0.0851  -0.1390  -0.3640  -0.1955   0.7352
 -0.1252  -0.0606  -0.1192  -0.4000  -0.1705   0.8420
 -0.1364  -0.0786  -0.1640  -0.3858  -0.1890   0.7010
 -0.1291  -0.0781  -0.1792  -0.4257  -0.1806   0.7698
 -0.1468  -0.0472  -0.1757  -0.3455  -0.1985   0.8461
 -0.1681  -0.0693  -0.2110  -0.3198  -0.2573   0.7226
 -0.1684  -0.0712  -0.2013  -0.3415  -0.2315   0.8083
 -0.1702  -0.0211  -0.2043  -0.3377  -0.2266   0.7953
 -0.2012  -0.0856  -0.2382  -0.3231  -0.2680   0.6982
 -0.2266  -0.0285  -0.1982  -0.2796  -0.2864   0.8016
 -0.1756  -0.0962  -0.1904  -0.3404  -0.2354   0.7419
 -0.1763  -0.0714  -0.1983  -0.2775  -0.2462   0.7633
 -0.1749  -0.0727  -0.2125  -0.3339  -0.2463   0.7584
 -0.1771   0.0033  -0.2094  -0.3189  -0.2485   0.7857
 -0.0902  -0.0985  -0.1917  -0.3495  -0.1756   0.6787
 -0.1356  -0.0821  -0.1539  -0.3405  -0.1813   0.7721
  0.0379  -0.0835   0.0096  -0.3188  -0.0144   0.6401
 -0.1139  -0.0966  -0.1011  -0.3239  -0.1318   0.6425
 -0.1003  -0.0873  -0.0746  -0.2740  -0.1260   0.7254
 -0.1249  -0.1340  -0.0955  -0.2695  -0.1613   0.6402
 -0.1396  -0.1107  -0.1049  -0.2923  -0.1645   0.7412
 -0.1408  -0.0871  -0.1100  -0.2121  -0.1690   0.6426
 -0.1180  -0.0877  -0.1121  -0.2706  -0.1274   0.7230
 -0.1289  -0.1069  -0.1339  -0.1860  -0.1475   0.6555
 -0.1476  -0.1376  -0.1445  -0.2910  -0.1509   0.6964
 -0.2026  -0.1208  -0.1832  -0.2664  -0.1670   0.8300
 -0.2172  -0.1638  -0.1947  -0.2657  -0.2037   0.6749
 -0.1840  -0.2093  -0.1728  -0.3472  -0.2054   0.6442
 -0.1980  -0.1242  -0.1898  -0.3296  -0.2126   0.7679
 -0.2131  -0.1363  -0.2043  -0.2423  -0.2309   0.6226
 -0.2195  -0.1425  -0.2020  -0.3020  -0.2306   0.7119
 -0.2363  -0.1214  -0.2329  -0.2499  -0.2989   0.6654
 -0.2225  -0.1082  -0.2227  -0.3124  -0.2593   0.6606
 -0.2270  -0.1173  -0.1984  -0.2506  -0.2609   0.7156
 -0.2034  -0.1797  -0.1873  -0.2554  -0.2398   0.6576
 -0.2000  -0.1318  -0.1605  -0.3049  -0.1916   0.7679
 -0.1478  -0.1466  -0.1884  -0.2994  -0.1749   0.6855
 -0.1840  -0.1943  -0.1535  -0.3204  -0.1997   0.6277
  0.0190  -0.2205  -0.0865  -0.4733   0.0127   0.7286
 -0.1187  -0.2052  -0.1690  -0.3609  -0.1415   0.6728
 -0.1388  -0.1876  -0.1794  -0.6906  -0.1420   0.8768
 -0.1079  -0.1930  -0.2111  -0.4310  -0.1843   0.6329
 -0.1208  -0.0948  -0.4225  -1.3647  -0.1774   1.3012
 -0.1133  -0.0608  -0.3956  -0.9777  -0.1597   0.9916
 -0.1466  -0.1654  -0.2635  -0.7546  -0.2248   0.8835
 -0.1606   0.0544  -0.2607  -0.8196  -0.2117   0.9573
 -0.1725  -0.1182  -0.2278  -0.4775  -0.2417   0.7108
 -0.1742  -0.1406  -0.2218  -0.4593  -0.2282   0.8483
 -0.1671  -0.1895  -0.2126  -0.4371  -0.2435   0.7461
 -0.1632  -0.1830  -0.2077  -0.4759  -0.2166   0.8244
 -0.1478  -0.1270  -0.2012  -0.4295  -0.2173   0.7179
 -0.1885  -0.1024  -0.2307  -0.5103  -0.2433   0.8227
 -0.1812  -0.1487  -0.1936  -0.4342  -0.2661   0.7695
 -0.2049  -0.1648  -0.2071  -0.4819  -0.2614   0.8658
 -0.1907  -0.1486  -0.1895  -0.4015  -0.2612   0.7642
 -0.1732  -0.1394  -0.1959  -0.4574  -0.2312   0.7894
 -0.1651  -0.1201  -0.1966  -0.4015  -0.2219   0.7778
 -0.1560  -0.2090  -0.1846  -0.4044  -0.2263   0.7216
 -0.1753  -0.1563  -0.1716  -0.4071  -0.2142   0.8001
 -0.1806   0.0558  -0.0915  -0.2582  -0.2180   0.4803
  0.1471   0.8327  -0.0112   1.0617   0.1516  -2.6639
  0.3814   0.0528  -0.2017   0.1115   0.3648  -0.9058
  0.1796   0.1850  -0.1534   0.0655   0.2276  -0.7248
  0.1432   0.1760  -0.1566   0.2334   0.1697  -0.7481
  0.1698   0.0043  -0.1461   0.2486   0.2051  -0.6463
  0.1686   0.0215  -0.1130   0.2599   0.2006  -0.6188
  0.1860   0.7203  -0.3285   0.3242   0.1889   0.0532
  0.1036   0.2051  -0.2742   0.3985   0.1240  -0.2641
  0.0728   0.1912  -0.2767   0.4993   0.0748  -0.4558
  0.0663   0.1161  -0.2488   0.4431   0.0847  -0.3441
 -0.0021   0.1026  -0.2528   0.5239   0.0061  -0.3760
 -0.0880   0.0613  -0.2387   0.4437  -0.0529  -0.2537
 -0.0711  -0.0065  -0.2075   0.4044  -0.0652  -0.3458
 -0.0403  -0.0565  -0.2147   0.4230  -0.0732  -0.3811
 -0.0389  -0.0194  -0.1958   0.4159  -0.0578  -0.2502
 -0.0536  -0.0216  -0.2331   0.5198  -0.1001  -0.3856
 -0.0883  -0.0417  -0.2194   0.4560  -0.0754  -0.3076
 -0.0757  -0.0351  -0.1987   0.4538  -0.0685  -0.3098
 -0.0624  -0.0831  -0.2035   0.4701  -0.0904  -0.4607
 -0.0641  -0.0948  -0.2088   0.4743  -0.0699  -0.3231
 -0.0709  -0.0341  -0.1897   0.4552  -0.0768  -0.3361
 -0.0892  -0.1233  -0.1956   0.4519  -0.0934  -0.3472
 -0.0743  -0.0681  -0.1680   0.4117  -0.0881  -0.2170
 -0.0363  -0.1014  -0.1335   0.5247  -0.0946  -0.3347
  0.0309  -0.1292  -0.0005   0.3788   0.0078  -0.3208
  0.0187  -0.0943  -0.0328   0.3892  -0.0061  -0.2666
 -0.0180  -0.0850  -0.1148   0.3960  -0.0772  -0.3717
 -0.0223  -0.0801  -0.0774   0.3796  -0.0499  -0.2516
  0.0198   0.1709  -0.0737   0.3155  -0.0324  -0.3673
  0.0403   0.4585  -0.0103   0.1304   0.0456  -0.2961
  0.0621   0.3107   0.0425   0.1959   0.0967  -0.2532
  0.0618   0.2422   0.0048   0.2551   0.0562  -0.3813
  0.0755   0.2197   0.0316   0.2135   0.0850  -0.3106
  0.0462   0.2459   0.0145   0.2578   0.0379  -0.3715
  0.1134   0.4290   0.0473   0.0235   0.1036  -0.3369
  0.0990   0.4747   0.0357   0.0078   0.1052   0.0485
  0.1221   0.3949   0.0676   0.0802   0.1078  -0.1736
  0.0990   0.4032   0.0680  -0.0136   0.1187  -0.0752
  0.1018   0.3984   0.0492   0.0732   0.0736  -0.1904
  0.0818   0.3489   0.0654  -0.0055   0.0730  -0.1708
  0.1149   0.4805   0.0644   0.0087   0.1109  -0.1180
  0.1007   0.3946   0.0621  -0.0238   0.0827  -0.1983
  0.0972   0.3807   0.0646   0.0076   0.0924  -0.1235
  0.1112   0.4410   0.0888   0.4168   0.1161  -0.4185
  0.1496   0.3285   0.1705   0.1097   0.1235  -0.1806
  0.0864   0.4159   0.1052   0.4284   0.0823  -0.4213
  0.1941   0.2992   0.1848   0.1624   0.1877  -0.2336
  0.1398   0.3115   0.0900   0.2005   0.1054  -0.3664
  0.0535   0.2105   0.0875   0.1099   0.0169  -0.2420
  0.0462   0.2692   0.0696   0.2339   0.0105  -0.2681
  0.0353   0.2245   0.0782   0.1864   0.0169  -0.2677
  0.0078   0.1972   0.0696   0.2153  -0.0154  -0.2538
 -0.0367   0.1571   0.0540   0.2531  -0.0647  -0.3723
 -0.1002   0.1534   0.0779   0.1966  -0.0563  -0.1857
 -0.1219   0.1299   0.0604   0.1762  -0.0957  -0.3325
 -0.1457   0.0744   0.0236   0.1896  -0.1195  -0.3410
 -0.1392   0.1488   0.0036   0.2167  -0.1123  -0.2722
 -0.1537   0.0986  -0.0045   0.1444  -0.1219  -0.3129
 -0.1369   0.1173   0.0253   0.2040  -0.1040  -0.3334
 -0.1353   0.1026   0.0396   0.1456  -0.0946  -0.2666
 -0.1212   0.0958   0.0092   0.1500  -0.1022  -0.3663
 -0.1354   0.0778   0.0100   0.1230  -0.1274  -0.3484
 -0.0709   0.1223   0.0589   0.1506  -0.0912  -0.2824
 -0.1180   0.0833   0.0348   0.1778  -0.1328  -0.3549
 -0.1226   0.1128   0.0037   0.1824  -0.1305  -0.2982
 -0.0550   0.2069   0.0132   0.2569  -0.2128  -0.3276
 -0.0571   0.1350   0.0672   0.2388  -0.0747  -0.2715
 -0.0411   0.1191  -0.0311   0.2960  -0.1161  -0.4739
 -0.0325   0.2514  -0.0452  -0.0415  -0.2006  -0.0924
 -0.0331   0.0600  -0.0187   0.2303  -0.1581  -0.3834
 -0.0242  -0.0010   0.1046   0.1196  -0.0232  -0.3366
  0.0216   0.0632   0.1002   0.2514  -0.0244  -0.4712
 -0.0063   0.0496   0.0758   0.1600  -0.0352  -0.3734
 -0.0483   0.0594   0.0473   0.2344  -0.0774  -0.4096
 -0.0870   0.0197   0.0444   0.1716  -0.1042  -0.4147
 -0.0866   0.0587   0.0386   0.2148  -0.0839  -0.3433
 -0.0872  -0.0179   0.0407   0.1956  -0.1029  -0.4477
 -0.0558   0.0267   0.1644   0.0912  -0.0159  -0.3089
 -0.1704   0.0203   0.0667   0.1314  -0.1491  -0.4888
 -0.0014  -0.0128   0.2499   0.0436   0.0556  -0.3507
 -0.0220   0.0022   0.1797   0.1622   0.0035  -0.4778
 -0.0149  -0.0166   0.2067   0.0801   0.0370  -0.3717
 -0.0143  -0.0001   0.1545   0.1657   0.0103  -0.4571
 -0.0406  -0.0124   0.1680   0.0753   0.0070  -0.4177
 -0.0237   0.0211   0.1625   0.1526   0.0077  -0.4266
 -0.0367  -0.0740   0.1549   0.1254  -0.0092  -0.4813
 -0.0622   0.0390   0.1430   0.0900  -0.0084  -0.3878
 -0.1369   0.2315   0.0712   0.0198  -0.0025  -0.3826
 -0.0779   0.1247   0.0504   0.2352  -0.0260  -0.6278
 -0.0694   0.2049   0.0714   0.5292  -0.0839  -0.7664
 -0.0721  -0.1337  -0.0333   0.2644  -0.1251  -0.4529
 -0.0615   0.0096   0.0243   0.3405  -0.0637  -0.3089
 -0.0031   0.0309   0.0847   0.3855  -0.0415  -0.4374
  0.0520   0.1485   0.0831   0.3135  -0.0156  -0.5554
 -0.0231   0.1065   0.0416   0.2966  -0.1066  -0.6206
 -0.0623   0.0319   0.0149   0.4055  -0.0162  -0.7803
 -0.0597   0.0229   0.0159   0.3686  -0.0641  -0.6762
  0.0704  -0.0831   0.1899   0.3769   0.0199  -0.6812
  0.0351  -0.0539   0.1676   0.3913   0.0153  -0.6222
  0.0503  -0.0824   0.1583   0.4048   0.0412  -0.6633
  0.0347  -0.1079   0.1585   0.3198   0.0360  -0.7036
  0.0435  -0.0858   0.1829   0.3614   0.0478  -0.6211
  0.0513  -0.1686   0.2086   0.3277   0.0578  -0.7092
  0.0548  -0.1199   0.1794   0.3244   0.0713  -0.6208
  0.0572  -0.1762   0.1934   0.3868   0.0519  -0.7336
  0.1058  -0.1537   0.2023   0.3189   0.1541  -0.6874
  0.0500  -0.1411   0.1767   0.2228   0.1497  -0.5561
  0.0515  -0.2303   0.1710   0.2797   0.1294  -0.7040
  0.0504  -0.1633   0.1851   0.2851   0.1329  -0.5810
  0.0556  -0.2341   0.1674   0.2925   0.1130  -0.7357
  0.3637  -0.1943   0.7157   0.1946   0.4853  -0.5714
  1.5746  -0.3860   1.0907   0.4533   1.2473  -0.8302
  0.3757  -0.3255   0.5980   0.2426   0.6133  -0.7670
  0.5081  -0.4039   0.5301   0.3212   0.5747  -0.7280
  0.7013   0.3000   0.3677  -0.4078   1.0386  -0.2658
  0.6457  -0.0280   0.5009  -0.0482   0.8678  -0.4902
  0.6604   0.0299   0.5151  -0.0652   0.8471  -0.5779
  0.6291  -0.0538   0.5299  -0.1108   0.8253  -0.5297
  0.6156  -0.0225   0.5341  -0.0626   0.8124  -0.5432
  0.6211  -0.1203   0.5411  -0.0761   0.8150  -0.5702
  0.6116  -0.0192   0.5330  -0.1177   0.8281  -0.5135
  0.6058  -0.0678   0.5348  -0.0692   0.8111  -0.6082
  0.5217  -0.0303   0.4633   0.0401   0.7077  -0.6559
  0.5475  -0.1662   0.4545   0.2153   0.6765  -0.7525
  0.5296  -0.1928   0.4770   0.1328   0.6176  -0.7278
  0.5250  -0.1681   0.4644   0.1832   0.6634  -0.6759
  0.5285  -0.2351   0.4085   0.2886   0.6695  -0.8180
  0.3053  -0.4186   0.6326   0.2431   0.4960  -0.7549
  0.2299  -0.3701   0.3975   0.2938   0.3333  -0.6799
  0.3686  -0.4645   0.1499   0.1276   0.5497  -0.6600
  0.3856  -0.2531   0.6783   0.2143   0.6309  -0.6084
  0.3070  -0.3317   0.5104   0.2841   0.3859  -0.7377
