  0.2661   0.0364   0.0341  -0.0397   0.0934   0.1140
  0.2341   0.0261   0.0313   0.0325   0.0787   0.0566
  0.2486   0.0201   0.0338   0.0352   0.0889   0.1044
  0.2534  -0.0177   0.0328   0.0100   0.0836   0.0707
  0.2506  -0.0012   0.0353   0.0434   0.0881   0.0642
  0.2542  -0.0099   0.0329   0.0110   0.0832   0.0695
  0.2329   0.0073   0.0239   0.0516   0.0736   0.0671
  0.2363  -0.0019   0.0411   0.0240   0.0883   0.0245
  0.2271  -0.0021   0.0334   0.0443   0.0885   0.0110
  0.2194   0.0013   0.0219   0.0100   0.0757   0.0971
  0.2127  -0.0009   0.0201   0.0562   0.0690   0.0710
  0.1986   0.0136   0.0130   0.0571   0.0617   0.0928
  0.2020  -0.0308   0.0158   0.0103   0.0531   0.0635
  0.1840  -0.0008   0.0107   0.0567   0.0474   0.1068
  0.1907   0.0070   0.0158   0.0587   0.0549  -0.0030
  0.1901  -0.0144   0.0124   0.0300   0.0556   0.0718
  0.2004   0.0040   0.0190   0.0534   0.0697   0.0773
  0.1878   0.0210   0.0169   0.0850   0.0607   0.0733
  0.1866  -0.0479   0.0111   0.0921   0.0655   0.0167
  0.1897  -0.0156   0.0152   0.0963   0.0737   0.0397
  0.1870  -0.0334   0.0153   0.0706   0.0558   0.0020
  0.1726  -0.0043   0.0103   0.1027   0.0567   0.0706
  0.1672  -0.0278   0.0173   0.0694   0.0617   0.0486
  0.1701  -0.0305   0.0169   0.0715   0.0625   0.0369
  0.1528   0.0022   0.0101   0.1078   0.0539   0.0232
  0.1654  -0.0412   0.0205   0.0743   0.0585  -0.0057
  0.1654  -0.0081   0.0109   0.1083   0.0568   0.0791
  0.1554  -0.0370   0.0177   0.0806   0.0628   0.0146
  0.1458  -0.0073   0.0087   0.0976   0.0615   0.0461
  0.1438  -0.0298   0.0149   0.0706   0.0601  -0.0309
  0.1476  -0.0136   0.0010   0.1008   0.0588   0.0670
  0.1415  -0.0381   0.0111   0.0706   0.0575   0.0156
  0.1314  -0.0202   0.0079   0.0916   0.0551   0.0126
  0.1305  -0.0264   0.0100   0.0691   0.0465   0.0374
  0.1160  -0.0506  -0.0032   0.0879   0.0401   0.0197
  0.1089  -0.0146  -0.0054   0.0975   0.0398  -0.0030
  0.0991  -0.0468  -0.0057   0.0547   0.0356  -0.0149
  0.0897  -0.0203  -0.0072   0.0766   0.0345   0.0276
  0.0892  -0.0270   0.0000   0.0562   0.0409   0.0334
  0.0818  -0.0386  -0.0064   0.0856   0.0330  -0.0075
  0.0620  -0.0421  -0.0042   0.0453   0.0223  -0.0024
  0.0785  -0.0547   0.0078   0.0708   0.0342   0.0327
  0.0606  -0.0259   0.0036   0.0550   0.0280   0.0800
  0.0536  -0.0509   0.0064   0.0550   0.0246  -0.0259
  0.0351  -0.0211  -0.0019   0.0675   0.0265   0.0886
  0.0417  -0.0611   0.0036   0.0410   0.0273   0.0192
  0.0360  -0.0243  -0.0008   0.0514   0.0215   0.0782
  0.0411  -0.0343   0.0018   0.0453   0.0193   0.0287
  0.0455  -0.0498   0.0018   0.0675   0.0305  -0.0166
  0.0380  -0.0270  -0.0056   0.0453   0.0146   0.0068
  0.0411  -0.0495   0.0003   0.0464   0.0160  -0.0134
  0.0384  -0.0321  -0.0014   0.0380   0.0212   0.0579
  0.0420  -0.0488   0.0009   0.0430   0.0302  -0.0011
  0.0415  -0.0420  -0.0034  -0.0079   0.0283   0.0024
  0.0315  -0.0311  -0.0020   0.0278   0.0226   0.0775
  0.0308  -0.0720   0.0023   0.0174   0.0241  -0.0430
  0.0290  -0.0142  -0.0035   0.0125   0.0260   0.0875
  0.0303  -0.0547  -0.0014  -0.0001   0.0237   0.0140
  0.0314  -0.0220  -0.0018   0.0195   0.0252   0.0708
  0.0247  -0.0430   0.0018   0.0005   0.0264   0.0355
  0.0257  -0.0464   0.0033   0.0288   0.0274  -0.0003
  0.0157  -0.0157  -0.0073  -0.0031   0.0221   0.0337
  0.0153  -0.0332   0.0018   0.0136   0.0199  -0.0083
 -0.0009  -0.0010  -0.0021   0.0111   0.0174   0.0768
  0.0225  -0.0227   0.0005  -0.0182   0.0178   0.0104
  0.0168  -0.0249   0.0076   0.0458   0.0196   0.0115
  0.0139  -0.0089  -0.0032   0.0224   0.0143   0.0072
  0.0185  -0.0169   0.0069   0.0443   0.0238   0.0066
  0.0196   0.0057   0.0068   0.0498   0.0149   0.0548
  0.0203  -0.0232   0.0067   0.0398   0.0107  -0.0361
  0.0178  -0.0025  -0.0017   0.0639   0.0121   0.0321
  0.0173  -0.0031  -0.0070   0.0389   0.0038  -0.0331
  0.0219  -0.0012   0.0013   0.0732   0.0103  -0.0030
  0.0182   0.0103  -0.0034   0.0541   0.0081   0.0380
  0.0213  -0.0242   0.0148   0.0712   0.0215  -0.0132
  0.0214   0.0015   0.0121   0.0686   0.0210   0.0520
  0.0145  -0.0118   0.0070   0.0357   0.0121  -0.0288
  0.0233  -0.0105   0.0144   0.0504   0.0189   0.0071
  0.0112   0.0162   0.0092   0.0443   0.0143   0.0179
  0.0134  -0.0099   0.0104   0.0437   0.0242   0.0152
  0.0123   0.0361   0.0124   0.0495   0.0262   0.0358
  0.0104   0.0115   0.0047   0.0150   0.0187  -0.0404
  0.0114   0.0177   0.0068   0.0523   0.0200  -0.0032
 -0.0004  -0.0008   0.0085   0.0188   0.0191   0.0005
  0.0025   0.0128   0.0094   0.0421   0.0213  -0.0412
  0.0023   0.0032   0.0052   0.0075   0.0124  -0.0209
 -0.0057   0.0205   0.0050   0.0444   0.0178   0.0049
 -0.0138   0.0189   0.0061  -0.0026   0.0122  -0.0315
 -0.0244   0.0036  -0.0044   0.0241   0.0042  -0.0331
 -0.0351   0.0301  -0.0087  -0.0189  -0.0007  -0.0129
 -0.0321   0.0047  -0.0000  -0.0009   0.0015  -0.0480
 -0.0412   0.0354  -0.0039  -0.0118   0.0051  -0.0035
 -0.0302  -0.0052  -0.0005   0.0039  -0.0020  -0.0371
 -0.0384   0.0343   0.0018  -0.0292   0.0027   0.0369
 -0.0349  -0.0031   0.0042  -0.0405  -0.0051  -0.0547
 -0.0385   0.0319   0.0028  -0.0038  -0.0058   0.0617
 -0.0355   0.0018   0.0017  -0.0265  -0.0107  -0.0695
 -0.0359   0.0116  -0.0018   0.0206  -0.0132  -0.0274
 -0.0418   0.0152  -0.0012  -0.0194  -0.0115  -0.0243
 -0.0398  -0.0013  -0.0003  -0.0072   0.0019  -0.0514
 -0.0329   0.0043   0.0081  -0.0343   0.0050   0.0312
 -0.0351  -0.0201  -0.0002  -0.0343  -0.0025  -0.0416
 -0.0504   0.0239  -0.0003  -0.0591  -0.0168   0.0073
 -0.0400  -0.0098   0.0037  -0.0728  -0.0105  -0.0276
 -0.0426   0.0245   0.0077  -0.0238  -0.0073  -0.0269
 -0.0421   0.0009   0.0074  -0.0650  -0.0033  -0.0650
 -0.0486  -0.0023   0.0101  -0.0324  -0.0106  -0.0740
 -0.0382   0.0128   0.0119  -0.0764  -0.0125  -0.0161
 -0.0427  -0.0068   0.0166  -0.0428  -0.0074  -0.0575
 -0.0581   0.0291   0.0105  -0.0792  -0.0187   0.0196
 -0.0506  -0.0105   0.0093  -0.0709  -0.0132  -0.0621
 -0.0527   0.0244   0.0159  -0.0398  -0.0138  -0.0141
 -0.0538  -0.0035   0.0107  -0.0643  -0.0180  -0.0642
 -0.0623   0.0300   0.0111  -0.0353  -0.0154  -0.0391
 -0.0500   0.0176   0.0214  -0.0954  -0.0118  -0.0522
 -0.0542   0.0187   0.0104  -0.0526  -0.0148  -0.0627
 -0.0615   0.0249   0.0043  -0.0830  -0.0226  -0.0274
 -0.0632   0.0169   0.0092  -0.0473  -0.0189  -0.0373
 -0.0577   0.0222   0.0097  -0.0937  -0.0254  -0.0428
 -0.0642   0.0014   0.0137  -0.0648  -0.0256  -0.0817
 -0.0660   0.0328   0.0108  -0.0941  -0.0231   0.0038
 -0.0693  -0.0021   0.0040  -0.0827  -0.0275  -0.0614
 -0.0759   0.0399   0.0018  -0.0709  -0.0232  -0.0038
 -0.0672   0.0104   0.0010  -0.1123  -0.0311  -0.0579
 -0.0827   0.0149  -0.0011  -0.0793  -0.0375  -0.0156
 -0.1108   0.0287  -0.0137  -0.0915  -0.0538   0.0061
 -0.1389   0.0262  -0.0142  -0.0555  -0.0797  -0.1028
 -0.1648   0.0378  -0.0290  -0.0834  -0.0812   0.0023
 -0.1820  -0.0031  -0.0280  -0.0623  -0.0938  -0.1421
 -0.2063   0.0534  -0.0391  -0.0521  -0.0920  -0.0197
 -0.2166   0.0177  -0.0304  -0.0710  -0.1035  -0.0428
 -0.2252   0.0205  -0.0350  -0.0427  -0.1025  -0.0323
 -0.2335   0.0288  -0.0325  -0.1058  -0.1022  -0.0373
 -0.2422   0.0328  -0.0342  -0.0594  -0.1126  -0.0892
 -0.2584   0.0483  -0.0404  -0.0906  -0.1238  -0.0776
 -0.2691   0.0151  -0.0383  -0.0835  -0.1194  -0.0462
 -0.2735   0.0534  -0.0446  -0.0893  -0.1210  -0.0240
 -0.2830   0.0329  -0.0372  -0.1278  -0.1260  -0.0621
 -0.3039   0.0559  -0.0453  -0.0848  -0.1399  -0.0129
 -0.3069   0.0485  -0.0502  -0.1394  -0.1411  -0.0369
 -0.3049   0.0360  -0.0435  -0.0832  -0.1439  -0.0603
 -0.3080   0.0503  -0.0499  -0.1400  -0.1469  -0.0234
 -0.3152   0.0329  -0.0489  -0.1184  -0.1472  -0.0795
 -0.3196   0.0602  -0.0519  -0.1392  -0.1399   0.0018
 -0.3163   0.0251  -0.0454  -0.1216  -0.1513  -0.1181
 -0.3205   0.0656  -0.0531  -0.1575  -0.1487  -0.0557
 -0.3114   0.0360  -0.0379  -0.1497  -0.1466  -0.0941
 -0.3116   0.0614  -0.0417  -0.1460  -0.1394  -0.0537
 -0.3224   0.0479  -0.0350  -0.1821  -0.1296  -0.0782
 -0.3233   0.0640  -0.0328  -0.1319  -0.1304  -0.0630
