  0.1262   0.1297   0.1703  -0.0677  -0.0147  -0.0046
  0.1206   0.1590   0.1661  -0.0255  -0.0256   0.0975
  0.1141   0.1286   0.1498  -0.1607  -0.0232   0.0043
  0.1088   0.1524   0.1492  -0.0416  -0.0306   0.0944
  0.1085   0.1387   0.1651  -0.1403  -0.0318  -0.0136
  0.1087   0.0816   0.1839  -0.1087  -0.0231  -0.0202
  0.1019  -0.0843   0.1311  -0.1439  -0.0698   0.0006
  0.1028   0.1301   0.1085   0.0856  -0.0563   0.0714
  0.1139   0.1892   0.1295   0.0796  -0.0555  -0.0052
  0.1134   0.1721   0.1377   0.0750  -0.0482  -0.0065
  0.1183   0.1840   0.1442   0.0768  -0.0158   0.0080
  0.1084   0.1646   0.1686   0.0934  -0.0131   0.0039
  0.0954   0.1272   0.1654   0.0547  -0.0284   0.0056
  0.0880   0.1311   0.1709   0.0845  -0.0337  -0.0012
  0.0372   0.1296   0.1886   0.2303   0.0030   0.0287
  0.0611   0.1822   0.1320  -0.1595  -0.0060  -0.0296
  0.0652   0.2284   0.0867  -0.1521   0.0023   0.0177
  0.0773   0.1816   0.1068  -0.1101  -0.0016  -0.0477
  0.0822   0.1804   0.1220  -0.0698   0.0012  -0.0592
  0.0844   0.1696   0.1254  -0.0151   0.0028  -0.0339
  0.0841   0.1741   0.1218   0.0161   0.0020  -0.0091
  0.0723   0.1508   0.1203   0.0287   0.0001   0.0201
  0.0789   0.1502   0.1184  -0.0173  -0.0018   0.0043
  0.0830   0.1443   0.1320  -0.0241  -0.0036   0.0097
  0.0850   0.1361   0.1279  -0.0079  -0.0118   0.0092
  0.0863   0.1747   0.1260  -0.0524  -0.0104  -0.0007
  0.0940   0.1722   0.1520  -0.0279  -0.0229  -0.0086
  0.0953   0.1668   0.1596  -0.0100  -0.0277  -0.0301
  0.0847   0.1703   0.1585  -0.0182  -0.0199  -0.0487
  0.0870   0.1599   0.1517  -0.0167  -0.0155  -0.0505
  0.0841   0.1923   0.1309  -0.0457  -0.0089  -0.0370
  0.0838   0.1847   0.1505   0.0007  -0.0104  -0.0430
  0.0817   0.1818   0.1448  -0.0194  -0.0177  -0.0330
  0.0745   0.1961   0.1281  -0.0900  -0.0094  -0.0511
  0.0645   0.1842   0.1213  -0.0468  -0.0095  -0.0445
  0.0667   0.2154   0.1034  -0.0356  -0.0025  -0.0273
  0.0621   0.2228   0.1032  -0.0428   0.0012  -0.0109
  0.0387   0.1109   0.0556  -0.0432  -0.0287  -0.0517
  0.0618  -0.0278   0.0821   0.0467   0.0065  -0.0301
  0.0632   0.0564   0.0767  -0.0040   0.0058  -0.0305
  0.0535   0.0835   0.0884  -0.0014  -0.0056  -0.0220
  0.0562   0.1237   0.0960  -0.0142  -0.0205  -0.0292
  0.0636   0.1269   0.0954  -0.0333  -0.0166  -0.0397
  0.0571   0.1329   0.0912  -0.0061  -0.0103  -0.0233
  0.0645   0.1365   0.0810   0.0251  -0.0031   0.0191
  0.0537   0.1147   0.0838   0.0457  -0.0121  -0.0130
  0.0622   0.1681   0.0728   0.0270  -0.0073   0.0361
  0.0564   0.1180   0.0840   0.0586  -0.0040  -0.0300
  0.0489   0.1267   0.0805   0.1046  -0.0116   0.0026
  0.0403   0.1294   0.0623   0.1277  -0.0148   0.0081
  0.0465   0.1055   0.0535   0.3110  -0.0172   0.0298
  0.0253   0.2097   0.0166   0.3591  -0.0278   0.1507
  0.0559   0.1910   0.0314   0.1171  -0.0411  -0.0399
  0.0517   0.1453   0.0395   0.2235  -0.0259  -0.0570
  0.0510   0.1313   0.0369   0.1954  -0.0178  -0.0425
  0.0420   0.1047   0.0322   0.1859  -0.0160  -0.0320
  0.0457   0.0970   0.0307   0.2175  -0.0127   0.0090
  0.0412   0.1268   0.0190   0.2560  -0.0107   0.0639
  0.0278   0.1834   0.0084   0.1868  -0.0199   0.0845
  0.0299   0.1768   0.0113   0.2022  -0.0151   0.0323
  0.0289   0.1819  -0.0016   0.1605  -0.0125  -0.0206
  0.0130   0.2138  -0.0160   0.1302  -0.0093  -0.0487
  0.0234   0.1852  -0.0104   0.1523  -0.0073  -0.0938
  0.0143   0.1766   0.0009   0.1504  -0.0150  -0.0914
  0.0190   0.1537   0.0057   0.1717  -0.0129  -0.0296
  0.0026   0.1848   0.0033   0.1667  -0.0280  -0.0093
 -0.0018   0.2246   0.0081   0.1154  -0.0328  -0.0289
  0.0109   0.2186   0.0004   0.0796  -0.0325  -0.0271
  0.0127   0.2201  -0.0019   0.1356  -0.0230  -0.0096
  0.0035   0.2050   0.0033   0.1528  -0.0192  -0.0374
  0.0125   0.2052   0.0310   0.1738  -0.0377  -0.0382
  0.0143   0.2030   0.0452   0.1472  -0.0534  -0.0399
  0.0114   0.2304   0.0452   0.1500  -0.0448  -0.0193
  0.0036   0.1556   0.0723   0.2807  -0.0439   0.0146
  0.0032   0.1788   0.0561   0.1648  -0.0518   0.0014
  0.0012   0.2168   0.0424   0.0690  -0.0512   0.0435
  0.0233   0.1807   0.0276   0.1580  -0.0422   0.0291
  0.0138   0.0457   0.0461   0.1813  -0.0152  -0.0129
  0.0109   0.0809   0.0597   0.2087  -0.0193  -0.0195
  0.0103   0.0995   0.0595   0.2341  -0.0311   0.0093
  0.0112   0.0540   0.0543   0.3026  -0.0237   0.0202
  0.0063   0.0875   0.0269   0.2253  -0.0174   0.0289
  0.0124   0.1576   0.0484   0.1420  -0.0103   0.0806
  0.0117   0.1440   0.0934   0.0364  -0.0396  -0.0025
  0.0016   0.1873   0.0838   0.1334  -0.0368  -0.0169
  0.0068   0.1757   0.0834   0.1130  -0.0317  -0.0238
 -0.0070   0.1763   0.0715   0.1107  -0.0310  -0.0366
 -0.0108   0.1501   0.0560   0.1367  -0.0291  -0.0330
 -0.0062   0.1372   0.0533   0.1329  -0.0217  -0.0178
  0.0042   0.1494  -0.0050   0.1738   0.0190  -0.0114
  0.0149   0.2408  -0.1210   0.2674   0.0435   0.0109
 -0.0170   0.2321  -0.0846   0.2364   0.0142   0.0136
 -0.0176   0.2027  -0.0620   0.2394  -0.0002  -0.0055
 -0.0286   0.1991  -0.0607   0.2138   0.0096  -0.0271
 -0.0311   0.1637  -0.0619   0.2054   0.0165  -0.0212
 -0.0205   0.1753  -0.0451   0.1222   0.0174  -0.0285
 -0.0338   0.0986  -0.0356  -0.0299  -0.0211  -0.0198
  0.0006  -0.0837  -0.0253  -0.2220  -0.0695  -0.0129
  0.0114  -0.2072   0.0273   0.2600   0.0403   0.0459
 -0.0506  -0.2441  -0.0064   0.3010   0.0300   0.0192
 -0.0544  -0.2315  -0.0112   0.3066   0.0334   0.0282
 -0.0377  -0.1920  -0.0267   0.2770   0.0399   0.0480
 -0.0290  -0.2272  -0.0082   0.2206   0.0316   0.0015
 -0.0353  -0.1926   0.0018   0.1748   0.0263   0.0007
 -0.0366  -0.1831   0.0050   0.1706   0.0198   0.0160
 -0.0285  -0.2058   0.0084   0.1848   0.0214   0.0280
 -0.0320  -0.2067   0.0027   0.2327   0.0311   0.0335
 -0.0373  -0.2031   0.0124   0.2452   0.0208   0.0214
 -0.0342  -0.2056   0.0121   0.2222   0.0160   0.0319
 -0.0372  -0.1974   0.0089   0.1772   0.0206   0.0045
 -0.0370  -0.1963  -0.0055   0.1990   0.0282   0.0080
 -0.0443  -0.2048  -0.0040   0.1625   0.0248   0.0114
 -0.0294  -0.1821  -0.0174   0.0957   0.0105   0.0131
 -0.0403  -0.1986  -0.0079   0.0998   0.0073   0.0180
 -0.0353  -0.1882  -0.0066   0.0688   0.0015   0.0325
 -0.0429  -0.1863  -0.0088   0.0946   0.0126   0.0396
 -0.0409  -0.1746  -0.0155   0.1615   0.0243   0.0405
 -0.0428  -0.2027  -0.0177   0.1405   0.0270   0.0315
 -0.0513  -0.1986  -0.0293   0.1194   0.0189   0.0276
 -0.0502  -0.1701  -0.0343   0.0742   0.0215   0.0170
 -0.0597  -0.1434  -0.0392   0.0809  -0.0013   0.0174
 -0.0404  -0.1444  -0.0517   0.0638  -0.0111   0.0158
 -0.0538  -0.1599  -0.0563   0.0829  -0.0054   0.0255
 -0.0528  -0.1634  -0.0651   0.0499   0.0063   0.0240
 -0.0678  -0.1837  -0.0772   0.0339   0.0097   0.0379
 -0.0650  -0.1550  -0.0816   0.0541  -0.0059   0.0219
 -0.0018  -0.0465  -0.0947   0.0399  -0.0208   0.0307
 -0.0114  -0.0346  -0.0919   0.0441  -0.0158  -0.0170
 -0.0255  -0.0665  -0.1000   0.0577  -0.0101  -0.0155
 -0.0483  -0.0776  -0.0923   0.1077  -0.0167   0.0653
 -0.0400  -0.1120  -0.1017  -0.0995  -0.0029  -0.0183
 -0.0449  -0.1531  -0.0998  -0.0165   0.0042  -0.0569
 -0.0382  -0.2835  -0.1014  -0.6500   0.0156  -0.0721
 -0.0376  -0.4729  -0.1426  -0.6645  -0.0770   0.0282
 -0.0310  -0.2866  -0.0999  -0.5595  -0.0565  -0.0062
 -0.0632  -0.2520  -0.1028  -0.4262  -0.0075   0.0408
 -0.0531  -0.2581  -0.1192  -0.5445  -0.0216  -0.0030
 -0.0500  -0.3328  -0.1147  -0.3738   0.0169   0.0371
 -0.0404  -0.3496  -0.0455  -0.2439   0.0201   0.0348
 -0.0330  -0.3512  -0.0546  -0.1234  -0.0069   0.0323
 -0.0643  -0.3368  -0.0851  -0.0965   0.0081   0.0425
 -0.0787  -0.2832  -0.1247  -0.1677   0.0161   0.0573
 -0.0814  -0.2765  -0.1331  -0.1802   0.0220   0.0480
 -0.0812  -0.2743  -0.1370  -0.1133   0.0291   0.0510
 -0.0863  -0.2621  -0.1376  -0.1320   0.0318   0.0438
 -0.0937  -0.2721  -0.1543  -0.1212   0.0209   0.0316
 -0.0650  -0.2415  -0.1485  -0.0755   0.0333   0.0276
 -0.0833  -0.1902  -0.1699  -0.1737   0.0147   0.0067
 -0.0856  -0.2454  -0.1730  -0.1574   0.0197  -0.0005
 -0.0731  -0.2759  -0.1646  -0.1673   0.0221  -0.0093
 -0.0765  -0.2689  -0.1602  -0.1880   0.0254  -0.0206
 -0.0880  -0.2874  -0.1652  -0.1798   0.0306   0.0110
 -0.0946  -0.1926  -0.1520  -0.1834   0.0139  -0.0023
 -0.1323  -0.0048  -0.1574  -0.1797  -0.0098  -0.0576
 -0.1053  -0.1141  -0.1546  -0.2106   0.0150  -0.0339
 -0.1225  -0.1209  -0.1250  -0.1238   0.0247  -0.0477
 -0.0946  -0.0459  -0.1229  -0.2685   0.0293  -0.0422
 -0.0878  -0.0887  -0.1157  -0.2250   0.0326  -0.0528
 -0.0884  -0.0637  -0.1153  -0.2115   0.0247  -0.0331
 -0.0711  -0.1351  -0.0963  -0.1643   0.0408  -0.0047
 -0.0786  -0.1165  -0.1098  -0.1316   0.0240  -0.0042
 -0.0991  -0.1080  -0.1076  -0.3044   0.0006  -0.0182
 -0.0914  -0.1261  -0.1481  -0.6070   0.0131  -0.0854
 -0.0887  -0.1915  -0.1687  -0.4393   0.0026  -0.0817
 -0.1244  -0.1339  -0.1545  -0.3453   0.0109   0.0118
 -0.1190  -0.2833  -0.1538  -0.4913  -0.0092  -0.0013
 -0.1319  -0.4336  -0.1536  -0.3903   0.0025   0.0709
 -0.0858  -0.2032  -0.1667  -0.4757   0.0300   0.0088
 -0.0701  -0.1408  -0.1936  -0.3294   0.0572   0.0212
 -0.0689  -0.1665  -0.1809  -0.2090   0.0522   0.0297
 -0.0209  -0.1133  -0.1630  -0.1773   0.0568   0.0108
 -0.0283  -0.1028  -0.1636  -0.2211   0.0620   0.0136
 -0.0367  -0.1156  -0.1458  -0.2100   0.0572   0.0508
 -0.0268  -0.1304  -0.1347  -0.2410   0.0625   0.0029
 -0.0381  -0.1535  -0.1262  -0.1666   0.0700  -0.0059
 -0.0316  -0.1430  -0.1274  -0.1826   0.0831  -0.0144
 -0.0324  -0.1500  -0.1303  -0.1810   0.0900  -0.0405
 -0.0256  -0.1625  -0.1243  -0.1464   0.0922  -0.0143
  0.0360  -0.1209  -0.0635  -0.0789   0.1819   0.0321
 -0.0097  -0.0483  -0.0351  -0.0287   0.0938   0.0364
