 -0.1359   0.2442   0.1984  -0.2853  -0.0444  -0.3701
 -0.1471   0.2380   0.1669  -0.1929  -0.0256  -0.3656
 -0.1531   0.1929   0.1707  -0.1746  -0.0311  -0.3577
 -0.1560   0.1889   0.1614  -0.2438  -0.0341  -0.3851
 -0.1662   0.2280   0.1386  -0.2155  -0.0412  -0.3712
 -0.1912   0.1264   0.1225  -0.1410  -0.0360  -0.3376
 -0.1477   0.0036   0.1088  -0.1559  -0.0443  -0.3426
 -0.1169  -0.0108   0.1013  -0.1648  -0.0544  -0.3266
 -0.1121   0.0116   0.0896  -0.1462  -0.0515  -0.3164
 -0.1217  -0.0113   0.1019  -0.1178  -0.0526  -0.2990
 -0.1279   0.0107   0.0974  -0.1442  -0.0604  -0.3097
 -0.1226  -0.0341   0.0840  -0.1130  -0.0621  -0.2947
 -0.1416   0.0242   0.0927  -0.1147  -0.0724  -0.2960
 -0.1134   0.0270   0.0722  -0.1151  -0.0454  -0.2699
 -0.1237  -0.0212   0.0815  -0.1042  -0.0439  -0.2841
 -0.1450  -0.0198   0.0790  -0.1311  -0.0501  -0.2813
 -0.1755   0.0009   0.0911  -0.1700  -0.0599  -0.2919
 -0.1552  -0.0185   0.0932  -0.1162  -0.0576  -0.2638
 -0.1530  -0.0434   0.0889  -0.0985  -0.0531  -0.2577
 -0.1616  -0.0325   0.0939  -0.1327  -0.0630  -0.2688
 -0.1796   0.0275   0.1109  -0.2034  -0.0729  -0.2696
 -0.1653   0.0151   0.1129  -0.1401  -0.0721  -0.2484
 -0.1511  -0.0400   0.1081  -0.0915  -0.0623  -0.2284
 -0.1610  -0.0445   0.1090  -0.0936  -0.0606  -0.2383
 -0.2003   0.0816   0.0860  -0.1102  -0.0730  -0.2772
 -0.1938   0.1657   0.0763   0.0891  -0.0369  -0.2208
 -0.2009   0.1049   0.0368   0.0885  -0.0164  -0.2515
 -0.1931   0.1365   0.0409   0.0448  -0.0367  -0.2532
 -0.1729   0.1160   0.0437   0.0148  -0.0478  -0.2291
 -0.1699   0.0708   0.0452   0.0834  -0.0488  -0.2145
 -0.1600   0.0901   0.0518  -0.0275  -0.0461  -0.2460
 -0.1781   0.1031   0.0378  -0.0250  -0.0700  -0.2338
 -0.1724   0.0870   0.0565   0.0320  -0.0679  -0.2119
 -0.1855   0.0794   0.0844   0.0216  -0.0763  -0.2150
 -0.2151   0.1739   0.0865  -0.0636  -0.0715  -0.2276
 -0.2049   0.1485   0.0884   0.0133  -0.0623  -0.2027
 -0.2091   0.1144   0.1068  -0.0119  -0.0609  -0.2044
 -0.1718   0.1124   0.0916   0.0013  -0.0541  -0.2049
 -0.1766   0.1197   0.0803  -0.0233  -0.0582  -0.2123
 -0.1763   0.1188   0.0721  -0.0346  -0.0536  -0.1912
 -0.1726   0.1080   0.0661  -0.0146  -0.0524  -0.1875
 -0.2006   0.1600   0.1046  -0.0068  -0.0517  -0.1965
 -0.1788   0.1706   0.1037   0.0413  -0.0446  -0.1913
 -0.1465   0.1769   0.0379  -0.1269  -0.0629  -0.2108
 -0.1688   0.2470  -0.0185  -0.1416  -0.0310  -0.2100
 -0.1541   0.1876   0.0051  -0.0132  -0.0293  -0.1830
 -0.1469   0.1491   0.0249  -0.1330  -0.0257  -0.2174
 -0.1702   0.1979   0.0316  -0.1004  -0.0206  -0.1850
 -0.1143   0.1998   0.0093  -0.0343  -0.0238  -0.1597
 -0.1205   0.2015   0.0244  -0.0693  -0.0409  -0.1676
 -0.1198   0.1919   0.0595  -0.0909  -0.0737  -0.1828
 -0.1065   0.1655   0.0476   0.0006  -0.0621  -0.1448
 -0.1125   0.1366   0.0467   0.0082  -0.0844  -0.1388
 -0.1186   0.1688   0.0526  -0.0523  -0.0847  -0.1639
 -0.1214   0.1821   0.0448  -0.0538  -0.0875  -0.1292
 -0.1088   0.1125   0.0315   0.0087  -0.0725  -0.1082
 -0.1041   0.0843   0.0397   0.0276  -0.0741  -0.1116
 -0.1153   0.0664   0.0470   0.0067  -0.0724  -0.1021
 -0.0995   0.0056   0.0107   0.0111  -0.0616  -0.0744
 -0.0838  -0.0621  -0.0003   0.0716  -0.0592  -0.0521
 -0.1057   0.0023  -0.0079   0.0407  -0.0468  -0.0799
 -0.1017   0.0089  -0.0141  -0.0166  -0.0471  -0.0789
 -0.0716  -0.1207  -0.0188   0.1264  -0.0515  -0.0189
 -0.0589  -0.1811  -0.0139   0.0937  -0.0533  -0.0374
 -0.0523  -0.0380  -0.0178   0.0093  -0.0531  -0.0512
 -0.0397  -0.0129  -0.0661   0.0395  -0.0580  -0.0375
 -0.0154  -0.0148  -0.0485   0.0072  -0.0344  -0.0103
 -0.0142  -0.0556  -0.0292   0.1431  -0.0222   0.0143
 -0.0240  -0.0227  -0.0269   0.0798  -0.0344  -0.0172
 -0.0380  -0.0264  -0.0087   0.0612  -0.0383  -0.0154
 -0.0235   0.0161   0.0108   0.1532  -0.0286   0.0247
 -0.0543   0.0030   0.0140   0.0812  -0.0381  -0.0161
 -0.0420   0.0335   0.0211   0.1123  -0.0313   0.0247
 -0.0422  -0.0153   0.0263   0.1499  -0.0330   0.0230
 -0.0534   0.0612   0.0245   0.0807  -0.0152   0.0084
 -0.0357   0.0087   0.0267   0.1951  -0.0281   0.0393
 -0.0340  -0.0351   0.0132   0.1102  -0.0297   0.0059
 -0.0360  -0.0163   0.0047   0.1133  -0.0241   0.0411
 -0.0372  -0.0654   0.0061   0.1603  -0.0363   0.0627
 -0.0226  -0.0955   0.0263   0.1041  -0.0667   0.0264
 -0.0093  -0.0992   0.0133   0.1192  -0.0700   0.0546
  0.0168  -0.1083   0.0396   0.0738  -0.0571   0.0610
  0.0028  -0.1355   0.0394   0.0738  -0.0489   0.0338
 -0.0015  -0.1140   0.0249   0.0249  -0.0393   0.0298
 -0.0193   0.0246   0.0492  -0.0328  -0.0118  -0.0021
  0.0209  -0.1102   0.0216   0.0700  -0.0073   0.0355
  0.0383  -0.1392   0.0032   0.1355   0.0019   0.0805
  0.0345  -0.1528   0.0019   0.1392   0.0075   0.0632
  0.0507  -0.0961  -0.0195   0.0627   0.0128   0.0489
  0.0951  -0.0116  -0.0502   0.0405  -0.0043   0.0486
  0.0285   0.1105  -0.0883   0.0472   0.0402   0.0497
  0.0237   0.0320  -0.0851  -0.0120   0.0206   0.0335
  0.0442   0.0199  -0.0978  -0.0435   0.0213   0.0337
  0.0478  -0.0139  -0.0957   0.0352   0.0237   0.0656
  0.0350  -0.0277  -0.0748   0.0211   0.0169   0.0615
  0.0389  -0.0301  -0.0755  -0.0277   0.0252   0.0570
  0.0720  -0.0491  -0.0582  -0.0125   0.0122   0.0846
  0.0643  -0.0815  -0.0286   0.0195   0.0036   0.0908
  0.0782  -0.0860  -0.0241  -0.0025   0.0056   0.0832
  0.0669  -0.0696  -0.0348  -0.0453   0.0084   0.0820
  0.0774  -0.0842  -0.0467  -0.0199   0.0170   0.1213
  0.0761  -0.0078  -0.0480  -0.0487   0.0428   0.1148
  0.0853  -0.0499  -0.0357   0.0006   0.0313   0.1017
  0.0764  -0.0519  -0.0422   0.0196   0.0297   0.0942
  0.0844  -0.0455  -0.0562   0.0039   0.0334   0.1234
  0.0829  -0.0601  -0.0586   0.0106   0.0407   0.1370
  0.0887  -0.0831  -0.0510   0.0513   0.0428   0.1411
  0.1084  -0.1157  -0.0617   0.0109   0.0415   0.1447
  0.1092  -0.1101  -0.0573  -0.0273   0.0326   0.1317
  0.1159  -0.1044  -0.0719  -0.0291   0.0434   0.1506
  0.1180  -0.1199  -0.0643   0.0597   0.0399   0.1795
  0.1067  -0.1287  -0.0564   0.0277   0.0391   0.1645
  0.0918  -0.0877  -0.0413   0.0093   0.0278   0.1588
  0.0967  -0.0702  -0.0446   0.0464   0.0257   0.1666
  0.0933  -0.0256  -0.0324   0.0783   0.0380   0.1902
  0.0961  -0.0838  -0.0258   0.0842   0.0358   0.1865
  0.1367  -0.0746  -0.0399   0.0058   0.0419   0.1716
  0.1227  -0.0299  -0.0400   0.0000   0.0307   0.1910
  0.1294  -0.0591  -0.0417   0.0817   0.0303   0.2199
  0.1339  -0.1050  -0.0366   0.0762   0.0259   0.2075
  0.1468  -0.0923  -0.0862  -0.0022   0.0236   0.1841
  0.1510  -0.1005  -0.0775   0.0880   0.0331   0.2184
  0.1267  -0.1270  -0.0617   0.0818  -0.0034   0.2362
  0.1248  -0.1032  -0.0438   0.0578   0.0040   0.1992
  0.1181  -0.0234  -0.0450   0.0251   0.0238   0.2178
  0.1288  -0.0570  -0.0452   0.0839   0.0247   0.2386
  0.1168  -0.0936  -0.0552   0.0686   0.0383   0.2218
  0.1272  -0.0887  -0.0648   0.0326   0.0335   0.2156
  0.1297  -0.0970  -0.0678   0.0268   0.0367   0.2318
  0.1360  -0.1004  -0.0721   0.0964   0.0457   0.2631
  0.1628  -0.0950  -0.0767   0.1307   0.0743   0.2507
  0.2006  -0.1589  -0.0860   0.0641   0.0827   0.2479
  0.2130  -0.1502  -0.0926   0.0511   0.0705   0.2644
  0.2040  -0.1418  -0.0809   0.1216   0.0789   0.3024
  0.2041  -0.1547  -0.0786   0.1208   0.0756   0.2831
  0.2076  -0.1353  -0.0924   0.0294   0.0737   0.2596
  0.2075  -0.1242  -0.0972   0.0007   0.0753   0.2775
  0.2202  -0.1405  -0.0963   0.0278   0.0828   0.2957
  0.2200  -0.1625  -0.1131   0.0292   0.1047   0.3049
  0.2195  -0.0749  -0.0828   0.0341   0.1104   0.2623
  0.2515  -0.0294  -0.0864   0.0080   0.1025   0.2783
  0.2462  -0.0180  -0.0766   0.1008   0.1172   0.3125
  0.2687  -0.0770  -0.0879   0.0734   0.1248   0.3018
  0.2730   0.0109  -0.0954   0.0302   0.1152   0.2826
  0.2594   0.0257  -0.0797   0.0314   0.1315   0.2980
  0.2455   0.0009  -0.0853   0.1116   0.1388   0.3257
  0.2639  -0.0723  -0.0835   0.1030   0.1487   0.3087
  0.2381  -0.0157  -0.0985  -0.0266   0.1570   0.2946
  0.2302  -0.0000  -0.0704  -0.0623   0.1687   0.3187
  0.2249  -0.0298  -0.0751  -0.0281   0.1622   0.3293
  0.2359  -0.0517  -0.0804  -0.0394   0.1473   0.3039
  0.2553   0.0269  -0.1046  -0.1206   0.1451   0.2944
  0.2337   0.0710  -0.0707  -0.0676   0.1517   0.3019
  0.2573  -0.0133  -0.0938  -0.0243   0.1627   0.3152
  0.2435  -0.0149  -0.0833  -0.0439   0.1638   0.3016
  0.2484  -0.0295  -0.0959  -0.0776   0.1705   0.3185
