 -0.0796   0.4109   0.1110   0.3606   0.0220  -0.1154
 -0.0821   0.3885   0.0949   0.3419   0.0174  -0.0947
 -0.0795   0.3891   0.0875   0.3462   0.0253  -0.1062
 -0.0714   0.4025   0.0929   0.3626   0.0317  -0.1144
 -0.0754   0.3792   0.0948   0.3494   0.0374  -0.1122
 -0.0735   0.3666   0.0941   0.3372   0.0341  -0.1024
 -0.0770   0.3386   0.0792   0.3387   0.0324  -0.0971
 -0.0712   0.3309   0.0772   0.3407   0.0346  -0.0985
 -0.0662   0.3469   0.0804   0.3310   0.0368  -0.1031
 -0.0667   0.3477   0.0750   0.3278   0.0413  -0.0929
 -0.0606   0.3376   0.0752   0.3100   0.0339  -0.1024
 -0.0593   0.3253   0.0777   0.3101   0.0446  -0.0941
 -0.0591   0.3254   0.0785   0.2949   0.0439  -0.0896
 -0.0580   0.3424   0.0767   0.2761   0.0419  -0.0763
 -0.0566   0.2960   0.0720   0.2907   0.0430  -0.0733
 -0.0535   0.2974   0.0662   0.2754   0.0416  -0.0885
 -0.0457   0.2726   0.0614   0.2714   0.0409  -0.0829
 -0.0380   0.2681   0.0584   0.2391   0.0566  -0.0803
 -0.0425   0.2776   0.0624   0.2472   0.0489  -0.1052
 -0.0361   0.2972   0.0550   0.1654   0.0569  -0.1023
 -0.0423   0.2582   0.0586   0.2129   0.0461  -0.0934
 -0.0470   0.2359   0.0592   0.2238   0.0464  -0.0873
 -0.0457   0.2353   0.0556   0.2335   0.0449  -0.0754
 -0.0473   0.2097   0.0474   0.2280   0.0408  -0.0605
 -0.0433   0.2322   0.0461   0.2361   0.0476  -0.0813
 -0.0423   0.2314   0.0483   0.2379   0.0386  -0.0805
 -0.0439   0.2374   0.0158   0.1858   0.0369  -0.0543
 -0.0552   0.2127  -0.0387   0.4768   0.0250  -0.0554
 -0.0298   0.2360   0.0457   0.1679   0.0244  -0.1013
 -0.0269   0.1111   0.0344   0.1679   0.0367  -0.1203
 -0.0304   0.1197   0.0428   0.1409   0.0353  -0.1346
 -0.0371   0.1076   0.0447   0.1985   0.0334  -0.1362
 -0.0322   0.1101   0.0486   0.1836   0.0320  -0.1283
 -0.0235   0.0515   0.0401   0.2512   0.0117  -0.0792
 -0.0226   0.0938   0.0343   0.2279   0.0255  -0.1049
 -0.0249   0.0901   0.0338   0.2068   0.0188  -0.0949
 -0.0209   0.0797   0.0292   0.1953   0.0176  -0.0969
 -0.0156   0.0725   0.0287   0.1796   0.0164  -0.0991
 -0.0250   0.0623   0.0256   0.1975   0.0223  -0.1013
 -0.0159   0.0897   0.0337   0.1531   0.0386  -0.1076
 -0.0132   0.1343   0.0342   0.1245   0.0436  -0.0876
 -0.0266   0.0795   0.0247   0.1504   0.0538  -0.0350
 -0.0126   0.1371  -0.0082   0.2337   0.0659  -0.0578
  0.0006   0.1126  -0.0006   0.1513   0.0554  -0.0795
 -0.0008   0.1080   0.0156   0.1172   0.0488  -0.0660
 -0.0009   0.1273   0.0074   0.2022   0.0554  -0.0871
 -0.0031   0.1155   0.0080   0.1874   0.0544  -0.0654
 -0.0053   0.1171  -0.0001   0.2288   0.0506  -0.0726
 -0.0014   0.1283  -0.0005   0.2236   0.0548  -0.0645
 -0.0014   0.0950  -0.0010   0.2255   0.0469  -0.0452
  0.0027   0.1281  -0.0074   0.2347   0.0602  -0.0633
  0.0045   0.1163   0.0034   0.1966   0.0532  -0.0617
  0.0055   0.1070  -0.0094   0.1876   0.0590  -0.0500
  0.0017   0.1065  -0.0148   0.2057   0.0621  -0.0513
 -0.0128   0.0084  -0.0134   0.1493   0.0411  -0.0558
 -0.0023   0.0466  -0.0113   0.1978   0.0508  -0.0643
  0.0108   0.0636  -0.0241   0.2041   0.0593  -0.0607
  0.0100   0.0678  -0.0254   0.1977   0.0599  -0.0513
  0.0188   0.0859  -0.0230   0.2310   0.0651  -0.0549
  0.0162   0.0700  -0.0213   0.2388   0.0602  -0.0496
  0.0150   0.0383  -0.0273   0.2129   0.0605  -0.0488
  0.0091   0.0128  -0.0264   0.1635   0.0663  -0.0384
  0.0080   0.0313  -0.0325   0.1496   0.0709  -0.0289
  0.0164   0.0132  -0.0337   0.1580   0.0644  -0.0340
  0.0246  -0.0058  -0.0452   0.1620   0.0638  -0.0313
  0.0275   0.0081  -0.0392   0.1313   0.0578  -0.0344
  0.0228  -0.0031  -0.0365   0.1126   0.0449  -0.0256
  0.0156  -0.0087  -0.0367   0.1061   0.0428  -0.0272
  0.0179   0.0226  -0.0306   0.0947   0.0352  -0.0459
  0.0136  -0.0117  -0.0366   0.0938   0.0348  -0.0454
  0.0123   0.0043  -0.0311   0.0632   0.0250  -0.0354
  0.0172  -0.0199  -0.0301   0.0449   0.0178  -0.0266
  0.0068  -0.0453  -0.0303   0.0461  -0.0010  -0.0242
  0.0151  -0.0254  -0.0291   0.0425  -0.0020  -0.0378
  0.0109  -0.0282  -0.0286   0.0288  -0.0045  -0.0271
  0.0053  -0.0376  -0.0236   0.0109  -0.0098  -0.0301
  0.0119  -0.0490  -0.0128   0.0150  -0.0168  -0.0247
 -0.0007  -0.0556  -0.0199   0.0167  -0.0196  -0.0190
  0.0115  -0.0392  -0.0176   0.0300  -0.0216  -0.0160
  0.0085  -0.0480  -0.0179   0.0018  -0.0214  -0.0131
  0.0186  -0.0609  -0.0145  -0.0039  -0.0349  -0.0068
  0.0120  -0.0652  -0.0150  -0.0041  -0.0397   0.0025
 -0.0016  -0.0748  -0.0177  -0.0139  -0.0423   0.0024
  0.0105  -0.0559  -0.0129  -0.0039  -0.0378  -0.0078
  0.0092  -0.0557  -0.0175  -0.0178  -0.0272   0.0066
  0.0179  -0.0581  -0.0089  -0.0246  -0.0368  -0.0000
  0.0114  -0.0775  -0.0148  -0.0203  -0.0367   0.0053
  0.0173  -0.0783  -0.0287  -0.0179  -0.0299   0.0100
  0.0154  -0.0549  -0.0174  -0.0341  -0.0218   0.0063
  0.0128  -0.0627  -0.0180  -0.0541  -0.0217   0.0018
  0.0138  -0.0761  -0.0155  -0.0630  -0.0237  -0.0000
  0.0154  -0.0818  -0.0166  -0.0740  -0.0210   0.0024
  0.0104  -0.0865  -0.0290  -0.0684  -0.0162   0.0128
  0.0044  -0.0951  -0.0305  -0.0563  -0.0076   0.0010
  0.0208  -0.1112  -0.0322  -0.0405  -0.0047  -0.0014
  0.0173  -0.0834  -0.0227  -0.0870  -0.0063   0.0035
  0.0171  -0.0987  -0.0251  -0.0799  -0.0072   0.0217
  0.0203  -0.0971  -0.0279  -0.0557  -0.0068   0.0171
  0.0204  -0.1304  -0.0366  -0.0554  -0.0045   0.0373
  0.0201  -0.1030  -0.0422  -0.0654   0.0001   0.0403
  0.0233  -0.1032  -0.0353  -0.0693   0.0035   0.0291
  0.0248  -0.0844  -0.0325  -0.0744  -0.0001   0.0383
  0.0265  -0.0646  -0.0286  -0.1198   0.0082   0.0485
  0.0248  -0.1012  -0.0308  -0.0799   0.0012   0.0437
  0.0203  -0.1365  -0.0399  -0.0736   0.0034   0.0558
  0.0239  -0.0962  -0.0306  -0.0821   0.0016   0.0446
  0.0291  -0.0912  -0.0348  -0.0849   0.0068   0.0500
  0.0265  -0.0967  -0.0358  -0.0989   0.0025   0.0540
  0.0195  -0.1195  -0.0355  -0.0986  -0.0043   0.0647
  0.0182  -0.1026  -0.0460  -0.1192  -0.0033   0.0689
  0.0217  -0.0935  -0.0368  -0.1209   0.0019   0.0673
  0.0229  -0.0809  -0.0396  -0.1392   0.0065   0.0597
  0.0249  -0.0771  -0.0316  -0.1645   0.0044   0.0475
  0.0276  -0.0921  -0.0307  -0.1679   0.0045   0.0559
  0.0264  -0.1027  -0.0351  -0.1669   0.0118   0.0670
  0.0219  -0.1138  -0.0329  -0.1740   0.0072   0.0724
  0.0250  -0.1105  -0.0360  -0.1651  -0.0055   0.0710
  0.0180  -0.1247  -0.0409  -0.1665  -0.0097   0.0728
  0.0201  -0.1008  -0.0363  -0.2143  -0.0183   0.0686
  0.0192  -0.1188  -0.0271  -0.2391  -0.0329   0.0703
  0.0163  -0.1413  -0.0241  -0.2505  -0.0320   0.0790
  0.0166  -0.1478  -0.0123  -0.2594  -0.0505   0.0691
  0.0184  -0.1693  -0.0183  -0.2532  -0.0373   0.0838
  0.0093  -0.1716  -0.0223  -0.2568  -0.0337   0.0831
  0.0110  -0.1504  -0.0181  -0.2656  -0.0461   0.0732
  0.0134  -0.1588  -0.0235  -0.2786  -0.0454   0.0755
  0.0186  -0.1629  -0.0179  -0.2920  -0.0538   0.0862
  0.0161  -0.1782  -0.0174  -0.3077  -0.0624   0.0818
  0.0195  -0.1968  -0.0127  -0.2936  -0.0619   0.0806
  0.0180  -0.2075  -0.0184  -0.2859  -0.0633   0.0920
  0.0133  -0.1965  -0.0185  -0.2901  -0.0717   0.0931
  0.0130  -0.2141  -0.0252  -0.3089  -0.0755   0.0994
  0.0212  -0.1980  -0.0091  -0.3304  -0.0776   0.0977
  0.0153  -0.2260  -0.0107  -0.3357  -0.0767   0.0873
  0.0155  -0.2395  -0.0084  -0.3260  -0.0777   0.1202
  0.0149  -0.2276  -0.0103  -0.3354  -0.0870   0.1131
  0.0119  -0.2217  -0.0136  -0.3265  -0.0915   0.1227
  0.0199  -0.2103  -0.0101  -0.3517  -0.0893   0.1175
  0.0206  -0.2126   0.0010  -0.3667  -0.0874   0.1123
  0.0229  -0.2678  -0.0058  -0.3522  -0.0949   0.1154
  0.0247  -0.2254   0.0007  -0.3741  -0.0935   0.1343
  0.0286  -0.2255   0.0055  -0.3874  -0.0874   0.1217
  0.0261  -0.2335  -0.0029  -0.3919  -0.0880   0.1298
  0.0267  -0.2297  -0.0101  -0.3889  -0.0841   0.1312
  0.0307  -0.2275  -0.0122  -0.3773  -0.0806   0.1324
  0.0354  -0.2244  -0.0113  -0.3948  -0.0797   0.1362
  0.0354  -0.2198  -0.0139  -0.3978  -0.0731   0.1461
  0.0429  -0.2319  -0.0032  -0.4051  -0.0787   0.1440
  0.0384  -0.2644  -0.0114  -0.3960  -0.0795   0.1416
  0.0349  -0.2607  -0.0105  -0.4080  -0.0772   0.1639
  0.0384  -0.2479  -0.0178  -0.3849  -0.0763   0.1604
  0.0452  -0.2404  -0.0133  -0.3892  -0.0748   0.1546
  0.0447  -0.2518  -0.0187  -0.4017  -0.0647   0.1586
  0.0410  -0.2145  -0.0119  -0.4339  -0.0763   0.1633
  0.0401  -0.2683  -0.0040  -0.4289  -0.0766   0.1597
  0.0407  -0.3223  -0.0186  -0.4040  -0.0707   0.1781
