  0.0105   0.6867   0.3147  -1.4578   0.2440   0.6845
  0.1244   0.6866   0.2545  -1.4363   0.2078   0.5769
  0.1128   0.6325   0.2201  -1.2972   0.1990   0.5035
  0.1210   0.6186   0.2193  -1.2370   0.2009   0.4686
  0.1305   0.6163   0.2130  -1.2012   0.1957   0.4640
  0.1277   0.6184   0.2118  -1.1686   0.1992   0.4487
  0.1234   0.6020   0.1851  -1.2002   0.1954   0.4602
  0.1082   0.5977   0.1923  -1.2060   0.2173   0.4487
  0.1019   0.5294   0.1974  -1.1564   0.2041   0.4486
  0.1020   0.5351   0.1910  -1.1470   0.2095   0.4397
  0.0958   0.5313   0.1850  -1.1325   0.2195   0.4382
  0.0968   0.5152   0.1901  -1.1145   0.2120   0.4313
  0.0898   0.4703   0.1751  -1.0701   0.1918   0.4255
  0.0785   0.3990   0.1519  -1.0998   0.1876   0.4455
  0.0658   0.3530   0.1451  -1.0837   0.2012   0.4531
  0.0761   0.3363   0.1480  -1.0110   0.1693   0.4263
  0.0608   0.3343   0.1602  -1.0148   0.1714   0.4211
  0.0492   0.3231   0.1551  -1.0079   0.1876   0.4196
  0.0467   0.3439   0.1462  -1.0202   0.1828   0.4118
  0.0397   0.2594   0.1486  -1.0436   0.1793   0.4317
  0.0450   0.2275   0.1165  -0.8533   0.1783   0.4008
  0.0608   0.2414   0.1124  -0.9690   0.1801   0.4269
  0.0526   0.2309   0.0959  -0.8869   0.1633   0.4112
  0.0535   0.2173   0.0854  -0.8488   0.1480   0.3928
  0.0451   0.2309   0.0717  -0.8651   0.1465   0.3965
  0.0459   0.2090   0.0954  -0.8111   0.1422   0.3961
  0.0363   0.2503   0.0889  -0.8875   0.1515   0.4041
  0.0318   0.2365   0.0860  -0.9069   0.1492   0.4001
  0.0288   0.1904   0.0924  -0.7932   0.1480   0.3813
  0.0288   0.1876   0.0752  -0.8108   0.1482   0.3734
  0.0102   0.1563   0.0685  -0.7848   0.1706   0.3743
  0.0076   0.1152   0.0821  -0.7767   0.1545   0.3916
  0.0240   0.1302   0.0775  -0.7662   0.1365   0.3781
  0.0190   0.1276   0.0613  -0.7468   0.1427   0.3725
  0.0145   0.1350   0.0668  -0.7416   0.1488   0.3723
  0.0059   0.1387   0.0647  -0.7287   0.1587   0.3646
  0.0160   0.0946   0.0605  -0.6675   0.1331   0.3560
  0.0083   0.0838   0.0631  -0.6151   0.1393   0.3369
 -0.0053   0.0732   0.0483  -0.6062   0.1610   0.3415
  0.0007   0.0949   0.0452  -0.6838   0.1596   0.3612
  0.0007   0.0483   0.0409  -0.5483   0.1503   0.3175
  0.0061   0.0641   0.0333  -0.5490   0.1415   0.3143
 -0.0112   0.0742   0.0338  -0.6314   0.1563   0.3360
 -0.0068   0.0799   0.0488  -0.5716   0.1684   0.3253
 -0.0135  -0.0584   0.0385  -0.2347   0.1578   0.2158
 -0.0243  -0.0129  -0.0029  -0.4092   0.1569   0.2433
 -0.0416  -0.0092   0.0104  -0.3903   0.1700   0.2327
 -0.0318  -0.0319   0.0147  -0.3438   0.1595   0.2277
 -0.0271  -0.0278   0.0100  -0.2974   0.1400   0.2043
 -0.0325  -0.0538  -0.0078  -0.4833   0.1473   0.2800
 -0.0317  -0.0485   0.0173  -0.4010   0.1510   0.2647
 -0.0276  -0.0362   0.0122  -0.3665   0.1312   0.2427
 -0.0358  -0.0297  -0.0060  -0.4541   0.1566   0.2675
 -0.0333  -0.0607   0.0042  -0.3820   0.1447   0.2652
 -0.0154  -0.0612   0.0181  -0.4047   0.1245   0.2513
 -0.0077  -0.0100   0.0099  -0.4589   0.1351   0.2464
 -0.0664  -0.0795  -0.0158  -0.3661   0.1621   0.2352
 -0.0563  -0.0699  -0.0112  -0.4331   0.1411   0.2679
 -0.0497  -0.0894  -0.0118  -0.3080   0.1280   0.2260
 -0.0442  -0.0823  -0.0251  -0.3427   0.1386   0.2421
 -0.0548  -0.0760  -0.0185  -0.3161   0.1465   0.2222
 -0.0460  -0.0974  -0.0241  -0.3372   0.1306   0.2214
 -0.0616  -0.1123  -0.0299  -0.4121   0.1270   0.2510
 -0.0566  -0.1229   0.0023  -0.1150   0.1330   0.1363
 -0.0202  -0.1054   0.0449  -0.0590   0.0954   0.1360
 -0.0243  -0.1050   0.0176  -0.1478   0.0896   0.1482
 -0.0154  -0.0912   0.0122  -0.1747   0.1112   0.1594
 -0.0057  -0.0892   0.0284  -0.1788   0.0911   0.1649
 -0.0057  -0.1111   0.0220  -0.0813   0.0858   0.1282
 -0.0016  -0.0890   0.0348  -0.1200   0.0947   0.1355
 -0.0295  -0.1125   0.0168  -0.1063   0.1052   0.1474
 -0.0254  -0.1247   0.0352  -0.0866   0.0977   0.1406
 -0.0241  -0.1124   0.0051  -0.0395   0.0884   0.1167
 -0.0350  -0.1361  -0.0143  -0.2796   0.1184   0.2000
 -0.0365  -0.1212  -0.0095  -0.2522   0.1157   0.1922
 -0.0306  -0.1345   0.0048  -0.1768   0.1008   0.1691
 -0.0297  -0.1141   0.0053  -0.0631   0.0878   0.1162
 -0.0190  -0.0995   0.0194  -0.1150   0.0806   0.1412
 -0.0102  -0.1246   0.0540  -0.1112   0.0789   0.1351
  0.0033  -0.1756   0.0401   0.0431   0.1286   0.0617
 -0.0153  -0.1803   0.0321   0.1231   0.1059   0.0502
 -0.0096  -0.1557   0.0309   0.1482   0.1085   0.0426
 -0.0042  -0.1746   0.0346   0.1758   0.0954   0.0262
 -0.0069  -0.1475   0.0151  -0.0850   0.1012   0.0782
 -0.0156  -0.0894  -0.1420   0.2161  -0.0372   0.0039
 -0.2270   0.8760  -0.2018   0.5881  -0.3277  -0.4055
 -0.1820   0.7002  -0.0581   0.3763  -0.2641  -0.3634
 -0.0630   0.3759  -0.0732   0.3893  -0.1682  -0.2254
 -0.0251   0.2894  -0.0673   0.4453  -0.1281  -0.1881
 -0.0059   0.2542  -0.0724   0.5577  -0.1538  -0.2332
 -0.0065   0.2357  -0.0791   0.4271  -0.1474  -0.1967
  0.0103   0.2046  -0.0422   0.4836  -0.1647  -0.1964
  0.0069   0.2076  -0.0491   0.4328  -0.1496  -0.1886
 -0.0038   0.1643  -0.0486   0.4876  -0.1484  -0.1927
 -0.0027   0.1646  -0.0390   0.5135  -0.1528  -0.2118
 -0.0252   0.1654  -0.0512   0.4493  -0.1171  -0.2062
 -0.0056   0.1600  -0.0349   0.5488  -0.1482  -0.2197
 -0.0320   0.0222  -0.1050   0.1173  -0.1028  -0.0577
 -0.0387   0.0417  -0.0986   0.2839  -0.1106  -0.1146
 -0.0350   0.0181  -0.0896   0.3797  -0.1285  -0.1582
 -0.0328   0.0373  -0.0970   0.2584  -0.1128  -0.1176
 -0.0467  -0.0500  -0.1104  -0.1450  -0.1007   0.0487
 -0.0300  -0.0966  -0.0850   0.2479  -0.1226  -0.1069
 -0.0393  -0.0624  -0.0984   0.2112  -0.0935  -0.1118
 -0.0352  -0.0628  -0.0844   0.1193  -0.1069  -0.0512
 -0.0342  -0.0551  -0.0876   0.2377  -0.1060  -0.1200
 -0.0543  -0.0473  -0.1156   0.0434  -0.0911  -0.0507
 -0.0233  -0.0790  -0.0732   0.1897  -0.1338  -0.0918
 -0.0286  -0.0541  -0.0805   0.1405  -0.1055  -0.0928
 -0.0409  -0.0704  -0.0870   0.0625  -0.1245  -0.0392
 -0.0284   0.0610  -0.1144   0.3531  -0.1535  -0.2104
 -0.0597   0.0028  -0.1509   0.0757  -0.1074  -0.0965
 -0.0529  -0.0510  -0.1074   0.1435  -0.0903  -0.0901
 -0.0287  -0.0990  -0.1050   0.0003  -0.1302  -0.0695
 -0.0345  -0.0917  -0.1091   0.2374  -0.1125  -0.1452
 -0.0225  -0.0714  -0.0999   0.3617  -0.1070  -0.1795
  0.0004  -0.0996  -0.0710   0.5522  -0.1332  -0.2444
 -0.0103  -0.0650  -0.0879   0.5632  -0.1159  -0.2584
 -0.0043  -0.0662  -0.0731   0.6695  -0.1177  -0.2825
  0.0066  -0.0716  -0.0689   0.7501  -0.1438  -0.3121
 -0.0018  -0.0846  -0.0734   0.6176  -0.1226  -0.2810
  0.0009  -0.0959  -0.0499   0.6718  -0.1312  -0.2926
 -0.0031  -0.0774  -0.0676   0.5328  -0.1366  -0.2732
 -0.0045  -0.1036  -0.0786   0.4075  -0.1293  -0.2225
  0.0055  -0.1137  -0.0574   0.4675  -0.1290  -0.2276
 -0.0001  -0.0992  -0.0615   0.6077  -0.1357  -0.2816
 -0.0044  -0.1003  -0.0661   0.6211  -0.1313  -0.2826
 -0.0188  -0.0442  -0.0904   0.4818  -0.1108  -0.2528
  0.0294  -0.0090   0.0908   0.8072  -0.0736  -0.3480
 -0.0120  -0.0701  -0.0399   0.4230  -0.0703  -0.2511
 -0.0009  -0.0519  -0.0105   0.5471  -0.0889  -0.2736
  0.0118  -0.0797  -0.0092   0.6448  -0.0991  -0.3227
  0.0069  -0.1108  -0.0334   0.4634  -0.0975  -0.2505
  0.0144  -0.0888  -0.0315   0.5277  -0.0958  -0.2680
  0.0249  -0.1388  -0.0037   0.7637  -0.1072  -0.3392
  0.0105  -0.0998  -0.0334   0.5220  -0.0976  -0.3056
 -0.0086  -0.2097  -0.0698   0.2769  -0.0966  -0.1857
  0.0108  -0.1886  -0.0495   0.4195  -0.1112  -0.2349
  0.0255  -0.1796  -0.0179   0.6052  -0.1273  -0.3050
 -0.0295  -0.2013  -0.0819   0.3560  -0.0692  -0.2296
 -0.0189  -0.1726  -0.0767   0.3533  -0.0929  -0.2283
 -0.0030  -0.2221  -0.0611   0.4835  -0.1024  -0.2610
 -0.0180  -0.1414  -0.0684   0.4750  -0.0947  -0.2958
  0.0107  -0.1359  -0.0520   0.4940  -0.1018  -0.2809
  0.0489  -0.1859  -0.0219   0.5950  -0.1435  -0.3011
  0.0361  -0.1484  -0.0241   0.2893  -0.1246  -0.2293
  0.0480  -0.1346  -0.0412   0.3885  -0.1203  -0.2431
  0.0554  -0.1639  -0.0241   0.6446  -0.1408  -0.3379
  0.0524  -0.1425  -0.0394   0.6317  -0.1381  -0.3409
  0.0419  -0.1623  -0.0453   0.4696  -0.1210  -0.2740
  0.0375  -0.1533  -0.0247   0.6797  -0.1222  -0.3537
  0.0129  -0.1585  -0.0637   0.6226  -0.0965  -0.3410
  0.0150  -0.1735  -0.0536   0.3439  -0.1267  -0.2574
  0.0264  -0.1787  -0.0287   0.6291  -0.1204  -0.3443
  0.0160  -0.1687  -0.0396   0.5931  -0.1109  -0.3253
  0.0117  -0.1619  -0.0336   0.6318  -0.1140  -0.3217
  0.0151  -0.1924  -0.0287   0.7015  -0.1358  -0.3614
  0.0013  -0.1653  -0.0444   0.6549  -0.1059  -0.3761
  0.0120  -0.1957  -0.0145   0.8036  -0.1277  -0.3918
  0.0289  -0.2294  -0.0111   0.8608  -0.1477  -0.4233
  0.0228  -0.1817  -0.0344   0.6833  -0.1342  -0.3944
  0.0285  -0.1697  -0.0245   0.7288  -0.1411  -0.3738
  0.0350  -0.2154  -0.0031   0.8411  -0.1551  -0.4239
  0.0251  -0.1870  -0.0321   0.7602  -0.1316  -0.4058
  0.0263  -0.1744  -0.0269   0.8183  -0.1297  -0.4071
  0.0366  -0.1901  -0.0249   0.8939  -0.1513  -0.4330
  0.0337  -0.1546  -0.0246   0.8287  -0.1404  -0.4328
  0.0198  -0.1729  -0.0426   0.7250  -0.1226  -0.3944
  0.0339  -0.2032  -0.0248   0.9018  -0.1535  -0.4447
  0.0315  -0.1752  -0.0446   0.7433  -0.1387  -0.4029
  0.0337  -0.2142  -0.0266   0.7119  -0.1382  -0.3811
  0.0386  -0.1928  -0.0386   0.7243  -0.1469  -0.4172
  0.0292  -0.1871  -0.0469   0.7996  -0.1367  -0.4195
  0.0271  -0.2218  -0.0251   0.8546  -0.1476  -0.4206
  0.0089  -0.1914  -0.0241   0.7998  -0.1474  -0.4311
 -0.0113  -0.1809  -0.0627   0.5277  -0.1349  -0.3453
  0.0100  -0.2255  -0.0253   0.6798  -0.1354  -0.3693
  0.0206  -0.2131  -0.0054   0.8316  -0.1508  -0.4293
  0.0185  -0.2026  -0.0184   0.7831  -0.1450  -0.4119
  0.0215  -0.2096  -0.0053   0.8470  -0.1406  -0.4320
