  0.0252  -0.0992   0.0819   0.0477  -0.0421  -0.4276
  0.0203  -0.1247   0.1025   0.0735  -0.0622  -0.4214
  0.0029  -0.1191   0.1169   0.0864  -0.0753  -0.4285
 -0.0282  -0.1102   0.1259   0.0417  -0.0937  -0.4379
 -0.0473   0.0155   0.0484  -0.0714  -0.0819  -0.4439
 -0.0031   0.0107   0.0448  -0.0112  -0.0614  -0.4217
  0.0334  -0.0862  -0.0031   0.0364  -0.0169  -0.4400
 -0.0035  -0.0231  -0.0138   0.0027  -0.0260  -0.4246
  0.0227  -0.0363   0.0356   0.0028  -0.0192  -0.4286
  0.0081  -0.0664   0.0401   0.0305  -0.0320  -0.4223
 -0.0009  -0.0493   0.0498  -0.0178  -0.0444  -0.4481
 -0.0084  -0.0291   0.0432  -0.0291  -0.0330  -0.4515
 -0.0156   0.0087   0.0123  -0.0641  -0.0367  -0.4326
 -0.0045   0.0179   0.0048  -0.0220  -0.0363  -0.4191
 -0.0076   0.0170   0.0020  -0.0652  -0.0422  -0.4259
 -0.0184   0.0086  -0.0080  -0.0670  -0.0532  -0.4208
 -0.0720   0.0155   0.0162  -0.0759  -0.0867  -0.4176
 -0.0509  -0.0154   0.0238  -0.1056  -0.0841  -0.4031
 -0.0378  -0.0434   0.0285   0.0134  -0.0805  -0.3862
 -0.0299  -0.0254   0.0205  -0.0170  -0.0723  -0.3986
 -0.0458  -0.0035   0.0093  -0.0496  -0.0698  -0.3963
 -0.0238  -0.0218   0.0081  -0.0080  -0.0705  -0.3748
 -0.0290  -0.0171   0.0198  -0.0199  -0.0722  -0.4020
 -0.0574   0.0150   0.0027  -0.0558  -0.0640  -0.3973
 -0.0190   0.0022   0.0246  -0.0230  -0.0564  -0.3815
 -0.0108  -0.0154   0.0633   0.0061  -0.0510  -0.3741
 -0.0131   0.0112   0.0502  -0.0402  -0.0564  -0.3791
 -0.0217   0.0247   0.0238  -0.0393  -0.0444  -0.3761
 -0.0214   0.0049   0.0344  -0.0276  -0.0484  -0.3631
 -0.0272  -0.0356   0.0598  -0.0067  -0.0548  -0.3693
 -0.0229   0.0190   0.0385  -0.0552  -0.0442  -0.3646
 -0.0337   0.0222   0.0129  -0.0029  -0.0292  -0.3391
 -0.0214   0.0039   0.0170  -0.0336  -0.0458  -0.3386
 -0.0384   0.0125   0.0171  -0.0452  -0.0439  -0.3590
 -0.0372   0.0332   0.0045  -0.0575  -0.0359  -0.3443
 -0.0303  -0.0052   0.0429  -0.0436  -0.0403  -0.3174
 -0.0167   0.0068   0.0698  -0.0358  -0.0450  -0.3266
 -0.0320   0.0299   0.0502  -0.0538  -0.0488  -0.3303
 -0.0537   0.0388   0.0441  -0.0678  -0.0482  -0.3249
 -0.0241   0.0360   0.0118  -0.0417  -0.0432  -0.3062
 -0.0251   0.0116   0.0189  -0.0288  -0.0499  -0.3093
 -0.0465   0.0360   0.0270  -0.0526  -0.0447  -0.3102
 -0.0493   0.0327   0.0313  -0.0813  -0.0511  -0.2969
 -0.0274   0.0359  -0.0013  -0.0291  -0.0399  -0.2906
 -0.0319   0.0666  -0.0185  -0.0250  -0.0311  -0.2734
 -0.0484   0.0498  -0.0013  -0.0330  -0.0399  -0.2874
 -0.0510   0.0566  -0.0058  -0.0443  -0.0276  -0.2802
 -0.0409   0.0102  -0.0000  -0.0068  -0.0225  -0.2734
 -0.0492  -0.0225   0.0394  -0.0436  -0.0394  -0.2816
 -0.0245  -0.0292   0.0550   0.0004  -0.0299  -0.2632
 -0.0278  -0.0073   0.0467  -0.0277  -0.0242  -0.2583
 -0.0139  -0.0129   0.0361   0.0212  -0.0226  -0.2185
 -0.0097  -0.0292   0.0484   0.0243  -0.0266  -0.2240
 -0.0157  -0.0033   0.0524  -0.0007  -0.0282  -0.2312
 -0.0207  -0.0150   0.0587   0.0079  -0.0297  -0.2216
 -0.0047  -0.0382   0.0642   0.0471  -0.0198  -0.1999
 -0.0145  -0.0358   0.0643   0.0129  -0.0297  -0.2150
 -0.0185  -0.0264   0.0656  -0.0061  -0.0294  -0.2094
 -0.0220  -0.0250   0.0572   0.0103  -0.0237  -0.1931
 -0.0024  -0.0528   0.0612   0.0360  -0.0259  -0.1864
 -0.0232  -0.0369   0.0720  -0.0142  -0.0316  -0.2065
 -0.0028  -0.0256   0.0534  -0.0065  -0.0238  -0.1962
  0.0017  -0.0303   0.0483   0.0152  -0.0131  -0.1701
  0.0095  -0.0373   0.0571   0.0261  -0.0139  -0.1673
 -0.0088  -0.0761   0.0471   0.0385  -0.0211  -0.1694
 -0.0032  -0.0364   0.0525  -0.0071  -0.0051  -0.1756
 -0.0091  -0.0190   0.0305   0.0034   0.0004  -0.1638
  0.0054  -0.0432   0.0361   0.0342  -0.0037  -0.1371
  0.0091  -0.0680   0.0458   0.0369  -0.0094  -0.1339
  0.0108  -0.0515   0.0519   0.0063  -0.0084  -0.1616
 -0.0090  -0.0410   0.0501   0.0100  -0.0072  -0.1420
  0.0073  -0.0481   0.0489   0.0371   0.0013  -0.1085
  0.0059  -0.0432   0.0522   0.0346   0.0042  -0.1033
  0.0046  -0.0505   0.0520   0.0554   0.0071  -0.0948
 -0.0174  -0.0226   0.0500   0.0259   0.0154  -0.1158
 -0.0034  -0.0266   0.0447   0.0210   0.0152  -0.0862
  0.0034  -0.0283   0.0325   0.0257   0.0156  -0.0772
  0.0044  -0.0204   0.0307   0.0210   0.0170  -0.0948
 -0.0134  -0.0059   0.0304  -0.0055   0.0193  -0.0910
  0.0007  -0.0042   0.0256   0.0096   0.0215  -0.0602
 -0.0024  -0.0057   0.0147   0.0185   0.0169  -0.0440
 -0.0110  -0.0379   0.0257   0.0201   0.0190  -0.0434
 -0.0237  -0.0021   0.0112   0.0011   0.0239  -0.0484
  0.0018  -0.0096   0.0043   0.0251   0.0256  -0.0218
  0.0102  -0.0115   0.0295  -0.0491   0.0258  -0.0173
 -0.0167   0.0508  -0.0025  -0.0882   0.0281  -0.0278
  0.0123   0.0384  -0.0182  -0.0086   0.0296   0.0212
  0.0010   0.0305  -0.0082  -0.0123   0.0245   0.0120
  0.0098   0.0528  -0.0084  -0.0910   0.0207   0.0042
  0.0032   0.0520  -0.0182  -0.0819   0.0251   0.0286
  0.0067   0.0494  -0.0202  -0.0818   0.0233   0.0251
  0.0142   0.0282  -0.0207  -0.0315   0.0239   0.0431
 -0.0130   0.0553  -0.0276  -0.0387   0.0211   0.0438
 -0.0145   0.0640  -0.0394  -0.0613   0.0229   0.0691
  0.0088   0.0540  -0.0448  -0.0260   0.0318   0.0768
  0.0091   0.0534  -0.0372  -0.0295   0.0273   0.0917
  0.0108   0.0366  -0.0340  -0.0238   0.0220   0.0962
 -0.0061   0.0563  -0.0358  -0.0468   0.0191   0.0802
  0.0006   0.0617  -0.0441  -0.0509   0.0214   0.0989
  0.0113   0.0477  -0.0489  -0.0357   0.0167   0.1322
  0.0026   0.0369  -0.0486  -0.0161   0.0224   0.1357
 -0.0141   0.0339  -0.0447  -0.0290   0.0183   0.1287
 -0.0112   0.0372  -0.0671  -0.0139   0.0289   0.1489
  0.0032   0.0257  -0.0737   0.0108   0.0363   0.1651
  0.0058   0.0193  -0.0756   0.0296   0.0330   0.1818
 -0.0033   0.0184  -0.0618   0.0147   0.0298   0.1675
 -0.0082   0.0514  -0.0654  -0.0367   0.0337   0.1643
 -0.0095   0.0455  -0.0554  -0.0216   0.0252   0.1883
 -0.0004   0.0308  -0.0366   0.0012   0.0195   0.1941
  0.0121   0.0186  -0.0284   0.0009   0.0220   0.2094
 -0.0025   0.0146  -0.0327  -0.0026   0.0208   0.2081
 -0.0043   0.0530  -0.0329  -0.0484   0.0220   0.1991
  0.0088   0.0432  -0.0413  -0.0176   0.0275   0.2313
  0.0051   0.0327  -0.0434   0.0061   0.0294   0.2573
  0.0197   0.0243  -0.0239  -0.0242   0.0249   0.2712
  0.0167   0.0381  -0.0581  -0.0986   0.0633   0.2683
  0.0343   0.0377  -0.0610  -0.0118   0.0573   0.2670
  0.0517   0.0317  -0.0509   0.0183   0.0477   0.3087
  0.0560   0.0188  -0.0396   0.0127   0.0431   0.3156
  0.0389   0.0380  -0.0515   0.0069   0.0431   0.3134
  0.0344   0.0518  -0.0641   0.0060   0.0550   0.3284
  0.0479   0.0357  -0.0648   0.0562   0.0569   0.3525
  0.0440   0.0243  -0.0605   0.0495   0.0531   0.3731
  0.0549   0.0104  -0.0585   0.0295   0.0484   0.3722
  0.0400   0.0170  -0.0495   0.0378   0.0424   0.3679
  0.0379   0.0296  -0.0507   0.0226   0.0483   0.3737
  0.0262   0.0235  -0.0581   0.0339   0.0467   0.3869
  0.0262  -0.0121  -0.0572   0.0553   0.0463   0.4164
  0.0531  -0.0027  -0.0331   0.0288   0.0525   0.3973
  0.0263   0.0212  -0.0438   0.0223   0.0497   0.4010
  0.0425   0.0296  -0.0526   0.0344   0.0546   0.4328
  0.0556   0.0112  -0.0436   0.0302   0.0538   0.4567
  0.0502  -0.0034  -0.0461   0.0599   0.0502   0.4567
  0.0495   0.0271  -0.0507   0.0221   0.0500   0.4656
  0.0537   0.0272  -0.0481   0.0172   0.0533   0.4762
  0.0478   0.0158  -0.0467   0.0318   0.0488   0.4935
  0.0595   0.0012  -0.0407   0.0561   0.0471   0.5045
  0.0439  -0.0061  -0.0389   0.0356   0.0446   0.5061
  0.0530   0.0098  -0.0333   0.0138   0.0478   0.5059
  0.0388   0.0172  -0.0300  -0.0051   0.0501   0.5158
  0.0512   0.0136  -0.0359  -0.0013   0.0539   0.5371
  0.0475  -0.0154  -0.0270   0.0370   0.0511   0.5482
  0.0266   0.0191  -0.0366  -0.0208   0.0531   0.5277
  0.0449  -0.0002  -0.0618   0.0308   0.0578   0.5596
  0.0465  -0.0201  -0.0461   0.0384   0.0535   0.5642
  0.0356   0.0180  -0.0398   0.0090   0.0493   0.5668
  0.0208   0.0173  -0.0504   0.0118   0.0604   0.5891
  0.0241   0.0145  -0.0377   0.0176   0.0493   0.6258
  0.0087  -0.0308  -0.0792   0.1187   0.0173   0.6284
  0.0026  -0.0140  -0.0497   0.1012   0.0273   0.6145
 -0.0039  -0.0116  -0.0538   0.1142   0.0284   0.6354
 -0.0039  -0.0451  -0.0516   0.1453   0.0359   0.6676
 -0.0142  -0.0712  -0.0469   0.1422   0.0199   0.6606
 -0.0100  -0.0729  -0.0254   0.0748   0.0213   0.6502
 -0.0026  -0.0810  -0.0173   0.0623   0.0252   0.6453
  0.0078  -0.0892  -0.0035   0.0947   0.0196   0.7366
