 -0.2389  -0.1396   0.0137  -0.6675  -0.0712   0.0404
 -0.2437  -0.1381   0.0223  -0.6926  -0.0747  -0.0107
 -0.2854  -0.0497   0.0522  -0.7020  -0.0828  -0.0733
 -0.3329   0.0981   0.0933  -0.7612  -0.0868  -0.0062
 -0.3542   0.2111   0.0910  -0.8752  -0.1158  -0.1427
 -0.3627   0.1518   0.1422  -0.4939  -0.0905  -0.2229
 -0.3485   0.2165   0.1747  -0.8073  -0.0865   0.0040
 -0.3509   0.4890   0.2036  -1.3117  -0.0515  -0.1371
 -0.3600   0.7186   0.2924  -1.5406  -0.0287  -0.2408
 -0.3782   0.5280   0.2134  -1.0627  -0.0912  -0.2901
 -0.3271   0.2804   0.1501  -0.6369  -0.0847  -0.1375
 -0.3482   0.1425   0.1125  -0.5835  -0.1088  -0.1043
 -0.3484   0.1331   0.0741  -0.5690  -0.1429  -0.0834
 -0.3404   0.0522   0.0846  -0.5196  -0.1350  -0.0604
 -0.3381  -0.0291   0.0262  -0.4990  -0.1697   0.0266
 -0.3300  -0.1235   0.0164  -0.4300  -0.1681  -0.0364
 -0.3334  -0.0486   0.0101  -0.6296  -0.1336  -0.0061
 -0.3541  -0.0517   0.0490  -0.7881  -0.1403   0.0421
 -0.3309  -0.0905   0.0283  -0.7262  -0.1428  -0.0772
 -0.3359  -0.0657   0.1910  -0.7277  -0.0952  -0.0245
 -0.3563  -0.0285   0.1986  -0.6994  -0.1036   0.0100
 -0.3297  -0.0803   0.1700  -0.7560  -0.1037  -0.0453
 -0.3146  -0.8941   0.0577  -0.4548  -0.1626   0.2329
 -0.2433  -0.7060   0.0758  -0.4927  -0.1450   0.3070
 -0.2649  -0.2415   0.0181  -0.5201  -0.0607  -0.1029
 -0.2199  -0.0909  -0.0516  -0.7093  -0.0639   0.0326
 -0.2091  -0.0886   0.0232  -0.6583  -0.0797  -0.0291
 -0.2065  -0.0794   0.0545  -0.6466  -0.0663  -0.0279
 -0.2930   0.0580  -0.0288  -0.7068  -0.1154  -0.0681
 -0.2924   0.0963  -0.0267  -0.6024  -0.0899  -0.0948
 -0.2983  -0.1667  -0.0464  -0.2187  -0.0815  -0.0210
 -0.2855  -0.2309  -0.0661  -0.1603  -0.0903   0.0471
 -0.2686  -0.2563  -0.0780  -0.1772  -0.0819  -0.0274
 -0.2938  -0.1287  -0.0942  -0.2558  -0.0949   0.0011
 -0.3142  -0.1405  -0.0721  -0.3317  -0.1115   0.0648
 -0.3057  -0.1818   0.0686  -0.4991  -0.1209  -0.0316
 -0.2648  -0.2314   0.1377  -0.4526  -0.0907  -0.0030
 -0.2996  -0.1874   0.1046  -0.2412  -0.1082  -0.0481
 -0.3856   0.0422  -0.0844  -0.4000  -0.2272  -0.1971
 -0.2459  -0.1329   0.0071  -0.5143  -0.1074   0.0844
 -0.2332  -0.2995   0.0186  -0.2979  -0.1020  -0.0141
 -0.2166  -0.3865   0.0207  -0.1595  -0.0718   0.0838
 -0.2125  -0.5265   0.0322  -0.0857  -0.0821   0.1275
 -0.2392  -0.5503   0.0330  -0.0605  -0.1060   0.1312
 -0.1656  -0.6110   0.0414  -0.1361  -0.0390   0.1232
 -0.1904  -0.6375   0.0742  -0.0337  -0.0720   0.1321
 -0.1959  -0.6195   0.0992  -0.0564  -0.0664   0.1717
 -0.1776  -0.5982   0.0862  -0.0713  -0.0563   0.0715
 -0.1704  -0.5811   0.0691  -0.0834  -0.0643   0.1638
 -0.1960  -0.5278   0.0236  -0.0594  -0.0785   0.1315
 -0.2442  -0.4547  -0.0252  -0.1305  -0.1186   0.0951
 -0.2284  -0.5318  -0.0133  -0.0115  -0.1248   0.1108
 -0.2069  -0.6142  -0.0325   0.0642  -0.1235   0.1879
 -0.2132  -0.6250   0.0481   0.0350  -0.0935   0.1516
 -0.2091  -0.5374  -0.0090  -0.0068  -0.1108   0.1274
 -0.2051  -0.5506   0.0057  -0.0157  -0.1073   0.1511
 -0.1952  -0.6034   0.0042   0.0489  -0.1140   0.1464
 -0.1884  -0.6263   0.0141   0.1087  -0.1032   0.1763
 -0.1721  -0.6556   0.0354   0.1367  -0.0919   0.1747
 -0.1862  -0.5009   0.1080  -0.0795  -0.0688   0.0812
 -0.1393  -0.5955   0.0647   0.2512  -0.1132   0.0415
 -0.1190  -0.4265   0.1060   0.1243  -0.0835   0.1246
 -0.1513  -0.6238   0.1126   0.4607  -0.1024   0.1340
 -0.1686  -0.8836   0.1070   0.9422  -0.0641   0.2108
 -0.1817  -0.9036   0.1062   0.7238  -0.0942   0.3311
 -0.1831  -1.1621   0.1493   1.3123  -0.0561   0.2608
 -0.1469  -1.4095   0.1592   1.7169  -0.0226   0.4152
 -0.1491  -1.5113   0.1681   1.8256  -0.0110   0.5300
 -0.2064  -1.3634   0.1778   1.4858   0.0226   0.4166
 -0.1440   1.1895   0.3651  -2.3264   0.2576   0.0366
 -0.2145   1.0574   0.2746  -1.9767   0.0824  -0.4817
 -0.1234   0.8266   0.3496  -1.9313   0.0630  -0.2909
 -0.2259   0.6177   0.3375  -1.7887  -0.0198  -0.2381
 -0.2274   0.3472   0.2525  -1.1807  -0.0916  -0.3097
 -0.2863   0.4792   0.2016  -1.3891  -0.0340  -0.1611
 -0.2157   0.0117   0.1128  -0.4350  -0.0980  -0.2232
 -0.1951  -0.0974   0.1247  -0.2956  -0.0364  -0.0904
 -0.1959  -0.2215   0.1269  -0.2253  -0.0370  -0.0203
 -0.1492  -0.2762   0.1373  -0.2336  -0.0122   0.0473
 -0.1906  -0.2735   0.0486  -0.1913  -0.0809   0.0054
 -0.2100  -0.1804   0.1039  -0.3346  -0.0420   0.0052
 -0.1760  -0.2030   0.1411  -0.1625   0.0253  -0.0044
 -0.1450  -0.3810   0.0788   0.0548   0.0255  -0.0245
 -0.1231  -0.3991   0.0520  -0.0078   0.0111   0.0676
 -0.1441  -0.4838   0.0434   0.2024   0.0029   0.0270
 -0.1522  -0.7608   0.0109   0.7994   0.0063   0.1759
 -0.1643  -0.5783   0.0065   0.1075   0.0134   0.1998
 -0.1738  -0.7292  -0.0363   0.5405   0.0084   0.1135
 -0.1279  -0.5474  -0.0126   0.3202   0.0177   0.1445
 -0.1895  -0.1856   0.0416   0.0479   0.0425   0.0892
 -0.2141  -0.4798  -0.0208   0.4776   0.0411  -0.0283
 -0.2145  -0.3797   0.0625   0.1166   0.0151   0.1219
 -0.1582  -0.4410   0.0845   0.1420   0.0010  -0.0252
 -0.1718  -0.5490   0.0206   0.6523   0.0238   0.0172
 -0.1664  -0.4009  -0.0014   0.5157  -0.0474  -0.0132
 -0.0947  -0.3962  -0.0199   0.4219  -0.0226   0.0943
 -0.1137  -0.5797   0.0780   0.2526   0.0692   0.0762
 -0.0346   0.8334   0.4427  -2.5785   0.4134   0.0238
 -0.0707   0.6640   0.4619  -1.7212   0.2399  -0.3930
 -0.0714   0.5313   0.3871  -1.5101   0.2152  -0.2837
 -0.0549   0.4086   0.0784  -0.9415   0.1588  -0.2172
 -0.0532   0.1525  -0.2653   0.3023  -0.5420   3.5056
  0.1728   0.8774  -0.1156   0.0517  -0.0672   0.3518
  0.3083   0.3435  -0.0974   0.3969   0.1058   0.1895
  0.3283   0.2691  -0.0607   0.4975   0.1122   0.2207
  0.2787   0.1600  -0.0461   0.6077   0.0776   0.2091
  0.2830   0.0999  -0.0383   0.5890   0.0739   0.3288
  0.2560   0.2078  -0.0672   0.5403   0.0895   0.1398
  0.2641   0.2598  -0.0497   0.6102   0.0932   0.2467
  0.2595   0.0195  -0.0275   0.6749   0.0880   0.2236
  0.2523   0.0126  -0.0157   0.5909   0.0698   0.2896
  0.2499  -0.0520  -0.1051   0.7036   0.0465   0.2084
  0.1822  -0.8376  -0.2612   1.4587  -0.0622   0.6003
  0.1850  -0.6131  -0.3643   0.9417  -0.0965   0.3336
  0.0385  -0.5208  -0.1341   0.6323  -0.1072   0.3441
  0.1722  -0.1658  -0.1972   0.7154  -0.0481   0.2158
  0.2278  -0.3170  -0.2550   0.9055  -0.0603   0.3407
  0.2286  -0.3993  -0.2311   0.9710  -0.0753   0.2709
  0.1243  -0.0082  -0.0990   0.1350  -0.0779   0.1922
  0.2136   0.4715  -0.1940   0.3607  -0.0041  -0.0950
  0.3130   0.5067  -0.1304   0.2692   0.0488  -0.0364
  0.3539   0.3675  -0.0934   0.3579   0.0689   0.0020
  0.2748   0.3592  -0.1268   0.3768   0.0481  -0.0330
  0.2859   0.2511  -0.1041   0.5049   0.0118   0.0864
  0.2788   0.2398  -0.1214   0.6345   0.0263   0.0114
  0.2824   0.3314  -0.0476   0.0924   0.0495   0.0393
  0.2937   0.5193  -0.0454  -0.3141   0.0406   0.0108
  0.3306   1.0575   0.0729  -1.6552   0.1935  -0.1543
  0.2937   0.5053   0.1058  -0.7760   0.0765  -0.2118
  0.3506   0.5350   0.0719  -0.8692   0.1234  -0.1541
  0.3181   0.4338   0.0207  -0.6533   0.1411  -0.1362
  0.1975   0.5491   0.0738  -0.2981   0.1837  -0.0805
  0.1202   0.8845  -0.0196  -0.4428   0.0470  -0.2564
  0.2038   0.8240  -0.2148  -0.8394  -0.0067  -0.2674
  0.2255   0.7312  -0.1582  -0.6116  -0.0207  -0.2218
  0.2612   0.6629  -0.1082  -0.3747   0.0728  -0.2371
  0.2679   0.5415  -0.0800  -0.2107   0.0897  -0.1358
  0.2837   0.3209  -0.0981   0.2935   0.0477  -0.1610
  0.2645   0.2750  -0.1204   0.3732   0.0172  -0.0585
  0.1166  -0.7767  -0.3338   1.4122  -0.2492   0.4255
  0.0610  -0.7879  -0.2795   1.3162  -0.1911   0.0051
  0.1119  -0.1578  -0.1850   0.8458  -0.0876   0.1218
  0.1982  -0.1592  -0.2192   0.9831  -0.0720   0.0809
  0.2047  -0.2237  -0.2364   1.0511  -0.0830   0.1089
  0.2166  -0.4721  -0.1957   1.2120  -0.0750   0.1589
  0.1602  -0.0443  -0.2638   1.0396  -0.0653  -0.0327
  0.2033  -0.1165  -0.2473   0.9027  -0.0869   0.1709
  0.1984  -0.1634  -0.0979   0.7640  -0.0538   0.1654
  0.1246  -0.2138  -0.1350   1.3478  -0.0811  -0.0273
  0.2225  -0.2543  -0.1363   1.6072  -0.0417   0.1389
  0.2161  -0.3517  -0.1409   1.7016  -0.0355   0.1451
  0.2135  -0.3987  -0.1574   1.6995  -0.0429   0.2385
  0.1779  -0.4292  -0.3186   1.8063  -0.0732   0.2038
  0.2218  -0.6199  -0.2943   2.0772  -0.0561   0.3046
  0.2287  -0.7442  -0.2873   2.0523  -0.0696   0.3414
  0.2553  -0.7776  -0.2755   1.9841  -0.0595   0.3972
  0.1968  -0.8473  -0.2765   2.1429  -0.0767   0.3134
  0.2132  -0.8343  -0.2907   2.0992  -0.0856   0.4119
  0.2101  -0.7672  -0.2553   1.9141  -0.0728   0.3330
  0.1567  -0.3172  -0.1914   1.5906  -0.1095   0.2390
  0.2622  -0.6055   0.1129   1.3828  -0.0143   0.2067
  0.2249  -0.2135   0.1882   0.9592   0.0645   0.0562
 -0.0821   1.2005   0.2908  -0.7743   0.0488  -0.0247
  0.1421   0.5475   0.2120   0.2030   0.1811  -0.3031
  0.3320   0.2041   0.2149   0.1088   0.1847  -0.0390
  0.3368   0.1496   0.1848   0.1986   0.1858  -0.0604
  0.2947   0.2912   0.1805  -0.1258   0.1078  -0.0389
  0.2776   0.1188   0.1387   0.5607  -0.0028  -0.1575
  0.2985  -0.1435   0.1818   1.0377   0.0704  -0.0121
  0.2587  -0.2843   0.1403   1.1002   0.0804   0.1056
  0.2252  -0.1161   0.1343   1.0305   0.0685  -0.0896
  0.2623  -0.0977   0.1078   1.3018   0.0569   0.1164
  0.2761  -0.1068   0.0688   1.4639   0.1070   0.1100
  0.2410  -0.0944   0.0328   1.4219   0.0617   0.0850
  0.2224  -0.0730   0.0765   1.4010   0.0731  -0.0288
  0.2257   1.2201   0.1839  -1.4945   0.2798  -0.1064
  0.5046   3.9343   0.7175  -4.4061   0.8350  -0.9717
  0.4147   1.8047   0.0399  -1.7376   0.3871  -0.9566
  0.2925   1.5466   0.0153  -1.2331   0.2840  -0.6277
  0.3279   1.4573  -0.0255  -1.1257   0.2797  -0.6056
  0.3559   1.6325   0.0119  -1.5038   0.2581  -0.5377
  0.3724   2.2358  -0.1781  -2.0336   0.2681  -0.6134
  0.2860   1.7703  -0.0994  -1.5959   0.2149  -0.6231
  0.2852   1.2343  -0.1075  -0.5499   0.1712  -0.6056
  0.2773   0.8313  -0.1102   0.2248   0.1777  -0.4218
  0.2842   0.6883  -0.1422   0.4077   0.1584  -0.3134
  0.2894   0.6434  -0.1412   0.4809   0.1501  -0.2260
  0.3182   1.0686  -0.1445  -0.6580   0.2381  -0.3940
  0.3176   1.9193  -0.1271  -2.2574   0.2877  -0.4087
  0.3310   0.7817  -0.1510  -0.3729   0.1420  -0.5718
  0.3802   0.6070  -0.0593  -0.2209   0.1735  -0.2867
  0.2325   0.3831  -0.1295  -0.0321   0.1613  -0.2549
  0.1971   0.8200  -0.1860  -0.4928   0.1594  -0.2385
  0.3593   1.4822  -0.0291  -1.2186   0.1815  -0.5149
  0.5029   1.2850  -0.0145  -0.9384   0.2554  -0.5710
  0.4874   1.0689  -0.0856  -0.7600   0.2321  -0.3487
  0.5274   0.8822  -0.0558  -0.6959   0.2443  -0.3524
  0.4867   0.9531  -0.1600  -0.4623   0.2877  -0.4864
  0.4978   0.5675  -0.1540  -0.9873   0.2316  -0.2863
  0.4557   0.4096  -0.0851  -0.7470   0.2065  -0.1858
