 -0.0022   0.0001  -0.0375  -0.1323   0.0115   0.2276
 -0.0808  -0.0105   0.0213  -0.0892  -0.0244   0.1092
 -0.0648  -0.0538   0.0281  -0.1804   0.0415   0.1665
 -0.0697  -0.0503   0.0295  -0.1819   0.0417   0.1516
 -0.0610  -0.0652   0.0225  -0.2695   0.0960   0.2273
 -0.0597  -0.0443  -0.0055  -0.2652   0.0865   0.2543
 -0.0601  -0.0508  -0.0021  -0.2332   0.0695   0.1764
 -0.0554   0.0127  -0.0040  -0.2207   0.0778   0.2473
 -0.0421  -0.0236  -0.0103  -0.1910   0.0576   0.1231
 -0.0400  -0.0291  -0.0069  -0.1864   0.0495   0.2374
 -0.0281  -0.0312  -0.0050  -0.1653   0.0466   0.1625
 -0.0256  -0.0214  -0.0162  -0.1636   0.0416   0.1418
 -0.0302  -0.0128  -0.0168  -0.1448   0.0256   0.1752
 -0.0246  -0.0156  -0.0095  -0.1397   0.0240   0.1484
 -0.0146  -0.0230   0.0025  -0.1318   0.0265   0.1190
 -0.0191  -0.0134   0.0034  -0.1252   0.0174   0.1739
 -0.0096  -0.0322  -0.0048  -0.1205  -0.0059   0.1226
 -0.0189  -0.0350   0.0015  -0.1234  -0.0030   0.1295
 -0.0310  -0.0151   0.0023  -0.1053   0.0047   0.1311
 -0.0304  -0.0181  -0.0106  -0.1094   0.0022   0.0946
 -0.0323   0.0010  -0.0119  -0.0765  -0.0106   0.0979
 -0.0324   0.0016  -0.0113  -0.0737  -0.0129   0.0758
 -0.0317   0.0017  -0.0103  -0.0743   0.0040   0.1148
 -0.0324  -0.0168  -0.0048  -0.0910   0.0171   0.1021
 -0.0298  -0.0260   0.0004  -0.1064   0.0164   0.1428
 -0.0195  -0.0138  -0.0192  -0.1187   0.0149   0.1618
 -0.0209  -0.0248  -0.0222  -0.1203   0.0090   0.1102
 -0.0320  -0.0135  -0.0105  -0.0976   0.0039   0.1364
 -0.0264  -0.0010  -0.0069  -0.0946   0.0190   0.0917
 -0.0255  -0.0065  -0.0085  -0.0933   0.0256   0.0815
 -0.0242  -0.0017  -0.0011  -0.1005   0.0275   0.0861
 -0.0263   0.0072   0.0043  -0.1156   0.0285   0.1122
 -0.0196   0.0302  -0.0022  -0.1459   0.0529   0.1581
 -0.0142  -0.0239  -0.0105  -0.1344   0.0415   0.1056
 -0.0195  -0.0355  -0.0039  -0.1289   0.0324   0.1318
 -0.0137  -0.0081   0.0009  -0.1240   0.0443   0.1097
 -0.0151  -0.0157   0.0027  -0.1102   0.0428   0.0681
 -0.0111  -0.0048   0.0071  -0.0961   0.0431   0.0640
 -0.0197  -0.0139   0.0175  -0.1231   0.0591   0.1071
 -0.0073  -0.0082   0.0089  -0.1215   0.0532   0.0988
 -0.0053   0.0406   0.0102  -0.1514   0.0609   0.0352
 -0.0082   0.0070   0.0150  -0.1088   0.0520   0.0970
 -0.0040   0.0171   0.0230  -0.1135   0.0517   0.0840
  0.0011   0.0052   0.0147  -0.0992   0.0421   0.0406
  0.0024   0.0223   0.0236  -0.0858   0.0344   0.0301
  0.0013   0.0350   0.0217  -0.0910   0.0350   0.0429
  0.0029   0.0393   0.0224  -0.0764   0.0296   0.0457
  0.0150   0.0219   0.0203  -0.0696   0.0265   0.0257
  0.0193   0.0317   0.0164  -0.0588   0.0223   0.0347
  0.0195   0.0390   0.0173  -0.0531   0.0225   0.0171
  0.0227   0.0544   0.0207  -0.0335   0.0168   0.0022
  0.0198   0.0191   0.0245  -0.0356   0.0212  -0.0291
  0.0217   0.0228   0.0187  -0.0470   0.0324   0.0221
  0.0178   0.0375   0.0182  -0.0369   0.0259   0.0219
  0.0227   0.0436   0.0193  -0.0423   0.0268   0.0018
  0.0173   0.0460   0.0200  -0.0404   0.0272  -0.0169
  0.0168   0.0370   0.0166  -0.0527   0.0416  -0.0161
  0.0139   0.0446   0.0153  -0.0493   0.0427   0.0608
  0.0180   0.0371   0.0084  -0.0544   0.0383   0.0025
  0.0138   0.0197   0.0051  -0.0376   0.0289   0.0529
 -0.0025   0.0348  -0.0166  -0.0037  -0.0045   0.0347
 -0.0102  -0.0130  -0.0186  -0.0020  -0.0100   0.0103
 -0.0137   0.0002  -0.0052   0.0240  -0.0121   0.0127
 -0.0090   0.0105  -0.0087   0.0378  -0.0020  -0.0174
 -0.0058  -0.0180  -0.0057   0.0214   0.0084  -0.0192
  0.0029  -0.0152  -0.0032   0.0116   0.0076  -0.0161
  0.0145  -0.0127  -0.0012   0.0116   0.0081   0.0121
  0.0072  -0.0058   0.0028   0.0229   0.0003   0.0042
  0.0091  -0.0089  -0.0046   0.0069   0.0144  -0.0202
  0.0066  -0.0061  -0.0014  -0.0003   0.0188   0.0027
  0.0153   0.0006   0.0034   0.0042   0.0209   0.0248
  0.0165   0.0040  -0.0015   0.0006   0.0240  -0.0134
  0.0140   0.0107   0.0062   0.0120   0.0168   0.0137
  0.0223   0.0011   0.0004   0.0074   0.0239  -0.0242
  0.0414  -0.0289  -0.0177  -0.0013   0.0372   0.0021
  0.0272  -0.0070  -0.0045   0.0149   0.0251   0.0245
  0.0383  -0.0103  -0.0020   0.0066   0.0250  -0.0051
  0.0315  -0.0126  -0.0106   0.0067   0.0178   0.0012
  0.0354  -0.0378  -0.0014   0.0066   0.0298  -0.0072
  0.0294  -0.0384   0.0077   0.0183   0.0265  -0.0054
  0.0260  -0.0317   0.0085   0.0222   0.0344  -0.0130
  0.0281  -0.0176  -0.0001   0.0158   0.0382  -0.0135
  0.0225  -0.0289   0.0019   0.0137   0.0444  -0.0375
  0.0213  -0.0209  -0.0035   0.0347   0.0433  -0.0113
  0.0192  -0.0426   0.0054   0.0362   0.0442  -0.0155
  0.0128  -0.0276   0.0028   0.0319   0.0310  -0.0060
  0.0256  -0.0313   0.0080   0.0379   0.0437  -0.0043
  0.0342  -0.0459   0.0145   0.0321   0.0480  -0.0336
  0.0319  -0.0488   0.0078   0.0354   0.0397  -0.0235
  0.0272  -0.0483   0.0090   0.0448   0.0367  -0.0226
  0.0315  -0.0360   0.0110   0.0415   0.0422  -0.0231
  0.0345  -0.0468   0.0001   0.0116   0.0448  -0.0337
  0.0343  -0.0686  -0.0007   0.0313   0.0393   0.0060
  0.0319  -0.0560   0.0033   0.0380   0.0417   0.0016
  0.0318  -0.0508   0.0070   0.0303   0.0472  -0.0348
  0.0313  -0.0372   0.0041   0.0210   0.0396  -0.0404
  0.0323  -0.0483   0.0033   0.0381   0.0354  -0.0664
  0.0357  -0.0531   0.0084   0.0512   0.0288  -0.0595
  0.0358  -0.0416   0.0074   0.0324   0.0360  -0.0442
  0.0433  -0.0729   0.0015   0.0158   0.0423  -0.0412
  0.0399  -0.0889  -0.0030   0.0023   0.0382   0.0128
  0.0449  -0.0737   0.0001   0.0264   0.0322  -0.0062
  0.0428  -0.0586   0.0027   0.0443   0.0378  -0.0334
  0.0382  -0.0557   0.0036   0.0602   0.0373  -0.0193
  0.0321  -0.0372   0.0067   0.0633   0.0299  -0.0341
  0.0325  -0.0149   0.0034   0.0585   0.0401  -0.0500
  0.0294  -0.0341   0.0020   0.0515   0.0382  -0.0651
  0.0200   0.0231   0.0036   0.0469   0.0239   0.0871
  0.0256   0.0103  -0.0008   0.0577   0.0283  -0.0392
  0.0393  -0.0084  -0.0049   0.0578   0.0241   0.0473
  0.0473   0.0210   0.0030   0.0814   0.0281   0.0014
  0.0496   0.0300  -0.0175   0.0343   0.0336  -0.0928
  0.0512  -0.0041  -0.0281   0.0415   0.0314  -0.0914
  0.0366  -0.0144  -0.0320   0.0281   0.0017  -0.0143
  0.0381  -0.0148  -0.0438  -0.0012  -0.0031  -0.0309
  0.0478  -0.0307  -0.0461   0.0405  -0.0162  -0.0421
  0.0425  -0.0229  -0.0680   0.0423  -0.0362  -0.0559
  0.0382   0.0570  -0.0561   0.1340  -0.0500  -0.1425
  0.0068   0.0005  -0.0418   0.2369  -0.0931  -0.2581
  0.0205   0.0132  -0.0315   0.2109  -0.1168  -0.2467
 -0.0070   0.1239  -0.0111   0.0980  -0.1217  -0.0833
 -0.0562   0.0364  -0.0119   0.1426  -0.1577  -0.0621
 -0.0346   0.0225   0.0043   0.1390  -0.1300  -0.1475
 -0.0326   0.0620  -0.0031   0.1843  -0.1216  -0.0980
 -0.0326   0.0381  -0.0183   0.1417  -0.1119  -0.1589
 -0.0316   0.0421  -0.0129   0.1509  -0.1095  -0.1282
 -0.0283   0.0443  -0.0029   0.1607  -0.1164  -0.1391
 -0.0212   0.0369  -0.0026   0.1637  -0.1119  -0.1567
 -0.0156   0.0261   0.0002   0.1804  -0.1100  -0.1501
 -0.0088   0.0187  -0.0028   0.1646  -0.1051  -0.1520
 -0.0092   0.0150  -0.0045   0.1591  -0.1048  -0.1422
 -0.0088   0.0275  -0.0019   0.1597  -0.1009  -0.1236
 -0.0005   0.0056  -0.0039   0.1551  -0.1026  -0.1562
 -0.0040   0.0166  -0.0048   0.1697  -0.1014  -0.1523
 -0.0064   0.0151   0.0182   0.1834  -0.0958  -0.1620
 -0.0124   0.0166   0.0101   0.1445  -0.0920  -0.1419
 -0.0140   0.0031   0.0127   0.1709  -0.0998  -0.1560
 -0.0138   0.0586   0.0132   0.1447  -0.0734  -0.1137
 -0.0267   0.0383   0.0054   0.1709  -0.0968  -0.1350
 -0.0208   0.0584   0.0037   0.1555  -0.0931  -0.1149
 -0.0278   0.1012   0.0102   0.1203  -0.0688  -0.1851
 -0.0264   0.0515   0.0155   0.1535  -0.0762  -0.1733
 -0.0304   0.0561   0.0161   0.1517  -0.0813  -0.1468
 -0.0238   0.0686   0.0103   0.1386  -0.0944  -0.1299
 -0.0225   0.0741  -0.0127   0.1144  -0.0821  -0.1584
 -0.0229   0.0537   0.0010   0.1442  -0.0898  -0.1368
 -0.0181   0.0467   0.0094   0.1441  -0.0968  -0.1563
 -0.0232   0.0422   0.0126   0.1511  -0.0889  -0.1817
 -0.0285   0.0462   0.0094   0.1566  -0.0938  -0.1772
 -0.0266   0.0619   0.0159   0.1653  -0.0925  -0.1819
 -0.0182   0.0631   0.0188   0.1484  -0.0839  -0.1800
