  0.0621   0.3160   0.1485  -0.3270   0.0021   0.2224
  0.0725   0.3173   0.1511  -0.3463   0.0158   0.2214
  0.0631   0.2760   0.1596  -0.2940   0.0003   0.1461
 -0.0014   0.2759   0.1175  -0.2555  -0.0447   0.1101
 -0.0488   0.1678   0.0978  -0.1179  -0.0647   0.0639
 -0.0563   0.1571   0.0890  -0.1450  -0.0630   0.1137
 -0.0592   0.1878   0.0716  -0.2623  -0.0695   0.2442
 -0.0157   0.1522   0.0215  -0.2422  -0.0179   0.1831
  0.0148   0.2178   0.0151  -0.2934   0.0198   0.2062
  0.0420   0.2142   0.0370  -0.3018   0.0490   0.1970
  0.0727   0.1801   0.0361  -0.2474   0.0715   0.1309
  0.0670   0.1658   0.0260  -0.2416   0.0618   0.1196
  0.0771   0.1932   0.0217  -0.3058   0.0804   0.2913
  0.0948   0.1600   0.0528  -0.2706   0.0879   0.1446
  0.1157   0.1558   0.0726  -0.2997   0.1031   0.1946
  0.1007   0.1391   0.0793  -0.2742   0.0906   0.1125
  0.0892   0.1088   0.0844  -0.2149   0.0704   0.0684
  0.1156   0.1109   0.0576  -0.2701   0.1239   0.1180
  0.1291   0.1503   0.1041  -0.2890   0.1538   0.1288
  0.1474   0.1597   0.1358  -0.3370   0.1817   0.1912
  0.1425   0.1635   0.1418  -0.3190   0.1742   0.2115
  0.1008   0.1763   0.0851  -0.2760   0.1594   0.1159
  0.0824   0.1595   0.0519  -0.3194   0.1912   0.2755
  0.1464   0.1463   0.1059  -0.3099   0.2577   0.1355
  0.1579   0.2166   0.1362  -0.3560   0.2393   0.2632
  0.1263   0.1721   0.1122  -0.2630   0.1637   0.1206
  0.1244   0.2110   0.1275  -0.3397   0.1618   0.3344
  0.1249   0.1874   0.1103  -0.2679   0.1740   0.1626
  0.1207   0.2300   0.1098  -0.3151   0.1784   0.2804
  0.1328   0.2254   0.1084  -0.2361   0.1680   0.0996
  0.0384   0.2674   0.0771  -0.2609   0.1067   0.2387
 -0.0412   0.2009   0.0058  -0.2017   0.0672   0.0498
 -0.0750   0.2524  -0.0134  -0.2027   0.0215   0.1216
 -0.0962   0.2515  -0.0145  -0.1710   0.0192   0.1556
 -0.0876   0.3376   0.0575  -0.2834   0.0212   0.1898
  0.0407   0.2457   0.0550  -0.3068   0.1428   0.3482
  0.0677   0.3356   0.0794  -0.4023   0.1702   0.2776
  0.0803   0.3246   0.0854  -0.3781   0.1663   0.1716
  0.0327   0.3639   0.0773  -0.3999   0.1155   0.2654
  0.0292   0.3575   0.0594  -0.3905   0.1221   0.2344
  0.0202   0.3483   0.0621  -0.3740   0.0964   0.1870
  0.0073   0.3587   0.0547  -0.3936   0.0840   0.2723
 -0.0244   0.2795   0.0896  -0.3641  -0.0562   0.2560
 -0.0417   0.3066   0.0859  -0.3635  -0.0170   0.2941
 -0.0199   0.2793   0.0849  -0.3471  -0.0054   0.2269
 -0.0213   0.2308   0.0570  -0.2885  -0.0222   0.2264
 -0.0948   0.1980  -0.0073  -0.2167  -0.0996   0.1511
 -0.0693   0.1842   0.0114  -0.2377  -0.0658   0.2464
 -0.0657   0.1731   0.0077  -0.2505  -0.0619   0.2487
 -0.1194   0.1824  -0.0146  -0.2198  -0.1322   0.1552
 -0.1274   0.1614  -0.0283  -0.2213  -0.1475   0.2369
 -0.1109   0.1166  -0.0461  -0.1529  -0.1661   0.1141
 -0.1274   0.1480  -0.0418  -0.1997  -0.1707   0.2193
 -0.1087   0.1176  -0.0638  -0.1728  -0.1639   0.1088
 -0.1497   0.1365  -0.0524  -0.2205  -0.1905   0.2062
 -0.1350   0.0867  -0.0602  -0.1508  -0.1909   0.1038
 -0.1251   0.1172  -0.0611  -0.1726  -0.1664   0.1537
 -0.1274   0.1161  -0.0654  -0.1617  -0.1615   0.1176
 -0.1139   0.1105  -0.0559  -0.1474  -0.1388   0.0932
 -0.1229   0.1057  -0.0637  -0.1633  -0.1405   0.1478
 -0.1161   0.0815  -0.0525  -0.0976  -0.1365   0.0595
 -0.1232   0.1039  -0.0569  -0.1561  -0.1618   0.1218
 -0.1145   0.1005  -0.0621  -0.1571  -0.1459   0.1383
 -0.1144   0.0925  -0.0625  -0.1347  -0.1412   0.0822
 -0.1332   0.1064  -0.0703  -0.1354  -0.1552   0.0807
 -0.1558   0.1290  -0.0758  -0.1127  -0.1726   0.1181
 -0.1041   0.1145  -0.0550  -0.1129  -0.1238   0.1089
 -0.1228   0.0975  -0.0944  -0.0840  -0.1143   0.0344
 -0.1685   0.0850  -0.1500  -0.0255  -0.1244   0.0448
 -0.2276   0.1099  -0.1579  -0.0445  -0.1900   0.0680
 -0.1664   0.1838  -0.1527  -0.2045  -0.1383   0.1761
 -0.1659   0.1077  -0.1799  -0.1097  -0.1313   0.1167
 -0.1481   0.0225  -0.1737   0.0569  -0.1198  -0.0273
 -0.1541   0.0443  -0.2047   0.0698  -0.1369   0.0145
 -0.1435   0.0836  -0.2041   0.0202  -0.1132   0.0727
 -0.1255   0.0234  -0.2088   0.0863  -0.1285  -0.0333
 -0.1293   0.0277  -0.2059   0.0486  -0.1116   0.0583
 -0.1132   0.0028  -0.2255   0.1106  -0.1289  -0.0657
 -0.1208   0.0434  -0.2799   0.0495  -0.1080   0.0324
 -0.0821   0.0645  -0.2771   0.0522  -0.0920  -0.0364
 -0.0610   0.0492  -0.2272   0.0044  -0.0437   0.0537
 -0.0740   0.0166  -0.2375   0.0587  -0.0693  -0.0450
 -0.0823   0.0339  -0.2324   0.0202  -0.0740   0.0356
 -0.0917  -0.0252  -0.2393   0.0988  -0.0966  -0.0495
 -0.1190  -0.0077  -0.2357   0.0951  -0.1312  -0.0617
 -0.2571   0.0103  -0.2488   0.1035  -0.2616   0.0142
 -0.2383  -0.0186  -0.2349   0.1646  -0.2527  -0.0952
 -0.2817  -0.0410  -0.2363   0.1226  -0.3468  -0.0328
 -0.2882  -0.0632  -0.2180   0.1310  -0.3504  -0.0223
 -0.3156  -0.1739  -0.2197   0.3057  -0.4003  -0.2165
 -0.3800  -0.1230  -0.2046   0.2450  -0.4705  -0.0722
 -0.4401  -0.1724  -0.1477   0.3288  -0.4885  -0.1969
 -0.4303  -0.1338  -0.1645   0.1717  -0.4908  -0.0888
 -0.3704  -0.1647  -0.1684   0.2155  -0.4244   0.0217
 -0.3028  -0.1429  -0.1714   0.1627  -0.3285   0.0434
 -0.2306  -0.1604  -0.1125   0.1195  -0.2928  -0.0609
 -0.2343  -0.1570  -0.1098   0.1516  -0.2897  -0.0871
 -0.1754  -0.2030  -0.0910   0.1545  -0.2319  -0.0256
 -0.1274  -0.2254  -0.0576   0.1075  -0.2015  -0.0582
 -0.1220  -0.2340  -0.0682   0.0971  -0.1976  -0.0178
 -0.1086  -0.2189  -0.0697   0.0734  -0.1816  -0.0132
 -0.1089  -0.2222  -0.0695   0.0809  -0.1761  -0.0738
 -0.0854  -0.2017  -0.0734   0.0716  -0.1416  -0.0773
 -0.1004  -0.2069  -0.1153   0.0772  -0.1666  -0.0852
 -0.1027  -0.2107  -0.1111   0.0657  -0.1628  -0.0604
 -0.0802  -0.2863  -0.0212   0.1561  -0.1795  -0.0943
 -0.0849  -0.2628  -0.0372   0.1728  -0.1664  -0.1214
 -0.1411  -0.2512  -0.0029   0.1674  -0.2682  -0.0492
 -0.1414  -0.2943  -0.0287   0.2165  -0.2831  -0.2116
 -0.1246  -0.3039  -0.0521   0.2600  -0.2150  -0.2910
 -0.1193  -0.2262  -0.0096   0.1719  -0.2032  -0.1603
 -0.0887  -0.2955  -0.0224   0.2361  -0.1491  -0.2581
 -0.0637  -0.2854  -0.0180   0.2282  -0.1151  -0.1261
 -0.0413  -0.2362  -0.0112   0.2302  -0.0994  -0.1494
 -0.0719  -0.2171  -0.0286   0.2076  -0.1291  -0.1065
  0.0084  -0.1790  -0.0226   0.1234  -0.0022  -0.1331
  0.1001  -0.1736  -0.0024   0.1010   0.1043  -0.0934
  0.1404  -0.1948   0.0063   0.1301   0.1361  -0.1889
  0.1823  -0.1817   0.0123   0.0938   0.1675  -0.0731
  0.2068  -0.2219   0.0412   0.0879   0.1866  -0.0947
  0.2171  -0.2306   0.0789   0.1019   0.1703  -0.1000
  0.2193  -0.2072   0.0867   0.0783   0.1703  -0.0965
  0.2170  -0.2702   0.0791   0.1504   0.1630  -0.1557
  0.2122  -0.2768   0.0934   0.1252   0.1551  -0.1536
  0.2269  -0.2326   0.1205   0.1494   0.1754  -0.2344
  0.2294  -0.1760   0.1292   0.1346   0.2241  -0.0882
  0.2375  -0.1938   0.1363   0.2039   0.2222  -0.2814
  0.1636  -0.2708   0.1064   0.3465   0.1338  -0.3486
  0.1682  -0.2038   0.1888   0.3780   0.1661  -0.2812
  0.2030  -0.1341   0.1743   0.2802   0.2333  -0.1966
  0.2741  -0.0984   0.2011   0.2118   0.2677  -0.2815
  0.3247  -0.1456   0.1970   0.2073   0.3377  -0.1460
  0.3418  -0.2460   0.1809   0.3211   0.3688  -0.2463
  0.3103  -0.2036   0.1690   0.3214   0.3561  -0.2784
  0.3571  -0.2344   0.2178   0.3338   0.3930  -0.3507
  0.3997  -0.2393   0.2604   0.3248   0.4147  -0.2944
  0.4369  -0.2155   0.2384   0.3108   0.4604  -0.2978
  0.4264  -0.2809   0.2456   0.3883   0.4368  -0.4273
  0.4146  -0.2690   0.2314   0.3661   0.4463  -0.2947
  0.3695  -0.3174   0.1561   0.5505   0.3869  -0.4691
  0.3177  -0.3729   0.1551   0.6977   0.3206  -0.4676
  0.3259  -0.3014   0.1562   0.6198   0.3543  -0.3101
  0.2934  -0.3567   0.1888   0.7133   0.3251  -0.4568
  0.1815  -0.3257   0.2207   0.6869   0.2301  -0.4109
  0.1538  -0.3134   0.1377   0.5421   0.2322  -0.3202
  0.2325  -0.3219   0.1499   0.5688   0.3264  -0.3282
  0.2533  -0.3637   0.1335   0.6375   0.3367  -0.3741
  0.2272  -0.3740   0.1086   0.6991   0.3150  -0.4182
  0.2199  -0.3371   0.1045   0.6629   0.3062  -0.3588
  0.2055  -0.3268   0.1066   0.6104   0.2804  -0.3654
