  0.1267   0.4023   0.1665  -0.4529   0.0271   0.3277
  0.1635   0.3781   0.1444  -0.2696   0.0446   0.0850
  0.1661   0.3666   0.1356  -0.2090   0.0406   0.0204
  0.1561   0.3729   0.1427  -0.1974   0.0538   0.0106
  0.1440   0.3790   0.1215  -0.2263   0.0332   0.0161
  0.1384   0.3826   0.1147  -0.2103   0.0321   0.0050
  0.1326   0.3727   0.1165  -0.1989   0.0441   0.0148
  0.1338   0.3705   0.1111  -0.1981   0.0441   0.0015
  0.1244   0.3576   0.1063  -0.1732   0.0467  -0.0039
  0.1333   0.3140   0.0857  -0.1567   0.0318  -0.0144
  0.1280   0.2784   0.0867  -0.1435   0.0336  -0.0144
  0.1315   0.2418   0.0624  -0.1264   0.0434  -0.0214
  0.1188   0.1918   0.0427  -0.1265   0.0456  -0.0097
  0.1242   0.2161   0.0545  -0.1294   0.0466  -0.0038
  0.1151   0.1980   0.0467  -0.1109   0.0513  -0.0039
  0.1188   0.1475   0.0266  -0.0654   0.0593  -0.0222
  0.1122   0.1573   0.0289  -0.0892   0.0579  -0.0046
  0.1132   0.1375   0.0345  -0.0588   0.0547  -0.0214
  0.1093   0.1704   0.0397  -0.0606   0.0378  -0.0168
  0.1076   0.1509   0.0515  -0.0763   0.0123  -0.0125
  0.0949   0.1903   0.0460  -0.0969   0.0309   0.0050
  0.1009   0.1603   0.0567  -0.0678   0.0227  -0.0006
  0.0962   0.1725   0.0569  -0.0712   0.0457  -0.0017
  0.1026   0.1893   0.0501  -0.0894   0.0479  -0.0073
  0.0970   0.1804   0.0482  -0.0502   0.0469  -0.0140
  0.1012   0.1875   0.0433  -0.0706   0.0420  -0.0105
  0.0960   0.1875   0.0481  -0.0628   0.0475  -0.0108
  0.1018   0.1845   0.0385  -0.0618   0.0424  -0.0105
  0.0923   0.1981   0.0448  -0.0568   0.0388  -0.0179
  0.0979   0.1798   0.0356  -0.0633   0.0404  -0.0273
  0.0933   0.1735   0.0488  -0.0551   0.0407  -0.0163
  0.0909   0.1828   0.0430  -0.0823   0.0452  -0.0108
  0.0892   0.1901   0.0499  -0.0858   0.0375  -0.0107
  0.0781   0.2041   0.0530  -0.1057   0.0416   0.0015
  0.0555   0.2140   0.0415  -0.1005   0.0326   0.0046
  0.0583   0.1857   0.0406  -0.1051   0.0231  -0.0004
  0.0149   0.1725   0.0486  -0.0982  -0.0365   0.0102
  0.0173   0.2151   0.0502  -0.0723  -0.0197   0.0064
  0.0451   0.1971   0.0532  -0.0854   0.0033  -0.0014
  0.0471   0.2043   0.0607  -0.0994   0.0204   0.0186
  0.0469   0.2125   0.0448  -0.0769   0.0250  -0.0056
  0.0545   0.2133   0.0401  -0.0903   0.0246  -0.0073
  0.0467   0.1852   0.0454  -0.0500   0.0285  -0.0071
  0.0582   0.1873   0.0413  -0.0768   0.0303  -0.0064
  0.0604   0.1906   0.0521  -0.0516   0.0329  -0.0111
  0.0627   0.2102   0.0485  -0.0725   0.0318  -0.0193
  0.0596   0.1911   0.0440  -0.0581   0.0339  -0.0129
  0.0569   0.1980   0.0426  -0.0870   0.0369  -0.0041
  0.0536   0.1887   0.0371  -0.0723   0.0370   0.0074
  0.0595   0.1912   0.0360  -0.0587   0.0260  -0.0036
  0.0397   0.1410   0.0198  -0.0275   0.0216  -0.0027
  0.0173   0.1627   0.0208  -0.0776   0.0068   0.0047
  0.0411   0.1921   0.0458  -0.0470  -0.0018  -0.0059
  0.0429   0.2013   0.0536  -0.0501   0.0123   0.0008
  0.0516   0.1812   0.0412  -0.0388   0.0091  -0.0223
  0.0445   0.1837   0.0463  -0.0399   0.0188  -0.0093
  0.0598   0.1786   0.0381  -0.0248   0.0203  -0.0247
  0.0809   0.1836   0.0288  -0.0506   0.0439  -0.0304
  0.0491   0.1765   0.0378  -0.0287   0.0251  -0.0169
  0.0486   0.1317   0.0444  -0.0156   0.0210  -0.0037
  0.0584   0.1327   0.0359  -0.0259   0.0210  -0.0117
  0.0574   0.1301   0.0363  -0.0262   0.0289  -0.0029
  0.0519   0.1232   0.0220  -0.0260   0.0216  -0.0153
  0.0530   0.1153   0.0344  -0.0396   0.0333   0.0099
  0.0512   0.1080   0.0327  -0.0154   0.0245  -0.0097
  0.0351   0.1108   0.0331  -0.0168   0.0240  -0.0017
  0.0454   0.1141   0.0242  -0.0106   0.0302  -0.0139
  0.0378   0.1080   0.0292  -0.0092   0.0291  -0.0161
  0.0439   0.1099   0.0197  -0.0254   0.0325  -0.0254
  0.0371   0.1083   0.0293  -0.0426   0.0289  -0.0063
  0.0331   0.1153   0.0233  -0.0328   0.0209  -0.0103
  0.0262   0.0991   0.0276  -0.0113   0.0235  -0.0161
  0.0263   0.1145   0.0227  -0.0436   0.0190  -0.0089
  0.0247   0.1103   0.0321  -0.0159   0.0228  -0.0106
  0.0228   0.1032   0.0241  -0.0250   0.0185  -0.0057
  0.0230   0.1088   0.0302   0.0032   0.0210  -0.0132
  0.0242   0.1087   0.0203  -0.0178   0.0141  -0.0219
  0.0257   0.0973   0.0278   0.0095   0.0174  -0.0324
  0.0348   0.1117   0.0183  -0.0374   0.0160  -0.0273
  0.0279   0.0910   0.0291  -0.0224   0.0160  -0.0122
  0.0156   0.1068   0.0346  -0.0521   0.0187   0.0048
  0.0118   0.1179   0.0379  -0.0411   0.0127  -0.0070
  0.0154   0.1116   0.0367  -0.0269   0.0184   0.0005
  0.0095   0.1150   0.0353  -0.0345   0.0120  -0.0021
  0.0136   0.1165   0.0310  -0.0336   0.0183  -0.0077
  0.0112   0.1047   0.0284  -0.0327   0.0149  -0.0075
  0.0154   0.1105   0.0237  -0.0205   0.0205  -0.0179
  0.0104   0.0904   0.0356  -0.0327   0.0113  -0.0028
  0.0181   0.0829   0.0291  -0.0252   0.0019  -0.0245
  0.0096   0.0949   0.0232  -0.0262   0.0165  -0.0170
  0.0121   0.0743   0.0184  -0.0257   0.0171  -0.0127
  0.0025   0.0585   0.0139  -0.0178   0.0234   0.0014
  0.0113   0.0421  -0.0024  -0.0165   0.0261  -0.0172
  0.0066   0.0423  -0.0155  -0.0360   0.0142  -0.0125
 -0.0032   0.0361  -0.0045  -0.0416   0.0066  -0.0138
 -0.0106   0.0491   0.0055  -0.0367   0.0186   0.0071
 -0.0139   0.0584  -0.0059  -0.0029   0.0201  -0.0024
 -0.0151   0.0396   0.0021   0.0098   0.0150  -0.0093
 -0.0132   0.0420  -0.0099   0.0057   0.0122  -0.0168
 -0.0141   0.0483  -0.0034  -0.0054   0.0237  -0.0041
 -0.0185   0.0363  -0.0103  -0.0118   0.0152  -0.0124
 -0.0226   0.0424  -0.0098  -0.0155   0.0230  -0.0031
 -0.0192   0.0474  -0.0129  -0.0022   0.0211  -0.0128
 -0.0144   0.0405  -0.0170  -0.0133   0.0125  -0.0119
 -0.0254   0.0401  -0.0036   0.0162   0.0093  -0.0160
 -0.0181   0.0270  -0.0041   0.0017   0.0130  -0.0155
 -0.0235   0.0195   0.0016   0.0149   0.0144  -0.0023
 -0.0171   0.0168  -0.0109   0.0096  -0.0016  -0.0162
 -0.0145   0.0319  -0.0055  -0.0064   0.0012  -0.0048
 -0.0139   0.0282  -0.0005  -0.0192  -0.0089  -0.0073
 -0.0252   0.0269  -0.0041  -0.0161   0.0003   0.0056
 -0.0268   0.0278  -0.0073  -0.0132  -0.0044  -0.0078
 -0.0253   0.0144  -0.0069  -0.0295  -0.0011  -0.0035
 -0.0267   0.0229  -0.0078  -0.0160   0.0029  -0.0000
 -0.0230   0.0182  -0.0164  -0.0185   0.0073  -0.0103
 -0.0310   0.0376  -0.0082  -0.0189   0.0021  -0.0219
 -0.0310   0.0227  -0.0086  -0.0083   0.0067  -0.0204
 -0.0280   0.0217  -0.0115  -0.0222   0.0003  -0.0126
 -0.0338   0.0214  -0.0146  -0.0395  -0.0045  -0.0072
 -0.0396   0.0231  -0.0117  -0.0219   0.0022  -0.0047
 -0.0284   0.0341  -0.0155  -0.0239  -0.0016  -0.0142
 -0.0209   0.0139  -0.0251  -0.0374  -0.0056  -0.0175
 -0.0382  -0.0048  -0.0079  -0.0031  -0.0113  -0.0139
 -0.0357   0.0071  -0.0150  -0.0414  -0.0109  -0.0142
 -0.0338   0.0053  -0.0193  -0.0368  -0.0072   0.0041
 -0.0698  -0.0012  -0.0199  -0.0572  -0.0693   0.0090
 -0.0336   0.0260  -0.0123  -0.0725  -0.0363   0.0234
  0.0034   0.2226   0.0080  -0.2436  -0.0168   0.0467
  0.0301   0.1341  -0.0026  -0.1554   0.0102   0.0242
 -0.0667  -0.1705  -0.0559   0.1372  -0.0359  -0.0374
 -0.0828  -0.1282  -0.0013   0.1022  -0.0645  -0.0119
 -0.0467  -0.1118  -0.0447   0.0619  -0.0171  -0.0203
 -0.0251  -0.1213  -0.0701   0.0785   0.0250  -0.0225
 -0.0389  -0.1449  -0.0707   0.0469   0.0068  -0.0147
 -0.0605  -0.1521  -0.0595   0.0775  -0.0058  -0.0068
 -0.0558  -0.2178  -0.0815   0.0769  -0.0042   0.0017
 -0.1002  -0.2730  -0.0665   0.1771  -0.0391  -0.0058
 -0.0624  -0.2068  -0.0525   0.1928  -0.0418  -0.0308
 -0.0460  -0.2310  -0.0758   0.1521  -0.0070  -0.0170
 -0.0636  -0.4427  -0.0685   0.2585  -0.0242   0.0041
 -0.1088  -0.5422  -0.0495   0.2570  -0.0655   0.0394
 -0.0842  -0.4161  -0.0790   0.2168  -0.0504  -0.0069
 -0.0888  -0.4246  -0.0735   0.2143  -0.0463   0.0054
 -0.0938  -0.4484  -0.0676   0.1572  -0.0514   0.0177
 -0.0882  -0.4310  -0.0671   0.1676  -0.0496   0.0228
 -0.1017  -0.4246  -0.0704   0.1691  -0.0552   0.0157
 -0.0989  -0.4278  -0.0685   0.1645  -0.0546   0.0184
 -0.1048  -0.4177  -0.0612   0.1531  -0.0566   0.0338
 -0.1050  -0.4145  -0.0640   0.1710  -0.0539   0.0169
 -0.1102  -0.4079  -0.0683   0.1753  -0.0499   0.0190
 -0.1133  -0.4059  -0.0730   0.1907  -0.0534   0.0152
 -0.1202  -0.4066  -0.0711   0.1943  -0.0444   0.0161
 -0.1193  -0.4180  -0.0785   0.1916  -0.0522   0.0180
 -0.1157  -0.3822  -0.0762   0.1913  -0.0504   0.0099
 -0.1148  -0.3743  -0.0809   0.1644  -0.0571   0.0160
 -0.1212  -0.3879  -0.0846   0.1939  -0.0469   0.0120
 -0.1139  -0.4031  -0.0898   0.1911  -0.0529  -0.0169
 -0.1101  -0.4100  -0.0892   0.2023  -0.0521   0.0047
 -0.1073  -0.4014  -0.0942   0.1819  -0.0505   0.0031
 -0.1198  -0.3948  -0.0849   0.1841  -0.0601   0.0142
 -0.1143  -0.4004  -0.0891   0.1663  -0.0544   0.0142
 -0.1174  -0.3932  -0.0907   0.1796  -0.0582   0.0089
 -0.1224  -0.3964  -0.0872   0.1633  -0.0604   0.0101
 -0.1264  -0.3810  -0.0822   0.1775  -0.0580   0.0173
 -0.1242  -0.3823  -0.0976   0.1667  -0.0601   0.0048
 -0.1270  -0.3882  -0.0899   0.1773  -0.0593   0.0151
 -0.1228  -0.4112  -0.0992   0.1581  -0.0645   0.0027
 -0.1268  -0.3869  -0.0939   0.1548  -0.0664   0.0217
 -0.1321  -0.3803  -0.0989   0.1680  -0.0764   0.0089
 -0.1326  -0.3913  -0.1001   0.1574  -0.0747   0.0217
 -0.1337  -0.3927  -0.0883   0.1383  -0.0808   0.0308
 -0.1332  -0.3753  -0.0977   0.1365  -0.0895   0.0286
 -0.1375  -0.3827  -0.0922   0.1348  -0.0859   0.0346
 -0.1422  -0.3845  -0.0915   0.1344  -0.0792   0.0374
 -0.1392  -0.3721  -0.1057   0.1440  -0.0964   0.0090
 -0.1389  -0.3901  -0.1020   0.1699  -0.0884   0.0032
 -0.1404  -0.3722  -0.0959   0.1276  -0.0848   0.0163
 -0.1482  -0.3594  -0.1036   0.1347  -0.0784   0.0292
 -0.1454  -0.3566  -0.0993   0.1662  -0.0870   0.0035
 -0.1394  -0.3690  -0.1061   0.1491  -0.0846   0.0015
