  0.0478   0.4764   0.1253  -0.7759   0.1997  -0.0582
  0.0467   0.4769   0.1334  -0.7618   0.2089  -0.0713
  0.0451   0.4799   0.1324  -0.7512   0.2084  -0.0700
  0.0540   0.4620   0.1229  -0.6940   0.1960  -0.0957
  0.0568   0.4496   0.1224  -0.6911   0.2003  -0.0863
  0.0564   0.4575   0.1274  -0.6940   0.2101  -0.0705
  0.0574   0.4627   0.1352  -0.7081   0.2168  -0.0836
  0.0545   0.4718   0.1484  -0.7016   0.2283  -0.0848
  0.0570   0.5037   0.1060  -0.7197   0.2112  -0.1100
  0.1030   0.4616  -0.0128  -0.5940   0.1260  -0.1462
  0.0525   0.3093  -0.1202  -0.4353   0.0089  -0.0097
  0.0614   0.3954  -0.0462  -0.5257   0.0655  -0.0809
  0.0672   0.3922   0.0089  -0.4349   0.0979  -0.0880
  0.0677   0.3796   0.0124  -0.4156   0.1133  -0.0743
  0.0755   0.4028   0.0153  -0.4023   0.1209  -0.0830
  0.0716   0.3926   0.0196  -0.3899   0.1310  -0.0660
  0.0675   0.3764   0.0170  -0.3562   0.1318  -0.0835
  0.0796   0.3896   0.0305  -0.3887   0.1503  -0.0725
  0.0751   0.3668   0.0227  -0.3283   0.1478  -0.0687
  0.0738   0.3176   0.0175  -0.2920   0.1487  -0.0774
  0.0570   0.3430   0.0458  -0.2822   0.1451  -0.0488
  0.0585   0.3465   0.0295  -0.2593   0.1381  -0.1147
  0.0482   0.3602   0.0326  -0.2491   0.1365  -0.0955
  0.0564   0.3597   0.0518  -0.2649   0.1610  -0.0787
  0.0667   0.3587   0.0489  -0.2694   0.1736  -0.0814
  0.0703   0.3551   0.0499  -0.2740   0.1829  -0.0955
  0.0753   0.3357   0.0556  -0.2905   0.1810  -0.0888
  0.0605   0.3481   0.0694  -0.2968   0.1847  -0.0787
  0.0657   0.3107   0.0420  -0.3816   0.1650  -0.0441
  0.0159   0.3190   0.0161  -0.5696   0.1277  -0.0218
  0.0340   0.3569   0.0092  -0.4287   0.1285  -0.1085
  0.0367   0.3364   0.0175  -0.4086   0.1578  -0.0649
  0.0350   0.3082   0.0216  -0.3360   0.1434  -0.0764
  0.0398   0.2984   0.0085  -0.2904   0.1350  -0.0623
  0.0434   0.3134   0.0262  -0.2676   0.1473  -0.0873
  0.0466   0.3000   0.0340  -0.2709   0.1513  -0.0775
  0.0405   0.2753   0.0448  -0.2637   0.1559  -0.0510
  0.0465   0.2903   0.0341  -0.2162   0.1509  -0.0714
  0.0397   0.2564   0.0524  -0.2189   0.1497  -0.0589
  0.0405   0.2608   0.0393  -0.2355   0.1558  -0.0426
  0.0444   0.2614   0.0330  -0.2427   0.1576  -0.0448
  0.0427   0.2536   0.0441  -0.2564   0.1672  -0.0487
  0.0549   0.2844   0.0233  -0.2209   0.1543  -0.0659
  0.0451   0.1768   0.0004  -0.1645   0.1016  -0.0441
  0.0383   0.1741   0.0570  -0.1501   0.1425  -0.0148
  0.0314   0.1819   0.0745  -0.1664   0.1481  -0.0265
  0.0389   0.1839   0.0659  -0.1480   0.1460  -0.0476
  0.0276   0.1462   0.0616  -0.4360   0.1653   0.0681
  0.0156   0.1537   0.0407  -0.1503   0.1123  -0.0867
  0.0276   0.1429   0.0518  -0.0686   0.1297  -0.0498
  0.0219   0.1363   0.0520  -0.0657   0.1278  -0.0377
  0.0214   0.1339   0.0477  -0.0483   0.1129  -0.0537
  0.0238   0.1142   0.0369   0.0145   0.0899  -0.0295
  0.0141   0.1107   0.0401   0.0641   0.0825  -0.0367
 -0.0023   0.0510   0.0435   0.0737   0.0844   0.0104
  0.0105   0.0196   0.0094   0.1162   0.0614   0.0052
  0.0131   0.0175   0.0175   0.1343   0.0666   0.0095
  0.0187  -0.0055   0.0273   0.1453   0.0898   0.0031
  0.0143   0.0027   0.0313   0.1501   0.0856   0.0112
  0.0224   0.0027   0.0223   0.1366   0.0843   0.0075
  0.0175  -0.0044   0.0215   0.1174   0.0787   0.0094
  0.0230  -0.0217   0.0273   0.1270   0.0738   0.0172
  0.0253  -0.0352   0.0496   0.1281   0.0882   0.0254
 -0.1766  -0.1201   0.0070   0.1700  -0.0969   0.0629
 -0.1198  -0.0742   0.0208   0.1495  -0.0398   0.0578
 -0.0980  -0.0799   0.0357   0.1481  -0.0052   0.0536
 -0.0884  -0.1069   0.0534   0.1288   0.0212   0.0559
 -0.0893  -0.0992   0.0804   0.0807   0.0511   0.0580
 -0.0849  -0.0604   0.0684   0.0916   0.0538   0.0426
 -0.0787  -0.0691   0.0813   0.0780   0.0674   0.0273
 -0.0599  -0.0796   0.0691   0.0769   0.0653   0.0207
 -0.0617  -0.2500  -0.1102   0.7386  -0.0776   0.0752
 -0.0586  -0.4142  -0.0320   0.4042  -0.0300   0.1152
  0.0812  -0.2647   0.0661   0.1680  -0.0841   0.0003
 -0.0125  -0.2088   0.0246  -0.0697  -0.0300   0.0211
 -0.0162  -0.2260   0.0433  -0.0142   0.0154   0.0447
 -0.0029  -0.2170   0.1103  -0.0886   0.0194   0.0525
  0.0495  -0.2489   0.1213  -0.0607   0.0578   0.0663
  0.0649  -0.2779   0.1470  -0.0195   0.0803   0.0725
  0.0379  -0.2870   0.1086   0.0464   0.0588   0.0927
  0.0642  -0.0947  -0.0722  -0.2170  -0.0465   0.0748
  0.1021  -0.0316  -0.0225  -0.1990   0.0816  -0.0296
 -0.2666  -0.1352  -0.0034   0.2353  -0.5109  -0.1092
 -0.0790  -0.1058  -0.0396   0.0712  -0.3571  -0.0741
 -0.0355  -0.0961  -0.0224   0.0928  -0.2542  -0.0566
 -0.0266  -0.1055  -0.0122   0.1176  -0.2439  -0.0519
  0.0086  -0.0721  -0.0581   0.0747  -0.2334  -0.0743
 -0.0133  -0.0919  -0.1078   0.0535  -0.2430  -0.0435
 -0.0327  -0.1371  -0.0867   0.0342  -0.2200  -0.0215
 -0.0117  -0.1486  -0.1486   0.1527  -0.2355  -0.0623
 -0.0664  -0.1853  -0.1022   0.2325  -0.2525  -0.0078
 -0.0570  -0.1960  -0.0915   0.1485  -0.2234   0.0026
 -0.0658  -0.1898  -0.0955   0.1343  -0.2221   0.0035
 -0.0726  -0.1831  -0.0865   0.1570  -0.2174   0.0062
 -0.0700  -0.1835  -0.1160   0.1632  -0.2277  -0.0064
 -0.0201  -0.1302  -0.1529   0.0019  -0.2252  -0.0175
  0.0156  -0.0304  -0.1156  -0.0915  -0.1477  -0.0509
 -0.0073  -0.1262  -0.0971  -0.0351  -0.1459   0.0037
 -0.1143  -0.4490  -0.1026   0.3067  -0.1714   0.1434
 -0.0882  -0.4262  -0.1704   0.3888  -0.2083   0.0881
 -0.0623  -0.4690  -0.1245   0.3544  -0.2008   0.1188
 -0.0933  -0.5244  -0.1033   0.5020  -0.2014   0.1627
 -0.0819  -0.5062  -0.1081   0.4622  -0.1980   0.1453
 -0.0376  -0.5019  -0.1360   0.5954  -0.2101   0.0845
 -0.0504  -0.5025  -0.1499   0.4885  -0.2493   0.2146
 -0.0783  -0.5325  -0.1124   0.5035  -0.2390   0.1255
 -0.0777  -0.5753  -0.0890   0.5568  -0.2275   0.1420
 -0.0849  -0.5754  -0.0668   0.6155  -0.2206   0.1539
 -0.0528  -0.5377  -0.0636   0.4269  -0.1822   0.1665
 -0.0550  -0.5150  -0.0671   0.5795  -0.2004   0.1569
 -0.0906  -0.6359  -0.0901   0.8425  -0.2468   0.1195
 -0.0968  -0.6489  -0.0826   0.8531  -0.2533   0.1807
 -0.0927  -0.6498  -0.0894   0.8240  -0.2581   0.1777
 -0.1014  -0.6643  -0.0776   0.7046  -0.2486   0.1822
 -0.1103  -0.7095  -0.0804   0.8644  -0.2613   0.1976
 -0.1005  -0.7082  -0.1084   0.9393  -0.2718   0.1569
 -0.0248  -0.5236  -0.2238   0.9214  -0.3043  -0.0030
 -0.1061  -0.7813  -0.1598   1.2448  -0.3448   0.2415
 -0.1439  -0.8671  -0.1075   1.3296  -0.3181   0.2541
 -0.1470  -0.8979  -0.1104   1.2978  -0.3118   0.2647
