  0.0141   0.1341   0.0151  -0.0030   0.0017   0.0311
  0.0141   0.1050   0.0133   0.0273   0.0007   0.0100
  0.0079   0.1460   0.0116   0.0202   0.0030   0.0235
 -0.0022   0.1176   0.0111   0.0274   0.0020  -0.0024
 -0.0023   0.1235   0.0085   0.0382   0.0011  -0.0063
 -0.0058   0.1221  -0.0039   0.0351  -0.0043   0.0055
 -0.0137   0.0825   0.0025   0.0426  -0.0049  -0.0724
 -0.0192   0.1172   0.0006   0.0137  -0.0009   0.0331
 -0.0148   0.0851  -0.0038   0.0520  -0.0023  -0.0452
 -0.0203   0.1213  -0.0149   0.0130   0.0024  -0.0075
 -0.0224   0.0834  -0.0121   0.0464  -0.0003  -0.0333
 -0.0095   0.1044  -0.0098   0.0282   0.0073  -0.0497
 -0.0094   0.0730  -0.0057   0.0534   0.0042  -0.0629
 -0.0232   0.1038  -0.0098   0.0365   0.0043   0.0307
 -0.0244   0.0668  -0.0038   0.0502   0.0025  -0.0138
 -0.0196   0.0940  -0.0068   0.0236   0.0005   0.0780
 -0.0252   0.0773  -0.0038   0.0490   0.0005   0.0124
 -0.0221   0.0795  -0.0077   0.0374  -0.0022  -0.0064
 -0.0292   0.0917  -0.0164   0.0652  -0.0037  -0.0451
 -0.0235   0.0703  -0.0137   0.0766  -0.0055  -0.0136
 -0.0309   0.0719  -0.0154   0.0500  -0.0084  -0.0348
 -0.0292   0.0425  -0.0171   0.0499  -0.0079  -0.0673
 -0.0375   0.0850  -0.0216   0.0396  -0.0009   0.0036
 -0.0257   0.0561  -0.0186   0.0682  -0.0009  -0.0894
 -0.0347   0.0789  -0.0190   0.0523  -0.0031  -0.0555
 -0.0338   0.0561  -0.0204   0.0725  -0.0130  -0.0816
 -0.0330   0.0921  -0.0293   0.0574  -0.0030  -0.0481
 -0.0264   0.0634  -0.0273   0.0860  -0.0126  -0.0516
 -0.0339   0.0943  -0.0301   0.0734  -0.0064  -0.0694
 -0.0321   0.0673  -0.0336   0.1037  -0.0121  -0.0324
 -0.0341   0.0973  -0.0304   0.0637  -0.0073  -0.0221
 -0.0306   0.0585  -0.0277   0.0951  -0.0132  -0.0747
 -0.0373   0.0927  -0.0341   0.0765  -0.0112  -0.0760
 -0.0365   0.0647  -0.0223   0.0697  -0.0143  -0.0835
 -0.0319   0.0725  -0.0271   0.0447  -0.0117  -0.0364
 -0.0295   0.0619  -0.0199   0.0687  -0.0111  -0.0424
 -0.0321   0.0610  -0.0240   0.0461  -0.0033  -0.0451
 -0.0277   0.0459  -0.0131   0.0668  -0.0106  -0.0212
 -0.0211   0.0622  -0.0238   0.0414  -0.0085   0.0283
 -0.0257   0.0398  -0.0132   0.0742  -0.0136  -0.0084
 -0.0236   0.0593  -0.0137   0.0299  -0.0105   0.0225
 -0.0230   0.0354  -0.0127   0.0604  -0.0133  -0.0060
 -0.0200   0.0539  -0.0117   0.0087  -0.0126   0.0439
 -0.0113   0.0204  -0.0047   0.0336  -0.0068   0.0061
 -0.0080   0.0603  -0.0099  -0.0267  -0.0078   0.0303
 -0.0160   0.0251  -0.0149   0.0772  -0.0111   0.0314
 -0.0203   0.0488  -0.0169   0.0685  -0.0103  -0.0392
 -0.0200   0.0220  -0.0141   0.0721  -0.0072  -0.0325
 -0.0170   0.0442  -0.0170   0.0608  -0.0044  -0.0679
 -0.0197   0.0393  -0.0075   0.0826  -0.0049  -0.0383
 -0.0168   0.0500  -0.0028   0.0501  -0.0001  -0.0258
 -0.0227   0.0351  -0.0063   0.0670   0.0010  -0.0209
 -0.0093   0.0366   0.0001   0.0404   0.0085   0.0066
 -0.0081   0.0140  -0.0011   0.0543   0.0042  -0.0450
 -0.0141   0.0331  -0.0104   0.0615  -0.0012   0.0527
 -0.0170   0.0391  -0.0143   0.0206   0.0035  -0.0739
 -0.0109   0.0200  -0.0057   0.0477   0.0032  -0.0453
 -0.0214   0.0530  -0.0122   0.0916  -0.0037  -0.0444
 -0.0176   0.0102   0.0012   0.0726  -0.0093  -0.0450
 -0.0281   0.0432  -0.0105   0.0533  -0.0074   0.0143
 -0.0252   0.0047  -0.0049   0.0757  -0.0116  -0.0408
 -0.0268   0.0415  -0.0015   0.0792  -0.0112  -0.0653
 -0.0145   0.0440  -0.0020   0.0855  -0.0162  -0.0270
 -0.0162   0.0075   0.0103   0.0601  -0.0166  -0.0038
 -0.0204   0.0623  -0.0014   0.0434  -0.0232   0.0253
  0.0082   0.0153   0.0184  -0.0176  -0.0198  -0.0447
  0.0179   0.0345   0.0196  -0.0344  -0.0171   0.1195
  0.0247   0.0209   0.0151  -0.0389  -0.0230   0.0755
  0.0248   0.0240   0.0087  -0.0509  -0.0175   0.0909
  0.0143   0.0015   0.0200  -0.0003  -0.0130   0.0760
  0.0089   0.0357   0.0127  -0.0154  -0.0161   0.0393
  0.0101   0.0186   0.0139   0.0474  -0.0109   0.0222
  0.0202   0.0178   0.0063  -0.0105  -0.0105   0.0408
  0.0262  -0.0146   0.0138   0.0168  -0.0054  -0.0209
  0.0193   0.0215   0.0058  -0.0078  -0.0088   0.0351
  0.0254   0.0166   0.0188   0.0116  -0.0003  -0.0412
  0.0261   0.0188   0.0111  -0.0082  -0.0093  -0.0041
  0.0273  -0.0120   0.0221   0.0042  -0.0051   0.0707
  0.0286   0.0213   0.0078  -0.0409  -0.0011   0.0333
  0.0329  -0.0228   0.0255   0.0243   0.0035  -0.0617
  0.0197   0.0015   0.0129  -0.0120   0.0112  -0.0055
  0.0238  -0.0229   0.0146   0.0179   0.0107   0.0141
  0.0159   0.0144   0.0052  -0.0621   0.0125  -0.0620
  0.0128  -0.0422   0.0051   0.0360   0.0098  -0.0214
  0.0229  -0.0131  -0.0025  -0.0426   0.0013  -0.0141
  0.0227  -0.0399   0.0109  -0.0143   0.0088  -0.0547
  0.0024  -0.0002   0.0121  -0.0114   0.0055   0.0095
  0.0155  -0.0627   0.0197  -0.0153   0.0132   0.0151
  0.0065  -0.0417   0.0148  -0.0590   0.0148   0.0255
  0.0195  -0.0515   0.0211  -0.0175   0.0225  -0.0303
  0.0038  -0.0402   0.0125  -0.0196   0.0099  -0.0194
  0.0118  -0.0697   0.0168  -0.0184   0.0125   0.0135
  0.0099  -0.0430   0.0150  -0.0787   0.0199   0.0180
  0.0266  -0.0677   0.0347  -0.0374   0.0238   0.0200
  0.0213  -0.0407   0.0283  -0.0399   0.0149   0.0318
  0.0248  -0.0668   0.0313  -0.0587   0.0207   0.0456
  0.0207  -0.0604   0.0278  -0.0746   0.0090   0.0543
  0.0267  -0.0464   0.0300  -0.0683   0.0075   0.0735
  0.0218  -0.0843   0.0318  -0.0461   0.0076   0.0410
  0.0153  -0.0402   0.0151  -0.0839   0.0039   0.1001
  0.0182  -0.0829   0.0257  -0.0510   0.0116   0.0249
  0.0069  -0.0481   0.0150  -0.0440   0.0044   0.0106
  0.0165  -0.0612   0.0299  -0.0363   0.0133  -0.0192
  0.0118  -0.0552   0.0163  -0.0239  -0.0001   0.0304
  0.0228  -0.0527   0.0058  -0.0810   0.0005   0.0507
  0.0170  -0.0879   0.0173  -0.0082   0.0058  -0.0140
  0.0079  -0.0569   0.0164  -0.0198  -0.0009   0.0470
  0.0115  -0.0646   0.0073  -0.0200   0.0055   0.0278
  0.0061  -0.0718   0.0030  -0.0034  -0.0012   0.0469
  0.0083  -0.0965   0.0095  -0.0155   0.0034   0.0329
  0.0007  -0.0747   0.0035  -0.0263   0.0050   0.0277
  0.0020  -0.0650   0.0129  -0.0243  -0.0054   0.0241
 -0.0018  -0.0829   0.0011  -0.0069  -0.0042  -0.0167
  0.0004  -0.0480  -0.0003  -0.0507  -0.0061   0.0775
  0.0027  -0.1022   0.0047  -0.0172   0.0012  -0.0223
  0.0026  -0.0594   0.0023  -0.0190  -0.0051   0.0195
  0.0074  -0.0713   0.0018  -0.0325  -0.0006   0.0019
 -0.0012  -0.0611  -0.0078  -0.0309  -0.0014   0.0434
 -0.0049  -0.0505  -0.0085  -0.0675   0.0001   0.0457
 -0.0023  -0.0728  -0.0068  -0.0117   0.0080  -0.0351
 -0.0083  -0.0450  -0.0082  -0.0209   0.0012  -0.0063
  0.0012  -0.0837  -0.0094  -0.0138   0.0061  -0.0409
 -0.0057  -0.0531  -0.0064  -0.0283   0.0053  -0.0174
 -0.0036  -0.0461  -0.0040  -0.0198   0.0071   0.0240
 -0.0106  -0.0520  -0.0071   0.0049   0.0070   0.0037
 -0.0129  -0.0486  -0.0169  -0.0250   0.0100   0.0138
  0.0015  -0.0929  -0.0013  -0.0371   0.0095   0.0112
  0.0114  -0.0714  -0.0047  -0.1003  -0.0021  -0.0216
  0.0180  -0.1085   0.0084  -0.0853   0.0087  -0.0019
  0.0186  -0.0703   0.0004  -0.1127   0.0059  -0.0221
  0.0212  -0.0797   0.0096  -0.0596   0.0079  -0.0110
  0.0181  -0.0534  -0.0044  -0.0621   0.0001   0.0374
  0.0135  -0.0757   0.0019  -0.0828   0.0074   0.0261
  0.0078  -0.0757  -0.0011  -0.0808   0.0027   0.0129
  0.0171  -0.0909   0.0051  -0.0761   0.0038   0.0367
  0.0141  -0.0716  -0.0034  -0.0761  -0.0007   0.0186
  0.0178  -0.0986   0.0043  -0.0547   0.0115  -0.0021
  0.0147  -0.0673  -0.0078  -0.0674   0.0056   0.0627
  0.0194  -0.0954  -0.0001  -0.0574   0.0176  -0.0299
  0.0107  -0.0645  -0.0114  -0.0307   0.0112   0.0392
  0.0264  -0.0721  -0.0005  -0.0494   0.0119   0.0413
  0.0270  -0.0684  -0.0041  -0.0624   0.0082   0.0216
  0.0329  -0.0883   0.0138  -0.0701   0.0105   0.0822
  0.0286  -0.0670  -0.0015  -0.0793   0.0075  -0.0416
  0.0381  -0.1015   0.0165  -0.0851   0.0189   0.0175
  0.0445  -0.0748  -0.0034  -0.1367   0.0065   0.0064
  0.0415  -0.1089   0.0005  -0.0754   0.0094   0.0246
  0.0363  -0.0729  -0.0080  -0.1084   0.0001   0.0085
  0.0406  -0.1158   0.0089  -0.0921   0.0146   0.0196
  0.0490  -0.0763  -0.0120  -0.1562   0.0100   0.0108
