  1.2497   0.3037   1.1407  -1.6789   1.1435   0.2120
  1.3119   0.2832   1.1711  -1.5950   1.2150   0.1293
  1.3097   0.2110   1.1691  -1.5061   1.2074   0.1201
  1.2977   0.1184   1.1668  -1.4401   1.2018   0.1272
  1.3442   0.1731   1.1447  -1.4758   1.2694   0.1560
  1.3463   0.2195   1.1670  -1.5111   1.2657   0.2352
  1.3294   0.1604   1.1918  -1.5259   1.2462   0.2136
  1.3371   0.1411   1.1862  -1.4797   1.2474   0.2313
  1.3555   0.1481   1.1866  -1.5058   1.2671   0.2485
  1.3716   0.1287   1.2000  -1.5141   1.3021   0.2573
  1.3678   0.1177   1.1973  -1.4892   1.2973   0.2712
  1.3688   0.1236   1.1931  -1.4934   1.2916   0.2647
  1.3756   0.0873   1.1883  -1.4826   1.2947   0.2624
  1.3673   0.1164   1.1964  -1.5119   1.2775   0.2502
  0.8364   2.8283   0.9906  -3.3120   0.7545   0.2713
 -0.0556   4.2768   0.7828  -4.5025  -0.1021   0.1812
 -0.6945   4.1695   0.7642  -4.2284  -0.6727   0.0307
  0.9632   0.1337   0.6961  -1.4162   0.9352   0.2065
  0.8636   0.7957   0.3292  -1.7074   0.7057   0.1162
  0.7042   0.9725   0.3602  -2.1119   0.6062   0.2775
 -0.9679   3.2206   0.2899  -2.9843  -0.8681  -0.4274
 -0.1458   2.5389   0.3774  -2.2901  -0.1757  -0.3904
  0.2736   1.9640   0.2633  -1.6906   0.1957  -0.3184
  0.3328   1.7538   0.3060  -1.5576   0.2196  -0.2450
  0.3405   1.5389   0.3330  -1.4205   0.2290  -0.2654
  0.6138  -5.3231  -0.0737   4.7296   0.5879   3.3666
  1.6123  -7.6403  -0.6862   7.9829   0.5113   6.7399
 -1.3405  -0.2609   0.4393  -2.1560  -1.0340   0.2830
  0.0181  -1.7363   0.5647   0.2240   0.2764   0.3950
  0.1479  -1.7130   0.5486   0.1770   0.3913   0.2822
  0.1612  -1.6591   0.5393   0.1495   0.3680   0.3005
  0.1509  -1.6524   0.5428   0.1196   0.3578   0.3144
  0.1407  -1.6788   0.5476   0.1571   0.3512   0.3514
  0.1429  -1.8344   0.5540   0.2658   0.3438   0.3209
  0.1275  -1.8600   0.5623   0.2660   0.3362   0.3169
  0.1217  -1.9074   0.5651   0.3075   0.3290   0.3309
  0.1183  -1.9357   0.5627   0.3349   0.3241   0.3323
  0.1478  -1.9531   0.5691   0.3363   0.3408   0.3608
  0.1559  -1.9475   0.5861   0.3072   0.3503   0.3454
  0.1702  -1.9755   0.5958   0.3284   0.3602   0.3400
  0.1782  -1.9976   0.5922   0.3425   0.3680   0.3410
  0.0489  -1.0447   0.7056  -0.4457   0.2367   0.3040
 -0.4328  -0.6401   1.0648  -0.6421  -0.2097   0.2041
  0.4975  -1.4726   0.9227   0.0832   0.7260   0.4169
  0.3674  -2.0398   0.7525   0.5984   0.5483   0.1797
  0.2632  -1.3342   0.4874   0.4516   0.3609   0.1384
 -0.9493  -0.3202   0.2413  -0.4594  -0.8514  -0.1741
 -0.1091  -1.6539   0.3760   0.3545  -0.0102   0.2326
 -0.0868  -1.7542   0.3890   0.5193  -0.0035   0.2401
 -0.0470  -1.9249   0.2822   1.9336  -0.0517   0.2982
  0.0180  -2.3798   0.2543   0.9071   0.1668   0.4127
  0.0257  -2.3656   0.4900   0.1528   0.2390   0.3248
  0.0908  -2.5345   0.4077   0.8189   0.2182   0.2530
  0.0263  -2.5032   0.4776   1.5283   0.1155   0.5469
  0.0255  -2.5517   0.3154   1.2848   0.1173   0.4071
  0.1234  -2.6828   0.3000   1.1727   0.1666   0.3980
  0.1593  -2.0510   0.1400   0.6507   0.1035   0.1750
  0.0898  -2.5996  -0.0147   1.4100   0.0974   0.3760
  0.0843  -2.6509   0.0298   1.5217   0.1146   0.3391
  0.0961  -2.7304   0.0698   1.5972   0.1354   0.3489
  0.0999  -2.6983   0.0943   1.5803   0.1398   0.3398
  0.0184  -2.6583   0.0967   1.5455   0.0671   0.3785
  0.0853  -2.7082   0.1479   1.5546   0.1312   0.3917
  0.0751  -2.6744   0.1706   1.5464   0.1319   0.3471
  0.0888  -2.6857   0.2233   1.6015   0.1509   0.3555
  0.0919  -2.7078   0.1891   1.5343   0.1523   0.3672
  0.0927  -2.7249   0.2056   1.5552   0.1577   0.3694
  0.0859  -2.5811   0.2366   1.4720   0.1413   0.4121
  0.0871  -1.3319   0.3017   0.5182   0.1719   0.2513
  0.0964  -2.2796   0.1924   1.2155   0.1590   0.2867
  0.2038  -3.8351   0.2187   2.0234   0.2897   0.6675
  0.2803  -7.0467  -0.6652   7.4655   0.0901   3.4451
  0.0880  -3.4193  -0.8165   3.2167  -0.2758   0.8612
  0.1080  -3.4672  -0.7715   3.2302  -0.2602   0.8485
  0.0996  -3.5306  -0.7515   3.2649  -0.2591   0.8038
  0.1238  -3.6935  -0.7689   3.4227  -0.2430   0.7295
 -0.9309  -0.3694  -0.8280   0.4881  -1.0734   0.0349
 -0.6591   0.3339  -0.6428  -0.1709  -0.7273   0.6214
 -1.2741   1.8427  -0.9579  -1.1701  -1.2588  -0.1014
 -0.3342   0.1217  -0.5466   0.3881  -0.4787  -0.0833
 -0.1970  -0.2799  -0.4858   0.6940  -0.3065  -0.0575
 -0.2080  -0.4177  -0.4522   0.7730  -0.3183  -0.0243
 -0.1998  -0.6978  -0.4488   0.9637  -0.3409  -0.0199
 -0.1613  -0.8444  -0.4252   1.0677  -0.3005   0.0556
 -0.1473  -0.8945  -0.4180   1.1239  -0.2924   0.0307
 -0.1442  -0.9751  -0.4239   1.1786  -0.2950   0.0080
 -0.1451  -0.9888  -0.4340   1.1631  -0.2964   0.0373
 -0.2420  -0.4387  -0.4287   0.7884  -0.3414  -0.0184
 -0.3090  -0.7921  -0.4840   0.9845  -0.4351   0.0475
 -0.2108  -0.7907  -0.4665   0.9653  -0.3328  -0.0160
 -0.0371  -0.8615  -0.5751   1.0662  -0.1684   0.0227
  0.0586  -0.4934  -0.6754   0.8914  -0.0763  -0.0198
  0.0865   0.0218  -0.7409   0.4185  -0.0737  -0.0630
 -0.2496   1.7070  -0.9214  -0.7961  -0.2858   0.1186
 -0.1540   0.1129  -0.9084   0.1957  -0.2791  -0.0265
 -0.0132  -0.1385  -0.7718   0.3349  -0.1552  -0.0483
  0.3173   0.5241  -0.8586  -0.2717   0.1831  -0.1950
  0.1862   2.5206  -0.8433  -2.4438   0.2657   0.0657
  0.1945   2.3059  -0.5098  -2.5687   0.2583   0.1899
  0.1855   2.4186  -0.4460  -2.4145   0.2408   0.1417
 -0.1813   3.1978  -0.2619  -1.5615  -0.0818   0.5772
 -0.6325   2.8531  -0.5503  -1.2278  -0.5166  -0.2146
 -0.9414   3.4082   0.1577  -1.1271  -0.7940   0.0211
 -0.3556   2.7786  -0.2585  -0.1594  -0.2928   0.2267
 -0.5815   2.4687  -0.6131  -0.0046  -0.7318  -0.2063
 -0.0823   2.0712  -0.3272  -0.6784  -0.1546  -0.1727
 -0.0744   2.1526  -0.1845  -1.1545  -0.0291  -0.1686
 -0.0231   2.0915  -0.1237  -0.8913   0.0354  -0.2777
 -0.0002   2.0747  -0.1047  -0.9323   0.0464  -0.1738
 -0.0038   2.0077  -0.0961  -0.9651   0.0368  -0.1953
  0.0152   1.9733  -0.1637  -0.9804   0.0645  -0.2524
  0.0105   1.9907  -0.1598  -0.9861   0.0633  -0.2628
 -0.0638   1.9674  -0.1497  -1.0191  -0.0174  -0.2534
 -0.0490   1.8425  -0.1350  -0.8455  -0.0040  -0.2476
 -0.0458   1.7498  -0.1584  -0.7733  -0.0109  -0.2349
 -0.0421   1.5995  -0.1716  -0.6621  -0.0316  -0.2189
 -0.0282   1.4331  -0.1673  -0.5672  -0.0154  -0.2193
 -0.0504   1.3725  -0.1715  -0.5323  -0.0504  -0.2321
 -0.0454   1.3669  -0.1648  -0.5659  -0.0362  -0.2375
 -0.0413   1.3623  -0.1469  -0.5473  -0.0277  -0.2887
 -0.0142   1.3358  -0.1579  -0.5274  -0.0040  -0.2856
 -0.0251   1.3466  -0.1556  -0.5162  -0.0182  -0.2664
 -0.0255   1.3626  -0.1457  -0.5423  -0.0229  -0.2897
 -0.0250   1.3382  -0.1368  -0.5256  -0.0244  -0.2942
 -0.0333   1.2698  -0.1264  -0.4687  -0.0202  -0.3332
 -0.0213   1.3743  -0.1270  -0.5624  -0.0130  -0.3003
 -0.0511   1.3909  -0.1102  -0.5980  -0.0547  -0.2849
 -0.0125   1.3405  -0.1071  -0.6049  -0.0051  -0.2696
  0.0338   1.2658  -0.1388  -0.4524   0.0465  -0.3303
 -0.0196   1.1179  -0.1108  -0.3576  -0.0226  -0.3354
 -0.0497   1.1098  -0.0938  -0.3858  -0.0705  -0.3351
 -0.2471   0.8798  -0.3160  -0.1841  -0.3750  -0.3355
 -0.4519   0.4635  -0.2424   0.1734  -0.4912  -0.3508
 -0.0306   0.6732  -0.2036   0.0467  -0.0503  -0.2427
 -0.0072   0.7712  -0.1893  -0.0566  -0.0208  -0.2435
 -0.0047   0.6692  -0.1919   0.0040  -0.0298  -0.3117
 -0.0179   0.5892  -0.1916   0.0674  -0.0554  -0.3306
  0.0239   0.5865  -0.2014   0.0631  -0.0028  -0.2847
 -0.0098   0.5456  -0.1720   0.1008  -0.0471  -0.2803
 -0.0189   0.5148  -0.1663   0.1229  -0.0626  -0.2726
 -0.0166   0.4694  -0.1541   0.1494  -0.0647  -0.2709
 -0.0483   1.5946  -0.1320  -0.6311  -0.0270  -0.2256
 -0.1133   1.4666  -0.3053  -0.3774  -0.1362  -0.2268
 -0.1179   1.9575  -0.5044  -0.6153  -0.1551  -0.4632
 -0.1238   1.7438  -0.4986  -0.3133  -0.1651  -0.3136
 -0.1201   1.5306  -0.4563  -0.1078  -0.1515  -0.3552
 -2.6992   2.1920  -1.1241  -0.9378  -2.4855  -0.9234
 -2.0643   2.5399  -0.7482  -1.3294  -1.8960  -0.7766
 -0.8346   1.5836  -0.5313   0.1379  -0.8169  -0.6136
 -0.6264   0.8041  -0.4810   0.6403  -0.6630  -0.5725
  0.1847 -14.1066  -1.2758  14.2192  -0.3136   8.1612
 -2.2520   2.0202  -0.8380   0.1755  -2.1085  -0.4057
 -1.3761   1.1922  -0.8069   0.8949  -1.2839  -0.3268
 -1.0735   0.3098  -0.8877   1.6168  -1.0422  -0.4166
 -0.9602   0.3580  -0.8353   1.6350  -0.9187  -0.3870
 -1.9501   0.9021  -0.7836   1.1568  -1.8622  -0.6886
 -0.8705  -0.5701  -0.9851   2.3926  -0.9663  -0.2856
 -0.8580  -0.5116  -0.8730   2.3496  -0.9421  -0.3597
 -2.1409   0.0939  -0.8968   1.8757  -1.9493  -0.7593
 -3.5217   0.9259  -0.6095   1.1296  -3.1618  -1.1290
