 -0.0952  -0.4331   0.2398   0.9002  -0.2423  -0.5720
 -0.0787  -0.3655   0.2489   0.8128  -0.2239  -0.5780
 -0.0603  -0.3628   0.2383   0.8468  -0.2201  -0.5798
 -0.0445  -0.3091   0.2215   0.8075  -0.2095  -0.5704
 -0.0441  -0.4095   0.2280   0.8800  -0.2263  -0.5592
 -0.0031  -0.4741   0.1539   0.7951  -0.2083  -0.5772
 -0.0112  -0.3590   0.1696   0.8578  -0.2168  -0.5796
 -0.0113  -0.3736   0.1569   0.8561  -0.2070  -0.5575
 -0.0120  -0.3908   0.1562   0.8981  -0.1797  -0.5647
 -0.0171  -0.3607   0.1318   0.8177  -0.1852  -0.5586
 -0.0241  -0.2993   0.1252   0.7284  -0.1885  -0.5558
 -0.0289  -0.2829   0.1179   0.7177  -0.1972  -0.5583
 -0.0262  -0.2970   0.1174   0.7133  -0.1906  -0.5580
 -0.0155  -0.3087   0.1259   0.7167  -0.1906  -0.5519
 -0.0111  -0.2952   0.1546   0.6738  -0.1566  -0.5493
 -0.0126  -0.2682   0.1548   0.6856  -0.1612  -0.5276
 -0.0089  -0.2306   0.1316   0.6736  -0.1581  -0.5186
 -0.0042  -0.1913   0.1332   0.6339  -0.1476  -0.5268
 -0.0192  -0.1634   0.1312   0.5960  -0.1579  -0.5287
 -0.0141  -0.1548   0.1429   0.6162  -0.1558  -0.5041
  0.0056  -0.1697   0.1406   0.6055  -0.1565  -0.4959
 -0.0127  -0.1745   0.1341   0.6047  -0.1524  -0.4967
 -0.0303  -0.0621   0.1112   0.4733  -0.1470  -0.4802
 -0.0179  -0.0372   0.1126   0.4607  -0.1443  -0.4769
 -0.0114  -0.0539   0.1119   0.4359  -0.1351  -0.4672
 -0.0126  -0.0368   0.1163   0.4435  -0.1225  -0.4637
 -0.0120  -0.0593   0.1164   0.4777  -0.1208  -0.4531
  0.0020  -0.0258   0.1046   0.4589  -0.1165  -0.4511
  0.0081   0.0098   0.1120   0.4148  -0.1102  -0.4672
 -0.0122   0.1061   0.1259   0.3946  -0.1116  -0.4615
 -0.0102   0.1002   0.1246   0.4078  -0.1222  -0.4552
 -0.0132   0.1046   0.1355   0.4064  -0.1187  -0.4297
 -0.0293   0.0996   0.1323   0.3880  -0.0962  -0.4224
 -0.0272   0.1240   0.1167   0.4094  -0.1017  -0.4366
 -0.0247   0.1451   0.1072   0.4151  -0.1039  -0.4384
 -0.0230   0.1690   0.1040   0.3886  -0.0957  -0.4332
 -0.0148   0.1742   0.1179   0.3387  -0.0892  -0.4192
 -0.0137   0.1905   0.1170   0.3204  -0.0842  -0.4085
 -0.0196   0.1506   0.1132   0.3659  -0.0955  -0.3942
 -0.0178   0.1506   0.1047   0.3528  -0.0924  -0.3923
 -0.0238   0.1524   0.1006   0.3337  -0.0876  -0.3954
 -0.0264   0.1696   0.0863   0.3214  -0.0838  -0.3863
 -0.0103   0.1471   0.1054   0.2925  -0.0805  -0.3726
 -0.0039   0.1384   0.1126   0.2451  -0.0684  -0.3574
 -0.0186   0.1239   0.1245   0.2468  -0.0667  -0.3431
 -0.0220   0.1106   0.1174   0.2364  -0.0651  -0.3292
 -0.0296   0.0931   0.1067   0.2143  -0.0573  -0.3235
 -0.0250   0.1353   0.1071   0.1853  -0.0463  -0.3336
 -0.0206   0.1563   0.0954   0.1765  -0.0519  -0.3270
 -0.0263   0.1348   0.1057   0.1971  -0.0584  -0.3090
 -0.0140   0.1021   0.0976   0.2386  -0.0595  -0.3252
 -0.0174   0.1496   0.0849   0.2057  -0.0541  -0.3180
 -0.0149   0.1772   0.0970   0.1994  -0.0430  -0.2934
 -0.0099   0.1434   0.0987   0.3139  -0.0352  -0.2754
 -0.0121   0.1671   0.0923   0.2726  -0.0210  -0.2937
 -0.0039   0.1024   0.1440   0.3429  -0.0369  -0.2827
 -0.0082   0.1451   0.1271   0.3861  -0.0154  -0.2692
 -0.0171   0.1893   0.0998   0.3252  -0.0104  -0.2766
 -0.0143   0.2094   0.0916   0.3014  -0.0170  -0.2581
 -0.0061   0.2151   0.1037   0.2409  -0.0109  -0.2551
 -0.0093   0.1926   0.1076   0.3034  -0.0238  -0.2502
 -0.0102   0.1944   0.0907   0.2617  -0.0106  -0.2468
 -0.0207   0.1964   0.0621   0.2667  -0.0371  -0.2318
 -0.0302   0.2315   0.0727   0.2140  -0.0520  -0.2293
 -0.0181   0.2356   0.0899   0.2034  -0.0341  -0.2203
 -0.0483   0.2177   0.1120   0.2378   0.0274  -0.1938
 -0.0401   0.2291   0.1115   0.2455   0.0182  -0.1829
 -0.0239   0.2323   0.0881   0.2298   0.0066  -0.1820
 -0.0155   0.2194   0.0815   0.3152  -0.0128  -0.1726
 -0.0190   0.3015   0.0996   0.2590  -0.0086  -0.1802
 -0.0170   0.2918   0.1041   0.1525   0.0025  -0.1643
 -0.0237   0.2518   0.0967   0.0924   0.0108  -0.1446
 -0.0223   0.2459   0.0977   0.0525   0.0368  -0.1228
 -0.0256   0.2707   0.0927  -0.0375   0.0438  -0.1328
 -0.0233   0.2773   0.0992   0.0484   0.0518  -0.1011
 -0.0126   0.2293   0.0921   0.0013   0.0743  -0.0894
 -0.0072   0.1712   0.0698  -0.0354   0.0685  -0.0831
 -0.0241   0.1565   0.0683  -0.0779   0.0629  -0.0695
 -0.0261   0.1562   0.0646  -0.0659   0.0627  -0.0523
 -0.0221   0.1261   0.0646  -0.0628   0.0666  -0.0359
 -0.0161   0.1188   0.0360   0.0561   0.0426  -0.0457
 -0.0071   0.1796   0.0479   0.0100   0.0404  -0.0474
 -0.0111   0.1668   0.0480  -0.0672   0.0564  -0.0418
 -0.0184   0.1737   0.0456  -0.0722   0.0530  -0.0152
 -0.0335   0.1337   0.0470  -0.0799   0.0601  -0.0006
 -0.0333   0.1101   0.0366  -0.1118   0.0600   0.0164
 -0.0460   0.1259   0.0309  -0.1582   0.0615   0.0156
 -0.0409   0.1371   0.0340  -0.1751   0.0580   0.0418
 -0.0365   0.0941   0.0241  -0.1594   0.0500   0.0609
 -0.0368   0.0347   0.0041  -0.1762   0.0454   0.0744
 -0.0372   0.0196   0.0133  -0.2093   0.0539   0.0847
 -0.0425   0.0477   0.0147  -0.2471   0.0617   0.0835
 -0.0408   0.0434   0.0196  -0.2468   0.0608   0.1066
 -0.0420   0.0351   0.0297  -0.2460   0.0625   0.1172
 -0.0369   0.0260   0.0140  -0.2318   0.0592   0.1243
  0.0078  -0.0535  -0.0798  -0.2781   0.0408   0.1242
  0.0160  -0.1134  -0.1153  -0.2036   0.0573   0.1402
  0.0043  -0.0952  -0.1360  -0.2261   0.0655   0.1435
  0.0028  -0.0596  -0.1432  -0.2754   0.0690   0.1634
  0.0079  -0.0514  -0.1361  -0.2917   0.0702   0.1726
  0.0093  -0.0495  -0.1336  -0.2775   0.0729   0.1755
  0.0020  -0.0729  -0.1360  -0.2988   0.0689   0.1960
  0.0051  -0.0781  -0.1382  -0.2673   0.0743   0.2179
 -0.0010  -0.0742  -0.1398  -0.2661   0.0932   0.2138
 -0.0075  -0.0572  -0.1612  -0.3090   0.0758   0.2314
 -0.0030  -0.0415  -0.1708  -0.3288   0.0816   0.2426
 -0.0032  -0.0399  -0.1598  -0.3311   0.0728   0.2608
 -0.0041  -0.0607  -0.1478  -0.3097   0.0781   0.2693
 -0.0017  -0.0835  -0.1606  -0.2949   0.0754   0.2781
 -0.0014  -0.0797  -0.1660  -0.3081   0.0779   0.2855
 -0.0006  -0.0607  -0.1717  -0.3608   0.0770   0.2946
 -0.0005  -0.0542  -0.1700  -0.3715   0.0727   0.3007
  0.0112  -0.0727  -0.1451  -0.3635   0.0705   0.3253
  0.0061  -0.0888  -0.1517  -0.3451   0.0713   0.3432
  0.0029  -0.0890  -0.1709  -0.3533   0.0739   0.3525
  0.0064  -0.0760  -0.1703  -0.3545   0.0715   0.3576
 -0.0021  -0.0560  -0.1744  -0.3877   0.0633   0.3519
  0.0050  -0.0465  -0.1718  -0.4246   0.0759   0.3729
  0.0062  -0.0551  -0.1669  -0.4200   0.0723   0.3785
  0.0051  -0.0596  -0.1687  -0.4140   0.0696   0.3896
  0.0079  -0.0871  -0.1750  -0.3807   0.0668   0.4160
  0.0126  -0.0896  -0.1727  -0.3971   0.0745   0.4205
  0.0143  -0.0775  -0.1767  -0.4148   0.0778   0.4257
  0.0165  -0.0589  -0.1754  -0.4365   0.0817   0.4302
  0.0146  -0.0534  -0.1728  -0.4662   0.0848   0.4513
  0.0255  -0.0815  -0.1626  -0.4406   0.0804   0.4743
  0.0327  -0.0924  -0.1689  -0.4335   0.0820   0.4870
  0.0426  -0.1173  -0.1572  -0.4277   0.0841   0.5068
  0.0391  -0.0990  -0.1621  -0.4453   0.0885   0.5033
  0.0549  -0.0703  -0.1461  -0.4704   0.0992   0.5146
  0.0519  -0.0675  -0.1562  -0.4770   0.0969   0.5280
  0.0487  -0.0662  -0.1621  -0.4812   0.0909   0.5450
  0.0492  -0.0704  -0.1565  -0.4853   0.0892   0.5577
  0.0529  -0.0912  -0.1555  -0.4644   0.0885   0.5711
  0.0537  -0.1101  -0.1694  -0.4503   0.0830   0.5774
  0.0463  -0.0911  -0.1873  -0.4438   0.0837   0.5744
  0.0461  -0.0896  -0.1883  -0.4546   0.0854   0.5953
  0.0507  -0.0683  -0.1765  -0.4804   0.0898   0.6154
  0.0503  -0.0752  -0.1756  -0.4924   0.0890   0.6275
  0.0505  -0.0652  -0.1770  -0.5034   0.0925   0.6398
  0.0613  -0.0686  -0.1701  -0.5124   0.0952   0.6471
  0.0572  -0.0865  -0.1757  -0.4994   0.0955   0.6773
  0.0602  -0.0931  -0.1771  -0.4928   0.0820   0.6930
  0.0575  -0.0998  -0.1781  -0.4969   0.0923   0.6991
  0.0588  -0.0880  -0.1738  -0.4950   0.0994   0.7064
  0.0640  -0.0725  -0.1743  -0.5239   0.1023   0.7154
  0.0613  -0.0635  -0.1753  -0.5599   0.1042   0.7263
  0.0677  -0.0699  -0.1640  -0.5708   0.1088   0.7450
  0.0676  -0.0959  -0.1610  -0.5373   0.1045   0.7603
  0.0646  -0.1194  -0.1752  -0.5126   0.1048   0.7798
  0.0566   0.0072  -0.1787  -0.8925   0.1281   0.7938
  0.0957  -0.3217  -0.1358  -1.7888   0.2520   0.8728
  0.1652  -0.4155  -0.0657  -1.1612   0.2468   0.8397
  0.1830  -0.3228  -0.1119  -1.2028   0.2299   0.8352
  0.1603  -0.3115  -0.1143  -1.2951   0.2479   0.8658
  0.1617  -0.3636  -0.0918  -1.3264   0.2468   0.8870
