  0.1595  -0.2071  -0.0573   0.3429   0.1214   0.0971
  0.1592  -0.2009  -0.0636   0.3916   0.1186   0.0771
  0.1616  -0.2453  -0.0544   0.4520   0.1232  -0.0231
  0.1646  -0.2178  -0.0525   0.4059   0.1253   0.0214
  0.1601  -0.1992  -0.0556   0.4158   0.1188   0.0663
  0.1580  -0.2446  -0.0479   0.4646   0.1191  -0.0483
  0.1568  -0.2106  -0.0500   0.4039   0.1201   0.0181
  0.1548  -0.1918  -0.0538   0.4092   0.1177   0.0374
  0.1585  -0.2414  -0.0500   0.4573   0.1213  -0.0495
  0.1609  -0.2104  -0.0507   0.3858   0.1256   0.0166
  0.1607  -0.1897  -0.0477   0.3787   0.1234   0.0768
  0.1611  -0.2288  -0.0458   0.4334   0.1242  -0.0328
  0.1629  -0.2650  -0.0406   0.4446   0.1290  -0.0514
  0.1691  -0.2038  -0.0435   0.3431   0.1360   0.0856
  0.1781  -0.1958  -0.0502   0.3709   0.1470   0.0511
  0.1753  -0.2542  -0.0589   0.4458   0.1528  -0.0685
  0.1718  -0.2714  -0.0525   0.4543   0.1427  -0.0528
  0.1702  -0.2219  -0.0445   0.3702   0.1394   0.0504
  0.1818  -0.1848  -0.0366   0.2986   0.1452   0.1049
  0.1718  -0.2204  -0.0386   0.3685   0.1382   0.0105
  0.1651  -0.2592  -0.0412   0.4353   0.1335  -0.0602
  0.1686  -0.2070  -0.0324   0.3446   0.1329   0.0334
  0.1649  -0.1877  -0.0261   0.3118   0.1260   0.1008
  0.1552  -0.2375  -0.0275   0.3942   0.1175  -0.0309
  0.1470  -0.2622  -0.0335   0.4218   0.1144  -0.0510
  0.1493  -0.2018  -0.0331   0.3520   0.1138   0.0774
  0.1572  -0.1794  -0.0470   0.3402   0.1150   0.0846
  0.1494  -0.2196  -0.0422   0.4121   0.1138  -0.0407
  0.1473  -0.2467  -0.0450   0.4677   0.1094  -0.0629
  0.1498  -0.2157  -0.0301   0.3938   0.1104   0.0082
  0.1475  -0.1980  -0.0135   0.3718   0.1058   0.0842
  0.1532  -0.2730  -0.0074   0.4534   0.1078   0.0180
  0.1577  -0.3101  -0.0081   0.4906   0.1187  -0.0553
  0.1639  -0.2385  -0.0322   0.4335   0.1213   0.0205
  0.1638  -0.1845  -0.0192   0.3436   0.1168   0.1040
  0.1597  -0.2012  -0.0105   0.3850   0.1166   0.0248
  0.1584  -0.2642  -0.0230   0.4812   0.1212  -0.0686
  0.1578  -0.2506  -0.0326   0.4624   0.1220  -0.0351
  0.1616  -0.1853  -0.0297   0.3661   0.1247   0.0798
  0.1589  -0.2117  -0.0215   0.4116   0.1194   0.0236
  0.1528  -0.2538  -0.0213   0.4666   0.1186  -0.0633
  0.1509  -0.2635  -0.0139   0.4595   0.1091  -0.0202
  0.1505  -0.2047  -0.0154   0.3658   0.1096   0.0913
  0.1477  -0.1869  -0.0074   0.3382   0.1038   0.0626
  0.1429  -0.2266   0.0002   0.4078   0.1040  -0.0145
  0.1416  -0.2621  -0.0072   0.4494   0.1091  -0.0387
  0.1425  -0.2087  -0.0123   0.3575   0.1103   0.0613
  0.1425  -0.1967  -0.0096   0.3547   0.1095   0.0561
  0.1419  -0.2376  -0.0081   0.4117   0.1090  -0.0470
  0.1428  -0.1984  -0.0099   0.3416   0.1140   0.0241
  0.1400  -0.1872  -0.0141   0.3395   0.1076   0.0385
  0.1394  -0.2270  -0.0133   0.3917   0.1074  -0.0201
  0.1410  -0.1969  -0.0112   0.3369   0.1126   0.0201
  0.1372  -0.1847  -0.0130   0.3374   0.1100   0.0503
  0.1364  -0.2247  -0.0110   0.4037   0.1088  -0.0516
  0.1361  -0.2195  -0.0110   0.3697   0.1091  -0.0245
  0.1494  -0.1810  -0.0102   0.3169   0.1223   0.0487
  0.1413  -0.1923  -0.0132   0.3380   0.1103   0.0317
  0.1368  -0.2111  -0.0117   0.3500   0.1087  -0.0297
  0.1329  -0.2132  -0.0087   0.3689   0.1035   0.0025
  0.1317  -0.2146  -0.0087   0.3605   0.1051  -0.0329
  0.1320  -0.1676  -0.0099   0.3043   0.1043   0.0583
  0.1291  -0.1821  -0.0084   0.3439   0.0990   0.0010
  0.1277  -0.2085  -0.0019   0.3553   0.0991  -0.0314
  0.1265  -0.1788  -0.0027   0.3101   0.0982   0.0563
  0.1242  -0.1854  -0.0059   0.3400   0.0978   0.0142
  0.1239  -0.2267  -0.0034   0.3905   0.1041  -0.0614
  0.1226  -0.2189  -0.0047   0.3754   0.1034  -0.0094
  0.1231  -0.1674   0.0017   0.2876   0.0949   0.0917
  0.1213  -0.1824   0.0004   0.3256   0.0986   0.0283
  0.1178  -0.2134  -0.0007   0.3709   0.1025  -0.0405
  0.1149  -0.1718  -0.0027   0.2999   0.0976   0.0400
  0.1176  -0.1652  -0.0014   0.2978   0.0963   0.0317
  0.1392  -0.2150  -0.0132   0.3517   0.1190  -0.0339
  0.1270  -0.1835  -0.0099   0.3058   0.1057   0.0057
  0.1239  -0.1673  -0.0077   0.3067   0.0995   0.0295
  0.1150  -0.1960  -0.0089   0.3489   0.0939  -0.0358
  0.1131  -0.2279  -0.0020   0.3831   0.0925  -0.0675
  0.1152  -0.1846  -0.0049   0.3110   0.0937   0.0379
  0.1164  -0.1566  -0.0017   0.2691   0.0911   0.0663
  0.1083  -0.1949   0.0009   0.3237   0.0889  -0.0242
  0.1254  -0.3202  -0.0014   0.3206   0.1130   0.0142
  0.0705  -0.0902   0.0021   0.0677   0.0621   0.0939
  0.2234   0.1339  -0.1115  -0.2080   0.1346   0.2684
  0.1136   0.0687  -0.1866  -0.0117   0.0468  -0.0629
  0.0948  -0.0011  -0.1342   0.0705   0.0605  -0.0463
  0.1073  -0.0024  -0.0834   0.0332   0.0659   0.1293
  0.1011  -0.0002  -0.0561   0.0447   0.0644   0.0613
  0.0912  -0.0015  -0.0614   0.0572   0.0582  -0.0024
  0.0741  -0.0177  -0.0144   0.0266   0.0440   0.0876
  0.0713  -0.0340   0.0151   0.0453   0.0421   0.0724
  0.1098  -0.0905  -0.0311   0.1248   0.0813  -0.0150
  0.0964  -0.0951  -0.0368   0.1830   0.0725  -0.0425
  0.0964  -0.0307  -0.0537   0.1634   0.0508  -0.0693
  0.1022  -0.0055  -0.1168   0.2745   0.0411  -0.0515
  0.0796   0.0019  -0.0490   0.2555   0.0253  -0.0459
  0.0704   0.0361  -0.0146   0.1162   0.0279   0.0960
  0.0564   0.0569  -0.0107  -0.0143   0.0197   0.1447
  0.0558   0.0708  -0.0229  -0.0851   0.0247   0.1697
  0.0334   0.0231  -0.0107  -0.0080  -0.0020   0.0196
  0.0369  -0.0555  -0.0155   0.0794   0.0087  -0.0412
  0.0422  -0.0246   0.0122   0.0315   0.0125   0.1179
  0.0386  -0.0265   0.0209   0.0434   0.0109   0.0415
  0.0387  -0.0206   0.0209   0.0262   0.0160   0.0053
  0.0394  -0.0098   0.0317   0.0139   0.0154   0.0494
  0.0387  -0.0168   0.0346   0.0318   0.0152   0.0406
  0.0396  -0.0298   0.0350   0.0493   0.0176   0.0079
  0.0355  -0.0102   0.0386   0.0370   0.0108   0.0432
  0.0471  -0.0319   0.0273   0.0805   0.0199   0.0119
  0.0565  -0.0431   0.0201   0.0903   0.0265   0.0037
  0.0581  -0.0172   0.0243   0.0733   0.0247   0.0746
  0.0569  -0.0496   0.0214   0.1207   0.0289   0.0194
  0.0502  -0.0642   0.0193   0.1313   0.0274  -0.0158
  0.0511  -0.0147   0.0317   0.0896   0.0299   0.0931
  0.0485  -0.0277   0.0286   0.1028   0.0181   0.0399
  0.0506  -0.0599   0.0267   0.1426   0.0227  -0.0304
  0.0513  -0.0810   0.0304   0.1765   0.0271  -0.0199
  0.0540  -0.0640   0.0366   0.1284   0.0208   0.0193
  0.0435  -0.0259   0.0364   0.0716   0.0129   0.0966
  0.0437  -0.0399   0.0403   0.0931   0.0186   0.0672
  0.0477  -0.0774   0.0377   0.1567   0.0255  -0.0280
  0.0480  -0.0782   0.0345   0.1397   0.0258   0.0094
  0.0426  -0.0429   0.0372   0.0788   0.0246   0.0863
  0.0373  -0.0310   0.0289   0.0896   0.0180   0.0803
  0.0398  -0.0631   0.0281   0.1291   0.0200  -0.0060
  0.0395  -0.0559   0.0285   0.1017   0.0183   0.0196
  0.0363  -0.0301   0.0347   0.0573   0.0093   0.1058
  0.0385  -0.0503   0.0391   0.0807   0.0118   0.0372
  0.0388  -0.0404   0.0410   0.0687   0.0140   0.0170
  0.0366  -0.0322   0.0389   0.0450   0.0135   0.0744
  0.0368  -0.0484   0.0373   0.0603   0.0141   0.0276
  0.0350  -0.0403   0.0335   0.0402   0.0166   0.0356
  0.0293  -0.0336   0.0283   0.0533   0.0113   0.0564
  0.0290  -0.0426   0.0294   0.0499   0.0060   0.0187
  0.0342  -0.0314   0.0336   0.0438   0.0145   0.0463
  0.0357  -0.0214   0.0336   0.0484   0.0144   0.0477
  0.0363  -0.0363   0.0360   0.0722   0.0133   0.0016
  0.0381  -0.0377   0.0392   0.0667   0.0161  -0.0082
  0.0283  -0.0292   0.0287   0.0846   0.0068   0.0692
  0.0339  -0.0251   0.0328   0.0690   0.0081   0.0187
  0.0370  -0.0586   0.0381   0.0887   0.0125  -0.0192
  0.0348  -0.0287   0.0347   0.0375   0.0071   0.0599
  0.0331  -0.0244   0.0346   0.0534   0.0060   0.0480
  0.0346  -0.0511   0.0369   0.0729   0.0098  -0.0063
  0.0335  -0.0476   0.0382   0.0511   0.0094   0.0170
  0.0315  -0.0207   0.0429   0.0158   0.0022   0.0844
  0.0325  -0.0402   0.0420   0.0482   0.0038   0.0130
  0.0383  -0.0717   0.0413   0.0588   0.0171  -0.0303
  0.0359  -0.0250   0.0407   0.0016   0.0134   0.0976
  0.0373  -0.0335   0.0394   0.0313   0.0118   0.0414
  0.0413  -0.0768   0.0441   0.0604   0.0203  -0.0370
  0.0397  -0.0410   0.0436  -0.0014   0.0159   0.0890
  0.0383  -0.0278   0.0483   0.0051   0.0080   0.0801
  0.0456  -0.0847   0.0541   0.0874   0.0165  -0.0553
  0.0400  -0.0658   0.0451   0.0149   0.0202   0.0074
  0.0312  -0.0113   0.0507  -0.0400   0.0078   0.1673
  0.0346  -0.0442   0.0598   0.0164   0.0086   0.0356
  0.0376  -0.0575   0.0579  -0.0029   0.0147  -0.0183
  0.0319  -0.0154   0.0577  -0.0559   0.0043   0.1543
  0.0319  -0.0398   0.0589  -0.0225   0.0059   0.0209
  0.0350  -0.0527   0.0609  -0.0290   0.0121   0.0070
  0.0321  -0.0163   0.0604  -0.0516   0.0068   0.1006
  0.0342  -0.0430   0.0648  -0.0046   0.0109   0.0006
  0.0375  -0.0484   0.0635  -0.0384   0.0138  -0.0079
  0.0276  -0.0386   0.0657  -0.0363   0.0033   0.1248
  0.0336  -0.0538   0.0671   0.0048   0.0083  -0.0148
  0.0431  -0.0563   0.0601  -0.0183   0.0162   0.0340
  0.0524  -0.0653   0.0135  -0.0483   0.0270   0.1386
  0.1092   0.0069   0.1006   0.0095   0.0770  -0.0606
  0.1017   0.4923  -0.0439  -0.6824  -0.0082   0.3223
 -0.0393   0.0813  -0.1130  -0.1608  -0.1037  -0.0325
 -0.0507   0.0235  -0.0251   0.0118  -0.0756  -0.0703
 -0.0280   0.0002   0.0097  -0.0693  -0.0491   0.0407
 -0.0574   0.0100   0.0627  -0.0606  -0.0724   0.1086
 -0.0585  -0.0260   0.0741   0.0066  -0.0713  -0.0289
 -0.0236  -0.0380   0.0531  -0.0210  -0.0395   0.0041
 -0.0112  -0.0101   0.0592  -0.0509  -0.0323   0.1499
 -0.0211  -0.0380   0.0791   0.0065  -0.0403   0.0170
 -0.0847  -0.0807   0.0942   0.1104  -0.0926  -0.0793
 -0.0915   0.1681   0.0988   0.1614  -0.0719  -0.0002
 -0.0179   0.3004   0.0411  -0.0931  -0.0305   0.0809
 -0.0676   0.0017   0.0631   0.1610  -0.0840  -0.1257
 -0.0871   0.0081   0.0296  -0.0665  -0.0860   0.0802
 -0.0846   0.0508   0.0348  -0.0666  -0.0836   0.0190
 -0.0679   0.0652   0.0740  -0.0582  -0.0747   0.1026
 -0.0600   0.0332   0.0888  -0.0185  -0.0661   0.0069
 -0.0480  -0.0226   0.0902   0.0555  -0.0564  -0.0316
 -0.0263  -0.0543   0.0990  -0.0098  -0.0406   0.0933
 -0.0500  -0.0034   0.1254   0.0175  -0.0625   0.0134
 -0.0409  -0.0533   0.1186   0.0785  -0.0474  -0.0714
 -0.0457  -0.0284   0.1020   0.0173  -0.0493   0.0369
 -0.0156  -0.0275   0.1509   0.1188  -0.0078   0.0179
 -0.0671  -0.0778   0.1356   0.2394  -0.0094  -0.0732
 -0.0739   0.1209   0.0592  -0.2714   0.0385   0.2748
 -0.0347   0.0036   0.0100   0.0261   0.0054  -0.1362
 -0.0030   0.0687  -0.0470  -0.1994  -0.0167   0.0688
 -0.0257   0.0248  -0.0481  -0.1011  -0.0220  -0.0275
 -0.0633   0.0545  -0.0536  -0.1208  -0.0446  -0.0035
 -0.0295   0.0847   0.0400  -0.2315  -0.0238   0.1774
 -0.0254  -0.0006   0.0661  -0.0614  -0.0153  -0.0098
 -0.0258   0.0638   0.0547  -0.1354  -0.0163   0.0349
 -0.0334   0.0976   0.0691  -0.1911  -0.0254   0.1230
 -0.0367   0.0883   0.0660  -0.1404  -0.0288   0.0324
 -0.0355   0.0649   0.0629  -0.0966  -0.0255  -0.0077
 -0.0389   0.0746   0.0629  -0.1269  -0.0310   0.0347
 -0.0471   0.0796   0.0698  -0.1329  -0.0386   0.0648
 -0.0473   0.0724   0.0650  -0.1305  -0.0312   0.0214
 -0.0422   0.0805   0.0711  -0.1521  -0.0210   0.0343
 -0.0375   0.0993   0.0794  -0.1567  -0.0203   0.0979
 -0.0407   0.0775   0.0746  -0.1377  -0.0214   0.0301
 -0.0421   0.0524   0.0739  -0.1071  -0.0211   0.0013
 -0.0504   0.0766   0.0710  -0.1487  -0.0341   0.0666
 -0.0488   0.0673   0.0736  -0.1277  -0.0355   0.0347
 -0.0499   0.0440   0.0756  -0.0913  -0.0366   0.0291
 -0.0526   0.0681   0.0807  -0.1492  -0.0408   0.0545
 -0.0531   0.0492   0.0745  -0.1165  -0.0408   0.0443
 -0.0427   0.0047   0.0678  -0.0671  -0.0327  -0.0422
 -0.0479   0.0481   0.0754  -0.1335  -0.0412   0.0839
 -0.0466   0.0573   0.0641  -0.1294  -0.0438   0.0728
 -0.0499   0.0097   0.0716  -0.0593  -0.0437  -0.0070
 -0.0413  -0.0145   0.0607  -0.0578  -0.0343  -0.0175
 -0.0443   0.0414   0.0762  -0.1330  -0.0408   0.1018
 -0.0470   0.0131   0.0857  -0.0803  -0.0429   0.0233
 -0.0516  -0.0013   0.0904   0.0238  -0.0697  -0.1073
 -0.0529   0.0758   0.0171   0.1004  -0.0911  -0.1346
 -0.0539   0.1595  -0.0153  -0.0630  -0.0874   0.0165
 -0.0686   0.1126  -0.0042   0.0638  -0.0801  -0.0601
 -0.0742   0.0906   0.0316   0.0106  -0.0864  -0.0153
 -0.0691   0.1895  -0.0264  -0.3921  -0.0816   0.1122
 -0.0418   0.3207   0.0061  -0.4634  -0.0565   0.0097
 -0.0296   0.1914   0.0187  -0.1666  -0.0489  -0.1781
 -0.0598   0.5820  -0.1948  -0.3160  -0.1374   0.0144
 -0.1773   0.4077  -0.1013  -0.1670  -0.2188  -0.0134
 -0.1815   0.1347   0.0077   0.0744  -0.1606  -0.1141
 -0.1684   0.1556   0.0329   0.0463  -0.1488   0.0130
 -0.1330   0.1873   0.0238  -0.2822  -0.1162   0.1297
 -0.0879   0.1730   0.0825  -0.3180  -0.0660   0.1127
 -0.0764   0.1399   0.0789  -0.2489  -0.0419   0.0043
 -0.0708   0.0634   0.0323  -0.1070  -0.0409   0.0063
 -0.0552   0.0536   0.0342  -0.0697  -0.0286  -0.0603
 -0.0694   0.0943   0.0615  -0.1713  -0.0379   0.0383
 -0.0779   0.0748   0.0570  -0.1151  -0.0442  -0.0142
 -0.0939   0.0632   0.0680  -0.1082  -0.0553  -0.0689
 -0.1019   0.1276   0.0847  -0.2049  -0.0682   0.1055
 -0.1256   0.1451   0.0761  -0.2100  -0.0962   0.0277
 -0.1154   0.1177   0.0542  -0.1513  -0.0970  -0.0532
 -0.0543   0.2718  -0.1540  -0.3792  -0.0686   0.1256
  0.0063   0.2574  -0.3294  -0.2762  -0.0096   0.0277
 -0.1197   0.1210  -0.2935  -0.1460  -0.1375  -0.0857
 -0.1138   0.0944  -0.2251  -0.0730  -0.1197  -0.0284
 -0.0985   0.0293  -0.1914  -0.0140  -0.0963  -0.0873
 -0.0812   0.0834  -0.1229  -0.0931  -0.0725   0.0346
 -0.0954   0.0776  -0.1294  -0.0803  -0.0833  -0.0276
 -0.0989   0.1038  -0.1158  -0.1149  -0.0891  -0.0103
 -0.0988   0.1104  -0.0876  -0.1145  -0.0913   0.0062
 -0.0814   0.0896  -0.0615  -0.0771  -0.0604  -0.0479
 -0.0753   0.0620  -0.0401  -0.0267  -0.0497  -0.0907
 -0.0875   0.1154  -0.0295  -0.1203  -0.0711   0.0246
 -0.0808   0.1516  -0.0444  -0.1439  -0.0726   0.0445
 -0.0669   0.0705  -0.0626  -0.0090  -0.0457  -0.0526
 -0.0651   0.0805  -0.0507  -0.0704  -0.0455  -0.0377
 -0.0665   0.0778  -0.0702  -0.0420  -0.0321  -0.0551
 -0.0757   0.0713  -0.0701  -0.0331  -0.0456  -0.0435
 -0.0702   0.0637  -0.0709  -0.0292  -0.0396  -0.0342
 -0.0638   0.0580  -0.0623  -0.0210  -0.0297  -0.0656
 -0.0651   0.0751  -0.0594  -0.0605  -0.0376   0.0027
 -0.0650   0.0823  -0.0609  -0.0662  -0.0372  -0.0307
 -0.0669   0.0776  -0.0590  -0.0686  -0.0404  -0.0088
 -0.0666   0.0776  -0.0572  -0.0695  -0.0403  -0.0271
 -0.0637   0.0598  -0.0618  -0.0484  -0.0376  -0.0520
 -0.0615   0.0804  -0.0550  -0.0719  -0.0386  -0.0386
 -0.0674   0.0721  -0.0564  -0.0513  -0.0500   0.0027
 -0.0693   0.0658  -0.0532  -0.0547  -0.0495  -0.0414
 -0.0698   0.0865  -0.0462  -0.0828  -0.0534   0.0137
 -0.0694   0.0750  -0.0534  -0.0704  -0.0477  -0.0289
 -0.0685   0.0443  -0.0504  -0.0428  -0.0441  -0.0739
 -0.0677   0.0805  -0.0452  -0.0932  -0.0469  -0.0006
 -0.0705   0.0720  -0.0492  -0.0719  -0.0501  -0.0335
 -0.0695   0.0442  -0.0457  -0.0527  -0.0483  -0.0858
 -0.0718   0.0729  -0.0560  -0.0910  -0.0482   0.0208
 -0.0739   0.0685  -0.0483  -0.0823  -0.0543  -0.0376
 -0.0595   0.0200  -0.0727  -0.0145  -0.0485  -0.0924
 -0.0642   0.0520  -0.0765   0.0055  -0.0487  -0.1005
 -0.0651   0.0951  -0.0536  -0.1559  -0.0553   0.0693
 -0.0697   0.0726  -0.0430  -0.0803  -0.0544  -0.0274
 -0.0739   0.0194  -0.0349   0.0196  -0.0601  -0.1642
 -0.0702   0.0481  -0.0435  -0.0320  -0.0601  -0.0670
 -0.0760   0.1015  -0.0485  -0.1390  -0.0616   0.0894
 -0.0794   0.0712  -0.0403  -0.0943  -0.0688   0.0178
 -0.0802   0.0396  -0.0330  -0.0524  -0.0681  -0.1002
 -0.0810   0.0993  -0.0383  -0.1541  -0.0714   0.0746
 -0.0829   0.0915  -0.0382  -0.1207  -0.0759   0.0027
 -0.0806   0.0552  -0.0313  -0.0728  -0.0722  -0.0818
 -0.0831   0.0973  -0.0391  -0.1411  -0.0758   0.0001
 -0.0879   0.1081  -0.0436  -0.1318  -0.0815   0.0076
 -0.0870   0.0665  -0.0331  -0.0637  -0.0810  -0.0747
 -0.0849   0.0961  -0.0363  -0.1235  -0.0790  -0.0174
 -0.0899   0.1163  -0.0365  -0.1443  -0.0891   0.0083
 -0.0866   0.0714  -0.0348  -0.0782  -0.0827  -0.0622
 -0.0877   0.1014  -0.0403  -0.1387  -0.0808  -0.0278
 -0.0934   0.1223  -0.0437  -0.1482  -0.0848   0.0200
 -0.0856   0.0812  -0.0311  -0.0872  -0.0857  -0.0857
 -0.0873   0.1061  -0.0331  -0.1328  -0.0841  -0.0263
 -0.0912   0.1350  -0.0319  -0.1506  -0.0919   0.0201
 -0.0927   0.1041  -0.0243  -0.0907  -0.0897  -0.0653
 -0.0911   0.1044  -0.0228  -0.1112  -0.0843  -0.0789
 -0.1057   0.1525  -0.0307  -0.1414  -0.0921   0.0067
 -0.1002   0.1002  -0.0304  -0.0873  -0.0844  -0.0562
 -0.0980   0.0918  -0.0304  -0.1089  -0.0798  -0.0729
 -0.0996   0.1276  -0.0328  -0.1574  -0.0816   0.0164
 -0.1000   0.1210  -0.0346  -0.1328  -0.0794  -0.0478
 -0.0978   0.0809  -0.0312  -0.0731  -0.0788  -0.1066
 -0.0943   0.1137  -0.0278  -0.1567  -0.0733  -0.0413
 -0.0940   0.1131  -0.0249  -0.1612  -0.0769   0.0161
 -0.0926   0.0713  -0.0141  -0.1034  -0.0776  -0.1133
 -0.0963   0.1101  -0.0231  -0.1776  -0.0815   0.0030
 -0.0941   0.1131  -0.0238  -0.1587  -0.0807  -0.0116
 -0.0932   0.0774  -0.0135  -0.1122  -0.0809  -0.0814
 -0.0905   0.0767  -0.0057  -0.1322  -0.0741  -0.0665
 -0.1056   0.0920   0.0158  -0.1396  -0.0759   0.0221
 -0.1000   0.0559  -0.0025  -0.0832  -0.0732  -0.0934
 -0.0924   0.0657  -0.0130  -0.1106  -0.0666  -0.0654
 -0.0636   0.0503  -0.0450  -0.0860  -0.0457  -0.0011
 -0.0705   0.0201  -0.0261  -0.0303  -0.0532  -0.0959
 -0.0799   0.0277  -0.0222  -0.0564  -0.0624  -0.0717
 -0.0981   0.0689  -0.0092  -0.1011  -0.0845   0.0190
 -0.1039   0.0570  -0.0118  -0.0818  -0.0873  -0.0409
 -0.1015   0.0218  -0.0092  -0.0687  -0.0806  -0.0825
 -0.1032   0.0678  -0.0136  -0.1422  -0.0792  -0.0001
 -0.1035   0.0734  -0.0129  -0.1214  -0.0830   0.0037
 -0.1040   0.0237  -0.0102  -0.0515  -0.0797  -0.1112
 -0.0999   0.0470  -0.0148  -0.1103  -0.0734  -0.0449
 -0.1056   0.0928  -0.0159  -0.1391  -0.0818   0.0467
 -0.1115   0.0640  -0.0054  -0.0943  -0.0834  -0.0582
 -0.1140   0.0446  -0.0084  -0.0878  -0.0818  -0.0886
 -0.1122   0.0897  -0.0110  -0.1494  -0.0847   0.0136
 -0.1106   0.0646  -0.0006  -0.0879  -0.0885  -0.0294
 -0.1057   0.0469  -0.0019  -0.0844  -0.0799  -0.0991
 -0.1001   0.0911  -0.0085  -0.1688  -0.0727   0.0430
 -0.0980   0.0887  -0.0064  -0.1686  -0.0736   0.0015
 -0.1095   0.0900  -0.0108  -0.1918  -0.0817  -0.0435
 -0.1178   0.1082  -0.0168  -0.2067  -0.0903   0.0064
 -0.1202   0.1062  -0.0123  -0.1907  -0.0990  -0.0142
 -0.1196   0.0658  -0.0035  -0.1192  -0.0943  -0.0894
 -0.1202   0.0683  -0.0050  -0.1411  -0.0927  -0.0548
 -0.1222   0.1131  -0.0037  -0.2199  -0.0977   0.0476
 -0.1256   0.0873   0.0013  -0.1652  -0.1037  -0.0263
 -0.1256   0.0608   0.0037  -0.1320  -0.1021  -0.0861
 -0.1309   0.1096  -0.0004  -0.2213  -0.1075   0.0300
 -0.1333   0.1063   0.0045  -0.2227  -0.1122   0.0115
 -0.1307   0.0726   0.0098  -0.1685  -0.1106  -0.0791
 -0.1322   0.1185   0.0202  -0.2449  -0.1181   0.0136
 -0.1341   0.1138   0.0174  -0.2346  -0.1204   0.0291
 -0.1302   0.0879   0.0235  -0.1969  -0.1186  -0.0473
 -0.1361   0.1218   0.0233  -0.2623  -0.1211   0.0259
 -0.1400   0.1252   0.0391  -0.2287  -0.1274  -0.0047
 -0.1446   0.0893   0.0263  -0.2178  -0.1311  -0.0569
 -0.1520   0.1224   0.0227  -0.2438  -0.1346   0.0320
 -0.1545   0.1250   0.0223  -0.2169  -0.1388  -0.0017
 -0.1517   0.0885   0.0309  -0.1775  -0.1374  -0.0717
 -0.1604   0.1040   0.0405  -0.2232  -0.1396   0.0292
 -0.1832   0.1402   0.0700  -0.2416  -0.1609   0.0019
 -0.1751   0.0936   0.0513  -0.2294  -0.1389  -0.0666
 -0.1836   0.1946  -0.1247  -0.3557  -0.1560  -0.0227
 -0.2457   0.3239  -0.1131  -0.2555  -0.2341  -0.0468
 -0.2363   0.1224  -0.0608   0.0386  -0.1912  -0.1605
 -0.2009   0.1729  -0.0475  -0.2511  -0.1370   0.0566
 -0.1525   0.1528  -0.0173  -0.3583  -0.1072   0.0674
 -0.1583   0.1277  -0.0325  -0.3344  -0.1179   0.0880
 -0.1554   0.1012  -0.0039  -0.3038  -0.1174  -0.0436
 -0.1550   0.1455  -0.0039  -0.3569  -0.1178   0.0525
 -0.1728   0.1542   0.0184  -0.3392  -0.1329   0.0258
 -0.1560   0.1194   0.0298  -0.3059  -0.1222  -0.0124
 -0.1543   0.1155   0.0324  -0.3138  -0.1190  -0.0020
 -0.1652   0.0980   0.0404  -0.2989  -0.1397   0.0715
 -0.1582   0.0259   0.0544  -0.1406  -0.1248  -0.0784
 -0.0898   0.3263  -0.0404  -0.4218  -0.0602  -0.0491
  0.0330   0.7176  -0.2291  -0.8785   0.0867   0.1927
 -0.1301   0.3096  -0.1552  -0.7308  -0.0523  -0.0371
 -0.1058   0.2325  -0.0807  -0.4981  -0.0839  -0.0935
 -0.1098   0.2457   0.0192  -0.3862  -0.0761  -0.0735
 -0.1002   0.1181   0.0073  -0.2289  -0.0590  -0.0456
 -0.1435   0.1093   0.0129  -0.2429  -0.0984  -0.0531
 -0.1528   0.1087   0.0153  -0.2289  -0.0987  -0.0347
 -0.1444   0.1254   0.0379  -0.2523  -0.0991  -0.0363
 -0.1492   0.1501   0.0385  -0.2614  -0.1086   0.0019
 -0.1733   0.1111   0.0522  -0.1892  -0.1143  -0.0588
 -0.1781   0.0957   0.0292  -0.1634  -0.1204  -0.0898
 -0.1743   0.1406   0.0524  -0.2592  -0.1288   0.0573
 -0.1749   0.1418   0.0495  -0.2545  -0.1297  -0.0020
 -0.1732   0.1251   0.0509  -0.2495  -0.1282  -0.0222
 -0.1709   0.1350   0.0536  -0.2722  -0.1263   0.0231
 -0.1705   0.1332   0.0564  -0.2718  -0.1285   0.0287
 -0.1689   0.1290   0.0578  -0.2838  -0.1291  -0.0086
 -0.1692   0.1283   0.0596  -0.2937  -0.1271   0.0147
 -0.1710   0.1344   0.0570  -0.2999  -0.1287   0.0171
 -0.1728   0.1346   0.0559  -0.2961  -0.1307   0.0120
 -0.1712   0.1243   0.0556  -0.2921  -0.1316  -0.0104
 -0.1736   0.1419   0.0542  -0.3051  -0.1348   0.0164
 -0.1721   0.1359   0.0589  -0.2785  -0.1415   0.0099
 -0.1577   0.0898   0.0587  -0.2158  -0.1267  -0.0730
 -0.1667   0.1361   0.0586  -0.3182  -0.1295   0.0382
 -0.1732   0.1414   0.0552  -0.3060  -0.1371   0.0601
  0.1127   0.0015  -0.0637  -0.1561  -0.0118  -0.0224
  1.1790  -0.3166  -0.0313   0.1829   0.6808  -0.1600
  0.4427  -0.2268  -0.0219   0.1063   0.4287  -0.0859
  0.4265  -0.2439  -0.0263   0.1967   0.4214  -0.1627
  0.3302  -0.2100  -0.0297   0.0649   0.3547  -0.1152
  0.3330  -0.1086   0.0221  -0.1362   0.3345   0.0574
  0.2946  -0.1557  -0.0039   0.0799   0.3171  -0.1472
  0.2898  -0.1253  -0.0128   0.0201   0.3168  -0.0978
  0.2997  -0.0820  -0.0007  -0.0946   0.3061   0.0287
  0.2549  -0.1186   0.0091  -0.0043   0.2804  -0.0835
  0.2423  -0.1275   0.0236  -0.0127   0.2724  -0.0996
  0.2245  -0.0745   0.0380  -0.1073   0.2504   0.0284
  0.1969  -0.0618   0.0346  -0.1065   0.2230  -0.0263
  0.1803  -0.0970   0.0383  -0.0602   0.2111  -0.0983
  0.1700  -0.0655   0.0373  -0.1186   0.2033  -0.0419
  0.1551  -0.0397   0.0360  -0.1310   0.1891   0.0072
  0.1514  -0.0723   0.0397  -0.0828   0.1872  -0.0862
  0.1532  -0.0580   0.0370  -0.1091   0.1934  -0.0667
  0.1440  -0.0370   0.0339  -0.1218   0.1853  -0.0113
  0.1274  -0.0593   0.0165  -0.0773   0.1657  -0.0686
  0.1209  -0.0727   0.0009  -0.0662   0.1581  -0.1113
  0.1186  -0.0373   0.0036  -0.1116   0.1551  -0.0152
  0.1155  -0.0305   0.0228  -0.0689   0.1395  -0.0576
  0.0967  -0.1001  -0.0123  -0.0652   0.1281  -0.1187
  0.0980  -0.0556   0.0032  -0.1360   0.1341  -0.0495
  0.0890  -0.0267   0.0264  -0.1486   0.1197   0.0055
  0.0905  -0.0556   0.0140  -0.0957   0.1302  -0.0935
  0.0949  -0.0723   0.0119  -0.0968   0.1412  -0.1063
  0.0913  -0.0362   0.0117  -0.1345   0.1381  -0.0272
  0.0914  -0.0539   0.0124  -0.0956   0.1309  -0.0875
