  0.1692   0.3577   0.4404  -1.6666   0.2515   0.5327
  0.5225   0.7832   0.8854  -1.2214   0.3357   0.4667
  0.2963   0.5550   0.7426  -1.2274   0.3247   0.4134
  0.2350   0.4038   0.4712  -1.4248   0.2012   0.4192
  0.2097   0.2212   0.5569  -1.1831   0.1578   0.3972
  0.1822   0.3464   0.5148  -1.1287   0.0756   0.3452
  0.1353   0.2159   0.1145  -1.0105  -0.0039   0.3248
  0.0911   0.2291   0.0223  -1.0745  -0.0182   0.3303
  0.0915   0.3054   0.0835  -1.1713   0.0260   0.3217
  0.1106   0.3290   0.1204  -1.1368   0.0549   0.2907
  0.1097   0.3147   0.1341  -1.1496   0.0555   0.3016
  0.1563   0.3536   0.1303  -1.1896   0.0475   0.3097
  0.1500   0.4273   0.1425  -1.2336   0.0425   0.2934
  0.1052   0.3843   0.1115  -1.2568   0.0430   0.2995
  0.1799   0.6153   0.2343  -1.3048   0.0875   0.2666
  0.2202   0.5497   0.3382  -1.3357   0.1583   0.3027
  0.1528   0.5351   0.2906  -1.2515   0.1308   0.2834
  0.1771   0.5769   0.2166  -1.3044   0.1186   0.2853
  0.1648   0.5659   0.2266  -1.2614   0.1146   0.2679
  0.1613   0.5197   0.2156  -1.2217   0.1137   0.2761
  0.1491   0.4587   0.1968  -1.1226   0.0754   0.2548
  0.1394   0.4762   0.1530  -1.1667   0.0719   0.2723
  0.1348   0.4419   0.1499  -1.1469   0.0595   0.2716
  0.1477   0.4510   0.1880  -1.1470   0.0803   0.2617
  0.1423   0.4508   0.2026  -1.2516   0.0878   0.2815
  0.0675   0.5207   0.2145  -1.3299   0.0344   0.2449
  0.1657   0.5492   0.2347  -1.3181   0.0763   0.2407
  0.1041   0.3846   0.1350  -0.9548   0.0046   0.2116
  0.0853   0.5057   0.0721  -1.2549   0.0164   0.2332
  0.0882   0.5247   0.0941  -1.2088   0.0424   0.2278
  0.1016   0.4733   0.1175  -1.2021   0.0513   0.2177
  0.0919   0.5541   0.1421  -1.3042   0.0346   0.1973
  0.1749   0.5067   0.2493  -1.1775   0.1045   0.1980
  0.2483   0.5247   0.3307  -1.2541   0.1140   0.2233
  0.2242   0.2881   0.3418  -1.2597   0.1564   0.2516
  0.2300   0.6034   0.2216  -1.2350   0.1442   0.2089
  0.1813   0.6982   0.1384  -1.3058   0.0857   0.1998
  0.1008   0.5453   0.1844  -1.2208   0.0683   0.2152
  0.0961   0.5396   0.1591  -1.2004   0.0932   0.2267
  0.1052   0.5092   0.1494  -1.1711   0.0960   0.2424
  0.1025   0.5100   0.1351  -1.0915   0.0778   0.2144
  0.1090   0.5205   0.1536  -1.1478   0.0762   0.2174
  0.1247   0.4557   0.0810  -1.1958   0.0441   0.2466
  0.1393   0.5177   0.2242  -1.1324   0.1167   0.2076
  0.0889   0.7023   0.1805  -1.2172   0.1068   0.1858
  0.0517   0.6305   0.0913  -1.2269   0.0953   0.1796
  0.0860   0.7866   0.1603  -1.2777   0.1279   0.1530
  0.1100   0.7286   0.1812  -1.5020   0.1609   0.1913
  0.1348   0.7660   0.2206  -1.6496   0.1754   0.2109
  0.1413   0.7043   0.1490  -1.4474   0.1541   0.1935
  0.1573   0.7291   0.1466  -1.2891   0.1539   0.2168
  0.1421   0.2787   0.1193  -0.3553   0.0007   0.0521
  0.1746  -0.0804   0.1229  -0.3184   0.0309   0.1792
  0.2524  -0.4636  -0.0294  -0.3774   0.1117   0.2599
  0.2115  -0.3597  -0.0713  -0.2305   0.0824   0.2047
  0.1473  -0.3095  -0.0916  -0.1537   0.0415   0.1480
  0.1683  -0.1964  -0.0473  -0.0967   0.0490   0.1050
  0.1143  -0.1566  -0.0744  -0.0910   0.0068   0.1064
  0.0542  -0.1583  -0.0419  -0.1484   0.0087   0.1221
  0.0890  -0.2622  -0.0702  -0.1122   0.0123   0.1126
  0.1357  -0.1956   0.0554   0.0829   0.0409   0.1033
  0.0995  -0.0944   0.0604   0.0881  -0.0078   0.0317
  0.0537   0.0399   0.0336   0.0290  -0.0196   0.0321
  0.0110   0.1624   0.0464   0.0000  -0.0361  -0.0059
 -0.0163   0.1306   0.0083   0.0785  -0.0289  -0.0290
 -0.0709   0.1772   0.0194   0.0065  -0.0524  -0.0332
 -0.0420   0.1620   0.0525   0.1608  -0.0378  -0.0902
  0.0197   0.1533   0.0386   0.1957  -0.0011  -0.0646
  0.0131   0.1190   0.0369   0.2147   0.0285  -0.0512
  0.0173   0.0727   0.0244   0.1826  -0.0103  -0.0662
 -0.0026  -0.0015  -0.0131   0.2176  -0.0425  -0.0646
 -0.0138   0.0160  -0.0068   0.1362  -0.0371  -0.0418
 -0.0081   0.0849  -0.0027   0.1373  -0.0217  -0.0482
 -0.0430   0.0877  -0.0414   0.1577  -0.0187  -0.0485
  0.0122   0.0696  -0.0345   0.1763   0.0049  -0.0566
  0.0090   0.0496  -0.0086   0.2363  -0.0110  -0.0679
  0.0070   0.0185  -0.0669   0.2397  -0.0032  -0.0576
  0.0296  -0.0339  -0.1116   0.2642   0.0312  -0.0714
 -0.0176  -0.0377  -0.0436   0.2030  -0.0123  -0.0714
 -0.0644   0.0601  -0.0595   0.1411  -0.0201  -0.0799
 -0.0575   0.0794  -0.0056   0.1375   0.0111  -0.0720
 -0.0543   0.0218  -0.0404   0.2430  -0.0375  -0.0841
 -0.0301   0.0447  -0.0318   0.1890  -0.0359  -0.0717
 -0.0488   0.0982  -0.0061   0.1692  -0.0172  -0.0666
 -0.0475  -0.0110  -0.0080   0.2107  -0.0078  -0.0440
 -0.0399   0.1189  -0.0485   0.0173   0.0041  -0.0271
 -0.0574   0.0289  -0.0735   0.1088  -0.0030  -0.0280
 -0.0737  -0.0296  -0.1318   0.1962  -0.0184  -0.0377
 -0.0486  -0.1223  -0.1464   0.1629  -0.0193  -0.0005
 -0.0484  -0.4071  -0.2371   0.2363  -0.0516   0.0345
 -0.0699  -0.3580  -0.2305   0.3153  -0.0528  -0.0081
  0.0323  -0.3488  -0.1573   0.2998   0.0173  -0.0085
  0.0914  -0.3399  -0.0849   0.3498   0.0377  -0.0204
  0.0376  -0.3494  -0.1508   0.3239  -0.0099  -0.0109
 -0.0156  -0.2494  -0.2019   0.2585  -0.0097  -0.0286
  0.0266  -0.1081  -0.0665   0.1820   0.0112  -0.0540
  0.0718  -0.0748  -0.0393   0.1797   0.0355  -0.0456
 -0.0344  -0.0399  -0.1380   0.1312  -0.0265  -0.0385
 -0.0296  -0.0177  -0.0728   0.1319  -0.0103  -0.0368
 -0.0421   0.0150  -0.0500   0.0734   0.0033  -0.0290
 -0.0264   0.0300  -0.0347   0.1124   0.0242  -0.0311
 -0.0239   0.0114   0.0219   0.1513   0.0500  -0.0259
 -0.0191   0.0354   0.0308   0.3619   0.0305  -0.0748
 -0.0294  -0.0177   0.0319   0.5494  -0.0343  -0.1293
 -0.0471  -0.1008   0.1143   0.6657  -0.0654  -0.1505
 -0.0147  -0.0972   0.0414   0.6241  -0.0589  -0.1471
 -0.0592  -0.0332   0.0080   0.5790  -0.0538  -0.1513
 -0.0733  -0.0330   0.0020   0.5855  -0.0865  -0.1492
 -0.0792  -0.0921  -0.0379   0.6195  -0.0945  -0.1403
 -0.0877  -0.0526  -0.0125   0.4992  -0.1191  -0.1566
  0.0386  -0.1192  -0.0918   0.4442  -0.0112  -0.1207
 -0.0156  -0.3001  -0.0923   0.5515  -0.0119  -0.1108
 -0.0437  -0.1333  -0.0510   0.5519  -0.0561  -0.1479
 -0.0484  -0.1453  -0.0332   0.5045  -0.0126  -0.1430
 -0.0382  -0.1487  -0.0303   0.5325  -0.0121  -0.1360
 -0.0434  -0.1774  -0.0441   0.5431  -0.0150  -0.1290
 -0.0640  -0.2596  -0.1129   0.5919  -0.0364  -0.1410
 -0.0610  -0.3386  -0.1461   0.6271  -0.0572  -0.1005
 -0.0996  -0.5261  -0.2633   0.6616  -0.0843  -0.0625
 -0.0944  -0.4895  -0.2770   0.6871  -0.0776  -0.0863
 -0.1046  -0.5284  -0.2072   0.7253  -0.0741  -0.0955
 -0.1028  -0.4493  -0.2129   0.7116  -0.0690  -0.1223
 -0.1152  -0.3855  -0.2186   0.6725  -0.0910  -0.1160
 -0.1246  -0.3331  -0.2037   0.6546  -0.0739  -0.1420
 -0.1206  -0.3184  -0.2259   0.6572  -0.0842  -0.1347
 -0.0836  -0.3230  -0.1916   0.6764  -0.0670  -0.1439
 -0.1145  -0.3162  -0.2078   0.7615  -0.0949  -0.1745
 -0.1131  -0.1940  -0.1108   0.8497  -0.0727  -0.2159
 -0.1539  -0.1794  -0.1675   0.8698  -0.1005  -0.2044
 -0.1523  -0.1761  -0.1768   0.7653  -0.0978  -0.2033
 -0.1218  -0.2411  -0.1069   0.8457  -0.0765  -0.1805
 -0.0080  -0.6214  -0.0793   0.8851   0.0126  -0.0922
 -0.0392  -0.5588  -0.0819   0.8457  -0.0092  -0.1177
 -0.0768  -0.4436  -0.0774   0.7890  -0.0197  -0.1381
 -0.0907  -0.3928  -0.0860   0.7032  -0.0162  -0.1334
 -0.0762  -0.2765   0.0031   0.7260  -0.0158  -0.1421
 -0.0586  -0.1087   0.0470   0.6859  -0.0425  -0.1827
 -0.1547  -0.0679  -0.1095   0.6890  -0.0668  -0.2039
 -0.1240  -0.0810  -0.0221   0.7217  -0.0230  -0.2099
 -0.1143  -0.0839  -0.0405   0.7663  -0.0485  -0.2340
 -0.1541  -0.1568  -0.0313   0.8399  -0.0693  -0.2250
 -0.0918  -0.0002   0.0007   0.6641  -0.1845  -0.2169
 -0.1194   0.0691   0.0386   0.4805  -0.1339  -0.1943
 -0.1283  -0.0387  -0.0181   0.6582  -0.0428  -0.2019
 -0.1090  -0.1689  -0.0181   0.7538   0.0136  -0.1891
 -0.1167  -0.1743  -0.0378   0.7836   0.0095  -0.2172
 -0.1577  -0.0607   0.0050   0.7623  -0.0658  -0.2305
 -0.1263  -0.0006  -0.0555   0.6858  -0.0955  -0.2362
 -0.1697  -0.0774  -0.0844   0.7113  -0.0706  -0.2237
 -0.1256  -0.1180  -0.0652   0.7041  -0.0521  -0.1931
 -0.1295  -0.1173  -0.0493   0.7354  -0.0469  -0.1956
 -0.1427  -0.1007  -0.0581   0.7029  -0.0736  -0.2184
 -0.1342  -0.1824  -0.0869   0.6863  -0.1187  -0.2091
 -0.0119  -0.2445  -0.1650   0.7264  -0.0793  -0.1921
 -0.0765  -0.1406  -0.1092   0.7663  -0.0762  -0.2001
 -0.0892  -0.1638  -0.1146   0.7602  -0.0516  -0.2019
 -0.1033  -0.1496  -0.0849   0.6765  -0.0475  -0.1825
 -0.0851  -0.1988  -0.0702   0.6536  -0.0653  -0.1985
 -0.0998  -0.2661  -0.1060   0.7203  -0.0750  -0.1986
 -0.0916  -0.2836  -0.1067   0.7095  -0.0727  -0.1828
 -0.0642  -0.3796  -0.1199   0.7034  -0.0337  -0.1478
 -0.1162  -0.4028  -0.1525   0.7263  -0.0107  -0.1699
 -0.0906  -0.5216  -0.1783   0.7843  -0.0195  -0.1395
 -0.0867  -0.5414  -0.1971   0.7745  -0.0542  -0.1290
 -0.1023  -0.4167  -0.1526   0.8037  -0.0948  -0.1615
 -0.1396  -0.3245  -0.1538   0.6069  -0.0622  -0.1708
 -0.1496  -0.2706  -0.1212   0.6395  -0.0623  -0.1847
 -0.1148  -0.3149  -0.0937   0.7059  -0.0581  -0.1730
 -0.1052  -0.2639  -0.0745   0.6485  -0.0353  -0.1782
 -0.1056  -0.3300  -0.1012   0.7133  -0.0463  -0.1917
 -0.0746  -0.3017  -0.0728   0.6638  -0.0339  -0.1859
 -0.1007  -0.0494  -0.0440   0.6203  -0.0216  -0.2109
 -0.0271   0.0409  -0.0319   0.6069  -0.0080  -0.2325
 -0.0565  -0.1954  -0.0433   0.6766  -0.0236  -0.2011
 -0.0544  -0.2903  -0.0600   0.6981  -0.0226  -0.1885
 -0.0755  -0.3065  -0.0727   0.7109  -0.0120  -0.1888
 -0.0544  -0.3526  -0.0837   0.7959  -0.0296  -0.1784
 -0.0869  -0.2744  -0.0887   0.8647  -0.0644  -0.2316
 -0.0969  -0.1037  -0.0331   0.7652  -0.0499  -0.2280
 -0.0942  -0.1846  -0.0697   0.6663  -0.0405  -0.2024
