  0.3799  -0.1460   0.0692  -0.0213   0.2244   0.0869
  0.3772  -0.1337   0.0736  -0.0371   0.2156   0.0721
  0.3801  -0.1246   0.0710  -0.0582   0.2187   0.0276
  0.3726  -0.1420   0.0628  -0.0546   0.2223  -0.0543
  0.3696  -0.1466   0.0621  -0.0291   0.2131   0.0860
  0.3747  -0.1518   0.0694  -0.0254   0.2068   0.0057
  0.3730  -0.1443   0.0726  -0.0580   0.2091  -0.0868
  0.3643  -0.1542   0.0596  -0.0659   0.2064   0.2292
  0.3619  -0.1855   0.0688  -0.0116   0.2093   0.0256
  0.3649  -0.1958   0.0775  -0.0125   0.2031   0.0457
  0.3677  -0.1775   0.0835  -0.0255   0.2085   0.3654
  0.3657  -0.1764   0.0736  -0.0587   0.2087   0.2234
  0.3607  -0.1806   0.0727  -0.0257   0.2154  -0.0438
  0.3611  -0.1820   0.0874  -0.0015   0.2071   0.3105
  0.3611  -0.1686   0.0851  -0.0156   0.2096   0.1797
  0.3575  -0.1769   0.0759  -0.0288   0.2083   0.1967
  0.3609  -0.1989   0.0792   0.0077   0.2059   0.3100
  0.3522  -0.1825   0.0895  -0.0313   0.2071   0.2117
  0.3390  -0.1912   0.0721  -0.0482   0.2136   0.2620
  0.3492  -0.1719   0.1041  -0.0520   0.2413   0.1116
  0.3337  -0.1989   0.0855  -0.0256   0.2154   0.2864
  0.3359  -0.2107   0.0826   0.0076   0.2105   0.2534
  0.3404  -0.1699   0.0872  -0.0154   0.2086   0.1495
  0.3208  -0.1727   0.0767  -0.0209   0.2041   0.3345
  0.3107  -0.1994   0.0712   0.0114   0.2070   0.1988
  0.3118  -0.1962   0.0781   0.0039   0.1992   0.2636
  0.3127  -0.1766   0.0836  -0.0110   0.1992   0.2043
  0.3108  -0.1717   0.0763  -0.0336   0.2037   0.1570
  0.3123  -0.1951   0.0716   0.0044   0.2071   0.0090
  0.3127  -0.2073   0.0748   0.0334   0.1995   0.0958
  0.3174  -0.1908   0.0860   0.0355   0.1997   0.2388
  0.3151  -0.1972   0.0790  -0.0001   0.2003   0.2594
  0.3073  -0.2088   0.0685   0.0003   0.1938   0.2491
  0.2967  -0.2240   0.0567   0.0454   0.1803   0.1220
  0.2866  -0.2163   0.0682   0.0292   0.1726   0.2477
  0.2733  -0.2103   0.0609   0.0105   0.1734   0.1526
  0.2633  -0.1816   0.0408   0.0013   0.1644   0.0627
  0.2536  -0.1561   0.0365   0.0066   0.1665   0.2123
  0.2479  -0.1820   0.0489   0.0096   0.1613   0.0940
  0.2493  -0.1726   0.0522  -0.0205   0.1527   0.0415
  0.2449  -0.1259   0.0517  -0.0265   0.1493   0.0416
  0.2363  -0.0882   0.0500  -0.0468   0.1534   0.1596
  0.2154  -0.1024   0.0444  -0.0292   0.1487   0.0471
  0.2047  -0.1117   0.0349  -0.0245   0.1379   0.1466
  0.1927  -0.1045   0.0229  -0.0001   0.1294  -0.1054
  0.1848  -0.0544   0.0257  -0.0233   0.1270  -0.2707
  0.1782  -0.0764   0.0372  -0.0516   0.1294   0.0217
  0.1623  -0.0990   0.0262  -0.0638   0.1233   0.0776
  0.1516  -0.0696   0.0167  -0.0230   0.1140  -0.0757
  0.1624  -0.0702   0.0186  -0.0271   0.1148  -0.0277
  0.1558  -0.0604   0.0250  -0.0388   0.1178  -0.0075
  0.1505  -0.0467   0.0296  -0.0440   0.1223   0.0509
  0.1430  -0.0504   0.0258  -0.0563   0.1240   0.3070
  0.1221  -0.0601   0.0056  -0.0362   0.1086   0.0977
  0.1147  -0.0620  -0.0001  -0.0209   0.0988   0.1260
  0.1231  -0.0698   0.0040  -0.0481   0.1035   0.4541
  0.1174  -0.0370   0.0039  -0.0688   0.1064   0.0792
  0.1475   0.0080   0.0189  -0.0839   0.1458   0.0208
  0.1204  -0.0223  -0.0107  -0.0874   0.1189   0.0095
  0.1092  -0.0422  -0.0212  -0.0614   0.1050  -0.1526
  0.0982  -0.0021  -0.0128  -0.1330   0.1110   0.1897
  0.0831  -0.0181  -0.0330  -0.0607   0.0873   0.4577
  0.0609  -0.0148  -0.0358  -0.0554   0.0668   0.1413
  0.0590   0.0047  -0.0346  -0.0692   0.0732   0.0157
  0.0641  -0.0027  -0.0383  -0.0954   0.0899  -0.2750
  0.0422  -0.0073  -0.0462  -0.0899   0.0711   0.2102
  0.0516  -0.0301  -0.0509  -0.0738   0.0733   0.1832
  0.0641  -0.0206  -0.0425  -0.0937   0.0866   0.2022
  0.0631   0.0013  -0.0404  -0.0904   0.0772   0.1351
  0.0671   0.0129  -0.0321  -0.1021   0.0811  -0.0255
  0.0489   0.0089  -0.0465  -0.1054   0.0684  -0.1389
  0.0521   0.0072  -0.0511  -0.0884   0.0769  -0.2426
  0.0393  -0.0011  -0.0449  -0.0609   0.0572   0.0518
  0.0367   0.0121  -0.0485  -0.0562   0.0496  -0.0678
  0.0236   0.0201  -0.0543  -0.0813   0.0561  -0.0235
  0.0125   0.0137  -0.0546  -0.0649   0.0465   0.0844
  0.0186   0.0010  -0.0457  -0.0619   0.0361   0.0470
  0.0403   0.0394  -0.0256  -0.0836   0.0395  -0.0055
  0.0162   0.0452  -0.0370  -0.0850   0.0383  -0.1815
 -0.0006   0.0215  -0.0511  -0.0597   0.0286  -0.0201
 -0.0064   0.0092  -0.0485  -0.0553   0.0218  -0.0062
 -0.0067   0.0255  -0.0525  -0.0697   0.0082  -0.0671
 -0.0098   0.0428  -0.0521  -0.0972   0.0052   0.1363
 -0.0205   0.0453  -0.0560  -0.0962   0.0133  -0.0963
 -0.0277   0.0258  -0.0545  -0.0421  -0.0020  -0.3215
 -0.0275   0.0458  -0.0501  -0.0630  -0.0132  -0.2185
 -0.0352   0.0583  -0.0541  -0.0877  -0.0131   0.0068
 -0.0534   0.0600  -0.0585  -0.0927  -0.0156  -0.0589
 -0.0558   0.0285  -0.0592  -0.0747  -0.0281  -0.0158
 -0.0524   0.0372  -0.0536  -0.0759  -0.0249   0.0094
 -0.0542   0.0501  -0.0516  -0.0752  -0.0211   0.0048
 -0.0451   0.0508  -0.0394  -0.1080  -0.0148  -0.0033
 -0.0633   0.0499  -0.0478  -0.0994  -0.0170  -0.0307
 -0.0593   0.0279  -0.0471  -0.0611  -0.0192   0.0300
 -0.0248   0.0209  -0.0267  -0.0745  -0.0014  -0.1323
 -0.0430   0.0611  -0.0161  -0.0839  -0.0103  -0.2217
 -0.0419   0.0530  -0.0161  -0.1200  -0.0097  -0.0582
 -0.0384   0.0342  -0.0182  -0.1192  -0.0106   0.1083
 -0.0235   0.0540   0.0237  -0.0388  -0.0170  -0.1259
 -0.0247   0.0510   0.0291  -0.0616  -0.0182  -0.0224
 -0.0336   0.0588   0.0404  -0.0948  -0.0299  -0.0874
 -0.0675   0.0597   0.0331  -0.1102  -0.0330  -0.1894
 -0.0660   0.0321   0.0272  -0.0492  -0.0323  -0.3182
 -0.0600   0.0397   0.0371  -0.0565  -0.0473  -0.0163
 -0.0526   0.0540   0.0397  -0.0761  -0.0432   0.0841
 -0.0557   0.0517   0.0609  -0.0989  -0.0216  -0.0170
 -0.0676   0.0430   0.0444  -0.0406  -0.0262  -0.0765
 -0.0598   0.0444   0.0481  -0.0095  -0.0344  -0.1610
 -0.0596   0.0459   0.0504  -0.0080  -0.0379  -0.1588
 -0.0740   0.0390   0.0417  -0.0262  -0.0338  -0.0307
 -0.0837   0.0285   0.0220   0.0003  -0.0406  -0.2890
 -0.0927   0.0294   0.0235  -0.0126  -0.0678  -0.1188
 -0.1036   0.0274   0.0106  -0.0632  -0.0747   0.1381
 -0.1295   0.0307   0.0094  -0.0193  -0.1010   0.0372
 -0.1109   0.0472   0.0174   0.0282  -0.0873  -0.1200
 -0.1150   0.0530   0.0226   0.0043  -0.0834  -0.0958
 -0.1108   0.0466   0.0174  -0.0357  -0.0715  -0.0651
 -0.1119   0.0459   0.0117  -0.0150  -0.0665   0.0374
 -0.0902   0.0442   0.0163   0.0159  -0.0557   0.0165
 -0.0801   0.0446   0.0179   0.0133  -0.0599  -0.0221
 -0.0835   0.0540   0.0197  -0.0203  -0.0589  -0.0664
 -0.1021   0.0519   0.0082   0.0046  -0.0689   0.0084
 -0.0792   0.0364   0.0061   0.0231  -0.0683  -0.3323
 -0.0847   0.0303   0.0030   0.0070  -0.0974  -0.0908
 -0.1079   0.0311  -0.0027  -0.0152  -0.0864   0.1088
 -0.1015   0.0205   0.0017   0.0726  -0.1003   0.0728
 -0.1040   0.0277   0.0053   0.0456  -0.1113   0.0673
 -0.1075   0.0275   0.0041   0.0289  -0.1082  -0.1298
 -0.1270   0.0246  -0.0093   0.0546  -0.1095  -0.0307
 -0.1253   0.0308  -0.0084   0.0677  -0.1110  -0.1483
 -0.1241   0.0360  -0.0018   0.0653  -0.1192   0.1628
 -0.1182   0.0834  -0.0036   0.0270  -0.1042  -0.0574
 -0.1316   0.0792  -0.0080   0.0261  -0.0960  -0.1763
 -0.1416   0.0536  -0.0236   0.0363  -0.1042  -0.2855
 -0.1608   0.0588  -0.0302   0.0575  -0.1200  -0.1240
 -0.1801   0.0413  -0.0283   0.0555  -0.1420   0.0203
 -0.1704   0.1695  -0.0017  -0.0293  -0.1012  -0.3562
 -0.1431   0.1265   0.0176   0.0145  -0.0823  -0.0319
 -0.1677   0.1013   0.0090   0.0507  -0.1069   0.0930
 -0.1923   0.1063   0.0022   0.0570  -0.1226   0.0185
 -0.2044   0.1010  -0.0118   0.0585  -0.1199  -0.2065
 -0.2007   0.0938  -0.0151   0.1763  -0.1538  -0.0784
 -0.1914   0.0383  -0.0196   0.1134  -0.1376   0.1672
 -0.1798   0.0721  -0.0062   0.0878  -0.1191   0.1176
 -0.1956   0.0628  -0.0221   0.0748  -0.1258  -0.1743
 -0.2002   0.0607  -0.0285   0.0685  -0.1408  -0.2532
 -0.2018   0.0422  -0.0278   0.0997  -0.1389  -0.2013
 -0.2107   0.0442  -0.0312   0.1109  -0.1461  -0.0628
 -0.2132   0.0454  -0.0378   0.1296  -0.1520   0.0794
 -0.2122   0.0394  -0.0475   0.1119  -0.1535   0.0152
 -0.2109   0.0385  -0.0472   0.0618  -0.1597   0.0822
 -0.2140   0.0288  -0.0480   0.0925  -0.1609   0.0706
 -0.2265   0.0317  -0.0488   0.1062  -0.1694   0.0117
 -0.2141   0.0604  -0.0547   0.0669  -0.1613   0.0871
 -0.2099   0.0725  -0.0535   0.0457  -0.1523  -0.0033
 -0.2070   0.0734  -0.0618   0.0368  -0.1550  -0.3015
 -0.2059   0.0642  -0.0684   0.0288  -0.1597  -0.0709
 -0.2239   0.0592  -0.0715   0.0565  -0.1675  -0.3566
 -0.2226   0.0786  -0.0655   0.0519  -0.1655  -0.0357
 -0.2114   0.0871  -0.0616   0.0342  -0.1608   0.1467
 -0.2205   0.0917  -0.0633   0.0454  -0.1599   0.0733
 -0.2292   0.0660  -0.0672   0.0767  -0.1621  -0.2570
 -0.2145   0.0555  -0.0721   0.0745  -0.1617  -0.1325
 -0.2130   0.0522  -0.0628   0.0488  -0.1592  -0.0025
 -0.2200   0.0588  -0.0589   0.0700  -0.1592  -0.1275
 -0.1544   0.0547  -0.0248   0.0708  -0.1054  -0.3081
 -0.1783   0.0556  -0.0364   0.0638  -0.1214  -0.0212
 -0.1883   0.0440  -0.0585   0.0745  -0.1387  -0.1081
 -0.1906   0.0497  -0.0559   0.0928  -0.1390  -0.5158
 -0.1985   0.0498  -0.0559   0.0920  -0.1528   0.0887
 -0.1955   0.0829  -0.0376   0.0787  -0.1420  -0.0093
 -0.1840   0.1012  -0.0448   0.0306  -0.1293  -0.1182
 -0.1358   0.0837  -0.0394   0.0378  -0.0945  -0.0778
 -0.1651   0.0760  -0.0269   0.0853  -0.1071  -0.0920
 -0.1861   0.0654  -0.0369   0.1009  -0.1324  -0.1195
 -0.1905   0.0905  -0.0394   0.1006  -0.1364  -0.0079
 -0.1561   0.1153  -0.0253   0.0506  -0.1008  -0.0743
 -0.1691   0.0951  -0.0299   0.0658  -0.1146  -0.1376
 -0.1838   0.0902  -0.0409   0.0876  -0.1316  -0.0403
 -0.1859   0.0937  -0.0390   0.0985  -0.1340  -0.0758
 -0.1851   0.0909  -0.0387   0.0920  -0.1365   0.2413
 -0.1942   0.0787  -0.0507   0.1030  -0.1368  -0.0698
 -0.1916   0.0781  -0.0464   0.0950  -0.1313  -0.2123
 -0.1974   0.0816  -0.0444   0.0854  -0.1374  -0.1018
 -0.2007   0.0997  -0.0457   0.1158  -0.1407  -0.3027
 -0.1771   0.1706  -0.0708   0.0505  -0.1504  -0.3226
 -0.2138   0.1978  -0.0435   0.0308  -0.1230   0.0324
 -0.2166   0.1471  -0.0039   0.0607  -0.1322   0.0791
 -0.2150   0.1608  -0.0076   0.0506  -0.1342   0.2002
 -0.2322   0.1363  -0.0208   0.0822  -0.1468   0.0197
 -0.2443   0.1207  -0.0244   0.1140  -0.1552  -0.2173
 -0.2439   0.1486  -0.0222   0.0948  -0.1482  -0.1822
 -0.2431   0.1509  -0.0228   0.0817  -0.1438  -0.0712
 -0.2415   0.1238  -0.0264   0.1053  -0.1483  -0.0157
 -0.2479   0.1111  -0.0264   0.1093  -0.1552  -0.0082
 -0.2462   0.1477  -0.0172   0.0932  -0.1442   0.1479
 -0.2253   0.1827  -0.0109   0.0378  -0.1320  -0.1096
 -0.2224   0.1423  -0.0208   0.0627  -0.1273   0.1003
 -0.2283   0.1247  -0.0111   0.0911  -0.1249  -0.0784
 -0.2226   0.1709  -0.0040   0.0790  -0.1220  -0.0484
