  0.2113   0.6971   0.1598  -1.1857   0.2526   0.3732
  0.1688   0.6942   0.1659  -1.1478   0.2133   0.3804
  0.1217   0.6358   0.1834  -1.1219   0.1963   0.3608
  0.1086   0.5807   0.1644  -1.1075   0.1798   0.4063
  0.1110   0.4508   0.1419  -0.9875   0.1876   0.4560
  0.0926   0.3688   0.1447  -0.9451   0.1854   0.4834
  0.0890   0.3289   0.1433  -0.8962   0.1777   0.4357
  0.0867   0.2724   0.1361  -0.8274   0.1617   0.4814
  0.0621   0.2873   0.1185  -0.8005   0.1449   0.3669
  0.0619   0.3854   0.0964  -0.7781   0.1226   0.2756
  0.0474   0.3763   0.0890  -0.7259   0.1092   0.2613
  0.0212   0.3741   0.1004  -0.7483   0.1065   0.2498
  0.0055   0.3859   0.0950  -0.7482   0.0780   0.2820
 -0.0716   0.2817   0.0771  -0.6830   0.0697   0.2513
 -0.1186   0.2187   0.0720  -0.6525   0.0593   0.3056
 -0.1223   0.2334   0.0686  -0.6144   0.0337   0.3274
 -0.1231   0.2181   0.0452  -0.6172   0.0215   0.2616
 -0.1198   0.1711   0.0443  -0.5435   0.0225   0.2933
 -0.1252   0.1282   0.0402  -0.5687   0.0139   0.2883
 -0.1211  -0.0832   0.0323  -0.5187  -0.0028   0.3793
 -0.1010  -0.0524   0.0001  -0.5322  -0.0362   0.4409
 -0.0886  -0.1523   0.0197  -0.5441  -0.0001   0.3412
 -0.1071  -0.1720   0.0271  -0.5395  -0.0149   0.4230
 -0.0950  -0.1964   0.0676  -0.5392   0.0200   0.4216
 -0.0952  -0.2246   0.0740  -0.5656   0.0181   0.3988
 -0.1049   0.0609   0.0418  -0.6682  -0.0062   0.2414
 -0.0999   0.1343   0.0247  -0.6616  -0.0151   0.2100
 -0.1313  -0.0040   0.0745  -0.5240   0.0087   0.2029
 -0.1429   0.0631   0.0429  -0.5507  -0.0058   0.2287
 -0.1575   0.0758   0.0543  -0.5616  -0.0088   0.1934
 -0.1438  -0.0456   0.0195  -0.5231  -0.0044   0.2389
 -0.1570   0.0672   0.0356  -0.5038  -0.0193   0.2180
 -0.2116   0.0904  -0.0038  -0.5570  -0.0485   0.1339
 -0.1174  -1.1564  -0.0656  -0.9079  -0.0850   0.7834
 -0.0777  -0.6338  -0.2323  -0.8149  -0.1098   0.3601
 -0.1397   0.3705  -0.2441  -0.8783  -0.1356  -0.1887
 -0.1731   0.2838  -0.2176  -0.9145  -0.1511  -0.1151
 -0.1030   2.2289  -0.1537  -0.9278  -0.0488  -0.9010
 -0.1998   3.9314  -0.1215  -0.8064  -0.0211  -1.7067
 -0.4127   1.3251  -0.0002  -0.9406  -0.0508  -0.3250
 -0.4298  -5.3292  -0.1272  -0.2059  -0.3805   2.1306
 -0.3886  -7.2650  -0.1790   0.4984  -0.5210   2.5908
 -0.2659  -7.1937  -0.1452   0.5427  -0.4289   2.5289
 -0.2820  -7.3827  -0.1766   0.6854  -0.4099   2.7836
 -0.2681  -7.4164  -0.1626   0.7074  -0.4017   2.8584
 -0.2964  -7.4556  -0.1620   0.7814  -0.4062   2.9279
 -0.2356  -7.3785  -0.3324   0.6375  -0.4554   3.1603
 -0.6491  -4.8501  -0.3477  -0.2620  -0.6174   2.3065
 -0.4427  -2.7200  -0.2097  -0.5041  -0.3926   1.6641
 -0.4672  -3.1018  -0.1545  -0.6669  -0.4354   1.6875
 -0.3069  -2.2192  -0.0948  -0.7542  -0.2926   1.2334
 -0.2600  -2.0139  -0.1467  -0.8058  -0.3105   1.2191
 -0.2034  -2.3783  -0.1406  -0.7824  -0.2595   1.3275
 -0.1332  -3.0356  -0.0194  -0.7022  -0.1790   1.7170
 -0.0439  -3.5512  -0.0753  -0.6334  -0.1816   1.7811
 -0.0035  -3.4512  -0.1052  -0.7295  -0.1760   1.6502
 -0.0491  -2.7289  -0.0628  -0.7418  -0.1532   1.4896
 -0.0018  -3.5122  -0.0278  -0.6951  -0.1224   1.7219
  0.0108  -3.8040  -0.0934  -0.6289  -0.1699   1.8344
 -0.0264   0.5616  -0.0671  -0.8320  -0.1204   0.1006
 -0.1433   2.7328   0.1674  -0.6415   0.0296  -0.8973
 -0.1563   2.3191   0.1460  -0.5940   0.0128  -0.6566
 -0.1560   2.2785   0.1478  -0.6040   0.0190  -0.6899
 -0.0235   2.2018   0.0837  -0.2307   0.0730  -0.6951
 -0.0940   2.2225  -0.0054  -0.2097  -0.0542  -0.7658
 -0.1247   2.2592   0.0182  -0.3347  -0.0627  -0.8463
 -0.1548   2.2987   0.0858  -0.3403   0.0214  -0.8774
 -0.1585   2.2139   0.0938  -0.3289   0.0795  -0.8216
 -0.1706   1.9831   0.0448  -0.3491   0.0080  -0.7221
 -0.1522   1.5847   0.0204  -0.2882  -0.0129  -0.6000
 -0.0897   0.6711  -0.0108  -0.4428   0.0052  -0.3655
 -0.0974   0.9929  -0.0370  -0.4790  -0.0362  -0.4563
 -0.0418   1.8120  -0.0268  -0.4315   0.0013  -0.8442
 -0.0138   1.8674  -0.0216  -0.4427   0.0371  -0.8049
  0.1458   1.6859  -0.0184  -0.2831   0.3475  -0.6307
  0.0218   0.9953   0.0440  -0.1916   0.2497  -0.3686
  0.1073   1.5709  -0.0911  -0.1869   0.1728  -0.6401
  0.1192   1.5669  -0.0738  -0.2064   0.1852  -0.6004
  0.1241   1.4925  -0.0718  -0.2273   0.1884  -0.5910
  0.1211   1.4426  -0.0798  -0.2548   0.1777  -0.5558
  0.1197   1.4254  -0.0726  -0.2478   0.1675  -0.5279
  0.1176   1.4314  -0.0747  -0.2781   0.1706  -0.5529
  0.1212   1.4060  -0.0829  -0.2736   0.1721  -0.5840
  0.1200   1.3865  -0.0845  -0.3032   0.1748  -0.5491
  0.1103   1.2722  -0.0550  -0.2829   0.1828  -0.5113
  0.1205   1.0943  -0.0813  -0.3122   0.1709  -0.4840
  0.1319   1.0251  -0.0895  -0.3535   0.1624  -0.4158
  0.1291   1.0447  -0.0664  -0.3819   0.1590  -0.4138
  0.1309   1.0006  -0.0691  -0.4374   0.1291  -0.4284
  0.1347   1.0160  -0.0929  -0.4663   0.1275  -0.3881
  0.1319   0.9961  -0.0852  -0.5133   0.1191  -0.3652
  0.1354   0.8844  -0.1056  -0.4992   0.1105  -0.3375
  0.1548   0.9725  -0.1211  -0.5573   0.1003  -0.3953
  0.1358   0.9797  -0.1455  -0.5370   0.0705  -0.3928
  0.1395   0.9831  -0.1481  -0.5390   0.0646  -0.3931
  0.1372   0.9530  -0.1451  -0.4512   0.1135  -0.3759
  0.1877   0.9500  -0.1788  -0.4045   0.1387  -0.3925
  0.2160   1.2561  -0.2012  -0.5524   0.0996  -0.5868
  0.1876   1.2399  -0.2228  -0.5647   0.0615  -0.5843
  0.1393   1.4080  -0.1709  -0.5956   0.0747  -0.7692
  0.1199   1.4801  -0.1720  -0.6296   0.0623  -0.8522
  0.1215   1.4150  -0.1640  -0.6038   0.0576  -0.7834
  0.1177   1.4393  -0.1738  -0.6386   0.0527  -0.8139
  0.1185   1.3962  -0.2046  -0.6429   0.0465  -0.7969
  0.1201   1.2730  -0.2133  -0.5910   0.0553  -0.6896
  0.1165   1.4138  -0.2213  -0.6845   0.0442  -0.8290
  0.0988   1.4648  -0.2294  -0.6201   0.0276  -0.8635
  0.1059   1.4149  -0.2312  -0.5201   0.0175  -0.8430
  0.1049   1.3623  -0.2400  -0.5544   0.0276  -0.8079
  0.1137   1.3560  -0.2465  -0.5737   0.0286  -0.8315
  0.1163   1.3892  -0.2524  -0.5677   0.0176  -0.8101
  0.1182   1.3129  -0.2602  -0.5464   0.0214  -0.7406
  0.1097   1.3827  -0.2767  -0.5781   0.0314  -0.8093
  0.1089   1.3743  -0.2850  -0.5967   0.0159  -0.8422
  0.1183   1.2377  -0.2714  -0.6882   0.0036  -0.7183
  0.1895   0.2737  -0.2922  -0.6746   0.0166  -0.2675
 -0.1962   1.5758   0.1502  -0.4349   0.1340  -0.9329
  0.0923   3.4279   0.2972  -0.5112   0.3269  -1.6625
  0.0776   3.2476   0.1961  -0.4887   0.2804  -1.4983
  0.0627   3.0466   0.1954  -0.4915   0.2643  -1.5281
  0.0745   2.9756   0.1618  -0.5105   0.2589  -1.5522
  0.0859   2.9997   0.1555  -0.5015   0.2611  -1.4995
  0.0728   3.0297   0.1020  -0.5500   0.2315  -1.5779
  0.0864   3.0867   0.0487  -0.5367   0.1873  -1.5443
  0.0582   3.0684   0.0431  -0.5834   0.1715  -1.5662
  0.0598   3.0010   0.0436  -0.5935   0.1685  -1.5648
  0.0596   3.0546   0.0373  -0.5630   0.1675  -1.5569
  0.0032   3.0269  -0.0039  -0.6174   0.1045  -1.6707
  0.0477   2.3723   0.0388  -0.5836   0.1349  -1.3449
  0.1593  -0.4270  -0.1764  -0.7115  -0.0930  -0.0055
  0.2677  -1.0454  -0.0683  -0.5175  -0.0220   0.1843
  0.2112  -2.3729  -0.1131  -0.0342  -0.0768   0.7072
  0.2313  -1.5300  -0.1660  -0.2463  -0.2093   0.3787
  0.2138  -1.7887  -0.1575  -0.0996  -0.3499   0.6170
  0.1828  -2.5732  -0.1812   0.0121  -0.3830   0.9699
  0.2310  -1.6252  -0.1727   0.0182  -0.3105   0.3752
  0.2815  -1.6237  -0.1515   0.1265  -0.2882   0.2290
  0.2860  -1.7518  -0.1547   0.0764  -0.2815   0.3573
  0.1185  -5.4149  -0.1443   0.5711  -0.3778   1.9811
 -0.2718  -5.7293  -0.1155   0.0906  -0.3834   2.3636
  0.1091  -2.9413  -0.0428  -0.3636  -0.2169   1.2244
  0.2541  -2.5379  -0.0579   0.3424  -0.3652   0.7970
  0.4120  -4.2113  -0.0133   1.1978  -0.2246   1.5394
  0.3951  -5.1531  -0.0420   2.0137  -0.1398   1.5463
  0.3581  -5.2137  -0.0388   2.2199  -0.1258   1.4030
  0.4130  -4.5503  -0.0390   2.0572  -0.0457   0.6071
  0.3293  -3.8164  -0.1179   1.4397  -0.1433   0.9348
  0.3229  -3.4399  -0.1528   1.2436  -0.1809   0.8867
  0.1081  -1.9168  -0.3168   0.3140  -0.2972   0.5024
 -0.0171 -10.8984  -0.4695   1.5602  -0.4827   4.3155
  0.0076 -10.1955  -0.4562   1.1940  -0.4970   4.1762
 -0.3302  -5.2111  -0.3081   0.6948  -0.4827   2.2329
 -0.9695  -5.4393  -0.1401   0.8795  -0.5695   2.4371
 -0.8192  -5.5546  -0.2129   0.8112  -0.5849   2.4734
 -0.4872  -3.7319  -0.0246   1.7450  -0.4273   1.3738
 -0.1778  -8.5312   0.5309   5.9918   0.1216   3.4771
  0.1392  -9.1972   1.1334   7.8203   1.0411   4.6092
  0.2321  -9.1927   0.9559   7.6794   0.9769   4.8764
  0.2590  -9.4508   0.8237   8.0048   0.8116   4.9898
  0.1830  -9.0505   0.8640   7.7836   0.8272   4.9309
  0.3239  -8.2778   0.8115   7.3710   0.9079   4.3902
  0.1942  -8.2143   0.8938   6.9580   0.8292   4.6871
  0.0994  -8.0290   0.7898   6.7347   0.7272   4.6953
 -0.0719  -5.8459   0.4448   4.0845   0.5179   3.6636
  0.4260  -4.8563   0.4498   3.0357   0.5077   2.7577
 -0.1288 -13.0629   0.4092   3.6340   0.2174   6.4237
 -0.2770  -9.1248   0.1743   2.6424   0.1063   4.5902
 -0.2483  -9.1741   0.1447   2.4987   0.0743   4.6574
 -0.1467 -11.3386   0.0246   2.1781  -0.0449   5.4527
 -0.0340 -10.5849  -0.0131   2.2625   0.0214   4.8813
 -0.4889  -3.4782   0.1606   1.4099   0.1272   2.0603
  0.0408  -9.5616   0.1733   1.8816   0.0691   4.5010
  0.0526  -9.4411   0.1444   2.1690   0.0656   4.1698
  0.1525  -9.6539   0.1396   2.4354   0.0930   4.0620
  0.1224  -9.4710   0.1525   2.3226   0.0718   4.0113
 -0.5053  -9.2680   0.2373   2.0633  -0.0549   4.0036
 -0.5928  -9.1841   0.1547   1.9335  -0.0589   4.1125
 -0.3280  -9.1927   0.0633   2.0733  -0.0340   4.0575
 -0.3684  -9.2576  -0.0107   2.2115  -0.1552   4.0404
 -0.3019  -9.2568   0.0181   2.2275  -0.1140   4.0431
 -0.2285  -9.4559   0.0103   2.3732  -0.0891   4.1878
  0.0512  -2.4333   0.1129   1.6239   0.0321   0.8802
  0.2049  -2.6390   0.2006   1.7346   0.1726   0.9145
  0.2039  -2.4889   0.1461   1.6824   0.1299   0.8933
  0.1917  -2.5624   0.1505   1.6789   0.1117   0.9363
  0.1238  -2.7151   0.0956   1.5943   0.0562   1.1004
  0.1094  -2.1787   0.0984   1.4230   0.0482   0.9492
  0.0837  -5.8820   0.0794   2.1241  -0.0029   2.5563
  0.1051  -2.6813   0.1119   1.6144   0.0234   1.0845
 -0.1235  -5.7443   0.2209   2.1547   0.0055   2.4773
 -0.1221  -2.4499   0.1628   1.5385  -0.0188   0.9510
 -0.1166  -1.8288   0.1332   1.2928  -0.0306   0.5213
 -0.1679  -5.4278   0.0627   1.9370  -0.1308   2.3318
 -0.1296  -5.3031   0.0736   1.9087  -0.1175   2.1275
 -0.0519  -5.0950   0.0794   1.7823  -0.1075   1.9105
 -0.1144 -10.5129  -0.0490   2.8070  -0.1951   4.4098
 -0.1516 -11.2182  -0.0298   2.9016  -0.2104   4.7234
 -0.1061  -6.0518   0.0537   2.3425  -0.1602   2.4801
 -0.1948 -11.0583  -0.0435   2.7875  -0.2869   4.6703
 -0.2135 -11.4491  -0.0284   2.7896  -0.3114   4.7617
 -0.1201  -5.8500   0.0478   2.1785  -0.2103   2.3267
 -0.1522  -2.8273   0.0386   1.6365  -0.1865   1.0012
 -0.6190  -6.4699   0.0737   2.1681  -0.3536   2.6400
 -0.3864  -2.7931   0.1116   1.5148  -0.2944   0.8407
 -0.2082  -1.9306   0.1302   1.3833  -0.1483   0.8180
 -0.1134  -0.1068  -0.0696   1.2943   0.0014   0.3163
  0.2691  -1.0090  -0.1342   0.4848  -0.1982   0.3905
  0.3939  -6.7521  -0.0938   1.6340  -0.1169   2.6712
  0.4437  -4.8837  -0.1156   1.3611  -0.0631   1.8283
  0.4532  -8.4816  -0.1196   2.1895  -0.1478   3.7353
  0.3073  -6.7171  -0.0493   1.6151  -0.2447   3.2205
  0.2791  -6.0008  -0.1081   1.4259  -0.2432   2.4958
  0.3813  -6.1878  -0.1188   1.7044  -0.1631   2.0981
  0.2572  -6.1279  -0.1132   1.6182  -0.2229   2.5357
  0.2488  -5.9153  -0.0978   1.5370  -0.2262   2.5383
  0.1483  -5.4335  -0.0882   1.2970  -0.2435   2.3263
  0.1829 -11.2207  -0.2135   1.3212  -0.1893   4.7796
  0.2296 -10.1706  -0.1457   1.0715  -0.1486   4.4692
  0.2154 -10.0767  -0.1612   0.9984  -0.1557   4.4443
  0.2300 -10.2928  -0.1996   1.2807  -0.2291   4.4809
  0.3133  -2.1697  -0.1050   0.4761  -0.1148   1.0223
  0.3231  -3.3942  -0.1136   0.6331  -0.1618   1.4638
  0.2988  -3.3609  -0.1112   0.6969  -0.1737   1.3946
  0.3125  -3.3232  -0.1135   0.7028  -0.1635   1.3765
  0.3409  -3.1823  -0.1297   0.6487  -0.1603   1.0636
  0.3129  -3.1460  -0.1499   0.6516  -0.1781   1.2607
  0.2906  -3.0240  -0.1538   0.6126  -0.1878   1.2456
  0.2906  -2.9220  -0.1633   0.5782  -0.1880   1.0398
  0.3636  -2.9290  -0.1612   0.6169  -0.1521   0.7160
  0.3532  -2.9380  -0.1648   0.6513  -0.1377   0.7588
 -0.5556  -2.9617   0.2774   0.5726  -0.0037   0.7622
 -1.5264  -5.6095   0.9155   1.1794   0.3923   2.3928
 -0.4315  -2.8573   0.2381   0.7972   0.2724   1.0655
 -0.3736  -2.5648   0.1812   0.6175   0.2127   1.0431
 -0.3665  -2.9767   0.1542   0.5979   0.1628   1.2948
 -0.3622  -5.4295   0.1205   0.9581   0.1256   2.3632
 -0.5829  -9.3060  -0.0327   1.4105  -0.0662   3.9797
 -0.2222  -9.0845  -0.0619   1.1750  -0.0096   3.9872
 -0.3346 -10.0165  -0.0743   1.1962  -0.0525   4.3227
 -0.3432 -10.1980  -0.0707   1.2344  -0.0602   4.4121
