  0.0361   0.0456  -0.0110  -0.3246   0.0885   0.2015
  0.0995   0.0789  -0.0228  -0.1502   0.0487   0.1741
  0.1089   0.0817  -0.0228  -0.0741   0.0311   0.1342
  0.1216   0.0885  -0.0098  -0.0444   0.0143   0.1146
  0.1246   0.0954  -0.0166  -0.0304   0.0152   0.1170
  0.1068   0.0988  -0.0134  -0.0355   0.0169   0.1049
  0.1034   0.1143   0.0037  -0.0273   0.0176   0.1080
  0.0587   0.1515   0.0029  -0.0050   0.0138   0.0876
  0.1017   0.1433  -0.0078   0.0113   0.0060   0.0859
  0.0978   0.1403   0.0105   0.0300  -0.0040   0.0787
  0.0911   0.1407   0.0060   0.0159  -0.0144   0.0759
  0.0708   0.1522   0.0131   0.0165   0.0019   0.0771
  0.0837   0.1600   0.0114   0.0283  -0.0016   0.0661
  0.0951   0.1489   0.0038   0.0244  -0.0098   0.0606
  0.0810   0.1470   0.0025   0.0160  -0.0083   0.0645
  0.0872   0.1556  -0.0134   0.0054  -0.0027   0.0625
  0.0785   0.1518  -0.0062   0.0071  -0.0087   0.0788
  0.0917   0.1758  -0.0046  -0.0041   0.0029   0.0769
  0.0828   0.1682  -0.0066  -0.0022   0.0026   0.0842
  0.0611   0.1564  -0.0258  -0.0092  -0.0071   0.0755
  0.0672   0.1551  -0.0094   0.0064   0.0004   0.0821
  0.0818   0.1542   0.0005  -0.0040   0.0000   0.0751
  0.0835   0.1680   0.0070   0.0130  -0.0004   0.0755
  0.0771   0.1617  -0.0173  -0.0052   0.0144   0.0728
  0.0683   0.1437  -0.0110  -0.0180   0.0109   0.0777
  0.0626   0.1577  -0.0051  -0.0021   0.0026   0.0582
  0.0673   0.1680   0.0125   0.0068   0.0033   0.0585
  0.0704   0.1702   0.0122   0.0086   0.0122   0.0540
  0.0816   0.1367   0.0248   0.0059   0.0101   0.0662
  0.0902   0.1512   0.0177   0.0071   0.0162   0.0517
  0.0829   0.1429   0.0103   0.0146   0.0090   0.0577
  0.0877   0.1412  -0.0024   0.0093   0.0125   0.0606
  0.0937   0.1230   0.0168   0.0039   0.0111   0.0666
  0.1013   0.1356   0.0108  -0.0008   0.0180   0.0546
  0.0735   0.1275   0.0076   0.0391   0.0275   0.0437
  0.0797   0.1265   0.0104   0.0168   0.0343   0.0478
  0.0819   0.1287   0.0121   0.0150   0.0311   0.0572
  0.0839   0.1148   0.0064   0.0130   0.0160   0.0477
  0.0697   0.1225   0.0045   0.0075   0.0189   0.0606
  0.0799   0.1294   0.0025  -0.0023   0.0308   0.0492
  0.0832   0.1287   0.0004  -0.0051   0.0359   0.0530
  0.0862   0.1279  -0.0041  -0.0187   0.0405   0.0603
  0.0854   0.1299  -0.0029   0.0028   0.0370   0.0551
  0.0710   0.1330   0.0106   0.0071   0.0273   0.0552
  0.0690   0.1369  -0.0013   0.0011   0.0322   0.0468
  0.0793   0.1200  -0.0099   0.0067   0.0307   0.0467
  0.0810   0.1225   0.0057   0.0016   0.0230   0.0387
  0.0816   0.1208  -0.0033   0.0065   0.0248   0.0448
  0.0799   0.1287  -0.0044   0.0046   0.0232   0.0357
  0.0739   0.1311   0.0018   0.0061   0.0322   0.0441
  0.0679   0.1246  -0.0015  -0.0064   0.0332   0.0408
  0.0625   0.1301  -0.0033   0.0131   0.0241   0.0338
  0.0514   0.1320  -0.0026   0.0072   0.0226   0.0311
  0.0523   0.0826  -0.0046   0.0185   0.0134   0.0320
  0.0429   0.0205  -0.0098   0.0247  -0.0052   0.0367
  0.0457  -0.0022  -0.0117   0.0070   0.0167   0.0344
  0.0457  -0.0560   0.0104   0.0126  -0.0095   0.0291
  0.0433  -0.0054   0.0098  -0.0004  -0.0092   0.0276
  0.0309  -0.0292  -0.0295  -0.0046  -0.0039   0.0418
  0.0475  -0.0251  -0.0080  -0.0022  -0.0082   0.0307
  0.0448  -0.0192   0.0118  -0.0016  -0.0160   0.0345
  0.0522   0.0002   0.0047  -0.0158  -0.0093   0.0262
  0.0340  -0.0065   0.0076  -0.0200   0.0017   0.0226
  0.0274   0.0062  -0.0027  -0.0297   0.0027   0.0175
  0.0282   0.0119   0.0103  -0.0114   0.0046   0.0132
  0.0370   0.0120   0.0140  -0.0056  -0.0072   0.0227
  0.0423   0.0269  -0.0008   0.0142  -0.0252   0.0130
  0.0346   0.0279   0.0014   0.0183  -0.0203   0.0202
  0.0212  -0.0012  -0.0071   0.0303   0.0019   0.0175
  0.0177  -0.0765  -0.0178   0.0476  -0.0210  -0.0065
  0.0021  -0.0391  -0.0382   0.0217  -0.0149   0.0020
  0.0253  -0.0316  -0.0247   0.0153  -0.0149   0.0018
  0.0284  -0.0376  -0.0210   0.0447  -0.0189   0.0040
  0.0376  -0.0319  -0.0234   0.0367  -0.0133   0.0008
  0.0166  -0.0516  -0.0348   0.0199  -0.0028   0.0080
  0.0208  -0.0458  -0.0390   0.0104  -0.0069  -0.0036
  0.0432  -0.0537  -0.0322   0.0152   0.0011   0.0109
  0.0344  -0.0529  -0.0450   0.0092  -0.0076   0.0031
  0.0250  -0.0484  -0.0480   0.0188  -0.0050  -0.0019
  0.0384  -0.0621  -0.0340   0.0207  -0.0049  -0.0057
  0.0290  -0.0345  -0.0439   0.0325  -0.0003  -0.0141
  0.0232  -0.0361  -0.0278   0.0403   0.0054  -0.0097
  0.0380  -0.0487  -0.0216   0.0324  -0.0028  -0.0122
  0.0391  -0.0450  -0.0283   0.0256  -0.0016  -0.0140
  0.0268  -0.0409  -0.0314   0.0286   0.0007  -0.0087
  0.0237  -0.0498  -0.0304   0.0327   0.0056  -0.0166
  0.0152  -0.0576  -0.0219   0.0250   0.0007  -0.0090
  0.0255  -0.0528  -0.0138   0.0182  -0.0014  -0.0209
  0.0196  -0.0445  -0.0196   0.0222   0.0024  -0.0121
  0.0188  -0.0409  -0.0314   0.0147   0.0098  -0.0138
  0.0139  -0.0418  -0.0251   0.0110   0.0008  -0.0086
  0.0233  -0.0400  -0.0310   0.0280   0.0020  -0.0067
  0.0182  -0.0337  -0.0291   0.0355   0.0047  -0.0230
  0.0083  -0.0457  -0.0250   0.0371   0.0011  -0.0250
 -0.0000  -0.0368  -0.0418   0.0155   0.0094  -0.0228
 -0.0040  -0.0267  -0.0274   0.0105  -0.0037  -0.0321
 -0.0091  -0.0459  -0.0391   0.0215   0.0021  -0.0240
 -0.0345  -0.0128  -0.0306   0.0112  -0.0015  -0.0271
 -0.0238  -0.0204  -0.0075   0.0153   0.0075  -0.0217
 -0.0443  -0.0405  -0.0015   0.0137   0.0032  -0.0216
 -0.0497  -0.0229  -0.0105  -0.0010   0.0007  -0.0196
 -0.0531  -0.0075  -0.0053   0.0045   0.0126  -0.0238
 -0.0352  -0.0177   0.0025   0.0093   0.0054  -0.0209
 -0.0376  -0.0144  -0.0126   0.0107   0.0037  -0.0186
 -0.0371  -0.0094  -0.0057  -0.0022   0.0064  -0.0155
 -0.0351   0.0038  -0.0125  -0.0094   0.0107  -0.0249
 -0.0453   0.0012   0.0022   0.0162   0.0196  -0.0269
 -0.0278  -0.0215   0.0117   0.0145   0.0083  -0.0214
 -0.0363  -0.0240  -0.0029   0.0149   0.0051  -0.0268
 -0.0517  -0.0300  -0.0072   0.0113   0.0025  -0.0233
 -0.0328  -0.0296  -0.0253  -0.0208   0.0156  -0.0229
 -0.0837  -0.0533  -0.0253  -0.0069   0.0214  -0.0144
 -0.0689  -0.0605   0.0211   0.0273  -0.0141  -0.0228
 -0.0481  -0.0799   0.0264   0.0237   0.0104  -0.0296
 -0.0421  -0.0671   0.0280   0.0193   0.0047  -0.0263
 -0.0433  -0.0675   0.0249   0.0054   0.0084  -0.0228
 -0.0342  -0.0666   0.0294   0.0072   0.0047  -0.0204
 -0.0494  -0.0603   0.0273  -0.0133   0.0080  -0.0158
 -0.0490  -0.0522   0.0304   0.0051   0.0061  -0.0290
 -0.0534  -0.0430   0.0259   0.0105   0.0063  -0.0320
 -0.0431  -0.0418   0.0306   0.0147   0.0070  -0.0282
 -0.0472  -0.0422   0.0420   0.0174   0.0035  -0.0360
 -0.0480  -0.0367   0.0321   0.0081   0.0010  -0.0447
 -0.0492  -0.0451   0.0433   0.0079  -0.0048  -0.0459
 -0.0529  -0.0412   0.0423   0.0248  -0.0008  -0.0560
 -0.0686  -0.0525   0.0460   0.0246   0.0080  -0.0489
 -0.0630  -0.0497   0.0356   0.0088   0.0129  -0.0453
 -0.0743  -0.0470   0.0405  -0.0024   0.0126  -0.0363
 -0.0629  -0.0410   0.0333  -0.0064   0.0071  -0.0435
 -0.0622  -0.0322   0.0391   0.0015   0.0076  -0.0477
 -0.0801  -0.0365   0.0353  -0.0240   0.0144  -0.0413
 -0.0723  -0.0421   0.0202  -0.0185   0.0128  -0.0430
 -0.0687  -0.0390   0.0207  -0.0203   0.0160  -0.0388
 -0.0492  -0.0386   0.0287  -0.0069   0.0167  -0.0423
 -0.0631  -0.0328   0.0141  -0.0093   0.0159  -0.0422
 -0.0615  -0.0357   0.0311  -0.0042   0.0109  -0.0512
 -0.0674  -0.0397   0.0236  -0.0017   0.0141  -0.0481
 -0.0732  -0.0656  -0.0086  -0.0132   0.0064  -0.0495
 -0.0863  -0.1094   0.0085  -0.0095  -0.0166  -0.0470
 -0.0939  -0.0904   0.0168   0.0071  -0.0166  -0.0384
 -0.0822  -0.0736   0.0197   0.0136  -0.0067  -0.0602
 -0.0815  -0.0795   0.0263   0.0206  -0.0110  -0.0561
 -0.0678  -0.0876   0.0149   0.0158  -0.0079  -0.0681
 -0.0667  -0.0873   0.0285   0.0056  -0.0006  -0.0570
 -0.0629  -0.0826   0.0169  -0.0069  -0.0004  -0.0567
 -0.0678  -0.0968   0.0058  -0.0318  -0.0017  -0.0477
 -0.0697  -0.0897  -0.0061  -0.0459  -0.0048  -0.0478
 -0.0636  -0.1051  -0.0121  -0.0533  -0.0038  -0.0597
 -0.0787  -0.1006  -0.0114  -0.0479  -0.0009  -0.0423
 -0.0676  -0.1044  -0.0026  -0.0095  -0.0112  -0.0478
 -0.0735  -0.1043  -0.0057  -0.0051  -0.0095  -0.0541
 -0.0684  -0.1070   0.0008   0.0122  -0.0190  -0.0573
 -0.0844  -0.1074   0.0006   0.0036  -0.0071  -0.0648
 -0.0788  -0.1089   0.0082   0.0014  -0.0154  -0.0508
 -0.0759  -0.1034   0.0033   0.0051  -0.0206  -0.0721
 -0.0803  -0.1168   0.0053   0.0248  -0.0186  -0.0827
 -0.0785  -0.1138   0.0055  -0.0128  -0.0285  -0.0788
 -0.1000  -0.1197   0.0050  -0.0118  -0.0253  -0.0673
 -0.0863  -0.1115   0.0120   0.0076  -0.0261  -0.0713
 -0.0745  -0.1177  -0.0001   0.0033  -0.0277  -0.0749
 -0.0879  -0.1263  -0.0054  -0.0048  -0.0272  -0.0648
 -0.0904  -0.1193  -0.0219  -0.0307  -0.0308  -0.0626
 -0.0713  -0.1180  -0.0109  -0.0287  -0.0275  -0.0618
 -0.0682  -0.1103  -0.0232  -0.0240  -0.0219  -0.0730
 -0.0821  -0.1140  -0.0199  -0.0095  -0.0087  -0.0665
 -0.0765  -0.1154  -0.0127  -0.0173  -0.0230  -0.0629
 -0.0731  -0.1069  -0.0058  -0.0085  -0.0246  -0.0651
 -0.0845  -0.1132  -0.0135  -0.0016  -0.0192  -0.0781
 -0.0820  -0.1194   0.0064   0.0111  -0.0244  -0.0677
 -0.0835  -0.1144  -0.0034   0.0130  -0.0296  -0.0812
 -0.0799  -0.1233  -0.0082  -0.0050  -0.0295  -0.0776
 -0.0708  -0.1199  -0.0151  -0.0055  -0.0310  -0.0831
 -0.0835  -0.1143  -0.0112  -0.0042  -0.0194  -0.0689
 -0.0952  -0.1305  -0.0195   0.0132  -0.0176  -0.0789
 -0.0688  -0.1636   0.0049   0.0367  -0.0376  -0.0965
 -0.0906  -0.1372  -0.0033   0.0088  -0.0445  -0.0857
 -0.0365  -0.0889   0.0247   0.0128  -0.0882  -0.0993
 -0.1055   0.0019   0.0243  -0.0492  -0.0632  -0.0497
 -0.1340   0.0934   0.0790   0.0069  -0.1324  -0.0694
 -0.1318  -0.0529   0.0309  -0.0870  -0.0996  -0.0360
