 -0.4640  -0.4061   0.2144   0.3797  -0.1108   0.4463
 -0.4540  -0.3871   0.1997   0.3520  -0.1112   0.4541
 -0.4921  -0.3904   0.1832   0.3527  -0.1452   0.4424
 -0.4793  -0.4376   0.1467   0.3650  -0.1407   0.4454
 -0.4554  -0.4366   0.1835   0.3920  -0.1357   0.4406
 -0.4639  -0.4566   0.2197   0.3983  -0.1288   0.4167
 -0.4289  -0.4104   0.1984   0.3599  -0.1275   0.4447
 -0.4502  -0.3864   0.2104   0.3190  -0.1259   0.3977
 -0.4512  -0.3278   0.2138   0.3043  -0.1261   0.4257
 -0.4488  -0.3429   0.2163   0.3438  -0.1271   0.4141
 -0.4487  -0.3467   0.1882   0.3115  -0.1280   0.3875
 -0.4414  -0.3524   0.1722   0.3082  -0.1449   0.3388
 -0.3967  -0.3158   0.2041   0.2807  -0.1163   0.3791
 -0.4052  -0.2767   0.1781   0.2759  -0.1077   0.4081
 -0.3896  -0.2690   0.1780   0.2544  -0.0937   0.4172
 -0.3972  -0.2787   0.2040   0.2980  -0.1018   0.4019
 -0.3838  -0.2948   0.2348   0.2833  -0.0689   0.4028
 -0.3794  -0.2069   0.2051   0.2422  -0.0646   0.3802
 -0.3917  -0.1793   0.1881   0.2180  -0.0721   0.3704
 -0.3918  -0.1497   0.1741   0.1678  -0.0848   0.3505
 -0.2968  -0.0932   0.2584   0.3362  -0.0176   0.4163
 -0.1104  -0.0094   0.2744  -0.2427   0.1596   0.4147
 -0.1253   0.0324   0.3154  -0.0477   0.1344   0.4384
 -0.1204  -0.0022   0.3694   0.0490   0.1710   0.3872
 -0.1128  -0.0253   0.3243   0.0777   0.1533   0.3533
 -0.0979   0.0035   0.2932   0.0868   0.1500   0.3232
 -0.0789  -0.0636   0.3014   0.1027   0.1798   0.3941
 -0.0886  -0.0687   0.2352   0.0565   0.1839   0.3456
 -0.1441   0.0136   0.2467   0.0360   0.1095   0.3646
 -0.1562   0.0332   0.2378   0.0597   0.0831   0.3668
 -0.1315  -0.0016   0.2421   0.0803   0.1071   0.3594
 -0.0641  -0.0023   0.2191   0.0432   0.1878   0.3392
 -0.1106  -0.0088   0.2200   0.0919   0.1345   0.3824
 -0.3041  -0.0888   0.1970   0.3030  -0.0326   0.3605
 -0.3080  -0.0748   0.0788   0.2347  -0.0409   0.3587
 -0.2892   0.0613   0.0535  -0.2071  -0.0396   0.3524
 -0.2657   0.0848  -0.0105  -0.0327  -0.0635   0.2244
 -0.2721   0.1061  -0.0116  -0.0505  -0.0680   0.2458
 -0.1614  -0.0690   0.4796   0.2956   0.2083   0.1450
 -0.0013   0.0754   0.3403   0.2128   0.1699   0.0849
 -0.0580   0.0064   0.4548  -0.0761   0.1603   0.1839
 -0.2440  -0.3263   0.2366  -0.7087   0.2429   0.1441
 -0.0850  -0.1698   0.0609  -0.1828   0.0960   0.0320
 -0.0441  -0.0535   0.0134  -0.0487   0.0774   0.1317
 -0.0434   0.0117   0.0020  -0.0865   0.0745   0.1220
 -0.0329   0.0347   0.0725  -0.0383   0.0959   0.1399
 -0.0873   0.0873   0.1067  -0.1607   0.0835   0.1132
 -0.0268   0.0759   0.0549  -0.0984   0.1040   0.1083
 -0.0249   0.0687   0.0336  -0.1087   0.1020   0.1066
 -0.0338   0.1031   0.0380  -0.1053   0.0876   0.1264
 -0.0289   0.0908   0.0443  -0.1092   0.0854   0.1263
 -0.0558   0.0572   0.0335  -0.0843   0.0522   0.1236
 -0.0042   0.0214   0.0533  -0.0542   0.1163   0.1240
 -0.0059   0.0138   0.0421  -0.0512   0.1127   0.1245
 -0.0096  -0.0731   0.0319  -0.0202   0.0959   0.1191
 -0.0049  -0.0617  -0.0060  -0.0272   0.0851   0.1235
  0.1083  -0.0237  -0.0117  -0.0189   0.1546   0.1258
 -0.0216  -0.0101  -0.0483  -0.0489   0.0277   0.1563
  0.0235  -0.0138  -0.0051  -0.0342   0.1042   0.1136
 -0.0062  -0.0205   0.0093  -0.0410   0.0539   0.1494
 -0.0107   0.0129  -0.0220  -0.0678   0.0386   0.1227
  0.0111  -0.0018  -0.0089  -0.0570   0.0248   0.1179
 -0.0174   0.0205   0.0230  -0.0327   0.0402   0.1309
  0.0065   0.0365   0.0057  -0.0364   0.0536   0.0835
 -0.0398   0.0665  -0.0192  -0.0801   0.0108   0.1316
 -0.0630   0.0883  -0.0740  -0.1214   0.0003   0.1134
 -0.0756   0.0941  -0.0698  -0.1318  -0.0050   0.1348
 -0.0174   0.0208  -0.0476  -0.0846   0.0460   0.1444
 -0.0047   0.0332  -0.0535  -0.0693   0.0504   0.1213
 -0.0032   0.0538  -0.0555  -0.0785   0.0481   0.1141
  0.0009   0.0406  -0.0510  -0.0808   0.0514   0.1116
 -0.0139  -0.0023  -0.0438  -0.0614   0.0381   0.1105
 -0.0534   0.1510   0.0083  -0.2218  -0.0080   0.3289
  0.1115  -0.0361   0.1009  -0.1942   0.1447   0.2812
  0.1348   0.0025   0.1127  -0.1070   0.1842   0.1680
  0.1591  -0.0616   0.1069  -0.0962   0.1901   0.1696
  0.1421  -0.0866   0.0837  -0.0292   0.1672   0.1763
  0.0915  -0.0534   0.0976  -0.0319   0.1344   0.1994
  0.0960  -0.0299   0.1244  -0.0552   0.1325   0.1939
  0.1050  -0.0294   0.0917  -0.0937   0.1424   0.1650
  0.1232  -0.0482   0.0921  -0.0556   0.1593   0.1648
  0.1127  -0.0764   0.0736  -0.0393   0.1482   0.1760
 -0.6457  -0.3452  -1.1625  -0.1454  -0.8431   0.2480
 -0.0657  -0.1459  -0.0707  -0.1222  -0.2390  -0.0206
 -0.0212  -0.1027  -0.1279  -0.1137  -0.2042   0.0138
  0.0747  -0.1261  -0.1403  -0.0749  -0.1086  -0.0115
  0.0741  -0.1356  -0.1510  -0.0692  -0.1229  -0.0009
  0.0881  -0.1134  -0.1555  -0.1004  -0.0849   0.1035
  0.1125  -0.1351  -0.1513  -0.1474  -0.0520   0.1669
  0.1067   0.3397  -0.1546  -0.3485  -0.0825   0.0375
  0.0926   0.6524  -0.1757  -0.4568  -0.1101  -0.0555
  0.0984   0.5195  -0.1717  -0.4134  -0.1066  -0.0376
  0.1148   0.4945  -0.1806  -0.3859  -0.0927  -0.0667
  0.1296   0.4697  -0.2044  -0.4113  -0.0727  -0.0718
  0.1285   0.4310  -0.1960  -0.3729  -0.0808  -0.0763
  0.1337   0.4647  -0.1934  -0.3908  -0.0702  -0.0624
  0.1398   0.4650  -0.1942  -0.3856  -0.0662  -0.0641
  0.1462   0.4619  -0.1776  -0.3731  -0.0687  -0.0898
  0.1304   0.4496  -0.1889  -0.3822  -0.0577  -0.0739
  0.0353  -0.8523   0.0525   0.5126  -0.0370  -0.1081
 -0.0670  -0.4838  -0.1142   0.2332  -0.1015  -0.0946
 -0.1785  -1.1576   0.0066   1.0421  -0.2153  -0.0939
 -0.0972  -1.4092   0.1560   1.5886  -0.1490   0.0322
 -0.0086  -0.2497  -0.0863   0.2282  -0.0880   0.0001
 -0.0248  -0.3215  -0.0306   0.4890  -0.0986  -0.1302
 -0.0664  -0.4506   0.0099   0.4868  -0.1462  -0.1673
 -0.0908  -0.4263  -0.0595   0.4705  -0.1981  -0.1636
 -0.0628  -0.4456  -0.0646   0.4541  -0.1643  -0.1712
 -0.0331  -0.3398  -0.0889   0.2907  -0.1102  -0.1451
 -0.0162  -0.3020  -0.0651   0.2733  -0.0968  -0.1431
 -0.0211  -0.3058  -0.0895   0.2831  -0.1136  -0.0984
 -0.0086  -0.3267  -0.1085   0.2985  -0.1013  -0.1203
 -0.0017  -0.3451  -0.0882   0.2875  -0.0990  -0.1288
 -0.0094  -0.4046  -0.0879   0.3841  -0.1033  -0.1246
 -0.0167  -0.3826  -0.0961   0.3376  -0.1076  -0.1118
 -0.0079  -0.4176  -0.0952   0.3160  -0.1025  -0.1331
  0.0224  -0.4214  -0.1101   0.3259  -0.0872  -0.0835
  0.0158  -0.4454  -0.1029   0.3085  -0.1130  -0.0943
  0.0264  -0.4481  -0.1121   0.2940  -0.1048  -0.1041
  0.0407  -0.4358  -0.0975   0.2704  -0.0763  -0.1198
  0.0334  -0.4154  -0.1064   0.2668  -0.0797  -0.1344
  0.0509  -0.4393  -0.0969   0.3588  -0.0870  -0.0914
  0.1698  -0.0240  -0.1403   0.2521  -0.0783  -0.1316
  0.3795   0.5094  -0.1831  -0.3541   0.0178  -0.2804
  0.3698   0.6496  -0.0682  -0.4509   0.0642  -0.5865
  0.3460   0.2690  -0.0355  -0.1628   0.0479  -0.8381
  0.3558   0.5396  -0.1148  -0.2932   0.0489  -0.6578
  0.3241   0.3811  -0.1647  -0.0972  -0.0091  -0.6473
  0.3629   0.5387  -0.1562  -0.3275   0.0499  -0.6363
  0.3733   0.5140  -0.1457  -0.2673   0.0593  -0.6212
  0.3769   0.5055  -0.1542  -0.2741   0.0648  -0.6205
  0.3943   0.5258  -0.1870  -0.3220   0.0684  -0.6394
  0.3905   0.5145  -0.1779  -0.2432   0.0533  -0.6299
  0.3943   0.5496  -0.1977  -0.3186   0.0611  -0.6081
  0.3900   0.5754  -0.2115  -0.3355   0.0557  -0.6462
  0.4020   0.5726  -0.2024  -0.3506   0.0650  -0.6326
  0.3919   0.5363  -0.1894  -0.2986   0.0548  -0.6558
  0.3903   0.5511  -0.2025  -0.3079   0.0570  -0.6162
  0.4014   0.5471  -0.2132  -0.3394   0.0632  -0.6219
  0.3870   0.5448  -0.2131  -0.3471   0.0554  -0.6306
  0.3764   0.5279  -0.2115  -0.3023   0.0556  -0.6175
  0.4059   0.4862  -0.2228  -0.2368   0.0551  -0.6369
  0.4021   0.5377  -0.2128  -0.4603   0.0588  -0.6238
  0.4118   0.4588  -0.2204  -0.4167   0.0625  -0.6406
  0.4087   0.3842  -0.2006  -0.2658   0.0628  -0.6502
  0.3909   0.3511  -0.1737  -0.2829   0.0618  -0.6540
  0.4117   0.3621  -0.1720  -0.2872   0.0766  -0.6399
  0.3979   0.3886  -0.1707  -0.2470   0.0647  -0.6602
  0.4001   0.4284  -0.1974  -0.2717   0.0559  -0.6390
  0.4106   0.4389  -0.2021  -0.2880   0.0568  -0.6539
  0.4126   0.4060  -0.2028  -0.2590   0.0537  -0.6663
  0.4112   0.4132  -0.2049  -0.2672   0.0530  -0.6382
