 -0.2079  -0.0992  -0.0100  -0.3328  -0.3624  -0.0081
 -0.2055  -0.0824  -0.0020  -0.3979  -0.3533  -0.0002
 -0.1981  -0.0579   0.0068  -0.4752  -0.2819   0.0005
 -0.1970  -0.0771   0.0163  -0.3639  -0.3035  -0.0581
 -0.2009  -0.0587   0.0010  -0.4635  -0.2652  -0.0078
 -0.1826  -0.0828  -0.0014  -0.3524  -0.2836  -0.0768
 -0.2149  -0.0610  -0.0111  -0.4693  -0.2983  -0.0318
 -0.1977  -0.1111  -0.0106  -0.3185  -0.2998  -0.0872
 -0.1880  -0.0507  -0.0111  -0.4673  -0.2381  -0.0354
 -0.1823  -0.0777  -0.0001  -0.3411  -0.2181  -0.0882
 -0.1832  -0.0304  -0.0076  -0.4709  -0.2065  -0.0570
 -0.1701  -0.0748  -0.0039  -0.3534  -0.1864  -0.0753
 -0.1868  -0.0480  -0.0213  -0.4652  -0.2219  -0.0645
 -0.1814  -0.0726  -0.0243  -0.3541  -0.2557  -0.1266
 -0.1854  -0.0514  -0.0117  -0.4536  -0.2481  -0.0851
 -0.1849  -0.0642  -0.0235  -0.3493  -0.2708  -0.1106
 -0.1875  -0.0605  -0.0073  -0.3204  -0.2590  -0.1016
 -0.1608  -0.0573  -0.0138  -0.3237  -0.1773  -0.1102
 -0.1522  -0.0743  -0.0015  -0.3090  -0.1572  -0.1210
 -0.1867  -0.0631   0.0114  -0.4059  -0.1400  -0.0825
 -0.1746  -0.0847   0.0050  -0.3769  -0.1517  -0.1272
 -0.1728  -0.0466  -0.0320  -0.4862  -0.2163  -0.0487
 -0.1893  -0.0545  -0.0433  -0.3711  -0.3120  -0.0897
 -0.1933  -0.0097  -0.0238  -0.4963  -0.3115  -0.0610
 -0.1763   0.0021  -0.0264  -0.4799  -0.2732  -0.0684
 -0.1661  -0.0040  -0.0068  -0.3769  -0.2606  -0.0821
 -0.1320  -0.0176  -0.0209  -0.3997  -0.2494  -0.0424
 -0.1201  -0.0224  -0.0222  -0.3730  -0.2554  -0.0889
 -0.1111   0.0029  -0.0299  -0.4406  -0.2254  -0.0487
 -0.1188  -0.0416  -0.0235  -0.2938  -0.2765  -0.0904
 -0.1175   0.0090  -0.0129  -0.4370  -0.2329  -0.0455
 -0.1139   0.0129  -0.0173  -0.3795  -0.1977  -0.0674
 -0.1063   0.0028  -0.0084  -0.3423  -0.2161  -0.0745
 -0.1071   0.0181  -0.0218  -0.4649  -0.2058  -0.0182
 -0.1087  -0.0243  -0.0204  -0.2566  -0.2575  -0.0709
 -0.1047   0.0252  -0.0108  -0.3811  -0.2280  -0.0066
 -0.0988   0.0078  -0.0226  -0.3023  -0.2304  -0.0399
 -0.1009   0.0211  -0.0156  -0.3676  -0.2477  -0.0542
 -0.1147  -0.0033  -0.0272  -0.3208  -0.2958  -0.0491
 -0.1315  -0.0330  -0.0397  -0.1579  -0.3542  -0.0394
 -0.1704  -0.0526  -0.0532   0.0864  -0.4094  -0.0108
 -0.1723  -0.0302  -0.0528   0.1311  -0.4051   0.0593
 -0.1751  -0.0212  -0.0488   0.1925  -0.4286   0.1036
 -0.1789  -0.1200  -0.0116   0.1229  -0.3743   0.1559
 -0.1477  -0.0540  -0.0331   0.0049  -0.3528   0.0343
 -0.1586  -0.0665  -0.0196   0.0951  -0.3981  -0.0461
 -0.1560  -0.0271  -0.0189  -0.0185  -0.3728   0.0060
 -0.1472  -0.0244  -0.0227   0.0016  -0.3363  -0.0507
 -0.1437  -0.0588  -0.0214   0.0755  -0.3509  -0.0788
 -0.1505  -0.0413  -0.0243  -0.0224  -0.3086  -0.0035
 -0.1350  -0.0869  -0.0285   0.0672  -0.3163  -0.0389
 -0.1347  -0.0893  -0.0249   0.0455  -0.3399  -0.0359
 -0.1377  -0.0643  -0.0224  -0.0730  -0.2923   0.0282
 -0.1101  -0.1002  -0.0417   0.0232  -0.2717   0.0280
 -0.1137  -0.0214  -0.0320  -0.1180  -0.2208   0.0643
 -0.1016  -0.0715  -0.0338   0.0662  -0.1910   0.0205
 -0.1050  -0.0500  -0.0324  -0.0305  -0.1946   0.0855
 -0.1022  -0.0337  -0.0381   0.0116  -0.1947   0.0449
 -0.0927  -0.0594  -0.0228   0.0521  -0.1954   0.0416
 -0.0913   0.0037  -0.0250  -0.0517  -0.1529   0.0817
 -0.0820  -0.0379  -0.0176   0.0871  -0.1599   0.0254
 -0.0773  -0.0085  -0.0128  -0.0186  -0.1266   0.0451
 -0.0712   0.0104  -0.0180  -0.0406  -0.0968   0.0130
 -0.0783  -0.0228  -0.0152   0.0603  -0.1079  -0.0043
 -0.0808  -0.0076  -0.0259   0.0141  -0.1149   0.0603
 -0.0762  -0.0333  -0.0191   0.1605  -0.1330   0.0257
 -0.0770  -0.0104   0.0054   0.0651  -0.0959   0.0314
 -0.0537  -0.0342   0.0005   0.0602  -0.0061   0.0500
 -0.0280  -0.0782   0.0157   0.1497   0.0291   0.0277
 -0.0145  -0.0295   0.0244   0.0157   0.0856   0.0575
  0.0089  -0.0619   0.0162   0.1139   0.1248   0.0176
 -0.0006  -0.0577   0.0132   0.0226   0.1031   0.0354
  0.0118  -0.0765   0.0093   0.1324   0.1224  -0.0040
  0.0134  -0.0656   0.0138   0.0630   0.1350   0.0231
  0.0164  -0.0505   0.0128   0.0556   0.1392   0.0519
  0.0255  -0.0688   0.0147   0.1159   0.1441  -0.0002
  0.0256  -0.0398   0.0066   0.0603   0.1572   0.0669
  0.0142  -0.0760  -0.0012   0.1448   0.1162   0.0177
  0.0075  -0.0449   0.0102   0.0321   0.1417   0.0568
  0.0106  -0.0505  -0.0008   0.1065   0.1366   0.0140
  0.0105  -0.0514   0.0120   0.0806   0.1262   0.0033
  0.0210  -0.0284   0.0126   0.0132   0.1788   0.0345
  0.0222  -0.0510   0.0028   0.1174   0.1509  -0.0321
  0.0140  -0.0196  -0.0015  -0.0048   0.1356  -0.0184
  0.0078  -0.0328  -0.0111   0.0606   0.1172  -0.0375
  0.0093  -0.0018   0.0005   0.0041   0.1065  -0.0168
  0.0105  -0.0038  -0.0137   0.0545   0.1215  -0.0122
 -0.0022  -0.0331  -0.0206   0.0894   0.0459  -0.0407
  0.0024   0.0057  -0.0050  -0.0205   0.0900  -0.0019
 -0.0309   0.0396  -0.0048  -0.0710   0.0618   0.0306
 -0.0345   0.0439  -0.0108   0.0033   0.0158  -0.0811
 -0.0273   0.0553  -0.0001  -0.0260   0.0343  -0.0317
 -0.0115   0.1143  -0.0010  -0.1652   0.0538  -0.0200
 -0.0161   0.1188  -0.0104  -0.0790   0.0698  -0.0345
 -0.0132   0.0780  -0.0040   0.0316   0.0350  -0.0681
  0.0020   0.0964   0.0067  -0.0441   0.0587  -0.0264
  0.0125   0.1349   0.0121  -0.0882   0.0892  -0.0212
  0.0062   0.1096   0.0053  -0.0233   0.0549  -0.0994
  0.0234   0.1397   0.0048  -0.0724   0.0864  -0.0592
  0.0304   0.1240   0.0084  -0.0452   0.1017  -0.0648
  0.0247   0.1033  -0.0045  -0.0627   0.0651  -0.0498
  0.0140   0.0729  -0.0070   0.0261  -0.0018  -0.0897
  0.0175   0.0985   0.0032  -0.0537   0.0541  -0.0223
  0.0258   0.0901  -0.0075  -0.0036   0.0660  -0.0164
  0.0091   0.0154   0.0213   0.0454   0.0488   0.0694
  0.0060   0.0413   0.0043   0.0028   0.0600   0.1309
  0.0087  -0.0049   0.0007   0.1223   0.0303   0.0904
  0.0293   0.0215   0.0088   0.0472   0.0564   0.0946
  0.0353   0.0533   0.0187  -0.0253   0.0777   0.0939
  0.0258   0.0317  -0.0046   0.1232   0.0349   0.0276
  0.0328   0.0187   0.0121   0.1095   0.0501   0.0866
  0.0333   0.0719   0.0166   0.0347   0.0841   0.0829
  0.0264   0.0322   0.0193   0.1540   0.0585   0.0550
  0.0362   0.0543   0.0138   0.0459   0.0844   0.0844
  0.0404   0.0332  -0.0004   0.1226   0.0832   0.0427
  0.0347   0.0244  -0.0089   0.0418   0.0317   0.0899
  0.0349   0.0300  -0.0086   0.0736   0.0151   0.0533
  0.0288   0.0158  -0.0012   0.0811   0.0434   0.0559
  0.0189   0.0276  -0.0141   0.0468   0.0682   0.0390
  0.0331   0.0006  -0.0104   0.1714   0.0843   0.0150
  0.0467   0.0257   0.0223   0.0591   0.1634   0.0707
  0.0516   0.0124   0.0289  -0.0273   0.2323  -0.0426
  0.0721  -0.0260   0.0308   0.1555   0.2456  -0.0817
  0.0742   0.0317   0.0363   0.0205   0.2362  -0.0098
  0.0726   0.0095   0.0314   0.1163   0.2292  -0.0257
  0.0731   0.0040   0.0468   0.1213   0.2226  -0.0089
  0.0678   0.0247   0.0349   0.0759   0.2374   0.0105
  0.0783   0.0003   0.0437   0.1277   0.2377  -0.0345
  0.0820   0.0266   0.0241   0.0701   0.2628   0.0028
  0.0750   0.0151   0.0267   0.0916   0.2018  -0.0026
  0.0778   0.0199   0.0306   0.0566   0.1969   0.0214
  0.0696  -0.0077   0.0326   0.1374   0.1916  -0.0005
  0.0730   0.0015   0.0030   0.0636   0.2187   0.0539
  0.0724  -0.0163   0.0183   0.1965   0.1536   0.0131
  0.0828   0.0334   0.0259   0.0328   0.1868   0.0628
  0.0826   0.0028   0.0156   0.1710   0.1768   0.0292
  0.0875   0.0263   0.0355   0.0691   0.1864   0.0820
  0.1008   0.0115   0.0349   0.1600   0.2127   0.0389
  0.1118   0.0282   0.0548   0.1279   0.2671   0.0625
  0.1193   0.0401   0.0497   0.1250   0.2843   0.0448
  0.1215   0.0335   0.0545   0.1754   0.3101   0.0156
  0.1173   0.0400   0.0138   0.2030   0.2914   0.0002
  0.1206   0.0239   0.0213   0.2905   0.2449  -0.0718
  0.1177   0.0639   0.0202   0.1549   0.2443   0.0149
  0.1071   0.0297   0.0151   0.2689   0.1996  -0.0130
  0.1231   0.0364   0.0272   0.1732   0.2424   0.0646
  0.0925   0.0156   0.0325   0.1110   0.2035  -0.0190
  0.1102  -0.0301   0.0095   0.2425   0.1843  -0.0242
  0.0866   0.0282   0.0118  -0.0227   0.1433   0.0287
  0.0857   0.0857  -0.0083  -0.0398   0.1413  -0.0068
  0.0769   0.0137   0.0026   0.2131   0.0980  -0.0313
  0.0972   0.0284   0.0156   0.1228   0.1236   0.0122
  0.0977   0.0403   0.0135   0.0444   0.1664   0.0126
  0.0907   0.0388   0.0060   0.0933   0.1404  -0.0279
  0.0946   0.0569   0.0010  -0.0034   0.1372   0.0285
  0.1032   0.0345   0.0040   0.1043   0.1496  -0.0198
  0.1078   0.0543   0.0086   0.0439   0.1487   0.0226
  0.1080   0.0193   0.0096   0.1979   0.1464  -0.0059
  0.1149   0.0519   0.0107   0.0385   0.1530   0.0203
  0.0819   0.0235  -0.0049   0.1045   0.0774   0.0318
  0.0751   0.0538  -0.0078  -0.0131   0.0566   0.0325
  0.0780   0.0128  -0.0203   0.1568   0.0427  -0.0001
  0.0812   0.0148  -0.0056   0.1160   0.0369   0.0297
  0.0913   0.0283  -0.0159   0.1410   0.0629   0.0400
  0.1014   0.0225   0.0031   0.1455   0.0816   0.0185
  0.1112   0.0308  -0.0079   0.1953   0.0905   0.0217
  0.1177   0.0352   0.0041   0.1670   0.1121   0.0135
  0.1285   0.0334  -0.0003   0.1686   0.1376   0.0318
  0.1301   0.0400   0.0084   0.1383   0.1461  -0.0165
  0.1116   0.0403  -0.0061   0.1388   0.1308   0.0086
  0.1213   0.0374   0.0091   0.1531   0.1284  -0.0191
  0.1268   0.0084   0.0006   0.1458   0.1284   0.0452
  0.1240  -0.0100   0.0045   0.2237   0.1060   0.0062
  0.1168  -0.0013  -0.0060   0.1588   0.1333   0.0650
  0.1150  -0.0234   0.0022   0.2635   0.0999  -0.0038
  0.1208   0.0521   0.0142   0.0662   0.1522   0.0218
  0.1280   0.0377  -0.0026   0.1075   0.1689  -0.0635
  0.1258  -0.0107  -0.0129   0.2263   0.1121  -0.0512
  0.1325   0.0564  -0.0018   0.0928   0.1355   0.0037
  0.1195   0.0200  -0.0140   0.2292   0.0650  -0.0316
  0.1192   0.0282   0.0015   0.1455   0.0713   0.0259
  0.1291   0.0200  -0.0198   0.2109   0.0754  -0.0017
  0.1174   0.0288  -0.0039   0.1349   0.0710  -0.0180
  0.1149   0.0427  -0.0150   0.1496   0.0618   0.0083
  0.1299   0.0559   0.0052   0.1234   0.0530  -0.0319
  0.1122   0.0531   0.0018   0.1284   0.0212   0.0088
  0.1279   0.0255   0.0224   0.2284   0.0209  -0.0126
  0.1438   0.0365   0.0239   0.1648   0.0847   0.0129
  0.1525  -0.0227   0.0263   0.3343   0.1127  -0.0021
  0.1533   0.0200   0.0272   0.1633   0.1356   0.0488
  0.1352  -0.0532   0.0186   0.2897   0.1387   0.0052
  0.1473  -0.0195   0.0089   0.2442   0.1211   0.0651
  0.1377   0.0067   0.0076   0.2252   0.1238   0.1040
  0.1358  -0.0295   0.0142   0.3160   0.1258   0.0291
  0.1416   0.0326   0.0238   0.1941   0.1655   0.1143
  0.1501  -0.0023   0.0261   0.3245   0.1735   0.0491
  0.1672   0.0177   0.0371   0.2573   0.1972   0.0672
  0.1689   0.0322   0.0307   0.2730   0.2060   0.0814
  0.1627   0.0234   0.0350   0.2811   0.1914   0.0470
  0.1872   0.0568   0.0509   0.2559   0.2450   0.0509
