 -0.0158   0.1406   0.3194  -0.2308  -0.0478  -0.1924
 -0.0113   0.1425   0.3012  -0.1367  -0.0220  -0.1731
 -0.0056   0.1073   0.2986  -0.0739  -0.0150  -0.1608
 -0.0052   0.0825   0.3003  -0.0503  -0.0111  -0.1573
 -0.0130   0.0461   0.3027   0.0432  -0.0381  -0.1213
  0.0313   0.1294   0.2792  -0.4734  -0.0335  -0.2321
 -0.0078   0.0985   0.2695  -0.1532  -0.0304  -0.1960
  0.0071   0.1027   0.2596  -0.1374  -0.0191  -0.1954
 -0.0037   0.0565   0.2334  -0.0933  -0.0031  -0.1777
 -0.0203   0.0729   0.2447  -0.2131  -0.0173  -0.1729
  0.0109  -0.1219   0.2141  -0.4073  -0.0103  -0.1715
 -0.0136  -0.0108   0.2404  -0.0415  -0.0199  -0.1320
 -0.0058  -0.0839   0.2516   0.0988  -0.0048  -0.1485
 -0.0414  -0.0245   0.2119   0.0579  -0.0200  -0.1171
 -0.0118   0.0067   0.2698  -0.0266  -0.0710  -0.1122
 -0.0447  -0.0028   0.1942  -0.0060  -0.0553  -0.1353
 -0.0191  -0.0095   0.1942   0.0500  -0.0338  -0.1066
 -0.0205  -0.0322   0.1985   0.1739  -0.0052  -0.0839
 -0.0279  -0.0287   0.1906   0.1323  -0.0023  -0.1001
 -0.0384  -0.0020   0.1727   0.0447   0.0001  -0.1150
 -0.0147  -0.0115   0.1598   0.1199   0.0018  -0.1036
 -0.0188   0.0202   0.0588   0.2341   0.0184  -0.0569
 -0.0338  -0.0758   0.1040   0.1177   0.0288  -0.1110
 -0.0221  -0.1760  -0.0005   0.0550  -0.0074  -0.1458
 -0.0297   0.0741   0.0546  -0.0207   0.0409  -0.1459
 -0.0074   0.0549   0.0393   0.0696   0.0487  -0.1110
 -0.0443   0.0424   0.0684   0.1735   0.0198  -0.0529
 -0.0088  -0.0221   0.0559   0.1538   0.0057  -0.0871
 -0.0106  -0.0193   0.0305   0.1265   0.0060  -0.0955
 -0.0213   0.0146   0.0081   0.0087   0.0030  -0.1198
  0.0125  -0.0944   0.0315   0.4161   0.0197  -0.0226
  0.0146  -0.1053   0.0630   0.1902   0.0145  -0.0833
  0.0299  -0.0099   0.1052   0.1717  -0.0238  -0.0773
  0.0173  -0.0779   0.1043   0.2521  -0.0122  -0.0834
 -0.0136  -0.0390   0.0898   0.1347   0.0136  -0.1088
 -0.0087  -0.0315   0.0919   0.1283   0.0174  -0.0939
  0.0024  -0.1008   0.0533   0.1952   0.0293  -0.0671
  0.0012  -0.1323   0.0309   0.2514   0.0359  -0.0573
  0.0242  -0.1143   0.0477   0.2866   0.0135  -0.0375
  0.0006  -0.0726   0.0293   0.2655   0.0189  -0.0528
  0.0107  -0.0614   0.0232   0.2715   0.0190  -0.0479
  0.0198  -0.1210   0.0271   0.3645   0.0151  -0.0229
  0.0275  -0.0722   0.0436   0.3164   0.0138  -0.0363
  0.0278  -0.0737   0.0370   0.3026   0.0070  -0.0311
  0.0320  -0.0788   0.0166   0.3008   0.0098  -0.0279
 -0.0035  -0.1939   0.0090   0.3721  -0.0034  -0.0063
  0.0431  -0.1489   0.0446   0.0783  -0.0049  -0.0872
 -0.0065  -0.1113   0.0681   0.1321  -0.0183  -0.0774
  0.0214  -0.1682   0.0839   0.2724   0.0022  -0.0377
  0.0436  -0.1241   0.0760   0.2723  -0.0052  -0.0453
  0.0404  -0.1374   0.0523   0.2712   0.0037  -0.0325
  0.0296  -0.1755   0.0414   0.3027   0.0154  -0.0172
  0.0276  -0.1436   0.0350   0.1925   0.0115  -0.0447
  0.0446  -0.1357   0.0101   0.1861   0.0120  -0.0449
  0.0513  -0.1568   0.0084   0.2593   0.0123  -0.0211
  0.0833  -0.1639  -0.1422   0.2250  -0.0196  -0.0303
  0.0609  -0.1528  -0.1092   0.1643  -0.0053  -0.0567
  0.0574  -0.1507  -0.1124   0.2369  -0.0008  -0.0372
  0.0561  -0.1834  -0.0988   0.2938   0.0113  -0.0159
  0.0636  -0.1492  -0.0963   0.2296   0.0098  -0.0329
  0.0518  -0.1677  -0.0888   0.2906   0.0071  -0.0149
  0.0475  -0.2282  -0.0662   0.4014   0.0024   0.0230
  0.0186  -0.2141  -0.0587   0.2589   0.0060   0.0083
  0.0321  -0.1746  -0.0509   0.2577  -0.0074  -0.0046
  0.0227  -0.1460  -0.0852   0.1843  -0.0030  -0.0149
  0.0629  -0.1372  -0.0098   0.1115   0.0460  -0.0097
  0.0103   0.1082  -0.0977  -0.0944  -0.0106   0.0067
  0.0973  -0.2965  -0.1123   0.0485  -0.0367  -0.0306
  0.0645  -0.2667  -0.0958   0.1009  -0.0426  -0.0199
  0.0678  -0.2765  -0.1092   0.1364  -0.0359  -0.0181
  0.0734  -0.3126  -0.1020   0.2139  -0.0235   0.0034
  0.0491  -0.2612  -0.0629   0.1983  -0.0128  -0.0089
  0.0611  -0.2947  -0.0701   0.2850   0.0018   0.0191
  0.0584  -0.3165  -0.0905   0.3010  -0.0163   0.0263
  0.0559  -0.2638  -0.1030   0.3017  -0.0060   0.0086
  0.0674  -0.3503  -0.0015   0.3039  -0.0348  -0.0109
  0.0506  -0.2798  -0.1868   0.1221   0.0033  -0.0209
  0.0703  -0.3138  -0.1464   0.2991   0.0042   0.0262
  0.0667  -0.2753  -0.1339   0.2818   0.0045   0.0018
  0.0436  -0.2341  -0.1318   0.1522   0.0055  -0.0057
  0.0360  -0.2891  -0.1354   0.2275   0.0128   0.0152
  0.0611  -0.2955  -0.1390   0.2875   0.0279   0.0260
  0.0634  -0.2724  -0.1317   0.1420   0.0059  -0.0028
  0.0685  -0.2644  -0.1450   0.2024   0.0142   0.0149
  0.0831  -0.3016  -0.1416   0.2972   0.0128   0.0422
  0.0776  -0.2561  -0.1549   0.2351   0.0103   0.0261
  0.0753  -0.2525  -0.1594   0.2142   0.0127   0.0276
  0.0491  -0.2725  -0.1680   0.2581   0.0046   0.0463
  0.0582  -0.2567  -0.1592   0.2128   0.0075   0.0295
  0.0836  -0.3029  -0.1352   0.3296  -0.0188   0.0652
  0.0708  -0.2971  -0.1421   0.3233  -0.0094   0.0619
  0.0686  -0.2544  -0.1548   0.2507  -0.0063   0.0463
  0.0502  -0.2725  -0.1576   0.2978  -0.0022   0.0663
  0.0651  -0.3026  -0.1554   0.3006  -0.0121   0.0710
  0.0680  -0.2556  -0.1313   0.2544  -0.0038   0.0642
  0.0763  -0.0092  -0.1401  -0.6442  -0.0940  -0.1156
 -0.1540   0.8769   0.1268  -1.2061  -0.0577  -0.1821
 -0.1395   0.7151   0.2005  -0.8386  -0.0387  -0.0687
 -0.1298   0.6826   0.1561  -0.7781  -0.0179  -0.0693
 -0.1315   0.6827   0.1385  -0.7571  -0.0109  -0.0599
 -0.1257   0.6355   0.1213  -0.6887  -0.0055  -0.0419
 -0.1054   0.5833   0.1057  -0.6367  -0.0072  -0.0379
 -0.0630   0.6169   0.0865  -0.6202  -0.0194  -0.0252
 -0.0545   0.4979   0.0006  -0.5017  -0.0228  -0.0193
 -0.0572   0.5045   0.0386  -0.4223  -0.0124  -0.0007
 -0.0542   0.5303   0.0411  -0.4393  -0.0130   0.0044
 -0.0556   0.5411   0.0626  -0.4437  -0.0039   0.0052
 -0.0463   0.5044   0.0636  -0.3156   0.0024   0.0386
 -0.0619   0.6918   0.0312  -0.7051  -0.0164  -0.0148
 -0.0402   0.4669   0.0223  -0.4701  -0.0004   0.0150
 -0.0244   0.4321  -0.0085  -0.3773  -0.0158   0.0201
 -0.0256   0.3454  -0.0667  -0.2801  -0.0220   0.0412
 -0.0166   0.3075  -0.0382  -0.2460  -0.0163   0.0507
 -0.0093   0.2873  -0.0433  -0.2060  -0.0085   0.0537
 -0.0201   0.3112  -0.0498  -0.2621  -0.0025   0.0608
 -0.0200   0.3045  -0.0460  -0.2757  -0.0135   0.0528
 -0.0144   0.2609  -0.0416  -0.2469  -0.0028   0.0595
 -0.0106   0.2185  -0.0377  -0.1586   0.0038   0.0747
 -0.0054   0.2166  -0.0379  -0.1833  -0.0086   0.0748
 -0.0145   0.1883  -0.0565  -0.1690  -0.0070   0.0770
 -0.0123   0.1909  -0.0597  -0.1899   0.0056   0.0677
 -0.0045   0.2328  -0.0584  -0.2019   0.0077   0.0623
  0.0033   0.2006  -0.0915  -0.1988   0.0262   0.0681
  0.0064   0.1455  -0.1121  -0.1234   0.0270   0.0915
  0.0121   0.0727  -0.0578  -0.1265  -0.0093   0.0836
  0.0009   0.1416  -0.0770  -0.1540   0.0039   0.0865
 -0.0038   0.1647  -0.0765  -0.2017   0.0013   0.0807
 -0.0179   0.1254  -0.0718  -0.0867   0.0198   0.1166
 -0.0236   0.0979  -0.0705  -0.0530   0.0165   0.1384
 -0.0153   0.1191  -0.0665  -0.0646   0.0185   0.1202
 -0.0094   0.0992  -0.0501  -0.0272   0.0192   0.1274
 -0.0065   0.1067  -0.0667   0.0066   0.0276   0.1228
 -0.0104   0.1196  -0.0962   0.0636   0.0317   0.1464
 -0.0285   0.0153  -0.2383  -0.0804  -0.0031   0.2245
 -0.0746   0.2712  -0.1417  -0.3750  -0.0366   0.0948
 -0.0287   0.1479  -0.1715  -0.3443   0.0080   0.1013
 -0.0089   0.0680   0.0341   0.1657   0.1177   0.2281
 -0.0563   0.0658  -0.1375  -0.2471   0.0012   0.1170
 -0.0396   0.0828  -0.1179  -0.2064   0.0133   0.1158
 -0.0341   0.1073  -0.0709  -0.1819  -0.0067   0.1080
 -0.0426   0.0943  -0.0771  -0.1772   0.0128   0.1089
 -0.0338   0.0430  -0.0674  -0.0692   0.0187   0.1513
 -0.0480   0.0576  -0.0522  -0.1370   0.0311   0.1264
 -0.0594  -0.0183  -0.0172  -0.0810   0.0253   0.1319
 -0.0692  -0.0116  -0.0491  -0.0850   0.0135   0.1415
 -0.0684  -0.0138  -0.0569  -0.0607   0.0101   0.1552
 -0.0544  -0.0306  -0.0377  -0.0802   0.0052   0.1468
 -0.0516  -0.0641  -0.0363  -0.0482   0.0024   0.1666
 -0.0603  -0.0503  -0.0675  -0.1445  -0.0054   0.1511
 -0.0527  -0.0527  -0.0603  -0.1040   0.0078   0.1525
 -0.0191  -0.1090  -0.0121   0.0563   0.0125   0.2011
 -0.0713  -0.1084  -0.0876  -0.0339  -0.0021   0.1777
 -0.0658  -0.0792  -0.0776  -0.0680   0.0083   0.1712
 -0.0623  -0.0894  -0.0787  -0.0686   0.0101   0.1819
 -0.0652  -0.1075  -0.0808  -0.0296   0.0086   0.1905
 -0.0723  -0.1072  -0.0859  -0.0221   0.0064   0.1965
