 -0.0007   0.0375  -0.0163  -0.0140  -0.0154  -0.1373
  0.0002   0.0280  -0.0088   0.0007  -0.0168  -0.1134
  0.0014   0.0189  -0.0113   0.0121  -0.0153  -0.1161
 -0.0007   0.0180  -0.0093  -0.0107  -0.0116  -0.1281
 -0.0004   0.0031  -0.0121  -0.0029  -0.0078  -0.1203
  0.0058  -0.0152  -0.0059  -0.0112  -0.0100  -0.1071
  0.0046  -0.0033  -0.0120   0.0036  -0.0137  -0.0982
  0.0103   0.0058  -0.0081  -0.0012  -0.0096  -0.0803
  0.0061  -0.0092  -0.0107  -0.0074  -0.0108  -0.1053
  0.0042   0.0134  -0.0091  -0.0012  -0.0127  -0.1082
  0.0007   0.0100  -0.0121   0.0147  -0.0139  -0.0998
  0.0054  -0.0100  -0.0105   0.0018  -0.0178  -0.0638
  0.0033   0.0014  -0.0127   0.0140  -0.0168  -0.0742
  0.0050   0.0027  -0.0074   0.0044  -0.0187  -0.0929
  0.0044   0.0006  -0.0124  -0.0054  -0.0148  -0.0771
  0.0021   0.0083  -0.0151  -0.0072  -0.0202  -0.0949
  0.0061  -0.0093  -0.0106   0.0119  -0.0180  -0.0631
  0.0133  -0.0199  -0.0123   0.0046  -0.0130  -0.0364
  0.0090  -0.0057  -0.0098   0.0012  -0.0190  -0.0423
  0.0038  -0.0121  -0.0072  -0.0082  -0.0202  -0.0572
  0.0003  -0.0096  -0.0089  -0.0054  -0.0164  -0.0647
  0.0051  -0.0159  -0.0095   0.0044  -0.0123  -0.0568
  0.0038  -0.0085  -0.0039   0.0036  -0.0048  -0.0578
  0.0003   0.0123   0.0024  -0.0014  -0.0086  -0.0693
 -0.0016   0.0310  -0.0015   0.0066  -0.0056  -0.0558
  0.0054  -0.0134  -0.0029   0.0137  -0.0019  -0.0431
 -0.0023  -0.0038   0.0010  -0.0011  -0.0013  -0.0513
 -0.0014  -0.0049   0.0013   0.0154  -0.0001  -0.0542
 -0.0059  -0.0069   0.0046   0.0105   0.0013  -0.0274
  0.0000  -0.0165  -0.0088   0.0073   0.0051  -0.0549
  0.0034  -0.0027  -0.0030   0.0310   0.0026  -0.0346
 -0.0008   0.0055   0.0044   0.0158   0.0016  -0.0388
  0.0028  -0.0029   0.0037  -0.0028  -0.0018  -0.0443
 -0.0048   0.0197  -0.0005  -0.0212  -0.0043  -0.0619
  0.0044   0.0069   0.0044   0.0192  -0.0036  -0.0331
  0.0026  -0.0210   0.0008   0.0243  -0.0019  -0.0298
 -0.0010  -0.0066  -0.0035   0.0008  -0.0016  -0.0362
  0.0021  -0.0172   0.0089   0.0046   0.0027  -0.0193
 -0.0070  -0.0121   0.0007  -0.0222   0.0090  -0.0415
 -0.0055  -0.0198   0.0022   0.0166   0.0057  -0.0211
  0.0021  -0.0335   0.0068   0.0161   0.0052   0.0128
  0.0004  -0.0063   0.0035  -0.0077   0.0042  -0.0079
 -0.0029   0.0150  -0.0002   0.0175   0.0068  -0.0051
  0.0033   0.0019   0.0013   0.0254   0.0052   0.0341
  0.0043  -0.0170   0.0030   0.0057   0.0052   0.0374
  0.0001  -0.0040   0.0067   0.0256   0.0024   0.0365
 -0.0038   0.0107   0.0043   0.0165   0.0041   0.0193
 -0.0064   0.0241  -0.0015   0.0070   0.0024   0.0134
  0.0002  -0.0084   0.0065   0.0357   0.0060   0.0557
  0.0011  -0.0065  -0.0013   0.0041   0.0096   0.0514
 -0.0009   0.0026   0.0080   0.0015   0.0021   0.0576
  0.0017   0.0083   0.0072   0.0117   0.0032   0.0442
 -0.0034   0.0132   0.0000   0.0023  -0.0005   0.0360
 -0.0060   0.0155   0.0001   0.0085   0.0049   0.0495
  0.0000   0.0086   0.0091   0.0245   0.0047   0.0454
 -0.0003  -0.0045   0.0064   0.0077   0.0068   0.0549
 -0.0049   0.0205   0.0060   0.0027   0.0070   0.0420
 -0.0007  -0.0080   0.0057  -0.0057   0.0107   0.0518
 -0.0021   0.0036   0.0118  -0.0078   0.0094   0.0521
 -0.0091   0.0158   0.0040  -0.0165   0.0155   0.0580
 -0.0080   0.0153  -0.0041  -0.0081   0.0157   0.0672
 -0.0059   0.0004   0.0093   0.0070   0.0128   0.0773
 -0.0073  -0.0029  -0.0068  -0.0131   0.0214   0.0626
 -0.0090  -0.0003   0.0004  -0.0126   0.0184   0.0542
 -0.0032   0.0012  -0.0010  -0.0089   0.0093   0.0578
 -0.0076  -0.0025   0.0034  -0.0017   0.0081   0.0750
 -0.0036   0.0030   0.0038  -0.0153   0.0073   0.0540
 -0.0023   0.0063   0.0019  -0.0068   0.0022   0.0629
  0.0015   0.0016   0.0068  -0.0059   0.0038   0.0951
  0.0027   0.0069   0.0053  -0.0043   0.0070   0.0899
 -0.0044   0.0122  -0.0017  -0.0147   0.0058   0.0661
 -0.0054   0.0136   0.0061   0.0015   0.0062   0.0793
 -0.0044   0.0012   0.0070  -0.0187   0.0144   0.0647
 -0.0019   0.0135  -0.0032  -0.0292   0.0052   0.0517
 -0.0002  -0.0096   0.0123   0.0065   0.0043   0.0977
  0.0013  -0.0109   0.0083  -0.0034   0.0085   0.0979
  0.0062   0.0088   0.0173  -0.0192   0.0002   0.0595
  0.0050  -0.0103   0.0161  -0.0012  -0.0022   0.1159
  0.0016  -0.0113   0.0120  -0.0193   0.0076   0.1066
  0.0004   0.0034   0.0053  -0.0175   0.0086   0.0692
  0.0018   0.0094   0.0119  -0.0199   0.0073   0.0854
  0.0008  -0.0107   0.0046  -0.0269   0.0082   0.0677
 -0.0077  -0.0037   0.0013  -0.0469   0.0106   0.0679
 -0.0019  -0.0218   0.0074  -0.0080   0.0071   0.0692
 -0.0053  -0.0326   0.0096  -0.0214   0.0128   0.1112
