 -0.0179  -0.0555   0.0786   0.1560   0.0403   0.1198
 -0.0203  -0.0855   0.0628   0.1798   0.0514   0.0984
 -0.0146  -0.1007   0.0598   0.1712   0.0583   0.0624
 -0.0196  -0.1029   0.0615   0.1879   0.0557   0.0584
 -0.0185  -0.1400   0.0805   0.2560   0.0567   0.0764
 -0.0120  -0.1208   0.0645   0.2163   0.0630   0.0992
 -0.0145  -0.1000   0.0528   0.1733   0.0534   0.0685
 -0.0146  -0.1206   0.0711   0.2621   0.0509   0.0914
 -0.0168  -0.1404   0.0629   0.2419   0.0534   0.0906
 -0.0040  -0.1227   0.0521   0.1970   0.0656   0.0826
 -0.0062  -0.1431   0.0550   0.2395   0.0594   0.0804
 -0.0059  -0.1647   0.0585   0.2783   0.0625   0.1069
  0.0012  -0.1483   0.0410   0.2351   0.0692   0.1054
 -0.0000  -0.1479   0.0307   0.2138   0.0673   0.0703
  0.0008  -0.1761   0.0283   0.2720   0.0684   0.0992
 -0.0087  -0.1734   0.0293   0.2345   0.0607   0.1038
  0.0020  -0.1574   0.0246   0.2476   0.0615   0.0670
  0.0029  -0.1945   0.0403   0.3078   0.0585   0.1031
 -0.0073  -0.1841   0.0246   0.2541   0.0566   0.1019
  0.0048  -0.1754   0.0240   0.2358   0.0673   0.0751
  0.0078  -0.1947   0.0277   0.2642   0.0730   0.0830
  0.0050  -0.1874   0.0277   0.2458   0.0645   0.1052
  0.0024  -0.1732   0.0250   0.2084   0.0751   0.0841
  0.0082  -0.1851   0.0266   0.2348   0.0693   0.0717
  0.0074  -0.1939   0.0287   0.2759   0.0622   0.1058
  0.0065  -0.1809   0.0262   0.2316   0.0548   0.0772
  0.0082  -0.1892   0.0318   0.2526   0.0609   0.0755
  0.0010  -0.2079   0.0342   0.2925   0.0587   0.0941
  0.0038  -0.2004   0.0337   0.2700   0.0610   0.1156
  0.0067  -0.1883   0.0265   0.2544   0.0668   0.0853
  0.0105  -0.2073   0.0312   0.3046   0.0675   0.1073
  0.0058  -0.2249   0.0398   0.3070   0.0609   0.1108
 -0.0122  -0.0839   0.0258   0.1172   0.0444   0.1122
 -0.0184  -0.0397   0.0608   0.1547   0.0335   0.1116
 -0.0151  -0.0986   0.0485   0.1794   0.0263   0.0999
 -0.0179  -0.1134   0.0395   0.2026   0.0182   0.0738
 -0.0088  -0.1529   0.0444   0.2565   0.0164   0.1006
 -0.0097  -0.1623   0.0432   0.2103   0.0253   0.1248
 -0.0088  -0.1406   0.0543   0.2002   0.0243   0.0743
 -0.0059  -0.1622   0.0602   0.2434   0.0209   0.0861
 -0.0131  -0.1663   0.0401   0.2187   0.0146   0.1043
 -0.0056  -0.1711   0.0480   0.2414   0.0203   0.0625
 -0.0024  -0.1740   0.0528   0.2675   0.0266   0.1015
 -0.0040  -0.1658   0.0418   0.2277   0.0216   0.0794
 -0.0066  -0.1705   0.0355   0.2262   0.0185   0.0591
 -0.0112  -0.1934   0.0575   0.2570   0.0104   0.0818
 -0.0119  -0.1666   0.0434   0.2177   0.0108   0.0963
 -0.0359   0.1051   0.0550   0.0159  -0.0140   0.0975
 -0.0603   0.1431   0.0853   0.0885  -0.0261   0.1293
 -0.0517   0.0459   0.0827   0.0978  -0.0194   0.0503
 -0.0445   0.0256   0.0840   0.1433  -0.0145   0.0563
 -0.0386   0.0021   0.0827   0.1604  -0.0115   0.0799
 -0.0427  -0.0144   0.0497   0.1191  -0.0072   0.0705
 -0.0449   0.0048   0.0509   0.0864  -0.0184   0.0620
 -0.0259  -0.0279   0.0599   0.1509  -0.0124   0.0729
 -0.0271  -0.0327   0.0560   0.1682  -0.0099   0.0864
 -0.0213  -0.0244   0.0393   0.1226  -0.0005   0.0721
 -0.0170  -0.0465   0.0553   0.1663  -0.0088   0.0557
 -0.0255  -0.0466   0.0431   0.1925  -0.0250   0.1095
 -0.0246  -0.0478   0.0434   0.1669  -0.0273   0.0862
 -0.0210  -0.0545   0.0429   0.1917   0.0040   0.0648
 -0.0265  -0.0783   0.0482   0.2120  -0.0015   0.0883
 -0.0218  -0.0502   0.0331   0.1447   0.0072   0.1050
 -0.0200  -0.0658   0.0485   0.2180  -0.0068   0.0723
 -0.0299  -0.0837   0.0394   0.2194  -0.0107   0.1076
 -0.0258  -0.0704   0.0335   0.1763  -0.0236   0.0921
 -0.0194  -0.0752   0.0411   0.2134  -0.0304   0.0800
 -0.0235  -0.1021   0.0483   0.2603  -0.0301   0.0927
 -0.0241  -0.0742   0.0378   0.1710  -0.0168   0.0970
 -0.0326  -0.0868   0.0570   0.2026  -0.0202   0.0459
 -0.0726   0.0874   0.0366  -0.0323  -0.0532   0.1522
 -0.0393   0.0113   0.0430   0.1230  -0.0323   0.0589
 -0.0379  -0.0130   0.0408   0.1307  -0.0279   0.0692
 -0.0340  -0.0342   0.0441   0.1615  -0.0342   0.0251
 -0.0357  -0.0551   0.0341   0.2026  -0.0385   0.1019
 -0.0396  -0.0477   0.0283   0.1430  -0.0362   0.0849
 -0.0308  -0.0468   0.0212   0.1499  -0.0286   0.0638
 -0.0271  -0.0604   0.0268   0.1912  -0.0304   0.1007
 -0.0314  -0.0631   0.0143   0.1360  -0.0222   0.0917
 -0.0261  -0.0546   0.0081   0.1042  -0.0128   0.0473
 -0.0199  -0.0786   0.0198   0.1727  -0.0218   0.0548
 -0.0304  -0.0882   0.0102   0.1608  -0.0271   0.0879
 -0.0246  -0.0573   0.0070   0.0795  -0.0116   0.0547
 -0.0206  -0.0778   0.0127   0.1446  -0.0096   0.0509
 -0.0243  -0.0963   0.0145   0.1624  -0.0211   0.0685
 -0.0229  -0.0617   0.0037   0.0994  -0.0180   0.0598
 -0.0142  -0.0949   0.0096   0.1884  -0.0068   0.0567
 -0.0217  -0.0784   0.0239   0.1599  -0.0136   0.0798
 -0.0301   0.1629   0.0106  -0.1194  -0.0523   0.1001
 -0.0210   0.0170   0.0300   0.1087  -0.0230   0.0304
 -0.0265  -0.0161   0.0313   0.1333  -0.0365   0.0663
 -0.0162  -0.0247   0.0241   0.1238  -0.0188   0.0547
 -0.0073  -0.0917   0.0229   0.1648   0.0103   0.0250
 -0.0096  -0.1100   0.0264   0.1753   0.0073   0.0402
 -0.0157  -0.0760   0.0181   0.1177   0.0019   0.0491
 -0.0074  -0.1021   0.0142   0.1692   0.0022   0.0072
 -0.0185  -0.1146   0.0108   0.1866  -0.0086   0.0447
 -0.0180  -0.1031   0.0005   0.1216  -0.0097   0.0018
 -0.0027  -0.1234   0.0009   0.1782   0.0089   0.0050
 -0.0144  -0.1409  -0.0071   0.1632   0.0048   0.0245
 -0.0141  -0.1278  -0.0029   0.1160   0.0083   0.0097
 -0.0317   0.0386   0.0119  -0.0460   0.0018   0.0451
 -0.0322   0.0520   0.0299  -0.0010   0.0230   0.0483
 -0.0567   0.1493   0.0248  -0.1527  -0.0161   0.0737
 -0.0316   0.0515   0.0409  -0.0182  -0.0047   0.0153
 -0.0246  -0.0065   0.0356   0.0313   0.0028   0.0133
 -0.0228   0.0059   0.0259   0.0110   0.0011   0.0005
 -0.0226  -0.0279   0.0229   0.1118  -0.0008   0.0359
 -0.0324  -0.0245   0.0207   0.0199  -0.0127   0.0303
 -0.0183  -0.0635   0.0357   0.1023  -0.0039  -0.0130
 -0.0331  -0.0333   0.0176   0.0291  -0.0054   0.0399
 -0.0208  -0.0464   0.0280   0.0764   0.0083   0.0070
 -0.0408   0.1265   0.0041  -0.2312  -0.0327   0.0630
 -0.0282   0.1569   0.0084  -0.1309  -0.0263   0.0177
 -0.0190   0.0840  -0.0067  -0.0488  -0.0070  -0.0018
 -0.0158   0.0311   0.0079  -0.0502   0.0107  -0.0169
 -0.0270   0.1956   0.0171  -0.2018  -0.0109   0.0147
 -0.0309   0.1374   0.0112  -0.1475  -0.0253   0.0145
 -0.0140   0.1211   0.0041  -0.0989  -0.0142  -0.0201
 -0.0077   0.0846   0.0198   0.0090   0.0019  -0.0122
 -0.0185   0.0837  -0.0027  -0.0188  -0.0075   0.0293
 -0.0240   0.0916  -0.0116  -0.0865  -0.0111  -0.0081
 -0.0203   0.0850  -0.0085  -0.0305   0.0034   0.0198
  0.0004   0.3106  -0.0289  -0.3722   0.0231   0.0773
 -0.0036   0.1949   0.0161  -0.1619   0.0288  -0.0159
 -0.0053   0.1092   0.0005  -0.1149   0.0107  -0.0180
 -0.0018   0.0968   0.0007  -0.0695   0.0091  -0.0435
  0.0017   0.0813   0.0000  -0.0267   0.0048   0.0071
 -0.0199   0.1048  -0.0137  -0.1298  -0.0271   0.0003
 -0.0137   0.0878  -0.0019  -0.0877  -0.0208  -0.0499
 -0.0135   0.0793  -0.0056  -0.0603  -0.0200  -0.0014
 -0.0145   0.1077  -0.0185  -0.1149  -0.0294  -0.0117
 -0.0055   0.0759  -0.0083  -0.0395  -0.0216  -0.0295
 -0.0149   0.0844  -0.0188  -0.0932  -0.0187   0.0031
 -0.0048   0.3318  -0.0337  -0.3893  -0.0196   0.0463
  0.0049   0.2185  -0.0316  -0.1839   0.0092  -0.0497
 -0.0024   0.1633  -0.0395  -0.1102   0.0111  -0.0056
  0.0064   0.1692  -0.0408  -0.1606   0.0146  -0.0189
  0.0160   0.1313  -0.0362  -0.0851   0.0289  -0.0489
  0.0049   0.1260  -0.0405  -0.0897   0.0133  -0.0159
  0.0053   0.1417  -0.0432  -0.1638   0.0055  -0.0365
  0.0125   0.1176  -0.0388  -0.0532   0.0014  -0.0374
  0.0045   0.1244  -0.0563  -0.1134   0.0029  -0.0053
  0.0131   0.1190  -0.0408  -0.1094   0.0041  -0.0508
  0.0083   0.1008  -0.0468  -0.0745   0.0033  -0.0090
  0.0051   0.1274  -0.0524  -0.1714   0.0055  -0.0370
  0.0174   0.0833  -0.0515  -0.0744   0.0107  -0.0393
  0.0056   0.0948  -0.0523  -0.1150   0.0042  -0.0231
  0.0033   0.1007  -0.0480  -0.1440  -0.0040  -0.0525
  0.0160   0.0799  -0.0444  -0.0507   0.0147  -0.0333
  0.0192   0.0890  -0.0518  -0.1245   0.0202  -0.0297
  0.0181   0.0863  -0.0464  -0.1053   0.0242  -0.0640
  0.0076   0.0732  -0.0470  -0.0544   0.0084  -0.0102
  0.0139   0.1052  -0.0578  -0.1706  -0.0012  -0.0279
  0.0159   0.0789  -0.0509  -0.0871   0.0150  -0.0445
  0.0147   0.0813  -0.0526  -0.1357   0.0249  -0.0175
  0.0233   0.0789  -0.0463  -0.1398   0.0261  -0.0710
  0.0293   0.0558  -0.0363  -0.0662   0.0420  -0.0586
  0.0350   0.0574  -0.0515  -0.1165   0.0547  -0.0657
  0.0334   0.0592  -0.0539  -0.1522   0.0627  -0.0871
  0.0288   0.0468  -0.0542  -0.0967   0.0458  -0.0513
  0.0278   0.0587  -0.0492  -0.1214   0.0447  -0.0405
  0.0320   0.0747  -0.0567  -0.1456   0.0334  -0.0595
  0.0341   0.0534  -0.0554  -0.0883   0.0358  -0.0636
  0.0253   0.0582  -0.0603  -0.0851   0.0306  -0.0232
  0.0174   0.0685  -0.0681  -0.1417   0.0252  -0.0411
  0.0264   0.0442  -0.0644  -0.0867   0.0324  -0.0654
  0.0209   0.0364  -0.0568  -0.0552   0.0135  -0.0421
  0.0227   0.0506  -0.0623  -0.1307   0.0072  -0.0542
  0.0187   0.1731  -0.0450  -0.2073   0.0228  -0.0340
  0.0220   0.0733  -0.0352  -0.1340   0.0131  -0.0297
  0.0263   0.0713  -0.0392  -0.1176   0.0231  -0.0705
 -0.0029   0.1640  -0.0361  -0.2868  -0.0095  -0.0230
  0.0292   0.0590  -0.0255  -0.1415   0.0237  -0.0905
  0.0162   0.1329  -0.0358  -0.1851   0.0121  -0.0524
 -0.0067   0.3491  -0.0178  -0.4764  -0.0557  -0.0063
  0.0114   0.2103  -0.0261  -0.2371  -0.0060  -0.0916
 -0.0300   0.4370  -0.0238  -0.5467  -0.0865   0.0408
 -0.0049   0.2710  -0.0239  -0.3250  -0.0512  -0.0940
  0.0013   0.1796  -0.0105  -0.1930  -0.0426  -0.0689
 -0.0012   0.2010  -0.0219  -0.2469  -0.0437  -0.0517
  0.0147   0.1775  -0.0229  -0.2068  -0.0299  -0.0902
  0.0086   0.1416  -0.0180  -0.1971  -0.0250  -0.0537
  0.0102   0.1512  -0.0282  -0.2687  -0.0292  -0.0820
  0.0140   0.1076  -0.0287  -0.1884  -0.0275  -0.1091
  0.0221   0.1176  -0.0241  -0.1995  -0.0095  -0.0624
  0.0068   0.2726  -0.0141  -0.3905  -0.0309  -0.0418
  0.0003   0.2038  -0.0112  -0.2852  -0.0409  -0.0570
  0.0056   0.1455  -0.0222  -0.2483  -0.0351  -0.0941
  0.0231   0.1205  -0.0197  -0.1936  -0.0093  -0.1020
  0.0148   0.0884  -0.0204  -0.1718  -0.0068  -0.0601
  0.0247   0.0159  -0.0355  -0.2150  -0.0012  -0.1151
  0.0366   0.0288  -0.0238  -0.1416   0.0045  -0.1263
  0.0352   0.0356  -0.0324  -0.1340   0.0088  -0.0721
  0.0280   0.0513  -0.0562  -0.2099  -0.0053  -0.0955
  0.0458   0.0120  -0.0380  -0.1227   0.0038  -0.1170
  0.0302   0.0086  -0.0437  -0.1368  -0.0040  -0.0863
  0.0392   0.0266  -0.0488  -0.2117   0.0144  -0.1195
  0.0283   0.0081  -0.0367  -0.1144   0.0077  -0.0880
  0.0360   0.0265  -0.0458  -0.1912  -0.0015  -0.0949
  0.0394  -0.0006  -0.0467  -0.1526   0.0003  -0.1300
  0.0277  -0.0140  -0.0464  -0.1081  -0.0133  -0.0907
  0.0342   0.0055  -0.0485  -0.1836  -0.0223  -0.1103
  0.0388   0.0090  -0.0494  -0.1619  -0.0113  -0.1149
  0.0317  -0.0145  -0.0432  -0.1201  -0.0203  -0.0847
  0.0343   0.0111  -0.0575  -0.1789  -0.0239  -0.0872
  0.0417  -0.0077  -0.0455  -0.1259  -0.0202  -0.1167
  0.0392  -0.0306  -0.0469  -0.0918  -0.0286  -0.0839
  0.0362   0.0007  -0.0593  -0.1745  -0.0316  -0.0976
  0.0465  -0.0400  -0.0495  -0.0985  -0.0285  -0.1221
  0.0431  -0.0478  -0.0525  -0.0962  -0.0350  -0.1011
  0.0552  -0.0397  -0.0603  -0.1390  -0.0072  -0.1146
  0.0532  -0.0384  -0.0603  -0.1161  -0.0003  -0.1150
  0.0510  -0.0436  -0.0570  -0.0857   0.0019  -0.1029
  0.0520  -0.0271  -0.0639  -0.1385   0.0068  -0.1169
  0.0507   0.1039  -0.0466  -0.2305   0.0232  -0.0866
  0.0120   0.2738  -0.0105  -0.3715  -0.0302  -0.0196
  0.0242   0.0681  -0.0080  -0.1798  -0.0189  -0.1499
  0.0241   0.0320  -0.0034  -0.1172  -0.0283  -0.1002
  0.0322   0.0550  -0.0142  -0.1714  -0.0239  -0.0828
  0.0347   0.0248  -0.0218  -0.1283  -0.0236  -0.1233
  0.0244   0.0088  -0.0331  -0.1579  -0.0252  -0.0832
  0.0303   0.0238  -0.0449  -0.1903  -0.0253  -0.1174
  0.0395  -0.0279  -0.0439  -0.1093  -0.0123  -0.0974
 -0.0021  -0.0377  -0.0307  -0.3774  -0.0669  -0.1722
  0.0475  -0.1270  -0.0203  -0.0167  -0.0367  -0.1793
  0.0230  -0.1019  -0.0215  -0.0725  -0.0687  -0.1227
  0.0372  -0.0910  -0.0169  -0.0643  -0.0724  -0.1487
  0.0355  -0.1133  -0.0094  -0.0069  -0.0718  -0.1031
  0.0367  -0.0959  -0.0261  -0.0755  -0.0662  -0.0975
  0.0379  -0.1080  -0.0205  -0.0222  -0.0602  -0.1509
  0.0273  -0.1159  -0.0222  -0.0279  -0.0698  -0.1346
  0.0298  -0.1061  -0.0307  -0.0603  -0.0532  -0.1362
  0.0268  -0.1263  -0.0156  -0.0051  -0.0605  -0.1487
  0.0365  -0.1381  -0.0253  -0.0427  -0.0382  -0.1250
  0.0252  -0.1370  -0.0169  -0.0611  -0.0601  -0.1700
  0.0258  -0.0818  -0.0280  -0.0572  -0.0517  -0.0910
 -0.0018   0.2455  -0.0183  -0.4725  -0.1246  -0.0094
 -0.0018   0.1383  -0.0022  -0.2421  -0.0935  -0.1314
 -0.0056   0.0332   0.0072  -0.1295  -0.0933  -0.1118
